67,54,4,18413,414,4,10365,3,8835,542,4,12871,73,4,425,17,96,115,7,23,895,1271,2
16,1081,10,731,6,295,66,1485,2
16,14,31,49,913,5,14,12872,223,23,63,94,2
16,1645,16,21,2208,23,541,188,10,320,1308,711,15,113,2
16,21,2208,188,23,1711,10,175,85,135,113,2
16,109,631,16,21,38,128,147,13,23,1002,95,3,600,11,174,3623,7,1460,5,11,535,13,2765,2
16,631,16,157,2079,598,5,92,285,17,201,2
1117,4,2269,358,2
63,94,18414,2
48,91,2
720,4,11,213,2
15,4,9,36,8,541,2039,235,2
50,933,201,10,2208,92,319,2184,2
9,58,8,1711,238,2
235,2
9,117,8,106,2
845,232,179,2
9,210,8,185,520,2
41,144,8836,2
9,108,8,3106,223,1460,2
41,144,1332,3,972,3,4781,17,132,2
9,320,8,7808,384,938,2
299,598,5653,66,23,7838,2
631,16,1081,615,1223,17,6,441,129,26,267,37,16,41,49,19,1119,3266,186,23,34,14,312,170,3,5,50,242,745,201,615,1223,2
364,4,96,115,13,64,6520,12,117,129,2
7089,3664,7839,3,107,2
18415
6,7,18