67,54,4,18521,10389,318,1141,112,7018,3,3317,12915,6,28,20,221,43,6,385,3,221,5,101,43,271,2
50,46,943,6,30,5,81,6,39,67,35,60,35,6,316,205,3,39,5,127,1003,35,60,35,6,80,39,30,2
61,234,4,249,7,874,646,13,944,161,84,2
30,7,61,234,4,40,14,15,4995,498,13,15,30,7,311,4395,3,417,801,12,3672,5,98,15,30,7,106,3,30,7,494,5,21,3269,3349,37,21,68,1722,12,6,80,121,20,688,10,6,318,499,89,66,15,757,2495,2
6,28,14,8860,17,6,99,493,87,5,89,6,757,163,8861,55,1242,5,6,28,38,15,249,2
6,757,8861,27,6,757,163,98,3,139,1438,13,1485,258,37,16,21,209,291,1453,27,472,2
81,7,182,4,269,17,249,5,459,2
72,17,291,34,3,300,3,375,3,48,34,26,418,2
6,28,98,21,11,798,116,2
16,98,90,15,263,3,90,136,2157,5,90,15,555,2
80,39,30,4,6,28,2034,15,7851,445,27,472,2
39,4,6051,3,274,3,4210,5,289,35,60,35,752,2231,102,101,4,316,205,4,425,23,807,14,1,2
16,14,2254,13,15,133,156,7,4211,3,386,156,900,51,16,14,1515,15,44,63,94,7,18523,2
23,1133,1045,14,98,1035,42,2
207,4,16,14,980,5,410,3,12,11,342,2
16,14,2970,51,128,85,1063,10,1535,2
16,14,642,1634,2
16,14,954,6538,2
23,2151,14,27,23,472,1427,10,757,8861,2
227,4,376,44,2
16,21,11,202,7,62,1040,411,2
23,7019,101,14,44,2
16,21,11,908,2
136,4,332,5,396,2
74,14,11,875,1189,2
11,205,7,4025,2
296,471,7,759,2
44,2471,5,899,2
155,4,91,2
11,1116,1718,2
11,407,26,1065,1718,2
232,737,656,100,2
103,4,2254,51,11,213,26,502,857,2
11,12920,502,2
6,28,14,60,1070,2
133,57,44,783,2
232,3183,878,2
196,4,617,10,6,1008,934,232,1070,2
617,5,683,2
11,243,221,2
16,21,15,70,12921,283,51,14,1064,2
214,4,954,1747,5,131,18524,51,11,246,3,11,1641,3,1482,26,240,2
11,1012,3350,1046,2
11,3033,3350,1046,5,11,202,7,15,860,2
326,327,57,44,2
465,3,92,14,152,5,396,2
3441,4,16,21,15,7851,445,2
4397,336,12,6,1859,2
1058,4,44,101,2
16,14,954,4347,12,23,194,114,51,17,6,372,1678,3,11,202,7,283,5,11,975,93,2
74,14,11,202,7,1297,2
273,4,928,204,2
642,1634,13,128,2151,27,472,2
779,4,1883,72,13,232,779,1256,2
457,172,4,48,738,20,359,75,111,11,202,7,62,411,3,11,202,7,15,854,2
517,7,23,291,1453,3,15,4396,20,359,51,74,20,11,202,7,737,633,444,5,11,202,7,8862,756,2
16,38,15,1629,7,2688,51,376,44,2
74,20,98,11,202,7,648,2
1145,111,15,338,239,13,128,1452,563,5,1552,84,2
302,1145,20,1129,13,301,175,5,74,20,11,173,84,2
23,696,785,20,12922,13,15,824,7,1979,2
23,1348,3,392,5,347,35,60,35,63,366,20,44,2
2083,5,1941,3,98,44,2
1012,400,154,3,44,2
1425,111,1520,2734,10,785,696,763,5,98,21,3519,2
340,1598,12,230,4,355,12,6,318,499,543,7,247,633,2
63,587,5,336,587,143,781,2
6,28,20,1442,126,19,2786,907,3,20,138,1126,3,469,19,1133,5,20,52,1959,2
465,3,15,336,587,20,781,35,60,35,63,587,2
15,4995,498,13,15,30,7,311,4395,3,8860,3,98,21,15,30,7,106,121,21,68,1204,249,3,459,3,1267,3,7095,5,944,161,84,225,6,99,8864,552,27,23,757,163,121,61,132,13,3442,2
587,359,3,907,138,3,247,633,138,3,1126,138,2
316,205,57,44,2
278,9,158,451,8,4,39,2
603,505,4,3442,2
566,9,158,534,748,261,8,4,6,28,14,530,10,52,162,10,6,39,594,2
6,28,14,162,10,6,39,594,12,211,534,2
747,198,331,14,2040,2
1218,18525,4398,6539,3,107,2
12923,18526,18527,533,43,4,4398,6539,3,107,2
12923,250,31,81,43,262,331,250
7,9