67,54,4,18819,8910,39,224,281,297,262,4,609,18820,10473,3,229,2272,4,3165,4063,3,229,281,4,2925,5305,3,229,39,3561,4,2732,2457,3,18821,18822,2
28,414,4,7135,3,4062,509,47,4,10462,54,4,18823,56,426,4,503,17,164,19,18824,282,4,28,14,15,1578,1741,2
358,13,256,621,735,938,3,458,3,5,142,121,61,10,4229,35,15,688,66,13022,4207,124,13,15,505,7,10474,1158,2
6,28,20,162,10,13022,4207,13,15,30,7,3413,34,37,1196,19,1102,2552,2
16,20,514,10,46,18825,1419,5,526,62,6073,13,13016,19,1102,4764,2
866,10,40,16,387,15,5324,7,207,291,34,267,65,525,5,16,20,55,10,46,15,1194,5,301,118,12,23,2083,5,1941,444,9,18827,5,18828,3,2519,8,3,801,35,199,315,6073,1158,5,688,10,4229,17,268,355,2
609,3165,4063,1509,10,201,1696,62,1855,5,13,689,7,23,241,570,37,16,21,5058,5,1158,10475,37,46,828,35,1129,10,23,99,241,12,1102,8903,2
6,540,7,1436,1487,13,18829,4189,3275,1280,7,1158,18830,20,1509,10,201,5,16,20,2448,2
16,41,52,62,2362,117,65,169,10,164,17,2743,66,452,10,676,816,3172,340,2
16,14,61,191,60,3,13,11,249,26,362,34,2
16,14,724,60,5,21,369,10,23,44,2733,2
674,4,110,1940,621,735,938,3,458,3,142,3,287,56,2501,4,619,3,2500,56,254,4,218,171,22,32,452,108,22,276,236,171,22,32,2
127,4,790,56,102,77,4,644,4,455,9,329,8,2744,3,217,1459,133,3,3195,1940,735,2443,1213,4,1304,214,4,214,152,2
16,14,492,396,2
531,4,11,18831,2
56,689,4,36,2
506,4,100,997,792,3,11,770,737,845,6,7144,221,2
58,2
241,570,66,1779,7,214,4,275,8911,12,6,10294,7145,5,2688,12,394,6,4064,5356,35,60,35,6,6075,813,2
117,2
241,570,66,18832,27,4229,4,1057,377,12,291,8911,84,3,13,694,387,7,15,1214,123,3453,123,2906,632,60,5001,1799,574,10,6,3333,2
210,2
241,66,18833,4,11,173,84,12,4796,243,574,10,6,1158,18834,5,18835,372,543,13,10475,2
7887,2
2181,97,2759,2
2578,4,1578,1741,2
358,13,10474,1158,75,14,31,2072,10,3117,355,18836,278,2
18837,2407,3364,10477,254,2
7146,452,8912,676,1685,139,578,149,9,144,1067,3,905,8,13023,353,2
28,21,68,221,43,3165,4063,3,2272,385,18838,281,297,2925,5305,3,229,4229,164
3,7,12,13,15