67,54,4,19438,2892,19439,168,55,281,297,28,4,5317,2737,542,4,19440,54,7,168,4,19441,153,262,4,64,2512,426,4,263,3,307,3,1831,13258,1634,282,4,79,14,15,5403,522,13,1205,19,1230,110,861,761,1634,2
18,21,38,15,263,17,225,6,80,113,2
11,249,29,11,1181,1166,2
98,146,36,65,7,1371,994,3,132,538,5,965,817,19442,19443,80,113,2
24,4590,9,440,210,8,21,38,15,19444,1585,2
24,491,14,15,2792,5,21,1367,24,15,13258,123,58,75,18,21,1831,5,1023,1758,24,15,228,7,2404,846,19,13259,2
99,821,19,10533,29,2087,19,9036,2
19,61,10,6,230,24,701,143,4,19445,19446,19447,19448,42,658,2
1045,377,10,2229,42,19,3180,12,481,7,2142,10,19449,2
18,20,343,13,247,613,755,1634,5,613,1211,25,2
1045,265,10,1137,42,3180,2
153,1180,172,24,5,18,41,46,820,40,272,2
18,20,162,10,1109,17,268,172,2
579,4,35,270,2
11,48,34,2,367
407,89,2
329,307,2
11,4261,2
11,277,2
11,1636,3,762,2292,2
329,19451,323,2
674,4,36,2
1205,1086,10634,19,821,29,161,315,53,5,70,861,761,2459,5,3193,3,75,46,1831,2
650,4441,17,6,80,210,87,2
58,2
142,117,2
881,4,194,114,881,2
40,20,4248,19,3204,10630,9,64,5102,8,3,51,18,90,725,2
210,2
187,322,894,290,10,4664,346,2288,4,13251,10,13252,30,2550,5402,4259,5,3832,261,5,4260,1143,2550,9,2034,15,2776,8,2
11,5402,34,2
11,779,164,2
320,2
161,315,10629,2396,9,11,7985,8,17,703,76,2
13253,526,53,9034,17,6134,2177,9,64,7206,8,2
539,2
161,315,2790,2
615,2
13254,18,20,343,17,3697,2913,2
929,2
1044,260,5,3209,2
137,254,4,491,31,61,29,160,10,19452,19453,1839,729,3053,2162,930,127,4,4262,5743,6634,403,4,1929,206,30,4,919,10631,27,10632,2
2306,2
245,1272,2
21,491,12,6,548,9,15,2792,8,2
11,238,2
102,101,4,77,4,701,4,19454,19455,19456,13260,5744,2060,42,19457,207,4,227,4,1806,3,863,3,797,2
1042,220,19458,3,11,685,26,1050,2
196,4,11,277,136,4,332,3,217,216,968,222,3,11,879,26,635,3,11,638,48,4,4357,876,12,70,194,5,794,155,1412,3,53,518,91,3,11,407,1910,4,455,409,304,310,3,11,1099,362,4,409,588,3,152,3,979,1714,4,11,1379,217,1032,82,100,352,4,4085,3,1010,409,532,4,1290,4,19459,7990,19460,7991,705,2375,2152,592,3156,9,83,8,3669,9,83,8,869,231,1137,9,59,8,769,6486,9037,9,59,8,392,5745,9,83,8,2337,9,83,8,888,3833,9,83,8,4807,9,83,8,870,231,3010,7990,7991,399,4442,1179,2221,22,2679,9,83,8,1077,1649,1791,1389,1506,4619,1388,2078,1938,2750,9,83,8,2967,4242,9,83,8,2289,1880,7990,7991,1565,625,1527,1299,1566,4838,9,83,8,1077,1649,1791,1389,7990,7991,1579,3472,9,292,8,2444,1947,9,83,8,926,1188,1883,4,7990,19461,349,4619,333,7138,653,547,536,7992,1125,1277,42,1209,547,9,83,8,264,4,506,4,1444,5,525,48,13259,2371,4,13261,2
74,57,381,100,997,792,2
74,14,15,301,70,194,6,1443,1991,75,197,10,6,130,1876,2
40,166,1282,15,70,2191,1443,854,2
74,14,2989,1926,7,15,7993,1518,2
6,130,14,985,2
6,3128,1298,14,569,2
74,14,211,131,3898,1769,1966,5,4395,7,6,2068,1080,2
177,4,924,3,409,694,3,409,1090,3,538,1865,5404,10,1016,2578,4,5403,522,13,1205,61,13,19462,263,5,6635,1353,19,506,2
36,8,1353,4,4639,1592,2077,29,6635,1443,19,506,2
144,19463,1898,2
1435,1590,193,29,19,4867,597,603,2
58,8,1205,4,153,2040,29,821,12,272,13262,29,19464,1166,601,215,29,791,3053,2
117,8,644,4,325,4,367
7211,1865,4,1471,898,3,19465,13263,1839,1342,4,19466,42,29,821,12,272,29,13263,19467,17,148,210,8,1927,4,110,13144,12,230,29,1854,592,108,8,5391,4,815,3,676,320,8,726,4,296,7112,19468,19469,47,19470
6,7,12,14,20,53