67,54,4,19754,528,19755,198,599,404,17,112,4,1904,103,593,169,10,619,694,30,4,528,168,55,17,64,4993,40,14,62,1490,87,302,358,13,212,3,151,3,142,3,287,3,5,1319,121,61,17,1904,103,593,17,3934,7,62,614,251,3,75,20,469,12,6658,12,6,481,7,62,2095,2
40,593,14,12,3086,17,104,619,43,64,6659,19,13375,2
293,4453,82,103,30,1196,12,6658,3,186,16,20,4883,4568,2
27,37,85,3,16,387,616,3,990,5,300,2
16,1031,6504,5,38,62,255,7,611,75,99,620,108,435,2
23,417,177,111,36,643,2357,12,645,3,1016,5,1415,5,36,643,2357,12,2773,5,2445,2
62,177,3774,435,525,111,62,118,12,2357,12,6,811,1036,5,2357,12,2611,10,2445,13,15,3115,7,210,643,12,2611,2
16,636,387,48,34,2
62,318,103,593,27,37,85,111,15,53,1264,13,2859,443,76,2
6,309,38,15,637,382,42,260,2
6,1757,38,794,171,42,717,76,2
6,2433,2794,38,15,3526,243,7,388,42,2
6,614,20,742,5,2199,5,38,15,637,283,388,42,260,13,7192,2
138,571,461,3,15,755,123,12852,3433,20,469,949,6,637,614,13,5,1349,295,2
23,1263,897,20,13111,405,37,168,2
62,713,582,27,37,85,20,15,4884,1063,264,3,75,111,717,811,2537,2
16,20,261,163,12,6658,12,211,534,5,513,13,64,6659,12,23,668,10,235,284,619,2
92,20,1824,37,6,28,546,46,15,390,103,593,169,10,6,619,10,1964,1153,614,3163,14,61,2
16,14,286,503,10,46,619,13,64,6659,19,13375,2
6,28,21,68,190,60,27,163,66,15,103,3573,2
16,90,88,48,34,3,437,3,616,3,975,93,3,739,3,760,3,26,611,2
16,109,146,128,100,1423,725,3,55,37,16,368,321,223,829,2331,397,16,21,10,488,507,10,248,34,2
16,90,88,1346,34,2
80,39,30,4,36,2
212,58,2
151,117,2
142,210,2
287,108,2
1354,2
320,2
209,153,765,39,274,799,25,105,1262,799,25,69,2533,901,25,105,236,1632,25,105,754,4885,1104,909,108,435,167,48,34,423,1269,25,105,8032,829,22,69,3177,549,105,1253,105,84,10,127,1807,33,1105,4,263,257,81,259,150,30,4,23,573,583,27,6,440,7,1973,66,15,431,2
23,661,583,66,874,646,12,23,3258,2
23,848,10670,2569,2
23,723,38,15,431,27,6,440,7,19756,16,38,58,251,469,2
206,30,4,2091,699,19757,21,15,5973,1308,87,30,3,334,223,171,87,183,2
16,728,223,1014,2361,7,3946,135,113,2
16,90,88,1113,357,157,2
16,14,920,13,58,727,2
16,14,15,747,1166,355,5,21,68,191,470,17,6,80,7254,87,2
81,7,182,4,814,4,11,249,3,459,3,421,970,227,4,11,841,26,889,84,1213,4,11,263,3,407,3,26,1753,103,4,122,282,361,4,11,300,3,375,3,291,34,3,446,3,1366,3,26,12858,135,3109,1309,4,11,796,26,1235,1010,4,598,1354,34,12,23,100,764,13,11,174,1013,26,3161,352,4,11,616,3,611,3,555,3,26,697,102,101,4,2793,4,10701,44,3,266,341,1612,4,335,145,2102,2
156,4,680,2478,3137,4,1483,12,2
2182,4,4265,842,2
1665,4,1789,358,3,1417,12,859,12,480,1877,4,1124,797,1674,4,11,910,2
216,1053,5,1700,409,3,11,222,26,5764,213,2
1613,4,91,10,463,100,2
1502,4,455,2
304,5,310,44,2
11,1162,3,1094,3,213,3,561,3,26,502,2
1614,4,152,3,396,2
11,3356,26,3789,2
11,222,2
1595,4,11,93,2
217,562,13,11,222,100,2
433,3265,100,2
2540,4,15,78,1071,29,1117,123,117,2
5317,2
1546,4,70,19758,19759,1664,95,149,4,1817,54,705,592,869,769,392,888,870,9098,3702,3010,6161,19760,3028,2846,19761,2401,1012,5,1158,898,54,1565,1527,10702,996,2148,4886,54,1579,2444,926,580,9099,2451,3703,2381,586,1185,54,333,349,536,9098,4273,4086,3704,2613,54,79,1074,1067,9098,3528,1293,5390,4887,54,1284,19762,10703,174,54,560,9098,5388,192,5,104,4,40,14,62,1490,87,302,358,13,212,3,142,3,287,3,151,3,5,1319,121,14,110,3433,10,6,614,13,1486,6660,76,121,61,17,1904,103,593,17,172,7,6,614,251,169,10,104,619,441,113,2
19763,13,103,593,89,33,16,41,52,4171,13,3652,5,2961,2
138,23,153,400,2
2298,252,5,1163,2752,160,10,488,423,138,3961,164,441,113,2
1546,1303,365,19764,41,450,405,6,540,3,1237,23,39,35,160,2
268,420,135,64,4993,9100,2155,6554,3,1444,205,867,43,9100,2155,6554,3,1444,607,161,4,603
2,3,4,5,7,9,10,11,12,15,24,25,27,50,87