67,54,4,13496,6186,3,2925,8065,20134,4896,5779,3,107,2
7277,2760,198,599,20135,2917,1073,8063,3,1867,8064,882,64,5779,4,50,237,166,10,745,360,903,19,1025,9141,28,2925,6186,2
35,360,731,3,50,510,24,10,6,103,593,457,517,7,626,627,695,5,15,429,154,508,574,325,2
119,582,15,593,19,20136,2
119,4753,6,70,1459,120,17,902,2
119,514,37,18,387,15,173,4289,3163,243,630,6,356,469,2514,3711,251,2
40,14,13497,6,646,7,24,116,2
119,143,449,10,343,40,243,13,2627,1156,5,2863,251,13,15,1646,123,900,4646,3711,251,2
6,251,20,12907,13,15,210,643,2700,2627,10,365,94,2
6,603,4394,295,20,1349,2
6,96,495,18,20,191,334,60,5,119,261,24,525,12,6,65,2
18,41,557,19,24,712,39,5,50,46,429,6,1511,7,557,19,203,711,15,65,17,6,2502,7,24,2733,5,423,17,15,5077,7,15,87,139,40,540,3,693,50,41,166,3411,6690,340,2
50,104,19,122,24,465,19,20137,12,903,2
134,360,46,88,268,664,641,24,198,3,395,191,31,1837,10,732,271,2
1015,3,497,13493,662,13494,3,229,746,20138,3660,806,4,9142,825,4,9142,843,4,9142
2,3,11,19,26