67,54,4,20101,7277,2760,198,599,20102,8062,2780,6186,3,2925,8063,3,1867,8064,8065,9,10761,8,10762,20103,30,7,61,328,4,6,28,14,15,4995,428,121,468,12,17,903,139,15,95,13484,345,572,154,5,174,39,147,2
147,4,36,2
71,324,2
24,13484,1738,20,9793,2
11,173,1393,26,1968,2
58,2
287,2
18,21,31,3272,19,1052,2
11,762,2292,2
117,2
106,2
11,48,34,3,226,7,184,3,616,2
39,4,36,2
203,547,22,337,2
105,2
58,2
913,279,22,337,2
105,2
117,2
218,141,22,337,2
105,2
210,2
729,141,22,105,2
108,2
736,125,22,421,2
81,7,116,4,11,173,140,84,3,3969,205,26,116,3,555,3,2766,889,3,2236,3,263,3,226,7,184,3,300,3,291,34,3,4186,3,446,3,796,3,1393,3,196,277,3,1368,3,618,34,3,26,741,323,2
102,101,4,6,28,14,12,11,199,342,2
63,94,20105,3,140,7278,624,3,130,156,1000,5,145,3,2551,1,2
48,4,91,10,1051,5,463,2
114,4,11,93,2
192,5,104,4,36,2
71,324,2
6,28,41,369,10,5004,85,13,15,71,2160,3,20107,4683,2
510,17,1335,5,2728,172,2
398,5,336,17,3603,890,2
348,912,964,501,22,337,2
105,41,52,417,2
58,2
287,2
19,516,2
117,2
106,2
41,118,218,10,125,22,337,2
105,2
210,2
280,2
18,21,1261,170,624,223,75,50,8068,24,2
1175,24,10,191,312,5,465,10765,2067,10,6,4757,1226,40,147,5,24,174,39,147,2
497,4896,364,5779,3,1689,3,6689,2
746,20108,8067,806,4,13485,825,4,20109,843,4,13485
4,6,7,11,12,13,15,20,23,28,51,58