67,54,4,20172,6189,1609,297,668,112,451,609,4290,1476,2058,302,428,13,142,3,3932,619,3,2605,468,12,17,96,115,7,153,2138,359,17,172,7,153,765,5,424,365,2896,18,20,124,12,6194,17,15,1097,199,3604,7,153,400,5,2867,2
27,37,85,18,20,933,10,3565,218,5,2840,2
24,153,400,753,10,265,13,37,993,693,12,871,1663,24,6063,4466,15,1928,2
6,2063,21,68,122,24,27,163,2
1427,10,6,28,24,148,21,68,484,44,408,2
18,5,24,491,468,12,132,10,81,295,7,6,95,153,2138,2
677,57,122,271,517,74,143,11,1089,1382,17,24,13,24,451,2
18,90,88,48,34,3,226,7,184,2
1059,14,232,2
18,21,68,527,10,1358,1199,365,12,663,51,18,14,31,1671,223,6063,6195,7,1087,1199,2
18,21,68,49,218,27,6,1122,228,159,24,20173,12,2489,5,21,68,49,2574,17,2605,17,170,87,2
39,252,9,947,478,8,13513,45,2812,49,36,45,9,73,8,25,32,1253,9,906,8,36,568,25,32,1798,2336,9,754,2336,9,1160,22,8,8,36,298,1104,13514,1644,123,117,4874,782,799,45,49,36,45,9,73,8,25,305,930,9,1868,8,1801,568,49,36,568,9,73,8,25,276,123,180,65,236,9,800,8,378,45,49,36,45,9,73,8,25,276,274,799,45,49,36,45,9,73,8,25,32,3,157,1746,20174,2597,9,6680,782,8,686,45,49,36,45,9,73,8,25,32,147,181,120,76,4,7282,1021,6490,20175,269,17,9151,5,131,2239,20176,2
3932,619,123,108,2489,266,188,34,4,679,3,6482,1080,20177,29,2682,3,11,1044,260,3,1117,1657,3648,2
3209,4,64,6138,96,2
611,4,921,31,91,29,367
2505,2
958,2605,4,64,6138,34,12,618,4,131,1920,84,27,6,20178,618,2
6196,4,6488,3,211,199,153,371,4,650,2840,5,1176,538,3,6194,540,103,556,466,164,4,181,120,556,466,85,1811,9,53,281,6584,120,10,53,574,2880,3,1911,2210,813,10,789,53,1529,5,789,2880,120,3,1911,2210,813,10,2250,5,3335,20179,8,2
127,1223,33,291,453,3,1846,33,361,1896,3,1765,33,277,3,2751,1547,33,874,1690,141,5138,5139,22,33,874,2751,33,3216,139,10774,3,5783,33,5784,3,218,33,153,2872,545,4,148,3126,187,5,59,303,983,364,335,1752,11,910,2
48,14,91,720,4,455,3,11,832,3,502,2
11,93,2
295,1340,77,1397,4,20180,146,161,4,603,317,4,2138,7283,434,4,20181,5665,272,424,146,4,20182,4,2138,153,329,78,33,56,56,56,56,56,56,56,56,56,56,56,56,56,56,56,56,56,56,56,56,56,56,56,56,56,56,56,56,56,56,56,56,56,56,56,56,56,56,56,30,4,153,120,260,3,199,153,371,505,4,20183,146,101,4,2138,153,120,540,4,2138,7,6,1518,5,153,120,20,564,1427,10,2831,499,1638,2
7283,689,143,564,5,1855,2
461,4,6,3823,3,4037,5,5731,57,883,2
74,57,100,1513,153,120,2
74,14,15,504,3027,504,260,7,6,70,153,120,3,5,6,53,153,120,14,2248,883,2
6,3380,291,20184,3,35,678,3,57,569,2
74,14,15,1525,53,13515,813,2
339,504,260,7,6,70,153,120,317,4,20185,3,861,434,4,9152,2706,973,30,4,307,5,616,192,3712,146,30,4,664,3712,2
689,66,62,1321,264,7,6,861,5,6,931,143,6102,2
74,57,11,169,264,17,2371,2
394,861,57,44,12,978,5,1417,2
6,70,861,1370,4251,5,6,53,861,1370,3529,632,12,13516,4686,2
11,3712,26,2199,3380,240,57,221,2
1005,1049,7,15,70,10775,2617,2
6,931,14,504,1747,97,10776,243,2
339,11,3712,2
20186,20187,20188,20189,705,2152,1618,592,2807,9,83,8,3669,9,83,8,2807,9,83,8,2105,869,2616,2667,769,13517,9,59,8,7783,392,1872,9,83,8,2846,9,83,8,1713,9,83,8,2021,9,83,8,888,955,2044,9,83,8,2845,9,83,8,1857,870,1137,447,5009,9,83,8,9152,9152,13518,13518,20190,705,1618,2647,1952,2451,592,2906,3028,1853,3054,9,2049,8,3337,9,83,8,869,2912,2030,2293,2616,769,4806,6056,6197,6523,392,2277,9,83,8,1232,9,83,8,1428,9,83,8,1578,9,83,8,888,2044,9,83,8,2394,9,83,8,2592,9,83,8,2845,9,83,8,870,447,2054,20191,20192,20193,20194,20195,705,1840,3702,1840,2647,592,1944,9,83,8,1853,1888,2906,869,2030,2293,2616,2030,769,9153,10641,6056,1413,392,171,9,83,8,1958,9,83,8,1695,9,83,8,1716,9,83,8,1695,9,83,8,888,1932,1537,9,83,8,1857,955,1774,870,3765,9,83,8,2073,5022,9,83,8,1733,20196,20197,20198,20199,20200,705,1952,2647,2647,2451,1840,592,3156,9,83,8,2105,3156,2906,1888,869,231,2667,2912,3010,967,9,59,8,769,20201,9,59,8,1469,279,1469,1907,9,83,8,392,2253,9,83,8,2148,9,83,8,279,9,83,8,1299,581,888,1537,9,83,8,1715,1492,1774,1492,870,1733,1183,853,388,1914,9152,2585,1706,20202,91,2452,72,2736,72,2635,72,2920,10777,2372,72,1838,2482,6106,72,3185,72,2453,72,1886,433,3786,1323,3354,1323,3186,3014,3355,72,3676,72,1427,10,261,1351,7,124,12,6194,3,336,20,72,17,5717,2
15,4,1476,2058,302,13,142,21,38,3604,7,153,400,159,2489,186,18,1196,49,2002,6444,13,2574,2
6,646,17,312,199,3604,7,153,400,12,20203,5,465,12,871,1663,14,885,2
18,21,31,68,49,88,2574,158,3841,2408,2
50,191,887,704,6,504,153,120,260,14,15,173,9154,10,153,1029,5,24,148,14,404,650,6,2002,2
364,4,24,491,38,1087,664,223,1146,40,317,7,484,6198,408,3082,5,223,7139,2
50,1101,10,1509,6,1976,1226,153,1070,3,153,400,3,5,10,1260,24,223,6,20204,7,2002,17,148,5,24,130,9,24,491,14,3106,37,24,130,41,2103,134,18,109,887,49,6,2002,8,2
50,933,24,37,92,14,13519,17,24,10,49,88,2574,2
50,508,37,15,153,4109,237,52,575,12,1964,6,3740,7,153,120,76,12,24,153,1029,2
1007,24,13,402,1003,7,266,5,365,6063,1199,2
144,1697,3,153,400,3,1179,3,399,5,1388,89,2
41,235,5140,278,13,609,4290,2
18,21,62,1089,13,609,4290,19,10778,2
3027,7,112,20,1288,435,2
1426,8078,1028,9155,3,107,2
2,3,7,9,10,11,12,25,44