67,54,4,20152,1579,3511,9,292,8,7249,9,83,8,8838,9,83,8,10771,9,83,8,2444,215,926,1364,580,2152,439,4,212,3,5296,749,609,13509,7,528,3,121,18,631,5073,24,19,252,5,1104,1798,2
631,933,10,262,103,977,58,123,113,3,51,37,15,757,525,933,24,18,242,887,160,92,2
1089,13,201,401,8074,2
749,3063,2
464,299,380,529,12,1122,1780,2
1268,170,3,209,266,188,17,141,87,2
96,43,64,6138,17,117,87,2
2682,19,679,5336,5,933,7,3209,2
157,1816,2534,25,305,2
31,1671,223,13510,58,1707,157,12,6,80,5,2677,1049,1520,20153,2093,186,235,40,483,3,20154,20155,20156,2
55,958,290,10,20157,1648,5,14,31,391,60,2
245,1272,2
773,17,128,4111,2
545,4,7281,12,480,63,94,4668,807,133,1217,386,156,718,880,2012,140,4465,948,155,91,188,11,5781,26,563,720,455,1270,3,11,213,114,11,634,93,873,4,36,8,6511,41,981,17,5725,66,64,13509,684,4,23,1377,2
482,1190,266,228,1860,1796,3,159,148,14,15,1103,2
160,20158,1775,194,7,520,2
27,441,112,3,390,520,3,5,482,236,2
58,8,188,6587,1403,74,14,128,10772,3,51,28,14,2170,66,52,449,10,2431,40,2
17,132,3,878,20159,5,96,1667,2209,18,878,2
55,12,67,7,28,1066,10752,3,75,20,138,10,24,397,43,64,6138,2
237,1358,134,284,2
117,8,20160,4111,108,22,47,558,22,3,167,2
2865,1331,27,441,112,134,828,2
210,8,12769,41,20161,838,27,441,112,2
1521,320,113,1521,320,113,56,56,56,56,56,56,56,316,205,56,56,56,56,56
10,11,25,35,45,70