67,54,4,23658,528,9587,424,599,404,17,112,4,15,1912,2058,302,498,13,212,5,899,2776,30,110,311,330,2731,82,162,139,1904,103,78,1071,29,1071,29,330,1531,5,8390,23659,2
694,30,4,28,14,15,4030,13,4258,23660,725,6,667,7,1652,3,16,550,344,321,223,279,764,397,1204,34,2
288,2135,82,275,187,2135,894,66,9313,10,9190,5,59,2135,894,66,6868,10,7827,2
62,2138,275,6566,1523,12,6,1434,1510,3,215,42,53,1558,1510,5,664,7,76,12,70,281,1510,29,171,10,335,42,1434,562,5,171,10,215,42,260,312,443,13,335,10,586,42,1917,53,1621,2571,2
16,38,15,486,1559,574,6718,100,13,335,10,382,42,6870,548,76,5,365,1616,789,1591,19,6,70,5,1559,789,1591,19,6,53,2
23661,16,20,162,13,695,5,826,319,17,62,431,2
15,103,593,275,215,42,741,4904,243,3,794,231,42,309,243,3,335,794,1757,3,8391,4195,3,7254,2199,614,443,243,13,62,559,7,1188,42,2
16,21,68,343,39,97,88,268,695,2
2
6152,330,1531,275,7521,42,23662,243,3,23663,8390,260,3,7521,59,5160,243,3,486,1559,59,27,78,1071,29,1071,29,59,79,3,187,5222,335,42,243,3,23664,7521,637,78,1071,29,1071,29,23665,794,76,3,486,1559,187,27,78,1071,29,1071,29,187,79,3,7750,187,3608,2
6,23666,20,343,13,23667,320,123,335,251,3,6,187,5222,243,20,343,13,14726,6586,320,123,900,251,2
23668,16,20,943,17,330,1531,75,275,180,42,23669,8392,3,23670,4583,9592,76,3,187,1621,14732,3,10,23671,5,6238,3608,2
6,637,187,1621,20,343,13,1676,3,794,20,1972,13,23672,159,286,16,21,1204,380,5,427,529,598,606,1104,1848,13,1734,2
12,475,3,16,21,1204,307,13,1625,2429,51,90,307,13,48,34,2
16,98,21,68,1204,725,13,53,248,984,306,70,75,21,68,1468,201,66,582,288,2
15,1011,1021,20,359,23673,834,16,288,17,117,435,2059,896,2
16,640,7,1069,248,725,5,48,34,5,1466,2304,19,6,2497,517,484,23,248,1758,319,408,2
689,275,574,3,1362,5,2239,325,35,60,35,62,559,7,2381,42,5,574,5,2239,4077,2
609,3681,1627,201,19,2169,7,14733,3,313,3,16,387,1171,5,92,20,488,2
16,20,510,17,103,5,330,1531,2
3512,103,445,146,275,10,309,13,443,309,2050,66,614,2511,9,886,66,356,445,8,2
330,1531,20,582,5,11454,20,582,10,6,8390,17,8392,35,60,35,8368,23674,251,10,8390,5,2514,23675,251,10,6,23676,4699,2
16,953,19,7219,2
23677,2
12,480,2
80,39,30,4,36,2
142,2
58,2
287,2
117,2
212,35,270,210,2
2776,35,270,108,2
317,58,151,9,1284,1945,99,113,8,320,2
330,23678,681,476,159,1783,930,2
539,2
283,2913,33,99,2290,1604,343,13,706,615,2
812,929,2
1354,2
141,2
363,2
996,2
1157,33,1624,343,13,2822,2501,4,7522,1416,1069,1487,110,59,2835,1093,11455,14734,17,209,2835,1769,127,4,14735,4955,14736,874,11,247,23679,127,254,27,163,9,66,28,1002,8,348,945,22,25,69,930,1142,22,25,69,2822,36,22,25,105,218,755,22,25,11456,784,707,279,22,25,69,2597,447,22,25,305,2456,36,22,25,69,736,125,22,25,11456,423,447,22,25,11456,252,462,22,25,105,1286,4510,22,25,105,1384,171,22,25,69,1104,1848,4521,1314,69,127,4,357,1105,4,1846,646,361,1896,2
1223,646,2338,150,30,4,269,17,212,9,5155,6551,38,431,3,51,31,14718,8,2
269,17,151,9,661,8,2
72,17,88,374,150,256,3417,26,881,2
573,245,10,382,206,30,4,919,11441,7523,2
1732,33,23680,17,87,3,200,123,108,13092,3,1494,7524,132,11457,19,4521,334,1602,485,157,620,996,87,183,3,357,33,200,920,3,117,727,3,245,12,11440,11,288,3143,7,725,81,7,182,4,90,23681,33,146,598,63,12,554,13,2913,2290,102,101,4,5850,4,1612,4,1364,2102,2
156,4,856,2182,4,6871,842,2
1665,4,11,199,342,2
2251,4,11,277,3,797,2
1877,4,569,1674,4,216,217,97,222,2
1613,4,91,574,1502,4,304,5,310,3,11,9593,1614,4,44,326,327,3,152,5,396,3,13,11,1128,26,240,857,2
1595,4,70,562,2598,487,78,1071,29,50,3,487,367,364,367,79,9594,33,53,562,433,3,329,222,3,3265,9594,2540,4,15,78,1071,29,1117,1200,1546,4,23682,177,4,1664,95,149,4,345,5822,3,392,1352,3,1962,1293,3,705,1840,3,592,3156,3,349,3829,3,333,9314,3,536,4654,3,905,1492,3,79,141,3,1067,1716,192,5,104,4,192,4,15,1912,2058,302,498,162,139,1904,1531,5,8390,23683,104,4,162,10,528,2598,319,89,659,809,17,1897,552,315,3078,1543,8340,145,165,134,160,772,520,12,272,2527,82,3,865,238,2389,278,1019,982,12,272,33,268,104,135,262,8959,7525,3,2178,3,1203,205,867,43,8959,7525,3,2178,3,1203,607,161,4,603
2,4,7,9,10,11,12,13,15,16,17,19,21,25,26,31,48