67,54,4,24005,668,55,2821,3,5226,509,47,11519,24006,2387,77,2
1150,532,5,1057,436,4,132,1912,3,1151,23,311,39,147,3,16,86,10,5004,1826,12,4222,5048,5,557,404,308,2
551,244,575,12,2741,999,911,5,575,13,65,10,65,483,2
1889,24007,39,147,4,36,2
436,936,2
412,77,2
86,10,420,1908,77,13,64,11520,2
1512,1244,1260,3,5195,1600,2
1112,781,2
58,2
1468,1331,2
86,10,6321,12,15,5484,3,11,541,3,11,1711,2
1260,145,196,144,2
1358,7,5531,2
779,77,193,2
238,161,4,200,1095,2
554,1084,154,4,163,13,554,1084,1553,2
147,4,36,2
212,2
16,86,10,191,334,60,13,11,202,7,137,116,7,695,2
16,14,110,619,5,372,95,110,251,443,1757,5225,2
58,2
458,2
16,21,170,937,1937,13,209,458,2
23,372,95,1132,11079,3,111,15,170,363,1038,589,400,13,1505,559,7,180,42,13,2490,2537,5,11515,5061,13,504,1038,985,5,131,2383,1562,13,53,585,985,3,989,621,2908,3,131,3706,5,565,293,1151,40,3,159,299,19,15,211,228,7,289,5,3056,3,75,20,1190,405,23,124,17,458,12,5225,3,16,21,359,60,5,137,90,116,7,739,3,760,26,93,2
117,2
110,2300,2
16,14,110,95,168,10,786,3,24008,868,24009,17,938,7,23,103,5975,2
16,242,60,97,698,5,16,86,10,96,115,64,2741,19,15,145,1721,2
16,21,38,11,4593,3,3407,3,75,21,68,1496,26,75,21,646,2990,7,23,2300,2
210,2
110,4948,2134,17,1673,338,771,3,9626,2
86,10,191,60,3,465,3,13,976,450,43,64,2741,2
108,2
106,2
63,94,14,1349,19,137,389,5,41,86,1122,2
2821,3,5226,509,47,11519,3278,1225,1651,3,3067,320,2
71,324,2
16,86,19,818,1325,3,1854,23,353,5,288,35,681,35,16,14,449,2
16,109,31,450,366,2209,51,16,146,186,16,109,46,1485,359,3,366,57,2230,772,9627,5,11,116,7,1292,2
41,144,865,5,336,17,1971,1461,89,2
539,2
2440,354,76,2
16,14,110,2238,690,3,14844,13,131,1486,2151,5,70,518,323,51,21,38,11,301,273,927,2
23,372,95,216,120,3131,264,20,66,4667,3,111,15,8409,42,260,7,6,6825,51,50,191,887,1466,841,15,222,19,23,77,89,2
16,86,19,452,1557,2
615,2
776,2
23,372,95,520,1597,14,334,265,13,236,13,15,486,393,467,10,1952,3,1380,7544,3,926,279,3,580,1897,19,24010,2
1974,3,159,23,926,557,266,3,75,14,3827,3,51,16,21,31,572,3571,12,6,80,2
929,2
330,354,76,2
16,86,10,46,100,562,222,5,1441,330,133,51,517,7,23,406,321,3004,3,16,137,21,11,116,7,725,2
141,2
1498,2
16,14,110,53,4328,43,64,6885,99,87,5,14,132,191,334,60,2
639,3,16,237,606,907,1155,17,540,2
81,7,182,4,16,90,48,34,3,226,7,184,3,291,34,2
16,86,10,46,15,779,1842,2
99,87,3,38,15,72,3981,6662,264,5,170,87,183,15,3450,517,7,1084,269,554,51,40,14,1885,507,10,6,779,1842,3,75,855,432,2
16,21,38,11,95,93,12,23,248,2
23,53,384,14,191,334,60,5,16,14,285,10,9628,6,1423,762,2
16,21,1408,175,85,135,421,2
16,21,211,3017,3,128,377,1751,35,60,35,128,377,3004,10,46,4928,3,693,16,368,464,46,15,1355,4928,2
207,377,2460,444,2
102,77,4,63,94,4,9085,3,133,4,335,5,145,2
140,4,6667,2
207,4,24012,60,197,2
196,4,11,1963,243,2
227,4,1239,5166,3,11,243,2
155,4,91,10,15,78,364,2
720,4,216,217,3,11,222,857,43,808,77,2
576,917,2
687,4,11,879,2
638,4,11,1189,2
720,4,110,4931,4174,1039,2
3962,53,473,48,766,2
2300,13,9629,11284,2126,12,469,2
11,202,2821,3,5226,509,47,11519,5753,1225,1651,3,3067,7,685,2
53,473,214,2
304,3,310,3,1710,3,969,3,1503,11,1162,3,26,1539,213,857,2
214,4,269,326,327,3,152,1169,246,3,11,969,26,240,2
779,4,131,717,985,623,97,635,3,11,779,240,2
554,2626,3,1084,72,2
114,4,1039,225,6,53,384,3,11,330,93,2
566,4,96,115,13,4722,6886,2
1590,1902,12,6,5195,3,2110,167,2
4722,6886,3,107,2
6354,1164,24013
3,4,7,10,12,14,15,20