67,54,4,23983,404,17,112,2387,102,77,5,1889,355,7,311,39,147,2
147,817,130,371,16,38,168,10,786,14842,13,458,2
16,20,126,19,3056,5,4509,405,37,112,2
16,20,1775,3339,13,1194,265,12,23,116,2
1860,1796,20,988,405,37,168,35,60,2
372,95,713,66,23984,111,170,363,1038,589,400,3,559,180,42,3,2490,2537,13,11515,5061,2
504,1038,1809,2
131,2383,1562,5,131,59,585,985,9,2632,643,2,8,2
989,621,3443,2
44,1501,978,5,400,2
131,621,765,5,565,509,2
16,14,132,191,6447,60,19,23,137,389,5,90,88,116,7,307,3,739,26,975,93,2
16,86,10,52,96,145,43,145,43,64,2741,17,23,937,23986,2
181,120,76,139,23,168,17,458,3,16,526,23987,429,154,19,23988,3,75,275,15,381,548,7,325,12,23989,5,15,504,10,13344,548,7,325,811,5,74,20,504,1038,989,96,429,2
649,19,40,3,16,20,162,10,786,5,526,103,593,2
5225,16,526,251,6787,7,59,2075,181,120,5,2287,4236,1809,1528,2
639,3,23,445,98,275,15,2199,614,75,20,1559,637,5,20,2511,66,6,309,3,75,20,1918,43,6,59,281,6584,120,2
6,59,1264,38,11,173,243,2
6,309,38,15,215,42,243,1123,397,6,671,2250,5,6,6831,20,1559,2
16,38,1624,251,13,244,232,4394,295,5,16,370,3679,2786,257,259,340,2
16,20,261,6,96,65,97,698,2
600,23,137,308,444,14,954,406,43,23,2682,9,122,998,8,3,16,14,288,145,12,6,5484,5,16,137,90,88,116,7,695,2
2134,110,4948,2134,17,1673,338,771,9626,5,191,60,2
86,513,13,64,23990,2
110,103,1843,14843,2
23991,387,380,695,3,269,1011,2
445,27,23992,275,5874,212,2
2033,619,186,14843,2103,103,1843,2
514,10,52,12,4593,3,38,553,4593,2
688,10,786,5,526,619,5,2300,10600,2
257,23993,259,16,14,191,60,110,3597,3093,12,10600,13,3108,12,14844,5,12,7171,106,148,14,416,365,89,3,51,119,41,827,27,441,112,2
134,92,557,185,3,237,482,118,3056,71,324,16,86,19,622,5,600,16,144,772,366,4825,3,677,57,2230,12,6,1491,82,5,16,90,88,116,7,1292,2
16,21,31,221,15,3228,145,5,50,46,1175,201,10,1783,40,1178,2
41,144,3557,3,865,5,336,17,1573,89,2
776,16,21,38,9222,44,7,23,520,1597,13,236,2
119,41,144,772,520,5,2527,82,89,2
1383,110,153,862,14845,17,170,2466,75,20,543,13,71,1383,2
35,55,270,3,15,5670,336,95,275,23994,7,961,2
16,14,19,301,2774,228,7,2002,82,2
257,23995,259,827,392,5,347,89,2
330,354,76,16,21,100,562,222,5,1441,330,133,3,51,517,7,23,406,321,3004,3,137,21,11,116,7,725,2
779,1842,159,99,112,16,20,221,43,64,14846,5,526,15,6633,2
2797,2
16,38,15,338,1436,12,6,53,789,14847,548,2
16,537,37,10,2672,172,40,10,122,1153,92,20,62,5402,1842,26,15,10557,2177,37,77,845,1901,13,23996,7,6,243,20,934,2
79,470,2170,21,1574,40,3,51,41,2046,64,14846,731,134,16,7938,2
137,16,14,41,10,245,13,23,116,2
1498,16,21,38,95,173,627,12,23,59,384,34,2
92,21,132,3609,10,6,802,834,92,406,23,3004,10,321,3,470,37,16,368,344,484,6857,602,306,15,893,408,5,21,535,13,1625,2
138,37,16,21,359,60,66,15,103,3573,159,23,168,12,6,1826,3,16,14,1751,12,2695,15,59,4328,938,134,528,190,92,237,52,11437,2
41,510,201,10,64,6885,17,417,172,2
216,260,1427,10,64,2741,82,67,3,15,216,120,3131,570,66,14848,111,335,10,382,42,260,7,6,6825,3,51,50,191,31,461,2450,67,7,7061,2
758,16,14,503,17,15,390,264,397,16,96,115,13,64,2741,2
16,14,110,187,2238,690,188,12,382,5,21,38,211,2859,273,1030,159,37,85,5,137,90,88,301,273,116,2
81,7,182,381,243,19,23,187,1040,2
95,187,1068,411,75,606,516,13,14849,43,64,6867,12,14848,2
1408,1580,2
90,116,7,1292,2
11,273,116,2
90,418,3,307,3,48,34,3,1171,26,611,2
90,330,93,2
11,291,34,26,84,12,23,326,2
16,109,46,209,779,1842,5,86,10,46,855,2841,5,261,3,51,16,14,449,10,11516,40,5,1574,164,2
11,1366,2
316,205,140,4,7896,624,63,94,4,6137,133,4,1217,145,102,77,207,197,60,197,2
196,899,5531,3922,3,13,170,23997,243,225,3903,3,5019,5,11517,2
74,14,98,175,381,7543,19,23,187,11517,2
227,1239,5166,2
11,243,2
136,136,14,332,3,97,879,2
48,155,57,91,10,15,78,364,2
720,455,2
44,2744,2
11,910,2
216,217,100,3,13,244,152,222,2
4841,969,27,6,1503,3,97,84,2
11,1162,857,2
214,3597,12,469,2
11,291,240,2
396,2
11,222,2
779,77,1842,61,3,97,202,7,685,26,1280,2
11,779,240,2
623,717,985,3,97,1744,635,2
554,14,2626,3,51,565,11518,2
6645,154,97,240,2
11,1726,860,2
11,202,7,95,187,1068,411,2
114,11,1379,2
1441,330,133,2
566,5,104,9,36,8,96,115,12,1826,7,1421,3,827,148,2
367
118,3056,2
9,58,8,11518,554,2
95,72,2797,2
41,564,3981,6662,2
9,117,8,617,1769,5,8358,10,7543,19,187,1040,2
134,627,3,79,2
10,454,2
1430,10,64,23998,17,15,296,196,172,2
9,210,8,1430,10,64,6885,17,367
53,4328,2
9,108,8,1430,10,2516,2
9,320,8,1889,513,13,528,2
9,539,8,160,1980,5,1590,1244,12,6,5195,2
426,4,4398,2741,3,14850,3,23999,2896,14851,10340,3,14850,3,24000,1931,3471,3,24001,3,24002,4204,6885,3,24003,3,24004
2,3,4,6,7,10,12,15,19,21,55