67,54,4,24935,1180,117,281,162,55,414,4,8464,3,6869,509,47,4,15097,54,4,24936,451,4,2737,6912,528,4,4533,426,4,3032,3,3638,282,4,1322,1446,13,212,5,308,325,19,15098,429,154,9,39,355,8,121,20,190,60,597,99,421,2
405,6,65,1023,3,16,1031,19,23,105,321,13,23,551,5,537,1248,2
12,6,744,963,6337,973,3,16,1204,2353,3,4392,34,845,394,303,2215,75,538,630,125,435,139,49,117,1104,1848,108,1644,2998,2
16,90,307,3,1473,3,584,26,990,424,13,40,303,34,2
16,258,37,16,299,1075,100,15099,34,223,956,135,113,75,14,712,1307,43,15,1513,1104,1848,630,5286,1644,2
6,303,34,14,31,380,2
139,6,303,34,1307,99,421,3,6,79,1343,117,8465,298,75,23,491,10326,17,201,17,1013,34,2
15,1517,7,552,525,3,16,1749,3889,5,38,15,1513,255,7,3087,2626,3032,2
139,375,3,16,537,8774,477,321,963,6,1422,2
16,38,15,326,656,40,272,75,16,258,20,24937,306,712,3,2586,1879,981,2
16,90,2052,3,291,34,3,529,3,307,3,418,3,555,3,249,26,459,2
12,6,481,7,173,590,5,3638,3,6,79,61,10,6,230,40,495,2
168,316,4,4278,3,8466,3,523,382,82,3,11660,3,880,967,42,658,2
16,20,55,10,52,12,15,4628,2
333,20,1245,9,467,66,2021,99,113,8,2
3657,10439,20,31,582,12,6,230,2
313,3,16,242,46,1033,255,7,100,303,34,75,20,1307,43,1104,1848,123,117,2
523,27,6,85,7,303,34,20,12,6,382,82,5,904,111,15,4628,13,284,1865,12,50,3,59,5,2445,51,422,886,66,168,904,97,34,2
16,866,370,613,755,24938,25,3,2427,141,25,5,1735,215,247,2
1694,4,36,2
212,852,110,574,431,2723,33,79,109,31,1773,46,48,34,424,13,431,1028,445,2723,33,117,884,212,3,2564,10,6831,243,3,388,42,614,3,1559,4195,1159,6890,15098,33,447,42,5793,3,615,1818,2
6508,643,563,363,12,811,5,24939,9,3651,3,2773,8,1036,29,689,111,811,5,789,325,1830,713,11333,33,559,1428,42,3,1743,24940,3,11,3300,58,2
1283,117,2
24941,100,489,253,838,2266,33,2288,3,2181,3,1513,3599,1913,2895,29,11,2128,159,286,108,2
151,645,33,353,179,29,99,398,3556,9,6861,8,460,287,33,1579,3703,3,580,1320,926,2148,3,527,3899,9,6861,19,516,8,254,4,176,274,231,32,178,2427,180,892,117,2
252,547,32,253,218,125,32,108,2
1104,1848,167,320,2
1253,652,236,141,32,127,4,790,2795,4,245,13,551,29,321,963,6,6599,105,699,33,334,442,1294,87,183,485,33,58,2391,728,9,8334,8,135,421,29,90,2600,312,357,33,200,545,4,316,24942,24943,1733,581,853,42,658,207,4,11,199,342,227,4,1124,797,29,665,3,1852,3,1042,97,240,26,1984,136,4,576,917,29,216,133,2725,5,675,29,11,216,222,29,11,879,29,11,875,26,15100,2
309,155,4,751,682,103,4,3213,3213,3,409,1270,3,11,1099,362,4,152,3,2098,3,2787,2
588,3,11,969,779,4,1084,269,3,44,1256,9,135,230,385,8,531,4,11,1797,26,1726,309,29,11,1379,4295,4,173,406,5,34,1693,27,394,489,352,4,15,78,1117,123,117,29,925,1544,204,29,376,2657,149,4,456,9,578,149,8,2401,59,9,1305,8,351,663,9,578,149,8,1880,9,1276,8,351,835,9,578,149,8,2327,9,1310,8,351,769,9,578,149,8,6681,59,9,1450,8,351,392,9,578,149,8,1428,83,9,1311,8,219,347,9,578,149,8,1932,9,1601,8,219,345,9,578,149,8,8079,83,9,1359,8,219,512,3104,9,1478,8,219,1555,1880,9,1659,8,219,1184,1537,9,1660,8,1556,486,961,3054,9,2602,8,654,1461,1646,9,2464,8,654,2013,2086,9,2385,8,654,496,1131,1389,9,2386,8,219,486,1131,1649,9,3691,8,219,1981,1982,1428,9,3579,8,721,2509,680,9,3580,8,721,2083,680,9,3378,8,3590,1941,755,9,3591,8,3592,2423,1413,9,3285,8,721,1258,1259,3465,1303,9,193,8,2418,72,9,193,8,1258,1259,3465,7319,83,9,2720,8,1454,1905,1956,1514,3528,83,9,3248,8,42,2438,5990,9,2673,8,1454,1258,1259,2421,9,3822,8,721,168,4,349,15101,83,9,1312,8,524,333,7426,59,9,1977,8,42,560,3715,59,9,2119,8,1451,734,5151,59,9,2202,8,1785,536,8838,9,1589,8,1381,653,1035,9,1360,8,1227,786,9553,9,1479,8,1588,823,5304,9,1480,8,654,795,4959,83,9,1424,8,42,1737,79,4247,83,9,3162,8,1060,1737,2206,6913,9,2834,8,1060,3586,2854,601,7315,9,3479,8,1838,1944,9,3480,8,1886,1018,72,9,193,8,3466,72,9,193,8,3588,72,9,193,8,3584,565,9,193,8,3585,72,9,193,8,3587,63,72,9,193,8,349,7220,83,9,1312,8,524,333,6622,59,9,1977,8,42,560,3289,59,9,2119,8,1451,734,8363,59,9,2202,8,1785,536,3511,9,1589,8,1381,653,1942,9,1360,8,1227,786,5645,9,1479,8,1588,823,5872,9,1480,8,654,795,9183,83,9,1424,8,42,264,4,177,1924,9,2060,8,309,1865,50,3,59,3,2445,506,339,4,74,57,5715,1991,27,394,649,543,13,4692,2413,2
100,3252,997,1523,57,543,13,3322,1543,2
74,14,11,3034,2
11,997,792,57,678,2
74,14,899,84,158,394,489,2
192,4,1322,1446,13,39,355,3904,212,121,61,13,3638,3,590,5,494,2
166,3100,24944,3032,3,11661,5,118,392,479,17,4918,2
138,30,7,541,6736,9,1403,37,6736,208,52,416,312,306,138,43,30,8,5,2574,157,3,3060,14,15,284,2
11,91,404,17,174,1085,7,4918,2
79,98,514,10,52,12,1975,7,874,2630,2
885,134,1975,20,2779,43,494,290,10,4918,2
104,4,36,2
4918,15,2
308,63,188,2678,3,247,902,1028,333,118,66,7426,10,6622,139,8447,6334,2
138,212,30,3,41,1698,175,312,189,1159,361,278,17,284,2211,9,79,166,98,160,838,138,256,3599,1913,8,1830,247,1735,2231,659,203,17,132,58,2
644,15,2
325,33,24945,19,168,19,904,66,230,2
41,1471,103,898,2
659,203,17,132,138,3929,2
86,1860,1796,394,17,325,2727,5,1924,156,179,29,41,659,174,4724,17,132,682,2
239,33,885,2630,7,1975,470,1442,3595,31,62,2076,9,1358,3805,12,6,481,7,4918,8,29,613,17,156,179,29,11,1557,17,132,29,1935,24946,1159,1342,33,11,308,483,195,118,349,852,885,921,367
1115,1028,1130,3,11,205,7,411,29,41,96,253,71,852,4221,2512,8425,3,229,281,12,297,710,24947
2,3,4,5,9,10,12,13,15,16,19,25,52,54