67,54,4,24948,281,297,424,9461,224,599,404,17,112,1996,87,302,498,256,317,58,151,3,212,110,3071,283,432,5,431,4872,2
30,7,61,328,191,11662,11,640,7,437,2246,16,14,484,191,15,1629,2,408
449,10,321,115,1625,97,116,2
140,14,115,10,3695,27,163,3,11,739,3,760,3,595,474,2
16,2742,115,27,421,170,85,13,1408,26,3872,2
793,147,181,120,76,110,574,431,2723,3,309,2564,2723,2
445,388,42,614,3,1559,4195,2723,2
713,2266,559,11663,42,3,11,3300,9,356,38,1362,6834,8,2
11664,1603,17,2035,9,8467,8468,8,12,481,7,210,1034,361,432,9,4872,8,3,698,43,458,2
71,324,1363,11665,3,19,266,228,809,13,1349,11666,982,1603,5750,186,865,233,1043,2
336,1388,416,365,27,1979,9,6861,8,2
139,431,3,865,3168,10,3358,42,9,11468,8,3,132,467,10,3332,42,2
1761,16,21,31,68,3297,10,353,9,4076,1455,3,15102,3,2314,8,2
174,147,778,490,9,574,766,8,33,2332,122,212,28,667,33,2332,308,39,274,672,25,32,203,1026,25,32,932,125,22,25,1684,298,105,218,755,22,25,32,754,4603,35,496,906,236,515,25,32,3656,108,42,3444,2107,10,3109,11667,105,167,150,30,11,373,3,175,848,245,440,1437,3,58,174,848,12,1761,24949,175,12,24950,3,175,12,301,24951,2
206,30,920,3,210,491,66,356,4067,2
117,723,1231,6838,12,3751,4801,2
1221,1095,334,125,87,183,3,9,329,8,485,2
996,2263,3,615,11668,81,7,182,35,270,3,11,291,34,3,11,1473,2
11,234,7,648,26,779,34,2
11,2052,2
336,35,270,2
102,101,133,1217,63,94,9694,140,3695,136,216,433,3,576,320,632,3,11,638,3,687,1169,777,48,751,3,708,493,876,59,442,187,720,455,3,44,304,3,2111,310,3,11,213,214,152,952,114,433,93,3,1459,133,217,3,11669,433,3,2682,27,649,7,2433,6095,70,192,5,104,36,2
212,4,110,431,3,458,753,60,179,27,40,85,2
2309,645,2
86,932,27,171,22,25,32,2
454,13,118,140,2
86,1534,3,1163,3,2002,5,252,2
99,580,1320,9,6861,8,33,144,465,89,2
58,2
3158,4,110,1571,17,2155,2692,3,492,210,113,7,2319,2
538,117,2
151,4,865,3332,42,3,11,11670,144,89,2
160,10,3297,10,353,2
210,2
4068,4,24952,186,1382,3,242,31,1081,7349,2
1664,95,149,24953,566,1521,117,129,205,867,43,6912,3,2057,19,2806,2018,3,1985
2,3,4,5,9,10,11,12,13,16,25,38