67,54,4,26102,301,668,112,510,331,4,64,11822,4338,451,4,26103,6948,4338,730,34,234,4,484,50,46,34,12,6,188,584,467,808,248,2,408
34,30,4,6,28,82,34,126,2270,223,267,87,183,2
92,14,2175,12,6,194,188,3,584,10,6,188,7,6,248,3,10,6,444,7,6,384,2
6,34,14,1500,19,43,321,5,1049,476,43,488,26,983,467,2
3945,225,2051,98,575,6,34,2
74,14,11,837,26,323,424,13,6,34,2
6,34,14,476,27,421,306,405,6,65,2
6,28,21,3751,34,234,3,75,14,1414,34,12,24,764,3,14,984,27,421,306,405,6,65,2
28,90,326,26,931,84,2
6,28,21,527,2273,3,2840,5,2707,51,21,31,514,88,1734,17,24,34,2
18,137,109,31,49,88,34,39,2
18,90,15,30,7,2161,3,1730,26,5366,283,26,361,432,2
18,21,1805,667,4297,5,1216,4297,517,7,6,1414,34,12,24,764,2
18,14,52,510,10,1186,43,64,11822,66,4142,139,62,679,570,111,1044,260,27,3549,5,27,4446,35,60,35,26104,1226,3393,5,3718,2
18,38,68,3367,10,1410,164,5,20,1241,510,10,122,134,2853,1202,1050,550,575,2
80,39,30,4,71,3,106,3,181,120,76,13,778,490,939,87,183,2
80,591,30,4,181,251,849,85,267,12,1387,3049,2
137,39,4,348,501,22,1729,65,3,8529,171,22,1729,65,3,3179,203,547,22,1729,65,3,780,1211,22,1729,65,3,729,108,22,1729,65,5,1839,125,22,1729,65,2
206,30,4,18,109,31,238,3,109,238,3,109,31,728,5,109,31,157,357,2
18,1295,66,15431,939,87,183,2
18,14,920,5,919,2
127,4,790,81,7,182,4,1754,4,90,249,3,95,140,84,3,590,3,26,958,2
273,4,90,1242,3,2053,889,3,3638,2
227,4,11,116,2
386,4,4701,2
11,437,3,7470,3,263,3,803,2
103,4,11,3,418,3,611,2
1583,4,90,1548,78,1637,3,2161,3,648,3,446,3,432,2
153,4,11,30,7,153,147,2
11,796,3,2041,26,1206,2
196,4,11,95,84,2
1058,4,90,762,34,3,269,17,248,1790,1790,3,1013,2
1185,4,79,90,2270,1653,432,26,2927,1368,2
102,101,4,316,205,148,26105,3,364,1973,3,14262,3271,4392,227,4,44,2
155,4,751,9,682,8,130,4,455,3,304,3,310,3,11,213,214,4,152,3,979,3,326,327,61,114,4,11,750,3,743,26,93,2
2112,101,111,62,440,999,428,12,11,758,342,2
944,161,4,18,20,2672,980,5,410,2
24,1626,20,999,2
74,20,131,1009,314,12,15,3892,1950,225,6,2046,35,60,35,12,15,8145,1950,225,6,666,2
74,20,11,2376,26106,7,6,764,2
3321,5,595,1056,143,6856,2
415,922,20,3224,2
6,28,550,321,3,158,1404,5,415,321,2
74,20,11,34,19,3467,248,1849,2
74,20,11,1845,246,225,6,188,3,313,3,15,504,851,7,762,3221,225,6,194,188,2
339,4,36,2
1044,260,2
58,2
71,604,2
104,4,36,2
126,930,13,15,2112,228,7,1142,22,2568,2
17,132,2
134,572,3,119,41,118,10,1327,22,2568,2
58,2
175,113,139,930,3,126,13968,58,22,337,2
3222,2
10,52,1550,115,10,210,22,139,175,113,2
117,2
1365,2853,1202,1050,27,4446,26,3549,2
134,516,13,1050,14,4615,3,119,41,773,6,28,10,52,3934,43,4142,2
11823,10960,3,107,2
3,4,6,7,10,11,12,13,14,17,20,28