67,54,4,15923,281,297,424,3937,5072,124,404,17,112,903,7,311,483,2
30,7,61,328,159,23,99,112,3,6,28,21,38,267,255,7,94,12,23,48,2
40,957,620,175,113,183,12,6,481,7,321,115,6,1625,5,2798,15,1602,8083,2
16,55,37,23,133,1031,115,10,2073,5,16,38,1057,537,484,2271,12,23,48,408,2
16,242,31,49,88,754,3,5,23,116,2779,538,2
16,21,86,10,1005,255,7,855,1435,133,13,133,115,10,231,2
16,21,38,11,611,26,1143,611,2
207,3,16,21,68,321,19,6,2497,115,10,939,10,1062,2331,15,65,170,85,15,113,2
225,6,99,493,113,3,16,21,537,15,1103,1928,312,590,5,132,368,344,321,620,939,2331,2
16,21,31,38,88,2116,418,3,611,3,26,1143,611,3,51,21,55,15,416,377,12,23,288,572,2
147,1003,9,81,8,181,120,76,793,106,793,71,324,793,2538,2017,771,793,2561,4911,793,695,6951,793,161,315,623,1530,793,1699,1875,793,391,1274,793,2043,992,76,793,287,793,895,1271,793,793,147,181,120,76,122,282,106,6,28,450,23,63,94,976,27,163,5,461,92,10,52,27,963,3089,2
16,21,31,38,88,555,26,88,174,741,116,2
71,324,6,28,144,23,63,366,27,163,3,5,677,46,68,12,6,1491,471,3,16,21,68,288,312,145,2
16,21,38,11,116,7,1292,5,207,21,68,191,60,2538,2017,771,137,3,16,109,31,640,7,88,34,26,2313,12,23,1788,2
2561,4911,16,21,209,6259,1685,5,965,817,17,75,16,157,27690,15,145,1721,13,128,265,2
16,21,38,11,338,34,3,555,3,26,95,338,2
695,6951,161,315,2312,695,15924,445,309,260,2
1011,15925,2
1011,15926,131,15927,325,623,1530,6,28,14,96,145,43,6,4269,5,99,38,15,112,12,1102,2165,13,1112,12,15,244,232,471,27,602,306,1701,2
16,21,11,796,3,2041,3,1206,3,26,173,1408,1699,1875,6,28,21,38,11,95,273,116,26,84,2
16,38,15,131,3985,75,21,486,538,2
16,21,38,11,555,26,88,741,116,2
391,1274,6,28,38,15,391,264,12,1361,2255,290,10,2039,590,5,3403,2
16,20,55,10,46,391,1274,3,5,1357,20,1367,2
16,21,68,157,6,1357,9223,2043,992,76,6,28,86,19,23,1835,27,421,13,265,12,23,855,2120,15928,1654,3,4287,287,49,23,39,3,5,1854,23,140,895,1271,27691,58,1271,2895,4387,895,127,357,127,1176,12015,12016,93,12017,12018,474,12019,7878,12020,12021,12022,93,12023,135,3663,12024,4072,33,1158,2
308,39,236,515,25,117,298,32,228,21,68,118,10,1675,809,501,22,25,69,49,36,298,272,5,58,298,973,274,799,25,69,622,45,4510,25,32,2427,125,22,892,4556,3815,1847,22,25,32,3707,36,22,58,298,25,32,2547,850,22,2493,578,4603,1104,167,48,34,3,3115,117,1746,78,454,451,452,108,22,25,35,496,1570,478,36,22,25,210,32,6962,647,25,32,3141,231,22,1576,298,25,276,203,547,22,1835,782,1801,25,276,7439,9240,965,32,58,8297,1994,15929,1318,1096,69,770,2124,39,236,515,25,32,35,496,86,269,2065,94,157,35,496,6969,7285,345,154,2126,157,35,496,27692,27693,80,39,30,30,7,181,120,556,164,12,1663,2333,2
30,7,2538,2017,164,100,2
30,7,4914,12,1225,3474,17,623,373,2
150,30,573,13,106,2
661,13,106,5,3122,82,76,2
573,13,15,419,5,71,2
267,1020,5,15,4868,13,895,1271,2
15,4868,13,895,373,2
15,4299,13,567,373,2
267,1020,13,287,2
1020,13,623,373,2
206,30,6,28,14,15,919,12013,121,245,13,23,551,2
16,14,308,3,2028,3,5,198,17,23,2263,19,15,145,1721,2
1215,308,444,4,308,2497,1014,552,27694,135,113,238,161,4,636,238,541,157,161,4,8998,598,2
357,157,161,4,200,540,5,2455,1512,1244,161,315,257,27695,259,12026,1629,47,27696,6157,2
1695,3909,2060,9,59,8,3430,53,3430,1629,47,27697,81,7,182,6,28,21,38,11,249,3,459,3,26,421,970,2
16,27698,100,965,817,2
16,21,11,1181,1166,2
11,618,116,3,361,3,1309,3,26,273,234,2
11,196,277,2
102,101,63,94,3089,133,1000,3,1108,3,1108,140,27699,207,197,60,387,3,60,2056,3,11,199,342,2
227,1806,3,863,3,665,3,3531,91,97,685,26,1296,2
136,576,917,29,216,2725,3,217,100,97,222,3,11,3096,2
48,91,10,463,100,2
720,1630,27,1990,4216,3,6699,2
455,409,304,3,310,97,1099,2
114,11,743,3,750,3,93,2
296,975,133,2
352,928,2214,2
942,2232,97,3731,1861,2
1002,3,1349,5,204,2
700,44,322,77,72,1468,412,77,8349,1664,95,149,904,301,585,831,27,156,1232,2
70,3105,1528,893,3,11,937,84,192,5,104,6,28,82,116,5,77,35,60,35,177,57,543,13,585,831,2
7,55,3,6,28,38,15,30,7,1923,585,831,139,23,619,2
313,3,16,21,31,38,88,173,116,159,37,85,2
16,557,308,97,88,202,7,817,130,371,19,77,2
16,86,10,288,19,15,145,1721,2
138,23,416,185,133,156,3,23,274,41,52,118,10,279,22,25,69,66,175,135,65,75,14,1146,16,14,137,49,2
23,63,94,14,845,232,179,2
138,23,95,255,7,390,429,154,41,52,781,2
134,74,14,88,1742,255,7,34,3,16,41,468,10,6,318,702,1442,2
16,14,1175,10,157,754,2480,134,16,21,88,202,26,88,48,94,2
17,23,71,3,23,149,41,52,781,2
16,557,19,452,17,1557,3,5,23,905,21,68,1953,2
16,41,96,115,12,544,129,51,2110,401,6,270,172,2
134,16,21,88,118,12,23,116,3,16,41,52,162,1442,2
55,2687,43,1987,594,3197,1861,208,52,61,2
205,867,43,7645,3,8564,19,7329,279,3,2165
2,3,4,7,9,10,11,12,14,15,17,19,20,21,25,27