67,54,4,27716,668,55,3498,5984,509,47,9900,1135,141,3,5047,369,112,2
404,17,112,4,1476,87,302,358,17,27717,311,483,2
71,4,16,14,19,2774,228,7,1286,5,809,5,398,21,68,530,115,6597,132,10,3491,2
23,366,6534,1328,12,6,495,66,231,10,4881,2
16,27719,68,144,3020,2235,2
119,235,165,5,16,2145,14,334,3238,92,2
119,41,86,235,1436,2
773,201,10,144,3020,2235,366,2
181,76,4,28,38,15,131,789,325,12,4726,19,15,1018,429,154,2
16,14,1466,46,128,626,437,19,380,5,15,2089,7,48,1236,13,175,893,2
16,14,15,1928,7,15,27720,2
16,21,887,527,754,3,75,50,46,138,201,2
50,508,16,191,37,2
16,41,46,15,96,115,429,154,5,119,41,1567,15,528,278,2
1091,4,28,38,62,1828,4213,1091,27721,2
16,109,887,2145,46,681,12,1892,7,174,623,116,5,11,1408,2
16,21,313,3,387,798,2041,465,12,6,99,113,26,267,2
41,144,1033,587,2
208,160,1795,1430,2
384,34,4,28,13,2237,2682,7,6,384,2
41,46,15,278,27,27722,124,482,938,2
150,30,4,886,2
81,7,182,4,161,315,62,1881,419,12,6451,5,1343,1484,17,58,87,5,96,43,64,6959,2
16,14,464,19,1522,17,363,2
16,14,46,841,314,13,4761,9578,2
508,27723,278,27,12027,1993,124,2
16,21,15,131,27724,494,37,14,211,2
391,1274,2
233,174,182,72,2
102,77,4,23,140,14,4763,624,2
372,95,5272,2
148,20,4668,2
133,335,2
196,44,2
638,4,200,2
48,91,155,2
103,4,304,3,310,44,2
1616,2463,589,213,7,1027,1504,9,660,43,713,8,2
214,11,240,26,1061,2
114,4,131,715,1873,2
565,93,2
1032,133,57,433,2
192,4,355,7,311,39,147,35,270,2
149,285,115,10,54,2
566,4,909,210,129,2
2387,27725,2
4925,8591,3,107,2
6354,1164,3498,5984,509,47,9900,1135,141,3,5047,1167,58,27726,426,2
528,278
2,4,6,10,16,17,21