67,54,4,32903,4004,318,1141,112,5219,3,17175,17176,112,54,4,32904,385,30,81,3,28,221,5,101,43,271,2
61,234,4,48,34,2
30,7,61,234,4,40,28,14,15,12673,1879,358,121,132,61,17,172,7,48,34,2
6,28,258,16,21,38,855,2788,48,34,17,6,80,170,113,2
16,258,16,38,15,312,1742,255,7,1983,48,94,89,477,1418,2
16,258,6,34,584,467,23,53,303,5,16,242,2233,15,131,1432,7,424,226,7,184,5,990,2
16,90,88,300,3,375,3,418,3,3638,26,611,2
19,953,16,258,6,34,14,620,5659,12,2265,2
16,90,88,169,30,7,181,120,76,3,350,3908,26,1672,715,2025,2
23,103,341,709,158,30,7,106,5,776,2
16,98,90,88,48,766,1297,26,88,95,473,386,411,116,3,263,3,249,26,459,2
81,7,182,4,72,708,135,282,2
80,39,30,4,173,17,106,3,1234,5,776,2
39,4,32905,3,959,4459,3,6774,4459,3,12318,2
127,4,32906,75,646,4598,2
206,30,5,150,30,4,16,14,5457,5,109,31,731,23,150,30,2
6,28,14,15,1221,1095,121,334,620,175,87,183,2
6,28,14,15,1221,1095,13,62,620,16827,30,2
16,258,16,334,175,87,183,2
16,109,162,10,1602,728,3,620,2100,728,135,65,2
16,21,11,169,30,7,1113,357,157,5,137,245,13,23,150,2
102,101,4,207,4,40,14,15,2274,3,2356,3,416,2069,197,358,121,197,12,376,11,199,342,2
316,205,4,807,14,32907,3,63,94,32908,3,133,2667,3,386,156,125,3,1133,1045,1183,42,19,702,737,2
227,4,1561,1313,57,1110,97,243,2
136,4,332,97,1161,715,1453,2
155,4,91,10,463,2
130,4,2254,3,145,156,5,239,97,561,3,213,26,502,2
214,4,152,3,396,3,1763,2
114,4,11,743,3,750,26,93,2
11,1346,246,2
72,5818,82,205,2
352,4,980,3,410,3,642,123,117,2
2214,2
457,172,4,836,3,696,785,4209,3,824,1288,3,1281,3511,2
5819,639,17,15,2961,7,1352,2
3090,14,401,2
1905,2401,3,103,805,50,4729,3,2613,1597,14,44,2
1145,111,44,338,239,27,15,156,7,1942,13,1452,292,804,84,2
11,173,84,1129,13,169,565,54,208,5326,3,9911,2
48,738,275,11,199,76,2
340,1598,12,230,4,6,28,20,343,13,203,3,754,5,1720,13,1734,7,23,34,5,557,1607,211,2
278,9,158,451,8,4,6,28,82,747,198,331,3,64,3008,20,2754,5,740,13,6,355,104,2
603,505,4,2323,48,34,2
566,9,158,534,748,261,8,4,6,28,20,162,10,318,499,1642,845,266,341,17,103,325,1638,5,14,137,2033,172,13,62,288,429,154,35,60,35,295,7,3090,10,172,17,6,2091,284,7,350,1881,2
6,28,14,137,12,211,534,2
1218,32909,3115,4762,3,107,2
17179,32910,32911,533,43,4,3115,4762,3,107,2
17179,250,31,81,43,262,331,250
5,6,7,15,20,37,52