67,54,4,33154,730,234,36,2
190,4173,60,2
18,38,6,8311,164,19,6,53,518,7,24,1316,3,92,21,3609,411,2
58,2
24,1037,3,6807,3,21,626,1460,5,37,14,1063,2
147,106,19,274,5,218,1820,681,476,95,256,1699,1875,19,203,5,423,1619,763,1530,110,8311,164,12,16680,1234,60,179,13,3247,5,3616,2
18,157,167,959,287,19,236,71,324,317,58,4,126,348,2937,144,63,366,27,163,2
39,252,9,947,478,8,901,45,49,36,45,9,73,8,25,32,2671,9,2359,965,1318,8,1014,1318,2530,32,962,9,1118,8,378,568,819,49,36,568,9,73,8,25,276,959,1092,58,1222,1096,3523,167,7723,3,157,13,4829,3247,9,2359,6402,8,17234,17235,49,58,1222,9,73,8,1096,69,3024,9,5180,3324,7501,279,22,8,36,568,25,32,423,9,1406,8,447,22,25,32,236,9,800,8,515,45,49,36,45,9,73,8,25,32,809,9,348,8,846,45,25,69,274,672,45,49,36,45,9,73,8,25,69,3,49,1576,12,495,5,36,12,744,1522,9,3177,8,378,45,49,36,45,9,73,8,25,32,218,378,45,49,36,25,32,3616,9,8705,8,515,45,49,36,45,9,73,8,25,276,5181,9,8202,782,8,2485,568,49,36,45,9,73,8,25,69,167,127,1765,33,874,1339,33,874,206,30,3926,161,4,920,485,4,200,17,1087,87,2686,4,12180,3,308,12,6,1993,288,4,308,33155,81,7,182,12507,249,3,459,3,226,7,184,2
18,21,1889,263,2
316,205,63,94,8466,77,8706,10,364,5,15,10147,44,11,4000,3,502,26,561,10148,3,396,3,11,1128,12506,93,566,5,104,36,2
1078,33156,1402,3,838,2
58,2
317,58,33157,41,122,7718,9667,3,1335,2
18,41,126,191,163,345,450,2
86,6,348,69,2
144,865,89,3,18,41,503,4951,5,2516,10058,17,87,144,2
117,2
142,14,845,1349,179,2
210,2
363,14,179,13,33158,14,391,476,2
108,2
33159,13,3616,3,3247,5,959,2
320,2
33160,149,909,320,129,2
497,10149,5496,3,107,2
4,7,9,11,12,13,15,17,26,28