67,54,4,34555,10174,220,12577,369,10,224,17,15,1078,439,112,2
159,50,99,749,24,3,18,21,1049,128,3470,6353,2
24,184,5,3004,10,380,2317,14,173,476,220,148,179,3,1890,3,179,7,812,3,5,131,140,314,2
18,38,15,5267,469,17,1157,75,21,575,2
18,98,21,128,265,188,34,220,12579,1662,5,167,1690,2
18,38,15,391,264,95,660,6,2428,7,391,1274,2
147,106,185,393,875,1271,3857,1271,1498,391,1274,1539,130,371,1682,350,76,71,324,317,58,39,512,329,487,9,501,3069,2
399,8,9,512,1072,3605,22,9,846,3069,399,8,816,1628,487,669,3325,8,8,58,298,9,10175,45,8,25,2384,3056,3611,22,9,8434,45,49,36,8,25,69,2273,9,5933,8,231,22,9,672,568,49,36,8,25,69,2146,9,3992,8,2354,22,9,5344,45,49,36,8,25,32,2125,9,4052,8,586,22,9,3326,45,49,36,8,25,2634,913,279,22,9,799,45,49,36,8,25,32,289,9,932,8,125,22,9,378,45,49,36,8,25,32,1712,456,6021,45,25,32,12579,108,42,1662,9,3656,108,42,1662,8,36,1662,9,108,42,34556,2
1662,8,7308,32,3,1662,546,52,2107,10,204,196,344,3,1495,6,372,34,548,9,73,8,2
1004,964,17506,5,2107,115,10,117,1662,27,175,85,3,17,115,10,625,552,630,15,5670,1551,2
1662,208,52,2208,949,4432,978,13,34557,169,10,1004,7,6,964,17506,2
4513,141,22,9,515,45,49,36,8,25,32,348,2810,9,12575,4214,49,36,1633,8,25,930,9,1868,8,1142,22,9,1801,568,49,36,8,25,305,123,180,65,1223,9,6428,8,8206,45,49,36,45,9,73,8,25,305,123,180,65,423,9,1406,8,447,22,9,1269,45,49,36,8,25,32,962,9,1118,8,125,22,9,378,568,609,49,36,8,25,32,2114,45,9,3552,8,58,298,9,17484,45,8,25,69,1735,9,1835,782,8,2286,45,49,36,45,9,73,8,25,69,3,1107,229,1089,17,4350,625,1052,9,736,8,125,22,9,378,45,49,36,8,25,276,3,10,938,236,127,1339,33,277,3,4652,17485,33,2338,3,2816,3,7470,26,407,4,17486,28,387,15,504,9,1616,645,8,1105,10,17487,2
649,19,40,744,3,420,17,1398,264,158,11766,13,4079,96,43,4652,17488,2
545,4,133,1428,63,94,34558,140,5132,948,951,63,345,2421,60,197,3,480,3,576,539,155,91,3,455,304,310,152,5590,213,362,152,2098,1289,248,220,1864,11,93,873,4,10174,220,12577,158,212,220,95,44,1021,3,1539,458,3,1682,155,76,3,1498,369,10,224,191,476,306,397,2
36,8,644,4,79,21,1539,458,3,220,17489,161,791,10,52,265,19,77,220,2586,11,634,93,19,289,9,673,5381,8,2
18,464,1268,109,51,744,40,14,681,265,2
921,14,166,3384,9,1682,155,3,1539,458,3,17490,8,2
95,713,220,559,1188,42,5,806,2
95,1021,1043,56,11,325,2
148,60,179,5,523,3418,2
791,10,724,2179,2
3129,2146,2354,3,780,279,3,289,125,3,3056,3,423,9,135,150,10176,8,3,236,2
17491,450,7,1348,2
3601,89,2
12563,1978,3,266,705,353,3130,1697,3,1228,89,2
3212,13,528,12,224,58,8,1213,4,226,7,184,166,3384,2
95,3088,275,2428,7,1682,155,76,13,2219,717,2
313,3,2610,20,11275,5,28,1053,1930,2
98,220,173,280,2
79,38,95,391,264,660,2301,2
241,48,220,4346,461,5,62,484,5309,408,635,2
17492,31,6700,10,3517,154,135,350,3,693,2216,57,2335,265,2
9136,329,391,264,5,46,1007,1571,17,1357,10,1783,441,129,2
7190,241,48,641,1213,635,56,166,703,3212,12,1213,1141,117,8,1596,4,79,220,95,801,71,220,865,223,3332,2
1386,3229,275,232,272,2985,179,2
98,220,15,403,7,1220,2
190,1585,95,3,160,312,154,2126,2
3129,17493,501,69,2
3130,865,2
3129,163,3496,2
878,138,2
17494,972,89,17,234,7,190,1585,2
17495,160,17,86,140,314,5,8068,28,19,95,2610,2
210,8,7366,4,403,7,1390,3857,17496,3,51,44,3857,17497,2
98,403,7,5894,2108,1367,2303,3340,1455,2
31,137,2159,308,2
98,220,798,1157,110,5267,220,265,2
3129,2303,4475,3212,12,7366,224,108,8,361,4,28,1268,511,7,296,12,994,3,598,1654,220,1504,132,265,19,118,228,7,815,2
3981,1475,1043,2
21,362,1039,220,131,1280,1748,2
135,164,3,2593,344,160,17,12534,4932,2
17498,19,3374,3129,815,69,2182,314,320,8,4295,4,21,1920,2675,76,3,1013,110,1365,3399,2
98,220,187,5,59,17499,1957,3,1069,384,1957,110,384,938,2
95,8503,2538,2017,1069,110,2017,964,2
95,1365,1050,220,344,1563,34,1734,2
1066,1690,2
3129,1816,17,34,5,34559,12579,1662,75,753,10,575,2
2752,791,1690,647,69,167,34,2
79,1240,37,50,272,464,1533,37,40,52,8632,2
313,3,208,160,209,2436,134,17500,299,1734,66,34,224,2
3212,12,34,224,17,390,17501,2
3212,13,609,5966,12,3125,224,539,8,436,4,33,1402,19,17502,1043,2
2752,160,390,838,12,755,87,1086,17503,1913,27,302,838,2
17504,160,10,791,10,1516,140,2
1335,439,2
17505,10,122,271,12,544,129,2
1426,11742,487,12578,3,229,2268,3121,82,55,2268,235,13,64,12578,2
1772,379,428,13,311,39,147,158,151,3,142,3,2301,3,280,2
119,41,1567,17,1357,2
1426,34560,9087,12206,3,107,2
4,7,9,10,12,15,16,17,23,26,27,28