67,54,4,34572,281,297,10215,3404,124,30,7,61,328,6,28,14,15,1000,87,302,358,3,13,15,80,39,30,7,3400,9,290,10,1044,325,8,3,3507,3,142,3,5,553,1091,82,3,121,1295,12,17,15,96,115,112,2
6,28,631,37,16,21,68,190,60,2
16,86,10,288,1041,2
11,48,34,3,291,34,3,307,3,26,249,2
127,11,374,357,127,84,12,340,5,2081,1088,1675,25,32,1705,1407,126,4,17512,1054,1804,901,25,32,2426,4136,87,126,4,7730,203,547,22,25,32,2426,4136,2058,126,4,7730,4389,4176,25,69,4250,1407,126,4,7730,770,2124,39,34573,1288,1620,5514,4136,2058,126,4,34574,809,2827,22,25,69,4250,1407,126,4,17513,49,13,911,236,378,25,32,1705,1407,126,4,10178,930,1142,22,25,305,17514,1407,126,4,10178,906,36,298,25,32,1705,1407,126,4,10179,274,799,25,32,126,4,10179,80,39,30,12580,19,17515,6,28,38,15,1365,3062,17,3209,2
23,8260,34,265,597,17516,186,16,387,637,248,323,2
43,8904,6,28,20,4322,10,15,2262,2
6408,62,899,1168,508,37,6,28,38,62,17517,1887,66,17518,2
313,233,862,143,12572,2
6,28,866,370,15,6114,3062,19,17519,37,275,1044,354,6277,51,11,1887,2
6,28,370,1917,679,82,597,10139,37,143,449,10,722,11,484,553,408,1887,2
17520,801,12,7680,142,553,1091,82,1112,7,3556,4803,117,3119,17521,631,37,16,370,40,164,10,2593,3922,10,23,196,646,43,23,311,188,164,34575,82,370,164,17,5522,1004,3269,3349,283,150,30,661,33,20,62,541,121,583,12,62,1875,12581,583,27,6,440,7,1279,13,330,354,76,7217,583,12,215,82,7,212,3,20,62,541,206,30,6,28,245,1272,2
16,636,920,5,21,11,727,2
16,14,15,919,10177,5269,1940,9,6858,8,5,12582,4140,9,12583,8,2
16,14,15,7609,2
6,28,334,238,125,87,183,51,38,238,17522,9,180,1308,87,8,2
244,1119,728,2
102,101,133,2060,63,94,3936,386,156,680,207,197,480,227,1852,3,665,3,11,818,685,26,243,48,1069,91,10,8367,720,17523,3,455,3,11,213,214,12576,1289,114,11,93,192,5,104,6,28,14,15,1000,87,302,358,3,13,15,80,39,30,7,3400,9,290,10,1044,325,8,3,3507,3,142,3,5,553,1091,82,3,121,1295,12,17,15,96,115,112,2
36,2
71,17524,34576,442,1945,2
41,827,3129,348,10,3345,69,33,890,390,2015,539,9,347,8,5,1228,4336,122,62,12084,87,13195,28,465,10,3228,34577,112,28,41,1606,445,1918,5,41,144,17,34578,33,34579,236,10,125,9,28,82,1579,5078,5,580,3703,8,33,442,839,580,586,4336,1499,1335,278,4336,14,49,252,4336,14,19,15,1253,58,2
142,8912,274,279,32,10180,5456,14,274,17525,5,1088,10,1675,32,117,2
367,212,5941,14015,111,202,7,302,9,484,4522,408,8,811,431,10406,1165,2752,482,1011,2752,144,3362,444,117,2
3400,7561,930,17,3698,34,179,34580,1091,11254,1120,278,41,745,1155,17,553,1091,82,2
98,3,41,31,343,28,2246,16,21,182,116,7,249,26,74,14,15,1328,118,12,6,1432,7,1414,16,21,19,336,108,2
185,1112,11254,1795,278,34581,537,37,12,691,7,2410,7,1112,5,28,82,1951,31,52,862,37,11,993,546,957,27,40,85,2
9233,1081,10,122,6,28,1908,9,441,112,14869,8,320,2
958,12584,179,3,41,86,6,17526,539,2
436,936,4336,21,370,17527,10352,838,20,19,11674,10584,1590,1244,12,1826,369,10,224,12,36,129,2227,50,20,61,405,3164,2683,7,6,172,7,6,28,5,740,13,2512,5626,82,461,5,104,35,34582,903,232,2
999,355,2
5182,467,205,867,43,2512,5626,229,19,208,279,3,7697,5182,467,229,19,208,1716,3,7697
3,4,5,6,7,9,11,12,13,16,17,24,63