67,54,4,35238,71,278,146,426,773,43,64,8560,10,122,6,28,17,1224,13,355,7,1943,2
282,40,14,15,215,87,302,358,28,13,15,30,7,317,36,71,801,171,87,183,27,62,440,7,141,2
79,20,417,343,13,165,5,21,68,606,165,159,505,2
79,20,126,19,62,165,1342,12,2476,2
137,1619,156,57,1792,189,66,35239,3,2416,189,66,8118,10,17658,5,286,1792,189,27,17658,465,2
79,157,15,4423,1538,7,1,2
79,368,31,1773,24,2593,709,35,92,14,1572,949,24,1342,2
450,24,63,345,27,1376,210,85,135,65,5,146,2810,345,17,35241,78,840,29,669,2
146,1764,255,1014,85,135,113,5,18,14,712,1496,13,345,7,586,2
146,37,18,20,162,10,6,124,223,175,129,183,13,6283,2
258,37,18,38,35242,116,5,170,375,5,20,162,4477,8071,1704,599,17,516,2
38,636,38,6283,397,2
79,146,698,424,13,71,2
146,1082,5,21,38,170,35243,164,2
146,1383,35,60,35,62,255,7,153,371,422,10,15,124,40,4241,2
146,330,604,35,60,35,330,354,76,3,158,6362,283,37,46,1036,10,70,3149,2
28,14,162,17,260,7,70,556,466,260,5,14,530,10,6,445,149,17,1617,226,2
137,370,5710,13,850,2365,7,2961,27,2217,35244,17,153,2727,2
2023,89,9,13,247,633,3905,8,4,5162,9,9443,8,3,35245,9,10874,8,3,5,5272,9,8131,33,169,10,2718,17,445,8,2023,9036,4,5782,9,8808,8,3,4763,9,9232,8,3,4418,9,16275,8,79,14,157,24,165,1342,2
127,2188,33,277,1765,33,277,203,33,277,39,71,39,27,163,158,4,165,1342,3,122,282,71,39,132,158,4,165,1342,147,494,958,1672,715,2025,363,1220,418,70,3149,2046,595,822,2555,11,30,7,3956,935,12,88,150,2084,2795,5,1215,4701,579,28,14,2325,2
102,101,207,4,28,14,12,11,758,342,2
316,4,148,5440,3,523,1035,3,1207,8719,4,3779,275,11,448,2
412,4,1709,3,1124,5,3576,57,44,2
11,2036,2
386,4,192,7,386,2610,275,744,1481,97,157,7,2264,762,196,4,11,196,277,3,617,5,683,196,2
11,4850,7486,2
273,101,4,410,5,642,10,1150,3,469,3,85,3,5,2345,2
928,2214,77,2
1808,4,1626,5,1246,999,10,2345,2
114,77,4,11,975,93,3,70,322,13,6795,2
149,295,17659,705,1952,3,592,2105,3,869,2912,3,769,1245,9,294,8,3,392,1995,9,294,8,3,888,7806,9,294,8,3,1680,279,3,870,5453,9,294,8,35246,1284,2902,9,83,8,17659,349,35247,3,734,8021,9,47,8,3,560,5644,9,294,47,8,3,333,6085,9,294,47,8,3,653,15145,9,294,47,8,3,786,8241,9,294,8,3,823,6037,9,294,8,3,536,11090,9,47,8,192,35248,33,2756,2
79,197,410,3,642,5,6601,10,157,24,165,1342,12,6,124,2
79,14,449,10,3916,24,165,228,5,258,37,18,237,2562,10,86,13,1342,157,2
1403,37,247,633,57,2279,10,1943,3,1241,3367,10,84,165,228,159,247,633,41,166,488,525,89,2
477,12,540,3,41,160,10,450,63,345,312,976,3,51,3192,37,1342,368,86,35,1572,2
420,36,2
86,13,165,1342,2
1564,79,37,18,3085,4,852,146,233,16831,2315,228,10,6,2178,470,37,92,368,52,607,19,6,1298,5275,2
1028,46,63,345,144,35,890,157,6,124,2412,345,7436,2
1159,410,2178,134,18,190,3040,157,165,1342,2
2178,546,1167,5407,1988,71,1141,1442,17,890,17,521,165,2
1830,740,10,1285,165,1342,5,126,521,165,134,5686,1936,43,1422,1933,2
79,740,10,233,7,6,270,2
58,2
450,63,345,27,1376,397,233,911,5,27,1350,2
395,98,144,63,345,13,88,116,7,1292,26,27,79,82,1066,2
52,1671,10,67,571,1738,19,6,105,1298,5275,2
117,2
17,540,89,3,50,2907,13,9569,9137,5,773,37,63,345,52,450,552,477,12,445,149,2246,2023,14,602,306,1618,2
134,2023,602,306,1618,3,450,63,345,909,180,435,2
343,2023,602,306,382,13,1576,1071,8401,5,86,10,450,35,768,270,2
191,31,1004,165,1342,2
1167,17660,13,88,479,405,6,540,2
71,1141,41,86,10,450,2
395,1167,17660,13,88,664,26,479,2
941,360,2
9234,5890,9776,3,1203
4,8,14