67,54,4,35696,4141,224,3041,3,6921,17717,35697,282,4,629,3041,14,15,4957,522,121,61,10,224,40,744,17,96,115,7,24,71,2
28,20,99,221,12,224,12,35698,139,75,85,18,53,17,7740,17,6,80,1062,129,2
18,369,40,80,3291,51,21,159,1197,319,7,165,2
18,258,37,18,21,68,190,60,5,21,31,38,88,147,51,109,31,731,6,1432,7,165,37,18,21,68,49,2
92,21,68,3647,10,24,43,15,2524,12,7740,2
1025,67,111,37,186,18,53,7740,18,20,19,15,1686,7,1781,3,125,189,135,65,5,98,2576,7,14138,5,378,946,2
7,236,2
81,7,182,4,81,7,182,14,269,17,165,1048,71,324,51,174,306,37,629,3041,14,15,1097,2310,428,2
102,101,4,19,102,77,40,744,24,133,14,382,2
63,94,20,14238,12,24,53,303,2
63,366,20,6853,2
92,546,52,55,37,18,21,31,38,88,165,159,3097,2
24,140,20,4402,1576,75,3136,15,1576,948,2
140,314,159,35698,2
2370,24,130,38,15,145,156,5,239,27,382,2
24,136,813,143,917,2
24,155,143,91,10,463,100,5,74,20,11,202,7,330,93,2
192,4,165,1048,71,324,2
104,4,1228,3,398,3,3368,1134,40,744,2
2424,515,8306,11,2
335,13,36,878,1208,2
15,2063,1430,17,39,355,5,28,20,1564,10,369,10,6,224,19,4275,35701,17,390,63,366,5,98,10,1606,24,3496,27,37,85,470,37,92,550,52,35702,2593,2
3963,3989,6191,3,35703,2
35704,4,35705,35706,35707,35708
4,6,8,12,33