67,54,4,35720,281,297,967,7664,563,3041,3,6921,17718,3,5224,17719,17717,9,35721,8,35722,12641,30,7,61,328,4,629,3041,14,447,87,7,440,2
18,21,6003,71,3,75,12,6,80,21,606,516,13,165,2
18,21,68,355,13,818,1764,517,7,24,4645,10,157,1050,2
18,98,21,15,30,7,690,2
50,99,749,24,12,1663,7,99,87,2
18,20,221,43,629,6191,3,1025,757,3492,12,871,208,2
137,39,4,1286,108,22,267,12,6,495,5,267,12,6,744,3,423,447,22,175,337,2
651,3,5,1731,58,22,175,337,2
3302,2
1427,10,629,6191,82,55,7,3837,1716,3,2868,3,18,14,98,4618,10,52,49,348,501,22,175,12,6,495,5,267,13,6,744,911,35,20,1367,188,12,4125,2
6,28,5,24,723,89,57,31,1671,37,18,14,49,40,39,2
12,1488,3,677,1526,37,18,14,31,2
74,21,68,504,1393,5,1968,2
179,7,71,21,68,6469,2
733,398,21,68,185,2
19,3837,1716,3,2868,3,63,345,20,12512,3,392,20,279,3,347,1492,3,1348,630,44,406,35,20,512,2
393,20,6098,2
733,398,4196,2
6,28,21,31,1204,48,34,3,418,51,18,14,504,226,7,184,186,2429,1625,2
74,21,68,11,739,5,11,760,2
18,90,796,5,2041,5,21,31,1204,1143,611,2
18,90,300,3,375,3,446,3,5,648,2
102,101,4,19,102,101,89,3,18,197,60,2
63,94,35724,2
6,130,156,14,388,5,145,3,140,3650,624,3,620,1811,624,602,306,99,87,2
2926,63,345,20,1947,2
6,28,2103,15,2859,690,188,12,1374,2808,2
18,90,88,553,7,670,1030,26,116,508,7,1524,2
6,28,21,15,80,30,7,3680,37,20,343,13,5075,2909,2
18,21,31,68,1220,159,286,2
12,1488,3,6,99,972,444,20,2974,12,1663,7,99,87,3,1123,169,10,24,35727,10,7740,2
18,90,2486,1098,35,60,35,418,2
19,102,101,3,18,14,15,381,3256,12,11,199,342,2
6,136,813,57,917,2
6,1955,656,57,296,2
74,57,11,116,7,3680,2
6,48,14,91,10,463,2
6,130,327,57,145,2
74,57,11,502,26,561,2
6,194,114,57,770,7,93,5,132,24,415,57,770,7,35728,51,6,3194,57,35729,5,606,2067,2
192,5,104,4,15,1279,87,302,428,13,15,80,30,7,3680,3,75,20,343,13,12642,13,232,295,121,3,99,87,397,18,53,6,9371,3,38,15,35730,972,2
18,109,31,46,1375,116,7,3680,51,89,50,46,564,15,390,972,35,60,35,9796,5,3476,2
71,86,10,52,15,147,2
2985,179,86,10,52,1063,10,2941,2
89,3,50,46,17722,348,27,501,22,337,2
946,2
6,723,14,530,10,144,19,6,39,10,810,1338,37,3486,18,14,31,49,40,297,27,40,802,2
6,174,39,143,86,2
92,14,3486,284,37,18,41,160,165,12,6,1143,1398,2
50,104,976,903,5,41,122,24,465,12,1062,113,1396,85,2
134,18,14,3680,3,40,208,98,1509,6,535,12,2941,2985,179,2
3238,40,14,6,365,393,2
18,157,10,52,19,236,3,75,20,1285,405,24,3513,10,7740,2
50,46,17722,6,236,89,125,22,337,2
946,2
50,46,98,1190,15,381,228,7,2684,755,22,337,2
946,2
10,2727,24,861,744,693,18,14,31,106,2
497,4238,35731,3,107,2
746,35732,35733,806,4,12641,825,4,35734,843,4,12641
4,16,21,26,33,42,45,47,49,58,67