67,54,4,18040,12742,3,18041,3,10255,6,28,221,19,18042,13,64,18043 1,1,1,1,1,1,1,1,1,1,1,1,1,1,1,1,1
385,82,30,20,81 1,1,1,1,1
28,20,1187,5,101,43,271 1,1,1,1,1,1,1
30,7,61,328,4,6,28,14,15,18044,428,13,30,7,181,76,5,21,38,855,48,34,225,6,80,210,65,3,12743,43,58,2480,754,1023,3,89,1307,139,125,435,13,36,2480 1,1,1,1,1,1,1,1,1,1,1,1,1,1,10,10,1,1,1,1,1,1,1,1,1,1,1,1,1,1,1,1,37,1,1,1,1,1,1,1,1,1,1
122,385,82,55,17,268,402 1,1,1,1,1,1,1
6,28,14,34,770,132 1,1,1,1,1,1
80,39,30,4,181,76,3,103,251,3,776,3,5,71 1,1,1,1,10,10,1,3,3,3,15,1,1,4
137,39,4,274,3,1052,3,423,3,203,3,5,348 1,1,1,9,1,12,1,26,1,11,1,1,17
122,385,82,55,17,268,402 1,1,1,1,1,1,1
127,4,11,374,357,127 1,1,1,1,1,1
206,30,4,80,1711,1095 1,1,1,5,5,5
81,7,182,4,11,226,7,184,3,11,300,26,375,3,11,555 1,1,1,1,1,1,1,1,1,1,1,1,1,1,1,1
102,101,4,807,4574,3,63,94,18045,3,133,2008,3,1481,581,3,718,1045,1035,42,19,702,737 1,1,1,1,1,1,1,1,1,1,1,1,1,1,1,1,1,1,1,1,1,1,1
227,4,1172,3,1121 1,1,1,1,1
1055,57,877,3,1554,3,5,1115,10,691 1,1,1,1,1,1,1,1,1,1
1955,762,204 1,1,1
136,4,332,3,11,4025,205 1,1,1,1,1,1,1
644,4,145,156,5,239 1,1,1,1,1,1
155,4,91 1,1,1
214,4,269,326,327,3,152,3,396 1,1,1,1,1,1,1,1,1
114,4,11,750,3,743,3,26,93 1,1,1,1,1,1,1,1,1
273,4,410,5,642,1200 1,1,1,1,1,1
1411,1093,57,204 1,1,1,1
670,5,1009,57,204 1,1,1,1,1
457,532,4,177,20,44,338,239,3,13,11,563,84 1,1,1,1,1,1,1,1,1,1,1,1,1
6,28,20,221,43,64,12744,12,6,318,499 1,1,1,1,1,1,1,1,1,1,1
6,28,41,52,162,10,6,528,594,17,268,172,17,2312,695 1,1,1,1,1,1,1,1,1,1,1,1,1,70,70
126,19,676,12,6,318,499,5,166,103,593,1560 1,1,1,1,1,1,1,1,1,1,1,1
122,385,82,55,17,402 1,1,1,1,1,1
497,12745,3,10255,107 1,1,1,1,1
487,4,12746,292,4,12746,533,43,4,12745,3,10255,746,18046,1608,250,31,81,43,262,331,250 1,1,1,1,1,1,1,1,1,1,1,1,1,1,1,1,1,1,1,1,1,1
