67,54,4,18035,6473,318,1141,112,12736,3,6474,12737,40,28,20,221,43,6,385 1,1,1,1,1,1,1,1,1,1,1,1,1,1,1,1,1,1,1
50,660,37,50,46,1187,5,101,6,28,3,81,6,385,82,607,19,6,28,82,940,3,5,235,6,172,3,104,7,198,3,5,566,13,6,28 1,1,1,1,1,1,1,1,1,1,1,1,1,1,1,1,1,1,1,1,1,1,1,1,1,1,1,1,1,1,1,1,1,1,1,1
30,7,61,234,4,6,28,14,15,4992,522,161,315,309,251,849,12,1361,7,5287,18,61,10,6,318,702,13,48,34,159,99,421 1,1,1,1,1,1,1,1,1,1,1,1,1,3,3,1,1,1,1,1,1,1,1,1,1,1,1,1,1,1,1,1
92,21,68,8761,530,10,24,188 1,1,1,1,1,1,1,1
18,90,88,10250,26,8762,34,530,467,24,188 1,1,1,1,1,1,1,1,1,1,1
313,3,6,48,34,21,68,543,159,10251,10,223,12740,40,495 1,1,1,1,1,1,1,1,1,1,1,1,1,1,1
11,226,7,184,3,990,3,3638,3,26,616 1,1,1,1,1,1,1,1,1,1,1
18,242,31,49,88,754 1,1,1,1,1,37
18,61,10,6,318,702,89,139,18,2355,10,24,1448,3,121,1081,24,10,468,10,6,318,702,17,172 1,1,1,1,1,1,1,1,1,1,1,1,1,1,1,1,1,1,1,1,1,1,1,1,1
6,28,90,49,88,754,5,90,88,48,34,255,159,24,251,20,469,188,12,1361,5287,81,7,182,4,6,28,38,128,8761,48,34 1,1,1,1,1,37,1,1,1,1,1,1,1,1,1,1,1,1,1,1,1,1,1,1,1,1,1,1,1,1,1,1
80,39,30,4,173,17,818,1764,606,71,3,106,3,365,393,3,181,120,76,3,5,1220 1,1,1,1,1,1,1,1,1,4,1,7,1,15,15,15,10,10,10,1,1,1
80,164,5,540,158,251,849,17,62,309,243,188,12,1361,5287,39,4,809,3,1405,3,610,3,1052,3,5,423,3,158,203 1,1,1,1,1,1,1,1,1,1,1,1,1,1,1,1,1,17,1,1,1,9,1,12,1,1,26,1,1,11
127,4,11,374,357,127 1,1,1,1,1,1
206,30,5,150,30,4,6,28,21,15,80,30,7,699,157 1,1,1,1,1,1,1,1,1,1,1,1,1,1,1
18,90,88,541,26,247,357,157 1,1,1,1,1,1,1,1
102,101,4,316,205,4,1130 1,1,1,1,1,1,1
44,316,205 1,1,1
100,877,63,94 1,1,1,1
207,197,4,2269,522,376,12,11,199,342 1,1,1,1,1,1,1,1,1,1
155,4,91,10,463,100 1,1,1,1,1,1
103,4,304,3,310,3,145,156,5,239,97,213,3,561,26,502 1,1,1,1,1,1,1,1,1,1,1,1,1,1,1,1
214,4,269,326,327 1,1,1,1,1
152,3,396 1,1,1
779,4,8763 1,1,1
114,4,11,194,114,474,26,93 1,1,1,1,1,1,1,1
457,172,4,345,14,18036,149,57,174,5605,72 1,1,1,1,1,1,1,1,1,1,1
805,14,7771,44,836,5,2613,264 1,1,1,1,1,1,1,1
48,738,111,131,3518,3,131,817,3,376,44,3886,3,11,997,1984,26,792 1,1,1,1,1,1,1,1,1,1,1,1,1,1,1,1,1,1
177,111,10252,12,2473,5,2712,1129,10,62,177,12,1361,5287,340,1598,12,230,4,339,14,15,4992,522,13,15,30,7,181,120,76,61,13,48,34,159,24,251,849,12,1361 1,1,1,1,1,1,1,1,1,1,1,1,1,1,1,1,1,1,1,1,1,1,1,1,1,1,1,1,10,10,10,1,1,1,1,1,1,1,1,1,1
119,41,343,24,17,62,1559,251 1,1,1,1,1,1,1,1
119,41,126,247,676,3,754,17,34,3,138,203,3,454,528,35,10,268,993,5,355 1,1,1,1,1,1,37,1,1,1,1,11,1,1,1,1,1,1,1,1,1
27,40,85,6,28,14,224,1607,211,3,2033,688,10,6,103,1109 1,1,1,1,1,1,1,1,1,1,1,1,1,1,1,1
566,9,158,534,748,261,8,4,534,14,211 1,1,1,1,1,1,1,1,1,1,1
1218,18037,10253,10254,3,107 1,1,1,1,1,1
12741,18038,18039,533,43,4,10253,10254,3,107 1,1,1,1,1,1,1,1,1,1
12741,250,31,81,43,262,331,250 1,1,1,1,1,1,1,1
