67,54,4,18069,1635,168,55,414,4,10258,3,4027,542,4,8769,2277,856,54,7,168,4,12755,262,4,10265,451,4,64,10264,6475,9,18070,599,8,404,17,168,10,1635,4,1288,379,719,220,256,151,3,142,3,5289,3,699,157,1584,4577,5,811,2095 1,1,1,1,1,1,1,1,1,1,1,1,1,1,1,1,1,1,1,1,1,1,1,1,1,1,1,1,1,1,1,1,1,1,1,1,1,1,1,1,1,1,1,1,1,4,1,7,1,1,1,18,18,19,30,1,1,32
343,220,10266,17,1624,1954,7,2357 1,1,1,1,1,1,1,1
282,4,79,13,270,3417,341,709,5,2358,387,484,5611,408,12756,1870,43,300,5,990,477,27,427,744,7,168,27,620,996,973 1,1,1,1,1,1,1,1,1,1,1,1,1,1,1,1,1,1,1,1,1,1,1,1,1,1,1,1,1,1
34,38,11,584,10,188,3,1575,3,59,303 1,1,1,1,1,1,1,1,1,1,1
79,38,11,611,3,418,3,691,7042 1,1,1,1,1,1,1,1,1
1766,308,5,417,316,364,1364,148,18071,716,2520,768,35,2529,3,683 1,1,1,1,1,1,1,1,1,1,1,1,1,1,1,1
2357,55,12,811,1036,3,18072,31,185 1,1,1,1,1,1,1,1,1
79,1007,220,252,3,1848,1318,5,1592,426,2315 1,1,1,54,1,1,1,1,1,1,1
12,230,3,292,10267,364,335,148,18073,716,3643,1007,252,462,3,676,2315,27,7780,5,945,18074,3,7043 1,1,1,1,1,1,1,1,1,1,1,1,54,1,1,1,1,1,1,1,1,1,1,1
2357,55,811 1,1,1
290,10,2308,27,445,149,79,370,18075,189,225,58,435,27,223,58,272,3,96,43,896,228,7,141,189,180,1644,525 1,1,1,1,1,1,1,1,1,1,1,1,1,1,1,1,1,1,1,1,1,1,1,1,1,1,1,1
18,387,1871,10,1872,5,370,8770,829,22,123,36,29,133,118,10,3418 1,1,1,1,1,1,1,1,1,1,1,1,1,1,1,1,1
177,450,111,1954,7,2357,12,811,1036 1,1,1,1,1,1,1,1,1
79,3419,10,1635,220,1496,1734,7,34 1,1,1,1,1,1,1,1,1
674,4,1464,872,4,1012,862,12757,13,209,1464,3,1195,10260,3,3641,2205,3,1831,7041 1,1,1,1,1,1,1,1,1,1,1,1,1,1,1,1,1,1,1,1
1220,106,2944,76,10261,4,284,3888,71,324,3,372,95,560,398,10268,18076 1,1,1,1,1,1,1,1,1,1,1,1,1,16,16,16,16
7775,7776,935,39,748,168,4,1782,9,1712,456,8,25,32,9,8768,45,49,36,45,9,73,8,123,388,65,8,2092,9,3642,8,25,305,9,672,45,5989,49,36,45,9,73,8,8,3,58,45,605,3,117,45,608,3753,9,4996,782,8,25,32,9,1269,45,49,36,45,9,73,8,8,1405,9,1986,8,25,305,9,2400,45,49,36,45,9,73,8,8,1405,9,1986,8,25,276,9,1314,45,49,36,45,9,73,8,8,12758,25,276,9,4176,45,49,829,7044,45,9,73,8,8,3,3085,488,973,228,7,1405,35,135,12759,930,9,1868,8,25,305,9,2576,45,49,36,45,9,73,8,8,3,49,36,1576,27,1350,5988,9,7777,8,7781,2094,605,2671,9,2359,965,1318,8,12760,2530,32,1781,1686,9,165,1686,9,1643,8,8,7045,608,3,581,1034,608,521,69,218,25,32,9,647,45,49,36,45,9,73,8,8,6476,3756,829,42,7781,2951,608,959,1092,4177,1096,892,167,167,1690,25,3080,123,135,65,167,34,12,188,3,3414,9,647,45,49,36,45,9,73,8,8 1,1,1,1,1,1,1,1,1,1,1,1,1,1,1,1,1,1,1,1,1,1,1,1,1,1,1,1,1,1,1,1,1,1,1,1,1,1,1,1,1,1,1,1,1,1,1,1,1,1,1,1,1,1,1,1,1,1,1,1,1,1,1,1,1,1,1,1,1,1,1,1,1,1,1,1,1,1,1,1,1,1,1,1,1,1,1,1,1,1,1,1,1,1,1,1,1,1,1,1,1,1,1,1,1,1,1,1,1,1,1,1,1,1,1,1,1,1,1,1,1,1,1,1,1,1,1,1,1,1,1,1,1,1,1,1,1,1,1,1,1,1,1,1,1,1,1,1,1,1,1,1,1,1,1,1,1,1,1,1,1,1,1,8,8,1,1,1,1,1,1,1,1,1,1,1,1,1,1,1,13,1,1,1,1,1,1,1,1,1,1,1,1,40,1,1,1,1,1,1,1,1,1,1,1,1,1,1,1,1,1,1,1,1,1,1,1,1,1,1,1,1,1,1,1,1,1,1,1
959,2009,2010,2011,3523,3,10269,3015,165,145,1781,9,1315,1024,521,8,127,4,203,33,874,29,367,361,1896 1,1,1,1,1,1,1,1,8,8,8,1,1,1,1,1,1,1,1,1,1,1,1,1,1
1765,33,874,1846,33,874,4,572,1690,7046,4,874 1,1,1,1,1,1,1,1,1,1,1,1
7047,4,21,858,4776,13,3016,18,245 1,1,1,1,1,1,1,1,1
308,1095,3,18077,1308,87 18,18,18,18,18,18
2121,485,29,11,2952,3,88,1113,357,157 1,1,1,1,1,1,1,1,1,1
102,77,4,316,4,364,1483,148,18078,716,1245,2573,853,42,58,59,1929,292,6477,207,4,480,3,2672,642,3,1268,4357,3420,34 1,1,1,1,1,1,1,1,1,1,1,1,1,1,1,1,1,1,1,1,1,1,1,1,1,1,1,1,1,1
227,4,863,3,665,3,1124,797 1,1,1,1,1,1,1,1
1042,1110 1,1
576,8771,632 1,1,1
48,4,751,682,19,4358,77 1,1,1,1,1,1,1
720,4,145,3,1736,3,409,304,3,310 1,1,1,1,1,1,1,1,1,1
11,3091 1,1
1630,4573 1,1
1032,217,1028,362,4,1289,3,152,3,952,3,1465,11,969,114,4,11,743,3,750,3,93 1,1,1,1,1,1,1,1,1,1,1,1,1,1,1,1,1,1,1,1,1,1
617 1
352,4,15,329,1117,123,195,532,349,3626,83,9,1312,8,524,333,10270,9,2437,8,42,560,4178,9,2531,8,1451,734,12761,9,2615,8,1785,536,6478,9,1589,8,1381,653,1600,9,1360,8,1227,786,4999,9,1479,8,1588,823,5290,9,1480,8,654,795,4359,9,1424,8,42,1737,79,4029,9,3162,8,1060,1737,1074,1293,1074,1738,57,5291,344,17,1484,5000,340 1,1,1,1,1,1,1,1,1,1,1,1,1,1,1,1,1,1,1,1,1,1,1,1,1,1,1,1,1,1,1,1,1,1,1,1,1,1,1,1,1,1,1,1,1,1,1,1,1,1,1,1,1,1,1,1,1,1,1,1,1,1,1,1,1,1,1,1,1,1,1,1,1,1,1,1,1,1,1,1,1,1
1737,2206,10271,59,9,2834,8,1060,1154,1066,370,1257,1125,1277,1542,1713,9,1739,8,42,577,2148,9,1786,8,42,847,108,9,1740,8,42,830,117,9,1832,8,42,864,36,9,1691,8,42,714,1209,18079,9,2240,8,524,714,577,12762,9,2241,8,524,714,847,7782,83,9,2577,8,524,714,830,7048,83,9,2242,8,524,714,864,5990,9,2278,8,524,1661,200,9,44,8,1577,200,9,44,8,2360,200,2096,200,456,9,578,149,8,2401,59,9,1305,8,351,663,9,578,149,8,2953,9,1276,8,351,835,9,578,149,8,2616,9,1310,8,351,769,9,578,149,8,7783,9,1450,8,351,392,9,578,149,8,625,9,1311,8,219,347,9,578,149,8,2042,9,1601,8,219,345,9,578,149,8,3421,83,9,1359,8,219,512,2902,9,1478,8,219,1555,2037,9,1659,8,219,1184,1537,9,1660,8,1556,1258,1259,1956,955,9,2720,8,1454,1905,1956,1514,9,3248,8,42,1905,1988,4179,1520,266,10,2721,422,1514 1,1,1,1,1,1,1,1,1,1,1,1,1,1,1,1,1,1,1,1,1,1,1,1,1,1,1,1,1,1,1,1,1,1,1,1,1,1,1,1,1,1,1,1,1,1,1,1,1,1,1,1,1,1,1,1,1,1,1,1,1,1,1,1,1,1,1,1,1,1,1,1,1,1,1,1,1,1,1,1,1,1,1,1,1,1,1,1,1,1,1,1,1,1,1,1,1,1,1,1,1,1,1,1,1,1,1,1,1,1,1,1,1,1,1,1,1,1,1,1,1,1,1,1,1,1,1,1,1,1,1,1,1,1,1,1,1,1,1,1,1,1,1,1,1,1,1,1,1,1,1,1,1,1,1,1,1,1,1,1,1,1,1,1,1,1,1,1,1,1,1,1,1,1,1,1,1,1,1,1,1,1,1,1,1,1,1,1,1,1,1,1,1,1,1,1,1,1,1,1,1,1,1,1,1,1,1,1,1
2438,601,2149,9,2673,8,1454,1258,1259,1578,9,3244,8,721,689,4,506,33,500,5292,3,266,155,1053,220,152,1233,3,131,3518,3,871,371 1,1,1,1,1,1,1,1,1,1,1,1,1,1,1,1,1,1,1,1,1,1,1,1,1,1,1,1,1,1,1,1,1
177,4,12755,18080,338,2770,220,156,215,29,811,2357,3,1014,643,29,3644,1362,1865,29,525,1865,3,166,12763,84,29,416,3629 1,1,1,1,1,1,1,1,1,1,1,1,1,1,1,1,1,1,1,1,1,1,1,1,1,1,1,1,1
2578,4,1288,379,719,13,311,39,147,3,1409,280,3,699,30,3,151,61,13,173,177,84,12,811,1950 1,1,1,1,1,1,1,1,1,1,1,23,1,1,1,1,4,1,1,1,1,1,1,1,1
517,6,445,149,20,18081,3,3645,528,5612,10,18082,2308,5,343,24,13,10266,123,58,13,1349,295,3,158,1954,7,116,5,1954,7,177,84 1,1,1,1,1,1,1,1,1,1,1,1,1,1,1,1,1,1,1,1,1,1,1,1,1,1,1,1,1,1,1,1,1
176,325 1,30
132,19,423,3,1163 1,1,87,1,81
21,370,252,170,85,405,40,172 1,1,54,1,1,1,1,1
127,14,361,1896 1,1,1,1
5293,13,3646,7,86,105,252,17,354,1155 1,1,1,1,1,1,54,1,1,1
86,676,18083,1551 1,1,1,1
160,1176,50,17,10272,35,60,35,341,2228,35,79,21,151 1,1,1,1,1,1,1,1,1,1,1,1,1,4
18,12764,268,2173,7,24,181,3524,43,593,12,1014,65 1,1,1,1,1,1,1,1,1,1,1,1,1
10273,21,341,7,3163,3,2038,208,46,475,243,7,1303,173 1,1,1,1,1,1,1,1,1,1,1,1,1,1
365,341,17,18084,3163,29,96,105,177,3,116,3,1989 1,1,1,1,1,1,1,1,1,1,1,1,1
134,79,10274,10,1410,445,3,286,713,2038,429,154,17,3621,7,341,7784 1,1,1,1,1,1,1,1,1,1,1,1,1,1,1,1,1
178,1342 1,1
416,1053,1930,3,368,3647,289,125,247,132 1,1,1,1,1,1,1,1,1,1
713,10,172,12765,10272,3,5001,3524,5,2118 1,1,1,1,1,1,1,1,1,1
2608,613,35,572 1,53,1,1
195,151 1,4
144,366,892 1,1,1
659,1764 1,1
18,41,606,1236,179,7785 1,1,1,1,1,1
791,39,17,1906 1,1,1,1
253,1808 1,1
79,82,12766,389,41,52,1515,405,40,124 1,1,1,1,1,1,1,1,1,1
11,934,17,1808,278 1,1,1,1,1
346,1220 1,1
1515,19,137,6479,7,2950,4777,144,8772,405,124 1,1,1,1,1,1,1,1,1,1,1
460,209,34 1,1,1
791,930 1,1
1007,3885,2436,35,356,503,19,12766,254,1003 1,1,1,1,1,1,1,1,1,1
652,18085 1,1
815,29,19,676,12765 1,1,1,1,1
1931,852,4778,47,18086 1,1,1,1,1
