67,54,4,18054,4027,10258,18055,189,11,4,18056,12748,1002,124,1609,297,54,4,1655,680,3,1985,18057,112,17,40,12749,28,7,64,6475,640,7,175,65,7,798,2041,3,1206,5,4028,453,5,459 1,1,1,1,1,1,1,1,1,1,1,1,1,1,1,1,1,1,1,1,1,1,1,1,1,1,1,1,1,1,1,1,1,1,1,1,1,1,1,1,1,1,1,1,1
258,20,124,99,87,17,3752 1,1,1,1,1,1,1
39,4,1262,3,1782,3,3753,3,2092,3,1781,1686,125,189,4575,3,581,189,1729,2197,127,10,8765,5,1846 1,1,27,1,1,1,1,1,1,1,8,8,1,1,1,1,1,1,1,1,1,1,1,1,1
6,28,258,21,266,657,453 1,1,1,1,1,1,1
40,14,31,6,188,34,37,18,38,99,87,13,12750 1,1,1,1,1,1,1,1,1,1,1,1,1
336,7772,349,3,3014,7773 1,1,1,1,1,1
504,3519 1,1
1087,2147,763 1,1,1
2276,2833 1,1
188,13,11,1903,246 1,1,1,1,1
11,2435,246 1,1,1
246,225,70,3887,618 1,1,1,1,1
873,4,9,36,8,1019,1091,12,71,13,30,7,12750,5,4576 1,1,1,1,1,1,1,1,4,1,1,1,1,1,1
278,13,64,8766 1,1,1,1
41,343,13,2900,1592,22,1208 1,1,1,1,1,1,1
123,539,65 1,1,1
6,28,1175,10,118,633 1,1,1,1,1,1
369,17,249,3,459,26,188,34 1,1,1,1,1,1,1,1
9,58,8,70,657,34 1,1,1,1,1,1
109,31,753,422,10,1091 1,1,1,1,1,1
3754,4774,22,1208 1,1,1,1
47,141,13,11,878 1,1,1,1,1
369,10,224,35,503,18058 1,1,1,1,1,1
10259,12751,3,5607,3,5608,18059 1,1,1,1,1,1,1
