67,54,4,18060,7774,168,55,1288,379,522,13,1464,872,3,317,58,151,3,958,121,1268,170,3,207,618,5,2346,34 1,1,1,1,1,1,1,1,1,1,1,1,1,1,4,4,4,1,1,1,1,1,1,1,1,1,1,1
18,1540,640,7,170,322,3,75,14,1414,3,12752,5,4775 1,1,1,1,1,1,1,1,1,1,1,1,1,1
18,55,170,3413,34,3,75,21,68,285,115,12,6,80,13,48,241,5,1083,570 1,1,1,1,1,1,1,1,1,1,1,1,1,1,1,1,1,1,1,1
18,640,7,207,474,5,34,12,951,35,60 1,1,1,1,1,1,1,1,1,1,1
1268,474,12,595,5,764 1,1,1,1,1,1
18,21,68,1515,12,930,1142,22,305,3,1690,108,22,5,4356,141,22,69 1,1,1,1,1,1,1,1,1,1,1,1,1,1,1,1,1,1
18,21,454,1041,3,2093,258,37,18,368,31,4572,6,34,35,62,1201 1,1,1,1,1,1,1,1,1,1,1,1,1,1,1,1,1
18,14,510,17,62,1904,168,10,527,5,5609,319,24,34,483 1,1,1,1,1,1,1,1,1,1,1,1,1,1,1
147,1464,872,4,1012,862,2614,13,209,1464,3,1195,10260,3,3641,2205,3,1831,7041,1220,106,2944,76,33,64,232,238,4,488,8767,10261,4,284,3888,71,324,7775,7776,935,64,232,3161,604,39,1405,9,1986,8,1314,3,36,45,9,73,8,25,276,5988,9,7777,8,36,894,2094,608,2092,9,3642,8,672,3,36,45,9,73,8,25,305,4,58,45,605,3,117,45,608,3753,9,4996,782,8,1269,3,36,45,9,73,8,25,32,4356,9,1690,1541,8,378,3,36,45,9,73,8,25,69,167,167,170,34,4,636,4997,115,89,1405,9,1986,8,2400,3,36,45,9,73,8,25,305,930,9,1868,8,672,3,117,568,9,73,8,25,305,123,180,65,9,73,8,1781,1686,9,165,1686,9,1643,8,8,1245,1034,608,3,125,1034,608,521,69,959,1092,58,1222,1096,892,167,167,1782,9,1712,456,8,8768,3,36,45,9,73,8,25,32,123,388,65,9,73,8,218,647,3,36,45,9,73,8,25,32,165,145,1781,9,165,145,1643,8,1315,1024,521,1690,647,3,36,45,9,73,8,25,1869,167,34,12,188,3,3414,127,203,33,874,1765,33,874,1144,4,245,12,18061,13,18062 1,1,1,1,1,1,1,1,1,1,1,1,1,1,1,1,1,1,1,1,7,1,1,1,1,1,1,1,1,1,1,1,1,1,1,1,1,1,1,1,1,1,1,1,1,1,1,1,1,1,1,1,1,1,1,1,1,1,1,1,1,1,1,1,1,1,1,1,1,1,1,1,1,1,1,1,1,1,1,1,1,1,1,1,1,1,1,1,1,1,1,1,1,1,1,1,1,1,1,1,1,1,1,1,1,1,1,1,1,1,1,1,1,1,1,1,1,1,1,1,1,1,1,1,1,1,1,1,1,1,1,1,1,1,1,1,1,1,1,1,1,1,1,1,1,1,1,1,1,1,1,1,1,1,1,8,1,1,1,1,1,1,1,1,1,1,1,1,1,1,1,1,1,1,1,1,1,1,1,1,1,1,1,1,1,1,1,1,1,1,1,1,1,1,1,1,1,1,1,1,1,13,1,1,1,1,1,1,1,1,1,8,8,8,1,1,1,1,1,1,1,1,1,1,1,1,1,1,1,1,1,1,1,1,1,1,1,1,1,1,1,1,1,1,1,1,1,1,1,1,1,1
3415,3,3520,123,108,87 1,1,1,1,1,1
11,1113,357 1,1,1
104,4,36,8,1019,1013,3,290,10,1464,18063,21,221,64,10262,35,62,1201,17,1168,7,24,855,618,34 1,1,1,1,1,1,1,1,1,1,1,1,1,1,1,1,1,1,1,1,1,1,1,1,1
1574,420,3319 1,1,1
242,31,1107,99,987 1,1,1,1,1
482,4998,5288,684,4,1363 1,1,1,1,1,1
58,8,2313,12,7778,3755,290,10,3521,1803,19,930,9,5,2092,17,1326,483,8 1,1,1,1,1,1,1,1,1,1,1,1,1,1,1,1,1,1,1
508,278,43,3522 1,1,1,1
237,166,10,12753,24,34,179,389,10,174,7779,9,1169,33,2436,3,18064,3,2314,8 1,1,1,1,1,1,1,1,1,1,1,1,1,1,1,1,1,1,1,1
117,8,3521,631,1386,27,163,46,68,601,1847,132,19,596,69 1,1,1,1,1,1,1,1,1,1,1,1,1,1,1
210,8,18065,1255,66,406,481,5,91,18066,3,18067 1,1,1,1,1,1,1,1,1,1,1,1
10263,5,4175 1,1,1
363,254,66,1987,944,436,1007 1,1,1,1,1,1,1
50,2901,24,1216,10,52,1922 1,1,1,1,1,1,1
64,2344,5610,41,1495,6,3416,12754,868,18068 1,1,1,1,1,1,1,1,1,1
1426,10264,6475,3,229 1,1,1,1,1
