67,54,4,18094,1663,625,3,10277,64,18095,4578,297,499,10278,1622,124,684,4,7049,3,8773,509,47,4,12770,2523,4,1135,680,3,2723,882,64,4578,4,941,360,17,510,293,8773,7049,10,1025,273,499 1,1,1,1,1,1,1,1,1,1,1,1,1,1,1,1,1,1,1,1,1,1,1,1,1,1,1,1,1,1,1,1,1,1,1,1,1,1,1,1,1,1,1,1,1,1
50,1535,37,16,14,510,425,17,172,7,4779 1,1,1,1,1,1,1,1,1,1,1
293,7049,14,15,4030,3092,71,498,121,21,387,837,7,23,194,114,159,12771,6,837,126,12,23,415,5,2122,4780,637,115,10,6,444,7,6,384 1,1,1,1,1,1,4,1,1,1,1,1,1,1,1,1,1,1,1,1,1,1,1,1,1,1,1,1,1,1,1,1,1,1,1
12,12772,3,6,837,126,10,1246,23,666 1,1,1,1,1,1,1,1,1,1
12,10279,3,6,28,55,2674,7,6,671,4155,10280,762,7,394,666,3,53,984,306,70 1,1,1,1,1,1,1,1,1,1,1,1,1,1,1,1,1,1,1,1,1
6,28,90,88,34,12,23,248,26,764 1,1,1,1,1,1,1,1,1,1
16,21,15,1811,87,30,7,1845,266,188,34,5,136,34,584,10,23,53,473,114,233,6,1767,467,10,23,666 1,1,1,1,1,1,1,1,1,1,1,1,1,1,1,1,1,1,1,1,1,1,1,1,1,1,1
12,10281,3,6,28,2304,467,15,10282,66,15,2012,7,223,180,764 1,1,1,1,1,1,1,1,1,1,1,1,1,1,1,1
1427,10,6,28,3,16,3648,15,875,2675,3,51,164,20,31,934 1,1,1,1,1,1,1,1,1,1,1,1,1,1,1,1
16,2903,46,34,12,23,53,2150,5,136,139,6,667 1,1,1,1,1,1,1,1,1,1,1,1,1
6,28,387,3017,5,648,12,10283,12,10279,3,16,126,10,46,116,7,2243,1440,75,16,768,35,190,8774,3,8775,7,889,748,1210 1,1,1,1,1,1,1,1,1,1,1,1,1,1,1,1,1,1,1,1,1,1,1,1,1,1,1,1,1,1,1
6,28,98,55,700,5294,12,10279,169,10,23,919,12,8776,80,39,30,4,165,1048,71,159,7765,3,106,3,776,3,648,3,3017,3,3159,3412,7,6,412,3,1082,3,110,2430,516,3,30,7,136,34,5,266,188,34,35,2123,270,3,30,7,2043,992,76,3,196,147,157,15,1397,7,1202,1455,3,6480,3093,12,10283,137,39,4,274,3,1812,3,1088,3,5295,3,1202,1455,3,950,3,4180,3,3754,3,165 1,1,1,1,1,1,1,1,1,1,1,1,1,1,1,1,1,1,8,1,1,1,1,1,7,1,15,1,1,1,1,1,1,1,1,1,1,1,1,1,1,1,1,1,1,1,1,1,1,1,1,1,1,1,1,1,1,1,1,1,1,1,1,1,1,1,1,1,1,1,1,1,1,1,1,1,1,1,9,1,20,1,13,1,12,1,1,1,1,1,1,1,1,1,1,8
127,4,11,374,357,127 1,1,1,1,1,1
206,30,4,6,28,14,920,16,21,267,491,3,180,5,171,87,7,440 1,1,1,1,1,1,1,1,1,1,1,1,1,1,1,1,1,1
16,157,10,285,35,15,3890,8777,597,16,919,12,1387,7,8776,6,28,334,238,12,8778,16,90,88,30,7,541,26,357,1229 1,1,1,1,1,1,1,1,1,1,1,1,1,1,1,1,1,5,5,1,1,1,1,1,1,1,1,1,1,1
150,30,4,661,583,7,885,646,27,6,440,7,10284,23,661,20,71,5,38,130,147 1,1,1,1,1,1,1,1,1,1,1,1,1,1,1,1,4,1,1,1,1
573,583,12,24,180,82 1,1,1,1,1,1
6,28,109,31,731,6,646,7,2942 1,1,1,1,1,1,1,1,1
6,28,38,175,1020,121,583,12,23,215,82,66,71,698 1,1,1,1,1,1,1,1,1,1,1,1,4,1
16,38,267,848,121,583,7,71,698 1,1,1,1,1,1,1,4,1
7,23,267,245,848,3,175,7,1485,14,98,15,71 1,1,1,1,1,1,1,1,1,1,1,1,4
6,28,82,491,57,31,71 1,1,1,1,1,1,4
74,14,11,374,150,30,7,10285,935 1,1,1,1,1,1,1,1,1
102,101,4,471,7,759,7,6,136,14,406 1,1,1,1,1,1,1,1,1,1,1
413,3249,1288,851,10,1275,518 1,1,1,1,1,1,1
406,136,899 1,1,1
72,18096,1849 1,1,1
72,1080,246 1,1,1
145,103,239,3,11,130,213 1,1,1,1,1,1,1
72,216,222 1,1,1
12,6,3154,269,3,63,94,18097,3,130,156,335,5,145 1,1,1,1,1,1,1,1,1,1,1,1,1,1
748,1210,3,63,94,894,10,12773,3,130,156,557,4579,6,28,20,1497 1,1,1,1,1,1,1,1,1,1,1,1,1,1,1,1,1
273,101,4,944,161,4,410,3,10286,5,999 1,1,1,1,1,1,1,1,1,1,1
6,28,731,6,414,7,23,331,3,64,4578,3,64,8779,3,5,64,5992,27,10287,163 1,1,1,1,1,1,1,1,1,1,1,1,1,1,1,1,1,1,1,1,1
1411,1093,4,678,1412,296 1,1,1,1,1,1
678,4580,13,1164,2361,18098,19,6,70,3,12774,7044,19,6,53 1,1,1,1,1,1,1,1,1,1,1,1,1,1,1
1955,656,296 1,1,1
11,1866 1,1
1055,7786,1115,10,691 1,1,1,1,1
4759,1657,917,100 1,1,1,1
11,1114,3757 1,1,1
6,1439,5,152,2525,1170,675 1,1,1,1,1,1,1
670,101,4,2674,7,6,671,4155,10280,5,7050,3,984,19,6,53,666 1,1,1,1,1,1,1,1,1,1,1,1,1,1,1,1,1
11,2674,7,6,7051,7052,8780 1,1,1,1,1,1,1
72,303,2350 1,1,1
670,628,154,1006,12,233,762,7,394,473,114,708,17,3422,323,7,6,671,4155,10280,5,7051,18099,18100,100 1,1,1,1,1,1,1,1,1,1,1,1,1,1,1,1,1,1,1,1,1,1,1,1,1
11,323,7,6,7051,7052,8780,19,1275,666 1,1,1,1,1,1,1,1,1,1
670,628,154,7,6,194,114,1006,708,17,131,323,7,415,3423,10288,100 1,1,1,1,1,1,1,1,1,1,1,1,1,1,1,1,1
6,28,20,449,10,321,19,23,415,5,1404,477,659,8781,6,101 1,1,1,1,1,1,1,1,1,1,1,1,1,1,1,1
1672,2481,1056,217,100,27,6,2724,3,3525,3,5,384 1,1,1,1,1,1,1,1,1,1,1,1,1
1688,595,3649,100 1,1,1,1
415,2439 1,1
11,8782,7,6,194,114 1,1,1,1,1,1
1009,101,4,173,17,1688,4581,7787,511,12,394,764,115,10,6,444,7,6,384 1,1,1,1,1,1,1,1,1,1,1,1,1,1,1,1,1,1,1
4581,7787,511,14,1441,12,6,4155,1385,7,233,951,5,6,10289,1385,7,394,666 1,1,1,1,1,1,1,1,1,1,1,1,1,1,1,1,1,1,1
3410,511,1688,12,6,415,3,204,27,6,595,5,384,100 1,1,1,1,1,1,1,1,1,1,1,1,1,1
204,3410,511,12,6,473,114 1,1,1,1,1,1,1
3243,154,173,17,1768,8783,3,51,6,28,242,31,667 1,1,1,1,1,1,1,1,1,1,1,1,1
3526,700,20,500,3,51,265,186,659,6,101 1,1,1,1,1,1,1,1,1,1,1
11,2346,2771 1,1,1
457,532,4,81,7,356,457,154,7,208,3,10277,3,392,1979,3,347,2044,3,345,18101,1387,3,7053,3,972,44 1,1,1,1,1,1,1,1,1,1,1,1,1,1,1,1,1,1,1,1,1,1,1,1,1,1,1
1519,3,10290,3,1332,44 1,1,1,1,1,1
72,4781 1,1
6,28,1645,16,20,154,72,17,2954,12,7788,3,5,12775,679,7,6,1329,12,7788,5,10290,275,100,696,3018,84,12,6,2440,7789,97,88,2244,240,243 1,1,1,1,1,1,1,1,1,1,1,1,1,1,1,1,1,1,1,1,1,1,1,1,1,1,1,1,1,1,1,1,1,1,1,1
192,5,104,4,12,1351,3,119,46,15,4030,71,498,121,197,10,46,173,12776,4779,13,3891,858 1,1,1,1,1,1,1,1,1,1,1,4,1,1,1,1,1,1,1,1,1,1,1
16,109,46,648,5,3017,35,60,35,2243,1440 1,1,1,1,1,1,1,1,1,1,1
35,119,235,19,6,2174,3,23,2904,39,160,10,52,1237,5,6,28,41,52,96,115,13,360,641,40 1,1,1,1,1,1,1,1,1,1,1,1,1,1,1,1,1,1,1,1,1,1,1,1,1
16,208,1255,66,10291,3892,10,988,23,116,7,2243,1440 1,1,1,1,1,1,1,1,1,1,1,1,1
50,41,52,890,62,3319,10,192,23,4779,5,981,17,88,202,7,6481,2835,604,26,875,4031,19,6,53 1,1,1,1,1,1,1,1,1,1,1,1,1,1,1,1,1,1,1,1,1,1,1,1,1
6,3319,546,98,158,716,694,7054,5,10292,196,922 1,1,1,1,1,1,1,1,1,1,1,1
679,7,6,875,1080,20,98,890,10,826,319,88,1850,1769,75,208,98,2279,10,314,7,511,12,6,248 1,1,1,1,1,1,1,1,1,1,1,1,1,1,1,1,1,1,1,1,1,1,1,1,1
6,28,109,46,15,30,7,4582,875,3648,2675,12,12771,16,208,98,46,38,15,53,2150,1373,27,40,85,75,368,810,201,12777,10,387,18102,2835,3637 1,1,1,1,1,1,1,1,1,1,1,1,1,1,1,1,1,1,1,1,1,1,1,1,1,1,1,1,1,1,1,1,1,1,1
6,28,41,369,17,15,513,112,139,6,270,154 1,1,1,1,1,1,1,1,1,1,1,1
941,360,465,17,510,293,8773,7049,10,1025,273,499 1,1,1,1,1,1,1,1,1,1,1,1
1015,3,18103,12778,3,107 1,1,1,1,1,1
426,4,64,2276,8779,3,281,297,18104,3,10278,1622,124,18105,18106,18107,18108 1,1,1,1,1,1,1,1,1,1,1,1,1,1,1,1,1
