67,54,4,18210,414,4,5305,3,4371,542,4,8803,6,28,468,12,89,17,96,115,7,170,39,147 1,1,1,1,1,1,1,1,1,1,1,1,1,1,1,1,1,1,1,1,1,1,1,1
18,21,15,30,7,317,58,71 1,1,1,1,1,4,4,4
24,366,46,31,68,2536,179 1,1,1,1,1,1,1
677,57,712,12,6,18211,471,12,6,495 1,1,1,1,1,1,1,1,1,1
24,140,14,211 1,1,1,1
18,21,11,194,114,837,26,323 1,1,1,1,1,1,1,1
18,21,15,30,7,287 1,1,1,1,1,15
18,488,24,4373,58,113,183,517,92,20,12808 1,42,42,42,1,1,1,1,1,1,1
18,98,636,118,6,228,270,125,1249,18,21,38,518,915,13,800,5,2071,12,6,80 1,1,1,1,1,1,1,1,1,1,1,1,1,1,1,42,42,42,42,42,42
395,122,24,127,1003,12,1960 1,1,1,1,1,1,1
18,21,15,1814,848,121,38,895,373,27,440,6492,4371,21,38,1119,598,63,6493,186,18,12809,2317,139,52,648 1,1,1,1,1,1,1,1,1,1,1,1,1,1,1,1,1,1,1,1,1,1,1,1,1,1
18,14,2040,7,1146,15,838,14,51,714,1499,15,838 1,1,1,1,1,1,1,1,1,1,1,1,1
18,14,2040,37,18,14,27,118,341,17,895,373,138,24,150,30 1,1,1,1,1,1,1,1,1,1,1,1,1,1,1,1
18,21,11,300,3,375,3,446,3,1366,26,140,314 1,1,1,1,1,1,1,1,1,1,1,1,1
18,21,209,194,188,34,5,100,248,34,37,14,1019,290,10,1044,260 1,1,1,1,1,1,1,1,1,1,1,1,1,1,1,1,1
18,21,194,188,34,5,34,12,24,248,37,14,984,13,321 1,1,1,1,1,1,1,1,1,1,1,1,1,1,1
92,575,186,18,157,15,18212,10,321,963,12,6,3432 1,1,1,1,1,1,1,1,1,1,1,1,1
18,90,194,114,837,3,84,12,24,326,26,931,3,249,26,459 1,1,1,1,1,1,1,1,1,1,1,1,1,1,1,1
24,99,679,20,359,12,18213,12,15,2248,1768,3236,5,20,543,13,1044,260 1,1,1,1,1,1,1,1,1,1,1,1,1,1,1,1,1,1
18,21,943,2677 1,1,1,1
18,14,2040,37,2840,208,118,6004,82,341,17,103,76,5,21,488,49,92 1,1,1,1,1,1,1,1,1,1,1,1,1,1,1,1,1,1
64,7809,3,24,10309,3,510,24,10,64,2891,12,281,297,17,284,1050 1,1,1,1,1,1,1,1,1,1,1,1,1,1,1,1,1
102,77,4,11,199,342 1,1,1,1,1,1
24,63,94,14,12810 1,6,6,6,6
313,3,24,491,3,10306,1412,3,144,24,63,94,27,163,5,92,14,244,60,179 1,1,1,1,1,1,1,1,1,1,1,1,1,1,1,1,1,1,1,1
6,28,299,244,2069,425,12,6,224 1,1,1,1,1,1,1,1,1
136,332,97,910,26,222 1,1,1,1,1,1
155,91,97,407,3,1065,26,1116 1,1,1,1,1,1,1,1
103,4,156,145,145,3,44,304,3,310,97,1162,3,1094,26,213 1,1,1,1,1,1,1,1,1,1,1,1,1,1,1,1
11,1379 1,1
443,133,204 1,1,1
192,5,104,4,9,36,8,317,58,71 1,1,1,1,1,1,1,4,4,4
144,733,398 1,1,1
86,137,39 1,1,1
9,58,8,287 1,1,1,15
18,546,52,19,39,10,1107,24,580,998,3255,18,1645,37,18,237,1833,6,39 1,1,1,1,1,1,1,1,1,1,1,1,1,1,1,1,1,1,1
9,117,8,106,75,14,636,60,179,19,24,112,425 1,1,1,7,1,1,1,1,1,1,1,1,1
24,491,14,15,757,8805,5,109,146,37,24,63,94,14,244,60,179,12,6,3655,471,186,18,144,27,163 1,1,1,1,1,1,1,1,1,1,1,1,1,1,1,1,1,1,1,1,1,1,1,1,1,1
119,41,86,24,137,389 1,1,1,1,1,1
9,210,8,194,188,34 1,1,1,1,1,1
1019,507,10,1044,260 1,1,1,1,1
18,21,62,987,13,64,2891 1,1,1,1,1,1,1
3895,4188,3,107 1,1,1,1
12807 1
