67,54,4,18200,12802,8801,436,599,54,4,1361,1173,3,2364,12803,3,1264,414,4,4371,5305,18201,47,4,18202,626,55,2523,4,4371,14,15,3761,428,121,468,12,17,513,7,24,106 1,1,1,1,1,1,1,1,1,1,1,1,1,1,1,1,1,1,1,1,1,1,1,1,1,1,1,1,1,1,1,1,1,1,1,1,1,1,1,1,1,7
395,122,24,137,39,1003 1,1,1,1,1,1
18,98,21,15,30,7,71 1,1,1,1,1,1,4
225,6,80,493,113,10,175,129,18,21,68,46,855,70,489,34 1,1,1,1,1,1,1,1,1,1,1,1,1,1,1,1
92,14,984,13,2839 1,1,1,1,1
6,34,14,12,24,3430,762,5,584,15,1103,1928,2535,24,473,188 1,1,1,1,1,1,1,1,1,1,1,1,1,1,1,1
92,14,984,134,18,1466,1417,19,24,489,27,421 1,1,1,1,1,1,1,1,1,1,1,1
74,14,11,30,7,1297,3,11,136,34,3,11,473,114,837,26,323,708,17,598,53,3254,837 1,1,1,1,1,1,1,1,1,1,1,1,1,1,1,1,1,1,1,1,1,1,1
6,3254,837,538,134,18,4187,24,666 1,1,1,1,1,1,1,1,1
18,14,98,46,100,384,34,186,18,321 1,1,1,1,1,1,1,1,1,1
74,14,11,474,26,792,26,2486,12,24,384 1,1,1,1,1,1,1,1,1,1,1
18,38,68,19,2840,17,24,1044,260,51,488,92,517,92,20,31,575,24,1044,260,34 1,1,1,1,1,1,1,1,1,1,1,1,1,1,1,1,1,1,1,1,1
3022,17,24,489,34,18,21,68,49,5010,669,22,58,5,115,10,320,135,65 1,1,1,1,1,1,1,1,1,1,1,1,1,1,1,1,1,1,1
18,49,6,5010,13,1199,26,4589,5,14,31,46,88,361,1896,66,92 1,1,1,1,1,1,1,1,1,1,1,1,1,1,1,1,1
18,14,46,15,1629,7,429,13,24,1037,3,3016,18,190,208,46,128,871,1002,147 1,1,1,1,1,1,1,1,1,1,1,1,1,1,1,1,1,1,1,1
23,12804,161,19,23,99,77,20,15,18203 1,1,1,1,1,1,1,1,1,1
313,3,16,810,3,1427,10,24,3,18204,1771,3,109,31,492,7066,16,126,3,5,31,35,18205,35,16,157,10,52 1,1,1,1,1,1,1,1,1,1,1,1,1,1,1,1,1,1,1,1,1,1,1,1,1,1,1,1
16,109,31,492,7023,26,4033,10305,37,18,237,166,201,10,191 1,1,1,1,1,1,1,1,1,1,1,1,1,1,1
119,235,37,16,546,810,15,513,987,10,122,271,10,390,23,12804,161,77,3,51,37,128,7,571,147,57,31,166,10,52,2726,538,3,5,37,18,1317,1255,66,461,1767,10,355,24,958,5,429,444 1,1,1,1,1,1,1,1,1,1,1,1,1,1,1,1,1,1,1,1,1,1,1,1,1,1,1,1,1,1,1,1,1,1,1,1,1,1,1,1,1,1,1,1,1,1,1,1
18,109,299,244,2069,5,1896,27,85 1,1,1,1,1,1,1,1,1
18,38,68,482,49,1405,2403 1,1,1,1,1,1,1
186,18,299,244,1896,5,7067 1,1,1,1,1,1,1
18,14,98,46,7068,13,24,4590,3,121,245,441,6002,5,21,15,147,13,2352,1229,5,664,8802,483 1,1,1,1,1,1,1,1,1,1,1,1,1,1,1,1,1,1,1,1,1,1,1,1
18,90,48,34,3,760,3,739,3,26,93 1,1,1,1,1,1,1,1,1,1,1
18,14,19,24,71,39 1,1,1,1,4,1
18,166,530,10,285,517,37,299,24,319,7,6,1422 1,1,1,1,1,1,1,1,1,1,1,1,1
19,101,4,18,14,15,787,3,5306,428,12,11,199,342 1,1,1,1,1,1,1,1,1,1,1,1,1,1
24,63,94,417,20,3654 1,6,6,6,6,6
139,235,24,2345,13,24,1037,3,24,63,94,20,18206 1,1,1,1,1,1,1,1,1,1,1,1,6
136,332,97,910,26,222 1,1,1,1,1,1
155,57,91,97,1065,26,1116 1,1,1,1,1,1,1
103,77,111,15,145,156,5,239,5,44,304,3,310,97,1162,3,1094,3,26,213 1,1,1,1,1,1,1,1,1,1,1,1,1,1,1,1,1,1,1,1
18,21,11,330,93 1,1,1,1,1
192,5,104,4,9,36,8,106,3,500,179 1,1,1,1,1,1,1,7,1,1,1
41,118,24,1088,10,171,22,337 1,1,1,13,1,1,1,1
946 1
24,491,3,10306,1412,121,14,15,7807,757,3,41,86,10,450,24,63,94 1,1,1,1,1,1,1,1,1,1,1,1,1,1,1,1,1,1
9,58,8,70,489,34 1,1,1,1,1,1
19,77,18,21,232,471,7,759,7,24,489,5,24,762,628,5,1056,57,204 1,1,1,1,1,1,1,1,1,1,1,1,1,1,1,1,1,1,1
18,368,86,6,5010,2403 1,1,1,1,1,1
51,546,49,92,13,12805,26,3023,10,2727,24,3021 1,1,1,1,1,1,1,1,1,1,1,1
9,117,8,6003,71 1,1,1,1,4
119,41,144,24,733,398 1,1,1,1,1,1
18,41,96,115,17,24,492,102,12,208 1,1,1,1,1,1,1,1,1,1
3895,4188,3,107 1,1,1,1
18207 1
