67,54,4,18347,528,7074,1993,124,404,17,112,4,1000,1741 1,1,1,1,1,1,1,1,1,1,1,1,1,1
162,110,103,7079,275,883,309,251,694,30,4,1000,87,302,358,13,15,30,7,142,3,287,3,151,3,5,212 1,3,3,3,3,3,3,3,1,1,1,1,1,1,1,1,1,1,1,7,1,15,1,4,1,1,10
16,2103,15,2035,19,12831 1,1,1,3,3,3
15,445,27,37,85,275,62,1559,794,309,243,3,15,447,42,2763,4195,260,3,15,388,42,18348,260,3,5,15,7080,614,13,15,388,42,260 1,2,2,2,2,2,2,2,2,2,2,2,2,2,2,2,2,2,2,2,2,2,2,2,2,2,2,2,2,2,2,2,2,2
23,2910,20,1505,27,8819,42,13,504,293,16,20,261,163,19,18349,10,5023,17,1398,619 2,2,2,2,2,2,2,2,2,2,2,2,2,2,2,2,2,2,2,2,2
18350,16,20,162,10,7824,124,507,10,553,427,34 1,1,1,1,1,1,1,1,1,1,1,1
1548,18351,713,275,504,509,13,11,174,173,2911,448 1,1,1,1,1,1,1,1,1,1,1,1
74,20,1076,53,692,1029,858,6,2239,3,1362,3,811,3,5,574,1961 1,1,1,1,1,1,1,1,1,1,1,1,1,1,1,1,1
559,1320,42 1,1,1
74,20,1076,70,692,1029,858,6,1503 1,1,1,1,1,1,1,1,1
6,104,20,17,40,28,10,1410,619,29,313,6,28,551,20,858,12,15,5635,4801,3,5,13,268,235,6,1771,20,1049,10,49,201,10,6,445,149,10,1101,2731,470,37,6,28,550,52,13,23,551,35,2104,35,284 1,1,1,1,1,1,1,1,1,1,1,1,1,1,1,1,1,1,1,1,1,1,1,1,1,1,1,1,1,1,1,1,1,1,2,1,1,1,1,1,1,1,1,1,1,1,1,1,1,1,1,1
12847,16,20,943,10,6,8820 2,2,2,2,2,2,2
794,309,38,15,231,42,1449,139,6,3338 2,2,2,2,2,2,2,2,2,2
6,3338,20,15,381,884,13,62,2763,3,5636,3,388,42,243 2,2,2,2,2,2,2,2,2,2,2,2,2,2,2
6,4195,38,15,335,42,5636,243,37,242,31,197,1298,406 2,2,2,2,2,2,2,2,2,2,2,2,2,2
6,12848,38,15,1137,42,1549,243,12,6,637,2287 2,2,2,2,2,2,2,2,2,2,2,2
16,526,251,7,6,3543,794,309,13,15,12849,12850,755,123,18352,251,13,62,1349,295 1,3,3,3,3,3,3,3,1,1,1,1,1,1,1,3,1,1,1,1
40,20,96,43,18353,1156,7,6,4802,7,6,2433,2250,5,6,309 1,1,1,1,1,1,1,1,1,1,1,1,1,1,1,1
6,12851,260,20,388,42,13,519,42,1486,260 1,1,1,1,1,1,1,1,1,1,1
603,3,251,7,6,637,2287,7,6,53,2764,20,582,157,15,12849,1637,755,123,12852,5,15,755,123,8821,251 1,1,3,3,3,3,3,3,3,3,3,3,3,3,3,3,3,3,3,3,3,3,3,3,3,3
6,12851,260,20,1137,42,13,519,42,1486,260 3,3,3,3,3,3,3,3,3,3,3
27,6,1182,7,6,1401,3,74,20,6494,1016,1298,783,13,11,3662,26,1899 1,1,1,1,1,1,1,1,1,1,1,1,1,1,1,1,1,1
6,28,557,211,783,6,427,7,6,168,13,11,268,48,453 1,1,1,1,1,1,1,1,1,1,1,1,1,1,1
16,20,261,163,19,18354 1,1,1,1,1,1
159,23,261,16,21,1005,37,16,20,4381,13,1417,917 1,1,1,1,1,1,1,1,1,1,1,1,1
16,21,98,1005,128,380,590,5,437 1,1,1,1,1,1,1,1,1
16,61,10,7824,124,17,268,172 1,1,1,1,1,1,1,1
23,904,111,11,199,84,3,506,543,13,131,458 1,1,1,1,1,1,1,1,1,1,1,1
16,21,68,1775,3339,13,265,12,23,444,7,437 1,1,1,1,1,1,1,1,1,1,1,1
16,20,688,10,7081,17,15,390,103,593 1,1,1,1,1,1,1,1,1,1
445,89,275,4,2248,883,309,5,12848,251 2,1,1,1,1,1,1,1,1,1
2627,1156,1192,7,637,3338,883 1,1,1,1,1,1,1
18355,614,13,388,42,637,243,170,1937,13,7828,574,3,1362,3,5,7828,811,2537 1,1,1,1,1,1,1,1,1,1,1,1,1,1,1,1,1,1,1
559,279,42,13,6030,3084,504,1027,1504 1,1,1,1,1,1,1,1,1
80,39,30,4,176,6511,402,270,178,151,33,19,622,5,348,195,4600,3888,33,19,3541,5,2092,253,1220,33,19,1782,346,287,460,142,1144,4,1487,137,163,39,4,203,462,22,25,105,1052,171,22,25,608,3642,9,2092,8,3907,605,5,501,22,608,1712,456,9,1782,8,231,1337,25,105,218,755,22,25,105,784,1211,22,25,105,4601,9,3541,8,850,22,25,27,1350,4601,9,3541,8,447,22,25,662,7075,4601,9,3541,8,447,22,25,605,622,647,105,1735,2286,69,423,1269,105,289,378,105,348,846,105,39,19,688,4,784,3019,105,1052,549,276,423,1269,105,218,2010,105,289,549,247,69,622,647,105,3541,1269,69,13,2286,276,252,901,105,1782,6021,105,165,1315,1024,2092,3907,605,5,846,608,206,30,4,1170,66,12833,12,1604,10341,245,13,551,5,723,82,150,12,7073,3,12 1,1,1,1,1,1,1,1,1,4,1,1,21,1,17,1,1,1,1,1,1,1,1,1,1,1,1,1,1,15,1,7,1,1,1,1,1,1,1,11,1,1,1,1,12,1,1,1,1,1,1,1,1,1,1,1,1,1,1,1,1,1,1,1,1,1,1,1,13,1,1,1,1,9,1,1,1,1,1,1,1,1,1,1,1,1,1,1,1,1,1,1,1,1,1,1,1,1,1,1,1,1,1,1,21,1,1,1,1,1,26,1,1,1,1,1,17,1,1,1,1,1,1,9,1,1,12,1,1,26,1,1,13,1,1,1,1,1,1,21,1,1,1,1,1,1,1,1,1,1,1,1,1,1,1,1,1,1,1,1,1,1,1,1,1,1,1,1,1,1,1,1,1,1,1,1,1,1,1,1,1,1,1
919,149,10342 1,1,1
90,238 14,14
2091,485,3,31,123,180,87 1,1,1,1,1,1,1
90,1113,357 1,1,1
102,101,4,1612,4,1320,2102 1,1,1,1,1,1,1
156,4,680,2478,2540,4,15,78,1071,29,1117,123,195,5317 1,1,1,1,1,1,1,1,1,1,1,1,1,1
11,741,1030 1,1,1
1595,4,70,1068,11,4602,3,11,1647,3,18356,5,79,1614,4,152,3,396,3,1289,1502,4,455,3,44,304,310,3,13,3264,2409,1718,1586,27,6,5024 1,1,1,1,1,1,1,1,1,1,1,1,1,1,1,1,1,1,1,1,1,1,1,1,1,1,1,1,1,1,1,1,1,1,1,1
1613,4,2320,1065 1,1,1,1
1674,4,216,433,100,13,44,1700,5,11,222,1877,4,569,1665,4,60,197,3,1789,12834,358,12,11,758,386,342 1,1,1,1,1,1,1,1,1,1,1,1,1,1,1,1,1,1,1,1,1,1,1,1,1,1,1
1546,4,18357,2251,4,11,277,3,797 1,1,1,1,1,1,1,1,1
1664,95,149,4,18358,18359,3,897,1247,3,2130,18360,3,705,2019,3,592,210,3,392,1214,3,1962,2042,3,345,388,3,349,3028,3,333,7829,3,560,5637,3,536,6031,3,79,5637,3,905,10353,3,1067,5638,192,5,104,4,40,14,15,1000,87,302,358,13,15,30,7,142,3,287,3,151,3,5,374,212,110,6512,849,10,23,309,5,53,2764,19,12847,121,20,688,66,7824,124,17,15,103,593,3,445,89,275,8822,7,125,3,2248,883,251,33,86,252,5,423,33,86,137,1163,33,523,5,148,60,18361,86,137,5639,5,3176,33,86,247,289,3,79,38,68,982,1603,19,378,25,32,7,289,3,313,2964,609,4378,684,4,118,228,17,982,7830,345,3,86,10,659,348,7831,104,135,609,4378,5318,8823,1203,5318,8823,3,1203,2687,43,4,5318,8823,205,867,43,5318,8823,3,1203,607,161,4,603 1,1,1,1,1,1,1,1,1,1,1,1,1,1,1,1,1,1,1,1,1,1,1,1,1,1,1,1,1,1,1,1,1,1,1,1,1,1,1,1,1,1,1,1,1,1,1,1,1,1,1,1,1,1,1,1,1,1,1,1,1,1,1,7,1,15,1,4,1,1,1,10,1,1,1,1,1,1,1,1,1,1,1,1,1,1,1,1,1,1,1,1,1,1,2,1,1,1,1,1,1,1,1,3,1,1,1,1,26,1,1,1,1,1,1,1,1,1,1,1,1,1,1,1,1,1,1,1,1,1,1,1,1,1,1,1,1,1,1,1,1,1,1,1,1,1,1,1,1,1,1,1,1,1,1,1,1,17,1,1,1,1,1,1,1,1,1,1,1,1,1,1,1,1,1,1,1,1,1,1,1,1,1,1,1,1
