67,54,4,18299,18300,7821,8814,3,107 1,1,1,1,1,1,1,1,1
5632,18301,2780,12825,3,12,18302,684,4,12826,3,12827,542,4,18303,2523,4,18304,882,64,8814,3,50,38,6,1174,7,122,293,12827,12,6,668,89 1,1,1,1,1,1,1,1,1,1,1,1,1,1,1,1,1,1,1,1,1,1,1,1,1,1,1,1,1,1,1,1,1,1
35,360,1773,3,16,14,15,244,787,3770,767,13,15,30,7,2625,4600,3888 1,1,1,1,1,1,1,1,1,1,1,1,1,1,1,1,1,1
16,21,34,5633,6,70,412,37,21,68,61,17,117,87 1,1,1,1,1,1,1,1,1,1,1,1,1,1
16,768,92,35,15,244,1925,3,170,3,6018,34 1,1,1,1,1,1,1,1,1,1,1,1
16,49,2092,3,75,575,51,109,31,492,4042,6,34 1,1,1,1,1,1,1,1,1,1,1,1,1
225,6,80,129,6,34,21,1639,984,5,118,1098 1,1,1,1,1,1,1,1,1,1,1,1
16,21,118,23,2092,228,10,2534,22,135,65,3,75,14,223,6,406,7,1146,16,368,572 1,1,1,1,1,1,1,1,1,1,1,1,1,1,1,1,1,1,1,1,1,1
80,39,30,4,1220,3,317,58,71,3,1234 1,1,1,1,1,1,4,4,4,1,1
39,4,1712,3,3541,3,2092,3,622,5,348 1,1,1,1,1,1,1,1,21,1,17
127,4,200 1,1,1
80,591,30,4,1487 1,1,1,1,1
206,30,4,6,28,14,919,3,15,457,4193,5,245,12,7073 1,1,1,1,1,1,1,1,1,1,1,1,1,1,1
81,7,182,4,2101 1,1,1,1,1
102,101,4,275,15,787,3,3171,498,12,131,342,507,10,6,34 1,1,1,1,1,1,1,1,1,1,1,1,1,1,1,1
23,944,161,3,1411,1093,101,3,628,5,511,143,44 1,1,1,1,1,1,1,1,1,1,1,1,1
339,5,104,4,12,1351,3,40,14,15,28,13,1146,753,10,52,70,2729,4600,3888 1,1,1,1,1,1,1,1,1,1,1,1,1,1,1,1,1,1,1,1
6,1488,37,16,2072,10,6,2092,14,1175 1,1,1,1,1,1,1,1,1,1
50,235,6,1976,2076,13,201,158,11,164,3,10338,18305,3,5,6019,7822 1,1,1,1,1,1,1,1,1,1,1,1,1,1,1,1,1
16,1904,10,1717,13,15,6019,7822 1,1,1,1,1,1,1,1
50,235,6,341,5,1255,7,6,540,13,6,28,5,233,23,664,143,2730 1,1,1,1,1,1,1,1,1,1,1,1,1,1,1,1,1,1
15,591,2448,20,564 1,1,1,1,1
6,104,14,10,582,6,164,19,12828 1,1,1,1,1,1,1,1,1
169,10,1717,3,50,237,166,10,564,15,7823,1329,679,13,1248,2208,868,6,789,6507,10,476,192,6,8815,3524 1,1,1,1,1,1,1,1,1,1,1,1,1,1,1,1,1,1,1,1,1,1,1,1,1,1
50,941,360,244,681,5,981,2051,10,841,66,360,12,6,1398 1,1,1,1,1,1,1,1,1,1,1,1,1,1,1
4377,6020,3095,10339,3,107 1,1,1,1,1,1
426,4,806,4,12829,2722,4,12829,18306,2074,4,18307,6010,1120,4,18308,6011,1120,4,18309 1,1,1,1,1,1,1,1,1,1,1,1,1,1,1,1,1,1,1,1
