67,54,4,18923,28,414,4,5330,3,3931,257,542,4,18924,259,54,7,112,4,18925,426,4,425,17,439,142,3,151,3,212,29,2838,17,412,164,10500,282,4,1713,379,719,256,151,2745,3,776,3,458,3,212,110,1156 1,1,1,1,1,1,1,1,1,1,1,1,1,1,1,1,1,1,1,1,1,1,1,1,1,7,1,4,1,10,1,1,1,1,1,1,1,1,1,1,1,1,4,4,1,15,1,1,1,10,3,3
18,14,503,7904,412,164,13,64,10501,19,10500 1,1,1,1,1,1,1,1,1,1,1
18,160,62,177,3,1251,3,836,3,7900 1,1,1,1,1,1,1,1,1,1
13,2519,10,24,644,483,3,18,14,49,1778,180,22,32,3,218,171,22,32,3,289,382,69,3,5,274,231,22,25,32 1,1,1,1,1,1,1,1,1,1,25,1,1,1,1,13,1,1,1,1,1,1,1,1,1,9,1,1,1,1
18,14,98,49,252,462,22,25,32 1,1,1,1,11,1,1,1,1
50,1260,24,18,546,488,49,252,856,65,169,10,164 1,1,1,1,1,1,1,11,1,1,1,1,1
18,90,88,529,3,307,3,300,3,375 1,1,1,1,1,1,1,1,1,1
684,4,151,2745,3,18,146,37,24,1386,46,68,35,266,35,2293,3368,12,272,3,5,35,365,35,10502,12,6,18926 1,1,4,4,1,1,1,1,1,1,1,1,1,1,1,1,1,1,1,1,1,1,1,1,1,1,1,1
18,14,49,622,108,22,58,45,605 1,1,1,66,1,1,1,1,1
99,2504,1214,12,1225,6084,684,4,1013,29,18,49,2677,215,22,662,320,552,598 16,16,16,1,1,1,1,1,1,1,1,1,1,1,1,1,1,1,1
50,1564,28,31,10,49,2677,856,65,169,10,412,164 1,1,1,1,1,1,1,1,1,1,1,1,1
38,1402,95,18927,5,569 1,1,1,1,1,1
579,4,35,270,4,1261,620,141,842,159,1826,2459 1,1,1,1,1,1,1,1,1,1,1,1
1474,147,1474,181,120,76,1156,458,71,776,448,1402,2378,2496,2093,448,1238,154,1474,39,1474,274,672,25,32,1827,901,25,32,1778,1675,25,32,289,1632,25,69,236,9,800,8,378,36,45,9,73,8,25,32,218,549,25,32,348,846,36,45,9,73,8,25,69,1848,1160,22,4638,1104,662,108,1644,123,117,1126,3665,628,9,2158,531,974,846,25,58,298,909,320,552,35,160,2677,9,4070,8,686,25,1750,167 1,1,1,10,10,10,1,1,4,15,1,1,1,1,1,1,1,1,1,1,1,9,1,1,1,1,1,1,1,25,1,1,1,1,1,1,1,12,1,1,1,1,1,1,1,1,1,1,1,13,1,1,1,58,1,1,1,1,1,1,1,1,25,1,1,1,1,1,1,1,1,1,1,1,1,1,1,1,1,1,1,1,1,1,1,1,1,1,1,1,1,1,1,1,1,1
5599,9,18928,8,515,36,45,9,73,8,25,32,1474,127,1474,790,1474,316,205,1474,63,94,4,56,18929,257,53,303,259,257,983,259,133,4,56,1217,257,145,259,257,1459,259,140,4,56,4838,257,624,259,814,4,3457,3,3566,3,480,3,11,216,222,227,4,1042,91,332,18930,3,11,879,3,11,216,222 1,1,1,1,1,1,1,1,1,1,1,1,1,1,1,1,1,1,1,1,1,1,1,1,1,1,1,1,1,1,1,1,1,1,1,1,1,1,1,1,1,1,1,1,1,1,1,1,1,1,1,1,1,1,1,1,1,1,1,1,1,1,1,1,1,1,1,1,1,1,1,1,1
130,4,716,3,1270,155,4,751,11,13057,214,4,1289,3,152,3,952,3,1465,531,4,11,18931,149,4,177,3,1251,3,7900,3,836,3,2527,3,2621,1290,402,17,5330,3,3931,7902,63,10503,10504,902,47,13058,154,2097,295,2295,1724 1,1,1,1,1,1,1,1,1,1,1,1,1,1,1,1,1,1,1,1,1,1,1,1,1,1,1,1,1,1,1,1,1,1,1,1,1,1,1,1,1,1,1,1,1,1,1,1,1,1,1,1,1,1
471,1724 1,1
189,345,4418,294,47,7905,219,1800,1548,2583,294,5694,219,347,1857,7156,219,456,1618,8928,351,663,1888,6576,351,835,2030,7157,351,486,769,279,8929,351,1568,2548,996,3567,351,10505,1173,8930,721,10506,1245,8931,721,3759,1179,1273,8932,721,6577,4023,1649,4839,219,2848,4023,1701,2242,219,6577,5297,3920,5362,654,1461,1967,8933,654,2013,2037,10507,654,512,3529,10508,219,5065,3363,395,4572,18932,402,17,5330,3,3931,7902,63,10503,10504,902,47,13058,154,2097,295,2295,1724 1,1,1,1,1,1,1,1,1,1,1,1,1,1,1,1,1,1,1,1,1,1,1,1,1,1,1,1,1,1,1,1,1,1,1,1,1,1,1,1,1,1,1,1,1,1,1,1,1,1,1,1,1,1,1,1,1,1,1,1,1,1,1,1,1,1,1,1,1,1,1,1,1,1,1,1,1,1,1,1,1,1,1,1,1,1,1,1,1,1,1,1,1,1,1,1,1,1,1,1,1
471,1724 1,1
189,349,18933,6543,4840,734,18934,18935,8934,560,1211,18936,654,333,8935,13059,42,653,18937,294,10509,10510,786,5363,294,10511,10512,823,5322,8936,654,795,3810,10513,536,4763,47,7906,4840,8937,42,5030,8938,847,42,1880,8939,1209,42,18938,7907,830,42,1888,4233,864,42,1774,8940,8937,47,13060,13061,847,47,13062,13063,1209,47,18939,13064,830,47,7908,13065,864,47,3809,13066,1971,329,79,4419,18940,1060,1067,6085,7909,1060,79,9,905,8,1492,7910,5065,3363,395,4572,999 1,1,1,1,1,1,1,1,1,1,1,1,1,1,1,1,1,1,1,1,1,1,1,1,1,1,1,1,1,1,1,1,1,1,1,1,1,1,1,1,1,1,1,1,1,1,1,1,1,1,1,1,1,1,1,1,1,1,1,1,1,1,1,1,1,1,1,1,1,1,1,1,1,1,1,1,1,1,1,1,1,1,1,1,1,1,1,1,1,1,1,1,1,1,1,1,1,1,1,1
1185,402,17,5330,3,3931,7902,336,10503,10504,902,47,18941,154,2097,295,2295,1724 1,1,1,1,1,1,1,1,1,1,1,1,1,1,1,1,1,1
471,1724 1,1
189,1677,1706,295,2124,4,4397,3932,18942,13067,13068,2639,1944,13069,961,193,345,193,13070,3359,193,4023,193,63,193,13071,6490,2074,3568,193,18943,193,349,5286,6578,734,1684,1323,3519,1508,2567,193,6080,18944,1508,3933,193,174,193,1561,193,10514,193,5065,3363,395,4572,999 1,1,1,1,1,1,1,1,1,1,1,1,1,1,1,1,1,1,1,1,1,1,1,1,1,1,1,1,1,1,1,1,1,1,1,1,1,1,1,1,1,1,1,1,1,1,1,1,1,1,1,1,1,1,1,1,1,1
177,4,924,187,3418,3,2033,3005,1164,873,4,176,7911,4,2504,1214,13072 1,1,1,1,1,1,1,1,1,1,1,1,4,1,16,16,1
41,982,622,3,5,126,348,501,22,25,69 1,66,66,1,1,58,58,1,1,1,1
1260,24,10,31,49,272,228,6,495,7,6,412,164,5,208,1833,973,228,169,10,2204,37,744 1,1,1,1,1,1,1,1,1,1,1,1,1,1,1,1,1,1,1,1,1,1,1
18,1535 1,1
1533,13,69,228,24,151,41,52,476,179,3,1409,12,2441 1,1,1,1,1,4,1,1,1,1,1,1,1,1
10515,3765,13073,185,13072,51,44,132,5,546,52,1248,13,348 1,1,1,1,1,1,1,1,1,1,1,1,1,58
301,2296,17,348,138 1,1,1,58,1
178,644,4,142,3,212,110,1156 1,1,1,7,1,10,3,3
41,144,177,89 1,1,1,1
18,14,1497,27,40,85 1,1,1,1,1,1
1260,10,659,252,856,65,169,10,412,164 1,1,1,11,1,1,1,1,1,1
195,1013,4,1260,10,659,2677,856,65,169,10,164 1,1,1,1,1,1,1,1,1,1,1,1
208,49,1126,17,34,1734,3022 1,1,1,1,1,1,1
253,2728,4,503,17,412,164,13074,64,10501,10500 1,1,1,1,1,1,1,1,1,1,1
2838,582,5,2033,149,35,270,3,158,1251,3,836,3,7900,3,1228,3,177,3,5,2621,9,122,149,270,17,295,8,346,7912,4,131,1091,4,4639,1592,22,25,32,123,117,65,6579,47,117,45 1,1,1,1,1,1,1,1,1,1,1,1,1,1,1,1,1,1,1,1,1,1,1,1,1,1,1,1,1,1,1,1,1,1,1,1,1,1,1,1,1,1,1,1,1,1
460,1521,113,7,1374,18945,9,175,113,169,10,503,412,164,8,10,3934,24,1386,5,151,497,7158,6544,13075,3,107 1,1,1,1,1,1,1,1,1,1,1,1,1,1,1,1,1,1,1,1,4,1,1,1,1,1,1
