67,54,4,18902,7902,318,1141,112,5330,3,3931,13049,112,54,4,18903,6,28,20,221,43,2503,5,64,18904,3,318,297,385,3,19,18905,27,18906,61,234,4,6,28,14,15,1320,1882,522,640,7,48,34,3,226,7,184,123,680,552 1,1,1,1,1,1,1,1,1,1,1,1,1,1,1,1,1,1,1,1,1,1,1,1,1,1,1,1,1,1,1,1,1,1,1,1,1,1,1,1,1,1,1,1,1,1,1,1,1,1,1,1,1,1,1
30,7,61,328,4,28,21,15,80,39,30,7,118,393,3,106,3,4069,1048,3,916,30,7,5276,13,39 1,1,1,1,1,1,1,1,1,1,1,1,15,15,15,7,1,4,4,1,1,1,1,1,1,1
28,258,225,6,99,210,33,320,113,18,21,38,70,489,34 1,1,1,1,1,1,1,1,1,1,1,1,1,1,1
132,640,7,48,94,37,18,768,35,15,140,19,24,48,159,117,1532,1023 1,1,1,1,1,1,1,1,1,1,1,1,1,1,1,1,1,1
6,28,98,226,7,184,19,380 1,1,1,1,1,1,1,1
18,90,249,26,459,3,1046,3,611,3,291,34,3,300,26,375 1,1,1,1,1,1,1,1,1,1,1,1,1,1,1,1
80,3437,30,4,356,798,1748,411,3,106,3,118,393,3,1943 1,1,1,1,1,1,1,1,1,7,1,15,15,15,1
39,4,34,39,127,4,11,374,357,127,102,101,4,207,4,2274,3,2356,522,3,980,5,410 1,1,1,1,1,1,1,1,1,1,1,1,1,1,1,1,1,1,1,1,1,1,1
316,205,4,807,6477,3,133,1437,3,1481,680,3,63,94,18907,3,1133,1045,853,42 1,1,1,1,1,1,1,1,1,1,1,1,6,6,6,1,1,1,1,1
227,4,1172,3,1121 1,1,1,1,1
1055,877,5,6573,10,691 1,1,1,1,1,1
136,4,332 1,1,1
155,4,91 1,1,1
130,4,145,156,5,239 1,1,1,1,1,1
214,4,152 1,1,1
979 1
269,326,327 1,1,1
114,4,217,93,100 1,1,1,1,1
516,1598,12,230,4,6,28,370,203,5,2480,754,5,613 1,1,1,1,1,1,1,1,1,1,1,37,1,53
28,38,48,738,75,111,131,354,1525,3,13,11,30,7,1984 1,1,1,1,1,1,1,1,1,1,1,1,1,1,1
6,28,38,1145,111,44,338,239 1,1,1,1,1,1,1,1
563,2472,525 1,1,1
1905,18908,3,3311,2334,3,2418,6574,603,505,4,48,34 1,1,1,1,1,1,1,1,1,1,1,1,1
368,31,826,319,937,921,566,9,158,534,748,261,8,4,162,17,826,319,778,490,5,268,103,1168 1,1,1,1,1,1,1,1,1,1,1,1,1,1,1,1,1,1,1,1,1,1,1,1
534,14,2275 1,1,1
1218,18909,13050,4231,3,107 1,1,1,1,1,1
13051,18910,18911,533,43,4,13050,4231,3,107 1,1,1,1,1,1,1,1,1,1
13051,250,31,81,43,262,331,250 1,1,1,1,1,1,1,1
