67,54,4,18954,3909,6065,3,3049,3458,8941,3,107 1,1,1,1,1,1,1,1,1,1,1,1
18955,10516,3153,10517,3,4640,10518,684,4,2869,3569,509,47,7913,882,10519,4,50,749,844,28,2869,3569,12,6,528,668,89,5,16,190,16,21,1466,265 1,1,1,1,1,1,1,1,1,1,1,1,1,1,1,1,1,1,1,1,1,1,1,1,1,1,1,1,1,1,1,1,1,1,1
23,747,406,38,68,23,725,3,51,16,190,37,16,368,321,476,132,306,12,6,80 1,1,1,1,1,1,1,1,1,1,1,1,1,1,1,1,1,1,1,1,1
119,38,15,390,172,7,23,1076,248,94,5,1053,3,5,571,1466,143,886,66,15,169,264,267,87,183 1,1,1,1,1,1,1,1,1,1,1,1,1,1,1,1,1,1,1,1,1,1,1,1,1
6,315,1053,67,143,44,12,1231,248 1,1,1,1,1,1,1,1,1
589,94,3114,143,61,12,6,70,248,543,13,131,574,18956,2245,76 1,1,1,1,1,1,1,1,1,1,1,1,1,1,1,1
11,589,94,3114,143,514,12,6,53,248 1,1,1,1,1,1,1,1,1,1
571,143,886,66,1135,3,8944,293,3569,190,37,16,368,52,312,102,308,5,14,602,406 1,1,1,1,1,1,1,1,1,1,1,1,1,1,1,1,1,1,1,1,1
23,137,39,389,158,610,215,22,1047,3,1919,707,335,22,651,3,5,289,125,22,946 1,1,1,1,1,9,1,1,1,1,20,1,1,1,1,1,1,1,1,1,1
7,55,3,12,1519,3,2868,3,16,20,514,43,838,10,46,939,1271,75,143,1004 1,1,1,1,1,1,1,1,1,1,1,1,1,1,1,1,1,1,1,1
758,3,11,1759,763,143,221,12,6,1704,1891 1,1,1,1,1,1,1,1,1,1,1
19,77,3,16,14,1250,13,15,63,94,7,18957,3,130,156,1912,5,145,3,140,5067,842 1,1,1,1,1,1,1,1,1,1,1,1,1,1,1,1,1,1,1,1,1,1
227,569 1,1
48,20,91 1,1,1
103,77,111,11,1161,715,1453,27,180,851,3,1630,14,44 1,1,1,1,1,1,1,1,1,1,1,1,1,1
304,5,310,44,51,2118,2111 1,1,1,1,1,1,1
74,20,62,1094,5,15,4841,589,891,213,27,6,194,53,1456,1876 1,1,1,1,1,1,1,1,1,1,1,1,1,1,1,1
291,77,20,569 1,1,1,1
114,111,11,93,26,750 1,1,1,1,1,1
23,427,625,1036,177,722,44,338,239,3,53,1090,2549,3,5,828,123,804,2535,6,3801,543,13,23,53,574,8945 1,1,1,1,1,1,1,1,1,1,1,1,1,1,1,1,1,1,1,1,1,1,1,1,1,1,1
50,704,293,3569,14,191,334,60 1,1,1,1,1,1,1,1
16,773,37,50,122,201,465,12,1062,129,17,1078,5054,3,5,50,237,52,2922,10,191,470 1,1,1,1,1,1,1,1,1,1,1,1,1,1,1,1,1,1,1,1,1,1
134,88,147,387,12,6,2521,395,18958,1837,10,732,271 1,1,1,1,1,1,1,1,1,1,1,1,1
941,360,17,1301,271,10,1784,12,23,198 1,1,1,1,1,1,1,1,1,1
2869,3569,509,47,7913,3278,3909,6065,3,3049,13,1586,641 1,1,1,1,1,1,1,1,1,1,1,1,1
1015,3,6088,3802,7914,3,107 1,1,1,1,1,1,1
4842,39,599,180,7160,563,10520,3,4640,10521,806,4,13080,825,4,18959,843,4,13080,18960,250,2412,51,31,81,43,262,1007,250 1,1,1,1,1,1,1,1,1,1,1,1,1,1,1,1,1,1,1,1,1,1,1,1,1,1,1,1,1
