67,54,4,18992,414,4,5368,3,7922,542,4,13083,10534,4,10535,293,5368,468,12,17,96,115,7,23,106,3,776,5,98,1081,10,192,23,3017 1,1,1,1,1,1,1,1,1,1,1,1,1,1,1,1,1,1,1,1,1,1,1,1,7,1,15,1,1,1,1,1,1,1
293,5368,299,344,18993 1,1,1,1,1
16,20,334,363,223,40,483,405,1306,3,51,16,190,37,23,1626,21,265 1,1,1,1,1,1,1,1,1,1,1,1,1,1,1,1,1,1
23,491,3,18994,3,242,2355,10,271,12,6,10536,223,479,37,24,661,1317,52,363,600,16,190,37,40,20,15,173,2348,7,6,483 1,1,1,1,1,1,1,1,1,1,1,1,1,1,1,1,1,1,1,1,1,1,1,1,1,1,1,1,1,1,1,1
16,38,31,38,48,34,3,48,94,26,2505,2914 1,1,1,1,1,1,1,1,1,1,1,1
16,21,38,11,300,3,446,3,375,26,648 1,1,1,1,1,1,1,1,1,1,1
798,116,57,211 1,1,1,1
23,273,161,14,1248 1,1,1,1,1
16,527,10,1516,108,624,43,288,5,20,1624 1,1,1,1,1,1,1,1,1,1,1
77,4,19,102,101,89,23,63,94,14,7166 1,1,1,1,1,1,1,1,1,1,1
23,227,77,14,569 1,1,1,1,1
23,48,14,91 1,1,1,1
23,130,111,11,213 1,1,1,1,1
23,291,101,14,703 1,1,1,1,1
23,779,14,1084,72,13,15,2498,623 1,1,1,1,1,1,1,1,1
50,1758,201,15,1308,7,554,1084,1553 1,1,1,1,1,1,1,1,1
192,4,50,41,745,201,15,1581,7,2079,5,50,1758,201,999,28,2160 1,1,1,1,1,1,1,1,1,1,1,1,1,1,1,1,1
50,41,122,201,12,1062,129 1,1,1,1,1,1,1
50,41,299,128,457,154,5,4235,201,15,3406 1,1,1,1,1,1,1,1,1,1,1
119,41,52,13084,949,6,483,7,363,530,2051 1,1,1,1,1,1,1,1,1,1,1
2668,2869,3459,7165,3,107 1,1,1,1,1,1
806,4,10535,825,4,18995,843,4,10535 1,1,1,1,1,1,1,1,1
