67,54,4,19039,28,414,4,8958,3,8959,257,542,4,19040,259,54,7,112,4,19041,64,19042,1412,6095,882,13098,3,694,30,4,1243,8958,369,89,17,513,7,181,120,76,3,315,95,619 1,1,1,1,1,1,1,1,1,1,1,1,1,1,1,1,1,1,1,1,1,1,1,1,1,1,1,1,1,1,1,1,1,1,1,1,1,10,10,10,1,3,3,3
35,360,731,3,24,438,20,698,43,676,3045,3365,3,5,18,21,68,86,19,452,1557 1,1,1,1,1,1,1,1,1,1,1,1,1,1,1,1,1,1,1,1,1
18,21,359,422,60,12,1811,113,159,164,5,24,2460,444,21,265 1,1,1,1,1,1,1,1,1,1,1,1,1,1,1,1
6,793,1889,116,14,2292,12,6,473,1678,7,6,4814,3,5,62,1436,12,6,194,1678,7,6,1615,75,2544,128,3346,3363 1,1,1,1,1,1,1,1,1,1,1,1,1,1,1,1,1,1,1,1,1,1,1,1,1,1,1,1,1
18,98,21,15,5371,5,24,248,75,21,285,92,1767,10,6,2368,5,646,128,453 1,1,1,1,1,1,1,1,1,1,1,1,1,1,1,1,1,1,1,1
24,184,14,681,476,306,3542,3,5,18,21,38,11,48,34 1,1,1,1,1,1,1,1,1,1,1,1,1,1,1
18,21,244,131,1486,437 1,1,1,1,1,1
18,21,38,131,93,27,85,3,51,92,21,742,538 1,1,1,1,1,1,1,1,1,1,1,1,1
18,21,38,11,249 1,1,1,1,1
81,7,182,4 1,1,1,1
233,7,6,96,57,44,26,72 1,1,1,1,1,1,1,1
207,4,421,970,3,249,5,459 1,1,1,1,1,1,1,1
413,5,136,4,555,3,2419 1,1,1,1,1,1,1
386,4,263,3,263,115,63 1,1,1,1,1,1,1
612,4,122,30,270 1,1,1,1,1
1583,4,1041,2161,26,4074,3,535,1475,3,1879,26,8828,554,3,3803 1,1,1,1,1,1,1,1,1,1,1,1,1,1,1,1
798,4,1041,336,27,421,3,798,1748,411,3,63,12,336 1,1,1,1,1,1,1,1,1,1,1,1,1,1
273,4,1563,4075,3,697,3,678,314,12,175,412 1,1,1,1,1,1,1,1,1,1,1,1
1185,4,2927,1368 1,1,1,1
196,4,301,277,26,7925,3,500,1064,7,322,1371,3,3280,37,57,84,978 1,1,1,1,1,1,1,1,1,1,1,1,1,1,1,1,1,1
1596,4,185,63,366,3,687,147 1,1,1,1,1,1,1,1
1058,4,266,188,34,3,618,34,3,618,474 1,1,1,1,1,1,1,1,1,1,1
150,5,206,30,4,150,5,206,30,46,31,84 1,1,1,1,1,1,1,1,1,1,1,1
74,14,11,2646,301,1240,75,21,4010,19,6,137,147 1,1,1,1,1,1,1,1,1,1,1,1,1
102,101,4 1,1,1
18,981,334,60 1,1,1,1
24,63,94,14,3654 1,6,6,6,6
1935,715,94,14,44,5,155,57,91 1,1,1,1,1,1,1,1,1
74,14,131,246,13,11,1111,26,474,225,6,473,1182,7,6,4814,3,5,74,14,15,36,632,12,3178,1436,7,6,1615,27,6,194,1182,3,13,19043,1280 1,1,1,1,1,1,1,1,1,1,1,1,1,1,1,1,1,1,1,1,1,1,1,1,1,1,1,1,1,1,1,1,1,1,1,1,1
155,57,91 1,1,1
130,111,145,239,5,50,841,11,502,26,213 1,1,1,1,1,1,1,1,1,1,1
1012,14,31,777,5,74,14,11,93 1,1,1,1,1,1,1,1,1
74,20,15,381,1182,7,15,5371,66,6,381,248,1615,3,75,50,5701,650 1,1,1,1,1,1,1,1,1,1,1,1,1,1,1,1,1,1
1145,4 1,1
44,338,239 1,1,1
574,1552,2575,3,954,10,565 1,1,1,1,1,1,1
397,6,1605 1,1,1
1057,3,1243,8958,14,265 1,1,1,1,1,1
50,773,201,479,223,284,13099,411,7,24,4814 1,1,1,1,1,1,1,1,1,1,1
50,41,1347,24,10,19044,1049,10,17,6,591,1180,10,13100,40,3,5,41,286,15,241,570,7,24,48,5,4814,981,17,88,1799,7,3915 1,1,1,1,1,1,1,1,1,1,1,1,1,1,1,1,1,1,1,1,1,1,1,1,1,1,1,1,1,1,1,1,1
50,46,1175,24,10,86,10,52,308 1,1,1,1,1,1,1,1,1
24,321,14,406,43,34,3,75,406,26,288 1,1,1,1,1,1,1,1,1,1,1
18,21,1803,369,10,24,19045,285 1,1,1,1,1,1,1,1
50,1049,11,84,12,24,389,89 1,1,1,1,1,1,1,1
1025,104,10,122,24,465,15,1517,7,129,5,18,41,86,19,452,1557 1,1,1,1,1,1,1,1,1,1,1,1,1,1,1,1,1
50,2559,1107,360,315 1,1,1,1,1
1015,844,3,2057,1159,10542,3,107 1,1,1,1,1,1,1,1
19046,9,19047,8,426,4,64,19048,10254,3086,43,4644,942,7164 1,1,1,1,1,1,1,1,1,1,1,1,1,1
395,7926,3197,1861 1,1,1,1
