67,54,4,19049,7927,2769,6589,3,107 1,1,1,1,1,1,1,1,1
5372,207,124,5624,2855,4424,3,4846,19050,8960,2780,8961,6590,3,2106,6591,8962,510,331,4,64,13101,3,64,8963,6582,3,5372,207,528 1,1,1,1,1,1,1,1,1,1,1,1,1,1,1,1,1,1,1,1,1,1,1,1,1,1,1,1,1,1
510,505,4,161,315,103,761 1,1,1,1,1,1,1
826,319,2070 1,1,1
282,4,28,14,15,6592,767,13,15,30,7,2000,3,801,12,2380,186,16,61,13,53,1797,985 1,1,1,1,1,1,1,1,1,1,1,1,1,1,1,1,1,1,1,1,1,1,1
27,6,85,3,16,20,1195,43,1083,3250,761,75,20,72 1,1,1,1,1,1,1,1,1,1,1,1,1,1
1153,40,20,15,2595,82,26,19051,82,2000,14,885,10,1186,3,51,16,20,343,13,6593,3,6594,5,706,17,620,1695,113 1,1,1,1,1,1,1,1,1,1,1,1,1,1,1,1,1,1,1,1,1,1,1,1,1,1,1,1,1
27,37,802,3,16,20,1526,10,52,12,4237,5,1216,12,4237,159,286 1,1,1,1,1,1,1,1,1,1,1,1,1,1,1,1,1
12,2560,3,6,28,20,671,801,13,71,324,186,16,61,13,1393,3,1968,5,2766,889 1,1,1,1,1,1,1,1,1,4,4,1,1,1,1,1,1,1,1,1,1
866,16,20,343,13,818,1764,1325,17,175,10,267,87,5,159,37,85,21,68,19,165,340,3,137,19,1217,189,7,596,5,1062,7,145,12,6,495,13,180,596,5,1062,7,145,19052 1,1,1,1,1,1,1,1,1,1,1,1,1,1,1,1,1,1,1,1,8,1,1,1,1,1,1,1,8,1,1,1,8,1,1,1,1,1,8,1,1,1,8,1
16,137,144,23,63,366,939,85,15,65,5,1197,12,6,13102,471,13,3076,52,223,2019,5,14,96,43,64,8964,6096,7,10543,3,3814,3,23,747,198,1622,3,17,40 1,1,1,1,1,1,1,1,1,1,1,1,1,1,1,1,1,1,1,1,1,1,1,1,1,1,1,1,1,1,1,1,1,1,1,1,1,1,1,1
6,28,82,698,7,71,324,57,284,19053 1,1,1,1,1,4,4,1,1,1
74,14,11,330,604 1,1,1,1,1
74,14,11,3891,604 1,1,1,1,1
11,3241,76 1,1,1
313,3,6,28,109,46,153,76,3,13,472,347,137,7,7928,95,6,28,387,817,130,371,13,417,116,12,6,871,3258 1,1,1,1,1,1,1,1,1,1,1,1,1,1,1,1,1,1,1,1,1,1,1,1,1,1,1,1,1
43,1225,7,2723,3,6,28,38,1097,170,116,606,124,5,12,6,1551,7,1102,2723,10,1225,7,2364,3,6,28,758,38,108,778,490 1,1,1,1,1,1,1,1,1,1,1,1,1,1,1,1,1,1,1,1,1,3,3,3,3,3,3,3,3,3,3,3
12,1225,2364,3,6,28,526,13103,103,761,425,27,6,13104,845,6,198,7,64,4205,6595 1,1,1,1,1,1,1,1,1,1,1,1,1,1,1,1,1,1,1,1,1
159,37,85,3,6,28,21,359,244,60,97,202,7,3050,13,422,232,288,572,5,13,3368,15,5077,851,7,116 1,1,1,1,1,1,1,1,1,1,1,1,1,1,1,1,1,1,1,1,1,1,1,1,1,1,1
6,28,82,137,39,158,4425,850,1249,956,15,65,29,706,615,1249,15,65 1,1,1,1,1,1,1,1,1,1,1,1,1,1,1,1,1,1
13105,1592,1249,15,65,29,6596,850,1249,956,15,65,29,4556,1142,1249,15,65,29,3179,203,711,15,65,29,3564,210,1249,711,15,65,29,5,2373,279,1249,15,65,17,1790,12,23,248 1,1,1,1,1,1,1,1,1,1,1,1,1,20,1,1,1,1,1,11,11,1,1,1,1,1,1,1,1,1,1,1,1,1,1,1,1,1,1,1,1,1,1
81,7,182,4,21,38,175,822,7,23,70,3460,951,37,20,66,15,1297,128,87,183 1,1,1,1,1,1,1,1,1,1,1,1,1,1,1,1,1,1,1,1,1
174,80,39,30,158,30,7,391,1274,5,363,5,6,3013,2123 1,1,1,1,1,1,1,1,1,1,1,1,1,1,1
7927,2769,6589,3,107 1,1,1,1,1
5372,207,124,5624,2855,4424,3,4846,5078,8960,2780,8961,6590,3,2106,6591,8962,1167,58,150,30,4,23,848,3,440,1578,3,5,573,3,46,2070,13,23,573,46,1097,170,2070,13,15,44,7,1903,5702,5,128,1093,3922 1,1,1,1,1,1,1,1,1,1,1,1,1,1,1,1,1,1,1,1,1,1,1,1,1,1,1,1,1,1,1,1,1,1,1,1,1,1,1,1,1,1,1,1,1,1,1,1,1,1
23,661,5,573,46,38,71,324,3,23,661,583,7,130,76 1,1,1,1,1,1,4,4,1,1,1,1,1,1,1
74,14,15,19054,491,121,21,15,30,7,1725 1,1,1,1,1,1,1,1,1,1,1
74,14,11,30,7,687,76,12,6,150 1,1,1,1,1,1,1,1,1,1
206,30,4,16,137,285,27,13106,5,21,15,10544,2746,74 1,1,1,1,1,1,1,1,1,1,1,1,1,1
16,334,238,5,728,5973,87,183 1,5,5,1,1,1,1,1
16,21,68,920,17,225,125,87 1,1,1,1,1,1,1,1
23,81,7,116,275,6,2658,7,361,116 1,1,1,1,1,1,1,1,1,1
74,143,11,2243,116,3,11,695 1,1,1,1,1,1,1,1
44,2159,400 1,1,1
16,90,88,196,147,26,277 1,1,1,1,1,1,1
16,90,837,5,1507,12,23,764,3,2314 1,1,1,1,1,1,1,1,1,1
74,14,15,30,7,106 1,1,1,1,1,7
174,81,7,182,4,23,2012,21,68,211,27,13107,408,7801 1,1,1,1,1,1,1,1,1,1,1,1,1,1
102,101,4,63,94,19055 1,1,1,6,6,6
130,156,7170,6,28,14,15,2269,767,3,954,280 1,1,1,1,1,1,1,1,1,1,1,1
23,2012,14,13107,408 1,1,1,1,1
140,7929,842 1,1,1
75,14,758,6597,68,118 1,1,1,1,1,1
16,21,15,131,6097,197,13,15,1103,1928,7,789,875,5,2109,1978 1,1,1,1,1,1,1,1,1,1,1,1,1,1,1,1
8965,197,97,243 1,1,1,1
44,10545,656 1,1,1
23,818,2596,20,1110,97,202,7,3425 1,1,1,1,1,1,1,1,1
136,77,4,16,38,15,332,136,13,11,216,222 1,1,1,1,1,1,1,1,1,1,1,1
44,687 1,1
23,48,77,275,91,155,1412,13,44,8966 1,1,1,1,1,1,1,1,1,1
74,20,11,3674,246,26,448,19,23,188 1,1,1,1,1,1,1,1,1,1
23,103,77,4,16,38,15,152,3,304,3,310 1,1,1,1,1,1,1,1,1,1,1,1
103,77,376,569 1,1,1,1
23,214,20,152 1,1,1,1
16,38,128,202,7,165,1050,3,51,11,173,1394 1,1,1,1,1,8,1,1,1,1,1,1
16,1050,394,12,23,214,5,2378,13,23,303 1,1,1,1,1,1,1,1,1,1,1
23,114,275,673,1873,3527,3,44,133,3,5,143,675 1,1,1,1,1,1,1,1,1,1,1,1,1
11,93 1,1
273,16,20,717,10546 1,1,1,1,1
16,38,44,10,416,377,3410,511,12,23,2637,415 1,1,1,1,1,1,1,1,1,1,1,1
457,77,4,372,95,457,37,50,550,461,143,1655,4426,3,7171,456,19056,592,2982,29,835,8760,2961,3084,392,7930,347,2316,29,345,8869,23,897,20,19057,512,13108,1461,2249,29,7931,8967,1981,1982,20,4587,2983,478,2982,29,1184,13109,972,20,8799,393,13110,1380,8968,23,4425,444,20,12,6,1953,471,27,19058,23,836,275,15,824,7,2470,5,15,696,785,7,3198,19059,13,15,44,1154 1,1,1,1,1,1,1,1,1,1,1,1,1,1,1,1,1,1,1,1,1,1,1,1,1,1,1,1,1,1,1,1,1,1,1,1,1,1,1,1,1,1,1,1,1,1,1,1,1,1,1,1,1,1,1,1,1,1,1,1,1,1,1,1,1,1,1,1,1,1,1,1,1,1,1,1,1,1,1,1,1,1,1,1,1,1,1
192,5,104,4,40,14,15,6592,767,13,15,30,7,311,39,147 1,1,1,1,1,1,1,1,1,1,1,1,1,1,1,1
6,175,82,372,2646,10,1186,137,57,7927,2769,6589,3,107 1,1,1,1,1,1,1,1,1,1,1,1,1,1
5372,207,124,5624,2855,4424,3,4846,19060,8960,2780,8961,6590,3,2106,6591,8962,1167,117,6,1488,37,16,14,8969,3,21,170,341,709,17,2070,3,158,706,157,5,15,150,30,7,2070 1,1,1,1,1,1,1,1,1,1,1,1,1,1,1,1,1,1,1,1,1,1,1,1,1,1,1,1,1,1,1,1,1,1,1,1,1,1,1,1,1,1
6,486,1432,7,1543,10,706,327,166,92,14,223,15,19061,26,470,13,1814,15,87,405,23,1760,856,87,183,5,286,223,15,87,159,23,761 1,1,1,1,1,1,1,1,1,1,1,1,1,1,1,1,1,1,1,1,1,1,1,1,1,1,1,1,1,1,1,1,1,1
6,28,82,30,7,636,46,38,822,3,11,1083,34,3,11,2012,314,5,23,1768,2928,57,543,13,3881,121,1317,52,954,312,1794,10,2070,306,1087,761,28 1,1,1,1,1,1,1,1,1,1,1,1,1,1,1,1,1,1,1,1,1,1,1,1,1,1,1,1,1,1,1,1,1,1,1,1,1
313,3,299,15,1083,2048,264,12,6,28,166,40,810,2089 1,1,1,1,1,1,1,1,1,1,1,1,1,1
119,41,1241,503,15,1044,1083,2048,19,23,96,115,112,3,159,16,368,31,46,175,89,17,503,404 1,1,1,1,1,1,1,1,1,1,1,1,1,1,1,1,1,1,1,1,1,1,1,1
119,41,98,144,752,487,444,138,28,82,30,7,153,371,5,6,1488,37,6,175,3013,37,119,1317,52,449,10,191,17,201,14,10,745,201,752,1830,23,512,1278,20,1505,10,52,223,8970,1249,15,65,158,175,3281,7,4589,3,3008,19062,3118,5,175,3281,7,4076,1455,1231,65 1,1,1,1,1,1,1,1,1,1,1,1,1,1,1,1,1,1,1,1,1,1,1,1,1,1,1,1,1,1,1,1,1,1,1,1,1,1,1,1,1,1,1,1,1,1,1,1,1,1,1,1,1,1,1,1,1,1,1,1,1,1,1,1,1
119,237,52,15,1103,4645,223,126,2156,228,7,512,138,23,153,371,3,97,312,1240,223,40,28 1,1,1,1,1,1,1,1,1,1,1,1,1,1,1,1,1,1,1,1,1,1,1
6,28,82,71,753,10,52,12,4173,232,918,27,6,4847,13,63,366,845,1097,232,179,3,327,166,677,57,12,6,2019,471,600,119,191,887,46,902,10,733,398 1,1,1,4,1,1,1,1,1,1,1,1,1,1,1,1,1,1,1,1,1,1,1,1,1,1,1,1,1,1,1,1,1,1,1,1,1,1,1
138,6,1488,37,92,327,166,16,21,1344,4173,232,198,43,64,6096,3,119,41,31,2695,40,27,6,137,85,2246,773,3,5,119,41,3688,2518,19,6,1083,2345 1,1,1,1,1,1,1,1,1,1,1,1,1,1,1,1,1,1,1,1,1,1,1,1,1,1,1,1,1,1,1,1,1,1,1,1,1,1
376,3,119,41,122,6,28,188,26,27,1376,2355,10,7927,2769,6589,3,107 1,1,1,1,1,1,1,1,1,1,1,1,1,1,1,1,1,1
5372,207,124,5624,2855,4424,3,4846,6098,8960,2780,8961,6590,3,2106,6591,8962,1167,210,6,28,139,119,299,15,1083,2048,5,1824,186,16,441,160,10,52,221 1,1,1,1,1,1,1,1,1,1,1,1,1,1,1,1,1,1,1,1,1,1,1,1,1,1,1,1,1,1,1,1,1,1,1,1
497,7927,6589,3,107 1,1,1,1,1
497,4846,19063,3,107 1,1,1,1,1
426,4,8964,6096,3,107 1,1,1,1,1,1
10543,3,3814,4238,13101,3,107 1,1,1,1,1,1,1
528,5372,207,124,2381,10547,2780,6590,3,2106,6591,8963,6582,3,107 1,1,1,1,1,1,1,1,1,1,1,1,1,1,1
528,5372,207,124,3572,10547,2780,6590,3,2106,6591,19064,4,19065,19066,19067,19068,250,2412,51,31,81,43,262,1007,250 1,1,1,1,1,1,1,1,1,1,1,1,1,1,1,1,1,1,1,1,1,1,1,1,1,1
