67,54,4,19097,281,297,19098,12748,6599,1073,1097,3,5374,7940,3,12,8979,13127,56,56,56,56,56,33,10554,262,331,4,6600,3164,3,107 1,1,1,1,1,1,1,1,1,1,1,1,1,1,1,1,1,1,1,1,1,1,1,1,1,1,1,1,1,1,1,1
730,234,4,71,355 1,1,1,4,1
30,7,61,328,4,293,1097,14,15,3938,28,13,15,30,7,71,801,312,306,125,87,183 1,1,1,1,1,1,1,1,1,1,1,1,1,1,1,4,1,1,1,1,1,1
16,21,374,698,7,1082,5,14,161,315,100,2430,164,223,175,87,183 1,1,1,1,1,1,1,1,1,1,1,1,1,1,1,1,1
16,21,11,374,604,26,1383 1,1,1,1,1,1,1
16,21,11,374,30,7,212,3,690,26,881 1,1,1,1,1,1,1,1,1,1,1
16,38,356,68,96,43,64,6600,3164,27,10287,124,27,13128,597,1225,7,40,87,75,85,16,1668,10,15,301,747,198,1622 1,1,1,1,1,1,1,1,1,1,1,1,1,1,1,1,1,1,1,1,1,1,1,1,1,1,1,1,1
27,37,85,3,16,38,68,19,622,3,348,5,1731,3,23,301,451,118,23,622,5,23,1731 1,1,1,1,1,1,1,1,21,1,17,1,33,1,1,1,1,1,1,21,1,1,33
16,98,488,23,913,319,7,479,37,40,14,31,62,5307,1325,17,15,71,28 1,1,39,39,39,1,1,1,1,1,1,1,1,1,1,1,1,1,1
225,6,441,113,10,129,3,6,28,38,626,330,93,3,633,140,1001,5,2863,387,7,437,19,380,3,739,5,1923,1728,437 1,1,1,1,1,1,1,1,1,1,1,1,1,1,1,1,1,1,1,1,1,1,1,1,1,1,1,1,1,1
16,369,17,198,5,20,126,19,932,5,21,68,95,1550,115,10,15,228,7,335,22,818,19,40 1,1,1,1,1,1,1,1,1,1,1,1,1,1,1,1,1,1,1,1,1,1,1,1
16,2847,1237,23,1731,228,66,210,22,956,105,10,58,22,105 1,1,1,1,33,1,1,1,1,1,1,1,1,1,1
23,10555,63,345,21,68,185,471,66,19099,16,21,38,128,1954,7,23,633,1930,13,6,289,5,194,228,1731 1,1,1,1,1,1,1,1,1,1,1,1,1,1,1,1,1,1,1,1,1,1,1,1,1,33
16,631,16,21,828,190,7,474,5,1236,12,23,951,5,415,13,255,595,474,35,60 1,1,1,1,1,1,1,1,1,1,1,1,1,1,1,1,1,1,1,1,1
16,90,48,34,3,725,1393,3,1968 1,1,1,1,1,1,1,1,1
16,21,68,1516,140,159,126,289 1,1,1,1,1,1,1,1
16,21,636,38,1292 1,1,1,1,1
71,19100,5,355,4,733,398,5081,42,9,13129,8 4,1,1,1,1,1,1,1,1,1,1,1
393,3199,3,580,393,3199,3,926,2381,9,13129,8,5,580,3633,9,10556,8 1,1,1,1,1,1,1,1,1,1,1,1,1,1,1,1,1,1
1573,10,347,1352,9,10556,8 1,1,1,1,1,1,1
347,1774,9,10556,8 1,1,1,1,1
99,412,77,13130 1,1,1,1
1980,636 1,1
1512,1244,636 1,1,1
203,462,22,105 11,11,11,11
1176,1707,2633,9,218,141,22,105,3,8 1,1,1,13,13,13,13,13,13,13
1163,2633,9,236,171,22,105,8 1,1,12,12,12,12,12,12
80,39,30,4,71,35,270 1,1,1,1,4,1,1
71,1082 1,1
106 7
1498,7,6,384 1,1,1,1
161,315,13131,918 1,1,1,1
10557,2177,161,315,50,78,487 1,1,1,1,1,1,1
170,5682,2481,161,315,918 1,1,1,1,1,1
70,19101,1004 1,1,1
39,4,622,141,22,956,105,3,348,945,22,956,105,5,6,1731,58,22,105,3,236,171,22,105,3,218,141,22,105 1,1,21,1,1,1,1,1,17,1,1,1,1,1,1,33,1,1,1,1,12,1,1,1,1,13,1,1,1
932,335,22,105,3,906,175,45,105,5,2079,35,160 1,1,1,1,1,1,1,1,1,1,1,1,1
127,4,3816,745,201,15,277 1,1,1,1,1,1,1
150,30,4,2101 1,1,1,1
206,30,4,16,285,35,15,355,12,15,7936,3432,3,16,245,13,23,551 1,1,1,1,1,1,1,1,1,1,1,1,1,1,1,1,1,1
16,21,11,5705 1,1,1,1
16,109,31,288,507,10,618,34 1,1,1,1,1,1,1,1
16,4158,10,724,15,1629,7,4080,5,5706,600,16,109,31,46,15,2924,6466 1,1,1,1,1,1,1,1,1,1,1,1,1,1,1,1,1,1
16,90,699,3,541,26,3817,357,157 1,14,14,1,1,1,1,1,1
81,7,182,4,35,135,282,3,376,3,72 1,1,1,1,1,1,1,1,1,1,1
102,101,4,23,140,14,5376,624,3,23,63,94,14,19102,5,286,19103,10,808,15,390,77,3,133,14,586,5,145 1,1,1,1,1,1,1,1,1,1,1,1,1,1,1,1,1,1,1,1,1,1,1,1,1,1,1,1
12,207,3,16,14,15,2269,767,12,11,199,342 1,1,1,1,1,1,1,1,1,1,1,1
23,196,14,617,5,683 1,1,1,1,1,1
1955,656,57,204 1,1,1,1
1239,14,91 1,1,1
1561,1313,57,1110 1,1,1,1
16,21,11,216,222 1,1,1,1,1
23,687,14,44,12,978,5,4081 1,1,1,1,1,1,1,1
155,77,275,876,27,6,649 1,1,1,1,1,1,1
23,130,14,145,12,156,5,239,13,62,304,3,310,3,97,1162,26,1094 1,1,1,1,1,1,1,1,1,1,1,1,1,1,1,1,1,1
214,14,280,3,152,5,396 1,1,1,1,1,1,1
74,14,11,1128 1,1,1,1
23,114,57,97,743,26,750 1,1,1,1,1,1,1
74,14,217,2215,93,10,6,595 1,1,1,1,1,1,1,1
23,322,77,275,37,23,443,133,57,3461 1,1,1,1,1,1,1,1,1,1
511,14,204,10,4240 1,1,1,1,1
74,14,11,196,3574,26,283 1,1,1,1,1,1,1
16,21,62,899,4848,7,6,3194,100 1,1,1,1,1,1,1,1,1
345,19104,192,5,104,4,40,14,15,3938,767,13,317,645,71,698,43,1082,5,4050,1029 1,1,1,1,1,1,1,1,1,1,1,1,1,1,4,1,1,1,1,1,1
16,21,38,4082,2985,179,19,818,1325,75,57,137,27,2374,2774,228,138,6,1098,518,915,7,1731 1,1,1,1,1,1,1,1,1,1,1,1,1,1,1,1,1,1,1,1,1,1,33
16,21,104,17,1904,384,938,405,6,1826,5,119,46,1260,201,37,397,16,482,37,16,546,299,23,71,845,476,179,3,546,810,1671,23,63,94,14,179,5,546,4560,103,172,3,1540,138,23,30,7,350,93,116,19,1731 1,1,1,1,1,1,1,1,1,1,1,1,1,1,1,1,1,1,1,1,1,1,1,1,4,1,1,1,1,1,1,1,1,1,1,1,1,1,1,1,1,1,1,1,1,1,1,1,1,1,1,1,33
176,119,41,126,165,89,417,596,279,189,27,1350,10,938,23,744,228,7,622 1,1,1,1,48,1,1,48,1,1,1,1,1,1,1,1,1,1,21
119,46,1564,201,19,157,7,6,19105,17,165,3371 1,1,1,1,1,1,1,1,1,1,48,1
16,41,86,23,622,141,22,1231,495,3,86,348,945,22,956,105,5,1731,58,22,1231,495 1,1,1,1,21,1,1,1,1,1,1,17,1,1,1,1,1,33,1,1,1,1
119,41,144,733,398,89,35,15,472 1,1,1,1,1,1,1,1,1
119,41,96,115,10,1964,999,1550,7,23,165,35,60,35,475,7,174,228,405,6,65 1,1,1,1,1,1,1,1,1,1,48,1,1,1,1,1,1,1,1,1,1
178,23,63,94,14,31,2536,179,27,40,85 1,1,1,1,1,1,1,1,1,1,1
119,41,118,23,218,10,171,22,105 1,1,1,1,13,1,1,1,1
16,41,86,23,932,335,22,105,5,16,41,86,10,1550,23,289,228,27,6,10558,7,23,747,198,1622 1,1,1,1,1,1,1,1,1,1,1,1,1,1,1,1,1,1,1,1,1,1,1,1,1
195,23,99,1573,10,347,1538,5,347,143,44 1,1,1,1,1,1,1,1,1,1,1
154,14,4428 1,1,1
253,6,28,21,62,580,37,20,270,2112,40,4241,5,236,20,417,29,313,3,16,21,31,68,19,40,916,2643,10,122,62,915 1,1,1,1,1,1,1,1,1,1,1,1,1,12,1,1,1,1,1,1,1,1,1,1,1,1,1,1,1,1,1
27,23,441,112,3,119,41,3934,23,520,10,1964,134,23,236,160,1550 1,1,1,1,1,1,1,1,1,1,1,1,1,1,12,1,1
346,16,14,3462,17,62,412,77,5,41,732,64,3575,27,13128,201,10,46,40,359 1,1,1,1,1,1,1,1,1,1,1,1,1,1,1,1,1,1,1,1
460,119,46,1049,15,1430,10,64,8980,7941,17,528,172 1,1,1,1,1,1,1,1,1,1,1,1,1
119,46,890,62,1132,10,52,582,169,10,40,112 1,1,1,1,1,1,1,1,1,1,1,1
119,46,98,510,6,28,10,15,1397,7,284,8981,12,6,19106,182 1,1,1,1,1,1,1,1,1,1,1,1,1,1,1,1
6,28,20,1260,10,369,10,6,668,12,267,129,17,96,115 1,1,1,1,1,1,1,1,1,1,1,1,1,1,1
497,5707,5619,7141,3,229,533,43,4,5707,5619,7141,746,19107,3667,2449,806,4,13132,825,4,13132,843,4,10554 1,1,1,1,1,1,1,1,1,1,1,1,1,1,1,1,1,1,1,1,1,1,1,1,1
