67,54,4,19183,281,297,424,8991,13156,124,1150,532,5,1057,436,6,28,14,15,7092,696,358,3,121,61,17,903,7,311,39,147 1,1,1,1,1,1,1,1,1,1,1,1,1,1,1,1,1,1,1,1,1,1,1,1,1,1,1,1,1,1,1
793,147,71,324,244,2700,17,1087,87 1,1,4,4,1,1,1,1,1
356,38,63,366,35,365,35,1582,10,1327,5,237,31,49,88,39 1,1,1,1,1,1,1,1,1,1,1,1,1,1,1,1
71,698,43,330,604,3,75,14,170,29,2392,3,75,21,68,170,29,553,196,2090,29,5,1019,181,120,76 4,1,1,1,1,1,1,1,1,1,1,1,1,1,1,1,1,1,1,1,1,1,1,10,10,10
106,40,21,68,98,170,17,1087,87,5,2700,14,15,173,483 7,1,1,1,1,1,1,1,1,1,1,1,1,1,1
132,698,98,43,173,2243,1440,1885,19,6,1721,7,3891,765 1,1,1,1,1,1,1,1,1,1,1,1,1,1
181,120,76,16,14,161,315,95,1169,662,804,431,13,185,805,61,13,817,130,371,5,48,34,12,6,481,7,62,185,347 10,10,10,1,1,1,1,1,3,3,3,3,1,1,1,1,1,1,1,1,1,1,1,1,1,1,1,1,1,1
209,153,765,347,620,195,3752,30,7,494,209 1,1,1,1,1,1,1,1,1,1,1
899,1168,72 1,1,1
338,1267,209 1,1,1
40,21,68,61,17,1087,87 1,1,1,1,1,1,1
921,885 1,1
95,429,154,109,31,111,202,7,312,698,2117 1,1,1,1,1,1,1,1,1,1,1
103,1321,20,359,19,23,95,168,3,5,16,21,62,891,1138,7,1912,42,13,11,173,2911,76 1,1,1,1,1,1,1,1,1,1,1,1,1,1,1,1,1,1,1,1,1,1,1
16,21,675,53,692,1394 1,1,1,1,1,1
1725,555,30,7,1464,872,209 1,1,1,1,1,1,1
127,11,374,127,84,12,340,5,2081,2114,58,7946,69,203,462,22,32,2261,279,22,305,1778,180,22,32,289,125,22,32,815,125,22,32,729,108,22,69,930,231,22,305,1893,782,231,22,69,2031,279,22,32,2188,1592,22,305,2986,10569,189,3577,5085,950,231,22,69,150,30,639,17,71,3,106,3,5,287 1,1,1,1,1,1,1,1,1,1,1,1,1,11,1,1,1,1,1,1,1,25,1,1,1,1,1,1,1,1,1,1,1,59,1,1,1,1,1,1,1,9,1,1,1,1,27,1,1,1,1,1,1,1,1,1,1,1,1,1,1,1,1,1,1,1,1,4,1,7,1,1,1
206,30,16,20,356,6,413,10564,6603,17,867,532,182,17,1087,87,5,132,2461 1,1,1,1,1,1,1,1,1,1,1,1,1,1,1,1,1,1,1
16,14,920,5,21,15,491 1,1,1,1,1,1,1
1711,3,200,85,87 5,5,5,5,5
541,3,356,1602 1,1,1,1
74,20,15,30,7,356,1113,357,157 1,1,1,1,1,1,1,1,1
81,7,182,159,16,21,68,163,3,16,21,359,404,60,693,16,21,55,118,248,93,100,13,15,173,140,1001 1,1,1,1,1,1,1,1,1,1,1,1,1,1,1,1,1,1,1,1,1,1,1,1,1,1,1
16,90,48,34,26,418 1,1,1,1,1,1
16,90,226,7,184 1,1,1,1,1
16,21,31,68,375,3,5,16,1466,19184,394,4356,5,3283,517,16,537,37,677,242,31,810,201,190,60 1,1,1,1,1,1,1,1,1,1,1,1,1,1,1,1,1,1,1,1,1,1,1,1,1
102,101,133,1996,135,435,63,94,3763,89,3,3763,286,19185,140,4606,624,227,412,3,1040,3,1653,3,5,2369,57,44,3,51,3941,14,500,136,11,222,638,200,777,48,155,3,91,720,145,156,5,239,97,213,214,703,114,13,1508,5719,93,352,448,700,290,10,330,604,192,5,104,248,93,14,3788,290,10,23,19186 1,1,1,1,1,1,6,6,6,6,6,6,6,6,1,1,1,1,1,1,1,1,1,1,1,1,1,1,1,1,1,1,1,1,1,1,1,1,1,1,1,1,1,1,1,1,1,1,1,1,1,1,1,1,1,1,1,1,1,1,1,1,1,1,1,1,1,1,1,1,1,1,1,1,1
119,41,1285,2261,5,729 1,1,59,59,59,59
16,21,1803,488,23,4356,5,3283 1,1,1,1,1,1,1,1
119,41,122,201,188,12,620,267,113,10,96,115,19,23,63,94 1,1,1,1,1,1,1,1,1,1,1,1,1,1,1,1
16,41,46,1078,457,264,359,89 1,1,1,1,1,1,1,1
55,2687,43,1987,594,3197,1861,208,52,61 1,1,1,1,1,1,1,1,1,1
205,867,43,3451,50,8986,229,19,4350,36,3,2508 1,1,1,1,1,1,1,1,1,1,1,1
