67,54,4,19202,281,297,424,8991,13156,124,1150,532,5,1057,436,7092,696,358,13,311,39,147,19,820,17,179,7,633,1930,5,106,12,6,481,7,627,153,1029 1,1,1,1,1,1,1,1,1,1,1,1,1,1,1,1,1,1,1,1,1,1,1,1,1,1,1,1,1,1,7,1,1,1,1,1,1,1
404,17,112,627,70,322,283,30,7,61,328,283,55,225,80,129,3,118,978,3,11,249,56,19203,1385,7,1404,5,525,1385,7,2163,415 1,1,1,1,1,1,1,1,1,1,1,1,1,1,1,1,1,1,1,1,1,1,1,1,1,1,1,1,1,1,1,1,1
151,179,1097,147,1003,9,81,8,1464,872,793,71,324,793,494,793,30,7,106,793,338,1267,793,181,120,76,793,161,315,3752,793,30,7,209,153,765,793,1725,555,793,30,7,209,1464,793,30,7,793,147,1464,872,209,56,19204,19,3374,71,324,44,10,266,63,366 4,1,1,1,1,1,1,1,1,1,1,4,4,1,1,1,1,1,7,1,1,1,1,10,10,10,10,10,10,1,1,1,1,1,1,1,1,1,1,1,1,1,1,1,1,1,1,1,1,1,1,1,1,1,1,1,4,4,1,1,1,1,1
1197,223,1618,19,165,8996,596,662,65,5,167,4430,13,911,494,30,7,40,14,209 1,1,1,1,8,1,8,1,1,1,1,8,1,1,1,1,1,1,1,1
16,21,38,62,899,1168,12,6,80,56,19205,290,10,153,76,56,19206,137,19,2986 1,1,1,1,1,1,1,1,1,1,1,1,1,1,1,1,1,1,1,1
106,465,3,92,14,15,2237,483 7,1,1,1,1,1,1,1
899,1168,72,158,679,7,6,153,120 1,1,1,1,1,1,1,1,1
4084,681,265,132,134,2600,266,56,19207,491,21,19,24,2133,988,254,1367,27,3565 1,1,1,1,1,1,1,1,1,1,1,1,1,1,1,1,1,1,1
6452,2243,5,4084,194,338,1267,209 1,1,1,1,1,1,1,1
921,885 1,1
40,21,68,61,17,1087,87 1,1,1,1,1,1,1
181,120,76,161,315,95,10580,3942 10,10,10,1,1,3,3,3
44,429,154,5,44,559 1,1,1,1,1,1
636,19208 1,1
1776,43,64,8997,12,6,80,3752,30,7,11,95,1091,209,153,765,132,52,6109,117,65,135,19209,13,265,12,307,5,148,75,143,7022,10,254,1725,555,30,7,16,157,5086,167 1,1,1,1,1,1,1,1,1,1,1,1,1,1,1,1,1,1,1,1,1,1,1,1,1,1,1,1,1,1,1,1,1,1,1,1,1,1,1,1,1,1
209,1464,30,7,317,1159,19210,11,205,7,793,1012,19211,127,127,137,5,1003,12,10581 1,1,1,1,1,1,1,1,1,1,1,1,1,1,1,1,1,1,1,1
11,374,357,127,127,10,39,200 1,1,1,1,1,1,1,1
357,1105,2261,248,93,51,11,1466,2561,317,277,26,226,7,184 1,1,1,1,1,1,1,1,1,1,1,1,1,1,1
308,39,19212,4081,154,2126,203,462,22,32,512,3943,19213,25,305,950,231,22,69,1262,672,25,32,2986,3577,5085,19214,5086,19215,25,32,167,1781,187,157,167,1921,169,10,911,165,2775,9,19216,8,1893,782,1142,22,69,3820,236,515,25,32,3283,647,25,69,2162,175,25,662,65,930,1142,22,25,69,815,378,25,32,49,13165,397,911,4244,141,22,25,276,729,647,25,69,596,165,1781,1548,3577,8996,272,5,141,1034,973,6110,2126,4356,515,1541,25,662,320,2987,552,167,191,31,5385,423,1269,25,32,706,515,25,32,10573,25,49,36,2844,105,2114,58,7946,69,6542,1632,25,892,10582,3046,1814,25,69,4070,215,22,25,2384,167,34,150,30,639,17,71,3,106,3,5,287 1,1,1,1,1,1,11,1,1,1,1,1,1,1,1,1,1,1,1,27,1,1,1,1,1,1,1,1,1,1,1,1,8,1,1,1,1,1,1,1,8,1,1,1,1,9,1,1,1,1,1,12,1,1,1,1,1,1,1,1,1,1,1,1,1,1,1,1,1,1,1,1,1,1,1,1,1,1,1,1,1,1,20,1,1,1,8,8,8,8,8,8,8,8,8,8,8,1,1,1,1,1,1,1,1,1,1,1,1,1,1,26,1,1,1,1,1,1,1,1,1,1,1,1,1,1,1,1,1,1,1,1,1,1,1,1,1,1,1,1,1,1,1,1,1,1,1,1,1,4,1,7,1,1,1
206,30,16,20,356,6,413,10564,6603,17,867,532,182,17,1087,87,5,132,2461 1,1,1,1,1,1,1,1,1,1,1,1,1,1,1,1,1,1,1
16,14,920,5,21,15,491 1,1,1,1,1,1,1
1711,3,200,85,87 5,5,5,5,5
541,3,356,1602 1,1,1,1
74,20,15,30,7,356,1113,357,157 1,1,1,1,1,1,1,1,1
1711,3,200 1,1,1
541,3,1119 1,1,1
7120,1018,238,161,4,1221,1095,200,85,87 1,1,5,5,5,5,5,5,5,5
541,157,161,4,8998,540,5,2455,1512,1244,13004,1980,19217,53,303,81,7,182,16,90,48,34,3,226,7,184,3,26,418 1,1,1,1,1,1,1,1,1,1,1,1,1,1,1,1,1,1,1,1,1,1,1,1,1,1,1,1,1
23,140,21,2410 1,1,1,1
16,21,1466,1001,140,159,23,124 1,1,1,1,1,1,1,1
16,21,31,38,88,147,13,446,5,11,798,116 1,1,1,1,1,1,1,1,1,1,1,1
273,3,16,90,88,667,26,84,12,23,555,3,75,86,51,753,10,52,602,1041 1,1,1,1,1,1,1,1,1,1,1,1,1,1,1,1,1,1,1,1
16,21,38,11,432,935,26,2927,1368 1,1,1,1,1,1,1,1,1
889,377,35,270 1,1,1,1
6,427,7,23,81,7,182,14,72,12,402 1,1,1,1,1,1,1,1,1,1,1
102,101,63,94,10583,11,3125,84,133,1279,135,435,140,5386,11,84,207,197,2280,5723,696,358,12,11,758,342,196,639,17,2631,5625,227,412,56,7754,70,412,2652,132,681,265,136,687,97,777,635,3,44,13166,5,978,3,216,97,3195,222,638,11,875,3,1797,26,1068,1189,857 1,1,1,1,1,1,1,1,1,1,1,1,1,1,1,1,1,1,1,1,1,1,1,1,1,1,1,1,1,1,1,1,1,1,1,1,1,1,1,1,1,1,1,1,1,1,1,1,1,1,1,1,1,1,1,1,1,1,1,1,1,1,1,1,1
48,11,1966,3,155,91,720,145,156,5,239,3,11,3195,213,26,2443,214,326,327,44,3,11,777,1128,114,11,743,3,750,3,93 1,1,1,1,1,1,1,1,1,1,1,1,1,1,1,1,1,1,1,1,1,1,1,1,1,1,1,1,1,1,1,1
217,975,133 1,1,1
352,642,85,117,3,1411,1093,44,3,942,44,3,700,44,157,2343,3,296,628,322,77,742,2183,283,525,1385,70,322,5,2163,415,3,673,1266,1468,412,77,956,87,13,3284,13167,944,258,77,9,19218,8,204,97,202,7,958,3,363,3,19219,26,8999,3944,1664,95,149,7183,536,4402,59,3,7183,333,10498,59,3,7183,345,9,578,149,8,2354,83,3,7183,347,9,578,149,8,3054,83,3,7183,392,9,578,149,8,1716,83,3,7183,663,9,578,149,8,2750,192,5,104,322,283,56,10584,162,3,247,2185,3,1722,367,1495,151,13,596,5,167,4430 1,1,1,1,1,1,1,1,1,1,1,1,1,1,1,1,1,1,1,1,1,1,1,1,1,1,1,1,1,1,1,1,1,1,1,1,1,1,1,1,1,1,1,1,1,1,1,1,1,1,1,1,1,1,1,1,1,1,1,1,1,1,1,1,1,1,1,1,1,1,1,1,1,1,1,1,1,1,1,1,1,1,1,1,1,1,1,1,1,1,1,1,1,1,1,1,1,1,1,1,1,1,1,1,1,1,1,1,1,1,1,1,1,1,1,1,1,1,1,1,1,1,4,1,8,1,1,8
148,14,5090,41,773,64,13168,7,10585,3821,10,122,293,5082,56,33,3375,26,3204,10,1776,1298,10,322,205,867,43,8986,3,3451,50,19,4245,279,3,2791 1,1,1,1,1,1,1,1,1,1,1,1,1,1,1,1,1,1,1,1,1,1,1,1,1,1,1,1,1,1,1,1,1,1,1,1
