67,54,4,19220,13169,318,1141,112,6609,3,5724,19221,112,54,4,19222,40,28,20,172,5,343,12,2962,13,15,385 1,1,1,1,1,1,1,1,1,1,1,1,1,1,1,1,1,1,1,1,1,1,1,1,1,1,1
50,660,6,30,5,102,461,35,607,19,6,6111,67 1,1,1,1,1,1,1,1,1,1,1,1,1
30,7,61,234,4,1656,3,40,14,15,3537,28,13,15,30,7,131,323,5,2927,19223,121,20,1377,10,52,4431,13,15,824,7,279,19,172,27,62,1987,2495 1,1,1,1,1,1,1,1,1,1,1,1,1,1,1,1,1,1,1,1,1,1,1,1,1,1,1,1,1,1,1,1,1,1,1,1,1,1
16,20,510,425,17,268,172 1,1,1,1,1,1,1
102,101,4,207,197,4,6,28,14,980,3,410,3,5,12,11,199,342 1,1,1,1,1,1,1,1,1,1,1,1,1,1,1,1,1,1
316,205,4,44,3,13,6,708,7,15,266,1616,807,7,19224,227,4,703 1,1,1,1,1,1,1,1,1,1,1,1,1,1,1,1,1,1
155,4,6,184,327,57,91 1,1,1,1,1,1,1
214,4,152,3,396 1,1,1,1,1
457,172,4,824,14,1964,10,52,7950,177,14,44 1,1,1,1,1,1,1,1,1,1,1,1
48,738,111,11,202,448 1,1,1,1,1,1
278,9,158,451,8,4,6,28,14,221,12,6,318,499,43,6,5387,331,35,60 1,1,1,1,1,1,1,1,1,1,1,1,1,1,1,1,1,1,1,1
603,505,4,131,626,6112,590 1,1,1,1,1,1,1
566,9,158,534,748,261,8,4,6,28,14,2863,261,13,903,17,268,4854,35,62,1201 1,1,1,1,1,1,1,1,1,1,1,1,1,1,1,1,1,1,1,1,1
534,748,261,14,211 1,1,1,1,1
1218,19225,10586,3083,6589,3,107 1,1,1,1,1,1,1
13170,19226,19227,533,43,4,10586,3083,6589,3,107 1,1,1,1,1,1,1,1,1,1,1
13170,250,31,81,43,262,331,250 1,1,1,1,1,1,1,1
