67,54,4,19279,54,19280,5726,354,164,168,55,28,4,6609,3,5724,542,4,19281,262,4,7962,282,4,426,4,5094,387,889,1030,12,6,59,194,2168,7,6,59,412,282,4,28,14,15,447,1446,832,3,15,1221,1095,3,13,403,7,311,39,147,158,3159,3412,12,6,187,412,3,212,3,2212,3,142,5,776 1,1,1,1,1,1,1,1,1,1,1,1,1,1,1,1,1,1,1,1,1,1,1,1,1,1,1,1,1,1,1,1,1,1,1,1,1,1,1,1,1,1,1,1,1,1,1,1,5,5,5,1,1,1,1,1,1,1,1,1,1,1,1,1,1,1,10,1,4,1,7,1,15
15,129,183,16,671,1005,1146,16,768,35,78,47,2164,29,6586,13196,78,47,2139,29,12,6,3205,7,23,59,412,78,47,966,29,73,678,1412 1,1,1,1,1,1,1,1,1,1,1,1,1,1,1,1,1,1,1,1,1,1,1,1,1,1,1,1,1,1,1,1,1,1
16,286,749,23,3948,27,6,10597,124,12,19282,121,13197,37,40,14,31,290,10,3159,3412 1,1,1,1,1,1,1,1,1,1,1,1,1,1,1,1,1,1,1,1,1
16,90,46,555,26,88,174,116,27,37,85 1,1,1,1,1,1,1,1,1,1,1
16,90,1075,255,7,78,47,2164,29,13196,78,47,2139,29,12,6,80,5,16,21,11,403,7,555,3,19283,3,670,1030,3,1009,314,5,21,636,68,124,13,15,419,26,1524 1,1,1,1,1,1,1,1,1,1,1,1,1,1,1,1,1,1,1,1,1,1,1,1,1,1,1,1,1,1,1,1,1,1,1,1,1,1,1,1,1,1
16,1773,46,78,47,2164,29,365,861,400,78,47,2139,29,12,6,80,3,51,109,31,1773,402 1,1,1,1,1,1,1,1,1,1,1,1,1,1,1,1,1,1,1,1,1,1,1
23,451,1567,17,62,2085,172,3,75,20,359,19,13198,5,111,10603,42,260,7,6,59,637,1878 1,1,1,1,1,1,1,1,1,1,1,1,1,1,1,1,1,1,1,1,1,1,1
28,21,38,164,12,6,80,5,38,11,2762,915,10,1901,3371 1,1,1,1,1,1,1,1,1,1,1,1,1,1,1
16,482,2171,3530,5,12,232,6032 1,1,1,1,1,1,1,1
674,4,33,212,33,458,33,2212,33,3159,3412,33,142,3,287,33,3017,33,803,5,10587,187,155,558,87,183,33,291,860,33,1044,260,5,209,136,34,9,387,139,4801,8,33,1013,5,209,59,489,34,33,1283,33,4857,33,812,33,1725,33,1353,33,2619,2501,4,33,110,59,384,938,9,2476,8,33,2704,9,3193,8,254,19,168,9,28,109,31,731,254,3,998,14,135,9004,67,8,4,176,274,231,22,25,69,178,7963,9,12667,8,36,22,25,32,195,913,279,22,25,32,253,4845,9,2547,8,850,22,25,32,346,218,549,22,25,32,460,1118,171,22,25,69,652,4246,9,2875,8,180,22,25,32,833,736,9,1052,8,171,22,25,276,995,4249,9,1829,8,1160,22,25,69,1079,1986,9,1405,8,829,22,25,276,167,1820,1477,4657,108,22,25,32,1708,2359,965,1318,58,1318,2530,69,2001,906,13,19284,9,9008,8,36,298,25,32,127,4,1723,9,975,93,8,1144,4,6,28,21,15,19285,87,238,30,9,334,238,12,3672,8 1,1,1,10,1,1,1,4,1,1,1,1,7,1,15,1,1,1,1,1,1,1,1,1,1,1,1,1,1,1,1,1,1,1,1,1,1,1,1,1,1,1,1,1,1,1,1,1,1,1,1,1,1,1,1,1,1,1,1,1,1,1,1,1,1,1,1,1,1,1,1,1,1,1,1,1,1,1,1,1,1,1,1,1,1,1,1,1,1,1,1,1,1,9,1,1,1,1,1,21,1,1,1,1,1,1,1,1,28,1,1,1,1,1,27,1,1,1,1,1,1,1,1,13,1,1,1,1,1,1,1,1,1,1,1,33,1,1,1,1,1,1,1,1,12,1,1,1,1,1,1,1,1,1,1,1,1,1,1,1,1,1,1,1,1,1,1,1,1,1,1,1,1,1,1,1,1,1,1,1,1,1,1,1,1,1,1,1,1,1,1,1,1,1,1,1,1,1,1,1,1,1,1,1,1,1,1,1,1,1,5,5,5,5,5,5,5,5,5,5
16,728,1970,117,2361,7,3946,135,87 1,1,1,1,1,1,1,1,1
16,14,15,2306,3,21,544,727,5,245,13,23,491,12,19286 1,1,1,1,1,1,1,1,1,1,1,1,1,1,1
16,14,15,919,1993,2591 1,1,1,1,1,1
1022,4,74,14,11,403,7,419 1,1,1,1,1,1,1,1
23,573,2488,2492,66,27,388,9,11,173,39,147,8,5,661,27,1247,66,431 1,1,1,1,1,1,1,1,1,1,1,1,1,1,1,1,1,1,1
545,4,292,9009,364,1232,148,19287,716,900,718,880,967,42,658,814,4,480,3,60,387,5,197,5392,306,23,258,440,136,4,1525,136,10604,3,3038,1017,3,11,240,26,309,3,11,205,7,356,164,3,11,216,222,857,644,4,455,3,329,1094,1213,4,1304,362,4,152,3,979,3,1017,860,61,3,11,969,531,4,11,562,222,857,29,217,562,3,217,1032,5,217,79,133,100,29,4434,595,93,9,565,8,352,4,1411,1544,928,204,3,1006,670,628,5,511,100,3,2238,400,204,149,4,4087,4,19288,19289,19290,13199,19291,19292,4036,836,4,19293,19294,7191,2621,4,19295,19296,36,63,6092,2678,781,10605,4,48,1444,5,6616,9,13200,8,4,5393,1164,78,47,383,29,13201,3262,57,7964,100,3,7192,1991,61,100,13,187,78,840,29,59,3,3518,3,3038,14,1017,29,40,197,14,1129,10,356,506,9,6115,8,177,9,13200,8,4,338,3,156,1970,586,3,2248,2311,9,4354,8,3,563,1076,185,12,6560,221,19,356,177,3,1057,1129,10,472,216,3131,2085,9,13198,8,4,70,216,120,1523,2368,5692,2803,42,260,3880,2522,11,1523,1483,3880,794,11,1523,447,3880,5728,11,1523,1247,1878,2522,7965,6116,131,1108,2589,13202,1878,794,7965,6116,2498,2667,13202,1878,5728,7965,6116,2498,1188,13203,6617,7965,5002,131,1108,967,78,986,29,215,53,216,120,1523,2368,5692,2803,42,260,3880,2522,11,1523,1273,3880,794,11,1523,1772,3880,5728,11,1523,1995,1878,2522,7193,6116,10606,10603,1878,794,7193,6116,850,215,1878,5728,3633,6617,7965,6116,131,1108,388,78,986,29,215,873,4,447,1446,832,13,311,341,709,3,61,13,9010,9011,7,36,129,12,2630,12,6,481,7,173,59,1878,260,3,35,1964,43,2085 1,1,1,1,1,1,6,6,1,1,1,1,1,1,1,1,1,1,1,1,1,1,1,1,1,1,1,1,1,1,1,1,1,1,1,1,1,1,1,1,1,1,1,1,1,1,1,1,1,1,1,1,1,1,1,1,1,1,1,1,1,1,1,1,1,1,1,1,1,1,1,1,1,1,1,1,1,1,1,1,1,1,1,1,1,1,1,1,1,1,1,1,1,1,1,1,1,1,1,1,1,1,1,1,1,1,1,1,1,1,1,1,1,1,1,1,1,1,1,1,1,1,1,1,1,1,1,1,1,1,1,1,1,1,1,1,1,1,1,1,1,1,1,1,1,1,1,1,1,1,1,1,1,1,1,1,1,1,1,1,1,1,1,1,1,1,1,1,1,1,1,1,1,1,1,1,1,1,1,1,1,1,1,1,1,1,1,1,1,1,1,1,1,1,1,1,1,1,1,1,1,1,1,1,1,1,1,1,1,1,1,1,1,1,1,1,1,1,1,1,1,1,1,1,1,1,1,1,1,1,1,1,1,1,1,1,1,1,1,1,1,1,1,1,1,1,1,1,1,1,1,1,1,1,1,1,1,1,1,1,1,1,1,1,1,1,1,1,1,1,1,1,1,1,1,1,1,1,1,1,1,1,1,1,1,1,1,1,1,1,1,1,1,1,1,1,1,1,1,1,1,1,1,1,1,1,1,1,1,1,1,1,1,1,1,1,1,1,1,1,1,1,1,1,1,1,1,1,1,1,1,1,1,1,1,1,1,1,1,1,1,1,1,1,1,1,1,1,1,1,1,1,1,1,1,1,1,1,1,1,1,1,1
23,923,372,166,290,10,6,1642,260 1,1,1,1,1,1,1,1,1
16,14,2407,17,59,2556,17,1560 1,1,1,1,1,1,1,1
1548,4,11,483,644,4,86,163,254,29,364,4,11,483,29,96,115,6618,1164,7,506,361,4,71,353,29,1198,2398,1309,4,1687,139,2398,1883,4,126,252,462,32,2572,4,1825,1120,4,11,483,149,4,6117,3,836,3,2621,3,317,5,1018,174,4,28,2448,10607,5729,7194,19297,247,9,19298,8,56,28,221,5,101 1,1,1,1,1,1,1,1,1,1,1,1,1,1,1,1,1,1,1,1,1,1,1,1,1,1,1,1,1,1,1,1,1,1,1,1,1,1,1,1,1,1,1,1,1,1,1,1,1,1,1,1,1,1,1,1,1,1,1,1,1,1,1,1,1,1,1,1,1,1,1,1,1,1
740,13,270,3561,55 1,1,1,1,1
12,1922,3,19299,13,674,173,17,151,3,142,3,365,393,3,5,3159,3412,121,61,13,95,788,7,855,3,1563,78,47,6062,29,19300,78,47,966,29,12,53,412 1,1,1,1,1,1,1,1,4,1,7,1,15,15,1,1,1,1,1,1,1,1,1,1,1,1,1,1,1,1,1,1,1,1,1,1,1,1,1
216,1186,172,111,53,518,2803,543,13,10603,42,260,7,53,637,1878 1,1,1,1,1,1,1,1,1,1,1,1,1,1,1,1
16,14,162,3020,1042,17,1605,702,1560 1,1,1,1,1,1,1,1,1
163,254,13,708,7,818,19301,41,52,1833 1,1,1,1,1,1,1,1,1,1
122,402,104,270 1,1,1,1
235,220,6619,13204,3,730,385,3,121,740,220,192,5,104 1,1,1,1,1,1,1,1,1,1,1,1,1,1
9012,5048,13205,4088,19302 1,1,1,1,1
