67,54,4,19237,281,162,55,28,4,6609,3,5724,542,4,13178,162,54,4,19238,451,4,1265,2988,9,19239,8,2474,4,226,7,184,282,4,293,6609,14,15,586,87,302,498,13,674,7,142,3,287,3,151,317,645,3,209,188,19240,10587,12,2091,30,3,121,61,10,6,230,43,1766,139,2824,66,391,27,4202,6610,272,13,199,226,7,184,5,188,34 1,1,1,1,1,1,1,1,1,1,1,1,1,1,1,1,1,1,1,1,1,1,1,1,1,1,1,1,1,1,1,1,1,1,1,1,1,1,1,1,1,1,1,1,7,1,15,1,4,4,4,1,1,1,1,1,1,1,1,1,1,1,1,1,1,1,1,1,1,1,1,1,1,1,1,1,1,1,1,1,1,1,1
34,20,31,4775,3775,188,3,51,584,10,6,53,489 1,1,1,1,1,1,1,1,1,1,1,1,1
1870,43,300,5,375,123,36,3,990 1,1,1,1,1,1,1,1,1
11,48,34 1,1,1
21,636,1204,1152,2824,356 1,1,1,1,1,1
11,739,26,634,93 1,1,1,1,1
11,249,26,263 1,1,1,1
11,84,12,326,1215 1,1,1,1,1
11,63,135,3109,26,1366 1,1,1,1,1,1
12,230,3,316,205,35,96,4,1130,3,148,19241,3,523,1000,3,716,1245,3,853,42,19,658 1,1,1,1,1,1,1,1,1,1,6,6,1,1,1,1,1,1,1,1,1,1,1
370,252,5,289,3,1798,97,915,3,128,1720,5,1405,13,476,915,3,5,2261,247,5,286,25 1,52,1,1,1,37,1,1,1,1,1,1,1,1,1,1,1,1,1,1,1,1,1
674,4,19242,33,19,348,5,4246,13179,33,209,185,19,340,3,135,28,1197,12,13180,19243 1,1,1,1,1,17,1,33,1,1,1,1,1,1,1,1,1,1,1,6,6
19,274,5,19244,7184,19245,7,3322,1543,477,15,1993,2591,3,5725,997,84,19,241,19246,10588,188,34,233,4,790,254,4,7951,125,22,25,32,3,274,231,22,25,69,3,1286,108,22,25,605,3,141,22,25,608,3,736,3,4845,850,22,25,608,3,19247,180,22,25,32,3,4246,1022,4,19248,1144,4,19249,285,35,10589,4,175,2361,7,3946,135,421,13181,4,2091,19250,4,200,579,4,11,19251 1,9,1,27,1,1,1,1,1,1,1,1,1,1,1,1,1,1,1,1,1,1,1,1,1,1,1,1,1,1,1,1,1,1,9,1,1,1,1,1,21,1,1,1,1,1,1,1,1,1,1,12,1,27,1,1,1,1,1,1,1,1,1,1,1,33,1,1,1,1,1,1,1,1,1,1,1,1,1,1,1,1,46,46,46,1,1,1,1,1,1,1
11,10590,19252,93 1,1,1,1
11,84,12,1059,26,140 1,1,1,1,1,1
11,263,3,1371,994,3,277 1,1,1,1,1,1,1
11,34 1,1
11,277 1,1
77,4,13182,4,292,4835,3,523,1973,3,148,19253,3,716,1245,3,853,42,19,1467,3,1914,42,658,814,4,19254,3,2663,3,280,3,1417,12,859,12,480,196,4,11,19255,227,4,3464,3,1852,3,665,3,1124,797,3,3531,2638,5,91,3,1110,2596,3,44,3941,136,4,332,3,66,3,687,31,777,3,576,27,108,632,1213,4,675,48,3,1304,3,11,6113,3,11,7952,7953,644,4,9001,716,304,3,310,3,2463,589,213,3,1630,31,1046,362,4,280,3,1121,3,952,3,1465,3,1289,3,11,969,3,11,7185,3,2849,860,61,19,5091,188,4,4837,246,3,673,1044,246,27,4202,6114,531,4,11,93,3,743,26,750,3,617,3,133,323,51,61,352,4,4085,3,1010,2422,3,925,19256,204,3,1170,233,939,114,3,1009,204 1,1,1,1,1,1,1,1,1,1,6,6,6,1,1,1,1,1,1,1,1,1,1,1,1,1,1,1,1,1,23,1,1,1,1,1,1,1,1,1,1,1,1,1,1,1,1,1,1,1,1,1,1,1,1,1,1,1,1,1,1,1,1,1,1,1,1,1,1,1,1,1,1,1,1,1,1,1,1,1,1,1,1,1,1,1,1,1,1,1,1,1,1,1,1,1,1,1,1,1,1,1,1,1,1,1,23,1,1,1,1,1,1,1,1,1,1,1,1,1,1,1,1,1,1,1,1,1,1,1,1,1,1,1,1,1,1,1,1,1,1,1,1,1,1,1,1,1,1,1,1,1,1,1,1,1,1,1,1,1,1,1,1,1,1,1,1,1,1,1,1
2329,82,217,5,675,12,1345,634,5,2363 1,1,1,1,1,1,1,1,1,1
415,467,100 1,1,1
149,4,1290,4,1290,402,17,6609,3,5724,4634,7954,13183,154,2097,295,2295,1724 1,1,1,1,1,1,1,1,1,1,1,1,1,1,1,1,1,1
471,1724 1,1
189,430,456,2451,1305,351,430,663,1646,1276,351,430,835,2616,1310,351,430,1072,1658,7186,1450,351,7955,5332,83,13184,10591,512,3198,1478,219,1555,3202,1659,219,1184,955,1660,1556,430,1800,2061,900,1311,219,430,347,1537,83,1601,219,430,345,2354,83,1359,219,1258,1259,3465,2905,2720,1454,1905,1956,1514,3248,42,295,2124,4,1905,1988,4179,1520,266,10,2721,422,1514 1,1,1,1,1,1,1,1,1,1,1,1,1,1,1,1,1,1,1,1,1,1,1,1,1,1,1,1,1,1,1,1,1,1,1,1,1,1,1,1,1,1,1,1,1,1,1,1,1,1,1,1,1,1,1,1,1,1,1,1,1,1,1,1,1,1,1,1,1,1,1,1,1,1,1,1,1,1,1,1
2438,601,2149,2673,1454,1258,1259,1483,3822,721,7954,19257,512,3784,1478,219,1555,2282,59,1659,219,1184,955,1660,1556,486,961,4086,2602,654,1461,1880,2464,654,2013,2316,2385,654,496,1131,1389,2386,219,486,1131,829,3691,219,1981,1982,2073,3579,721,2509,996,3580,721,1258,1259,3465,2557,2720,1454,1905,1956,1514,3248,42,295,2124,4,1905,1988,4179,1520,266,10,2721,422,1514 1,1,1,1,1,1,1,1,1,1,1,1,1,1,1,1,1,1,1,1,1,1,1,1,1,1,1,1,1,1,1,1,1,1,1,1,1,1,1,1,1,1,1,1,1,1,1,1,1,1,1,1,1,1,1,1,1,1,1,1,1,1,1,1,1,1,1,1,1,1,1,1,1,1,1,1,1,1,1,1
2438,1499,2673,1454,295,2124,4,5050,1891,2423,680,3285,721,1258,1259,2616,3822,721,7954,19258,1258,1259,3465,72,193,2418,72,193,1185,4,7954,19259,154,2097,295,2295,1724 1,1,1,1,1,1,1,1,1,1,1,1,1,1,1,1,1,1,1,1,1,1,1,1,1,1,1,1,1,1,1,1,1,1,1,1,1
471,1724 1,1
189,349,2902,1312,524,333,13185,59,1977,42,560,4247,2119,1451,734,19260,2202,1785,536,7187,1589,1381,653,1322,1360,1227,786,4855,1479,1588,823,9002,1480,654,795,4651,1424,42,1737,79,5388,3162,1060,1737,1074,1492,295,2124,4,1074,1738,57,5291,344,17,1484,5000,340 1,1,1,1,1,1,1,1,1,1,1,1,1,1,1,1,1,1,1,1,1,1,1,1,1,1,1,1,1,1,1,1,1,1,1,1,1,1,1,1,1,1,1,1,1,1,1,1,1,1,1,1,1,1,1,1,1,1
1737,2206,13186,2834,1060,1154,1066,370,1257,1125,1277,1542,1476,83,1739,42,577,1352,59,1786,42,847,117,59,1740,42,830,210,1832,42,864,36,1691,42,714,1209,10592,2240,524,714,577,7956,2241,524,714,847,2062,2577,524,714,830,7957,83,2242,524,714,864,3200,2278,524,1661,200,44,1577,200,44,2360,200,2096,200,177,4,302,53,3105,1528,893,3,44,338,7875,506,4,461,4,11,1984,26,202,7,458,14,61 1,1,1,1,1,1,1,1,1,1,1,1,1,1,1,1,1,1,1,1,1,1,1,1,1,1,1,1,1,1,1,1,1,1,1,1,1,1,1,1,1,1,1,1,1,1,1,1,1,1,1,1,1,1,1,1,1,1,1,1,1,1,1,1,1,1,1,1,1,1,1,1,1,1,1,1,1,1,1,1,1,1,1,1,1,1,1,1,1,1,1,1,1
74,14,15,544,632,240,12,6,70,194,155 1,1,1,1,1,1,1,1,1,1,1
40,20,4248,10,52,1554,2413,19,48,3374,997,84,57,543,13,3322,422,997,76 1,1,1,1,1,1,1,1,1,1,1,1,1,1,1,1,1,1,1
339,4,3322,422,997,76,70,194,1443,240,4248,10,52,1554,2413,19,48,3374,241,4,241,48,461,4,11,2371 1,1,1,1,1,1,1,1,1,1,1,1,1,1,1,1,1,1,1,1,1,1,1,1,1,1
6,1518,14,7,44,5092 1,1,1,1,1,1
74,14,2989,1926,7,6,1518 1,1,1,1,1,1,1
7745,5389,3524,14,61 1,1,1,1,1
100,997,1926,1523,57,722,543,13,3322,422,997,76 1,1,1,1,1,1,1,1,1,1,1,1
12,475,3,12,6,789,1076,70,194,1443,74,14,3202,632,240 1,1,1,1,1,1,1,1,1,1,1,1,1,1,1
6,240,21,15,5715,997,7188,4219,10,997,1523 1,1,1,1,1,1,1,1,1,1,1
74,14,98,61,19261,884,963,6,240,5,1053,314 1,1,1,1,1,1,1,1,1,1,1,1
6,461,57,543,13,1554,2413 1,1,1,1,1,1,1
15,4432,3688,7,1554,2413,14,61,12,6,53,194,1443 1,1,1,1,1,1,1,1,1,1,1,1,1
181,120,1926,61 1,1,1,1
11,3128,26,4433,26,1797,908,14,61 1,1,1,1,1,1,1,1,1
74,14,11,2109,1189 1,1,1,1,1
6,10593,3671,57,569 1,1,1,1,1
395,122,533,214,146 1,1,1,1,1
339,4,176,44,5092,1518,395,122,2138,146,641,172,7,1899 1,1,1,1,1,1,1,1,1,1,1,1,1,1
178,100,1554,2413,5,3322,422,997,76 1,1,1,1,1,1,1,1,1
5726,2138,1518,329,78,7954,19262,146,4,40,264,20,81,13,64,10594 1,1,1,1,1,1,1,1,1,1,1,1,1,1,1,1
2138,7,6,4410,20,13,5,97,4652 1,1,1,1,1,1,1,1,1
4856,4,2831,13187,2138,1638,7,6,48,5,473,214,20,582,13,5,97,4652 1,1,1,1,1,1,1,1,1,1,1,1,1,1,1,1,1,1
19263,689,143,564,5,1855 1,1,1,1,1,1
461,4,74,14,15,544,884,621,5389 1,1,1,1,1,1,1,1,1
74,14,11,202,7,15,4803,630,6,1518,10,508,15,1899 1,1,1,1,1,1,1,1,1,1,1,1,1,1
6,7189,7,6,1328,884,57,44,883 1,1,1,1,1,1,1,1,1
74,14,11,202,7,1391 1,1,1,1,1,1
6,3823,120,5,4037,57,883 1,1,1,1,1,1,1
74,57,1513,153,120,100 1,1,1,1,1,1
74,14,131,2172,7,6,637,70,153,120 1,1,1,1,1,1,1,1,1,1
6,53,153,120,14,883 1,1,1,1,1,1
339,4,569,2138,7,6,2068,1518,3,97,202,7,1899,26,1391 1,1,1,1,1,1,1,1,1,1,1,1,1,1,1
131,2172,7,6,637,70,153,120 1,1,1,1,1,1,1,1
7958,873,4,40,14,15,586,87,302,498,13,199,226,7,184,5,188,34 1,1,1,1,1,1,1,1,1,1,1,1,1,1,1,1,1,1
176,528,33,41,826,319,17,431,370,252,3,19264,3,289,3,2213,12,230,103,450,3,1471,898,19,274,3,4845,35,1201,29,41,86,2261,17,476,355 1,1,1,1,1,1,1,1,1,52,1,37,1,1,1,1,1,1,1,1,1,1,1,1,9,1,27,1,1,1,1,1,1,1,1,1
178,153,33,819,2334,3,197,976,10,472,3,543,13,209,153,765,3,166,290,10,106,76,41,86,10,96,195,2572,33,71,3,4069,1048,2510,165,3,41,4562,10,596,711,105,606,14,91,253,1058,33,30,5,61,234,7,209,188,34,3,266,10,13188,1223,17,34,1734,35,2574,4653,12,1319,346,1326,33,13189,1150,3,173,10595,3775,1622,139,551,82,2942,615,87,183,41,1101,10,673,10596,2345,460,1927,2580,19265,652,1155,1127,3,19,815 1,1,1,1,1,1,1,1,1,1,1,1,1,1,1,1,1,1,1,1,1,1,1,1,1,1,1,1,1,4,4,4,4,1,1,1,1,1,1,1,1,1,1,1,1,1,1,1,1,1,1,1,1,1,1,1,1,1,1,1,1,1,1,1,1,1,1,1,1,1,1,1,1,1,1,1,1,1,1,1,1,1,1,1,1,1,1,1,1,1,1,1,1,1,1,1,1,1,1,1,1,1
833,2623,163,139,199,103,1168,492,29,41,46,268,341,7784,359,868,10597,124 1,1,1,1,1,1,1,1,1,1,1,1,1,1,1,1,1,1
4377,6611,10598,710,19266 1,1,1,1,1
