67,54,4,19330,2140,3,5732,281,297,424,3,19331,592,4858,3287,4089,124,3,2828,1109,3,702,5067,13216,3,4366,3,13217,684,4,2640,5394,19332,168,55,426,4,307,282,4,395,510,10,169,982,1351,9,1604,5,208,2165,8,17,402,7,1694 1,1,1,1,1,1,1,1,1,1,1,1,1,1,1,1,1,1,1,1,1,1,1,1,1,1,1,1,1,1,1,1,1,1,1,1,1,1,1,1,1,1,1,1,1,1,1,1,1,1,1,1,1,1,1,1
2640,14,15,1476,379,522,66,10614,13,15,95,505,7,350,19333,76,43,2772,12,6120,13,209,3950,19,9018,1133,3,1539,1029,3,142,3,71,3,209,153,765,5,287 1,1,1,1,1,1,1,1,1,1,1,1,1,1,1,1,1,1,1,1,1,1,1,1,1,1,1,1,1,1,7,1,4,1,1,1,1,1,15
18,20,261,66,13214,12,6120,5,38,1858,128,85,27,19334,169,10,37 1,1,1,1,1,1,1,1,1,1,1,1,1,1,1,1,1
21,68,191,1097,60,27,163,225,6,99,493,129,51,61,13,118,226,7,184 1,1,1,1,1,1,1,1,1,1,1,1,1,1,1,1,1,1,1
90,48,34,3,19335,3,301,739,26,93,26,655,1001 1,1,1,1,1,1,1,1,1,1,1,1,1
18,1603,68,221,1684,113,183,12,6,230,13,1075,116,5,20,1624,343,13,247,289,5,781,163 1,1,1,1,1,1,1,1,1,1,1,1,1,1,1,1,1,1,1,1,1,1,1
1023,18,20,162,10,230,2804,189,51,517,7,828,3950,5,479,18,14,52,688,10,39,594 1,1,1,1,1,1,1,1,1,1,1,1,1,1,1,1,1,1,1,1,1,1
12,19336,189,138,247,289,3,959,9,488,4658,226,1197,7,19337,8 1,1,1,1,1,1,1,1,1,1,1,1,1,1,1,1
1694,4,35,270,3,1100,1391,131,494,9,209,4607,8,3581,110,70,1459,822,39,4,1262,672,25,32,770,2124,39,7968,267,19338,17,718,13222,19,19339,9,19340,8,729,515,25,32,809,945,22,25,69,49,13,911,752,5097,2534,3325,25,32,289,382,22,25,32,452,755,22,25,608,210,298,25,276,2261,672,25,892,1384,171,22,25,32,191,31,5385,663,835,4090,25,32,1405,2400,25,19341,167,958,622,647,25,32,49,13,1429,26,671,911,3056,9019,25,69,736,515,25,608,127,4,11,374,357,127,150,30,4,661,21,151 1,1,1,1,1,1,1,1,1,1,1,1,1,1,1,1,1,1,1,1,27,1,1,1,1,1,1,1,1,1,1,1,1,1,1,1,1,1,20,1,1,1,17,1,1,1,1,1,1,1,1,1,1,1,1,1,1,1,1,1,1,1,1,1,1,1,1,1,1,1,1,1,1,1,1,1,1,1,1,1,1,1,1,1,1,1,1,1,1,1,1,1,1,21,1,1,1,1,1,1,1,1,1,9,1,1,1,12,1,1,1,1,1,1,1,1,1,1,1,1,1,1,4
175,848,71,661,33,71 1,1,4,1,1,4
848,33,13220,206,30,4,245,12,13219 1,1,1,1,1,1,1,1,1
21,175,723,56,95,583 1,1,1,1,1,1
1219,66,10614 1,1,1
356,285,35,15,3949,12,9013,5662,3,9017,15,493,991,183 1,1,1,1,1,1,1,1,1,1,1,1,1,1
19,209,965,10615,1133,27,163,117,13223 1,1,1,1,1,1,1,1,1
449,10,299,963,1422,5,319,598 1,1,1,1,1,1,1,1
579,4,376,72,77,19342,814,4,19343,197,3,31,5099,270,472,19344,3,19345,924,3,12795,3,1137,42,19,19346,3,148,13224,227,4,11,185,136,813,3,1042,91,3,742,1439,136,4,332,11,19347,3,309,48,4,1248,6621,394,649,9,209,8,11,19348,1910,4,455,11,1099,362,4,19349,3,5734,3,409,588,3,11,240,26,1061,531,4,11,93 1,1,1,1,1,1,1,1,1,1,1,1,1,1,1,1,1,1,1,1,1,1,1,1,1,1,1,1,1,1,1,1,1,1,1,1,1,1,1,1,1,1,1,1,1,1,1,1,1,1,1,1,1,1,1,1,1,1,1,1,1,1,1,1,1,1,23,1,1,1,1,1,1,1,1,1,1,1,1,1,1
3206,4,1043,1664,95,149,4,1894,456,9,578,149,8,3583,59,3,1894,663,9,578,149,8,2105,3,1894,835,9,578,149,8,2073,3,1894,769,9,578,149,8,6622,3,1894,2509,1600,83,3,1894,2423,1578,83,3,1894,1981,1982,2667,83,3,1894,486,1131,1774,3,1894,496,1131,1389,3,1894,486,961,2636,83,3,1894,1461,2750,3,1894,2013,1967,3,7198,1258,1259,1217,3,7198,1258,1259,1956,2557,3,7198,1905,1956,1514,3,1894,2083,1491,83,3,7198,512,2931,3,1894,347,9,578,149,8,1537,83,3,1894,345,9,578,149,8,3828,83,3,1894,1941,3332,83,3,7198,1184,2334,3,1894,333,6121,59,3,1894,560,5396,59,3,1894,734,19350,59,3,1894,536,5067,3,1894,653,388,3,1894,786,5021,3,1894,823,6122,3,1894,795,10616,83,3,1894,1154,1066,370,3,1894,1661,433,83,3,1894,1577,200,3,1894,2360,200,3,1894,2096,200,3,7198,79,10270,83,3,1894,1737,2206,10617,83,3,1894,3584,72,3,1894,3585,72,3,1894,3586,2854,4091,3,1894,3587,63,72,3,1894,1838,1944,3,1894,3588,217,3,1894,3466,72,3,1894,1886,1018,72,3,1894,3951,2567,1323,3,1894,4435,1323,3,1894,4436,1323,3,1894,4437,72,3,1894,2147,763,72,3,1894,830,117,3,1894,864,519,3,1894,577,856,59,3,1894,847,117,59,3,1894,714,830,7827,3,1894,714,864,2873,3,1894,714,577,6623,3,1894,714,847,10618,3,1894,1542,382,83,3,1894,714,1209,7969,3,1894,1257,1125,1277,3,1894,5603,5397,506,4,176,381,100,997,792,5,131,2027,350,93,3,543,13,458 1,1,1,1,1,1,1,1,1,1,1,1,1,1,1,1,1,1,1,1,1,1,1,1,1,1,1,1,1,1,1,1,1,1,1,1,1,1,1,1,1,1,1,1,1,1,1,1,1,1,1,1,1,1,1,1,1,1,1,1,1,1,1,1,1,1,1,1,1,1,1,1,1,1,1,1,1,1,1,1,1,1,1,1,1,1,1,1,1,1,1,1,1,1,1,1,1,1,1,1,1,1,1,1,1,1,1,1,1,1,1,1,1,1,1,1,1,1,1,1,1,1,1,1,1,1,1,1,1,1,1,1,1,1,1,1,1,1,1,1,1,1,1,1,1,1,1,1,1,1,1,1,1,1,1,1,1,1,1,1,1,1,1,1,1,1,1,1,1,1,1,1,1,1,1,1,1,1,1,1,1,1,1,1,1,1,1,1,1,1,1,1,1,1,1,1,1,1,1,1,1,1,1,1,1,1,1,1,1,1,1,1,1,1,1,1,1,1,1,1,1,1,1,1,1,1,1,1,1,1,1,1,1,1,1,1,1,1,1,1,1,1,1,1,1,1,1,1,1,1,1,1,1,1,1,1,1,1,1,1,1,1,1,1,1,1,1,1,1,1,1,1,1,1,1,1,1,1,1,1,1,1,1,1,1,1,1,1,1,1,1,1,1,1,1,1,1,1,1,1,1,1,1,1,1,1,1,1,1,1,1,1,1,1,1,1,1,1,1,1,1,1,1,1,1,1,1,1,1,1
178,11,3783,202,7,854 1,1,1,1,1,1
177,4,11,937,84,339,4,350,19351,19352,76,3,1539,1029,13,131,458,1302 1,1,1,1,1,1,1,1,1,1,1,1,1,1,1,1,1,1
24,427,718,880,57,188,10,472,5,18,109,31,197,10,52,12,173,3901,371 1,1,1,1,1,1,1,1,1,1,1,1,1,1,1,1,1,1,1
1974,3,119,191,887,46,681,312,10,2865,24,12,6,1767,7,7199,9,18,21,1574,174,993,13,19353,8,3,35,40,14,207,15,3347,328 1,1,1,1,1,1,1,1,1,1,1,1,1,1,1,1,1,1,1,1,1,1,1,1,1,1,1,1,1,1,1,1,1
104,4,56,162,10,297,17,268,2804,19,4797 1,1,1,1,1,1,1,1,1,1,1
56,492,1471,898,56,86,1201,289,228 1,1,1,1,1,1,1,1,1
56,1237,9018,1133,35,160,56,19354,977,278,56,79,21,1574,4563,977,3,51,7195,1317,52,2865,35,4165,237,52,575 1,1,1,1,1,1,1,1,1,1,1,1,1,1,1,1,1,1,1,1,1,1,1,1,1,1,1
56,50,41,1438,13,24,684,4,1399,17,10619,198,159,18,21,1574,4563,977,27,99,5,13,40,168 1,1,1,1,1,1,1,1,1,1,1,1,1,1,1,1,1,1,1,1,1,1,1,1
40,1317,575,13225,268,19355,13,1075,516,27,163 1,1,1,1,1,1,1,1,1,1,1
56,86,151,516,220,19356 1,1,4,1,1,1
56,3192,982,12,1014,65 1,1,1,1,1,1
56,6491,2865,1980,134,18,2559,2431,92 1,1,1,1,1,1,1,1,1
56,659,452,3,827,905,9,6491,46,5735,224,2718,55,13,228,7,452,8,56,9020,10,3055,3,1127,13,1224 1,1,1,1,1,1,1,1,1,1,1,1,1,1,1,1,1,1,1,1,1,1,1,1,1,1
205,867,43,2140,3,5732,19,4659,58,3,2165 1,1,1,1,1,1,1,1,1,1,1
