67,54,4,19303,28,414,4,5394,3,2640,29,542,4,13206,533,27,4,19304,43,3692,3234,3,107 1,1,1,1,1,1,1,1,1,1,1,1,1,1,1,1,1,1,1,1,1,1,1
153,278,55,92,14,15,1174,122,122,629,5394,12,278 1,1,1,1,1,1,1,1,1,1,1,1,1
18,20,510,10,1186,43,64,2140 1,1,1,1,1,1,1,1
629,5394,21,15,30,7,71,324,17,6,99,3774,87 1,1,1,1,1,1,4,4,4,4,4,4,4
18,98,21,15,916,30,7,106 1,1,1,1,1,1,1,7
18,919,66,9013,12,2260,139,285,74,17,1087,87 1,1,1,1,1,1,1,1,1,1,1,1
24,99,315,20,35,15,5095,1940 1,1,1,1,1,1,1,1
18,14,190,60 1,1,1,1
18,90,555,3,300,3,375,3,291,34 1,1,1,1,1,1,1,1,1,1
18,98,90,226,7,184,26,1549,1355,697 1,1,1,1,1,1,1,1,1,1
18,90,474,5,2428,7,796,3,249,3,459 1,1,1,1,1,1,1,1,1,1,1
18,14,49,24,39,145 1,1,1,1,1,1
127,11,374,357,127 1,1,1,1,1
80,39,30,176,71,324,17,223,3774,87 1,1,1,1,4,4,1,1,1,1
178,106 1,7
195,881,253,776,206,30,18,90,238,26,728 1,1,1,15,1,1,14,14,14,1,1
18,21,175,723,245,13,24 1,1,1,1,1,1,1
150,30,269,17,71 1,1,1,1,4
39,729,141,22,1729,65,3,809,501,22,956,15,65,3,2424,108,22,956,15,65,3,1731,210,22,1729,65,3,9,18,38,13207,196,2338,13,1101,10,118,6,228,8,236,141,22,1729,65,3,203,462,22,15,65,9,18,14,31,49,203,8 1,20,1,1,1,1,1,17,1,1,1,1,1,1,21,1,1,1,1,1,1,33,1,1,1,1,1,1,1,1,1,1,1,1,1,1,1,1,1,1,12,1,1,1,1,1,54,1,1,1,1,1,1,1,1,1,54,1
81,7,182,629,5394,90,88,95,678,84,3,555 1,1,1,1,1,1,1,1,1,1,1,1
18,90,48,34,3,226,7,184,3,300,3,375,3,291,34,3,446,3,648,3,796,3,249,3,459 1,1,1,1,1,1,1,1,1,1,1,1,1,1,1,1,1,1,1,1,1,1,1,1,1
102,77,629,5394,981,60 1,1,1,1,1,1
63,94,14,10608 6,6,6,6
1768,140,14,19305,390,63,94,14,5730 1,1,1,1,6,6,6,6,6
19,101,7,413,5,136,33,11,714 1,1,1,1,1,1,1,1,1
687,14,152,3,396,3,11,635 1,1,1,1,1,1,1,1
48,14,91,10,1051,5,463 1,1,1,1,1,1,1
130,33,145,156,5,239,3,11,1162 1,1,1,1,1,1,1,1,1
214,14,152,3,326,327,61 1,1,1,1,1,1,1
114,33,565,93 1,1,1,1
457,401 1,1
339,629,5394,21,71,5,106,13,15,131,185,347 1,1,1,1,4,1,7,1,1,1,1,1
24,336,111,2428,7,961,3,75,508,71,1383 1,1,1,1,1,1,1,1,1,1,1
748,81,7,24,39,3,18,14,19,15,244,232,39,179,3,5,24,63,94,21,68,60,179 1,1,1,1,1,1,1,1,1,1,1,1,1,1,1,1,1,1,1,1,1,1,1
313,3,89,6,63,94,14,1197,2156 1,1,1,1,1,1,1,1,1
50,41,122,24,12,223,267,10,544,129 1,1,1,1,1,1,1,1,1,1
134,24,63,94,86,10,52,365,3,119,546,527,10,118,24,228,7,2930 1,1,1,1,1,1,1,1,1,1,1,1,1,1,1,1,1,1
50,98,1509,10,629,5394,6,1511,7,49,203,5,37,18,546,86,24,105,203 1,1,1,1,1,1,1,1,1,1,54,1,1,1,1,1,1,1,54
2668,3692,3234,3,107 1,1,1,1,1
19306,19307,19308,19309 1,1,1,1
