67,54,4,19414,3097,3,1306,680,3,3193,19415,426,4,1476,379,428,162,13,553,1440,1468,2499,282,4,1627,4024,629,19416,82,5681,66,24,1150,30,3,18,21,38,317,58,71,17,1087,87,5,14,132,2103,66,1087,7,6,698,7,37,76,3,158,1082,3,604,5,1383 1,1,1,1,1,1,1,1,1,1,1,1,1,1,1,1,1,1,1,1,1,1,1,1,1,1,1,1,1,1,1,1,1,1,1,1,1,1,4,4,4,1,1,1,1,1,1,1,1,1,1,1,1,1,1,1,1,1,1,1,1,1,1
40,1036,10,1205,5,2499,126,581,129,183,3,157,15,53,3029,1136,1842,37,95,606,1489,649,993,139,13241,17,15,896,85 1,1,1,1,1,1,1,1,1,1,1,1,1,1,1,1,1,1,1,1,1,1,1,1,1,1,1,1,1
98,422,3,27,1376,12,1678,3,10,24,71,76,14,181,120,76,1036,10,15,5400,185,431,12,1387,7842,159,286,18,21,38,5324,7,1146,197,10,52,24,3240,19417,53,1040,34,5,15,2089,7,296,12,24,194,48,37,957,27,427,5,57,5034,3,530,2492,397,18,21,85,10,527,15,13242 1,1,1,1,1,1,1,1,1,1,4,1,1,10,10,10,1,1,1,3,3,3,1,1,1,1,1,1,1,1,1,1,1,1,1,1,1,19,1,1,1,1,1,1,1,1,1,1,1,1,1,1,1,1,1,1,1,1,1,1,1,1,1,1,1,1,1,1,25
12,475,3,629,4438,258,37,24,63,94,46,1197,681,194,3,19,3266,1468,6,1004,7,633,405,820,3,75,2718,24,6132,5,312,590,306,44 1,1,1,1,1,1,1,1,1,1,1,1,1,1,1,1,1,1,1,1,1,1,1,1,1,1,1,1,1,1,1,1,1,1
18,14,19,15,19418,821,503,3,51,1295,10,6,2247,939,421,183,13,1440,12,6,481,7,821 1,1,1,1,1,1,1,1,1,1,1,1,1,1,1,1,1,1,1,1,1,1,1
18,242,31,530,10,821,89,3,35,24,2142,20,465,1520,266 1,1,1,1,1,1,1,1,1,1,1,1,1,1,1
157,15,163,3236,3,629,4438,67,13243,12,6,382,82,5,640,7,1041,1551,7,616,3,1540,186,299,115,66,6,2198,269 1,1,1,1,1,1,1,1,1,1,1,1,1,1,1,1,1,1,1,1,1,1,1,1,1,1,1,1,1
18,14,775,10,1417,917,1086,10,739 1,1,1,1,1,1,1,1,1
18,90,95,249,3,459,3,307,26,48,34 1,1,1,1,1,1,1,1,1,1,1
194,114,474,86,10,52,15,147,5,18,14,640,7,53,1404,34 1,1,1,1,1,1,1,1,1,1,1,1,1,1,1,1
674,4,1205,35,15,295,7,151,19,821,3,151,422,19419,29,256,411,2017,1489,29,3331,29,142,12,6,80,29,212,110,2035,10627,3,713,12,2806,3049,111,559,1995,42,29,458,29,881,13,1378,283,96,43,64,10624,29,256,361,432,13,72,473,2128,3,401,838,3,3547,5,3369,860,3,875,399,320,87,183,110,2396,29,1354,29,703,567,1887,29,256,971,110,4198,849,29,19420,4662,3,363,2501,4,4663,320,87,183,29,53,303,1136,1842,110,3290,123,58,3,372,95,175,113,183,39,4,1916,669,25,32,3,5295,125,25,32,3,2751,4256,25,69,3,19421,117,298,32,3,950,3,13244,3,1126,47,117,167,3,2162,36,298,25,32,3,252,547,25,32,3,960,165,215,189,605,3,3516,36,298,25,305,13,911,1755,254,4,200,127,4,7043,646,307,29,13236,646,697,150,30,4,3357,206,30,4,245,27,163,13,1037,7,2136,87,3,267,727,66,356,4067,245,12,6,548,3,21,2263 1,1,1,1,1,1,1,4,1,1,1,4,1,1,1,1,1,1,1,1,1,1,7,1,1,1,1,10,1,3,1,1,1,1,1,1,1,1,1,1,1,1,1,1,1,1,1,1,1,1,1,1,1,1,1,1,1,1,1,1,1,1,1,1,1,1,1,1,1,1,1,1,1,1,1,1,1,1,1,1,1,1,1,1,1,1,1,1,1,1,1,1,1,1,1,1,1,1,1,1,1,1,1,1,1,1,1,1,1,1,1,1,1,1,1,1,1,1,1,1,12,1,1,1,1,1,1,1,1,1,1,1,1,1,1,1,1,1,1,1,1,1,1,1,1,1,1,1,1,1,11,1,1,1,1,8,8,1,1,1,1,1,1,1,1,1,1,1,1,1,1,1,1,1,1,1,1,1,1,1,1,1,1,1,1,1,1,1,1,1,1,1,1,1,1,1,1,1,1,1,1,1,1,1,1,1,1,1,1
157,10,285,12,5722 1,1,1,1,1
341,4,636,157,699,3,1119,157,541,3,11,1050,357,157,81,7,182,4,9,329,8,128,2108,63,2899,95 1,1,14,14,14,14,1,1,1,1,1,1,1,1,1,1,1,1,1,1,1,1,1,1,1,1
11,95,1636,3,300,3,375,3,249,3,459,3,263,3,1181,1166,3,446,3,1366,3,2841,3,796,3,291,34 1,1,1,1,1,1,1,1,1,1,1,1,1,1,1,1,1,1,1,1,1,1,1,1,1,1,1
545,4,1789,3,2529,428,12,480 1,1,1,1,1,1,1,1
292,4859,851,3,148,19422,3,523,1437,3,716,900,3,880,1035,42,19,658 1,1,1,1,1,1,1,1,1,1,1,1,1,1,1,1,1,1
227,4,1929,3,563,3,863,3,665,3,797,3,9032,3,4642,5695,11,19423,3,818,2596,1110,3,11,875,309,26,246,3,11,879,3,136,332,3,11,2109,309,26,222 1,1,1,1,1,1,1,1,1,1,1,1,1,1,1,1,1,1,1,1,1,1,1,1,1,1,1,1,1,1,1,1,1,1,1,1,1,1,1,1
19424,455,3,409,304,5,310,3,11,1162,3,1094,26,213 1,1,1,1,1,1,1,1,1,1,1,1,1,1
4439,751,100,13,504,10,232,588,100,3,11,407,3,1065,26,1116 1,1,1,1,1,1,1,1,1,1,1,1,1,1,1,1
7983,152,3,952,3,1465,3,4257,3,988,19425,969,26,240,3,11,621,3,1464,26,153,222 1,1,1,1,1,1,1,1,1,1,1,1,1,1,1,1,1,1,1,1,1,1
5739,100,13245,93,7,634 1,1,1,1,1,1
9033,84,134,209,715,19426,7,634,13,246,4804,6631,7,53,1404 1,1,1,1,1,1,1,1,1,1,1,1,1,1,1
6133,10628,123,117,3,2663,3,19427,3935,3,999,600,954,917,3,51,13246,598,3,925,2960,204,3,678,1412,204,100,3,3593,433,5,675,12,3525,3,2724,3,4440,5,5682,3,628,3422,100,1034,5,634,532,4,705,1952,3,592,3669,3,869,1183,3,5045,1716,3,392,1483,3,819,5101,3,870,1183,3,399,3784,3,5299,3315,3,22,2557,3,1388,2871,29,349,4047,11,1257,3,333,5401,3,536,6083,29,79,3879,3,1067,900,904,4,924,13,598,3831,3,2127,5,2433,851,1136,893,3,11,5046,325,26,490,689,4,506,89,111,350,715,106,13,2027,93,5,381,997,792,100 1,1,1,1,1,1,1,1,1,1,1,1,1,1,1,1,1,1,1,1,1,1,1,1,1,1,1,1,1,1,1,1,1,1,1,1,1,1,1,1,1,1,1,1,1,1,1,1,1,1,1,1,1,1,1,1,1,1,1,1,1,1,1,1,1,1,1,1,1,1,1,1,1,1,1,1,1,1,1,1,1,1,1,1,1,1,1,1,1,1,1,1,1,1,1,1,1,1,1,1,1,1,1,1,1,1,1,1,1,1,1,1,1,1,1,1,1,1,1,1,1,1,1,1,1,1,1,1,1,1,1,1,1
3791,1991,27,6,53,155,649,372,166,1282,13247,93,26,2413 1,1,1,1,1,1,1,1,1,1,1,1,1,1
726,161,4,874,3688,147,1003,4,1440,406,2499,110,431,117,129,183,3,151,3,604,3,363,873,4,1476,87,302,428,13,166,3891,3426,295,66,4258,71 1,1,1,1,1,1,1,1,1,1,1,1,3,1,1,1,1,4,1,1,1,1,1,1,1,1,1,1,1,1,1,1,1,1,1,4
12,890,10,915,10354,6,444,7,1440,37,18,2233,139,821,3,18,208,1255,66,993,37,41,1849,6,182,148 1,1,1,1,1,1,1,1,1,1,1,1,1,1,1,1,1,1,1,1,1,1,1,1,1,1
36,8,63,94,33,19428,1021,89,33,134,6,270,14,1867,3,6632,10,126,7062,108,22,25,305,58,8,153,371,33,144,1697,12,272,33,10,821,12,272,33,1803,370,5740,12,2247,2370,33,118,3516,10,58,298,25,305,13,911,17,13248,117,8,2108,2899,33,79,21,15,7984,425,27,3925,3,41,732,684,4,689,701,174,3,4166,12,481,7,256,875,399,33,333,211,497,4398,2155,13249,3,107 1,1,1,1,1,1,1,1,1,1,1,1,1,1,1,1,1,1,1,1,1,1,1,1,1,1,1,1,1,1,1,1,1,1,1,1,1,1,1,1,1,1,1,1,1,1,1,1,1,1,1,1,1,1,1,1,1,1,1,1,1,1,1,1,1,1,1,1,1,1,1,1,1,1,1,1,1,1,1,1,1,1,1,1,1,1,1,1,1,1,1,1,1
