67,54,4,20205,10779,318,1141,112,2815,3,5434,15,10780,112,54,4,20206,61,234,4,248,822 1,1,1,1,1,1,1,1,1,1,1,1,1,1,1,1,1,1,1,1,1,1
30,7,61,234,4,40,14,15,2632,1882,428,3,688,66,4212,124,834,18,61,89,139,667,12,24,5419 1,1,1,1,1,1,1,1,1,1,1,1,1,1,1,1,1,1,1,1,1,1,1,1,1
18,258,18,1261,24,322,477,2034,128,365,1404,2768,5,2304,12,15,13520,759,3,2116,62,1373,10,24,322,5,595 1,1,1,1,1,1,1,1,1,1,1,1,1,1,1,1,1,1,1,1,1,1,1,1,1,1,1
18,20,221,27,4212,124,834,62,1436,10781,822,20,1946 1,1,1,1,1,1,1,1,1,1,1,1,1
18,90,88,174,1373 1,1,1,1,1
18,90,413,1373,3,136,34,3,188,34,3,26,48,34 1,1,1,1,1,1,1,1,1,1,1,1,1,1
80,39,30,4,639,17,165,606,71,5,106,3,35,60,35,153,765 1,1,1,1,1,1,8,1,4,1,7,1,1,1,1,1,1
39,4,165,3,1262,3,236,3,289,3,5,20207 1,1,8,1,27,1,12,1,1,1,1,1
127,4,11,374,357,127 1,1,1,1,1,1
206,30,5,150,30,4,18,109,162,10,728,2370,5,19,15,1097,145,1721 1,1,1,1,1,1,1,1,1,1,1,1,1,1,1,1,1,1
102,101,4,207,4,410,5,642 1,1,1,1,1,1,1,1
18,242,46,6,5107,7,541,19,24,184 1,1,1,1,1,1,1,1,1,1
413,4,1121 1,1,1
136,4,296,471,7,759,3,979 1,1,1,1,1,1,1,1
48,4,8000,5,48,143,979 1,1,1,1,1,1,1
155,4,91,10,463 1,1,1,1,1
130,4,44,304,5,310 1,1,1,1,1,1
214,4,152,5,979 1,1,1,1,1
2617,78,114,4,569,13,6,708,7,6,70,595,3,75,14,12,15,13521,6439 1,1,1,1,1,1,1,1,1,1,1,1,1,1,1,1,1,1,1
186,1004,6141,20,221,1123,637,10,6,2004,5579 1,1,1,1,1,1,1,1,1,1,1
74,20,15,44,133,5,3183,878,12,6,114 1,1,1,1,1,1,1,1,1,1,1
457,172,4,738,275,15,822,845,6,6141,7,6,5435 1,1,1,1,1,1,1,1,1,1,1,1,1
74,20,98,15,443,12668,822,35,60 1,1,1,1,1,1,1,1,1
6,20208,197,204 1,1,1,1
48,738,20,91 1,1,1,1
1145,14,401 1,1,1
457,264,111,15,44,836,3,345,7,8079,3,5,347,7,2905,66,6,174,2495 1,1,1,1,1,1,1,1,1,1,1,1,1,1,1,1,1,1,1
340,1598,12,230,4,6,28,41,52,943,10,6,1605,702,17,20209,5,1436,2228,5,281,10782,540 1,1,1,1,1,1,1,1,1,1,1,1,1,1,1,1,1,1,1,1,1,1,1
603,505,4,1436,10781,822 1,1,1,1,1,1
566,9,158,534,748,261,8,4,6,28,14,61,12,211,534 1,1,1,1,1,1,1,1,1,1,1,1,1,1,1
1218,20210,3600,895,3,107 1,1,1,1,1,1
13522,20211,20212,533,43,4,3600,895,3,107 1,1,1,1,1,1,1,1,1,1
13522 1
