67,54,4,20213,668,55,10783,198,599,2470,10784,3153,9156,3,1743,9157,2815,3,5434,509,47,10780,1387,680,3,2333,629,2815,14,15,12749,428,13,311,39,147,121,61,17,172,7,209,1464,1159,18,146,46,38,15,63,1698,12,5436,5,21,38,11,30,7,174,2506,1543,158,2786,357,157 1,1,1,1,1,1,1,1,1,1,1,1,1,1,1,1,1,1,1,1,1,1,1,1,1,1,1,1,1,1,1,1,1,1,1,1,1,1,1,1,1,1,1,1,1,1,1,1,1,1,1,1,1,1,1,1,1,1,1,1,1,1,1,1,1,1
18,21,38,44,5785,12,6,80,51,15,269,1464,872,3483,154 1,1,1,1,1,1,1,1,1,1,1,1,1,1,1
18,146,11,291,34,3,300,26,375,3,2753,26,140,314,3,11,446,3,648,3,1366,26,4019,1111,63,135,3109 1,1,1,1,1,1,1,1,1,1,1,1,1,1,1,1,1,1,1,1,1,1,1,1,1,1,1
18,21,38,11,249,3,459,3,970,3,3161,3,2099,26,196,277,3,3957,3,2927,1368,26,432,3958,5,18,21,11,1820,26,255,7,1242 1,1,1,1,1,1,1,1,1,1,1,1,1,1,1,1,1,1,1,1,1,1,1,1,1,1,1,1,1,1,1,1,1
18,146,15,207,232,2460,444,13,128,131,590 1,1,1,1,1,1,1,1,1,1,1
80,39,30,4,176,106 1,1,1,1,1,7
178,71 1,4
195,209,153,765 1,1,1,1
253,287 1,15
137,39,4,1781,596,125,189,605,3,558,608,3,1781,145,165,117,189,605,3,108,608,3,236,171,22,25,4665,3,4467,20214,189,3971,1729,3484,113,3,289,171,22,25,1729,65,3,2751,5678,22,25,3222 1,1,1,8,8,8,8,8,8,8,8,8,8,8,8,8,8,8,8,8,8,1,12,1,1,1,1,1,1,1,1,1,1,1,1,1,1,1,1,1,1,1,1,1,1,1,1,1
5,4880,20215,22,25,1729,65,35,60,35,20216,167 1,27,1,1,1,1,1,1,1,1,1,1
127,4,218,646,263 1,1,1,1,1
150,30,4,11,30,7,1012,76,26,361,1759 1,1,1,1,1,1,1,1,1,1,1
206,30,4,18,86,10,238,51,21,2208,188,95,5,18,728,541,620,711,15,113,10,711,909,267,113 1,1,1,18,18,18,18,1,1,1,1,1,1,1,1,1,1,1,1,1,1,1,1,1,1
81,7,182,376,72,17,227,3,612,3,386,3,361,3,1309,3,1058,26,273,182 1,1,1,1,1,1,1,1,1,1,1,1,1,1,1,1,1,1,1,1
19,77,3,18,14,15,2269,428,12,11,199,342 1,1,1,1,1,1,1,1,1,1,1,1
133,382,5,145,3,63,94,9158,3,140,4465,624 1,1,1,1,1,6,6,6,1,1,1,1
227,18,14,797,13,877,3,1554,3,1115,1055,5,44,1709 1,1,1,1,1,1,1,1,1,1,1,1,1,1
1239,275,11,283,26,2036 1,1,1,1,1,1
136,275,11,908,26,879 1,1,1,1,1,1
48,14,91,10,463,5,1051 1,1,1,1,1,1,1
130,275,15,145,156,5,239,3,304,5,310,57,61,97,213,3,502,26,561 1,1,1,1,1,1,1,1,1,1,1,1,1,1,1,1,1,1,1
2815,3,5434,509,47,10780,3278,1387,680,3,2333,214,14,152,3,396,5,2045,13,11,1128,26,240 1,1,1,1,1,1,1,1,1,1,1,1,1,1,1,1,1,1,1,1,1,1,1
114,275,11,743,3,750,26,93 1,1,1,1,1,1,1,1
372,95,149,66,1519,1245,3,2333,275,62,2680,7,1214,3,2532,1352,3,1981,1982,1273,3,1131,1649,3,347,2592,3,1461,10785,339,4,629,2815,21,15,30,7,15,269,1464,872,3483,13,44,2527,82 1,1,1,1,1,1,1,1,1,1,1,1,1,1,1,1,1,1,1,1,1,1,1,1,1,1,1,1,1,1,1,1,1,1,1,1,1,1,1,1,1,1,1,1,1,1
89,3,119,41,144,15,1464,872,9159,444,10,122,134,18,14,12,1488,20217,26,1153,18,14,175,7,6,13523,558,42,7,6004,121,91,6,10786,51,557,3483,269 1,1,1,1,1,1,1,1,1,1,1,1,1,1,1,1,1,1,1,1,1,1,1,1,1,1,1,1,1,1,1,1,1,1,1,1,1,1
134,18,109,31,46,1464,872,9159,12,24,63,3,306,18,606,11,268,1168 1,1,1,1,1,1,1,1,1,1,1,1,1,1,1,1,1,1
313,3,134,18,14,9159,269,306,50,237,508,15,1012,862,10,192,6,851,7,2956,7,2205,12,24,1012,5,810,284,104,17,516,13,20218 1,1,1,1,1,1,1,1,1,1,1,1,1,1,1,1,1,1,1,1,1,1,1,1,1,1,1,1,1,1,1,1,1
18,14,3845,10,40,5,119,41,513,12,267,113,43,2174,10,235,6,295,7,24,9159,154 1,1,1,1,1,1,1,1,1,1,1,1,1,1,1,1,1,1,1,1,1,1
20219,1330,10787,3,107 1,1,1,1,1
806,4,13524,825,4,20220,843,4,13524,20221,426,4,6199,13525,3,107 1,1,1,1,1,1,1,1,1,1,1,1,1,1,1,1
10783,198,599,2021,20222,3440,9156,3,1743,9157,250,31,81,43,262,331,250 1,1,1,1,1,1,1,1,1,1,1,1,1,1,1,1,1
