67,54,4,13551,528,20325,1002,124,13550,682,6206,107 1,1,1,1,1,1,1,1,1,1,1,1
2059,20326,3440,3,3377,10804,20327,3,2106,20328,882,64,6206,4,50,38,6,1174,7,122,293,6694,4470,12,808,668,89,17,172,7,181,120,76 1,1,1,1,1,1,1,1,1,1,1,1,1,1,1,1,1,1,1,1,1,1,1,1,1,1,1,1,1,1,10,10,10
35,360,731,3,16,14,15,244,787,8088,767,121,21,15,30,7,181,76,3,162,10,6695,12,1225,2560,139,15,10805,431,3,5,38,15,8089,251,469,12,23,309 1,1,1,1,1,1,1,1,1,1,1,1,1,1,1,1,1,1,1,1,1,1,1,3,3,3,3,3,3,3,1,1,1,3,3,3,3,3,3
16,21,359,60,159,37,540 1,1,1,1,1,1,1
16,90,88,380,48,34,3,437,19,380,3,760,3,739,3,975,93,3,1171,3,616,3,26,314,7,2778 1,1,1,1,1,1,1,1,1,1,1,1,1,1,1,1,1,1,1,1,1,1,1,1,1,1
39,4,203,462,22,105 1,1,11,1,1,1
800,382,22,105 12,1,1,1
610,231,22,105 9,1,1,1
218,755,22,105 13,1,1,1
423,447,22,105 26,1,1,1
815,171,22,105 1,1,1,1
80,39,30,4,173,17,3,703,623,1394 1,1,1,1,1,1,1,1,1,1
1619,763,1530 1,1,1
2043,992 1,1
3547,860 1,1
106 7
287 15
181,120,76 10,10,10
150,30,4,173,17,1020,38,62,431,27,440,7032,661,121,38,3942,12,23,3418,5,15,181,120,556,466 1,1,1,1,1,1,1,1,3,1,1,1,1,1,1,1,1,1,1,1,1,1,1,1,1
573,636,38,181,76 1,1,1,1,1
206,30,4,16,14,1513 1,1,1,1,1,1
636,920 1,1
11,727 1,1
16,636,238 14,14,14
16,728,175,10,267,728,15,113 1,1,1,1,1,1,1,1
16,90,1113,357 1,1,1,1
16,98,285,35,15,10799,668 1,1,1,1,1,1,1
102,101,4,1612,4,335,5,145,1546,4,5440,2102 1,1,1,1,1,1,1,1,1,1,1,1
156,4,680,5,2478,1665,4,16,14,15,2274,3,2356,696,358,12,11,199,342 1,1,1,1,1,1,1,1,1,1,1,1,1,1,1,1,1,1,1
410,5,2484 1,1,1
642,123,117,1877,4,11,9073,3,2662,2036,3,5410,3,26,3576,5377 1,1,1,1,1,1,1,1,1,1,1,1,1,1,1,1
1561,1313,57,1110 1,1,1,1
3038,14,1017,1674,4,687,14,5791 1,1,1,1,1,1,1,1
216,57,217,97,222 1,1,1,1,1
576,14,602,306,539,632,7,1599,1613,4,91,97,1065,3,1116,3,26,407,1502,4,44,304,5,310,3,15,1616,3264,3211,213,27,6,53,1456,1876,1614,4,44,326,327 1,1,1,1,1,1,1,1,1,1,1,1,1,1,1,1,1,1,1,1,1,1,1,1,1,1,1,1,1,1,1,1,1,1,1,1,1,1,1,1
11,1061,1595,4,330,133,57,433,5,675 1,1,1,1,1,1,1,1,1,1
16,21,11,975,93 1,1,1,1,1
16,21,11,743,26,750,1664,95,149,4,99,393,20,3,20329,3,111,486,393,4881,3,1380,3703,3,926,2690,3,5,580,10806,174,532,4,6,28,526,288,572,154,12,1663,2560,5,20,449,10,288,17,320,435 1,1,1,1,1,1,1,1,1,1,1,1,1,1,1,1,1,1,1,1,1,1,1,1,1,1,1,1,1,1,1,1,1,1,1,1,1,1,1,1,1,1,1,1,1,1,1,1,1,1
16,38,11,48,34 1,1,1,1,1
3182,689,111,11,202,7,325,26,356,490 1,1,1,1,1,1,1,1,1,1
1038,400,20,44 1,1,1,1
177,89,111,44,338,239,3,53,1090,2549,3,70,4818,893,3,5,62,302,2963 1,1,1,1,1,1,1,1,1,1,1,1,1,1,1,1,1,1,1
192,5,104,4,12,1351,3,40,14,15,244,787,8088,767,121,38,62,431,12,1225,2560,3,75,20,15,10805,431 1,1,1,1,1,1,1,1,1,1,1,1,1,1,1,1,1,3,1,1,1,1,1,1,1,3,3
16,526,251,7,23,309 1,1,1,1,1,1
159,37,85,3,16,21,31,38,88,380,695 1,1,1,1,1,1,1,1,1,1,1
16,21,11,202,7,633,3812,26,3901,817,130,371 1,1,1,1,1,1,1,1,1,1,1,1
63,94,14,1248,89 1,1,1,1,1
393,14,31,8090,3,51,2431 1,1,1,1,1,1,1
16,14,19,15,365,228,7,800 1,1,1,1,1,1,1,12
16,14,19,15,232,39,389,5,27,40,802,3,50,237,1107,201,19,23,137,297,5,104,10,122,201,188,12,1033,1062,129 1,1,1,1,1,1,1,1,1,1,1,1,1,1,1,1,1,1,1,1,1,1,1,1,1,1,1,1,1,1
16,237,166,10,1148,15,103,977,1572,5,50,704,37,1338,14,15,404,3013,10,191 1,1,1,1,1,1,1,1,1,1,1,1,1,1,1,1,1,1,1,1
35,2283,3,92,14,15,1174,10,52,449,10,1784,12,6,198,7,40,244,787,767 1,1,1,1,1,1,1,1,1,1,1,1,1,1,1,1,1,1,1,1
1586,1150,641,3,1015,844,3,2199,9168,229,3,2055,205,867,43,2199,9168,3,229,3,2055,607,161,4,603 1,1,1,1,1,1,1,1,1,1,1,1,1,1,1,1,1,1,1,1,1,1,1,1,1
