67,54,4,20260,28,414,4,4470,3,6694,257,542,4,20261,259,54,7,112,4,20262,1150,532,5,1057,436,1973,379,358,730,234,6,28,14,503,17,2895,7,2809,2147,763,1530,7,194,2289,19,20263 1,1,1,1,1,1,1,1,1,1,1,1,1,1,1,1,1,1,1,1,1,1,1,1,1,1,1,1,1,1,1,1,1,1,1,1,1,1,1,1,1,1,1,1,1,1
30,7,61,328,6,28,640,7,194,2289,243,159,20264 1,1,1,1,1,1,1,1,1,1,1,1,1
80,591,30,169,164,158,4,20265,11,4021,698,150,30,74,12,11,150,30,7,2762,1105,10,207,1901 1,1,1,1,1,1,1,1,1,1,1,1,1,1,1,1,1,1,1,1,1,1,1,1
80,39,30,137,39,147,158,4,1283,965,1271,812,3547,860,206,30,238,4,334,180,991,183,3,7880,10,173,2828,666,238,541,157,4,11,30,7,2039,157,2352,1229,4,200,81,7,182,39,4,1829,962,20266,127,4,200,612,4,11,30,7,106,3,11,431,29,90,529,3,13537,3,11,611,3,11,595,93 1,1,1,1,1,1,1,1,1,1,1,1,1,1,1,1,5,5,5,5,5,5,5,5,5,5,5,5,5,1,1,1,1,1,1,1,1,1,1,1,1,1,1,1,1,1,1,1,1,1,1,1,1,1,1,1,1,1,1,1,1,1,1,1,1,1,1,1,1,1,1,1,1
79,109,31,288,29,368,321,115,15,2645,7,1625,2798,15,8083,13,128,307 1,1,1,1,1,1,1,1,1,1,1,1,1,1,1,1,1,1
386,4,11,30,7,1234,26,209,155,76,29,90,2203,226,7,184 1,1,1,1,1,1,1,1,1,1,1,1,1,1,1,1
20267,1271,273,4,11,30,7,273,147,1583,4,9163,3,329,20268,20269,3,115,10,136,5,20270,4689,12,1431 1,1,1,1,1,1,1,1,1,1,1,1,1,1,1,1,1,1,1,1,1,1,1,1,1
3748,4,11,30,7,1012,76,29,90,2432,26,1464,5985,4,11,30,7,153,371,29,90,1235,3,796,3,756,6467,1058,4,90,34,26,406,7,656,5600,4,11,30,7,71,3,11,8084,4766,4,79,258,16,14,1341,10,488,432,5,1368,368,99,442,20271,3,11,1760,26,584,20272,1808,4,11,173,1808,147,77,20273,20274,408,20275,20276,20277,5601,78,292,4,500,3830,531,3,11,240,3,136,813,917,3,11,222,2065,4,4570,2309,247,3,742,1439,2716,4,12,232,918,155,4,91,100,130,4,145,239,3,11,213,3,4990,3,11,561,214,4,280,3,3547,860,114,4,31,101,192,252,102,161,4,645,60,3086,17,164 1,1,1,1,1,1,1,1,1,1,1,1,1,1,1,1,1,1,1,1,1,1,1,1,1,1,1,1,1,1,1,1,1,1,1,1,1,1,1,1,1,1,1,1,1,1,1,1,1,1,1,1,1,1,1,1,1,1,1,1,1,1,1,1,1,1,1,1,1,1,1,1,1,1,1,1,1,1,1,1,1,1,1,1,1,1,1,1,1,1,1,1,1,1,1,1,1,1,1,1,1,1,1,1,1,1,1,1,1,1,1,1,1,1,1,1,1,1,1,1,1,1,1,1,1,1,1,71,1,1,1,1,1,1,1,1,1,1,1,1,1,1,1,1,1
1973,379,358,13,500,288,572,3,1702,11,3048,202,7,173,20278,76 1,1,1,1,1,1,1,1,1,1,1,1,1,1,1,1
79,21,15,20279,2309,247,2065,5,500,3830,899 1,1,1,1,1,1,1,1,1,1,1
104,4170,4021,4,207,1901,3,980,20280,367,450,4,2831,34,355,4,2831,4571,63,4,200,4171,4,200,712,39,4,49,19,65,7,164,39,10,52,2066,19,65,7,164,4,200,71,39,4,31,2180,2574,4,1358,17,117,65,397,164,203,4,1358,17,539,65,397,164,1198,4,139,2398,1558,149,10299,924,3,3207,156,1652,3,662,1016,3,1415,11,84,66,565,7,10796,5,20281 1,1,1,1,1,1,1,1,1,1,1,1,1,1,1,1,1,1,1,1,1,1,1,1,1,1,1,1,1,1,1,1,1,1,1,1,1,1,1,1,1,1,1,1,1,1,1,1,1,1,1,1,1,1,1,1,1,1,1,1,1,1,1,1,1,1,1,1,1,1,1,1,1,1,1,1,1,1,1,1,1,1,1,1,1,1,1,1
262,6468,2717,55,50,46,81,40,5284,192,5,2477,13,6,192,5,420,104,13,6,96,708,4,497,7200,3,4113,1159,3,107 1,1,1,1,1,1,1,1,1,1,1,1,1,1,1,1,1,1,1,1,1,1,1,1,1,1,1,1,1,1
