67,54,4,20313,28,4,4470,3,6694,832,257,13538,9,6695,8,259,20314,7,112,4,20315,369,17,1078,513 1,1,1,1,1,1,1,1,1,1,1,1,1,1,1,1,1,1,1,1,1,1,1,1,1
124,13549,13,2035,5,16,82,110,4471,4472,251,10,6,309 1,1,1,3,1,1,1,1,1,3,3,3,3,3
90,48,34,137,5,16,21,62,417,987,13,64,9168,525,40,113 1,1,1,1,1,1,1,1,1,1,1,1,1,1,1,1
16,1533,10,126,103,977,139,37,112 1,1,1,1,1,1,1,1,1
211,376,3,812,14,179,13,20316 1,1,1,1,1,1,1,1
464,21,1408,123,3014,66,1283,5,16,82,52,96,43,64,3668 1,1,1,1,1,1,1,1,1,1,1,1,1,1,1
1112,21,68,185,12,6,80,5,16,82,110,623,862 1,1,1,1,1,1,1,1,1,1,1,1,1
157,1357,17,2301,3,1081,10,84,10,965,20317,66,6,2609 1,1,1,1,1,1,1,1,1,1,1,1,1,1
110,964,7,1990,2990,951,5,6,951,285,1248,132 1,1,1,1,1,1,1,1,1,1,1,1
16,1081,10,299,6,4664,1244,3,23,2903,23,573,82,4664,5,16,109,887,1081,10,299,4664 1,1,1,1,1,1,1,1,1,1,1,1,1,1,1,1,1,1,1,1,1,1
109,887,731,1153,16,82,38,20318 1,1,1,1,1,1,1,1
39,20319,359 1,1,1
147,3547,860,2043,992,76,703,623,1394,2990,951,4,1990,951,1619,763,1530,39,203,9,947,478,8,547,22,9,1026,45,49,36,8,25,32,800,382,22,9,1632,45,49,36,8,25,276,13541,8040,9,20320,20321,965,8,1014,1318,2530,69,3,1318,949,1231,5789 1,1,1,1,1,1,1,1,1,1,1,1,1,1,1,1,1,1,11,1,1,1,1,1,1,1,1,1,1,1,1,1,1,12,1,1,1,1,1,1,1,1,1,1,1,1,1,1,1,1,1,1,1,1,1,1,1,1,1,1
47,117,129,9,73,8,1918,815,9,3203,8,171,22,9,549,568,609,49,36,8,25,32,47,388,568,9,73,8,1690,108,22,9,647,45,49,36,8,25,1869,47,171,45,9,73,8,3123,9,4657,9,1283,8,8,108,22,9,647,45,49,36,8,25,32,47,388,45,9,73,8,10798,9,20322,8,141,22,9,515,2299,2402,49,36,8,25,32,47,388,2299,127,1545,316,205,148,5440,364,335,655 1,1,1,1,1,1,1,1,1,1,1,1,1,1,1,1,1,1,1,1,1,1,1,1,1,1,1,1,1,1,1,1,1,1,1,1,1,1,1,1,1,1,1,1,1,1,1,1,1,1,1,1,1,1,1,1,1,1,1,1,1,1,1,1,1,1,1,1,1,1,1,1,1,1,1,1,1,1,1,1,1,1,1,1,1,1,1,1,1,1,1,1,1,1,1
6457,77,48,4,155,91,720,4,716,78,1071,29,187,3,11,213,26,561,214,4,152,97,1061,26,240 1,1,1,1,1,1,1,1,1,1,1,1,1,1,1,1,1,1,1,1,1,1,1,1,1
20323,860,61,196,4,1368,19,70,248,742,538 1,1,1,1,1,1,1,1,1,1,1
873,176,2035,3,110,251,10,309 1,1,3,1,1,3,1,1
21,528,987 1,1,1
178,287 1,15
179,19,1163 1,1,1
195,2301,3,19,1357,253,812,3,179,13,815,346,1283,3,211 1,1,1,1,1,1,1,1,1,1,1,1,1,1,1
460,20324,3483,89,29,9169,134,269 1,1,1,1,1,1,1,1
1112,3,770,1112,89,1291,13,772,345 1,1,1,1,1,1,1,1,1
652,5441,5790 1,1,1
4192,13550,5143,6206,3,107 1,1,1,1,1,1
