67,54,4,13566,528,9170,3713,599,404,17,112,4,1995,1741 1,1,1,1,1,1,1,1,1,1,1,1,1,1
162,110,251,7,794,309,5,3335,694,30,4,395,510,10,402,528,55,135,3083,5424,3,81,5,740,13 1,1,1,1,1,1,1,1,1,1,1,1,1,1,1,1,1,1,1,1,1,1,1,1,1
445,275,4,70,2199,3,4904,44,3,309,20341,1322,42,5,1188,42,794,884,3,5,673,1108,443,20342,382,42,637,260,33,309,673,1108,3,614,180,42,794,251,7,3543,794,309,20,1624 1,1,1,1,1,1,1,1,1,1,1,1,1,1,1,1,1,1,1,1,1,1,1,1,1,1,1,1,1,1,1,1,1,1,1,1,1,1,1,1,1,1,1,1
251,2514,2086,33,1413,3,33,251,7,443,2287,7,794,309,251,2514,2086,33,1413,3,251,7,637,2287,7,3335,20,1624 1,1,1,1,1,1,1,1,1,1,1,1,1,1,1,1,1,1,1,1,1,1,1,1,1,1,1,1
625,3,251,2514,755,33,581,80,39,30,4,176,1923,585,831,178,9172,9173,1464,195,418,253,2378,2496,164,12,2808,39,9,660,8,4,203,547,22,25,105,784,707,215,22,25,105,206,30,4,16,14,920,13,267,723,3,440,1299,5,581,3,394,7,3016,57,12,232,436 1,1,1,1,1,1,1,1,1,1,1,1,1,1,1,1,1,1,1,1,1,1,1,1,1,1,1,1,1,1,1,1,11,1,1,1,1,9,9,1,1,1,1,1,1,1,1,1,1,1,1,1,1,1,1,1,1,1,1,1,1,1,1,1,1
16,285,35,62,9174,668,17,9175,9176,3168,12,3739,6208,3,1264 1,1,1,1,1,1,1,1,1,1,1,1,1,1,1
1215,4,16,21,636,157,1073,357 1,1,1,1,1,1,1,1
16,109,31,238,699 14,14,14,14,14
16,728,320,9177,135,113,5,58,3281,7,3100,135,65 1,1,1,1,1,1,1,1,1,1,1,1,1
102,101,4,1612,4,1713,2102 1,1,1,1,1,1,1
156,4,125,3137,4,1106,12 1,1,1,1,1,1,1
2182,4,3472,842 1,1,1,1
1665,4,11,199,342 1,1,1,1,1
2251,4,11,277,3,797 1,1,1,1,1,1
1877,4,569,1674,4,576,11,1161,715,1453 1,1,1,1,1,1,1,1,1,1
1613,4,91,10,463,1502,4,145,156,5,239,3,44,304,5,310,3,13,11,1162,26,1094 1,1,1,1,1,1,1,1,1,1,1,1,1,1,1,1,1,1,1,1,1,1
74,143,11,213,3,2443,26,502 1,1,1,1,1,1,1,1
1614,4,152,3,396,3,97,1061,26,174,240 1,1,1,1,1,1,1,1,1,1,1
1595,4,70,1068,11,4602,3,11,1647,2540,4,15,329,1117,85,544,3,5317,3,11,741,1030,1546,4,8010,177,4,1664,95,149,4,1817,54,705,592,869,769,392,888,870,399,4115,1952,2249,1035,5144,1214,1492,6478,2714,1012,5,1158,898,54,1388,1506,1566,1077,1565,1527,4115,2953,3838,547,2042,2253,1907,4886,54,972,4115,7806,1185,54,333,734,349,536,4115,13562,13563,3259,8092,2613,54,79,1074,4115,5083,1492,1425,54,2585,3606,2452,2736,2920,2372,1838,2858,3185,2453,4115,1706,91,1508,72,10812,72,3025,72,72,72,900,523,336,54,888,4115,1492,174,54,1938,560,653,786,823,795,2635,1886,4115,2037,9183,1600,3627,6210,3127,72,72,192,5,104,4,1995,1741 1,1,1,1,1,1,1,1,1,1,1,1,1,1,1,1,1,1,1,1,1,1,1,1,1,1,1,1,1,1,1,1,1,1,1,1,1,1,1,1,1,1,1,1,1,1,1,1,1,1,1,1,1,1,1,1,1,1,1,1,1,1,1,1,1,1,1,1,1,1,1,1,1,1,1,1,1,1,1,1,1,1,1,1,1,1,1,1,1,1,1,1,1,1,1,1,1,1,1,1,1,1,1,1,1,1,1,1,1,1,1,1,1,1,1,1,1,1,1,1,1,1,1,1,1,1,1,1,1,1,1,1,1,1,1,1,1,1,1,1,1,1,1,1,1,1
13,6211,5,13567 1,1,1,1
445,89,13,251,7,23,309,293,5442,14,15,4992,358,13,1923,585,831,5,325,55,19,95,7282,1021 1,1,1,1,1,1,1,1,1,1,1,1,1,1,1,1,1,1,1,1,1,1,1,1
16,14,132,110,445,13,251,7,309,85,267,5,3335 1,1,1,1,1,1,1,1,1,1,1,1,1
7292,5,423,3129,1534,3,523,5,148,60,179,2752,1457,1163,3,144,772,520,3,472,2527,13568,278,1502,977,278,7830,17,268,255,7,1924,7831,104,135,609,4902,4877,4063,1203,4877,4063,3,2178,2687,43,4,4877,4063,205,867,43,4877,4063,3,2178,607,161,4,603 1,1,26,1,1,1,1,1,1,1,1,1,1,1,1,1,1,1,1,1,1,1,1,1,1,1,1,1,1,1,1,1,1,1,1,1,1,1,1,1,1,1,1,1,1,1,1,1,1,1,1,1,1,1,1,1,1,1,1,1
