67,54,4,20343,9185,318,1141,112,6484,3,3037,13569,112,54,4,20344,30,7,61,234,4,6,28,14,15,1897,87,302,767,13,15,80,39,30,7,106,3,1234,3,6701,3,5,106,121,61,640,7,48,34 1,1,1,1,1,1,1,1,1,1,1,1,1,1,1,1,1,1,1,1,1,1,1,1,1,1,1,1,1,1,1,1,1,1,1,7,1,1,1,15,1,1,7,1,1,1,1,1,1
6,28,20,221,12,2962,13,6,385,3,64,10814 1,1,1,1,1,1,1,1,1,1,1,1
395,122,24,55,17,6212,402,7,6,112 1,1,1,1,1,1,1,1,1,1
6,28,20,12,23,712,258,7,436,597,1023,3,186,16,1005,118,226,7,184,13,380,3,437,3,5,990,5,38,62,255,7,48,34,584,10,23,53,136 1,1,1,1,1,1,1,1,1,1,1,1,1,1,1,1,1,1,1,1,1,1,1,1,1,1,1,1,1,1,1,1,1,1,1,1,1,1
6,255,2991,40,495 1,1,1,1,1
6,28,61,10,23,747,198,331,3,121,510,201,10,6,318,499,17,172 1,1,1,1,1,1,1,1,1,1,1,1,1,1,1,1,1,1
748,61,10,6,318,499,3,6,28,20,4558,5,10815,3,90,226,7,184,3,249,3,459,3,300,3,26,375 1,1,1,1,1,1,1,1,1,1,1,1,1,1,1,1,1,1,1,1,1,1,1,1,1,1,1
102,101,4,316,205,4,44 1,1,1,1,1,1,1
227,4,1172,3,1121 1,1,1,1,1
136,4,332 1,1,1
48,4,91 1,1,1
214,4,152 1,1,1
457,172,4,177,111,11,173,84,186,1129,10,302,177 1,1,1,1,1,1,1,1,1,1,1,1,1
74,20,128,1242,641,563,185,3,51,677,143,290,10,1036,849 1,1,1,1,1,1,1,1,1,1,1,1,1,1,1
805,20,13570,1905,20,8093,340,1598,12,230,4,6,28,370,1133,3,4584,3,203,3,5,58,22,7,1720,12,6,318,499,13,492,1954,7,23,116 1,1,1,1,1,1,1,1,1,1,1,1,1,1,1,1,37,1,52,1,1,1,1,1,1,1,1,1,1,1,1,1,1,1,1
603,505,4,826,319,431 1,1,1,1,1,1
566,9,158,534,748,261,8,4,6,28,41,52,162,10,6,124 1,1,1,1,1,1,1,1,1,1,1,1,1,1,1,1
534,748,168,14,232 1,1,1,1,1
1218,20345,9186,13571,3,107 1,1,1,1,1,1
13572,20346,20347,533,43,4,9186,13571,3,107 1,1,1,1,1,1,1,1,1,1
13572,250,31,81,43,262,331,250 1,1,1,1,1,1,1,1
