67,54,4,20593,1306,1352,3,2266,882,64,4205,6728,629,6230,5156,20,162,10,8121,1002,124 1,1,1,1,1,1,1,1,1,1,1,1,1,1,1,1,1,1,1,1,1
50,46,158,15,1922,124,1351,998 1,1,1,1,1,1,1,1
15,296,261,1351,546,52,781,10,360,226 1,1,1,1,1,1,1,1,1,1
8121,1002,124,168,54,4,1306,680,3,2266,261,54,4,1306,1352,3,2266,207,297,594,5156,3,6230,9,20594,8,2054,87,302,428,13,30,7,803,3,142,3,2212,121,61,13,226,7,184,5,100,975,93 1,1,1,1,1,1,1,1,1,1,1,1,1,1,1,1,1,1,1,1,1,1,1,1,1,1,1,1,1,1,1,1,1,1,1,7,1,4,1,1,1,1,1,1,1,1,1,1
629,5156,20,138,289,13,15,232,922 1,1,1,1,1,1,1,1,1
24,226,7,184,538 1,1,1,1,1
24,177,20,44,5,24,103,898,143,917 1,1,1,1,1,1,1,1,1,1
92,20,537,37,18,38,20595,13,1181,1166,5,6729,343,13,2935 1,1,1,1,1,1,1,1,1,1,1,1,1,1,1
18,41,86,19,24,2009,5,1202,2020,17,24,845,803 1,1,1,1,1,1,1,1,1,1,1,1,1
293,5156,20,261,19,1306,1352,3,2266,96,115,257,259,1201,713,941,360,17,1301,1186,10,49,198,7,844,28 1,1,1,1,1,1,1,1,1,1,1,1,1,1,1,1,1,1,1,1,1,1,1,1,1,1
1015,844,3,9241,7312,3,229,20596,10879,262 1,1,1,1,1,1,1,1,1,1
