67,54,4,20788,668,55,8136,3,4303,47,13716,1102,125,3,2476,629,8136,369,96,778,490,13,251,540,12,1655,7,40,87 1,1,1,1,1,1,1,1,1,1,1,1,1,1,1,1,1,1,1,3,3,1,3,3,3,3,1,1,1
18,86,10,191,60,5,38,62,580,7,388,12,1306 1,1,1,1,1,1,1,1,1,1,1,1,1
119,41,827,92,465,89 1,1,1,1,1,1
18,21,11,173,48,453,5,14,191,233,7,24,308 1,1,1,1,1,1,1,1,1,1,1,1,1
18,21,11,611,26,1923,1728,437 1,1,1,1,1,1,1,1
18,14,572,24,39,334,60,5,14,2922,13,24,626 1,1,1,1,1,1,1,1,1,1,1,1,1
27,163,18,49,24,63,94,5,92,82,207,963,3655 1,1,1,1,1,1,1,1,1,1,1,1,1
137,39,57,175,203,135,65,35,60,35,2427,125,22 1,1,1,1,11,1,1,1,1,1,25,1,1
2739,3,1893,1582,22 1,1,9,1,1
2739,3,729,1945,22 1,1,20,1,1
651,3,236,382,1249,946 1,1,12,1,1,1
5,1286 1,21
18,21,31,157,2480,754,600,18,21,40 1,1,1,1,1,1,1,1,1,1
24,63,94,89,14,13718,5,24,130,156,14,215,5,145 1,1,1,1,1,1,1,1,1,1,1,1,1,1
48,14,91 1,1,1
103,77,275,15,2463,53,1456,1876,589,891,213 1,1,1,1,1,1,1,1,1,1,1
214,14,152,5,396 1,1,1,1,1
114,57,770,7,93 1,1,1,1,1
629,4303,8136,14,191,60 1,1,1,1,1,1
119,41,144,24,580,465,89,10,810,1671,92,242,31,1482,10,15,2156,444,96,24,778,490 1,1,1,1,1,1,1,1,1,1,1,1,1,1,1,1,1,1,1,1,3,3
119,41,98,144,24,1012,400,154,517,7,24,1163,340 1,1,1,1,1,1,1,1,1,1,1,1,1
119,208,12,6,1398,160,10,1237,24,2397,10,15,312,9256,711,135,65,389,3,51,24,137,2345,14,470,211,37,119,41,2718,24,39,35,14 1,1,1,1,1,1,1,1,1,1,1,1,1,1,1,1,1,1,1,1,1,1,1,1,1,1,1,1,1,1,1,1,1,1
6239,3802,4700,3,107 1,1,1,1,1
20789,806,4,13719,825,4,20790,843,4,13719,250,31,81,43,262,331,250 1,1,1,1,1,1,1,1,1,1,1,1,1,1,1,1,1
