67,54,4,20861,404,17,112,1908,102,77 1,1,1,1,1,1,1,1,1,1
147,567,1530,73,4,6,79 1,1,1,1,1,1,1
14,1811,87,110,3239,3851,3840,3,13,117,7,856,638,858,3,13,15,500,1154,13742,1530 1,1,1,1,1,1,1,1,1,1,1,1,1,1,1,1,1,1,1,1,1
18,82,68,19,7268,141,1249,1208 1,1,1,1,1,1,1,1
159,37,85,5,14,52,96,43,64,13743,6673 1,1,1,1,1,1,1,1,1,1,1
17,6,80,170,87,18,21,68,19,125,1249,7,7268,1208 1,1,1,1,1,1,1,1,1,1,1,1,1,1
1117,4,2554,59,3239,3851,3840 1,1,1,1,1,1,1
11,1797,55,55 1,1,1,1
187,567,197,44 1,1,1,1
79 1
299,1078,1402,19,6,187,567 1,1,1,1,1,1,1
15,4,110,53,3851,3840,17,399 1,1,1,1,1,1,1,1
7,6,567,3,13,11,202,7,553 1,1,1,1,1,1,1,1,1
364,4,11,268,340,934 1,1,1,1,1,1
1498,73,4,79 1,1,1,1
49,5165,855,17,34,12,24,657,5,666 1,1,1,1,1,1,1,1,1,1
18,21,15,916,30,7,1498 1,1,1,1,1,1,1
1117,4,673,1920,618,76,3,84,12,666,5,248,3,13,128,5767,7,6,384 1,1,1,1,1,1,1,1,1,1,1,1,1,1,1,1,1,1,1
15,4,131,1957 1,1,1,1
364,4,5165,20,2081 1,1,1,1,1
106,130,76,73,4,79 7,1,1,1,1,1
21,68,343,17,106,159,6081,186,18,1295,10,271,12,3133,18,1603,68,19,4917,108,1249,15,65,3,51,24,148,20,6163 1,1,1,1,7,1,1,1,1,1,1,1,1,1,1,1,13,13,13,1,1,1,1,1,1,1,1,1,6
159,37,85,3,1151,6,3371,7,15,7034,7,2904,3,24,148,21,1119,68,44,5,18,9267,37,24,148,14,15,400,7,46,468,10,6,1622 1,1,1,1,1,1,1,1,1,1,1,1,1,1,1,1,1,1,1,1,1,1,1,1,1,1,1,1,1,1,1,1,1,1
1117,4,148,6163 1,1,6,6
130,14,924,3,97,213,3,561,3,2443,26,3831 1,1,1,1,1,1,1,1,1,1,1,1
177,111,11,1562 1,1,1,1
2447,111,128,2172,7,6,13744 1,1,1,1,1,1,1
15,4,696,1463,106,367,364,4,79 1,1,1,1,7,1,1,1,1
933,37,119,537,92,20,1511,10,194,24,148 1,1,1,1,1,1,1,1,1,1,1
18,14,19,4917,125,1249,5,13745,1907,1249,105 1,1,1,13,1,1,1,27,1,1,1
18,603,2431,1025,39,10,2053,24,39,10,13745,1217,5,4917,171,1249,105 1,1,1,1,1,1,1,1,1,1,27,1,1,13,1,1,1
119,41,144,24,148,12,544,113 1,1,1,1,1,1,1,1
316,205,133,4,1183,140,4,1952,624,2012,4,1594,2693,63,94,4,6163,102,77,227,100,4642,20862 1,1,1,1,1,1,1,1,1,1,1,1,1,1,1,1,6,1,1,1,1,1,1
1055,6573,1139,10,691 1,1,1,1,1
2447,111,131,2172,7,6,13744 1,1,1,1,1,1,1
2369,14,91 1,1,1
79 1
21,473,5,194,3253 1,1,1,1,1
1040,72 1,1
136,11,1189,26,879 1,1,1,1,1
11,222 1,1
567,187,567,14,770,7,635,26,638 1,1,1,1,1,1,1,1,1
2200,770,7,55 1,1,1,1
18,21,15,59,3239,3851,3840,13,2554,1039 1,1,1,1,1,1,1,1,1,1
48,48,14,91,10,364,78,15 1,1,1,1,1,1,1,1
2852,130,14,924,3,97,213,3,561,3,2443,26,3831,3,27,1183,135,435 1,1,1,1,1,1,1,1,1,1,1,1,1,1,1,1,1,1
214,11,1012,3,3033,26,174,2591,26,240 1,1,1,1,1,1,1,1,1,1
11,246,26,1641 1,1,1,1
114,673,2682,84,12,24,384,5,666 1,1,1,1,1,1,1,1,1
232,330,133 1,1,1
11,750,26,743 1,1,1,1
273,6688,5,700,3,1411,1093,5,2329,82,57,233,630,44,406 1,1,1,1,1,1,1,1,1,1,1,1,1,1,1
566,5,104,63,2543,17,836,3,296,1597,5,972 1,1,1,1,1,1,1,1,1,1,1,1
1425,111,15,742,1432,7,696,763,29,40,20,781,17,587 1,1,1,1,1,1,1,1,1,1,1,1,1,1
177,14,1043,3,27,231,135,435 1,1,1,1,1,1,1,1
79 1
14,10,369,12,544,113,17,15,148,144 1,1,1,1,1,1,1,1,1,1
