67,54,4,20863,404,17,112,1908,102,77 1,1,1,1,1,1,1,1,1,1
147,106,130,76,73,4,79 1,7,1,1,1,1,1
21,68,343,17,106,159,6081,186,18,1295,10,271,12,3133,18,1603,68,19,4917,108,1249,15,65,3,51,24,148,20,6163 1,1,1,1,7,1,1,1,1,1,1,1,1,1,1,1,1,1,44,1,1,1,1,1,1,1,1,1,29
159,37,85,3,1151,6,3371,7,15,7034,7,2904,3,24,148,21,1119,68,44,5,18,9267,37,24,148,14,15,400,7,46,468,10,6,1622 1,1,1,1,1,1,1,1,1,1,1,1,1,1,1,1,1,1,1,1,1,1,1,1,1,1,1,1,1,1,1,1,1,1
12,4788 1,1
2266,18,20,20864,13,199,817,130,371,5,289,20,1190,10,24,389,37,158,27,37,85,729,3,6241,5,274 1,1,1,1,1,1,1,1,1,1,1,1,1,1,1,1,1,1,1,1,1,20,1,27,1,9
1151,128,330,93,3,18,86,19,40,389,5,631,37,18,190,60 1,1,1,1,1,1,1,1,1,1,1,1,1,1,1,1
18,95,10939,24,13746,10940,2542,43,24,3774,727,3,5,311,20865,5,20866,727 1,1,1,1,1,1,1,1,1,1,1,1,1,1,1,1,1,1
1117,4,148,5730,29,130,56,924,20867,213,26,20868 1,1,6,6,6,1,1,1,1,1,1,1
177,111,11,1562,26,4586,1780 1,1,1,1,1,1,1
15,4,589,106 1,1,1,7
28,14,3367,10,118,26,84,24,254 1,1,1,1,1,1,1,1,1
364,4,86,61,254,5,41,527,5,118,24,39,19,24,441,112,3,15,129,66,132 1,1,1,1,1,1,1,1,1,1,1,1,1,1,1,1,1,1,1,1,1
1498,73,4,79 1,1,1,1
49,5165,855,17,34,12,24,657,3,136,5,666 1,1,1,1,1,1,1,1,1,1,1,1
18,21,15,916,30,7,1498 1,1,1,1,1,1,1
1117,4,1920,618,76,3,13,84,12,666,5,248,3,5,128,5767,7,6,384 1,1,1,1,1,1,1,1,1,1,1,1,1,1,1,1,1,1,1
74,14,474,7,6,618,7,6,666,3,1409,394,3254,3,51,92,109,31,6654,13,24,20869,4,1957 1,1,1,1,1,1,1,1,1,1,1,1,1,1,1,1,1,1,1,1,1,1,1,1
364,4,41,810,11,84,27,40,85 1,1,1,1,1,1,1,1,1
567,1530,73,4,6,79 1,1,1,1,1,1
14,3774,87,110,3239,53,3851,3840,3,13,117,7,856,638,858,3,13,15,500,1154,13742,1530 1,1,1,1,1,1,1,1,1,1,1,1,1,1,1,1,1,1,1,1,1,1
18,20,2745,10941,10942 1,1,1,1,1
18,38,68,19,7268,141,1249,1208 1,1,1,1,1,1,1,1
17,108,87,3,51,40,20,982,1603,12,1306,3370,43,64,13743,6673,5,18,21,38,31,205,7,553 1,1,1,1,1,1,1,1,1,1,1,1,1,1,1,1,1,1,1,1,1,1,1,1
18,109,3,313,3,46,15,1328,4875,7,958,223,6,369,7,24,1759,5,186,24,491,514,15,484,3446,408,12,24,188,99,113,12,6,438,7,745,24,15,7148,3,18,1749,8077,37,24,373,38,20870,4,2554,59,3239,3851,3840 1,1,1,1,1,1,1,1,1,1,1,1,1,1,1,1,1,1,1,1,1,1,1,1,1,1,1,1,1,1,1,1,1,1,1,1,1,1,1,1,1,1,1,1,1,1,1,1,1,1,1,1,1,1
11,1797,55,55 1,1,1,1
187,567,197,44 1,1,1,1
79 1
299,1078,1402,19,6,187,567 1,1,1,1,1,1,1
11,3446,26,240,143,514,12,26,19,24,188 1,1,1,1,1,1,1,1,1,1,1
48,738,89,111,11,3094,20871,4,110,53,3851,3840,17,399 1,1,1,1,1,1,1,1,1,1,1,1,1,1
7,6,567,3,13,11,202,7,553 1,1,1,1,1,1,1,1,1
364,4,11,268,340,934,3,51,3759 1,1,1,1,1,1,1,1,1
1179 1
2543,1291,13,1078,1290 1,1,1,1,1
81,7,182,28,631,37,18,299,226,7,184,477,2429,115,1625,3,5,368,31,321,312,306,15,893,26,267,97,299,226,7,184 1,1,1,1,1,1,1,1,1,1,1,1,1,1,1,1,1,1,1,1,1,1,1,1,1,1,1,1,1,1,1
18,2283,21,93,12,394,248,3,708,186,18,3670,12,6,1532,27,75,85,24,248,57,770,7,93 1,1,1,1,1,1,1,1,1,1,1,1,1,1,1,1,1,1,1,1,1,1,1,1
27,6,1122,85,3,18,90,760,5,631,37,18,391,19,344,175,2347 1,1,1,1,1,1,1,1,1,1,1,1,1,1,1,1,1
18,90,48,34,3,631,37,18,724,60,5,21,145,3433 1,1,1,1,1,1,1,1,1,1,1,1,1,1
24,6740,234,132,14,798,94,5,2041 1,1,1,1,1,1,1,1,1
18,38,68,157,15,20872,17,3602,20873,3,51,92,20,1004,43,2740,5,18,20,1367,1845,3340,1455,3,75,21,31,1702,575 1,1,1,1,1,1,1,1,1,1,1,1,1,1,1,1,1,1,1,1,1,1,1,1,1,1,1,1,1
18,20,1260,10,454,2740,17,1033,112,3,159,18,20,503,223,320,113,66,132 1,1,1,1,1,1,1,1,1,1,1,1,1,1,1,1,1,1,1
39,274,799,58,45,9,73,8,25,605,2751,20874,25,1580,289,9,932,8,549,36,45,9,73,8,25,69,729,9,1212,8,647,36,45,9,73,8,25,69,6241,9,13747,8,13748,25,32,4374,9,2541,1341,3772 1,9,1,1,1,1,1,1,1,1,1,1,1,1,1,1,1,1,1,1,1,1,1,1,1,1,20,1,1,1,1,1,1,1,1,1,1,1,27,1,1,1,1,1,1,1,1,1,1,1
8,4090,36,45,9,73,8,25,32,316,205,133,4,586,145,2012,4,2277,2693,140,4,1618,624,63,94,4,5730,53,303,102,77,227,1055,6573,1139,10,691 1,1,1,1,1,1,1,1,1,1,1,1,1,1,1,1,1,1,1,1,1,1,1,1,1,1,6,1,1,1,1,1,1,1,1,1,1
1709,5,1124,33,91 1,1,1,1,1
20875 1
18,14,110,100,6242,20876 1,1,1,1,1,1
10943 1
28,14,492,5166,13,15,20877,481,7,3253 1,1,1,1,1,1,1,1,1,1
136,11,1189,26,879 1,1,1,1,1
11,222 1,1
567,187,567,14,770,7,635,26,638 1,1,1,1,1,1,1,1,1
2200,770,7,638 1,1,1,1
18,21,15,59,3239,3851,3840,13,2554,1039,5,11,202,7,196,1818 1,1,1,1,1,1,1,1,1,1,1,1,1,1,1,1
48,91,10,1051,5,463 1,1,1,1,1,1
720,130,14,924,3,97,213,3,561,3,2443,26,3831,3,27,586,135,435 1,1,1,1,1,1,1,1,1,1,1,1,1,1,1,1,1,1
214,11,1012,3,3033,26,174,2591,26,240 1,1,1,1,1,1,1,1,1,1
11,246,26,1641 1,1,1,1
114,673,2682,84,12,24,384,3,51,74,57,312,1194,2682,84,12,24,666,3,1409,394,3254,13,128,871,7337 1,1,1,1,1,1,1,1,1,1,1,1,1,1,1,1,1,1,1,1,1,1,1,1,1,1
232,330,133 1,1,1
11,750,26,743,3,51,74,14,433,2215,93,7,394,595,5,6,13749,548 1,1,1,1,1,1,1,1,1,1,1,1,1,1,1,1,1,1
273,20878,29,1411,1093,3,2329,82,3,670,5,1009,77,233,1043 1,1,1,1,1,1,1,1,1,1,1,1,1,1,1
566,5,104,63,2543,17,836,3,1597,3,520,5,972,336,56,20879 1,1,1,1,1,1,1,1,1,1,1,1,1,1,1,1
177,56,3482,239,97,1562,26,3831 1,1,1,1,1,1,1,1
28,781,17,48,738,5,10,369,12,175,129 1,1,1,1,1,1,1,1,1,1,1
