67,54,4,20932,281,297,424,9270,8148,124,404,17,112,903,7,311,39,147 1,1,1,1,1,1,1,1,1,1,1,1,1,1,1,1,1,1
793,147,666,34,6,28,21,68,343,13,5165,5,38,1954,7,23,1788,474,5,34,3,508,1354 1,1,1,1,1,1,1,1,1,1,1,1,1,1,1,1,1,1,1,1,1,1,1
15,4,211 1,1,1
364,4,5165,167 1,1,1,1
119,41,144,153,400,89 1,1,1,1,1,1
725,6,28,109,31,640,7,34,89 1,1,1,1,1,1,1,1,1
16,21,354,76,5,64,5168,35,60,35,1025,153,278,143,12,4347,223,6,2536,355,5,6,3106,7,23,153,120,260 1,1,1,1,1,1,1,1,1,1,1,1,1,1,1,1,1,1,1,1,1,1,1,1,1,1,1,1
50,46,510,201,188,10,153,834,16,21,31,68,221,12,1087,129 1,1,1,1,1,1,1,1,1,1,1,1,1,1,1,1
181,120,76,74,57,11,301,116 10,10,10,1,1,1,1,1
16,38,48,34,5,62,168,10,6743,5467,170,129,183 1,1,19,19,1,1,1,1,1,1,1,1,1
74,3,62,1813,1021,111,811,1039,5,11,1911,325 1,1,1,1,1,1,1,1,1,1,1,1
103,400,20,1428,42 1,1,1,1,1
74,20,717,4347,1390,7,6,766 1,1,1,1,1,1,1,1
71,324,6,28,557,19,348,3,5,733,398,41,52,827 4,4,1,1,1,1,17,17,1,1,1,1,1,1
106,6,28,557,19,15,1549,389,13,6,1224,7,6,153,594 7,1,1,1,1,1,1,1,1,1,1,1,1,1,1
16,557,19,2261,3,274,3,1262,3,5,729 1,1,1,1,1,9,1,27,1,1,20
23,63,94,21,68,211,43,23,146,3,5,119,299,3936,3,390,43,271,5468,89 1,1,1,1,1,1,1,1,1,1,1,1,1,6,6,6,6,6,6,6
15,4,20933,106 1,1,1,7
364,4,96,115,153,594,5,144,392,5,347,89 1,1,1,1,1,1,1,1,1,1,1,1
153,371,21,2466,5,15,347,2943,195,50,46,773,201,10,5052,15,903,13,6,153,594 1,1,1,1,1,1,1,1,1,1,1,1,1,1,1,1,1,1,1,1,1
308,39,203,462,22,36,298,25,32,274,215,22,36,298,25,32,7342,9,8153,8,1455,1140,69,10,764,1262,799,25,32,809,501,22,36,298,25,32,2261,141,22,25,305,5165,215,22,25,305,49,13,1199,236,125,22,36,298,25,32,9275,1455,167,729,141,22,36,298,25,32,81,7,182,11,48,34,3,418,3,226,7,184,3,437,19,380,3,739,3,26,248,474,26,34 1,1,11,1,1,1,1,1,1,9,1,1,1,1,1,1,1,1,1,1,1,1,1,1,1,27,1,1,1,1,1,1,1,1,1,1,1,1,1,1,1,1,1,1,1,1,1,1,1,12,1,1,1,1,1,1,1,1,1,20,1,1,1,1,1,1,1,1,1,1,19,19,1,1,1,1,1,1,1,1,1,1,1,1,1,1,1,1,1,1
102,101,133,586,63,94,3936,3,390,43,271,5468,140,3583,624,207,197,60,387,5,60,2056,12,11,758,342,136,216,217 1,1,1,1,1,1,6,1,1,1,1,1,1,1,1,1,1,1,1,1,1,1,1,1,1,1,1,1,1
11,222,2468,48,91,10,13768,97,1065,26,2353,720,304,5,310,97,173,213,214,326,327,269,3,368,31,2468,222,89,114,764,57,60,6178,51,344,1032,19,6,70,14,777,192,5,104,153,371,3,71,3,181,76,3,5,1354 1,1,1,1,1,1,1,1,1,1,1,1,1,1,1,1,1,1,1,1,1,1,1,1,1,1,1,1,1,1,1,1,1,1,1,1,1,1,1,1,1,1,1,1,1,1,1,1,1,1,1,1,1,1
119,41,144,149,17,2410 1,1,1,1,1,1
6,28,38,15,146,7,1362,1390,19,15,48,1793,27,6743,5467,5,41,390,6,48,738,89 1,1,1,1,1,1,1,1,1,1,1,1,1,1,1,1,1,1,1,1,1,1
6,28,14,10,96,115,13,271,12,226,890,12,6,153,594 1,1,1,1,1,1,1,1,1,1,1,1,1,1,1
2227,48,738,20,81,3,5,997,1390,14,211,159,7903,74,14,11,458,26,5469,76 1,1,1,1,1,1,1,1,1,1,1,1,1,1,1,1,1,1,1,1
74,14,354,1926,7,6,1518,35,60,35,181,884 1,1,1,1,1,1,1,1,1,1,1,1
55,2687,43,1987,594,3197,1861,208,52,61 1,1,1,1,1,1,1,1,1,1
205,867,43,8997,3,8154,19,2806,1299,3,2476 1,1,1,1,1,1,1,1,1,1,1
