67,54,4,20915,281,297,424,9270,8148,124,404,17,112,439,149,151,3,20916,3,142,3,287,793,147,48,34,20917,20918,33,11,553 1,1,1,1,1,1,1,1,1,1,1,1,1,1,1,4,1,1,1,7,1,15,1,1,1,1,1,1,1,1,1
106,6,28,21,68,343,159,1361,7,3225,13,913,12,475,10,23,274,5,218,5,729 7,1,1,1,1,1,1,1,1,1,1,39,1,1,1,1,9,1,13,1,20
159,37,85,3,23,347,21,13764,173 1,1,1,1,1,1,1,1,1
888,211,27,7819,21,142,89,4681,5,6064,334,365 1,1,1,1,1,7,1,6,1,1,1,1
41,982,780,5,2053,218,10,171,3,369,12,267,113,17,81,7,20919 1,39,39,1,1,13,1,1,1,1,1,1,1,1,1,1,1
71,324,49,809,846,25,69 4,4,1,17,1,1,1
16,21,211,1408,97,84 1,1,1,1,1,1
119,41,827,23,153,400,5,23,733,398 1,1,1,1,1,1,1,1,1,1
16,14,31,772,89,3,5,119,41,144,772,12,6,1143,1398,611,16,20,162,10,3792,1569,1002,124,12,20920,9274,92,20,1377,37,16,20,1496,517,7,2624 1,1,1,1,1,1,1,1,1,1,1,1,1,1,1,1,1,1,1,1,1,1,1,1,1,1,1,1,1,1,1,1,1,1,1,1,1
38,2376,10951,20921,3,5,98,3745,581,1261,2778 1,1,1,1,1,1,1,1,1,1,1
74,20,11,2089,7,1524,26,2819,19,23,764 1,1,1,1,1,1,1,1,1,1,1
16,21,15,216,222,5,20,503,10,46,1033,1321,12,6,99,493,129 1,1,1,1,1,1,1,1,1,1,1,1,1,1,1,1,1
313,3,11,1321,14,27,666 1,1,1,1,1,1,1
544,26,939,87,183,74,20,13765,216,76,607 1,1,1,1,1,1,1,1,1,1,1
21,11,116,132,3,11,616,3,10951,3,51,329,222,3,5,443,330,354,76,3,119,41,1717,10,20922 1,1,1,1,1,1,1,1,1,1,1,1,1,1,1,1,1,1,1,1,1,1,1,1,1
153,371,347,14,185,365,1573,5,20923,20924,1388 1,1,1,1,1,1,1,1,1,1,1
41,144,900,552,336,139,211,389 1,1,1,1,1,1,1,1
436,936,11,1711 1,1,1,1
11,541 1,1
288,180,435,135,65 1,1,1,1,1
74,14,95,44,580,393,19,125,22,7,218 1,1,1,1,1,1,1,1,1,1,13
1228,31,359 1,1,1
11,923,4448,4654,3,580,1996,5,926,2277,20925,1225 1,1,1,1,1,1,1,1,1,1,1,1
181,120,76,6,28,14,161,315,251 10,10,10,1,1,1,3,3,3
16,38,288,572,154,139,6,251,111,1954,7,23,4920,325 1,1,1,1,1,1,1,1,1,1,1,1,1,1
40,20,939,10,1811,87,183,3,5,6,28,21,68,211,159 1,1,1,1,1,1,1,1,1,1,1,1,1,1,1
23,99,288,154,20,12,4125,13,10952,288,20926,174,147,238,636,71,20927,1861,238,161,4,1221,1095,312,306,141,991,183 1,1,1,1,1,1,1,1,1,1,1,1,1,1,1,1,1,1,5,5,5,5,5,5,5,5,5,5
84,12,340,5,2081,218,171,22,25,32,1705,1407,126,4,13760,913,1211,22,25,32,2426,8152,126,4,20928,1182,4,13766,33,2332,8153,1455,1140,69,5301,4,335,2189,878,4,108,126,4,13766,10,764,81,7,182,1309,56,11,1206,3,796,1408,7341,3,11,84 1,1,1,1,1,13,1,1,1,1,1,1,1,1,1,39,1,1,1,1,1,1,1,1,1,1,1,1,1,1,1,1,1,1,1,1,1,1,1,1,1,1,1,1,1,1,1,1,1,1,1,1,1,1,1,1,1,1,1,1
16,21,855,725,27,223,108,893,141,13767,21,38,1146,327,166,4916,359 1,1,1,1,1,1,1,1,1,1,1,1,1,1,1,1,1
70,14,312,543,15,147 1,1,1,1,1,1
102,101,133,1973,63,94,3654,386,156,625,140,5022,322,77,232,5617,5,232,511,43,20929 1,1,1,1,1,1,6,1,1,1,1,1,1,1,1,1,1,1,1,1,1
21,292,2245,1345,5,187,14,442,442,53 1,1,1,1,1,1,1,1,1,1
916,6742,128,20930,3,11,1266 1,1,1,1,1,1,1
114,11,93,3,11,79,26,1032,133,51,415,617 1,1,1,1,1,1,1,1,1,1,1,1
3327,3532,11,3674,1966 1,1,1,1,1
2012,566,20931,113 1,1,1,1
79,1081,271,10,52,451 1,1,1,1,1,1
205,867,43,8154,832,8997,229,19,7236,4764,3,2560 1,1,1,1,1,1,1,1,1,1,1,1
