67,54,4,20914,281,297,424,9270,8148,124,1150,532,5,1057,436,747,198,331,3,7340,634,3,229 1,1,1,1,1,1,1,1,1,1,1,1,1,1,1,1,1,1,1,1,1,1,1
793,147,611,611,255 1,1,1,1,1
73,4,6,28,1438,10950,13,406,4304,5,14,425,13,23,551,121,1240,271,37,677,57,425,17,15,903,112,139,62,2362,124,27,35,1586,35,50,550,1535,92,20,8151,124 1,1,1,1,1,1,1,1,1,1,1,1,1,1,1,1,1,1,1,1,1,1,1,1,1,1,1,1,1,1,1,1,1,1,1,1,1,1,1,1,1
6,28,14,19,311,39 1,1,1,1,1,1
313,109,31,46,15,1003,7,23,39,3,5,1427,10,6,67,3,6,28,14,19,274,3,729,3,913,3,1088,3,348,3,5,236 1,1,1,1,1,1,1,1,1,1,1,1,1,1,1,1,1,1,1,1,9,1,20,1,28,1,13,1,17,1,1,12
6,28,190,60 1,1,1,1
11,226,7,184 1,1,1,1
11,48,34 1,1,1
11,553,611,255 1,1,1,1
1117,4,122,102,101 1,1,1,1,1
15,4,6,28,13,211,106,3,71,3,5,185,393 1,1,1,1,1,1,7,1,4,1,1,15,15
364,4,119,41,144,149,89 1,1,1,1,1,1,1
119,41,6193,6,28,21,15,216,1321,503,3,5,6,28,14,503,10,96,115,13,64,634,12,1306,9274,208,369,10,224,167,134,160 1,1,1,1,1,1,1,1,1,1,1,1,1,1,1,1,1,1,1,1,1,1,1,1,1,1,1,1,1,1,1,1
102,101,133,1217,63,94,4831,70,303,4831,48,155,91,10,463 1,1,1,1,1,1,1,1,1,1,1,1,1,1,1
216,3,1194,222,19,6,70,55,2687,43,1987,594,3197,1861,208,52,61 1,1,1,1,1,1,1,1,1,1,1,1,1,1,1,1,1
205,867,43,2967,13763,19,3909,180,3,2560 1,1,1,1,1,1,1,1,1,1
