67,54,4,20910,281,297,424,9270,8148,124,404,17,112,96,115,139,95,124 1,1,1,1,1,1,1,1,1,1,1,1,1,1,1,1,1,1
30,7,61,328,20,162,10,10949,139,62,255,7,611 1,1,1,1,1,1,1,1,1,1,1,1,1
38,15,1922,255,834,16,38,691,33,7042,96,43,9271,10,3334,5,1922,3216 1,1,1,1,1,1,1,1,1,1,1,1,1,1,1,1,1,1
11,697,308 1,1,1
1948,27,10949,6244,33,2612,3,713,3,898,5,1329,570,97,483 1,1,1,1,1,1,1,1,1,1,1,1,1,1,1
50,38,2046,1485,731,223,6,216,222,5,6,295,7,4380 1,1,1,1,1,1,1,1,1,1,1,1,1,1
11,553,3,190,376,60 1,1,1,1,1,1
677,1190,236,10,23,6100 1,1,12,1,1,1
84,12,340,5,2081,203,462,22,25,32,1705,1407,126,4,13760,236,378,25,32,1705,1407,126,4,20911,102,101,133,1106,63,94,9272,394,303,207,197,60,387,3,60,2056,3,11,199,342 1,1,1,1,1,60,1,1,1,1,1,1,1,1,1,12,1,1,1,1,1,1,1,1,1,1,1,1,1,1,1,1,1,1,1,1,1,1,1,1,1,1,1,1
227,1806,3,863,3,665,3,3531,91,97,685,26,1296 1,1,1,1,1,1,1,1,1,1,1,1,1
136,576,917,29,216,222,35,397,3,11,3096 1,1,1,1,1,1,1,1,1,1,1
48,751,682,968,7802 1,1,1,1,1
11,2353,10,9273,3,11,6113 1,1,1,1,1,1,1
720,1630,27,1990,4216,3,6699 1,1,1,1,1,1,1
455,409,304,3,310,97,1099 1,1,1,1,1,1,1
214,2098,3,11,969 1,1,1,1,1
44,308,326,327 1,1,1,1
192,5,104,2878,1279,86,137,254 1,1,1,1,1,1,1,1
16,14,290,10,52,221,43,352,27,10949,33,11,160,10,510,10,352,425 1,1,1,1,1,1,1,1,1,1,1,1,1,1,1,1,1,1
454,271,134,2991,3,2830,166,13361,26,290,10,148,254 1,1,1,1,1,1,1,1,1,1,1,1,1
3745,1279,33,142,33,1457,780,3,144,149,12,267,113 1,1,1,7,1,64,64,1,1,1,1,1,1
151,33,86,809 4,1,1,17
865,441,112 1,1,1
1018,33,10,2417,441,112 1,1,1,1,1,1
1590,1902,138 1,1,1
1401,81,13,64,8149 1,1,1,1,1
11,254,84,17,132 1,1,1,1,1
79,82,551,41,988,365,13761,13762,12,24,1199,20912 1,1,1,1,1,1,1,1,1,1,1,1
79,41,321,1644,7,13318,17,7338,1644 1,1,1,1,1,1,1,1,1
1521,123,36,113,17,7339,144 1,1,1,1,1,1,1
79,1499,10,8150,15,7339,2496,17,163,20913 1,1,1,1,1,1,1,1,1,1
41,144,149,27,441,112 1,1,1,1,1,1
566,122,271,12,544,129 1,1,1,1,1,1
205,867,43,4116,7340,634,229,19,2878,625,3,3225 1,1,1,1,1,1,1,1,1,1,1,1
