67,54,4,20934,10953,318,1141,112,3685,3,10954,2231,10955,112,54,4,20935,61,234,4,40,28,14,15,6744,358,37,61,10,20936,1002,124,499,7,318,297,13,234,7,1005,15,381,1432,7,63,19,23,10327,40,1532,30,7,61,234,4,16,98,55,15,1075,915,27,13769,552,89,477,27,285 1,1,1,1,1,1,1,1,1,1,1,1,1,1,1,1,1,1,1,1,1,1,1,1,1,1,1,1,1,1,1,1,1,1,1,1,1,1,1,1,1,1,1,1,1,1,1,1,1,1,1,1,1,1,1,1,1,1,1,1,1,1,1,1,1,1,1,1
16,90,88,249,3,459,3,16,90,88,1414,26,2041,19,336,3,16,90,46,15,301,2159,4776 1,1,1,1,1,1,1,1,1,1,1,1,1,1,1,1,1,1,1,1,1,1,1
16,90,7,46,15,80,39,30,7,40,147 1,1,1,1,1,1,1,1,1,1,1
80,39,30,4,71,159,6158,39,4,165,17,71 1,1,1,1,4,1,1,1,1,8,1,4
127,4,200,374 1,1,1,1
102,101,4,227,4,1172,3,1121 1,1,1,1,1,1,1,1
1055,4,877,3,1554,3,1115 1,1,1,1,1,1,1
2447,269,17,1136,3226 1,1,1,1,1
136,20,332,3,11,910 1,1,1,1,1,1
48,20,91,10,463,5,1051,3,11,1065,3,407,3,26,1116 1,1,1,1,1,1,1,1,1,1,1,1,1,1,1
130,4,44,304,3,310,3,11,1162,3,1094,3,11,213 1,1,1,1,1,1,1,1,1,1,1,1,1,1
214,20,152,3,703,3,396,97,240,3,1641,3,1482,3,26,1061 1,1,1,1,1,1,1,1,1,1,1,1,1,1,1,1
114,4,928,630,44,406 1,1,1,1,1,1
6,28,20,55,10,46,72,2435,34 1,1,1,1,1,1,1,1,1
101,7,6,6569,55,15,10876,358,3,74,143,11,5580,3,6245,3,26,6480,261,55 1,1,1,1,1,1,1,1,1,1,1,1,1,1,1,1,1,1,1,1
74,20,11,246,55 1,1,1,1,1
74,20,11,63,55,27,6,4616 1,1,1,1,1,1,1,1
457,172,4,6,28,38,15,1251,359,12,6,230 1,1,1,1,1,1,1,1,1,1,1,1
6,1251,20,55,10,52,72 1,1,1,1,1,1,1
313,3,92,20,269,17,217,345,51,92,20,72,17,63 1,1,1,1,1,1,1,1,1,1,1,1,1,1
6,28,98,38,15,481,7,1348,359,10,450,861,400,5,16,20,514,10,46,15,345,7,6472,3,392,996,3,347,7,1774,3,456,7,1618,3,663,1888,3,835,2327,3,5,15,769,7,8155,603,505,4,2976,1235,3,538 1,1,1,1,1,1,1,1,1,1,1,1,1,1,1,1,1,1,1,1,1,1,1,1,1,1,1,1,1,1,1,1,1,1,1,1,1,1,1,1,1,1,1,1,1,1,1,1,1,1,1,1,1
566,9,158,534,748,261,8,4,6,104,14,10,261,6,28,163,3,10,469,201,19,1999,36,298,337 1,1,1,1,1,1,1,1,1,1,1,1,1,1,1,1,1,1,1,1,1,1,1,1,1
1208 1
5,46,201,96,115,43,23,8156 1,1,1,1,1,1,1,1
534,19,261,14,2275 1,1,1,1,1
1218,20937,2155,3095,13770,3,107 1,1,1,1,1,1,1
13771,20938,20939,533,43,4,2155,3095,13770,3,107 1,1,1,1,1,1,1,1,1,1,1
13771,250,31,81,43,262,331,250 1,1,1,1,1,1,1,1
