67,54,4,20980,10408,1609,297,668,112,451,609,3142,2054,2058,302,428,13,106,5,30,7,779,432,468,12,17,172,7,828,13784,3,375,5,291,34,75,1196,223,15,113,183 1,1,1,1,1,1,1,1,1,1,1,1,1,1,1,1,1,7,1,1,1,1,1,1,1,1,1,1,1,1,1,1,1,1,1,1,1,1,1,1,1
18,671,55,1790,12,6,194,214,5,286,300,13,598,375 1,1,1,1,1,1,1,1,1,1,1,1,1,1
18,20,221,27,6,10408,281,297,19,13785,834,18,20,537,10,46,1091,5,2624 1,1,1,1,1,1,1,1,1,1,1,1,1,1,1,1,1,1,1
18,20,343,13,247,633,5,261,163,19,1723 1,1,1,1,1,1,1,1,1,1,1
24,116,46,31,265,13,1723 1,1,1,1,1,1,1
18,21,11,1059,5,2209,190,3889 1,1,1,1,1,1,1,1
18,21,86,10,375,855,712,170,552,139,527,10,49,3023,25 1,1,1,1,1,1,1,1,1,1,1,1,1,1,1
18,21,31,68,449,10,724,88,3380,1199 1,1,1,1,1,1,1,1,1,1
18,38,3506,554,1634,170,65,183 1,1,1,1,1,1,1,1
18,38,15,44,2408,2836,89 1,1,1,1,1,1,1
11,20981,3,2052,3,1366 1,1,1,1,1,1
11,249,3,459,26,970 1,1,1,1,1,1
18,21,1261,225,141,948,12,6,99,129 1,1,1,1,1,1,1,1,1,1
18,21,15,30,7,194,361,432,12,6,80 1,1,1,1,1,1,1,1,1,1,1
838,359,13786,5,465,12,10961,9,609,8160,8976,14,24,8059,8 1,1,1,1,1,1,1,1,1,1,1,1,1,1,1
11,30,7,291,164 1,1,1,1,1
39,1253,9,906,8,36,568,25,32,512,1072,4489,22,9,1327,22,3069 1,1,1,1,1,1,1,1,1,1,1,1,1,1,1,1,1
872,974,36,298,25,32,252,9,947,478,8,1026,45,49,36,45,9,73,8,25,2077,274,672,45,25,32,123,388,65,218,125,22,9,378,45,49,36,8,25,32,123,180,65,3,17,365,63,94,1723,3120,45,25,32,123,117,65,147,363,287,106,345,1098,2043,992,76,256,3721,822,4,53,4702,413,29,6747,29,1826,3,2333,13787,8158,4,1037,583,10960,2333,256,1563,2490,10962,4,10963,29,216,1193,13,2916 1,1,1,1,1,1,11,1,1,1,1,1,1,1,1,1,1,1,1,1,1,7,1,1,1,1,1,1,1,13,1,1,1,1,1,1,1,1,1,1,1,1,1,1,1,1,1,1,1,1,1,1,1,1,1,1,1,1,15,7,1,1,1,1,1,1,1,1,1,1,1,1,1,1,1,1,1,1,1,1,1,1,1,1,1,1,1,1,1,1,1,1,1,1,1,1
558,42,1878,260,703,567,1926,4,13788,2772,1619,763,1530,4,7,1653,29,10964,2070,4,18,1574,1571,174,306,13789 1,1,1,1,1,1,1,1,1,1,1,1,1,1,1,1,1,1,1,1,1,1,1,1,1,1
487,194,361,432,4,9276,168,13790,4,166,5647,432 1,1,1,1,1,1,1,1,1,1,1,1
7349,359 1,1
160,439,7349,12,320,2302 1,1,1,1,1,1
895,1271,4,3599,1913 1,1,1,1,1
1498,4,384,3,1540 1,1,1,1,1
436,198,3798,4,2408,12,3490,940 1,1,1,1,1,1,1,1
723,4901,7344,14,436,198,3798,5,21,3270,7,10433 1,1,1,1,1,1,1,1,1,1,1,1
726,161,4,296,726,3,51,237,31,1081,86,7,10863,1370,134,484,74,14,11,404,2901,7,2590,66,102,2461 1,1,1,1,1,1,1,1,1,1,1,1,1,1,1,1,1,1,1,1,1,1,1,1,1,1
408,245,41,5,13791,12,24,3490,940 1,1,1,1,1,1,1,1,1
235,27,3027,1225,625,3,3370,13,79 1,1,1,1,1,1,1,1,1
5,4197,20982,9,491,8 1,1,1,1,1,1
127,1545,206,30,20983,5,2028 1,1,1,1,1,1,1
11,485,3,1711,26,1113,357 14,14,14,14,1,1,1
545,4,3787,428,12,480,121,146,37,18,21,636,537,40,3012,12,24,2733 1,1,1,1,1,1,1,1,1,1,1,1,1,1,1,1,1,1
148,6748,187,5,59,303,983,5,1417 1,1,1,1,1,1,1,1,1
13792,187,303,983 1,1,1,1
364,586,1752,292,4278,25,140,2912,9,5821,19,20984,8,196,20985 1,1,1,1,1,1,1,1,1,1,1,1,1,1,1
11,2662,2036 1,1,1
1439,14,683 1,1,1
48,14,91 1,1,1
720,4,455,3,11,2698,214,4,416,1747 1,1,1,1,1,1,1,1,1,1
588,61 1,1
246,12,6,6485,3,5057,5,3205,13,11,1641,26,1482 1,1,1,1,1,1,1,1,1,1,1,1,1
11,1726,860 1,1,1
779,4,11,240 1,1,1,1
554,14,3087,2626,5,1194,1883,269 1,1,1,1,1,1,1,1
838,13786,4,33,2181 1,1,1,1,1
33,175,58,643,1271,12,6,895 1,1,1,1,1,1,1,1
233,1271,1233,557,204 1,1,1,1,1
33,554,12,6,2968,895,3,12,6,2880,895,3,12,6,4387,895,5,12,6,4921,895 1,1,1,1,1,1,1,1,1,1,1,1,1,1,1,1,1,1,1,1,1
33,63,12,6,2968,895,5,12,6,2880,895 1,1,1,1,1,1,1,1,1,1,1
838,10961,4,33,2181 1,1,1,1,1
33,267,36,643,1271,12,6,4387,895,3,27,215,632 1,1,1,1,1,1,1,1,1,1,1,1,1
1300,5,5643 1,1,1
33,493,12860,281,2288 1,1,1,1,1
1704,10961,4,3599,1913 1,1,1,1,1
8161,1271 1,1
295,7350,705,2948,9,59,8,3,592,2105,3,869,853,9,59,8,3,769,8056,3,392,279,3,888,1774,3,870,3010,7350,399,2714,3,1077,1792,3,1506,3116,3,1388,2221,3,1938,1853,7350,1565,996,3,1527,1469,3,1566,1997,3,1077,1792,2330,1891,4,20986,1799,20987,10965,1891,317,4,336,336,587,33,603,146,4,20988,20989,504,9,7324,10,601,8128,9248,8,10902,4213,1435,1125,907,1855,56,56,56,56,56,56,56,56,56,56,56,56,56,56,56,56,56,56,56,56,56,56,56,5462,1254,10903,1254,3850,1794,5158,1254,5463,1254,2648,1254,3110,1254,3978,1254,3351,1254,4302,1254,10904,1254,4117,1254,4118,1254,7350,7350,20990,20991,20992,349,5595,9,83,8,5101,3491,3556,3838,734,10648,9,83,8,20993,9,83,8,13793,9277,13794,560,9183,9,83,8,13795,9,83,8,6749,3701,4054,333,20994,9,83,8,20995,9,83,8,13796,13797,13175,6750,653,1600,1600,1733,1421,1733,786,5638,4609,6037,5170,4999,823,5337,4414,6671,6614,7351,536,1582,9,83,8,8162,9,83,8,10466,1592,5822,795,3927,3927,4047,3127,3927,7350,10966,10966,10966,20996,1125,1277,1277,1277,1277,1277,42,1209,1652,9,83,8,1106,1217,1217,1912,42,577,1173,9,59,8,1651,180,1907,1907,42,847,108,210,108,210,210,42,830,519,36,36,519,36,42,864,36,519,519,519,519,15,4,2054,2058,302,13,828,291,34,3,300,5,375,13,202,7,1053,4919,5,361,432 1,1,1,1,1,1,1,1,1,1,1,1,1,1,1,1,1,1,1,1,1,1,1,1,1,1,1,1,1,1,1,1,1,1,1,1,1,1,1,1,1,1,1,1,1,1,1,1,1,1,1,1,1,1,1,1,1,1,1,1,1,1,1,1,1,1,1,1,1,1,1,1,1,1,1,1,1,1,1,1,1,1,1,1,1,1,1,1,1,1,1,1,1,1,1,1,1,1,1,1,1,1,1,1,1,1,1,1,1,1,1,1,1,1,1,1,1,1,1,1,1,1,1,1,1,1,1,1,1,1,1,1,1,1,1,1,1,1,1,1,1,1,1,1,1,1,1,1,1,1,1,1,1,1,1,1,1,1,1,1,1,1,1,1,1,1,1,1,1,1,1,1,1,1,1,1,1,1,1,1,1,1,1,1,1,1,1,1,1,1,1,1,1,1,1,1,1,1,1,1,1,1,1,1,1,1,1,1,1,1,1,1,1,1,1,1,1,1,1,1,1,1,1,1,1,1,1,1,1,1,1,1,1,1,1,1,1,1,1,1,1,1,1,1,1,1,1,1,1,1,1,1,1,1,1,1,1,1,1,1,1,1,1,1,1,1,1,1,1,1,1,1,1,1,1,1,1,1,1,1,1,1,1,1,1,1,1,1,1,1,1,1,1,1,1,1,1
367,2759,367,473,361,1085,17,432,9,554,14,3087,8 1,1,1,1,1,1,1,1,1,1,1,1,1
268,172,1936,9,3043,241,3,1851,2211,8 1,1,1,1,1,1,1,1,1,1
138,1053,4919,5,361,432,3,1201,172,14,31,5605 1,1,1,1,1,1,1,1,1,1,1,1
364,4,510,10,9276,2247,17,268,172 1,1,1,1,1,1,1,1,1
2247,902,2178,732,684,1430 1,1,1,1,1,1
2820,318,594,331,1430,2408,10,4234,20997 1,1,1,1,1,1,1,1,1
1426,13798,2817,6248,3,107 1,1,1,1,1,1
