67,54,4,21016,10959,7344,9276,47,21017,39,1253,36,298,4306,512,1072,4489,22,4306,252,547,22,4306,56,56,56,442,659,274,279,22,1208 1,1,1,1,1,1,1,1,1,1,1,1,1,1,1,1,1,1,1,11,1,1,1,1,1,1,1,1,9,1,1,1
218,108,22,4306,1118,125,22,4306,56,56,56,442,125,22,1208 13,1,1,1,1,1,1,1,1,1,1,1,1,1,1
236,125,22,4306,147,363,287,106,345,1098,2043,992,76,256,3721,822,4,53,4702,413,29,6747,29,1826,3,2333,256,1563,2490,10962,4,10963,29,216,1193,13,2916 12,1,1,1,1,1,15,7,1,1,1,1,1,1,1,1,1,1,1,1,1,1,1,1,1,1,1,1,1,1,1,1,1,1,1,1,1
558,42,1878,260,1619,763,1530,4,7,1653,29,10964,2070,194,361,432,4,9276,168,13790,4,166,5647,432 1,1,1,1,1,1,1,1,1,1,1,1,1,1,1,1,1,1,1,1,1,1,1,1
7349,359 1,1
160,439,7349,12,320,2302 1,1,1,1,1,1
895,1271,4,3599,1913 1,1,1,1,1
1498,4,384,436,198,3798,4,2408,12,3490,940 1,1,1,1,1,1,1,1,1,1,1
723,4901,7344,14,436,198,3798,5,21,3270,7,10433 1,1,1,1,1,1,1,1,1,1,1,1
726,161,4,296,726,3,51,237,31,1081,86,7,10863,1370,134,484,74,14,11,404,2901,7,2590,66,102,2461 1,1,1,1,1,1,1,1,1,1,1,1,1,1,1,1,1,1,1,1,1,1,1,1,1,1
408,245,41,5,13791,12,24,3490,940 1,1,1,1,1,1,1,1,1
28,14,425,17,513 1,1,1,1,1
176,212 1,10
28,162,10,6,124,12,2191,7,1361,139,18,61,13,350,93 1,1,1,1,1,1,1,1,1,1,1,1,1,1,1
826,12,17,62,431,5,866,103,593,111,544,884,76,5,18,526,544,884,619 3,3,3,3,3,1,1,2,2,2,2,2,2,1,1,1,3,3,3
1841,438,422,2498,600,18,38,68,1841,3034,5,38,15,48,1862,75,20,344,160,1656 1,1,1,1,1,1,1,1,1,1,1,1,1,1,1,1,1,1,1,1
28,242,334,60,5,20,261,10,24,491,82,163,620,36,113,139,24,164 1,1,1,1,1,1,1,1,1,1,1,1,1,1,1,1,1,1
169,10,24,164,74,20,15,1922,255,834,28,20,1242,5,20,46,1805,1438,3,15,352,278,20,454,3,15,690,20,826,319,5,92,197,28,208,46,38,84,507,10,39 1,1,1,1,1,1,1,1,1,1,1,1,1,1,1,1,1,1,1,1,1,1,1,1,1,1,1,1,1,1,1,1,1,1,1,1,1,1,1,1,1
21,31,38,88,268,553,7,571,116 1,1,1,1,1,1,1,1,1
159,24,261,28,21,68,191,334,60,3,11,234,7,88,48,34,3,299,15,1103,1928,226,7,184,139,380,2317,17,15,477,51,40,14,507,10,2291,7,534,5,468,19,2122,5,295,3066,35,18,427 1,1,1,1,1,1,1,1,1,1,1,1,1,1,1,1,1,1,1,1,1,1,1,1,1,1,1,1,1,1,1,1,1,1,1,1,1,1,1,1,1,1,1,1,1,1,1,1
21,312,2460,3,38,356,773,17,15,321,7,15,4491,18,537,323,5,132,109,31,190,6,160,17,40 1,1,1,1,1,1,1,1,1,1,1,1,1,1,1,1,1,1,1,1,1,1,1,1,1
98,38,38,128,194,114,93,5,40,21,132,538 1,1,1,1,1,1,1,1,1,1,1,1
146,2458,13,24,301,39,389,13,11,13802,915 1,1,1,1,1,1,1,1,1,1,1
18,20,261,10,163,97,203 1,1,1,1,1,1,11
28,96,43,64,13803,5,21,15,513,987,13,201,1182,7,1135,3,98,21,513,987,13,21018,164 1,1,1,1,1,1,1,1,1,1,1,1,1,1,1,1,1,1,1,1,1,1,1
178,1730,283 1,1,1
28,38,15,1730,283,99,1102,3,862,97,88,202,7,1759,5,11,202,7,2155,2692 1,1,1,1,1,1,1,1,1,1,1,1,1,1,1,1,1,1,1,1
405,95,124,38,15,513,2211,75,111,11,202,7,86,76 1,1,1,1,1,1,1,1,1,1,1,1,1,1
28,109,146,37,17,6,80,267,421,18,21,10973,115,405,6,421,13,128,3021,453 1,1,1,1,1,1,1,1,1,1,1,1,1,1,1,1,1,1,1,1
40,753,10,46,68,1307,40,495,43,962 1,1,1,1,1,1,1,1,1,1
31,157,88,2574 1,1,1,1
206,30,4,245,13,24,491,17,6,4847,12,21019,7353,51,1533,10,1170,188,10,24,2133,2998,12,13804 1,1,1,1,1,1,1,1,1,1,1,1,1,1,1,1,1,1,1,1,1,1,1,1
102,77,28,14,12,11,758,342 1,1,1,1,1,1,1,1
140,4,4242,624,63,94,4,21020,136,4,332,97,10974,3,11,908 1,1,1,1,1,1,1,1,1,1,1,1,1,1,1,1
97,910 1,1
155,4,91 1,1,1
720 1
304,3,310,97,561,3,502,26,213 1,1,1,1,1,1,1,1,1
214,4,979,3,97,1061 1,1,1,1,1,1
114,4,97,93 1,1,1,1
192,5,104,176,212 1,1,1,1,10
191,334,60,3,86,137,389 1,1,1,1,1,1,1
28,10,454,134,88,301,234,26,147,3,553,7,48,34 1,1,1,1,1,1,1,1,1,1,1,1,1,1
41,1438,13,64,13803,641,1153,18,546,1494,203,4306,3,732,28,134,420,14,10,1494 1,1,1,1,1,1,1,1,1,1,11,1,1,1,1,1,1,1,1,1
178,1730,283 1,1,1
95,390,2211,13,11,202,7,553,76 1,1,1,1,1,1,1,1,1
132,13,128,553,7,2120,34 1,1,1,1,1,1,1
17,6,4847,18,41,118,1118,10,125,22,1208 1,1,1,1,1,1,1,1,1,1,1
5,49,134,40,109,17,170,113,5,286,530,188,10,356,228 1,1,1,1,1,1,1,1,1,1,1,1,1,1,1
134,86,10,46,2120,34,26,160,2156,228,7,1118,41,160,268,4854 1,1,1,1,1,1,1,1,1,1,1,1,1,1,1,1
50,41,122,24,17,513,12,267,129 1,1,1,1,1,1,1,1,1
21021,5823,3,107 1,1,1,1
395,7926,88,3197,1861,3,317,13,2222,7164,6751 1,1,1,1,1,1,1,1,1,1,1
