67,54,4,21118,1320,379,110,162,17,48,34,3,2564,5,251,7,309 1,1,1,1,1,1,1,1,1,30,30,1,32,32,32,32,32
11,898,5461,35,16,631,2171,484,15,13523,21119,454,408 1,1,1,1,1,1,1,1,1,1,1,1,1
16,14,6758,10,1854,588,198,5,1516,850,842 1,1,1,1,1,1,1,1,1,1,1
16,14,981,2051,10,2784,13,21120 1,1,1,1,1,1,1,1
16,190,1248 1,1,1
16,20,126,19,348,501,22,69,17,1284,7,13826,126,236,171,22,693,486,1579,2909,3,580,20,1733,12,1655 1,1,1,1,17,1,1,1,1,1,1,1,1,12,1,1,1,1,1,1,1,1,1,1,1,1
261,19,1735,693,92,20,344,157,12,1422,17,1155 1,1,1,1,1,1,1,1,1,1,1,1
41,659 1,1
289,20,488,186,16,20,1959,21121 1,1,1,1,1,1,1,1
41,659,17,132,51,1833,2779,17,93 1,1,1,1,1,1,1,1,1
261,254,35,96,4,39,1570,478,25,1628,872,9,4400,478,8,25,1628,1828,9,6706,8,25,1628,1332,9,4126,8,25,752,682,320,9,4704,782,8,25,175,1008,154,2126,4307,154,115,10,305,4,6579,47,231,3816,846,3,36,568,9,73,8,25,305,4262,9,2684,3756,8,378,3,58,45,9,73,8,25,32,9,289,9,932,8,549,3,36,45,9,73,8,25,69,8,1916,1801,3,36,45,9,73,8,25,32,2677,4307,25,69,1827,9,203,1148,1463,8,901,3,36,45,9,73,8,25,32,423,9,1406,8,447,22,25,32,236,9,800,8,549,3,36,45,9,73,8,25,32,1778,9,1650,5358 1,1,1,1,1,1,1,1,1,1,1,1,1,1,1,1,1,1,1,1,1,1,1,1,1,1,1,1,1,1,1,1,1,1,1,1,1,1,1,1,1,1,1,1,1,1,1,1,1,1,1,1,1,1,1,1,1,1,1,13,1,1,1,1,1,1,1,1,1,1,1,1,1,1,1,1,1,1,1,1,1,1,1,1,1,1,1,1,1,1,1,1,1,1,1,1,1,1,1,1,1,1,11,1,1,1,1,1,1,1,1,1,1,1,1,1,1,26,1,1,1,1,1,1,1,12,1,1,1,1,1,1,1,1,1,1,1,1,25,1,1,1
9,1541,8,8,1675,3,117,45,9,73,8,25,32,729,9,1212,8,515,3,36,45,9,73,8,25,32,348,846,3,36,45,9,73,8,25,69,316,205,148,13827,3,655,10987,948,439,1684,113 1,1,1,1,1,1,1,1,1,1,1,1,1,20,1,1,1,1,1,1,1,1,1,1,1,1,17,1,1,1,1,1,1,1,1,1,1,1,6,6,1,1,1,1,1,1,1
