67,54,4,21132,293,5827,369,10,224,544,87,96,70,2191,2882,17,9288,7359 1,1,1,1,1,1,1,1,1,1,1,1,1,1,1,1,1,1
16,14,15,6744,498,97,1496,234 1,1,1,1,1,1,1,1
16,90,88,6735,3,407,3,1166,263,3,226,7,184,3,1753,26,249 1,1,1,1,1,1,1,1,1,1,1,1,1,1,1,1,1
16,38,15,95,48,241,570,75,20,7,479,10,201 1,1,1,1,1,1,1,1,1,1,1,1,1
19,102,77,89,3,6,28,197,334,60 1,1,1,1,1,1,1,1,1,1
227,101,111,11,910,26,879 1,1,1,1,1,1,1
11,2109,3,875,26,1797,1189,14,55 1,1,1,1,1,1,1,1,1
23,63,94,89,14,21133,3,13,15,145,130,156,5,239,7,7360,304,5,310,57,630,44,406,29,74,14,11,213,3,502,26,561 1,1,1,1,1,6,1,1,1,1,1,1,1,1,1,1,1,1,1,1,1,1,1,1,1,1,1,1,1,1,1,1
23,427,718,1045,14,853,42,19,702,737,3,13,15,386,156,7,680,135,435 1,1,1,1,1,1,1,1,1,1,1,1,1,1,1,1,1,1,1
23,807,14,4055,3,5,23,140,14,5979,624 1,1,1,1,1,1,1,1,1,1,1
48,101,275,91,184,327,100,10,1051,5,21134,101 1,1,1,1,1,1,1,1,1,1,1,1
16,21,232,48,766,5473,5,11,202,7,407 1,1,1,1,1,1,1,1,1,1,1
16,109,31,46,88,6113 1,1,1,1,1,1
23,214,14,152,3,1763,5,396,3,97,1128,29,5,23,114,111,11,202,7,93,3,750,26,743 1,1,1,1,1,1,1,1,1,1,1,1,1,1,1,1,1,1,1,1,1,1,1,1
6,591,774,14,2554 1,1,1,1,1
74,14,11,202,7,1845,553 1,1,1,1,1,1,1
6,48,241,570,111,267,381,635,37,191,31,197,10,46,173,84,138,6,2593,17,1053,3076 1,1,1,1,1,1,1,1,1,1,1,1,1,1,1,1,1,1,1,1,1,1
6,548,7,23,356,1300,111,11,508,7,553 1,1,1,1,1,1,1,1,1,1,1
12,1351,3,293,5827,21,267,381,350,448,37,57,31,1409,508,7,553,76 1,1,1,1,1,1,1,1,1,1,1,1,1,1,1,1,1,1
50,740,13,64,3227,82,104,10,390,6,241,570,12,939,129 1,1,1,1,1,1,1,1,1,1,1,1,1,1,1
3960,2276,10991,3,107 1,1,1,1,1
