67,54,4,21159,281,297,168,55,28,4,5827,6250,3,4493,3,2055,542,4,13832,162,54,4,208,279,3,21160,451,4,8091,9250,3,229,262,331,4,2640,1308,3,229,732,4,7361,10992,9,551,8,21161,9,83,8,3,21162,9,914,8,1085,28,3,39,67,730,234,48,34,30,7,6,61,328,64,5827,6250,14,15,1594,379,13,212,3,142,3,5,1395,121,61,13,544,65,7,48,453,5,106 1,1,1,1,1,1,1,1,1,1,1,1,1,1,1,1,1,1,1,1,1,1,1,1,1,1,1,1,1,1,1,1,1,1,1,1,1,1,1,1,1,1,1,1,1,1,1,1,1,1,1,1,1,1,1,1,1,1,1,1,1,1,30,30,1,1,1,1,1,1,1,1,1,1,1,1,1,10,1,7,1,1,4,1,1,1,1,1,1,19,19,1,1
23,116,126,19,3257,2441,3,544,65,183,3,477,285,12,6,3304 1,1,1,1,1,1,1,1,1,1,1,1,1,1,1,1
16,768,1983,48,94,37,3975,5,5150,12,2265,3,51,21,68,2550,159,92,788 1,1,19,19,19,1,1,1,1,1,1,1,1,1,1,1,1,1,1
92,109,31,584 1,1,1,1
92,20,424,13,78,47,2164,29,21163,78,47,2139,29,166,78,47,2164,29,3506,6155,78,47,2139,29,12,23,48,27,92,788,3,51,40,21,159,538 1,1,1,1,1,1,1,1,1,1,1,1,1,1,1,1,1,1,1,1,1,1,1,1,1,1,1,1,1,1,1,1,1,1,1,1
92,20,984,477,983,12,6,3077,26,4812,2051,26,3854,3,51,31,13,13520 1,1,1,1,1,1,1,1,1,1,1,1,1,1,1,1,1,1
16,21,31,38,88,95,2190,116 1,1,1,1,1,1,1,1
1126,575,49,6,3350,650,7,23,453 1,1,1,1,1,1,1,1,1
16,21,68,1370,23,148,27,163,3,5,225,6,80,493,65,92,21,471,10,13853,3076,5730 1,1,1,1,1,1,1,1,1,1,1,1,1,1,1,1,1,1,1,29,29,29
16,146,2458,13,23,39,97,95,84 1,1,1,1,1,1,1,1,1
16,21,38,627,437,19,380,3,258,37,16,550,321,433,2331,175,113,183,3,51,550,344,355,6763,2331,89 1,1,1,1,1,1,1,1,1,1,1,1,1,1,1,1,1,1,1,1,1,1,1,1,1,1
16,391,19,267,2347,13,11,84,3,5,16,90,634,93 1,1,1,1,1,1,1,1,1,1,1,1,1,1
23,3240,4355,158,1575,5,136,34,5,131,1983,48,94,97,584,10,23,303,29,16,258,23,137,116,57,31,543,13,23,695 1,30,30,1,1,1,1,1,1,1,19,19,19,1,1,1,1,1,1,1,1,1,1,1,1,1,1,1,1,1
16,454,64,9143,3,23,1448,3,5,20,933,10,118,23,289,1206,10,125,22,69 1,1,1,1,1,1,1,1,1,1,1,1,1,1,1,1,1,1,1,1
16,20,1175,10,468,10,6,5828,230,17,23,116,138,23,30,7,212,9,998,8 1,1,1,1,1,1,1,1,1,1,1,1,1,1,1,1,10,1,1,1
19,953,3,6,316,205,143,292,7040,3,364,1772,3,148,21164,3,716,581,3,880,967,42,658 1,1,1,1,1,1,1,1,1,1,1,1,1,6,6,1,1,1,1,1,1,1,1
16,38,72,13854,3103,5,11,177,84 1,1,1,1,1,1,1,1,1
16,370,1798,1200,97,681,1734,5,252,27,163 1,1,36,36,1,1,1,1,11,1,1
80,528,30,33,21165,4,4577,9,21166,8,584,10,53,13855,13,994,8014,9,6189,8,29,177,4,2442,5300,3,418,29,897,1263,7364,3,805,3116,9,5828,8,33,21167,4,5621,9,5828,8,4,309,131,3,13856,139,5012,170,3,2522,5012,170,3,10997,170,3,131,811,2537,3,2910,215,42,3,13856,13857,643,6764,3,5012,13857,643,6764,3,10997,21168,643,6764,33,21169,4,713,9,5828,8,4,1743,2690,6628,2846,6128,996,247,996,2910,1973,42,3,4921,1518,2148,33,21170,4,1011,9,6189,8,4,523,21171,9,1996,42,5793,33,19,784,8,3,148,21172,3,177,4,924,3,615,435,3,11,529,3,11,325,19,429,33,21173,4,1011,9,6048,124,8,4,72,33,13858,4,5060,47,58,110,3851,4914,4392,529,27,427,9,794,1456,10,21174,489,13,990,8,29,454,6765,10,5828,1147,4,177,1865,811,33,13858,4,713,9,5828,8,4,1743,2583,3,6628,1995,3,6128,141,3,247,141,3,2910,171,42,3,131,509,3,1136,3379,1390,13,2280,3061,713,2048,1287,13859,78,47,966,29,73,21175,3,4921,1518,2136,3,3300,21176,1961,3,2910,171,42,3,301,3300,1129,10,13860,33,21177,4,3204,9,21178,21179,8,4,4904,883,3,309,171,42,2522,27,3338,3,3338,215,42,3,13861,1322,42,3,21180,180,42,3,21181,180,42,3,614,9,2199,8,10997,586,42,27,251,21182,3,1137,42,21183,3,3433,2764,21184,643,3,13861,3433,21185,643,5,21186,643,80,39,30,212,9,35,270,8,110,3851,4914,9,13862,8,110,6635,1300,17,7359,1887,9,2563,8,110,6593,1571,9,2260,8,5,2187,9,3133,8,17,2595,1396,76,1395,142,812,110,2790,9,3124,8,110,384,164,9,2937,8,39,19,168,947,478,9,203,8,462,22,25,32,800,9,236,8,382,22,25,32,622,108,22,25,69,397,1429,5,397,2204,218,125,22,25,69,348,945,22,25,69,397,1429,5,397,2204,10998,171,22,25,32,1118,125,22,25,32,4162,1400,9,2604,8,108,22,25,276,3743,1105,2813,78,47,383,29,277,29,7036,150,30,719,78,47,383,29,487,3,1733,3,431,9,2846,8,3,619,1634,21187,487,3,1437,3395,78,47,966,29,73,76,3,151,682,78,47,383,29,619,1634,3,458,9,3535,8,206,30,245,12,8173 1,1,1,1,19,19,19,1,1,1,1,1,1,1,1,1,1,1,1,1,1,1,1,1,1,1,1,1,1,1,1,1,1,1,1,1,1,1,2,2,2,2,2,2,2,2,2,2,2,2,2,2,2,2,2,2,2,2,2,2,2,2,2,2,2,2,2,2,2,2,2,2,2,2,2,2,2,2,2,2,2,2,1,1,1,1,1,1,1,1,1,1,1,1,1,1,1,1,1,1,1,1,1,1,1,1,1,1,1,1,1,1,1,1,1,1,1,1,1,1,1,9,1,1,1,1,1,1,1,1,1,1,1,1,1,1,1,1,1,1,1,1,1,1,1,1,1,1,1,1,1,1,1,1,1,1,1,1,1,1,1,1,1,1,1,1,1,1,1,1,1,1,1,1,1,1,1,1,1,1,1,1,1,1,1,1,1,1,1,1,1,1,1,1,1,1,1,1,1,1,1,1,1,1,1,1,1,1,1,1,1,1,1,1,1,1,1,1,1,1,1,1,1,1,1,1,1,1,1,1,1,1,1,1,1,1,1,1,1,1,1,1,1,1,1,1,1,1,1,1,1,1,1,1,1,1,1,1,1,1,1,1,1,1,1,1,1,1,1,1,1,1,1,1,1,1,1,1,1,1,1,1,1,1,1,1,2,2,2,2,2,2,2,1,1,1,1,1,1,1,1,1,1,1,1,1,1,1,1,10,1,1,1,1,1,1,1,1,1,1,1,1,1,1,1,1,1,1,1,1,1,1,1,1,1,1,1,1,1,1,1,1,1,1,4,7,1,1,1,1,1,1,1,1,1,1,1,1,1,1,1,11,11,1,11,1,1,1,1,1,12,1,1,1,1,1,1,1,21,1,1,1,1,1,1,1,1,1,13,1,1,1,1,17,1,1,1,1,1,1,1,1,1,9,1,1,1,1,1,1,1,1,1,1,1,1,1,1,1,1,1,1,1,1,1,1,1,1,1,1,1,1,1,1,24,24,24,24,24,24,24,24,24,24,24,24,24,24,24,24,1,1,1,1,1,1,1,1,1,1,1,1,4,24,24,24,24,24,24,24,24,24,24,24,24,1,1,1,1,1
920,13,544,3700,727 1,1,1,1,1
14,62,3949,27,13833,121,2297,1192,2842,90,238,3,244,598,541,157,3,11,1113,357,157 1,1,1,1,1,1,1,1,1,14,14,1,1,1,1,1,1,1,1,1,1
81,7,182,1754,78,47,383,29,11,140,314,3,1001,29,11,249,3,459,3,26,421,970,29,11,590,227,78,47,383,29,11,678,84,3,11,841,84,29,11,3689,29,11,4287,29,11,2419,29,11,908,3,11,136,34,350,78,47,383,29,11,263,3,11,437,3,11,407,3,11,1753,103,78,47,383,29,122,282,1583,78,47,383,29,11,300,3,375,3,446,29,11,648,29,11,2432,29,11,3273,3,2841,3,1366,29,11,1654,29,11,84,12,1059,29,11,291,34,3441,78,47,383,29,11,796,3,11,1206,3,11,1837,3,11,1157,29,11,1235,1058,78,47,383,29,11,4270,34,3,11,618,34,114,78,47,383,29,11,194,114,93,196,78,47,383,29,11,3323,277,26,243,273,78,47,383,29,11,555,3,11,5475,3,11,84,12,628,26,511,29,11,837,26,1507,29,11,697,308,102,101,316,4,292,7247,364,1772,148,21188,716,581,880,231,42,658,207,78,47,383,29,980,3,410,3,983,115,12,859,3,11,342,227,78,47,383,29,1172,3,1121,29,863,3,665,29,1124,797,3,11,4827,1050,29,1239,2638,5,1110,97,685,3,1296,3,26,243,136,33,11,908,29,44,687,97,240,29,576,917,29,216,133,217,100,29,11,216,222,29,6,3038,14,1017,48,78,47,383,29,91,10,463,100,3,13,11,876,26,407,857,29,979,103,78,47,383,29,44,156,29,145,239,29,44,304,5,310,29,3264,13863,589,213,27,5024,3,11,502,26,561,29,217,133,12,6,114,100,214,78,47,383,29,152,29,2045,29,979,29,44,326,327,29,11,240,26,1128,114,78,47,383,29,617,5,3776,29,11,743,3,750,3,26,93,273,78,47,383,29,11,741,1030,196,78,47,383,29,11,479,243,944,161,78,47,383,29,410,5,642,1200,457,6766,4,2152 1,1,1,1,1,1,1,1,1,1,1,1,1,1,1,1,1,1,1,1,1,1,1,1,1,1,1,1,1,1,1,1,1,1,1,1,1,1,1,1,1,1,1,1,1,1,1,1,1,1,1,1,1,1,1,1,1,1,1,1,1,1,1,1,1,1,1,1,1,1,1,1,1,1,1,1,1,1,1,1,1,1,1,1,1,1,1,1,1,1,1,1,1,1,1,1,1,1,1,1,1,1,1,1,1,1,1,1,1,1,1,1,1,1,1,1,1,1,1,1,1,1,1,1,1,1,1,1,1,1,1,1,1,1,1,1,1,1,1,1,1,1,1,1,1,1,1,1,1,1,1,1,1,1,1,1,1,1,1,1,1,1,1,1,1,1,1,1,1,1,1,1,1,1,1,1,1,1,1,1,1,1,1,1,1,1,1,1,1,1,1,1,1,1,1,1,6,6,1,1,1,1,1,1,1,1,1,1,1,1,1,1,1,1,1,1,1,1,1,1,1,1,1,1,1,1,1,1,1,1,1,1,1,1,1,1,1,1,1,1,1,1,1,1,1,1,1,1,1,1,1,1,1,1,1,1,1,1,1,1,1,1,1,1,1,1,1,1,1,1,1,1,1,1,1,1,1,1,1,1,1,1,1,1,1,1,1,1,1,1,1,1,1,1,1,1,1,1,1,1,1,1,1,1,1,1,1,1,1,1,1,1,1,1,1,1,1,1,1,1,1,1,1,1,1,1,1,1,1,1,1,1,1,1,1,1,1,1,1,1,1,1,1,1,1,1,1,1,1,1,1,1,1,1,1,1,1,1,1,1,1,1,1,1,1,1,1,1,1,1,1,1,1,1,1,1,1,1,1,1,1,1,1,1,1,1,1,1,1,1,1,1,1,1
