67,54,4,21199,5176,281,297,424,3855,3,5477,5833,21200,282,4,629,3855,14,15,21201,428,13,71,121,468,12,17,15,145,513 1,1,1,1,1,1,1,1,1,1,1,1,1,1,1,1,1,1,1,1,1,1,4,1,1,1,1,1,1,1
192,5,104,4,176,71 1,1,1,1,1,4
18,1645,18,21,68,191,60,3,2587,10,24,353,3,21,38,11,1764,255,3,5,37,24,1921,46,68,471,1226,1491,5,2354,3,636,270,5,636,998 1,1,1,1,1,1,1,1,1,1,1,1,1,1,1,1,1,1,1,1,1,1,1,1,1,1,1,1,1,1,1,1,1,1,1,1
40,14,3682,319,43,24,99,733,398,19,21202,75,20,13867,18,2173,109,46,232,179,3,5,18,14,285,2475,35,24,140,14,467,10,5834,948,66,21203,19,21204,18,38,15,95,733,398,5,336,4190 1,1,1,1,1,1,1,1,1,1,1,1,1,1,1,1,1,1,1,1,1,1,1,1,1,1,1,1,1,1,1,1,1,1,1,1,1,1,1,1,1,1,1,1,1,1,1
18,3,313,3,14,290,17,62,412,77,35,18,21,11,38,175,17,225,15,87,5,14,41,10,530,3,470,50,510,24 1,1,1,1,1,1,1,1,1,1,1,1,1,1,1,1,1,1,1,1,1,1,1,1,1,1,1,1,1,1
18,98,160,10,122,15,3228,35,18,21,31,221,175,29,18,41,530 1,1,1,1,1,1,1,1,1,1,1,1,1,1,1,1,1
178,436,936 1,1,1
28,109,31,1081,15,1590,1902 1,1,1,1,1,1,1
376,3,18,14,115,10,54,708,17,15,1238,1787,3,51,18,38,24,491,13,24,470,773,134,18,550,46,24,1238,1787,19,24,441,112 1,1,1,1,1,1,1,1,1,1,1,1,1,1,1,1,1,1,1,1,1,1,1,1,1,1,1,1,1,1,1,1,1
119,41,191,470 1,1,1,1
195,1725,555 1,1,1
18,1645,18,21,38,175,909,65,95 1,1,1,1,1,1,1,1,1
40,14,984,306,24,712 1,1,1,1,1,1
6,2707,20,31,575 1,1,1,1,1
50,1241,1367,21205,5,1509,10,24,13868,1667,10,157 1,1,1,1,1,1,1,1,1,1,1,1
546,40,31,575,3,18,41,1167,271,35,18,731,1667,10,191 1,1,1,1,1,1,1,1,1,1,1,1,1,1,1
50,41,122,24,188,2104,10,810,1671,40,14,299,476 1,1,1,1,1,1,1,1,1,1,1,1,1
253,595,34 1,1,1
28,21,209,595,34 1,1,1,1,1
18,1031,10,62,7838,121,933,24,15,477,188,10,1516,140,5,122,134,92,1344,476 1,1,1,1,1,1,1,1,1,1,1,1,1,1,1,1,1,1,1,1
18,21,68,2335,1516,140,13,11,265,5,237,166,10,530,188,10,6,7838 1,1,1,1,1,1,1,1,1,1,1,1,1,1,1,1,1,1
50,1241,510,24,27,24,1066 1,1,1,1,1,1,1
2860,9291,7286,3,107 1,1,1,1,1
1386,4,21206,21207,21208,21209,250,2412,51,31,81,43,262,1007,250 1,1,1,1,1,1,1,1,1,1,1,1,1,1,1
