67,54,4,21219,5176,9294,124,5176,281,297,424,1469,9295,2857,3855,3,5477,7073,3,4640,9296,5833,11003,6086,4,629,3855,14,15,1979,87,302,428,13,6,96,39,147,4,176,317,645,71,324 1,1,1,1,1,1,1,1,1,1,1,1,1,1,1,1,1,1,1,1,1,1,1,1,1,1,1,1,1,1,1,1,1,1,1,1,1,1,1,1,4,4,4,4
178,212 1,10
195,30,7,21220,161,315,2430,516,10,6,5063 1,1,1,1,1,1,1,1,1,1,1
253,363 1,1
346,30,7,2352,1229 1,1,1,1,1
460,812 1,1
137,39,4,4844,203,901,25,651,3,274,799,25,651,3,622,647,25,651,3,236,515,25,4665,3,1522,378,25,651,3,1735,2286,25,4665,3,4308,1675,25,651,3,2708,2286,25,3222 1,1,1,11,11,1,1,1,1,9,1,1,1,1,21,1,1,1,1,12,1,1,1,1,1,1,1,1,1,1,1,1,1,1,1,1,1,1,1,1,1,1,1
30,7,61,328,4,629,3855,369,10,224,89,10,96,115,641,24,71,3,181,120,76,3,5,363 1,1,1,1,1,1,1,1,1,1,1,1,1,1,1,1,4,1,1,1,1,1,1,1
159,50,99,749,24,3,18,61,10,2259,198,640,7,128,2120,453,5,20,510,10,5478,834,758,18,20,126,19,4308,27,1675,15,65,12,475,10,936,13,3222 1,1,1,1,1,1,1,1,1,1,1,1,1,1,1,1,1,1,1,1,1,1,1,1,1,1,1,1,1,1,1,1,1,1,1,1,1,1
1735,5,503,17,15,473,361,4495,13,15,381,326,13873,13,15,104,10,1457,15,21221,1325,134,74,20,11,3671,448,19,24,361,264 1,1,1,1,1,1,1,1,1,1,1,1,1,1,1,1,1,1,1,1,1,1,1,1,1,1,1,1,1,1,1
18,14,503,525,40,129 1,1,1,1,1,1
18,21,11,301,234,3,600,18,95,488,49,24,622,5,21,31,878,92,225,6,80,267,65 1,1,1,1,1,1,1,1,1,1,1,1,21,1,1,1,1,1,1,1,1,1,1
18,90,88,118,1393,3,1968,3,5836 1,1,1,1,1,1,1,1,1
631,597,1023,3,18,38,68,49,233,7,24,39,145,3,600,372,27,421,2144,306,12,6,495 1,1,1,1,1,1,1,1,1,1,1,1,1,1,1,1,1,1,1,1,1,1,1
50,4769,24,223,40,517,18,21,15,30,7,52,2700,13,24,297,12,6,80,3,51,18,109,1515,37,18,21,68,49,1485 1,1,1,1,1,1,1,1,1,1,1,1,1,1,1,1,1,1,1,1,1,1,1,1,1,1,1,1,1,1
92,14,31,2184,91,10,271,1153,40,14,6119,26,31 1,1,1,1,1,1,1,1,1,1,1,1,1
641,24,363,3,18,90,88,2569,3944 1,1,1,1,1,1,1,1,1
18,631,18,14,190,15,1103,1928,476 1,1,1,1,1,1,1,1,1
18,20,95,126,19,9297,12,475,10,24,1522,3,758,43,15,5479,27,6,21222,1177,124,43,6,414,7,64,7914,3016,18,122,711,15,129 1,1,1,1,1,1,1,1,1,1,1,1,1,1,1,1,1,1,1,1,1,1,1,1,1,1,1,1,1,1,1,1,1
18,14,98,122,15,8178,74,113 1,1,1,1,1,1,1,1
18,631,1057,18,14,191,15,1103,1928,476,3,600,464,855,6252,728,5,598,238,6767 1,1,1,1,1,1,1,1,1,1,1,1,1,1,1,1,1,1,1,1
119,465,235,6,1511,7,5837,29,18,631,18,14,31,1751,12,37 1,1,1,1,1,1,1,1,1,1,1,1,1,1,1,1
641,24,181,76,3,18,86,10,46,380,695,139,620,856,2307,75,21,31,118,12,2265,26,1206 1,1,1,1,1,1,1,1,1,70,70,1,1,1,1,1,1,1,1,1,1,1,1
18,90,88,760,26,739,3,90,88,48,34,27,427 1,1,1,1,1,1,1,1,1,1,1,1,1
5176,9294,124,5176,281,297,424,2277,9295,2857,3855,3,5477,7073,3,4640,9296,5833,11003,1167,58,102,77,4,18,14,15,1822,280,428,12,11,199,342 1,1,1,1,1,1,1,1,1,1,1,1,1,1,1,1,1,1,1,1,1,1,1,1,1,1,1,23,23,1,1,1,1,1
24,133,14,382,5,145,3,63,94,21223 1,1,1,1,1,1,1,1,1,1
24,140,89,14,21224 1,1,1,1,1
24,1124,57,4130 1,1,1,1
24,576,14,31,2837,27,388,851 1,1,1,1,1,1,1,1
74,57,11,216,222 1,1,1,1,1
24,155,57,91,10,463,100,3,5,24,103,77,275,15,145,239,3,269,304,3,310 1,1,1,1,1,1,1,1,1,1,1,1,1,1,1,1,1,1,1,1,1
11,213,3,502,3,26,561,857 1,1,1,1,1,1,1,1
24,114,57,617,5,97,173,93 1,1,1,1,1,1,1,1
24,951,2587,63,366,12,6,668,89,20,13508,2578,4,8179,1062,87,302,428,13,311,39,147,3,158,15,30,7,2700,5,2352,1229 1,1,1,1,1,1,1,1,1,1,1,1,1,1,1,1,1,1,1,1,1,1,1,1,1,1,1,1,1,1,1
176,71 1,4
24,99,733,398,20,620,3784,3,1864,886,66,1062,129,169 16,16,16,16,16,16,16,1,1,1,1,1,1,1
951,2587,12,6,668,14,13874,89,3,660,24,95,2700,5,237,132,768,37,18,21,31,68,49,24,297,145,225,6,80,1517,7,129 1,1,1,1,1,1,1,1,1,1,1,1,1,1,1,1,1,1,1,1,1,1,1,1,1,1,1,1,1,1,1,1
12,88,927,3,18,372,166,160,15,2156,228,7,21225 1,1,1,1,1,1,1,1,1,1,1,1,1
119,41,144,15,733,398,89,3,5,134,92,557,12,6,929,471,26,2156,3,41,118,24,622,10,515,105,3,5,50,2355,10,24,223,6,104 1,1,1,1,1,1,1,1,1,1,1,1,1,1,1,1,1,1,1,1,1,1,21,1,1,1,1,1,1,1,1,1,1,1,1
24,99,336,1573,20,72 1,1,1,1,1,1
178,776 1,15
186,18,369,10,224,12,544,129,3,119,41,827,15,520,1597,43,75,85,18,41,46,68,19,236,17,620,1062,129 1,1,1,1,1,1,1,1,1,1,1,1,1,1,1,1,1,1,1,1,1,1,1,12,1,1,1,1
195,181,76 1,1,1
18,14,464,46,380,48,34 1,1,1,1,70,70,70
118,24,274,10,686,25,946 1,1,9,1,1,1,1
35,18,242,46,702,10,530,13,24,133,5,63,94 1,1,1,1,1,1,1,1,1,1,1,1,1
253,363 1,1
50,465,1175,24,10,86,96,115,13,24,5479,5,24,8178 1,1,1,1,1,1,1,1,1,1,1,1,1,1
465,3,3972,6,1511,7,527,10,557,2352,770,5,420,5837,465,35,50,46,12,6,80 1,1,1,1,1,1,1,1,1,1,1,1,1,1,1,1,1,1,1,1,1
346,812 1,1
18,41,96,115,13,5478,5,86,19,24,2319,5,5135,1796,17,132 1,1,1,1,1,1,1,1,1,1,1,1,1,1,1,1
50,933,24,18,546,49,6,4308,12,6,495,5,6,1735,27,421,344 1,1,1,1,1,1,1,1,1,1,1,1,1,1,1,1,1
460,436,936 1,1,1
18,370,15,1590,1902,5,18,41,369,10,224,12,544,129,10,96,115,19,24,71,3,776,3,5,181,76 1,1,1,1,1,1,1,1,1,1,1,1,1,1,1,1,1,1,1,4,1,15,1,1,1,1
475,3,50,510,24,10,1335,17,268,1331,641,140,314,5,15,13875,71,353 1,1,1,1,1,1,1,1,1,1,1,1,1,1,1,1,1,1
50,98,429,6,5176,9294,124,5176,281,297,424,4826,9295,2857,3855,3,5477,7073,3,4640,9296,5833,11003,1167,117,1511,7,24,122,6,412,1622 1,1,1,1,1,1,1,1,1,1,1,1,1,1,1,1,1,1,1,1,1,1,1,1,1,1,1,1,1,1,1,1
18,631,18,14,503,10,122,6,412,1622,40,129,138,37,18,14,27,341,17,71,1082 1,1,1,1,1,1,1,1,1,1,1,1,1,1,1,1,1,1,1,1,1
2860,11004,9298,3,107 1,1,1,1,1
13692,4,21226,29,21227,29,21228,29,21229,2268,3121,82,55,2268,1401,235,13,609,9298 1,1,1,1,1,1,1,1,1,1,1,1,1,1,1,1,1,1,1
151,4,345,12,6,10907 1,1,1,1,1,1
2832,319,7,254 1,1,1,1
2458,15,147 1,1,1
119,57,1494,622,89 1,1,1,21,1
1021,20,269,3,51,119,57,527,39,355 1,1,1,1,1,1,1,1,1,1
118,274,10,686 1,9,1,1
791 1
236,17,520 12,1,1
976,439,104 1,1,1
