67,54,4,21210,5176,281,297,424,3855,3,5477,5833,13869,282,4,629,3855,14,15,2018,87,302,428,13,15,30,7,1822,280,3,698,43,71,3,121,20,15,1221,28,7,64,9291,7286 1,1,1,1,1,1,1,1,1,1,1,1,1,1,1,1,1,1,1,1,1,1,1,1,1,1,1,23,23,1,1,1,4,1,1,1,1,1,1,1,1,1,1
18,468,12,89,17,1078,513 1,1,1,1,1,1,1
28,82,71,20,417,801,405,13870,13,24,491 1,1,4,1,1,1,1,1,1,1,1
28,20,1221,179,43,165,51,21,1261,1666,624,225,6,99,680,129,5,14,132,650,233,39,5,258,24,951,2587,46,68,1349,13,15,1263,7,223,850,3,13,372,60,998,37 1,1,67,67,67,67,1,1,1,1,1,1,1,1,1,1,1,1,1,1,1,1,1,1,1,1,1,1,1,1,1,1,1,1,1,1,1,1,1,1,1,1
28,98,21,15,30,7,12,6251,75,20,343,13,2430,516,10,6,5063 1,1,1,1,1,1,1,1,1,1,1,1,1,1,1,1,1
18,14,15,21211,21212 1,1,1,1,1
21,15,30,7,1725,5,137,14,52,343,43,64,7365,17,363 1,1,1,1,1,1,1,1,1,1,1,1,1,1,1
159,24,99,112,13,64,7286,3,28,758,1101,2569,12,1102 1,1,1,1,1,1,1,1,1,1,1,1,1,1
92,14,885,1667,5635,6,1101,20,600,18,242,2208,24,53,473,114 1,1,1,1,1,1,1,1,1,1,1,1,1,1,1,1
159,286,18,258,37,18,21,68,190,15,1629,476,5,190,37,18,21,2145,1049,626,13,64,7365 1,1,1,1,1,1,1,1,1,1,1,1,1,1,1,1,1,1,1,1,1,1,1
24,1626,753,1248,89,12,224 1,1,1,1,1,1,1
28,90,88,39,116,27,40,85 1,1,1,1,1,1,1,1
28,82,103,341,709,158,238,3723,1711,15,65 1,1,1,1,1,1,18,18,18,18,18
15,269,150,30,7,181,120,76,158,15,573,121,1123,583,7,15,130,1648,12,208,27,440,2059,5,38,38,15,356,431,27,440,171,5,15,619,27,440,10644,28,109,31,46,776,26,106,51,109,46,6,71,30,35,55,270 1,1,1,1,1,1,1,1,1,1,1,1,1,1,1,1,1,1,1,1,1,1,1,1,1,1,1,1,24,24,24,24,1,1,1,1,1,1,1,1,1,1,1,1,1,1,1,1,1,4,1,1,1,1
206,30,4,639,17,699,157,35,55,270,5,18,728,223,175,3438,135,65,186,18,14,13871,37,18,86,10,191 1,1,1,1,1,1,1,1,1,1,1,1,1,1,1,1,1,1,1,1,1,1,1,1,1,1,1
18,631,37,18,546,31,52,728,13,24,39 1,1,1,1,1,1,1,1,1,1,1
102,77,4,504,280,11000,428,12,11,199,342 1,1,1,1,1,1,1,1,1,1,1
63,94,4,3089 1,1,1,1
227,4,569 1,1,1
136,4,11,910,3,216,143,217,100,97,222 1,1,1,1,1,1,1,1,1,1,1
48,4,91 1,1,1
103,4,630,44,406 1,1,1,1,1
214,4,703 1,1,1
114,4,97,93 1,1,1,1
2578,4,176,140,179,4,28,21,38,1349,140,314,225,6,99,680,129 1,1,1,1,1,1,1,1,1,1,1,1,1,1,1,1,1
50,933,24,1667,339,50,20,13,40 1,1,1,1,1,1,1,1,1
18,3,12,1488,3,109,31,606,88,818,1764,17,232,366,179,27,40,85 1,1,1,1,1,1,1,1,1,1,1,1,1,1,1,1,1,1
50,41,2046,24,86,40,2113,179,17,6,441,1062,129,5,144,24,733,398,27,37,85,10,192,24,179 1,1,1,1,1,1,1,1,1,1,1,1,1,1,1,1,1,1,1,1,1,1,1,1,1
313,3,12,6,80,3,18,21,68,244,3467,2051,13,64,7286,1427,10,24,55 1,1,1,1,1,1,1,1,1,1,1,1,1,1,1,1,1,1,1
178,363,4,28,86,10,52,308,363 1,1,1,1,1,1,1,1,1
14,137,19,2708,3,3373,3,2382,5,2707 1,1,1,1,1,1,1,1,1,1
18,41,86,10,513,13,64,7365,13,3016,18,753,10,52,244,2922 1,1,1,1,1,1,1,1,1,1,1,1,1,1,1,1
5176,281,297,424,3855,3,5477,1167,58,5833,13869,195,207,436,198,4,28,41,160,15,2281,77,12,1062,129,85 1,1,1,1,1,1,1,1,1,1,1,1,1,1,1,1,1,1,1,1,1,1,1,1,1,1
28,137,21,62,21213,2388,75,20,469,12,1225 1,1,1,1,1,1,1,1,1,1,1
18,109,31,49,818,8177,517,7,24,30,7,71,5,30,7,130,76 1,1,1,1,1,1,1,1,1,1,1,4,1,1,1,1,1
18,20,1564,37,18,546,530,10,7766,224,134,88,116,422,10,6,11001,957 1,1,1,1,1,1,1,1,1,1,1,1,1,1,1,1,1,1
253,71,4,28,82,63,366,46,38,1263,7,223,850,35,2123,270 1,4,1,1,1,1,1,1,1,1,1,1,1,1,1,1
50,41,144,24,733,398,12,1062,129,85 1,1,1,1,1,1,1,1,1,1
28,190,232,13,11,1968,3,11,798,1206,5,11,555 1,1,1,1,1,1,1,1,1,1,1,1,1
50,1904,3,1241,3,31,10,343,92,27,40,85 1,1,1,1,1,1,1,1,1,1,1,1
28,20,138,1581,17,1921,5,3820 1,1,1,1,1,1,1,1
2860,9103,11002,3,107 1,1,1,1,1
13872,4,21214,21215,21216,21217,262,331,4,21218,3,5835,10934,3,107 1,1,1,1,1,1,1,1,1,1,1,1,1,1,1
