67,54,4,21818,1010,1016,168,55,28,4,5189,3,3960,542,4,21819,2523,4,21820,162,54,4,4715,451,4,21821,3,2864,9,13978,8,21822,1085,4,28,3,551,3,7412,29,80,39,67,66,4137,124,426,4,48,34,282,4,293,5189,14,15,1106,1882,498,13,106,3,131,71,324,317,645,3,5,1354,121,61,13,58,552,7,1414,48,34,1525,12,6,53,574,48,5,584,10,394,303,5,10,6,599,7,6,188 1,1,1,1,1,1,1,1,1,1,1,1,1,1,1,1,1,1,1,1,1,1,1,1,1,1,1,1,1,1,1,1,1,1,1,1,1,1,1,1,1,1,1,1,1,1,1,1,1,1,1,1,1,1,1,1,1,1,1,1,7,1,4,4,4,4,4,1,1,1,1,1,1,1,1,1,1,19,19,19,19,19,19,19,19,19,19,19,19,19,1,1,1,1,1,1,1
12,475,10,142,5,151,3,293,5189,103,341,709,158,15,150,30,7,212,9,1020,3,848,8,5,169,30,7,131,3,2270,538,48,34,12,871,21823,16,370,15,103,1168,17,6,48,34,158,472,177,3,288,572,154,3,5,11102,264 1,1,1,7,1,4,1,1,1,1,1,1,1,1,1,1,1,1,1,1,1,1,1,1,1,1,1,1,1,1,1,1,1,1,1,1,1,1,1,1,1,1,1,1,1,1,1,1,1,1,1,1,1,1,1,1
472,177,20,569,13,44,338,239,51,6,1011,20,269,13,4610,292,804,3,563,1076,8101,363,12,6,4267,5,811,1036,3,5,3954,73,12,2590 1,1,1,1,1,1,1,1,1,1,3,3,3,3,3,3,3,1,1,1,1,1,1,1,1,1,1,1,1,1,1,1,1,1
6,28,38,11,48,34,5,232,288,2153,405,6,1011,3,75,20,3347,139,929,435,517,7,248,590 1,1,1,1,1,1,1,1,1,1,1,1,1,1,1,1,1,1,1,1,1,1,1,1
19,6,11102,264,3,15,381,548,7,325,13,284,673,9374,20,55,12,6,811,766,600,766,759,20,44 1,1,1,1,1,1,1,1,1,1,1,1,1,1,1,1,1,1,1,1,1,1,1,1,1
1505,53,692,891,1138,20,1364,42 1,1,1,1,1,1,1,1
15,866,288,713,20,44 1,1,1,1,1,1
472,63,94,27,6,85,7,6,1168,1370,21824,13,589,94,55,35,365,35,6463,23,63,94,21,68,159,179,19,274,5,20,1370,135,28,3396,10,52,963,21825,27,23,372,95,112,10,23,451,12,1663 1,6,6,6,6,6,6,6,6,6,6,1,1,1,1,1,1,1,1,1,1,1,1,1,1,1,1,9,1,1,1,1,1,1,1,1,1,6,1,1,1,1,1,1,1,1,1,1
733,398,12,8793,20,4209,5,71,21,68,355,13,344,353 1,1,1,1,1,1,1,4,1,1,1,1,1,1
16,20,356,157,105,203,51,488,12,1519,9375,17,15,4059,164,5,242,31,1494 1,1,1,1,1,52,1,1,1,1,1,1,1,1,1,1,1,1,1
293,5189,20,12,23,712,258,7,436,597,117,65,169,10,168,186,16,387,267,255,7,266,1616,48,34,3,711,12,6,495,5,711,12,6,744 1,1,1,1,1,1,1,1,1,1,1,1,1,1,1,1,1,1,1,1,1,1,1,1,1,1,1,1,1,1,1,1,1,1,1
571,255,99,344,1014,435,3,5,753,10,201,10,52,422,10,23,1889,483,13,1354 1,1,1,1,1,1,1,1,1,1,1,1,1,1,1,1,1,1,1,1
6,48,34,20,31,424,13,226,7,184,5,753,10,265,13,9376,3,75,16,2230,49,17,199,1302,7,1354 1,1,1,1,1,1,1,1,1,1,1,1,1,1,1,1,1,1,1,1,1,1,1,1,1,1
23,438,225,6,441,267,65,20,569,5,16,1031,10,859,1250,6,421,169,10,168 1,1,1,1,1,1,1,1,1,1,1,1,1,1,1,1,1,1,1,1
16,20,2824,1143,117,272,43,4392,1414,48,34,5,94,12,6,53,574,48,5,584,10,394,303,5,10,6,599,7,23,188,51,31,10,6,136,26,1575 1,1,1,1,1,1,1,19,19,19,19,19,19,1,1,1,1,1,1,1,1,1,1,1,1,1,1,1,1,1,1,1,1,1,1,1,1
424,13,6,48,34,143,459,5,15,190,7,118,130,156,600,6,28,90,226,7,184,3,970,3,300,26,375,3,555,3,1171,3,249,3,26,889,84 1,1,1,1,1,1,1,1,1,1,1,1,1,1,1,1,1,1,1,1,1,1,1,1,1,1,1,1,1,1,1,1,1,1,1,1,1
6,34,828,17,58,552,97,265,26,4042,709,3,2779,6,28,10,46,23,551,1418,201,10,9377,230,66,23,6797,163 1,1,1,1,1,1,1,1,1,1,1,1,1,1,1,1,1,1,1,1,1,1,1,1,1,1,1,1
81,7,182,20,269,17,1393,3,118,4463,3,131,6519,263,3,14065,1685,3,5,855,131,446,12,80,129 1,1,1,1,1,1,1,1,1,1,1,1,1,1,1,1,1,1,1,1,1,1,1,1,1
6,28,90,95,26,80,30,7,93,3,812,3,725,3,1745,3,1753,3,3273,3,437,19,380,3,739,3,1923,1728,437,3,407,3,590,3,1059,26,140,84,3,26,421,970 1,1,1,1,1,1,1,1,1,1,1,1,1,1,1,1,1,1,1,1,1,1,1,1,1,1,1,1,1,1,1,1,1,1,1,1,1,1,1,1,1,1
12,6,318,499,3,6,28,20,138,203,3,613,3,2480,754,3,5,1467,718,43,965,5169,3,5,48,34,866,538 1,1,1,1,1,1,1,1,1,52,1,9,1,37,37,37,1,1,1,1,1,1,1,1,1,1,1,1
177,19,61,111,15,500,472,12,338,239,13,692,3831 1,1,1,1,1,1,1,1,1,1,1,1,1
866,177,73,275,86,3954,73,5,4034,73,13,3644,1552,12,11103 1,1,1,1,1,1,1,1,1,1,1,1,1,1,1
15,48,738,20,72,17,854,26,199,458,5,111,11,202,7,7413,3886 1,1,1,1,1,1,1,1,1,1,1,1,1,1,1,1,1
241,570,13,5,97,1462,75,143,72,17,621,1899 1,1,1,1,1,1,1,1,1,1,1,1
103,898,123,58,481,143,72,3,51,3090,20,185,27,21826,554,2678,20,5008,269,3,600,836,20,211,13,333,21827,674,4,106,3,343,13,274,71,324,317,645,3,355,13,353,1354,3,343,13,2425,5,9376,1619,763,1530,19,70,1040,3,110,2895,12,4350,9375,553,338,2501,4,1619,763,1530,2895,3,4350,9375,965,5149,918,254,9,19,168,8,4,274,9,228,874,8,2425,108,22,2088,9376,215,22,167,1354,1302,127,4,1916,2816,5862,249,1022,4,28,21,422,500,9076,7,23,150,30 1,1,1,1,1,1,1,1,1,1,1,1,1,1,1,1,1,1,1,1,1,1,1,1,1,1,1,1,1,7,1,1,1,9,4,4,4,4,1,1,1,1,1,1,1,1,1,1,1,1,1,1,1,1,1,1,1,1,1,1,1,1,1,1,1,1,1,1,1,1,1,1,1,1,1,1,1,1,1,1,1,9,1,1,1,1,1,1,1,1,1,1,1,1,1,1,1,1,1,1,1,1,1,1,1,1,1,1,1,1,1,1,1
573,4,583,27,1600,379,3,256,130,76,606,2134,3,2070,661,4,583,3628,7,1329,1887,1020,4,583,7,103,1843,1306,8793,29,256,593,13,251,848,4,1019,130,76,14066,4,4299,245,949,3258,1144,4,1169,1095,2686,1543,9,4017 1,1,1,1,1,1,1,1,1,1,1,1,1,1,1,1,1,1,1,1,1,1,1,1,1,1,1,1,1,1,1,1,1,1,1,1,1,1,1,1,1,1,1,1,1,1,1,14,14,1,1,1,1
14067,8,868,285,35,62,11104,6798,21828,206,4393,3,244,131,90,247,26,174,357,157,90,1673,732,3,1703,1863,30,245,27,163,13,551,29,21,267,727,581,3,279,2922,3,109,31,46,147,13,1626,579,4,35,270,12,282 1,1,1,1,1,1,1,1,1,1,1,1,1,1,1,1,1,1,1,1,1,1,1,1,1,1,1,1,1,1,1,1,1,1,1,1,1,1,1,1,1,1,1,1,1,1,1,1,1,1,1,1,1
98,841,84,3,616,3,1371,994,3,136,2157,3,418,3,1654,3,446,3,648,3,1366,3,21829,3,796,3,1235,3,323,3,248,474,3,2927,1368,3,432,66,3958,3,3957,3,8239,1098,3,84,12,1626,26,391,1215 1,1,1,1,1,1,1,1,1,1,1,1,1,1,1,1,1,1,1,1,1,1,1,1,1,1,1,1,1,1,1,1,1,1,1,1,1,1,1,1,1,1,1,1,1,1,1,1,1,1,1
545,4,701,4,2653,3,4448,3,523,3,148,3,716,3,718,880,207,4,480,3,1417,12,859,3663,4,381,3,1111,3,3159,2899,717,19,188,3,979,227,4,1709,91,3,1124,797,3,1561,1313,1110,3,1239,703,3,11,2652 1,1,1,1,1,1,1,1,1,1,1,1,1,1,1,1,1,1,1,1,1,1,1,1,1,1,1,1,1,1,1,1,1,1,1,1,1,1,1,1,1,1,1,1,1,1,1,1,1,1,1,1,1
1055,877,3,1554,3,5,1115,10,691 1,1,1,1,1,1,1,1,1
10545,656,204 1,1,1
818,4,3941,204 1,1,1,1
1439,1017 1,1
136,4,332,3,296,14068,3,11,687,985,26,240,3,3038,1017,3,11,908,3,216,133,217,100,5,11,222,567,4,11,7107,13163,4,48,766,979,3,1080,979,968,1966 1,1,1,1,1,1,1,1,1,1,1,1,1,1,1,1,1,1,1,1,1,1,1,1,1,1,1,1,1,1,1,1,1,1,1,1,1,1,1,1
11,21830,246 1,1,1
155,4,1481,2478,97,2264,762,157 1,1,1,1,1,1,1,1
675,100,14069,5473 1,1,1,1
91,10,463,100 1,1,1,1
644,4,145,156,5,239,13,1736,304,5,310 1,1,1,1,1,1,1,1,1,1,1
2118,2111,310 1,1,1
311,3954,73,2468 1,1,1,1
11,213,3,561,26,502 1,1,1,1,1,1
11,3191,3,13125,26,3051 1,1,1,1,1,1
217,216,133 1,1,1
576,917 1,1
214,4,329,326,327,3,152,3,979,3,2045,3,11,1482,26,1641,3,11,1128 1,1,1,1,1,1,1,1,1,1,1,1,1,1,1,1,1,1,1
779,77,4,1084,329,554,12,230 1,1,1,1,1,1,1,1
114,4,11,750,3,743,26,93,3,617,5,3776 1,1,1,1,1,1,1,1,1,1,1,1
11,1850,26,246,10,1046 1,1,1,1,1,1
72,5818,205 1,1,1
217,1459,3,562,3,79,5,1032,133,100 1,1,1,1,1,1,1,1,1,1
1006,628,100,12,473,5,194,114 1,1,1,1,1,1,1,1
5863,4,1493 1,1,1
9378,4,618,2657,3,296,14068,3,673,474,5,685,12,53,2637,415 1,1,1,1,1,1,1,1,1,1,1,1,1,1,1,1
352,4,4405,5,928,2657 1,1,1,1,1,1
925,1544,204 1,1,1
670,5,1009,77,569 1,1,1,1,1
217,3321,2329,2747,72,2993 1,1,1,1,1,1
149,4,1290,9,4715,9379,8,4,705,2451,3,592,2078,3,869,2421,3,5045,7186,3,392,1352,3,21831,3,870,4935,3,399,2714,3,22,1932,3,5299,1646,1185,9,4715,9379,8,4,349,4209,9,1594,42,1542,3,180,42,577,8,3,333,11105,3,536,4881,3,653,1322,3,795,3879,3,79,3833,3,1067,5316,3,905,1293,3,3090,12955,1836,9,4715,21832,8,4,2639,1944,3,3932,13548,3785,3,193,349,3,433,7757,3,433,5297,3,193,3568 1,1,1,1,1,1,1,1,1,1,1,1,1,1,1,1,1,1,1,1,1,1,1,1,1,1,1,1,1,1,1,1,1,1,1,1,1,1,1,1,1,1,1,1,1,1,1,1,1,1,1,1,1,1,1,1,1,1,1,1,1,1,1,1,1,1,1,1,1,1,1,1,1,1,1,1,1,1,1,1,1,1,1,1,1,1,1,1,1,1,1,1,1,1,1,1,1,1,1,1,1
103,898,9,4715,8,8240,4715,4715,4715,4715,21833,21834,14070,9379,14071,4375,11056,9,292,8,897,2059,9,59,8,1336,72,72,2340,72,72,3169,3200,2149,1356,264,4,177,9,4715,8,4,1917,264 1,1,1,1,1,1,1,1,1,1,1,1,1,1,1,1,1,1,1,1,1,1,1,1,1,1,1,1,1,1,1,1,1,1,1,1,1,1,1,1,1,1,1,1
44,338,239,13,311,3954,73,3,5108,10,1865,12,11025,506,9,4715,8,4,11,199,458,26,854 1,1,1,1,1,1,1,1,1,1,1,1,1,1,1,1,1,1,1,1,1,1,1
4692,2413,858,6,70,194,155 1,1,1,1,1,1,1
241,9,4715,8,4,13,5,97,1462 1,1,1,1,1,1,1,1,1
11,202,7,621,1899 1,1,1,1,1
108,643,53,194,1443,350,635,3,17,75,544,129,96,115,48,241,14,420,10,2955,1759 1,1,1,1,1,1,1,1,1,1,1,1,1,1,1,1,1,1,1,1,1
21835,97,8913 1,1,1
6460,1926,12,6,53,861,3,97,202,17,21836,3,166,354,3,693,153,6799,14,284 1,1,1,1,1,1,1,1,1,1,1,1,1,1,1,1,1,1,1,1
192,4,293,5189,14,15,1106,1882,498,13,142,3,151,645,3,5,1354,3,121,61,13,58,552,7,170,48,34 1,1,1,1,1,1,1,1,1,1,7,1,4,4,1,1,1,1,1,1,1,1,1,1,1,1,1
6,1154,17,48,34,14,4120,5,158,103,325,3,778,490,3,621,1899,3,3034,3,350,3908,3,3489,3,8098,3,21837,3221,3,21838,766,34,3,5,958 1,1,1,1,1,1,1,1,1,1,1,1,3,3,1,1,1,1,1,1,1,1,1,1,1,1,1,1,1,1,1,1,1,1,1,1
6,1719,788,7,170,48,34,3,980,201,66,391,3,1849,6,1019,7,62,199,103,26,350,927,1152,35,431,3,621,1899,3,26,545 1,1,1,1,1,1,1,1,1,1,1,1,1,1,1,1,1,1,1,1,1,1,1,1,1,1,1,1,1,1,1,1
6,28,21,185,3090,51,376,2291,102,77,461,9,437,3,3420,48,34,3,263,3,1753,3,7095,3,205,7,971,8,26,6792,689,2850,543,13,350,1881 1,1,1,1,1,1,1,1,1,1,1,1,1,1,1,1,1,1,1,1,1,1,1,1,1,1,1,1,1,1,1,1,1,1,1,1
6,28,73,142,14,15,341,709,17,621,1899,3,51,40,505,368,52,826,319,43,72,506,5,751,570,3,75,46,382,1137,42,2047 1,1,1,7,1,1,1,1,1,1,1,1,1,1,1,1,1,1,1,1,1,1,1,1,1,1,1,1,1,1,1,1
12,475,3,16,2291,15,1397,7,174,224,3623,7,1899,3,158,611,3,133,1030,3,5,301,213 1,1,1,1,1,1,1,1,1,1,1,1,1,1,1,1,1,1,1,1,1,1,1
6,1950,7,6,34,14,3240,12,1950,5,14,1307,43,754,329,203 1,1,1,1,1,1,1,1,1,1,1,1,1,37,1,52
7414,3,6,28,21,38,267,1075,51,602,170,1648,15,493,65,183,3,5,21,311,103,341,709 1,1,1,1,1,1,1,1,1,1,1,1,1,1,1,1,1,1,1,1,1,1,1
40,810,2312,695,26,778,490,6,372,166,505 1,1,1,1,1,3,3,1,1,1,1
177,84,2291,563,1076,185,3,600,1552,2575,143,61,12,128,1036 1,1,1,1,1,1,1,1,1,1,1,1,1,1,1
6,28,73,103,898,143,72,66,6,230,123,58,481,13,15,2287,805,72,19,6,1109 1,1,1,1,1,1,1,1,1,1,1,1,1,1,1,1,1,1,1,1,1
6,28,208,46,1275,15,5400,185,431,26,2312,695 1,1,1,1,1,1,1,1,1,1,1,1
6,104,41,52,10,86,450,976,17,48,34,5,177,84,3,13,6,441,2307,166,10,858,429,154,26,593,12,6,495,1560 1,1,1,1,1,1,1,1,1,1,1,1,1,1,1,1,1,1,1,1,1,1,1,1,1,1,1,1,1,1
528,14,96,976,5,21,1007,420,37,57,11106,949,6,104 1,1,1,1,1,1,1,1,1,1,1,1,1,1
104,4,176,48,34,2479,3,103,450,805,3,897,3,1336,2322,123,117,3388,19,441,3279,177,134,48,34,21839,26,12,272,134,11,48,34,2290,252,462,22,25,32,610,3324,22,25,2322,754,1649,22,36,45,167,48,34,134,48,34,86,3,898,269,3,177,84,1457,247,676,134,48,34,2290,3,898,269,3,26,177,84,3,482,593 1,1,1,1,1,1,1,1,1,1,1,1,1,1,1,1,1,1,1,1,1,1,1,1,1,1,1,1,1,1,1,1,1,1,52,1,1,1,1,9,1,1,1,1,37,1,1,1,1,1,1,1,1,1,1,1,1,1,1,1,1,1,1,1,1,1,1,1,1,1,1,1,1,1,1,1,1,1,1
376,21840,12,272 1,1,1,1
1198,708,254,139,2398,29,71,353,397,2398,659,272,5639,228,17,288,1021,144,12,272,17,772,520,3,398,178,692,3831,2580,592,3,22,10,2784,839,9,592,1139,2221,3,22,1139,2557,8,195,361,432,5008,269,554,333,211,272,149,4,836,9,333,8,3,1257,3,1697,3,345,3,4768,3,512,3,1555,3,1184,253,71,211,3,179,43,353,27,163,63,345,1921,1392,329,1230,2504,12,272,1425,12,272,9,2466,135,169,55,8,346,1155,3552,2131,456,460,726,161,4,296,726,6,192,5,104,143,235,13,6,2272,4494,385 1,1,1,1,1,1,1,1,1,1,1,1,1,1,1,1,1,1,1,1,1,1,1,1,1,1,1,1,1,1,1,1,1,1,1,1,1,1,1,1,1,1,1,1,1,1,1,1,1,1,1,1,1,1,1,1,1,1,1,1,1,1,1,1,1,1,1,1,1,1,1,1,1,1,4,1,1,1,1,1,1,1,1,1,1,1,1,1,1,1,1,1,1,1,1,1,1,1,1,1,1,1,1,1,1,1,1,1,1,1,1,1,1,1,1,1,1,1,1,1,1,1
2732,11107,1010,1016,710,4,47,21841,281,2227,4,50,46,1187,5,101,6,79,13,6,39,3561 1,1,1,1,1,1,1,1,1,1,1,1,1,1,1,1,1,1,1,1,1,1
12,1922,3,6,79,14,15,14072,914,142,1354,5,151,121,3625,115,27,10875,89,13,48,94,5,34,37,584,10,394,303 1,1,1,1,1,1,1,1,1,7,1,1,4,1,1,1,1,1,1,1,1,1,1,1,1,1,1,1,1
16,242,190,416,307,51,74,20,11,1548,3,1637,3,990,26,1171,27,40,85 1,1,1,1,1,1,1,1,1,1,1,1,1,1,1,1,1,1,1
6,255,99,602,306,175,435,5,16,537,476,139,16,1343,9376 1,1,1,1,1,1,1,1,1,1,1,1,1,1,1
748,268,664,3,16,704,16,38,267,1075,255,99,113 1,1,1,1,1,1,1,1,1,1,1,1,1
16,21,31,38,88,109,3,760,3,26,634,93 1,1,1,1,1,1,1,1,1,1,1,1
16,109,1773,46,48,94,5,48,34,12,4245,8793,186,16,38,15,103,172,27,6,4137,124 1,1,1,1,1,1,1,1,1,1,1,1,1,1,1,1,1,1,1,1,1,1
16,109,31,731,6,402,7,6,1168 1,1,1,1,1,1,1,1,1
7,55,6,79,109,31,238,3,14,31,19,252,3,5,21,170,150,2084,13,212,51,11,21842,601,1320,26,14073,601,1188 1,1,1,14,14,14,14,1,1,1,1,52,1,1,1,1,1,1,1,1,1,1,1,1,1,1,1,1,1
16,14,19,274,51,5141,7,6,228 1,1,1,9,1,1,1,1,1
12,6,230,3,16,242,46,128,48,34,51,92,20,1307,139,36,2493 1,1,1,1,1,1,1,1,1,1,1,1,1,1,1,1,37
523,20,1322,5,148,21843 1,1,1,1,1,1
16,20,138,252,5,15,1534 1,1,1,52,1,1,1
417,3,23,177,20,1164,35,44,51,525,6,292,804,1749,3644,12,1036,7398 1,1,1,1,1,1,1,1,1,1,1,1,1,1,1,1,1,1
390,177,186,16,20,48,34,770,3,111,8157,8845,12,7398 1,1,1,1,1,1,1,1,1,1,1,1,1,1
74,143,11,302,177,1382,17,2371 1,1,1,1,1,1,1,1
16,20,221,43,528,121,420,659,650,19,676,2315,35,16,20,514,10,52,1084,329,9,333,2690,8 1,1,1,1,1,1,1,1,1,1,1,1,1,1,1,1,1,1,1,1,1,1,1,1
15,1899,1638,241,20,582,5,20,193,17,1899,5,17,15,1935,545 1,1,1,1,1,1,1,1,1,1,1,1,1,1,1,1
9,6,21844,20,185,8 1,1,1,1,1,1
23,671,267,481,7,103,898,143,72,5,16,20,781,10,6,1109,17,268,172 1,1,1,1,1,1,1,1,1,1,1,1,1,1,1,1,1,1,1
19,77,3,16,20,12,480,5,20,529,770 1,1,1,1,1,1,1,1,1,1,1
130,20,455,3,155,1304,5,16,38,11,194,114,93 1,1,1,1,1,1,1,1,1,1,1,1,1
252,5,1534,143,791 52,1,1,1,1
6,2287,481,7,103,898,1295,188,72,5,6,79,20,503,17,15,429,154 1,1,1,1,1,1,1,1,1,1,1,1,1,1,1,1,1,1
313,3,6,28,242,2233,128,48,453,40,495,5,1241,528,537,92,20,1586,10,49,201,10,445,3022 1,1,1,1,1,1,1,1,1,1,1,1,1,1,1,1,1,1,1,1,1,1,1,1
40,14,104,17,40,495 1,1,1,1,1,1
395,55,40,79,14,2561,10,1916 1,1,1,1,1,1,1,1
3083,852,4316,229,21845,281,297,281 1,1,1,1,1,1,1,1
