67,54,4,21905,281,297,168,55,28,4,2512,21906,542,4,11116,54,4,11121,85,4,21907,451,4,64,14091,9386,262,331,4,64,3600,14092,12956,732,4,730,234,4,78,47,2164,29,50,1295,10,6,124,3143,50,46,854,78,47,2139,29,282,4,40,14,15,14093,13,212,110,11122,619,12,2255,121,61,1696,688,66,7419,2259,198,139,15,48,3859,111,854 1,1,1,1,1,1,1,1,1,1,1,1,1,1,1,1,1,1,1,1,1,1,1,1,1,1,1,1,1,1,1,1,1,1,1,1,1,1,1,1,1,1,1,1,1,1,1,1,1,1,1,1,1,1,1,1,1,1,1,1,1,1,10,3,3,3,3,3,1,1,1,1,1,1,1,1,1,1,1,1,1,1
6,28,671,61,10,7419,19,7420,13,640,7,323,3,590,3,377,1059,5,100,489,34,17,15,493,113 1,1,1,1,1,1,1,1,1,1,1,1,1,1,1,1,1,1,1,1,1,1,1,1,1
16,90,437,3,48,34,26,94,3,1166,263,3,1371,994,26,5123,1653 1,1,1,1,1,1,1,1,1,1,1,1,1,1,1,1,1
16,20,55,10,46,15,249,7,11123,27,7419,51,90,174,2761,249 1,1,1,1,1,1,1,1,1,1,1,1,1,1,1,1
23,491,38,95,68,124,13,854,51,16,21,11,174,1673,732 1,1,1,1,1,1,1,1,1,1,1,1,1,1,1
27,7419,149,143,2543,3,15,48,3859,20,359,5,16,20,138,2707,5,1126,5,781,163 1,1,1,1,1,1,1,1,1,1,1,1,1,1,1,1,1,1,1,1,1
16,369,17,96,115,6,441,65,190,11,476 1,1,1,1,1,1,1,1,1,1,1
23,149,81,15,3554,5,199,861,1373,5,23,48,3859,111,15,5865,854 1,1,1,1,1,1,1,1,1,1,1,1,1,1,1,1,1
16,20,781,10,6,4138,17,268,172 1,1,1,1,1,1,1,1,1
19,61,10,6,230,27,8808,19,11124,3,23,701,143,2833,3,1733,3,9323,3,967,42,19,8245 1,1,1,1,1,1,1,1,1,1,1,1,1,1,1,1,1,1,1,1,1,1,1
16,1344,8246,7,1909,3,2404,6525,25,123,58,3,3110,8247,247,123,58,228,3,23,163,228,7,2166,3,4657,5,423,5,781,10,6,1109 1,1,1,1,1,1,1,1,1,1,1,1,1,1,1,1,1,1,1,1,1,1,1,1,1,1,1,1,1,1,1,1,1
748,953,10,6,1109,16,20,12,11,342 1,1,1,1,1,1,1,1,1,1
12,475,10,6,270,3,16,90,95,375,3,446,26,190,7,837,26,616 1,1,1,1,1,1,1,1,1,1,1,1,1,1,1,1,1,1
16,21,38,602,1059,95 1,1,1,1,1,1
16,90,1373,26,1297,10,23,489,75,16,1645,38,68,2800,201,312,5,312,17,6,80,117,113 1,1,1,1,1,1,1,1,1,1,1,1,1,1,1,1,1,1,1,1,1,1,1
81,7,182,4,35,135,282 1,1,1,1,1,1,1
174,182,81,143,72,12,402 1,1,1,1,1,1,1
80,3437,30,161,315,2704,4,1220,697,935,422,10,6802 1,1,1,1,1,1,1,1,1,1,1,1,1
11117,53,3505,6802,287,330,354,76,2070,2143,110,918,12,14094,29,212,110,210,884,619,4,6118,545,405,124,12,14094,494,9,1054,1874,8,4,11125,269,3,71,4,317,8248,353,179,8249,3,211,4,135,609,4762,14095,78,47,383,29,896,851,130,893,95,1356,264,3925,445,9,14096,8,1356,21908,1351,4,176,70,130,593,33,44,2050,94 1,1,1,1,15,1,1,1,1,1,1,1,1,1,1,10,1,1,1,3,1,1,1,1,1,1,1,1,1,1,1,1,1,1,1,1,4,4,4,4,4,4,1,1,1,1,1,1,1,1,1,1,1,1,1,1,1,1,1,1,1,1,1,1,1,1,1,1,1,1,1,1,1,1,1,1,1,1
1607,4,11126,36,3,1501,21909,3,1238,21910,3,5494,320,3,2318,21911,178,1501,862,20,582,157,15,21912,2598,868,70,281,1161,813,2943 1,1,1,1,1,1,1,1,1,1,1,1,1,1,1,1,1,1,1,1,1,1,1,1,1,1,1,1,1,1,1
195,15,486,7,210,862,564,3,2799,12,21913,5,781,10,1704 1,1,1,1,1,1,1,1,1,1,1,1,1,1,1
976,11126,178,3182,429,11127,4095,6,904,14,72,17,325 1,1,1,1,1,1,1,1,1,1,1,1,1
6,2047,7,11128,563,1076,84,17,2468,212,14,406 1,1,1,1,1,1,1,1,1,10,1,1
1038,12877,400,14,44 1,1,1,1,1
6,1070,21914,111,15,742,548,7,131,325,858,6,2696,5,811,766,1165,4,11129 1,1,1,1,1,1,1,1,1,1,1,1,1,1,1,1,1,1,1
559,335,42,3,13304,509,5,811,766,759,448 1,1,1,1,1,1,1,1,1,1,1
39,19,168,9,1085,7,1240,8,252,9,947,478,8,901,105,4817,9,4513,8,141,22,105,950,9,2131,456,8,672,568,25,305,2166,9,5488,8,672,568,25,305,4657,9,1283,8,108,22,25,276,1829,9,4249,8,2042,22,25,32,21915,965,7421,42,58,1318,2530,69,2950,14097,45,25,32,9,3665,1746,3097,8,906,36,568,25,32,47,180,729,9,1212,8,755,22,8,25,32,3408,9,3508,8,558,22,25,276,123,180,65,3,27,1350,1848,1160,22,9,754,2336,9,1160,22,8,8,36,298,1104,123,117,167,1052,378,45,25,276,3743,1105,4,790,206,30,4,245,27,163,13,551 1,1,1,1,1,1,1,1,11,1,1,1,1,1,1,1,1,1,1,1,1,1,1,1,1,1,1,1,1,1,1,1,1,1,1,1,1,1,1,1,1,1,1,1,1,1,1,1,1,1,1,1,1,1,1,1,1,1,1,1,1,1,1,1,1,1,1,1,1,1,1,1,1,1,1,1,1,1,1,1,20,1,1,1,1,1,1,1,1,1,1,1,1,1,1,1,1,1,1,1,1,1,1,25,1,1,1,25,1,1,1,1,1,1,1,1,1,1,1,1,12,1,1,1,1,1,1,1,1,1,1,1,1,1,1,1,1
919,66,21916,21917 1,1,1,1
80,699,30,51,334,180,991,183 5,5,5,5,5,5,5,5
90,485 1,1
1673,732,35,768,270 1,1,1,1,1
11,2029,27,163 1,1,1,1
102,101,316,4,4835,3,1137,3,21918,3,581,3,967,42,8245,207,78,47,383,29,480,3,1417,12,859,196,78,47,383,29,97,277,227,78,47,383,29,1806,3,665,3,11,818,243,3,910,917,577,638,78,47,383,29,11,574,875,26,2109,638,350,78,47,383,29,438,4793,70,649,3,11,21919,3,11,7952,7953,103,78,47,383,29,455,2744,11,3320,214,78,47,383,29,152,3,952,3,1465,1289,3,11,1061,3,60,1064,1017,1039,114,78,47,383,29,11,93 1,1,1,1,1,1,1,1,6,1,1,1,1,1,1,1,1,1,1,1,1,1,1,1,1,1,1,1,1,1,1,1,1,1,1,1,1,1,1,1,1,1,1,1,1,1,1,1,1,1,1,1,1,1,1,1,1,1,1,1,1,1,1,1,1,1,1,1,1,1,1,1,1,1,1,1,1,1,1,1,1,1,1,1,1,1,1,1,1,1,1,1,1,1,1,1,1,1,1,1,1,1,1,1,1,1,1,1,1,1
21920,100,3,11,743 1,1,1,1,1
11,489,246,10,1046,100 1,1,1,1,1,1
296,1693,273,78,47,383,29,925,2960,204,5,675 1,1,1,1,1,1,1,1,1,1,1,1
628,1006,473,5,194,114,100 1,1,1,1,1,1,1
511,675,100 1,1,1
457,154,414,4138,4138,4138,11121,6280,8250,14098,7422,6204,705,1618,2152,2375,592,2221,2105,2750,869,2337,9,83,8,2030,2421,769,8251,5646,9,59,8,6681,9,59,8,392,279,1907,9,83,8,1413,9,83,8,888,14099,7806,9,83,8,21921,9,83,8,1680,2846,9,292,8,1907,9,292,8,2021,9,292,8,870,4402,9,83,8,7187,9,83,8,4881,9,83,8,1568,320,996,856,154,414,4138,4138,4138,11121,6280,8250,14098,7422,6204,399,3920,9,59,8,3328,3047,1077,829,1160,1506,3729,9,83,8,3729,9,83,8,1388,2078,2078,1938,3028,9,83,8,3028,9,83,8,154,414,4138,4138,6280,8250,7422,6204,1565,1214,856,1527,1173,581,1566,547,1322,1077,829,1160,154,414,4138,4138,4138,6280,6280,8250,14100,7422,6204,4375,21922,9,2049,8,897,1232,2277,9,59,8,1336,72,2340,72,3169,78,986,29,2149,78,986,29,2149,9,292,8,154,414,4138,4138,6280,8250,7422,6204,349,11130,9,83,8,11131,9,83,8,734,11132,9,59,8,11133,9,59,8,560,5026,9,59,8,9071,9,59,8,333,6614,9,59,8,5125,9,59,8,653,1035,967,786,5495,6085,823,5125,4414,536,5782,4385,9,59,8,795,4386,4247,1125,1277,1277,42,1209,1600,9,83,8,1322,9,83,8,42,577,320,9,59,8,929,9,59,8,42,847,108,320,42,830,519,519,42,864,519,519,2649,21923,9,83,8,21924,9,83,8,2650,11134,7956,2701,14101,6623,2702,2149,9,59,8,2149,9,59,8,2703,2873,3809,1661,200,200,1577,200,200,2599,433,9,83,8,200,1971,200,200,154,414,4138,4138,6280,6280,21925,8252,2585,1706,1706,3606,91,4397,2452,72,72,2736,72,72,2635,72,72,5866,4091,9,292,8,14102,2372,433,433,1838,3025,2482,2858,433,433,3185,72,433,2453,72,72,1886,72,269,3354,2936,4488,3186,3014,2936,3355,493,493,21926,1119,3676,493,493,3786,3014,2936,7945,2936,2936,8253,61,7423,61,61,7860,122,402,1340,264,48,3859,4,7814,1991,12,6,70,194,1443,7113,13,199,854 1,1,1,1,1,1,1,1,1,1,1,1,1,1,1,1,1,1,1,1,1,1,1,1,1,1,1,1,1,1,1,1,1,1,1,1,1,1,1,1,1,1,1,1,1,1,1,1,1,1,1,1,1,1,1,1,1,1,1,1,1,1,1,1,1,1,1,1,1,1,1,1,1,1,1,1,1,1,1,1,1,1,1,1,1,1,1,1,1,1,1,1,1,1,1,1,1,1,1,1,1,1,1,1,1,1,1,1,1,1,1,1,1,1,1,1,1,1,1,1,1,1,1,1,1,1,1,1,1,1,1,1,1,1,1,1,1,1,1,1,1,1,1,1,1,1,1,1,1,1,1,1,1,1,1,1,1,1,1,1,1,1,1,1,1,1,1,1,1,1,1,1,1,1,1,1,1,1,1,1,1,1,1,1,1,1,1,1,1,1,1,1,1,1,1,1,1,1,1,1,1,1,1,1,1,1,1,1,1,1,1,1,1,1,1,1,1,1,1,1,1,1,1,1,1,1,1,1,1,1,1,1,1,1,1,1,1,1,1,1,1,1,1,1,1,1,1,1,1,1,1,1,1,1,1,1,1,1,1,1,1,1,1,1,1,1,1,1,1,1,1,1,1,1,1,1,1,1,1,1,1,1,1,1,1,1,1,1,1,1,1,1,1,1,1,1,1,1,1,1,1,1,1,1,1,1,1,1,1,1,1,1,1,1,1,1,1,1,1,1,1,1,1,1,1,1,1,1,1,1,1,1,1,1,1,1,1,1,1,1,1,1,1,1,1,1,1,1,1,1,1,1,1,1,1,1,1,1,1,1,1,1,1,1,1,1,1,1,1,1,1,1,1,1,1,1,1,1,1,1,1,1,1,1,1,1,1,1,1,1,1,1,1,1,1,1,1,1,1,1,1,1,1,1,1,1,1,1,1,1,1,1,1,1,1,1,1
381,70,997,792 1,1,1,1
489,3859,4,11,202,7,199,2507,822,3,5190,26,1083,6738 1,1,1,1,1,1,1,1,1,1,1,1,1,1
177,4,924,1458,5408,416,309 1,1,1,1,1,1,1
44,694 1,1
53,585,985 1,1,1
5999,2127,9,221,12,2729,8,11,563,1076,84 1,1,1,1,1,1,1,1,1,1,1
367,662,804,12,1016,5,1415 1,1,1,1,1,1,1
904,19,7420,111,14103,645,130,893 1,1,1,1,1,1,1,1
192,5,104,4,14093,13,212,110,619,61,13,3101,3,590,5,489,34,123,117,113,3,514,10,46,5865,854,19,48,3859 1,1,1,1,1,1,10,1,3,1,1,1,1,1,1,1,1,1,1,1,1,1,1,1,1,1,1,1,1
16,21,68,211,159,468,10,6,1109 1,1,1,1,1,1,1,1,1
483,47,36,4,2844,4,166,2591,158,21927,3,2323,411,1152,35,2155,1512,3,14104,26,7424 1,1,1,1,1,1,1,1,1,1,1,1,1,1,1,1,1,1,1,1,1
2462,646,57,98,284 1,1,1,1,1
35,14,21928,13,62,2591,166,4230,3366,134,16,21,1512 1,1,1,1,1,1,1,1,1,1,1,1,1
33,2404,4483,2077,123,539,486,228,33,41,144,63,587,3,1181,587,3,7424,798,5117,33,41,826,319,17,1512,5,1107,19,21929,4867,33,1550,718,880,17,78,840,29,1183,42,483,47,58,4,21930,4,166,4370,7425,35,21,265,13,1687,138,12,230 1,1,1,1,1,1,1,1,1,1,1,1,1,1,1,1,1,1,1,1,1,1,1,1,1,1,1,1,1,1,1,1,1,1,1,1,1,1,1,1,1,1,1,1,1,1,1,1,1,1,1,1,1,1,1,1,1,1
33,1287,247,1959,13,44,3468,33,41,2695,1168,134,347,557,185 1,1,1,1,1,1,1,1,1,1,1,1,1,1,1
483,47,117,4,212,4,11,234,7,181,116,3,904,111,374,14103,645 1,1,1,1,10,1,1,1,1,1,1,1,1,1,1,1,1
41,2536,39,5456 1,1,1,1
2130,185,51,11,174,116,7,1053,1930 1,1,1,1,1,1,1,1,1
33,1287,1163,3,203,33,3646,17,2142,78,986,29,2019,12,40,71,13,212 1,1,1,1,11,1,1,1,1,1,1,1,1,1,1,4,1,10
1287,729 1,20
33,41,1457,1807,3611,305,5,1550,10,839,138,71,13,2466,33,135,302,451,55,3,28,14,31,15,2339,17,5639 1,1,49,49,1,1,1,1,1,1,1,4,1,1,1,1,1,1,1,1,1,1,1,1,1,1,1
41,439,40,483,13,451 1,1,1,1,1,1
33,41,827,272,2130,5,659,233,1687 1,1,1,1,1,1,1,1,1
33,450,19,4797,483,47,210,4,71,4,39,355,27,163 1,1,1,1,1,1,1,1,4,1,1,1,1,1
21931,6180,13,1825 1,1,1,1
71,353 4,1
483,47,108,4,697,935,4,1287,2166 1,1,1,1,1,1,1,1,1
41,144,444 1,1,1
1927,4,71,353 1,1,4,1
1155,361,4,200,971,4,21932,326,4,950,726,4,296,21933,21934,3,229,39,385,710,47,21935 1,1,1,1,1,1,1,1,1,1,1,1,1,1,1,1,1,1,1,1,1,1
