67,54,4,22050,22051,3,22052,3,2420,6,28,20,221,43,271,19,22053,13,64,10437 1,1,1,1,1,1,1,1,1,1,1,1,1,1,1,1,1,1,1,1
385,82,30,20,81 1,1,1,1,1
6,28,20,1187,5,101,43,271 1,1,1,1,1,1,1,1
30,7,61,328,4,6,28,14,15,5471,498,95,801,13,2759,3,343,13,3978,5,2689 1,1,1,1,1,1,1,1,1,1,1,1,1,1,1,1,1,1,1,1,1
16,21,38,291,34,17,6,80,210,65,3,5,20,261,66,6,124 1,1,1,1,1,1,1,1,1,1,1,1,1,1,1,1,1
16,640,7,53,2435,34 1,1,1,1,1,1
16,21,11,291,34 1,1,1,1,1
34,14,4941,12,1692 1,1,1,1,1
122,385,82,55,17,402 1,1,1,1,1,1
80,39,30,4,2181,3,71,3,1730,556,3,5,181,120,76 1,1,1,1,1,1,4,1,1,1,1,1,10,10,10
137,39,4,2900,5,2689 1,1,1,1,1,1
122,385,82,55,17,402 1,1,1,1,1,1
127,4,11,374,357,127 1,1,1,1,1,1
206,30,4,16,90,357,26,541 1,1,1,1,1,1,1,1
16,90,1711,238 14,14,14,14
81,7,182,4,11,48,34,3,11,226,7,184,3,5,11,249 1,1,1,1,1,1,1,1,1,1,1,1,1,1,1,1
102,101,4,807,1035,3,63,94,22054,3,133,1942,3,1481,581,3,5,718,1045,853,42,19,702,737 1,1,1,1,1,1,6,6,6,1,1,1,1,1,1,1,1,1,1,1,1,1,1,1
227,4,1172,5,1121 1,1,1,1,1
1055,57,877,3,1554,3,5,1115,10,691 1,1,1,1,1,1,1,1,1,1
1955,762,57,204 1,1,1,1
136,14,332 1,1,1
11,4025,205 1,1,1
644,4,145,156,5,239 1,1,1,1,1,1
155,4,91 1,1,1
214,4,269,326,327,3,152,3,5,396,10,1046 1,1,1,1,1,1,1,1,1,1,1,1
188,4,11,5781 1,1,1,1
114,4,11,750,3,743,3,26,93 1,1,1,1,1,1,1,1,1
273,4,410,5,642,1200 1,1,1,1,1,1
1411,1093,57,204 1,1,1,1
670,5,1009,57,204 1,1,1,1,1
457,532,4,22055,1828,785,3047,3,824,2690,3,5,1281,22056,347,2044,5,345,8263,1425,14,401 1,1,1,1,1,1,1,1,1,1,1,1,1,1,1,1,1,1,1,1,1,1
291,241,570,172,66,22057,275,15,320,123,615,643,1419,12,6,53,5864,3,3712,3,5,4219,5809 1,1,1,1,1,1,1,1,1,1,1,1,1,1,1,1,1,1,1,1,1,1,1
318,499,438,4,6,28,12,6,318,250,31,81,43,262,331,250,34,13,211,316,205 1,1,1,1,1,1,1,1,1,1,1,1,1,1,1,1,1,1,1,1,1
16,20,221,43,1795 1,1,1,1,1
16,41,52,162,10,6,1795,594,17,268,355 1,1,1,1,1,1,1,1,1,1,1
505,4,153,4941,861,1419 1,1,1,1,1,1
497,10369,3,2420,107 1,1,1,1,1
487,4,22058,292,4,22059,533,43,4,10369,3,2420,746,22060,1608 1,1,1,1,1,1,1,1,1,1,1,1,1,1,1
