67,54,4,22037,1306,625,3,2560,22038,7433,3,107 1,1,1,1,1,1,1,1,1,1,1,1
6809,22039,14149,3933,1826,3,2106,22040,684,4,4212,4320,509,47,11159,882,7417,4,4212,4320,14,15,1428,87,302,498,121,369,10,6,668,89,17,513,139,46,2980,62,1813,2029,570,19,1306,6065,3,9274,23,356,112,13,271,957,19,1655,1352,3,2560,3,834,23,199,234,20,226,7,184,13,88,308 1,1,1,1,1,1,1,1,1,1,1,1,1,1,1,1,1,1,1,1,1,1,1,1,1,1,1,1,1,1,1,1,1,1,1,1,1,1,1,1,1,1,1,1,1,1,1,1,1,1,1,1,1,1,1,1,1,1,1,1,1,1,1,1,1,1,1,1,1
16,90,48,34,3,51,242,162,10,15,484,1236,408,190,467,23,53,303,19,3266 1,1,1,1,1,1,1,1,1,1,1,1,1,1,1,1,1,1,1,1
40,20,31,424,13,308 1,1,1,1,1,1
16,162,10,52,15,244,3639,1150 1,1,1,1,1,1,1,1
6,295,7,23,1813,1021,143,448,3,13,448,778,1070,3,2490,1038,400,3,5,241,181,1531 1,1,1,1,1,1,1,1,1,1,1,1,1,1,1,1,1,1,1,1,1,1
74,143,11,173,461,19,6,224,172 1,1,1,1,1,1,1,1,1
6,922,20,11162,3,5,74,143,11,177,84,405,3905 1,1,1,1,1,1,1,1,1,1,1,1,1
6,295,275,15,381,3252,1523,12,6,637,309,181,120,97,13363,406,260 1,1,1,1,1,1,1,1,1,1,1,1,1,1,1,1,1
74,20,15,312,5849,3252,1523,678,12,6,443,614,75,20,9354,3,5,74,20,15,504,1432,7,22041,325,19,689 2,2,2,2,2,2,2,2,2,2,2,2,2,2,2,2,2,2,2,2,2,2,2,2,2,2,2
74,20,170,53,692,589,1029,13,62,891,1138,7,1907,42 1,1,1,1,1,1,1,1,1,1,1,1,1,1
6,2172,12,6,443,1076,7,6,614,20,1470,306,586,42 1,1,1,1,1,1,1,1,2,2,2,2,2,2
15,520,1597,582,96,23,668,112,19,1655,1352,3,2560,275,15,486,393,7,5661,219,3,62,926,7,2470,219,3,62,580,7,1772,219,3,5,15,1380,444,7,11163,219 1,1,1,1,1,1,1,1,1,1,1,1,1,1,1,1,1,1,1,1,1,1,1,1,1,1,1,1,1,1,1,1,1,1,1,1,1,1,1,1
16,21,31,68,19,88,8076,39 1,1,1,1,1,1,1,1
16,38,2980,356,103,593,12,1361,4125,3,75,722,13765,181,120,76,3,13,62,891,1138,7,1912,42 1,1,1,1,1,1,1,1,1,1,1,1,1,1,1,1,1,1,1,1,1,1,1,1
159,23,99,668,112,3,16,86,10,52,173,226,7,184,13,88,308 1,1,1,1,1,1,1,1,1,1,1,1,1,1,1,1,1
16,90,88,48,34,26,53,303,453 1,1,1,1,1,1,1,1,1
23,137,39,158,4940,125,22,1811,85,105,3,2604,141,22,27,552,7,391,3,930,7208,22,544,85,105,3,289,125,22,909,174,65,3,218,335,22,711,105,3,4212,4320,509,47,11159,1167,58,1306,625,3,2560,203,462,22,13,1690,35,160 1,1,1,1,1,1,1,1,1,1,1,1,1,1,1,1,1,1,1,1,1,1,1,1,1,1,1,1,1,1,1,1,1,13,1,1,1,1,1,1,1,1,1,1,1,1,1,1,1,1,11,1,1,1,1,1,1
16,712,49,571,711,909,174,65 1,1,1,1,1,1,1,1
16,14,132,19,125,189,7,62,165,3086,37,16,368,31,1946 1,1,1,1,1,1,1,1,8,1,1,1,1,1,1
16,49,40,27,1350 1,1,1,1,1
81,7,182,275,37,16,21,209,330,604,12,23,764 1,1,1,1,1,1,1,1,1,1,1,1,1
40,646,201,10,190,22042,3,5,92,14,1936,17,201,10,321,13,15,2343 1,1,1,1,1,1,1,1,1,1,1,1,1,1,1,1,1,1
16,20,801,13,71,12,3318,5,106,12,5287,16,98,21,209,266,188,34,290,10,1920,618,76,3,35,60,35,1365,1657,76 1,1,1,1,4,4,4,1,7,1,1,1,1,1,1,1,1,1,1,1,1,1,1,1,1,1,1,1,1,1
16,98,21,1920,618,76,12,23,384 1,1,1,1,1,1,1,1,1
16,370,1808,513,17,23,505,7,363 1,1,1,1,1,1,1,1,1
16,526,15,1730,556,540,27,8261,39,2565,124,12,6158,19,1135,125,3,2868,3,16,526,15,53,22043,473,2882,17,15,5439,2147,763,1530 1,1,1,1,1,1,1,1,1,1,1,1,1,1,1,1,1,1,1,1,1,1,1,1,1,1,1,1,1,1,1,1
19,102,101,3,16,197,2310,3,6142,1821,3,13,15,44,1246 1,1,1,1,1,1,1,1,1,1,1,1,1,1,1
23,140,14,4666,842,3,6,130,156,14,1437,1611,135,435,3,6,386,156,14,680,135,435,3,5,6,63,94,14,22044,4277 1,1,1,1,1,1,1,1,1,1,1,1,1,1,1,1,1,1,1,1,1,1,1,1,1,6,6,6,6,6
101,7,6,413,3,412,3,1040,3,1653,3,5,994,275,473,3253,12,469 1,1,1,1,1,1,1,1,1,1,1,1,1,1,1,1,1,1
74,14,11,1161,813,1453,3,5,6,155,57,91 1,1,1,1,1,1,1,1,1,1,1,1
74,14,118,3282,3178,13,100,7107 1,1,1,1,1,1,1,1
19,103,101,3,6,130,327,57,1736,3,5,74,14,15,145,239,3,15,44,304,3,15,1513,310,3,5,11,213,3,502,3,26,561 1,1,1,1,1,1,1,1,1,1,1,1,1,1,1,1,1,1,1,1,1,1,1,1,1,1,1,1,1,1,1,1,1
6,194,114,101,275,15,58,632,246,2183,548,19,6,443,70,1346 1,1,1,1,1,1,1,1,1,1,1,1,1,1,1,1
74,14,11,93,55 1,1,1,1,1
50,235,13,4212,4320,5,23,551,3,9408,3,808,420,17,15,103,593,96,43,251,849,3,35,934 1,1,1,1,1,1,1,1,1,1,1,1,1,1,1,1,1,1,1,1,1,1,1,1
16,21,740,10,40,3,5,64,22045,14150,41,582,6,540 1,1,1,1,1,1,1,1,1,1,1,1,1,1
23,668,41,454,293,4320,10,503,6,593 1,1,1,1,1,1,1,1,1,1
139,2718,6,668,89,3,16,41,46,15,836,3,15,79,3,15,1067,3,5,15,2387,1817,1597,582 1,1,1,1,1,1,1,1,1,1,1,1,1,1,1,1,1,1,1,1,1,1,1,1
16,41,369,10,122,271,12,6,668,465,12,175,129 1,1,1,1,1,1,1,1,1,1,1,1,1
1586,1150,641 1,1,1
1015,3,2869,8262,14151,3,107 1,1,1,1,1,1,1
22046,22047,1028,11164,3,2178,3,22048,22049,17,2869,8262,14151,3,107 1,1,1,1,1,1,1,1,1,1,1,1,1,1,1
