67,54,4,22099,414,4,4027,8269,542,4,14175,730,234,4,903,7,71 1,1,1,1,1,1,1,1,1,1,1,1,1,1,1,1,4
2761,4,4027,258,37,27,163,24,63,366,43,1921,2230,1031,963,9088,18,190,60 1,1,1,1,1,1,1,1,1,1,1,1,1,1,1,1,1,1,1
18,14,31,46,88,48,34,26,418 1,1,1,1,1,1,1,1,1
18,14,96,43,528,27,9415,3,64,11177,8234 1,1,1,1,1,1,1,1,1,1,1
24,137,39,158,274,279,22,337 1,1,1,1,55,1,1,1
946 1
5,1088,125,22,337 1,13,1,1,1
946 1
1291,13,4517 1,1,1
18,190,37,6,274,14,646,128,518,915 1,1,1,1,55,1,1,1,1,1
3048,4,197,2310 1,1,1,1
63,94,14176 1,1,1
11,199,342 1,1,1
44,576 1,1
155,91 1,1
569,130,327 1,1,1
11,330,93 1,1,1
192,4,176,71,13,3827,179 1,1,1,4,1,1,1
178,106,13,232,179 1,7,1,1,1
195,284,518,915,19,274 1,1,1,1,1,55
104,4,176,1285,274 1,1,1,55,55
178,1783,613,279,22,912,964,36,337 1,1,1,1,1,1,1,1,1
946 1
195,144,345,5,8198,5,1237,39,35,160 1,1,1,1,1,1,1,1,1,1
2057,2896,11175,3,1689,3,8268 1,1,1,1,1,1,1
22100,11176,4,22101,806,4,22102,825,4,22103 1,1,1,1,1,1,1,1,1,1
