67,54,4,22104,528,11178,11179,224,404,17,112,4,629,8269,1295,949,6,318,702,744,693,18,20,190,1248,517,18,9267,37,18,1081,10,122,271,89,744,693,92,14,31,62,668,65 1,1,1,1,1,1,1,1,1,1,1,1,1,1,1,1,1,1,1,1,1,1,1,1,1,1,1,1,1,1,1,1,1,1,1,1,1,1,1,1,1,1,1
18,20,1564,10,468,10,6,668,5,50,20,449,10,122,24,12,1226,593,1401,694,30,4,629,8269,20,95,172,27,9416,224,17,24,437 1,1,1,1,1,1,1,1,1,1,1,1,1,1,1,1,1,1,1,1,1,1,1,1,1,1,1,1,1,1,1,1,1
18,20,479,37,24,437,20,422,10,24,155,5,50,1526,2847,510,10,9416,17,268,172 1,1,1,1,1,1,1,1,1,1,1,1,1,1,1,1,1,1,1,1,1
18,20,514,43,103,713,74,10,46,173,377,12,24,891,1138,10,558,42 1,1,1,1,1,1,1,1,1,1,1,1,1,1,1,1,1,1
356,425,99,667,24,891,1138,1370,2470,42 1,1,1,1,1,1,1,1,1,1
18,38,2490,2537 1,1,1,1
18,20,124,27,9416,5,38,62,448,481,7,350,400,154,111,504,1682,76 1,1,1,1,1,1,1,1,1,1,1,1,1,1,1,1,1,1
18,38,128,737,6290,5,20,55,10,46,702,737,1045,967,42,27,427,3,1914,42,13,380 1,1,1,1,1,1,1,1,1,1,1,1,1,1,1,1,1,1,1,1,1,1
194,114,1321,72,17,971 1,1,1,1,1,1
487,14177,1582,22105 1,1,1,1
2130,185,27,8878,8270,570,111,284,1070,1472,12,6,53,194,1443 1,1,1,1,1,1,1,1,1,1,1,1,1,1,1
356,751,12,6,318,702,38,68,72,17,350,3908 1,1,1,1,1,1,1,1,1,1,1,1
517,7,86,4268,223,545,18,526,350,22106,75,20,569 1,1,1,1,1,1,1,1,1,1,1,1,1
15,390,8270,570,139,15,44,1444,1620,111,128,828,12,6,53,194,1443,1472,5,2863,92,20,537,37,18,242,31,46,202,7,88,8271,350,354,76 1,1,1,1,1,1,1,1,1,1,1,1,1,1,1,1,1,1,1,1,1,1,1,1,1,1,1,1,1,1,1,1,1,1,1
7,55,350,120,94,20,620,215,27,6,85,7,1444,1620 1,1,1,1,1,1,1,1,1,1,1,1,1,1
6,28,20,22107,19,289,378 1,1,1,1,1,1,1
24,274,20,84,10,784 1,9,9,9,9,9
1974,18,109,31,1606,13,24,15,492,1003,7,24,39,89,600,18,422,37,18,14,49,4,289,378,784,707,686,252,901,1088,378,960,141,189,1230,4517,22108,906,18,422,37,24,437,14,476,18,14,114,3367,10,1410,103,593,27,40,85,1151,420,19,808,1678 1,1,1,1,1,1,1,1,1,1,1,1,1,1,1,1,1,1,1,1,1,1,1,1,9,9,9,11,11,13,13,8,8,8,8,21,21,1,1,1,1,1,1,1,1,1,1,1,1,1,1,1,1,1,1,1,1,1,1,1,1
18,237,681,2562,103,713,5,134,74,14,265,3,86,39,340 1,1,1,1,1,1,1,1,1,1,1,1,1,1,1
80,39,30,4,176,71,178,106,195,287,253,1673,338,771,606,3902,2134,346,22109,460,673,212,43,445,2975,150,30,4,11,173,103,76,206,30,4,18,5,24,1037,57,191,60 1,1,1,1,1,4,1,7,1,15,1,1,1,1,1,1,1,1,1,1,10,10,1,1,1,1,1,1,1,1,1,1,1,1,1,1,1,1,1,1,1,1
18,21,919 1,1,1
491,14,4140,13,6185,5,14178,5867,12,6,22110,548 1,1,1,1,1,1,1,1,1,1,1,1
81,7,182,4,22111,14,265,13,641,10,380,572,35,55 1,1,1,1,1,1,1,1,1,1,1,1,1,1
90,93,3,760,3,739 1,1,1,1,1,1
464,21,437,13,321,917,3334,51,31,597,1014,893 1,1,1,1,1,1,1,1,1,1,1,1
102,101,4,1546,4,3245,1665,197,4,11,199,342 1,1,1,1,1,1,1,1,1,1,1,1
2251,4,11,277,3,797 1,1,1,1,1,1
1877,4,569,1674,4,4595,833,11,216,222,1613,4,91,10,463,5,1051 1,1,1,1,1,1,1,1,1,1,1,1,1,1,1,1,1
1502,4,304,310 1,1,1,1
11,173,213 1,1,1
1630,44 1,1
1614,4,280,3,152,3,11,14179,1595,4,232,133,3,11,93,2540,4,2657,1612,4,1600,177,4,585,2990,692,2856,13,1303,671,851,1136,893 1,1,71,1,1,1,1,1,1,1,1,1,1,1,1,1,1,1,1,1,1,1,1,1,1,1,1,1,1,1,1,1,1
339,4,629,8269,14,244,3367,641,1531,1151,15,894,12,24,891,1138 1,1,1,1,1,1,1,1,1,1,1,1,1,1,1,1
24,172,27,9416,224,17,8271,350,76,20,569 1,1,1,1,1,1,1,1,1,1,1
18,20,514,10,46,15,1194,269,3218,27,22112,13,15,8272,1780,5,1513,5809,7441,9417 1,1,1,1,1,1,1,1,1,1,1,1,1,1,1,1,1,1,1,1
268,1989,2314,57,31,1382,10,271,27,40,85 1,1,1,1,1,1,1,1,1,1,1
27,40,802,3,390,103,713,27,1025,3724,41,52,564 1,1,1,1,1,1,1,1,1,1,1,1,1
1048,748,6,295,50,41,465,2943,6,28,641,482,103,593,600,12,22113,24,1780,12,1038,1029,14,312,508,7,553,22114,1937,306,181,76 1,1,1,1,1,1,1,1,1,1,1,1,1,1,1,1,1,1,1,1,1,1,1,1,1,1,1,1,1,1,1,1
12,475,3,6,28,422,37,18,488,236,290,10,2099,5,37,18,14,49,15,22115,393,45,27,40,85,600,711,465,18,775,10,414,6,39 1,1,1,1,1,1,1,1,42,42,1,1,1,1,1,1,1,1,1,1,1,1,1,1,1,1,1,1,1,1,1,1,1,1
18,422,37,18,41,454,1025,668 1,1,1,1,1,1,1,1
205,867,43,11177,2189,8234,229,19,7236,1651,3,1985 1,1,1,1,1,1,1,1,1,1,1,1
