67,54,4,22143,293,7446,14,425,17,513,7,23,687,2345,3,313,290,10,503,535,16,14,344,46,23,687,5614,5,570,137 1,1,1,1,1,1,1,1,1,1,1,1,1,1,1,1,1,1,1,1,1,1,1,1,1,1,1,1,1,1
16,1343,6,8278,5,16,38,23,671,570,132,5,6,154,22144,52,359,597,1560 1,1,1,1,1,1,1,1,1,1,1,1,1,1,1,1,1,1,1
687,400,154,143,492,44 1,1,1,1,1,1
23,48,738,14,492,44,708,17,9025,2549,50,1526,75,14,290,10,23,22145 1,1,1,1,1,1,1,1,1,1,1,1,1,1,1,1,1,1
50,2355,10,201,37,134,6,635,143,1585,119,41,160,15,1248,3267,1834 1,1,1,1,1,1,1,1,1,1,1,1,1,1,1,1,1
50,98,1645,10,201,37,16,1049,160,10,122,15,687,4109 1,1,1,1,1,1,1,1,1,1,1,1,1,1
693,416,2069,16,14,11188,10,40 1,1,1,1,1,1,1,1
16,242,31,1606,13,201,6,1704,603,146,7,23,577,638,862,51,16,20,933,92,20,15,1105,10,62,411,5,11,268,513,26,516,20,1936 1,1,1,1,1,1,1,1,1,1,1,1,1,1,1,1,1,1,1,1,1,1,1,1,1,1,1,1,1,1,1,1,1,1
119,286,2355,223,238,2389,5,16,5,23,22146,46,4997,15,54,414,3909,11173,10,334,22147,527,10,745,201,35,681,1175,17,37,35,50,550 1,1,1,1,18,18,1,1,1,1,1,1,1,1,1,1,1,1,1,1,1,1,1,1,1,1,1,1,1,1,1,1,1
7445,3459,6816,3,107 1,1,1,1,1
250,31,81,43,262,331,250 1,1,1,1,1,1,1
