67,54,4,22197,102,77,4,426,4,282,4,11,111,356,85 1,1,1,1,1,1,1,1,1,1,1,1,1,1,1
1247,1446,522,13,53,567,399,3,170,53,216,260,3,151,3,22198,3,70,322,283,3,2314 1,1,1,1,1,1,1,1,1,1,1,1,1,4,1,7,1,1,1,1,1,1
22199,3,425,17,96,115 1,1,1,1,1,1
21,31,68,221,12,15,493,129 1,1,1,1,1,1,1,1
464,238,484,15,493,14208,135,65,408 18,18,1,1,1,1,1,1,1
258,18,41,334,441,113 1,1,1,1,1,1
503,17,164,14209,17,53,2556 1,1,1,1,1,1,1
263,15,1629,1540,12,272 1,1,1,1,1,1
11,249 1,1
90,140,314,26,1001,3,84,12,1059,3,147,391,3,421,970,3,249,3,555,3,678,84,3,1654,3,226,7,184,3,739,3,760,3,48,34,3,194,114,93,3,291,34,3,300,3,375,3,446,3,648,3,63,12,554,3,1879,554,3,796,3,1408,3,798,26,4893,1157,3,277,3,84,12,3280,3,618,34,3,26,363,1626 1,1,1,1,1,1,1,1,1,1,1,1,1,1,1,1,1,1,1,1,1,1,1,1,1,1,1,1,1,1,1,1,1,1,1,1,1,1,1,1,1,1,1,1,1,1,1,1,1,1,1,1,1,1,1,1,1,1,1,1,1,1,1,1,1,1,1,1,1,1,1,1,1,1,1,1,1,1,1
11,2108,261,3,11,2281,34,3,11,8282 1,1,1,1,1,1,1,1,1,1
147,71,324,317,58,4,31,19,88,254 1,4,4,4,4,1,1,1,1,1
363,958,4,138,1986,12,1147 1,1,1,1,1,1,1
391,2710,4,1820,238,4,126,171,87,183 1,1,1,1,18,18,18,18,18,18
106,4582,1329,1373,110,4801,4,9432 7,1,1,1,1,1,1,1
287,71,322,283,19,70,2637,415,4,2259,1430,10,2516,5,1627,19,2781 15,1,1,1,1,1,1,1,1,1,1,1,1,1,1,1,1
2466,53,473,1443,155,635,4,117,129,96,115,241,570,503,17,14210 1,1,1,1,1,1,1,1,1,1,1,1,1,1,1,1
39,3351,1547,36,2180,7308,69,3,3351,1455,3,2107,10,2637,415,69,9312,3444,9,14211,8283,1549,14212,8,11199 1,1,1,1,1,1,1,1,1,1,1,1,1,1,1,1,1,1,1,1,1,1,1,1,1
9,1681,8,1140,69,3,2107,10,415,69,35,496,2781,9,6637,8,501,22,9,846,568,49,36,8,25,69,3,47,125,69,348,501,22,9,846,45,49,36,8,25,69,3,17,71 1,1,1,1,1,1,1,1,1,1,1,1,1,1,1,1,1,1,1,1,1,1,1,1,1,1,1,1,1,1,17,1,1,1,1,1,1,1,1,1,1,1,1,1
175,1746,909,625,2987 1,1,1,1,1
218,171,22,9,549,45,49,36,8,25,32,3,17,365,63,94 13,1,1,1,1,1,1,1,1,1,1,1,1,1,1,1
175,1746,909,65,12,6,495 1,1,1,1,1,1,1
2655,782,125,22,9,378,45,49,36,8,25,32,3,49,175,1746,135,65,17,267,113 1,1,1,1,1,1,1,1,1,1,1,1,1,1,1,1,1,1,1,1,1
4161,3,49,267,1746,135,65 1,1,1,1,1,1,1
236,9,800,8,125,22,9,378,45,49,36,8,25,276,3,6297,9433,14213,14214 12,1,1,1,1,1,1,1,1,1,1,1,1,1,1,1,1,1,1
14215,4206,9434,8284,14216,1743,14217 1,1,1,1,1,1,1
252,9,947,478,8,547,22,9,1026,45,49,36,8,25,32,3,4206,9434,8284,5691,14218 11,1,1,1,1,1,1,1,1,1,1,1,1,1,1,1,1,1,1,1,1
512,1072,9,501,22,3884,5692,8,3605,22,25,305,3,17,2070 1,1,1,1,1,1,1,1,1,1,1,1,1,1,1
36,1746,13,911,117,14219 1,1,1,1,1,1
780,9,913,8,1211,22,9,3019,568,49,36,8,25,32,3,6297,1743,14220,1548,14221,3887,5792,14222,14223,14224,14225,4706,14226,3275,1136,14227,15,11200,832,14228,14229 28,1,1,1,1,1,1,1,1,1,1,1,1,1,1,1,1,1,1,1,1,1,1,1,1,1,1,1,1,1,1,1,1,1,1,1
2424,9,1286,8,108,22,9,647,45,49,36,8,25,69,3,17,71 21,1,1,1,1,1,1,1,1,1,1,1,1,1,1,1,1
175,1746,956,135,65 1,1,1,1,1
1986,36,22,9,1314,45,49,36,8,25,2384,3,175,1746,909,625,2987 1,1,1,1,1,1,1,1,1,1,1,1,1,1,1,1,1
35,160 1,1
127,1545,150,403,4,11,84 1,1,1,1,1,1,1
206,403,4,11,699,3,541,3,26,357,157 1,1,1,1,1,1,1,1,1,1,1
90,4592,4035 1,1,1
157,2198,3495 1,1,1
245,43,2317 1,1,1
285,175,65,135,113,27,22200,22201,424 1,1,1,1,1,1,1,1,1
545,4,316,205,655,2958,948,148,4,3089,11201,814,4,787,522,1095,12,480 1,1,1,1,1,1,1,1,1,1,1,1,1,1,1,1,1,1
227,4,863,3,11,2036,26,2662,1050,1042,4,91,3,11,685,26,1296,136,4,332,3,11,577,638,3,11,879,3,11,687,635,3,11,240,155,4,751,100,11202,4,11,875,908 1,1,1,1,1,1,1,1,1,1,1,1,1,1,1,1,1,1,1,1,1,1,1,1,1,1,1,1,1,1,1,1,1,1,1,1,1,1,1,1,1,1,1
130,4,455,3,11,3091 1,1,1,1,1,1
216,3,1459,3,1032,133,217 1,1,1,1,1,1,1
329,7137,53,216,222 1,1,1,1,1
11,291,222 1,1,1
214,4,152,3,979,3,2045,3,588,61,3,11,240,114,4,11,1379,196,4,22202,415,283,60,1064 1,1,1,1,1,1,1,1,1,1,1,1,1,1,1,1,1,1,1,1,1,1,1,1
329,4848 1,1
11,277,3,11,1108,3280,352,4,665,3,925,1544,204,3,2363,5,634,1056,217,5,675 1,1,1,1,1,1,1,1,1,1,1,1,1,1,1,1,1,1,1,1,1
6060,3,6819,3,5,321,57,44 1,1,1,1,1,1,1,1
149,4,295,434,705,592,869,769,6820,1618,2249,2327,5098,9,1305,8,9,1276,8,9,1310,8,9,1450,8,434,392,888,870,6820,625,2416,6029,9,83,8,9,1311,8,9,1601,8,9,1359,8,5199,3199,9,83,8,9,1359,8,434,399,6820,3784,9,1478,8,434,1527,1566,6820,1173,547,9,3965,8,9,3589,8,434,1284,6800,5199,10310,9,83,8,1947,9,7758,8,434,349,734,560,333,6820,2636,14230,3626,8285,9,1312,8,9,2615,8,9,2531,8,9,2437,8,5199,4619,22203,6749,22204,9,83,8,9,1312,8,9,2615,8,9,2531,8,9,2437,8,434,653,786,823,536,6820,2229,8228,5756,7379,9,1360,8,9,1479,8,9,1480,8,9,1589,8,5199,388,6298,5645,7354,9,1360,8,9,1479,8,9,1480,8,9,1589,8,434,795,6820,5637,9,1424,8,5199,5491,9,1424,8,434,1125,42,1209,42,577,42,847,5199,1277,1257,1428,279,117,9,59,8,9,1739,8,9,1786,8,9,1740,8,434,42,830,42,864,5199,210,36,9,1832,8,9,1691,8,434,2649,2650,2701,2702,5199,22205,22206,14231,11203,9,83,8,9,2240,8,9,2241,8,9,2577,8,9,2242,8,434,2703,5199,3809,9,2278,8,434,1661,1577,2599,1971,5199,200,200,200,200,434,2007,5199,125,9,22207,8,339,5,104,4,36,8,4937,567,399,4,164,1627,19,659,517,7,14209,53,2556 1,1,1,1,1,1,1,1,1,1,1,1,1,1,1,1,1,1,1,1,1,1,1,1,1,1,1,1,1,1,1,1,1,1,1,1,1,1,1,1,1,1,1,1,1,1,1,1,1,1,1,1,1,1,1,1,1,1,1,1,1,1,1,1,1,1,1,1,1,1,1,1,1,1,1,16,16,16,16,16,1,1,1,1,1,1,1,1,1,1,1,1,1,1,1,1,1,1,1,1,1,1,1,1,1,1,1,1,1,1,1,1,1,1,1,1,1,1,1,1,1,1,1,1,1,1,1,1,1,1,1,1,1,1,1,1,1,1,1,1,1,1,1,1,1,1,1,1,1,1,1,1,1,1,1,1,1,1,1,1,1,1,1,1,1,1,1,1,1,1,1,1,1,1,1,1,1,1,1,1,1,1,1,1,1,1,1,1,1,1,1,1,1,1,1,1,1,1,1,1,1,1,1,1,1,1,1,1,1,1,1,1,1,1,1,1,1,1,1,1,1,1,1,1,1,1,1,1,1,1,1,1,1,1,1,1,1,1,1,1,1,1,1,1,1,1,1,1,1,1,1,1,1,1,1,1,1,1,1,1,1,1,1,1,1,1,1,1,1,1,1,1,1,1,1,1,1,1,1,1,1,1,1,1,1
58,8,170,53,216,260,4,35,270 1,1,1,1,1,1,1,1,1
117,8,151,4,2756,12,80 1,1,4,1,1,1,1
144,865,441,85 1,1,1,1
237,1260,1236,179,477,12,124 1,1,1,1,1,1,1
791 1
61,389,17,132,35,18,109,31,1007,271,13,88,532,17,2023,179 1,1,1,1,1,1,1,1,1,1,1,1,1,1,1,1
18,242,31,1606,88,7,24,254,26,22208,5501 1,1,1,1,1,1,1,1,1,1,1
18,258,18,41,441,85 1,1,1,1,1,1
210,8,142,4,179 1,1,7,1,1
791 1
61,389 1,1
108,8,238,4,4122,2389,465 1,1,18,1,1,1,1
341,5,2076,235 1,1,1,1
320,8,2776,4,128,202,7,484,248,8259,408,139,321 1,1,1,1,1,1,1,1,1,1,1,1,1
41,510,10,354,149,17,285,115,7,2776,12,634 1,1,1,1,1,1,1,1,1,1,1,1
539,8,958,4,1986,878 1,1,1,1,1,1
615,8,803,4,211 1,1,1,1,1
1260,1775,350,22209,3,22210,3135 1,1,1,1,1,1,1
929,8,8069,17,22211,2050,319,5,138,10,79 1,1,1,1,1,1,1,1,1,1,1
6299,1288,1644 1,1,1
312,306,1576,7,92,12,1316,10,1316,81,7,67,3,2160,3,1331,3,2297,7,198 1,1,1,1,1,1,1,1,1,1,1,1,1,1,1,1,1,1,1,1
1426,4719,2896,14232,3,107 1,1,1,1,1,1
