67,54,4,22212,102,77,4,426,4,282,4,425,17,439 1,1,1,1,1,1,1,1,1,1,1,1,1,1
22213,484,60,408 1,1,1,1
11,1764,255,146 1,1,1,1
2581,13,1972 1,1,1
162,10,6144,13,353 1,1,1,1,1
31,288,27,233 1,1,1,1
464,238 18,18
95,112,10,567,373,599,13,64,4456 1,1,1,1,1,1,1,1,1
90,140,314,3,84,12,1059,3,147,391,3,421,970,3,249,3,555,3,678,84,3,1654,3,226,7,184,3,739,3,760,3,263,3,48,34,3,194,114,93,3,291,34,3,300,3,375,3,446,3,648,3,63,12,554,3,1879,554,3,796,3,1408,3,798,26,4893,1157,3,277,3,84,12,3280,3,618,34,3,26,363,1626 1,1,1,1,1,1,1,1,1,1,1,1,1,1,1,1,1,1,1,1,1,1,1,1,1,1,1,1,1,1,1,1,1,1,1,1,1,1,1,1,1,1,1,1,1,1,1,1,1,1,1,1,1,1,1,1,1,1,1,1,1,1,1,1,1,1,1,1,1,1,1,1,1,1,1,1,1,1,1
11,2108,261,3,11,2281,34,3,11,8282 1,1,1,1,1,1,1,1,1,1
147,71,324,317,58,4,31,19,88,254 1,4,4,4,4,1,1,1,1,1
363,958,4,138,1986,12,1147 1,1,1,1,1,1,1
391,2710,4,1820,238,4,126,171,87,183 1,1,1,1,18,18,18,18,18,18
106,4582,1329,1373,110,4801,4,9432 7,1,1,1,1,1,1,1
287,71,322,283,19,70,2637,415,4,2259,1430,10,2516,5,1627,19,2781 15,1,1,1,1,1,1,1,1,1,1,1,1,1,1,1,1
2466,53,473,1443,155,635,4,117,129,96,115,241,570,503,17,14210 1,1,1,1,1,1,1,1,1,1,1,1,1,1,1,1
2700,256,567,373,4,110,584,1972,3,22214,567,2745,10942,14233,2809,4937,1530,3,14234,3,1809,33,3,14235,3,24,14236,110,4026,5,22215,3099 1,1,1,1,1,1,1,1,1,1,1,1,1,1,1,1,1,1,1,1,1,1,1,1,1,1,1,1,1,1,1,1
110,53,216,11204,4848,39,9312,3444,9,14211,8283,1549,14212,8,11199 1,1,1,1,1,1,1,1,1,1,1,1,1,1,1
9,1681,8,1140,69,3,2107,10,415,69,35,496,14237,14237,1140,305,123,125,65,3,2107,2280,13232,7,4323,10,516,548,1684,85,135,65,1986,36,22,9,1314,45,49,36,8,25,32,3,3906,22216,175,1746,909,625,2987 1,1,1,1,1,1,1,1,1,1,1,1,1,1,1,1,1,1,1,1,1,1,1,1,1,1,1,1,1,1,1,1,1,1,1,1,1,1,1,1,1,1,1,1,1,1,1,1,1,1,1
218,171,22,9,549,45,49,36,8,25,32,3,17,365,63,94 13,1,1,1,1,1,1,1,1,1,1,1,1,1,1,1
175,1746,909,65,12,6,495 1,1,1,1,1,1,1
2655,782,378,45,25,267,1746,32,3,49,267,1746,135,65 1,1,1,1,1,1,1,1,1,1,1,1,1,1
236,9,800,8,125,22,9,378,45,49,36,8,25,276,3,6297,9433,14213,14214 12,1,1,1,1,1,1,1,1,1,1,1,1,1,1,1,1,1,1
14215,4206,9434,8284,14216,1743,14217 1,1,1,1,1,1,1
252,9,947,478,8,547,22,9,1026,45,49,36,8,25,32,3,4206,9434,8284,5691,14218 11,1,1,1,1,1,1,1,1,1,1,1,1,1,1,1,1,1,1,1,1
2424,9,1286,8,108,22,9,647,45,49,36,8,25,69,3,17,71 21,1,1,1,1,1,1,1,1,1,1,1,1,1,1,1,4
175,1746,956,135,65 1,1,1,1,1
512,1072,9,501,22,3884,5692,8,3605,22,25,305,3,17,2070 1,1,1,1,1,1,1,1,1,1,1,1,1,1,1
36,1746,13,911,117,14219 1,1,1,1,1,1
780,9,913,8,1211,22,9,3019,568,49,36,8,25,32,3,6297,1743,14220,1548,14221,3887,5792,14222,14223,14224,14225,4706,14226,3275,1136,14227,15,11200,832,14228,14229 28,1,1,1,1,1,1,1,1,1,1,1,1,1,1,1,1,1,1,1,1,1,1,1,1,1,1,1,1,1,1,1,1,1,1,1
348,501,22,9,846,45,49,36,8,25,305,3,17,71 17,1,1,1,1,1,1,1,1,1,1,1,1,4
2125,9,4052,8,3326,45,49,36,45,9,73,8,25,2634,3,6297,1743,2070 1,1,1,1,1,1,1,1,1,1,1,1,1,1,1,1,1,1
175,1746,711,135,113 1,1,1,1,1
3085,557,4585,17,27,1376,180,1644 1,1,1,1,1,1,1,1
139,49,92 1,1,1
134,147,1475,3,34,3,3021,34,3,395,2046,844,1622,731 1,1,1,1,1,1,1,1,1,1,1,1,1,1
5200,9,11205,8,36,22,9,1314,45,49,36,8,25,32,123,180,65,127,1545,206,403,4,329,699 1,1,1,1,1,1,1,1,1,1,1,1,1,1,1,1,1,1,1,1,1,1,18,18
11,541,3,26,357,157 1,1,1,1,1,1
90,4592,4035 1,1,1
157,2198,3495 1,1,1
545,4,316,205,148,4,14238,22217,814,4,480 1,1,1,1,6,6,6,1,1,1,1
227,4,11,2036,155,4,751,100,644,4,455,214,4,152,3,979,114,4,11,1379,196,4,11,277,352,4,886 1,1,1,1,1,1,1,1,1,1,1,1,1,1,1,1,1,1,1,1,1,1,1,1,1,1,1
928,2214 1,1
149,4,295,434,705,592,869,769,7450,2589,3028,853,9,59,8,9435,9,1305,8,9,1276,8,9,1310,8,9,1450,8,434,392,888,870,7450,625,1774,13271,9,83,8,9,1311,8,9,1601,8,9,1359,8,434,399,1077,1506,1388,7450,3328,1389,3054,2871,9,59,8,9,1478,8,9,2995,8,9,2602,8,9,2464,8,434,1938,7450,2037,9,2385,8,434,1565,1527,1566,1077,7450,2253,9,83,8,1997,9,83,8,388,1389,9,3696,8,9,3965,8,9,3589,8,9,2995,8,434,1284,6800,7450,22218,9,83,8,13700,9,7758,8,1340,77,1397,4,22219,146,161,4,603,317,4,22220,434,4,22221,14239,77,726,4,22222,890,1007,4,8205,3,4040,30,4,1078,1018,146,100,1402,6,61,264,14,1129,10,356,1793 1,1,1,1,1,1,1,1,1,1,1,1,1,1,1,1,1,1,1,1,1,1,1,1,1,1,1,1,1,1,1,1,1,1,1,1,1,1,1,1,1,1,1,1,1,1,1,1,1,1,1,1,1,1,1,1,1,1,1,1,1,1,1,1,1,1,1,1,1,1,1,1,1,1,1,1,1,1,1,1,1,1,1,1,1,1,1,1,1,1,1,1,1,1,1,1,1,1,1,1,1,1,1,1,1,1,1,1,1,1,1,16,16,16,16,16,1,1,1,1,1,1,1,1,1,1,1,1,1,1,1,1,1,1,1,1,1,1,1,1,1,1,1,1,1,1,1,1,1,1,1,1,1,1,1,1,1,1,1,1,1
74,57,2631,22223,2048 1,1,1,1,1
74,14,7879,5767,5,196,5,22224,1390,858,6,53,567,37,57,543,13,315,516,84 1,1,1,1,1,1,1,1,1,1,1,1,1,1,1,1,1,1,1,1
74,14,11,202,7,301,26,553,76 1,1,1,1,1,1,1,1,1
11,1963,240,3,1926,26,7879,5767,57,1946,12,6,70,567 1,1,1,1,1,1,1,1,1,1,1,1,1,1
15,5701,5,1926,57,55,12,6,473,6082,2168,66,169,703,2506,862 1,1,1,1,1,1,1,1,1,1,1,1,1,1,1,1
74,14,11,14240,202,7,1759,12,6,70,567 1,1,1,1,1,1,1,1,1,1,1
339,315,516,84,858,6,53,567,13,11,202,7,301,26,553,76 1,1,1,1,1,1,1,1,1,1,1,1,1,1,1,1
11,14240,202,7,1759,12,6,70,567 1,1,1,1,1,1,1,1,1
22225,14241,58,703,461,4181,4,7134,4,3242,3,14242,50,3242,3,14242,50,339,5,104,4,36,8,2756,151,4,15,1928,265 1,1,1,1,1,1,1,1,1,1,1,1,1,1,1,1,1,1,1,1,1,1,1,4,4,1,1,1,1
132,13,22226,1738,372,12,266,4794 1,1,1,1,1,1,1,1
41,118,10,945,22,608,159,24,272,1738,753,10,52,22227 1,1,1,1,1,1,1,1,1,1,1,1,1,1
2851,41,160,10,52,19,2774,228,7,348,9,22228,22,32,8 1,1,1,1,1,1,1,1,1,17,1,1,1,1,1
1764,927,355,81 1,1,1,1
464,13,1041,2113,6144,3,1152,35,724,7346,5,14243,19,145,1721 1,1,1,1,1,1,1,1,1,1,1,1,1,1,1
58,8,353,3620,81 1,1,1,1,1
117,8,22229,4,31,2536,179 1,1,1,1,1,1,1
41,1457,274,17,132 1,1,1,1,1
5327,17,40,81,13,79 1,1,1,1,1,1
791 1
2002,5,1237,441,85,649,19,1573 1,1,1,1,1,1,1,1
356,510,10,153,17,1776 1,1,1,1,1,1
210,8,2070,4,211 1,1,1,1,1
791 1
2125 1
14244,5137,22230,7,1599,5,1216,4585,17,27,1376,180,435,139,49,1746 1,1,1,1,1,1,1,1,1,1,1,1,1,1,1,1
108,8,238,4,108,4507,135,65,135,79 1,1,18,18,18,18,18,18,18,18
341,5,2076,235 1,1,1,1
4122,2389 1,1
320,8,256,567,373,4,211 1,1,1,1,1,1,1
439,13,4040,8205,11206,5,22231,9436 1,1,1,1,1,1,1,1
539,8,448,1228,4,827,12,15,1517,7,129 1,1,1,1,1,1,1,1,1,1,1
615,8,256,2700,4,81,12,402,13,79 1,1,1,1,1,1,1,1,1,1
484,4720,503,7,1089,408 1,1,1,1,1,1
4122,2458 1,1
6299,171,1644 1,1,1
312,306,1576,7,92,12,1316,10,1316,81,7,254,3,22232,223,151,355,3,5327,17,39,389,3,142,3,2458,483,3,238,2389,5,270 1,1,1,1,1,1,1,1,1,1,1,1,1,1,1,1,1,1,1,1,1,1,1,7,1,1,1,1,18,1,1,1
1426,4719,2896,14232,3,107 1,1,1,1,1,1
