67,54,4,22426,281,297,424,14293,1569,124,1150,532,5,1057,436,40,14,15,4030,498,161,315,153,763,399,5,181,120,76 1,1,1,1,1,1,1,1,1,1,1,1,1,1,1,1,1,1,1,1,1,1,1,1,1,1,10,10,10
404,17,112,903,311,39,147 1,1,1,1,1,1,1
793,147,181,120,76,6,28,38,14299,12,208,722,180,42,260,27,6,251,19,6,309 1,1,10,10,10,1,1,1,1,1,1,1,1,1,1,1,1,3,3,3,3
16,21,717,76,3,376,13,232,2511 1,1,1,1,1,1,1,1,1
23,288,572,154,12,208,111,1349,288,572,3,51,269,689,5,269,565,17,325 1,1,1,1,1,1,1,1,1,1,1,1,1,1,1,1,1,1,1
23,14300,1011,3271,20,14301,3,51,23,1070,689,111,504,1911,12,6,811,9454,13,2799,1472,574 1,1,1,1,1,1,1,1,1,1,1,1,1,1,1,1,1,1,1,1,1,1
16,38,22427,2537,13,62,559,7,1288,42 1,1,1,1,1,1,1,1,1,1
92,14,98,55,37,23,63,94,2304,3,51,44,405,288 1,1,1,1,1,1,1,1,1,1,1,1,1,1
6,28,21,68,211,597,99,170,113,186,16,21,55,128,194,1575,116,574 1,1,1,1,1,1,1,1,1,1,1,1,1,1,1,1,1,1
16,21,11,48,6827,3,136,6827,3,26,1575,34,3,51,74,14,62,7462,511,845,6,5476,2716 1,1,1,1,1,1,1,1,1,1,1,1,1,1,1,1,1,1,1,1,1,1,1
16,3966,40,13,288,3,51,31,543 1,1,1,1,1,1,1,1,1
16,98,598,190,40,27,427 1,1,1,1,1,1,1
16,14,449,10,321,13052,5,22428,15,133,7,4587,16,14,285,191,1602,7151,12,6,4128,3,1170,3,5,6828 1,1,1,1,1,1,1,1,1,1,1,1,1,1,1,1,1,1,1,1,1,1,1,1,1,1
92,14,31,91,37,40,1282,695,3,51,119,41,2046,64,4523,731 1,1,1,1,1,1,1,1,1,1,1,1,1,1,1,1
16,14,122,64,4523,12,544,10,939,113 1,1,1,1,1,1,1,1,1,1
6300,4 1,1
6,28,21,68,265,6597,159,23,99,168,17,619,12,1361,7373,16,258,23,288,572,14,6597,265,5,16,14,449,10,321,58,2331,27,15,156,7,1173,435,135,2331,97,437,26,590 1,1,1,1,1,1,1,1,1,1,1,3,1,1,1,1,1,1,1,1,1,1,1,1,1,1,1,1,1,1,1,1,1,1,1,1,1,1,1,1,1,1,1
16,21,11,48,34,26,418 1,1,1,1,1,1,1
16,109,3106,223,1871,5,258,23,610,7,215,22,69,208,52,1520,681 1,1,1,1,1,1,1,1,9,1,1,1,1,1,1,1,1
16,21,68,14302,1814,10,296,228,12,6,744,186,16,461,23,133,223,5175,16,21,11,116,7,4942,3,616,3,26,314,7,2778 1,1,1,1,1,1,1,1,1,1,1,1,1,1,1,1,1,1,1,1,1,1,1,1,1,1,1,1,1,1,1
16,109,46,1585,114 1,1,1,1,1
74,14,11,140,1001,3,140,314,3,26,739 1,1,1,1,1,1,1,1,1,1,1
16,557,19,1860,1796,3,236,3,2146,3,913,3,1819,3,5,1484 1,1,1,1,1,1,12,1,27,1,28,1,1,1,1,1
16,14,11,1810,19,423 1,1,1,1,1,50
16,21,11,2397 1,1,1,1
19,77,3,16,14,954,106,3,51,155,57,232,5,74,14,11,185,576 1,1,1,1,1,1,1,1,1,1,1,1,1,1,1,1,1,1
23,177,111,4843,1136,893,5,50,46,773,201,10,1606,37,10,64,4523,82,668,89 1,1,1,1,1,1,1,1,1,1,1,1,1,1,1,1,1,1,1,1
15,4,211 1,1,1
364,4,86,297,35,677,57,517,7,1303,63,94,89 1,1,1,1,1,1,1,1,1,1,1,1,1
119,237,31,5589,185,63,94,6,28,14,19,2146,3,913,3,5,610 1,1,1,1,7,7,7,1,1,1,1,27,1,28,1,1,9
16,258,23,63,94,27,163,14,712,334,232,5,16,190,92,14,922,10,1558,7068 1,1,1,1,1,1,1,1,1,1,1,1,1,1,1,1,1,1,1,1
50,46,773,201,10,704,2475,223,1004,2450,7068,66,23,2733,12,890,10,1515,436 1,1,1,1,1,1,1,1,1,1,1,1,1,1,1,1,1,1,1
287,6,28,557,19,171,22,7,236 15,1,1,1,1,1,1,1,12
92,21,68,15,87,159,119,46,144,23,1349,295,5,119,41,144,89 1,1,1,1,1,1,1,1,1,1,1,1,1,1,1,1,1
16,21,68,772,17,625,552 1,1,1,1,1,1,1
1054,1874,494,119,41,827,23,934,89 1,1,1,1,1,1,1,1,1
16,14,31,590,26,2529 1,1,1,1,1,1
153,1530,6,28,38,390,679,5,241,12,1135,27,6,22429,124 1,1,1,1,1,1,1,1,1,1,1,1,1,1,1
571,143,1164,35,211,5,16,160,11,993,174,306,86,450,27,22430,694 1,1,1,1,1,1,1,1,1,1,1,1,1,1,1,1,1
16,14,334,2830,43,40 1,1,1,1,1,1
3893,7401,6,28,14,3742,17,172,43,4059 1,1,1,1,1,1,1,1,1,1
16,21,170,22431,3923,35,60,35,500,1554,243,543,13,22432 1,1,1,1,1,1,1,1,1,1,1,1,1,1
50,46,510,201,10,4059,89 1,1,1,1,1,1,1
338,817,816,22433,78,840,29,22434,9455,3,11,1040,2292,3,11,1371,994,3,11,4187,3,459,9,749,64,50,46,3972,6,22435,7,49,128,965,1202,27,1230 1,1,1,1,1,1,1,1,1,1,1,1,1,1,1,1,1,1,1,1,1,1,1,1,1,1,1,1,1,1,1,1,1,1,1,1,1
1557,6,28,14,2672,1557,6690 1,1,1,1,1,1,1
308,39,203,547,22,25,32,1819,4224,22,25,32,2146,333,14303,25,32,2326,1547,462,22,25,305,13,4400,478,14304,2282,22,236,171,22,610,215,22,69,6666,8040,14305,965,32,1014,8297,29,1285,139,9456,134,11,265,2997,3146,22436,1140,14306,2107,10,1246,548,9,73,8,1484,108,22,108,22,108,65,5,1945,58,65,5085,84,12,340,5,2081,1484,108,22,108,22,108,65,5,1945,58,65,5085,126,4,22437,610,215,22,69,126,4,8298,236,171,22,126,4,8298,423,447,22,36,298,25,32,126,4,8298,1182,4,6300,33,2332,1835,782,850,22,36,298,25,32,126,4,8298,1182,4,6300,33,2332,203,547,22,25,32,126,4,8298,3992,382,22,32,126,4,22438,1182,4,6300,33,2332,14304,2282,22,1705,1407,126,4,22439,913,1211,22,36,298,25,32,126,4,14307,1182,4,6300,33,2332,1650,3813,335,22,605,5,36,1814,608,126,4,14307,1182,4,6300,33,2332,6666,8040,14305,965,32,1014,8297,29,1285,139,9456,134,11,265,11153,2801,1407,126,4,22440,1819,4224,22,25,32,126,4,6300,2146,333,14303,25,32,126,4,6300,206,30,6,28,557,27,163,5,21,86,10,22441,23,2553,11231,4720 1,1,11,1,1,1,1,1,1,1,1,1,27,1,1,1,1,1,1,1,1,1,1,1,1,1,1,1,1,12,1,1,9,1,1,1,1,1,1,1,1,1,1,1,1,1,1,1,1,1,1,1,1,1,1,1,1,1,1,1,1,1,1,1,1,1,1,1,1,1,1,1,1,1,1,1,1,1,1,1,1,1,1,1,1,1,1,1,1,1,1,1,1,1,9,1,1,1,1,1,1,12,1,1,1,1,1,50,50,50,50,50,50,50,50,50,50,50,50,50,50,50,1,1,1,1,1,1,1,1,1,1,1,1,1,1,1,1,11,1,1,1,1,1,1,1,27,27,27,27,27,27,27,27,27,27,27,27,1,1,1,1,1,1,1,1,28,28,28,28,28,28,28,28,28,28,28,28,28,28,28,36,36,36,36,36,36,36,36,36,36,36,36,36,36,36,36,36,1,1,1,1,1,1,1,1,1,1,1,1,1,1,1,1,1,1,1,1,1,1,1,1,1,1,1,1,27,1,1,1,1,1,1,1,1,1,1,1,1,1,1,1,1,1,1,1,1,1,1,1
16,86,10,1751,2171,12,22442,22443 1,1,1,1,1,1,1,1
16,258,16,14,31,35,308,35,169,10,23,619 1,1,1,1,1,1,1,1,1,1,1,3
16,90,363 1,1,1
540,5,2455,1512,1244,70,3430 1,1,1,1,1,1,1
1629,47,22444,3,6156,22445 1,1,1,1,1,1
81,7,182,11,48,34,3,418,3,226,7,184,13,437,19,380,3,26,739 1,1,1,1,1,1,1,1,1,1,1,1,1,1,1,1,1,1,1
554,57,44 1,1,1
11,63,26,1879,554 1,1,1,1,1
336,14,1248,97,796,26,1206 1,1,1,1,1,1,1
16,21,128,70,595,5,384,34,51,14,572 1,1,1,1,1,1,1,1,1,1,1
16,21,38,387,128,7457,5,14,52,96,43,64,4511,8299,27,4815,150,3780,599 1,1,1,1,1,1,1,1,1,1,1,1,1,1,1,1,1,1,1
102,101,63,94,14308,3,390,43,271,4903,140,5428,624,2012,22446,2693,207,197,60,387,5,60,2056,12,11,758,342,196,311,3893,3923,225,6,48,5,188 1,1,6,6,6,6,6,6,6,6,1,1,1,1,1,1,1,1,1,1,1,1,1,1,1,1,1,1,1,1,1,1,1,1,1,1
74,57,170,2323,3923,35,60,35,128,1554,3,2498,11232,225,6,48 1,1,1,1,1,1,1,1,1,1,1,1,1,1,1,1
16,21,196,8300,19,6,136,5,5167,5824,7463,19,6,5019,227,1239,3,44 1,1,1,1,1,1,1,1,1,1,1,1,1,1,1,1,1,1
11,243 1,1
841,204 1,1
665 1
863,136,332 1,1,1
216,217 1,1
11,222 1,1
687,44,48,91,10,13768,720,304,5,310 1,1,1,1,1,1,1,1,1,1
11,213,3,561,3,26,502,214,326,327,269 1,1,1,1,1,1,1,1,1,1,1
152,5,396 1,1,1
11,1128,779,77,1084,72,2626,554 1,1,1,1,1,1,1,1
623,14,381,3,917,3,5,344,1355,77,14,284,13,6,101,951,3188,5863,3,44,10876,9265 1,1,1,1,1,1,1,1,1,1,1,1,1,1,1,1,1,1,1,1,1,1
44,154,97,1744,635,26,240 1,1,1,1,1,1,1
11,1726,860,2468,114,11,743,3,750,3,26,93 1,1,1,1,1,1,1,1,1,1,1,1
11,1032,26,79,133,2468 1,1,1,1,1,1
415,60,1070,51,3173 1,1,1,1,1
3593,217,27,6,4869,3,519,27,6,14309 1,1,1,1,1,1,1,1,1,1
415,100,2439 1,1,1
700,14,44,1664,95,149,177,81 1,1,1,1,1,1,1,1
74,14,4843,1136,893,3,2963,3,5,525,1552,84,37,57,209 1,1,1,1,1,1,3,1,1,1,1,1,1,1,1
156,20,5175,192,5,104,207,211,103 1,1,1,1,1,1,1,1,1
153,763,373,97,626 1,1,1,1,1
153,400,10,52,172,89 1,1,1,1,1,1
3705,861 1,1
1557,211 1,1
119,41,1347,905,89 1,1,1,1,1
63,94,550,52,476,179 1,1,1,1,1,1
55,2687,43,1987,594,3197,1861,208,52,61 1,1,1,1,1,1,1,1,1,1
205,867,43,14284,3,4391,19,2806,1716,3,4125 1,1,1,1,1,1,1,1,1,1,1
