67,54,4,22447,1102,581,3,2364,1931,5873,3,107 1,1,1,1,1,1,1,1,1,1,1,1
22448,11233,1418,6797,3,1972,8301,684,4,4492,4723,509,47,6829,882,64,5873,4,4492,4723,20,221,12,6,153,224,89 1,1,1,1,1,1,1,1,1,1,1,1,1,1,1,1,1,1,1,1,1,1,1,1,1,1,1
40,28,13,1182,1195,153,76,507,10,71,20,417,19,2499,58,113,183,12,4518 1,1,1,1,1,1,1,1,1,4,1,1,1,1,1,1,1,1,1
18,21,68,191,60,708,17,6,234,7,249,5,4816,855,17,6,80,113 1,1,1,1,1,1,1,1,1,1,1,1,1,1,1,1,1,1
74,14,11,30,7,263,3,437,3,26,48,34 1,1,1,1,1,1,1,1,1,1,1,1
18,90,88,796,3,2041,3,26,1206 1,1,1,1,1,1,1,1,1
24,63,366,27,163,46,68,1226,1491,5,6463,24,137,39,158,3516,108,10,320,298,13,911,3,11234,3,2669,5,5204,3,22449,850,22,305,3,165,596,141,189,605 1,1,1,1,1,1,1,1,1,1,1,1,1,1,1,1,1,1,1,1,1,1,1,1,1,1,1,1,1,1,1,1,1,1,8,8,8,8,8
19,1102,1173,3,139,2499,3,629,4723,20,138,15,1355,228,7,1433,5,387,4598 1,1,1,1,1,1,1,1,1,1,1,1,1,1,1,1,1,1,1
836,27,6,85,275,15,696,785,7,4209,13,15,824,7,22450,63,587,143,781 1,1,1,1,1,1,1,1,1,1,1,1,1,1,1,1,1,1,1
19,101,89,40,3256,197,60,13,15,148,7,5440,5,15,133,7,6492,18,20,1130 1,1,1,1,1,1,1,1,1,1,1,1,1,1,1,1,1,1,1,1
413,5,136,101,20,569,5,48,20,91,10,22451 1,1,1,1,1,1,1,1,1,1,1,1
19,612,101,576,20,27,6,1456,3262,5,74,20,11,330,93 1,1,1,1,1,1,1,1,1,1,1,1,1,1,1
130,327,143,44 1,1,1,1
1425,242,31,275,5,696,763,5,3509,1508,961,5,217,345 1,1,1,1,1,1,1,1,1,1,1,1,1,1
2087,4723,546,52,96,115,27,24,820,599 1,1,1,1,1,1,1,1,1,1
74,109,31,197,10,52,88,202,7,15,466,411 1,1,1,1,1,1,1,1,1,1,1,1
18,546,98,46,15,336,781,17,587,10,826,319,798,1748,411 1,1,1,1,1,1,1,1,1,1,1,1,1,1,1
517,7,24,871,6739,18,21,68,724,500,5,119,1317,508,37,18,52,126,19,15,22452,1325,1152,35,11235,141,22,892 1,1,1,1,1,1,1,1,1,1,1,1,1,1,1,1,1,1,1,1,1,1,1,1,1,1,1,1
1931,5873,3,107 1,1,1,1
3278,684,4,4492,4723,509,47,6829,941,360,17,1301,1186,10,52,858,12,6,198,7,40,28 1,1,1,1,1,1,1,1,1,1,1,1,1,1,1,1,1,1,1,1,1,1
844,1015,3,5442,3268,22453,3,107 1,1,1,1,1,1,1,1
153,1191,3268,3600,2815,3,107 1,1,1,1,1,1,1
262,331,806,4,14310,825,4,22454,843,4,14310,22455,426,4,64,3037,7464,64,4407,11236,3,6797,3,1972,8301 1,1,1,1,1,1,1,1,1,1,1,1,1,1,1,1,1,1,1,1,1,1,1,1,1
