67,54,4,22510,668,55,6176,4324,509,47,14329,1306,125,3,3225,629,4324,14,15,6744,3,5690,428,13,7172,165,1048,71,3,776,3,5,15,30,7,699,157,3,121,526,15,95,103,593,17,15,269,429,154 1,1,1,1,1,1,1,1,1,1,1,1,1,1,1,1,1,1,1,1,1,1,1,1,1,4,4,4,1,15,1,1,1,5,5,5,5,1,1,1,1,1,1,1,1,1,2,2,2
27,593,18,38,15,637,335,42,243,12,24,614,35,60,35,15,794,5811,42,614,243,3,4236,1809,243,7,335,42,3,5,62,309,794,243,7,335,42 1,1,1,1,1,1,1,1,1,1,1,1,1,1,1,1,1,2,2,2,2,1,1,1,1,1,1,1,1,1,1,1,1,1,1,1,1
27,6,85,92,20,1824,10,86,39,340,19,629,4324 1,1,1,1,1,1,1,1,1,1,1,1,1
159,24,103,593,620,267,113,183,3,18,21,38,11,553,116,7,48,34 1,1,1,1,1,1,1,1,1,1,1,1,1,1,1,1,1,1
18,86,19,24,297,158,2620,501,22,1047,3,274,3,203,3,5,2480,754,35,160,3,35,60,35,24,818,1764,297 1,1,1,1,1,1,34,1,1,1,1,9,1,11,1,1,1,10,1,1,1,1,1,1,1,1,1,1
102,101,4,18,14,62,280,3,696,522,12,11,199,342 1,1,1,1,1,1,23,1,1,1,1,1,1,1
24,316,205,57,211 1,1,1,1,1
155,57,91,10,463 1,1,1,1,1
103,77,275,145,156,5,239,3,44,304,5,310,29,11,213,3,502,26,561 1,1,1,1,1,1,1,1,1,1,1,1,1,1,1,1,1,1,1
18,21,11,330,93 1,1,1,1,1
1145,111,15,44,338,239,27,15,156,7,586,3,1090,7,223,2253,3,5,74,57,11,199,2894,84,55 1,1,1,1,1,1,1,1,1,1,1,1,1,1,1,1,1,1,1,1,1,1,1,1,1
3475,4,119,41,86,629,4324,19,24,137,103,389 1,1,1,1,1,1,1,1,1,1,1,1
18,21,5874,181,120,76,3,6566,12,1692 1,1,10,10,10,10,10,10,10,10
35,916,35,18,557,1497,19,24,137,39,389,3,119,41,86,10,96,24 1,1,1,1,1,1,1,1,1,1,1,1,1,1,1,1,1,1
18,41,369,17,15,513,112,12,620,544,129 1,1,1,1,1,1,1,1,1,1,1
5982,22511,3,107 1,1,1,1
806,4,14333,825,4,22512,843,4,14333,22513,250,31,81,43,262,331,250 1,1,1,1,1,1,1,1,1,1,1,1,1,1,1,1,1
