67,54,4,22535,414,4,8307,3,4945,542,4,14337,2523,4,22536,30,7,61,328,4,4030,767,121,61,17,102,77 1,1,1,1,1,1,1,1,1,1,1,1,1,1,1,1,1,1,1,1,1,1,1,1,1,1,1
1974,3,16,14,125,435,1761,17,23,180,435,987,5,35,1152,3,1025,112,14,954,8733 1,1,1,1,1,1,1,1,1,1,1,1,1,1,1,1,1,1,1,1,1
16,86,10,49,233,7,23,39,13,232,2458 1,1,1,1,1,1,1,1,1,1,1
90,300,3,375,3,249,3,459,3,48,34,26,226,7,184 1,1,1,1,1,1,1,1,1,1,1,1,1,1,1
95,172,135,4059,5,1114,243,55,10,52,15,3482,14338,8308 1,1,1,1,1,1,1,1,1,1,1,1,1,1
90,48,34,3,226,7,184,3,291,34,26,4698 1,1,1,1,1,1,1,1,1,1,1,1
81,7,182,14,376,72 1,1,1,1,1,1
80,39,30,4,137,135,1960 1,1,1,1,1,1,1
39,4,137,135,1960 1,1,1,1,1
127,4,11,374,357,127 1,1,1,1,1,1
206,30,4,1513 1,1,1,1
245,2028,27,6,22537,2272,163 1,1,1,1,1,1,1
90,6,157,7,699,3,541,26,174,3817,357 1,1,1,1,1,1,1,1,1,1,1
137,19,2461 1,1,1
11,699,123,36,87 5,5,5,5,5
150,30,4,661,4,181,120,76 1,1,1,1,1,1,1,1
102,77,4,12,11,199,342 1,1,1,1,1,1,1
63,94,4,14339 1,1,1,1
140,14,14340,133,14,382,5,145 1,1,1,1,1,1,1,1
227,4,1055,877,3,1554,3,1115,10,691 1,1,1,1,1,1,1,1,1,1
1955,759,57,204 1,1,1,1
22538,77,14,97,3226,3,1939,26,1296 1,1,1,1,1,1,1,1,1
1040,4,1558,8309,4616,14,91 1,1,1,1,1,1,1
5207,1313,57,14341,6826,13,232,691,1056 1,1,1,1,1,1,1,1,1
136,4,332,97,910,3,908,26,879 1,1,1,1,1,1,1,1,1
103,77,4,145,156,5,239,3,44,304,3,310,97,213,3,502,26,561 1,1,1,1,1,1,1,1,1,1,1,1,1,1,1,1,1,1
577,638,4,11,1726,26,1797,908,14,857 1,1,1,1,1,1,1,1,1,1
214,4,280,3,396,3,11,1128,14,55 1,1,1,1,1,1,1,1,1,1
196,4,311,5625,57,55 1,1,1,1,1,1
311,691,2626,9465,57,55,13,22539,197,57,55,13,3893,7401 1,1,1,1,1,1,1,1,1,1,1,1,1,1
173,1706,1024,1523,225,6,1316,3,963,6,1040,5,12,6,8310,5853,543,13,3893,3527 1,1,1,1,1,1,1,1,1,1,1,1,1,1,1,1,1,1,1,1
886,12,978,12,1677,3,15,320,123,320,643,3,22540,1677,11232,12,6,53,8310,5853 1,1,1,1,1,1,1,1,1,1,1,1,1,1,1,1,1,1,1,1
192,5,104,4,9,36,8,4030,767,13,209,3863,3,211,19,23,137,39 1,1,1,1,1,1,1,1,1,1,1,1,1,1,1,1,1,1
99,393,20,60,630,44,406 1,1,1,1,1,1,1
41,144,772,393,5,1012,400,154,12,15,96,115,987,12,175,129 1,1,1,1,1,1,1,1,1,1,1,1,1,1,1,1
9,58,8,13,641,10,23,196,243,3,16,14,132,96,43,4059,5,14,52,343,17,23,3893,3527 1,1,1,1,1,1,1,1,1,1,1,1,1,1,1,1,1,1,1,1,1,1,1,1
9,117,8,436,198,936,4,2796,2797,14,503 1,1,1,1,1,1,1,1,1,1,1
554,1084,1553,57,781 1,1,1,1,1
6,28,14,1175,10,7468,12,118,288 1,1,1,1,1,1,1,1,1
119,41,492,23,102,27,23,96,115,987,12,175,129 1,1,1,1,1,1,1,1,1,1,1,1,1
2732,1830,9315,3,107 1,1,1,1,1
22541 1
