67,54,4,22527,5875,33,1935,6833,224,281,297,54,4,1604,1299,3,14335,14336,22528,3,4222,5048,414,4,4945,8307,5875,47,4,22529,626,55,2523,4,22530,30,7,61,328,4,40,14,15,5841,767,13,80,39,30,173,22531,935,3,3299,3,1487,3,53,303,822,3,209,590,3,3280,3,3893,3527,3,1158,3,287,3,121,369,17,15,513,7,236 1,1,1,1,1,1,1,1,1,1,1,1,1,1,1,1,1,1,1,1,1,1,1,1,1,1,1,1,1,1,1,1,1,1,1,1,1,1,1,1,1,1,1,1,1,1,1,1,1,1,1,1,1,1,1,1,1,1,1,1,1,1,1,1,1,1,1,1,1,1,1,15,1,1,1,1,1,1,1,12
16,488,49,40,297,1811,65,183,186,6,1581,2832,319 1,1,1,1,1,1,1,1,1,1,1,1,1
16,258,37,16,242,31,1535,37,92,550,52,878 1,1,1,1,1,1,1,1,1,1,1,1
16,90,48,34,3,226,7,184,3,300 1,1,1,1,1,1,1,1,1,1
16,55,11,4698,26,291,34,13,23,39 1,1,1,1,1,1,1,1,1,1
81,7,182,4,376,72 1,1,1,1,1,1
80,39,30,4,35,270 1,1,1,1,1,1
39,4,2566,3,218,141,651,3,3306,3,203 1,1,1,1,13,1,1,1,1,1,11
127,4,11,374,357,127 1,1,1,1,1,1
436,198,936,4,554,1553,290 1,1,1,1,1,1,1
2455,137 1,1
102,77,4,6,28,14,12,11,199,342 1,1,1,1,1,1,1,1,1,1
63,94,22532 1,1,1
140,14,22533,133,14,382,5,145 1,1,1,1,1,1,1,1
155,4,91,10,463,100,97,407,3,1116,26,1065 1,1,1,1,1,1,1,1,1,1,1,1
103,4,145,156,5,239 1,1,1,1,1,1
192,5,104,4,9,36,8,6,308,483,89,14,287 1,1,1,1,1,1,1,1,1,1,1,1,15
772,393,14,10,52,2543,1560,35,60,35,1012,400,154,29,313,3,16,21,68,650,6,297,17,1811,10,3774,65,5,92,208,52,185 1,1,1,1,1,1,1,1,1,1,1,1,1,1,1,1,1,1,1,1,1,1,1,1,1,1,1,1,1,1,1,1
50,1509,10,201,6,1511,7,2458,13,40,297,5,50,420,37,16,86,49,92,19,15,145,1721 1,1,1,1,1,1,1,1,1,1,1,1,1,1,1,1,1,1,1,1,1,1,1
9,58,8,13,641,10,3713,936,483,3,16,20,138,554,1553,89,5,16,41,46,15,492,102,225,6,4241 1,1,1,1,1,1,1,1,1,1,1,1,1,1,1,1,1,1,1,1,1,1,1,1,1,1
2455,57,137 1,1,1
2732,1830,9315,3,107 1,1,1,1,1
22534 1
