67,54,4,22650,5198,2978,318,1141,112,1931,3,6303,4634 1,1,1,1,1,1,1,1,1,1,1,1,1
6836,112,54,4,22651,61,234,4,226,7,184 1,1,1,1,1,1,1,1,1,1,1
30,7,61,234,4,40,14,15,1594,87,302,522,121,61,10,1186,13,226,7,184,2370 1,1,1,1,1,1,1,1,1,1,1,1,1,1,1,1,1,1,1,1,1
18,21,68,387,226,7,184,132,13,300,5,375,89 1,1,1,1,1,1,1,1,1,1,1,1,1
74,14,11,30,7,249,3,11,459,3,5,11,291,34 1,1,1,1,1,1,1,1,1,1,1,1,1,1
18,109,640,7,128,131,2435,34,51,3160,173 1,1,1,1,1,1,1,1,1,1,1
18,21,38,209,188,34,17,87 1,1,1,1,1,1,1,1
80,39,30,4,6,28,21,15,173,80,39,30 1,1,1,1,1,1,1,1,1,1,1,1
30,14,173,17,106,3,71,3,5,817,130,371 1,1,1,1,7,1,4,1,1,1,1,1
18,14,161,315,486,291,2396,5,100,9034,5,161,315,3549,3062 1,1,1,1,1,1,1,1,1,1,1,1,1,1,1
39,4,6,28,14,19,311,39,158,289,3,218,3,706,3,2669,3,1919 1,1,1,1,1,1,1,1,1,1,1,13,1,1,1,1,1,20
102,101,4,425,6,28,981,131,3040 1,1,1,1,1,1,1,1,1
63,94,20,22652,3,1133,1045,20,1035,3551,3,5,130,156,20,8320,63,94,21,557,211,159,18,21,68,425 6,6,6,6,1,1,1,1,1,1,1,1,1,1,1,1,1,1,1,1,1,1,1,1,1,1
227,101,20,44 1,1,1,1
1055,143,1115,44,100 1,1,1,1,1
1239,20,91 1,1,1
136,20,131,280,13,11,1161,715,1453 1,1,1,1,1,1,1,1,1
74,143,232,216,1700,3,11,222 1,1,1,1,1,1,1,1
155,38,128,876,22653,7,6,1767,115,5,128,1065,27,6,649,3,6305,1767,115 1,1,1,1,1,1,1,1,1,1,1,1,1,1,1,1,1,1,1
103,101,275,304,5,310,3,954,2254,3,13,15,1710,213 1,1,1,1,1,1,1,1,1,1,1,1,1,1
214,38,311,7185,5,20,152,5,979,3,13,232,326,327 1,1,1,1,1,1,1,1,1,1,1,1,1,1
74,143,232,133,783 1,1,1,1,1
114,143,44 1,1,1
457,172,4,1348,425,143,44 1,1,1,1,1,1,1
63,366,20,44 1,1,1,1
696,785,20,856,3,824,8884,417,897,20,1618,3,805,9482,48,738,111,504,792,5,15,381,53,792 1,1,1,1,1,1,1,1,1,1,1,1,1,1,1,1,1,1,1,1,1,1,1,1
28,82,99,1132,111,62,891,1138,7,335,3551 1,1,1,1,1,1,1,1,1,1,1
40,1132,20,359,12,1655,7,10668,18,98,38,15,896,1132,12,1604,7,2563,75,111,62,891,1138,7,1320,3551,3,13,504,293,177,425,111,563,363,12,2445,5,128,377,292,82,12,2500,5,2473 1,1,1,1,1,1,1,1,1,1,1,1,1,1,1,1,1,1,1,1,1,1,1,1,1,1,1,1,1,1,1,1,1,1,1,1,1,1,1,1,1,1,1,1,1,1
338,239,19,177,156,223,3255,340,1598,12,230,4,12,6,318,499,6,28,20,676 1,1,1,1,1,1,1,1,1,1,1,1,1,1,1,1,1,1,1,1
18,20,469,19,1133,3,138,62,203,3,5,469,19,15,754,1685 1,1,1,1,1,1,1,1,52,1,1,1,1,1,37,1
18,98,370,128,4584,425 1,1,1,1,37,1
18,98,370,15,22,7,1720 1,1,1,1,1,1,1
11264,528,20,2040,7,6,28,82,805,7,2545,3,934,37,18,38,15,778,490,26,550,464,52,5108,15,778,490,425 1,1,1,1,1,1,1,1,1,1,1,1,1,1,1,1,1,32,32,1,1,1,1,1,1,32,32,1
18,370,247,289,335,22,425,5,2072,244,60 1,1,1,1,1,1,1,1,1,1,1
18,20,3339,1631,5,24,226,7,184,197,10,52,681,476,306,186,18,953,425,12,6,318,499 1,1,1,1,1,1,1,1,1,1,1,1,1,1,1,1,1,1,1,1,1,1,1
603,505,4,817,130,371,13,778,490,3,3339,60,5,2072,10,39 1,1,1,1,1,1,1,32,32,1,1,1,1,1,1,1
566,9,158,534,748,261,8,4,6,28,20,162,10,6,1635 1,1,1,1,1,1,1,1,1,1,1,1,1,1,1
11264,14,2040 1,1,1
18,557,12,211,534,425,5,14,530,10,52,688,115,10,1635,12,15,1103,477 1,1,1,1,1,1,1,1,1,1,1,1,1,1,1,1,1,1,1
534,27,40,85,14,2275 1,1,1,1,1,1
1218,22654,8319,2817,3685,3,107 1,1,1,1,1,1,1
9481,22655,22656,533,43,4,8319,2817,3685,3,107 1,1,1,1,1,1,1,1,1,1,1
9481,250,31,81,43,262,331,250 1,1,1,1,1,1,1,1
