67,54,4,22644,5198,2978,318,1141,112,1931,3,6303,4634 1,1,1,1,1,1,1,1,1,1,1,1,1
6836,30,7,61,234,4,6,28,14,15,4895,522,121,14,161,315,153,761,13,30,7,106,5,71,121,61,640,7,553,226,7,184 1,1,1,1,1,1,1,1,1,1,1,1,1,1,1,1,1,1,1,1,1,7,1,4,1,1,1,1,1,1,1,1
18,38,15,153,761,12,2614,13,30,7,209,153,765 1,1,1,1,1,1,1,1,1,1,1,1,1
18,20,99,162,425,19,1655,1469,17,226,7,184 1,1,1,1,1,1,1,1,1,1,1,1
6,28,21,38,1371,994,5,2190,116,132,17,15,493,65 1,1,1,1,1,1,1,1,1,1,1,1,1,1
11,300,5,375 1,1,1,1
11,970 1,1
11,48,34,26,616 1,1,1,1,1
80,39,30,4,698,43,106,3,71,3,975,604,3,860,3,5,2396 1,1,1,1,1,1,7,1,4,1,1,1,1,1,1,1,1
39,4,2669,3,165,3,962,3,706,3,5,456,3353 1,1,1,1,8,1,1,1,1,1,1,1,1
18,14,98,19,289,3,2261,3,5,22645 1,1,1,1,1,1,1,1,1,1
102,101,4,18,14,1130 1,1,1,1,1,1
316,205,57,44 1,1,1,1
1133,1045,967,42 1,1,1,1
417,63,94,14,22646 6,6,6,6,6
6,896,63,94,14,14381 6,6,6,6,6,6
227,4,44 1,1,1
103,4,11,213,26,502 1,1,1,1,1,1
155,4,876,100,3,51,11,407 1,1,1,1,1,1,1,1
214,4,152,5,396,13,232,326,327 1,1,1,1,1,1,1,1,1
114,4,565,975,93,433,783 1,1,1,1,1,1,1
352,4,204 1,1,1
457,172,4,1348,425,57,44 1,1,1,1,1,1,1
347,14,4173,232 1,1,1,1
18,20,2750,19,1655,6103,18,14,2628,132,3,470,18,21,265,12,347 1,1,1,1,1,1,1,1,1,1,1,1,1,1,1,1,1
696,785,14,3127,5,824,7,8863,177,111,338,239,27,967,3,302,53,692,1394,3,5,11,199,84 1,1,1,1,1,1,1,1,1,1,1,1,1,1,1,1,1,1,1,1,1,1,1,1
48,738,111,118,209,350,93,5,302,381,70,997,633,221 1,1,1,1,1,1,1,1,1,1,1,1,1,1
278,9,158,451,8,4,6,153,1191,14,425 1,1,1,1,1,1,1,1,1,1,1
6,1401,21,68,235,13,6,153,1191 1,1,1,1,1,1,1,1,1
162,505,4,817,130,371,5,106 1,1,1,1,1,1,1,7
566,9,158,534,748,261,8,4,6,28,14,530,10,52,162,10,6,153,594,3,162,10,64,9478,7395 1,1,1,1,1,1,1,1,1,1,1,1,1,1,1,1,1,1,1,1,1,1,1,1,1
162,12,211,534 1,1,1,1
1218,22647,8319,2817,3685,3,107 1,1,1,1,1,1,1
9481,22648,22649,533,43,4,8319,2817,3685,3,107 1,1,1,1,1,1,1,1,1,1,1
9481,250,31,81,43,262,331,250 1,1,1,1,1,1,1,1
