67,54,4,22657,5198,2978,318,1141,112,1931,3,6303,4634 1,1,1,1,1,1,1,1,1,1,1,1,1
6836,112,54,4,22658,122,2518,43,64,5508,14382 1,1,1,1,1,1,1,1,1,1,1
50,98,749,6,28,5,81,64,14382,82,30 1,1,1,1,1,1,1,1,1,1,1
30,7,61,234,4,40,1364,1882,428,468,66,22659,834,18,387,1983,48,34,584,10,24,53,303,1143,6,1182,7,6,1197 1,1,1,1,1,1,1,1,1,1,1,1,1,1,1,1,1,1,1,1,1,1,1,1,1,1,1,1,1
18,98,640,7,226,7,184 1,1,1,1,1,1,1
18,55,128,300,3,51,11,375 1,1,1,1,1,1,1,1
18,38,11,174,422,116 1,1,1,1,1,1
18,21,38,11,356,30,7,48,34 1,1,1,1,1,1,1,1,1
18,20,138,754,123,117,5,40,2851,1307,24,34 1,1,1,10,1,1,1,1,1,1,1,1
80,3437,30,4,158,2584,153,76,3,181,120,76,13,15,556,466,51,97,88,48,34,27,6,85,3,5,165,1048,71,324,75,208,3396,17,24,356,103,30,97,48,34 1,1,1,1,1,1,1,1,1,10,10,10,1,1,3,3,1,1,1,1,1,1,1,1,1,1,4,4,4,4,1,1,1,1,1,1,1,1,1,1,1
127,4,1339,5,1846,39,4,203,5,4389 1,1,1,1,1,1,1,11,1,1
102,101,4,316,205,4,63,94,22660,3,133,1914,3,1481,900,3,1133,1045,1183,42 1,1,1,1,1,1,6,6,6,6,1,1,1,1,1,1,1,1,1,1
207,4,6,28,14,1250,12,11,199,342 1,1,1,1,1,1,1,1,1,1
413,5,136,4,1172,3,1121 1,1,1,1,1,1,1
1055,877,5,1115 1,1,1,1
2369,703 1,1
1439,14,7,44,6032,5,4081 1,1,1,1,1,1,1
136,14,332 1,1,1
11,1161,715,1453 1,1,1,1
155,4,57,91,100 1,1,1,1,1
103,4,145,156,5,239 1,1,1,1,1,1
304,3,310,3,13,11,213,3,502,26,561 1,1,1,1,1,1,1,1,1,1,1
214,4,152,5,979,13,44,326,327 1,1,1,1,1,1,1,1,1
114,4,11,743,3,750,26,93,26,277 1,1,1,1,1,1,1,1,1,1
273,4,28,14,410,5,642,123,195,18,1170,233,114 1,1,1,1,1,1,1,1,1,1,1,1,1
21,675,628,5,233,637,5,443,473,5,194,670,100 1,1,1,1,1,1,1,1,1,1,1,1,1
44,511,10,691,1008,928 1,1,1,1,1,1
457,4,696,63,763,785,929,3,824,11271,345,20,365,27,22661,313,3,18,21,3353,7,900,3,470,18,14,1019,31,12,71,14383 1,1,1,1,1,1,1,1,1,1,1,1,1,1,1,1,1,1,1,1,1,1,1,1,1,1,1,1,1,1,1
392,2018,3,347,14384,2418,20,12926,48,738,20,72 1,1,1,1,1,1,1,1,1,1,1,1
1145,111,44,338,239,13,53,692,1394,5,4346,7394,804,84 1,1,1,1,1,1,1,1,1,1,1,1,1,1
1851,128,563,363,12,645,3,1016,5,1415,3,5,1672,73,804,12,2729,3,58,3,117,3,5,253,516,4882,5,438,12,230,4,12,6,124,6,28,242,31,46,268,48,34,425 1,1,1,1,1,1,1,1,1,1,1,1,1,1,1,1,1,1,1,1,1,1,1,1,1,1,1,1,1,1,1,1,1,1,1,1,1,1,1,1,1,1,1
18,20,162,17,48,34,5,17,826,319,778,490,10,6,39,594 1,1,1,1,1,1,1,1,1,1,1,1,1,1,1,1
603,505,4,826,319,778,490,566,9,158,534,748,261,8,4,162 1,1,1,1,1,1,1,1,1,1,1,1,1,1,1,1
1218,22662,6306,14385,3,107 1,1,1,1,1,1
14386,22663,22664,533,43,4,6306,14385,3,107 1,1,1,1,1,1,1,1,1,1
14386,250,31,81,43,262,331,250 1,1,1,1,1,1,1,1
