67,54,4,22684,7474,436,499,7474,281,297,424,1907,14393,563,7475,3,4805,14394,3,241,14395,9483,14396,14397,282,4,6,28,14,15,2470,87,302,498,13,311,39,147,121,61,17,1078,96,115 1,1,1,1,1,1,1,1,1,1,1,1,1,1,1,1,1,1,1,1,1,1,1,1,1,1,1,1,1,1,1,1,1,1,1,1,1,1,1,1,1,1,1,1
137,483,4,176,1609,788,71,324 1,1,1,1,4,4,4,4
6,28,38,15,733,398,620,15,129,5,15,1814,183,3,75,20,22685,119,235,40,12,6,668,89,3,13,6,207,14398,37,3881,121,14,49,544,1050,7,165,15,65,546,46,681,14399,179 1,1,1,1,1,1,1,1,1,1,1,1,1,1,1,1,1,1,1,1,1,1,1,1,1,1,1,1,1,1,1,1,1,1,1,1,1,8,1,1,1,1,1,1,1
16,258,16,21,68,96,23,951,2587,3,693,162,37,598,4942,10,191,40 1,1,1,1,1,1,1,1,1,1,1,1,1,1,1,1,1,1
23,137,389,14,1294,189,7,596,12,6,495,13,125,189,7,145 1,1,1,1,1,1,1,8,1,1,1,1,1,1,1,1
27,1350,3,16,14,49,1294,189,7,596,5,320,189,7,145,27,14400 1,1,1,1,1,1,1,1,1,8,1,1,1,1,1,1,1
16,90,88,116,7,1292 1,1,1,1,1,1
178,776 1,15
7,55,3,6,28,95,1204,15,277,10,23,736 1,1,1,1,1,1,1,1,1,1,1,42
40,538,19,6,1285,7,6,736 1,1,1,1,1,1,1,42
7,55,3,23,372,95,393,20,14401,12,1135,3,5287,16,21,1818,13,6,5879,10,235,6,3724,7,15,11273,353,3,5,258,37,16,527,10,1358,1978 1,1,1,1,45,45,45,45,45,1,1,1,1,1,1,1,1,1,1,1,1,1,1,1,1,1,1,1,1,1,1,1,1,1,1,1
195,715,765,507,10,1672,715,2025 1,1,1,1,1,1,1,1
6,28,258,16,14,191,476,159,6,3724,7,15,10291,3892 1,1,1,1,1,1,1,1,1,1,1,1,1,1
16,464,55,173,93,186,16,109,887,2034,40,3,51,55,62,265,12,1127,186,16,14,2581,13,6,3892 1,1,1,1,1,1,1,1,1,1,1,1,1,1,1,1,1,1,1,1,1,1,1,1,1
102,101,4,63,94,4,8957 1,1,1,1,1,1,1
130,156,4,4865,386,156,4,625,5,2478 1,1,1,1,1,1,1,1,1,1
103,77,4,145,156,5,239,3,44,304,5,310,3,11,213 1,1,1,1,1,1,1,1,1,1,1,1,1,1,1
155,57,91,10,463 1,1,1,1,1
214,4,152,3,979,3,280,3,13,308,326,327 1,1,1,1,1,1,23,1,1,1,1,1
114,111,11,743,26,750 1,1,1,1,1,1
74,14,433,975,93,7,6,70,194,114,3,75,14,1495,13,15,10291,3892 1,1,1,1,1,1,1,1,1,1,1,1,1,1,1,1,1,1
322,198,557,1349 1,1,1,1
339,4,176,1609,788,71,324 1,1,1,4,4,4,4
119,41,118,6,28,82,495,596,228,10,171,189 1,1,1,1,1,1,1,8,1,1,1,1
16,41,711,465,527,10,1639,312,2581,13,23,353 1,1,1,1,1,1,1,1,1,1,1,1
16,41,52,503,17,15,96,115,2728,101 1,1,1,1,1,1,1,1,1,1
178,776 1,15
119,41,659,650,8046,340,138,23,95,277,10,22686 1,1,1,1,1,1,1,1,1,1,1,42
119,41,3601,15,772,520,1597,35,60,35,15,481,7,2527,82 1,1,1,1,1,1,1,1,1,1,1,1,1,1,1
7474,436,499,7474,281,297,424,5326,14393,563,7475,3,4805,14394,3,241,14395,9483,14396,14397,1167,58,195,207,436,936 1,1,1,1,1,1,1,1,1,1,1,1,1,1,1,1,1,1,1,1,1,1,1,1,1,1
119,41,711,465,503,15,96,115,101,13,6,5879,35,60,35,6,3948 1,1,1,1,1,1,1,1,1,1,1,1,1,1,1,1,1
16,41,1107,15,3229,7,23,366,5,96,115,13,271,12,6,224,12,620,175,10,267,129 1,1,1,1,1,1,1,1,1,1,1,1,1,1,1,1,1,1,1,1,1,1
2860,2140,5446,3,107 1,1,1,1,1
22687,4,22688,22689,22690,22691,56,56,56,56,56,56,56,56,56,56,56,56,56,56,56,56,56,56,56,56,56,56,56,56,56,56,56,56,56,56,56,56,56,56,56,56,56,56,3121,11274,3,6309,14402,3,107 1,1,1,1,1,1,1,1,1,1,1,1,1,1,1,1,1,1,1,1,1,1,1,1,1,1,1,1,1,1,1,1,1,1,1,1,1,1,1,1,1,1,1,1,1,1,1,1,1,1,1
55,4,79,221,13,64,5446 1,1,1,1,1,1,1
277,538,650,736 1,1,1,42
63,366,5,148,11275,179 1,1,1,1,1,1
740,13,104,10,118,148,254,5,22692,7212,312,976 1,1,1,1,1,1,1,1,1,1,1,1
772,520,1597,169,10,1494,1163 1,1,1,1,1,1,1
6309,11274,3,229,250,2412,43,262,11274,3,6309,14402,3,107 1,1,1,1,1,1,1,1,1,1,1,1,1,1
250 1
