67,54,4,22838,22839,3,22840,3,11295,50,172,40,28,2028 1,1,1,1,1,1,1,1,1,1,1,1,1,1
50,2477,13,461,35,55,19,6,39,67,3,6315,6,198,35,1007,43,6,385,12,6,318,499 1,1,1,1,1,1,1,1,1,1,1,1,1,1,1,1,1,1,1,1,1,1,1
30,7,61,328,4,12,1922,3,40,14,15,3938,358,13,234,7,48,453,19,380,17,6,80,1062,113,139,2429,11296 1,1,1,1,1,1,1,1,1,1,1,1,1,1,1,1,1,1,1,1,1,1,1,1,1,1,1,1
6,28,1005,116,465,89 1,1,1,1,1,1
16,454,23,22841,331,121,781,201,10,6,318,499,17,1019,168 1,1,1,1,1,1,1,1,1,1,1,1,1,1,1
6,28,21,38,15,169,30,7,637,614,243,5,267,251,469,12,22842,139,1075,255 1,1,1,1,1,1,3,3,3,3,3,3,3,3,3,3,3,3,3,3
6,28,21,68,191,60,159,5,95,21,387,627,116 1,1,1,1,1,1,1,1,1,1,1,1,1
16,14,96,43,64,6582,5,732,64,6582,82,668,121,781,201,10,6,318,499 1,1,1,1,1,1,1,1,1,1,1,1,1,1,1,1,1,1,1
16,90,48,34,27,427 1,1,1,1,1,1
16,109,31,46,291,34 1,1,1,1,1,1
11,34,584,10,6,188 1,1,1,1,1,1
11,226,7,184,3,796,3,26,475,116 1,1,1,1,1,1,1,1,1,1
80,39,30,4,106,5,181,120,76 1,1,1,1,7,1,10,10,10
80,591,30,4,35,55,3,80,591,30,14,251,849 1,1,1,1,1,1,1,1,1,1,1,1,1
206,30,4,80,699,6842 5,5,5,5,5,5
150,30,4,2101 1,1,1,1
81,7,182,4,173,17,37,75,14,55,19,6,282 1,1,1,1,1,1,1,1,1,1,1,1,1
233,174,116,57,72,35,55,12,6,39,67 1,1,1,1,1,1,1,1,1,1,1
39,4,395,510,10,6,940 1,1,1,1,1,1,1
102,101,4,316,205,57,35,55,12,6,39,67 1,1,1,1,1,1,1,1,1,1,1,1
50,101,40,28,5,740,13,102,77,461,35,55,19,6,67 1,1,1,1,1,1,1,1,1,1,1,1,1,1,1
395,510,10,6,940 1,1,1,1,1
7,55,3,6,28,21,11,1149,102,77,461,3,15,703,102,101 1,1,1,1,1,1,1,1,1,1,1,1,1,1,1,1
457,532,4,401 1,1,1,1
177,14,44,338,239,13,3644,292,804,12,1016,3,2445,51,376,44,3,11,199,2894,804,84 1,1,1,1,1,1,1,1,1,1,1,1,1,1,1,1,1,1,1,1,1,1
6,28,14,137,34,770 1,1,1,1,1,1
192,5,39,1771,810,4,40,14,15,3938,358,13,166,211,695,37,14,627,12,7097 1,1,1,1,1,1,1,1,1,1,1,1,1,1,1,1,1,1,1,1
16,41,52,162,10,528 1,1,1,1,1,1
50,235,40,1401,13,6,1448,19,454,3,64,22843 1,1,1,1,1,1,1,1,1,1,1,1
6,28,41,52,162,17,268,1168,5,1964,7,593,134,1936 1,1,1,1,1,1,1,1,1,1,1,1,1,1
497,8329,3,11295,107 1,1,1,1,1
487,4,14437,292,4,14437,533,43,4,8329,3,11295,746,22844,3660,250,31,81,43,262,331,250 1,1,1,1,1,1,1,1,1,1,1,1,1,1,1,1,1,1,1,1,1,1
