67,54,4,22875,14456,140,599,2277,11306,1073,3,1990,1109,8332,3,1867,14457,2449 1,1,1,1,1,1,1,1,1,1,1,1,1,1,1,1,1,1
14458,2820 1,1
14459,417,39,278,513,510,43,4,64,9504,7368,3,14460,3,9,451,14,1265,6520,3,6095,8,17,2387,172,7,280,5,1631,7,516,2076 1,1,1,1,1,1,1,1,1,1,1,1,1,1,1,1,1,1,1,1,1,1,1,1,1,1,23,1,1,1,1,1
28,14,52,172,5064,43,15,3063,5,15,11307 1,1,1,1,1,1,1,1,1,1,1
14461,282,4,28,14,15,1483,87,302,358,3,13,140,4,5727,9,5409,8,842,2012,4,1106,2693,2551,4,223,1294,5,13,9505,698,35,1003,998 1,1,1,1,1,1,1,1,1,1,1,1,1,1,1,1,1,1,1,1,1,1,1,51,51,51,51,1,1,23,23,1,1,1
1264,479,223,140,158,4,484,50,272,225,5,399,887,488,408 1,1,1,1,1,1,1,1,1,1,1,1,1,1,1
79,631,16,399,887,488,724,139,2100,973,3,299,14462,3,1775,3,2069,3,3872,3,9,20,138,7356,5,1405,167,17,40,3,5,21,265,954,14463,42,8,724,1576,14464,7,4076,1455,135,65,3,724,35,1775,35,16,190,3,1889,17,955,991 1,1,1,1,1,1,1,1,1,1,1,1,1,1,1,1,1,1,1,1,1,1,1,1,1,1,1,1,1,1,1,1,1,1,1,1,1,1,1,1,1,1,1,1,1,1,1,1,1,1,1,1,1,1,1,1,1
4684,16,41,191,3023,1775,3,5,157,1148,15,484,14465,408,10,575,14466,2171 1,1,1,1,1,1,1,1,1,1,1,1,1,1,1,1,1,1
21,2944,3,14,12,484,2391,258,408,132,3,13,9506,7,394,11308,5,6317 1,1,1,1,1,1,1,1,1,1,1,1,1,1,1,1,1,1
21,14467,229,3,704,23,1780,422,10,484,1263,1596,6318,408 1,1,1,1,1,1,1,1,1,1,1,1,1,1
38,6252,728,255,4519,58,991,183 1,1,1,1,1,1,1,1
6286,17,58,65,186,1668,949,6317 1,1,1,1,1,1,1,1
3952,10,157,3976 1,1,1,1
3952,10,5840,6317,468,19,3,5352,3,602,160,17,391,3,14468,942,3,5004,8802 1,1,1,1,1,1,1,1,1,1,1,1,1,1,1,1,1,1,1
551,575,1946,40 1,1,1,1
3976,530,11309,3,11310,10,14469,3,321,3,2355,10,2524 1,1,1,1,1,1,1,1,1,1,1,1,1
3376,134,3976,1125,368,285,17,724 1,1,1,1,1,1,1,1
15,1399,1125,14,10,157,615,4368,1599,26,14470,7346,75,46,285,10,6686,23,6319 1,1,1,1,1,1,1,1,1,1,1,1,1,1,1,1,1,1,1
3952,1775,14,4520 1,1,1,1
3772,10,14471,43,573,27,440,2001,6290,3,14472,3,4516,12 1,1,1,1,1,1,1,1,1,1,1,1,1,1
39,14473,810,201,190,6,1122,1767 1,1,1,1,1,1,1,1
21,21,38,2355,340,17,485,3,636,17,4520 1,1,1,1,1,1,1,1,1,1,1
704,16,208,160,340,13,655,314,1572 1,1,1,1,1,1,1,1,1
301,403,4,126,4070,3,704,92,82,575,14474,23,6319 1,1,1,1,1,1,1,1,1,1,1,1,1
41,46,3214,540,17,34 1,1,1,1,1,1
140,30,4,788,7,14475,4,14476,14477 1,1,1,1,1,1,1,1,1
1602,4519,3201,6276,140,4,14478,442,3704,9,3614,1363,1603,13,3206,2395,5,138,706,8,438,3,2990,5,1302,7,140,1001,4,7456 1,1,1,1,1,1,1,1,1,1,1,1,1,1,1,1,1,1,1,1,1,1,1,1,1,1,1,1,1,1
1261,655,12,8333,3,7482,27,7483,47,3,40,655,4519,14479 1,1,1,1,1,1,1,1,1,1,1,1,1,1
655,1001,788,220,4067,3,79,2741,3,394,5512 1,1,1,1,1,1,1,1,1,1,1
1629,7,7175,5,308,225,6,87 1,1,1,1,1,1,1,1
602,85,17,7167,308,35,1344,14480,43,23,871,3535 1,1,1,1,1,1,1,1,1,1,1,1
1001,1294,47,19,706,123,210,991 1,1,1,1,1,1,1,1
1001,125,47,225,99,955,991,220,14481,724,35,270 1,1,1,1,1,1,1,1,1,1,1,1
150,140,403,4,719,20,11311,166,79,3,832,853,47,5,550,484,14482,88,498,5,636,1001,655,408 1,1,1,1,1,1,1,1,1,1,1,1,1,1,1,1,1,1,1,1,1,1,1,1
724,1215,4,6252,367,421,724,367,2039,6319,367,11,190,296,367,2633,724,80,296,367,2633,296,402,135,5879,55 1,1,1,1,1,1,1,1,1,1,1,1,1,1,1,1,1,1,1,1,1,1,1,1,1,1
3382,14483,7,724,4,122,282,288,4,1230,11312,14484,3,8333,7482,3,14485,7482,3,539,9507,1197,3,11166,17,125,991,220,551 1,1,1,1,1,1,1,1,1,1,1,1,1,1,1,1,1,1,1,1,1,1,1,1,1,1,1,1,1
137,321,4910,210,2331,15,65,3,484,31,27,3582,5380,408 1,1,1,1,1,1,1,1,1,1,1,1,1,1
169,39,9480,655,1001,9,71,3,3956,3,1202,3,1808,8,4,706,210,87,3075,1326,9,4427,3,2597,3,3744,3,2566,8,33,11,655,1001,1762 1,1,1,1,1,1,4,1,1,1,1,1,1,1,1,1,1,1,1,1,1,1,1,1,1,1,1,1,1,1,1,1,1,1
1101,27,140,314,4,484,41,3270,5,2307,115,6,288,408 1,1,1,1,1,1,1,1,1,1,1,1,1,1
14486,1603 1,1
402,135,5879,55 1,1,1,1
140,314,39,4,14487,1261,125,47 1,1,1,1,1,1,1,1
5879,4,11 1,1,1
674,33,280,698,4,212,3,2312,695,58,255,3,251,123,58,27,4369,10476,21,38,1168,27,11179,224,252,11313,71,317,58,3,7484,398,14488,165,253,14489,588,10820,348,8878,374,3603 1,1,23,1,1,10,1,19,19,19,19,1,3,3,3,1,1,1,1,1,1,1,1,1,11,1,4,4,4,1,1,1,1,8,1,1,1,1,17,1,1,1
89,1538,14,9508,9,409,601,180,8 1,1,1,1,1,1,1,1,1
142 7
4917,3084,391,1274,3,131 13,1,1,1,1,1
11,1149,1571 1,1,1
98,3872,248,771,3,575,43,2456 1,1,1,1,1,1,1,1
776 15
236,1079,5882,3614,188,34 12,1,1,1,1,1
14490,3,4948,4426,3,4871,1013 1,1,1,1,1,1,1
7026,1050,27,34,224,3,99,1014,129 1,1,1,1,1,1,1,1,1
208,46,9509,5201,3214 1,1,1,1,1
1957,384 1,1
59,4328,7484,861,1419,123,178,399,9510 1,1,1,1,1,1,1,1,1
5794 1
14491,931 1,1
6320,1743,253,3722,33,174,4,1220,14492,1712,3255,2944,645 1,1,1,1,1,1,1,1,1,1,1,1,1
417,5108,66,2069,363,788,13,2395,3,14493,7481,7367,2456,7386,305,3206,2395,33,61,13,1549,1355,697,7,3505,1443,3,1363,3614,126,10,122,64,3471,4773,14494,3,27,4369,12,4687,3,138,14495,9,525,938,13,5200,8,9,6654,7485,33,442,4475,14496,8,75,1049,2395,530,949,4237,3,14497,488 1,1,1,1,1,1,1,1,1,1,1,1,1,1,1,1,1,1,1,1,1,1,1,1,1,1,1,1,1,1,1,1,1,1,1,1,1,1,1,1,1,1,1,1,1,1,1,1,1,1,1,1,1,1,1,1,1,1,1,1,1,1,1,1,1,1,1
5200,36,22,4318,82,4726,256,585,831,11314,3,210,255,3,5795 1,1,1,1,1,1,1,1,1,1,1,1,1,1,1
3607,3293,1283 9,1,1
110,2704,1634,9,625,1173,8,110,2790,2923,292,78,15,39,4,1253,3,1628,872,7481,5200,1712,3607,4917,236,348,6320,1743,2456,3,2400,25,305,252,3,1026,25,32,22876,14498,14499,14500,49,6585,135,487,254,127,4,2813,33,2816,150,30,4,135,3490,940,206,30,4,11,699,12,6,80,14501,7,8334,220,788,7,6317 1,1,1,1,1,1,1,1,1,1,1,1,1,1,1,1,1,1,1,1,1,1,9,13,12,17,1,1,1,1,1,1,1,11,1,1,1,1,1,1,1,1,1,1,1,1,1,1,1,1,1,1,1,1,1,1,1,1,1,1,1,14,14,1,1,1,1,1,1,1,1,1,1
11,3817,357,245,13,551 1,1,1,1,1,1
58,1609,727 1,1,1
285,4,38,1940,4720,597,2395,505 1,1,1,1,1,1,1,1
3561,11315,319,7,6185 1,1,1,1,1
81,7,698,7,14502,4,71,4,11,1393,3,11,1968,3,11,3081,889 1,1,1,1,1,1,4,1,1,1,1,1,1,1,1,1,1
612,76,4,11,529,220,380,3,11,109,3,11,418,3,11,93,3,11,725 1,1,1,1,1,1,1,1,1,1,1,1,1,1,1,1,1,1,1
350,4,11,407,3,11,209,263 1,1,1,1,1,1,1,1
812,4,11,2161,3,11,1504,3,11,478,4689,3,11,2120,34 1,1,1,1,1,1,1,1,1,1,1,1,1,1,1
5053,4,11,3413,34,26,14503,422,453,139,724,3839,1199 1,1,1,1,1,1,1,1,1,1,1,1,1
1012,76,4,11,30,26,341,709,174,306,280 1,1,1,1,1,1,1,1,1,1,23
1058,4,11,657,34,196,4,11,277 1,1,1,1,1,1,1,1,1
11,1266 1,1
352,4,11,21,3,11,256,413,1297,3966,13,280,788,3,11,4254,3,11,2505,1745,341,4,367,11,256,6649,3,11,2915,813,373,1018,367,895,367,102,77,4,316,4,148,4,8335,523,4,1247,136,11316,787 1,1,1,1,1,1,1,1,1,1,1,23,1,1,1,1,1,1,1,1,1,1,1,1,1,1,1,1,1,1,1,1,1,1,1,1,1,1,1,1,6,6,6,1,1,1,1,1,1
296,471,7,1246 1,1,1,1
207,131,280 23,23,23
797 1
5878,44 1,1
1042,91 1,1
2222,31,2419 1,1,1
11,136,222 1,1,1
11,8317,8318 1,1,1
11,879,26,635,455,11,14504 1,1,1,1,1,1,1
155,751,1345 1,1,1
11,362,7185 1,1,1
952 1
2651 1
11,969 1,1
187,7,1017,6233,1039 1,1,1,1,1
11,634,93 1,1,1
11,2539,618 1,1,1
11,277 1,1
11,4850,7486 1,1,1
352,2214 1,1
44,700,5,942 1,1,1,1
532,4,9,1664,149,5,264,8,865,3799,870,1733,772,165,210,1573,1538,9508,9,409,601,180,8,9511,4,1483,1741 1,1,1,1,1,1,1,1,1,1,1,1,1,8,1,1,1,1,1,1,1,1,1,1,1,1,1
358,13,280,3,2551,1139,1294,3,13,374,698,35,1003,270 1,1,23,1,51,51,51,1,1,1,1,1,1,1
11,301,39,801,1946 1,1,1,1,1
646,7,40,28,82,280,158,7456,11077,3,80,39,9,706,3,4175,367,8,3,14505,724,422,10,11317,6811,7,2944,328 1,1,1,1,1,23,1,1,1,1,1,1,1,1,1,1,1,1,1,1,1,1,1,1,1,1,1,1
1025,172,1180,420,15,2387,1572,7,5213,1335,2160,2417,911,3671,3,2683,179,3,1199,4292,3,2314 1,1,1,1,1,1,1,1,1,1,1,1,1,1,1,1,1,1,1,1,1,1
5,8336,1331,2417,3382,9154,10,724,5,140,1001 1,1,1,1,1,1,1,1,1,1,1
510,10,2737,2917,5066,3,5,8337,3657,3,2055 1,1,1,1,1,1,1,1,1,1,1
79,41,86,288,9,321,210,9507,8 1,1,1,1,1,1,1,1,1
208,118,6,3582,2348 1,1,1,1,1
16,98,104,10,126,6321,3,5,208,530,10,15,188,288,1915,135,6,34,224 1,1,1,1,1,1,1,1,1,1,1,1,1,1,1,1,1,1,1
16,190,6758,10,22877 1,1,1,1,1
27,15,525,85,119,368,482,39,9,12,40,1401,3,11318,8 1,1,1,1,1,1,1,1,1,1,1,1,1,1,1
235,1468,7,399,9510,1419 1,1,1,1,1,1
118,633,3,157,6632,961,3022,7,5306,3,512,1278,1867,3,377,14506,4129 1,1,1,1,1,1,1,1,1,1,1,1,1,1,1,1,1
439,220,271,58,33,755,2302 1,1,1,1,1,1,1
442,215,42,7,6,14507,112,20,1858,1331,6,28,223,6,1399,9512,7,280,5,9505,534,3,5,6,270,516,104 1,1,1,1,1,1,1,1,1,1,1,1,1,1,1,1,1,23,1,1,1,1,1,1,1,1,1
233,664,2730 1,1,1
8330,11198,3,229,426,4,64,9504,7368,9,3389,8,451,3,64,1265,6520 1,1,1,1,1,1,1,1,1,1,1,1,1,1,1,1,1
