67,54,4,22888,273,262,1933,4,1102,615,3,6707,85,7,77,22889,973,28,4,3987,11320,404,17,168,4,555,3,700,3426,3,944,1341,50,38,6,1174,7,2784,293,3864,121,21,68,162,10,6,273,594,17,172,5,355 1,1,1,1,1,1,1,1,1,1,1,1,1,1,1,1,1,1,1,1,1,1,1,1,1,1,1,1,1,1,1,1,1,1,1,1,1,1,1,1,1,1,1,1,1,1,1,1,1,1,1,1
1291,13,6,273,385,3,50,1150,1187,3,101,3,5,1331,6,28,3,660,6,30,5,461,3,81,67,5,264,3,5,235,6,339,5,420 1,1,1,1,1,1,1,1,1,1,1,1,1,1,1,1,1,1,1,1,1,1,1,1,1,1,1,1,1,1,1,1,1,1
17,1470,402,7,22890,3,5,192,78,1071,29,104,3,395,510,10,6,273,385,162,55,43,64,2732,5214,9,5,998,845,808,192,8 1,1,1,1,1,1,1,1,1,1,1,1,1,1,1,1,1,1,1,1,1,1,1,1,1,1,1,1,1,1,1,1
579,582,2535,141,182,57,72,9,35,55,12,273,55,8,708,35,55,12,22891,5,385,82,55 1,1,1,1,1,1,1,1,1,1,1,1,1,1,1,1,1,1,1,1,1,1,1
3856,5,3884,273,77,35,55,12,273,385,55 1,1,1,1,1,1,1,1,1,1,1
7,55,3,14512,3,20,4297,51,2957,10,2222,5,1749,410,3,2067,10,101,3,51,38,504,7487,4711 1,1,1,1,1,1,1,1,1,1,1,1,1,1,1,1,1,1,1,1,1,1,1,1
20,2335,2663,5,96,3435,311,2307,1965,2535,1017 1,1,1,1,1,1,1,1,1,1,1
642,10,22892 1,1,1
1328,2964,3435,2067,9,14513,3854,344,10,3745,3,5076,4350,1031,10,1374,5,286,1031,2051,465,8 1,1,1,1,1,1,1,1,1,1,1,1,1,1,1,1,1,1,1,1,1,1
449,10,582,1549,2067,5,285,1002,22893,8332,2175,22894,7023,139,15,896,2169 1,1,1,1,1,1,1,1,1,1,1,1,1,1,1,1,1
2711,4,2232,968,2151 1,1,1,1,1
22895,204,414,17,365,5,266,1206,4894,708,14514,5,38,128,131,5643,2964 1,1,1,1,1,1,1,1,1,1,1,1,1,1,1,1,1
1002,4,745,232,402,7,95,927,158,124 1,1,1,1,1,1,1,1,1,1
5883,414,5,2417,4,1006,4946,56,78,840,29,9514,1773,12,108,1644,56,78,840,29,4860,7164,66,15,1003,22896,2339,1139,4225,5,7488,2721,4,47,7,9515,12,6843,22897,1139,1651,504,2964,14515,22898,37,265,220,3916,14355,51,464,500,59,78,840,29,1252,11,22899,3,4217,3,13800,1242,26,9516 1,1,1,1,1,1,1,1,1,1,1,1,1,1,1,1,1,1,1,1,1,1,1,1,1,1,1,1,1,1,1,1,1,1,1,1,1,1,1,1,1,1,1,1,1,1,1,1,1,1,1,1,1,1,1,1,1,1,1,1,1,1,1,1,1,1,1
1626,4,484,266,974,808,491,21,373,37,4780,10,6,1083,408,29,1246,4,22900 1,1,1,1,1,1,1,1,1,1,1,1,1,1,1,1,1,1,1
925,82,1544,204,3,232,115,5,467,4315,5,968,247,26,4131,925,3637 1,1,1,1,1,1,1,1,1,1,1,1,1,1,1,1,1
11,760,3,5283,656,3,2006,3,9517,3,26,2363,2771 1,1,1,1,1,1,1,1,1,1,1,1,1
1341,51,3461,14516,3,6060,3,6819 1,1,1,1,1,1,1,1
296,1010,3,409,2329,82,5,1256 1,1,1,1,1,1,1,1
1683,922,3224 1,1,1
131,1441,3892,22901,7,22902,394,248,10,14089 1,1,1,1,1,1,1,1,1,1
10411,131,2964 1,1,1
775,10,1210,220,764,4024,744,220,412,1436 1,1,1,1,1,1,1,1,1,1
504,6844,527,10,1210,5,504,10,170,6844,968,2270,2590,19,14517 1,1,1,1,1,1,1,1,1,1,1,1,1,1,1
22903,649,3,381,2307,978,220,266,22904,3,8797,5,220,6844,3,1341,156,220,141,2307,4189,14518,3249,220,5294,9,3854,8 1,1,1,1,1,1,1,1,1,1,1,1,1,1,1,1,1,1,1,1,1,1,1,1,1,1,1,1
11,22905,26,22906,3,11,9518,2670 1,1,1,1,1,1,1,1
5278,4,7,55,392,1299,3,819,1715,3,653,1137,3,333,11321,3,349,3810,22907,4,1150,81,333,33,131,742,3207,3,11,14519,4696,26,4905,26,22908,22909 1,1,1,1,1,1,1,1,1,1,1,1,1,1,1,1,1,1,1,1,1,1,1,1,1,1,1,1,1,1,1,1,1,1,1,1
192,4,4,166,2970,5365,13,131,185,7,8339,12,3157,7,2859,413,1297 1,1,1,1,1,1,1,1,1,1,1,1,1,1,1,1,1
19,77,111,7487,4711,3,2964,2383,3,5643,9,158,1002,5,3487,8,3,2919,22910,158,22911,19,14515,3,5,285,1002 1,1,1,1,1,1,1,1,1,1,1,1,1,1,1,1,1,1,1,1,1,1,1,1,1,1,1
16,98,21,504,6844,19,77,984,19,14517,306,2270,3,5,14520 1,1,1,1,1,1,1,1,1,1,1,1,1,1,1
23,3207,57,131,989,12,3157,7,207,2440,2674,37,14,31,4417,14521,17,23,2608,440 1,1,1,1,1,1,1,1,1,1,1,1,1,1,1,1,1,1,1,1
788,7,23,923,82,158,100,555,768,35,2550,22912,94,27,789,10672,220,2121 1,1,1,1,1,1,1,1,1,1,1,1,1,1,1,1,1,1
584,22913,1049,984,43,1417,467,17,128,85,9,984,12,6,495,8,5,476,12,6,2441,26,139,983,26,1210 1,1,1,1,1,1,1,1,1,1,1,1,1,1,1,1,1,1,1,1,1,1,1,1,1,1
11,2766,889,51,131,300,968,375 1,1,1,1,1,1,1,1
11,9518,2670,26,22914 1,1,1,1,1
11,22915,12,511 1,1,1,1
768,244,91,7487,4711,159,671,667,158,2964,22916,3,1002,5,3487,5643,3,5,114,1341,12,944,1178,9,158,1164,33,157,10,52,15,5380,22917,5,132,1164,175,3487,27,15,85,244,2335,8 1,1,1,1,1,1,1,1,1,1,1,1,1,1,1,1,1,1,1,1,1,1,1,1,1,1,1,1,1,1,1,1,1,1,1,1,1,1,1,1,1,1,1,1
16,82,38,128,798,2041,51,11,22918 1,1,1,1,1,1,1,1,1
768,23,2964,700,35,31,52,449,10,299,23,248,10,191,1146,16,1081,1485,10,191,1151,46,232,628 1,1,1,1,1,1,1,1,1,1,1,1,1,1,1,1,1,1,1,1,1,1,1,1
475,3,190,37,16,82,2283,1516,23,2064,3854 1,1,1,1,1,1,1,1,1,1,1
11,508,7,22919,3,419,26,697 1,1,1,1,1,1,1,1
38,131,1345,2236,51,11,1670 1,1,1,1,1,1,1
109,11322,1119,244,1563,678,5767,5,3048,656,9,22920,8 1,1,1,1,1,1,1,1,1,1,1,1,1
349,131,185,51,11,249,5,1836,5,506,57,72 1,1,1,1,1,1,1,1,1,1,1,1
1057,3,74,14,15,22921,7,700,9516,5,2919,3856,1029,5,7487,4711,9,11,798,1157,8,12,3157,7,923,82,7,131,185,8339,5,131,985,3207 1,1,1,1,1,1,1,1,1,1,1,1,1,1,1,1,1,1,1,1,1,1,1,1,1,1,1,1,1,1,1,1,1,1
21,15,131,381,5,742,4888,443,675,4779,75,1302,23,700,535 1,1,1,1,1,1,1,1,1,1,1,1,1,1,1
16,14,98,27,1376,131,2069,5,504,2069 1,1,1,1,1,1,1,1,1,1
38,1871,12,230,33,132,476,51,160,10,96 1,1,1,1,1,1,1,1,1,1,1
104,4,33,2536,22922,179,33,352,144,22923,33,103,2479,33,185,8339,9,131,8,4867,13,5202,78,840,29,1288,851,29,5,3684,1959,9,16,14,2624,43,149,8,33,679,7,1329,10,476,192,3207,5,284,22924,1298,3,35,60,35,10,2955,681,602,166,22925,5,789,6507,243 1,1,1,1,1,1,1,1,1,1,1,1,1,1,1,1,1,1,1,1,1,1,1,1,1,1,1,1,1,1,1,1,1,1,1,1,1,1,1,1,1,1,1,1,1,1,1,1,1,1,1,1,1,1,1,1,1,1,1,1,1,1,1,1
98,160,10,192,789,3478,220,2138,9,38,131,2550,22926,8,3,5,192,17,381,4696,9,8163,256,413,1297,8 1,1,1,1,1,1,1,1,1,1,1,1,1,1,1,1,1,1,1,1,1,1,1,1,1,1
33,144,1332,3,3362,3,972,3,2007,3,22927,3,3218,33,139,1329,679,14,81,3,160,10,192,2447,3,700,5,3856,9,3005,3271,5,85,8,5,286,582,1356,2870,17,5365,56,1370,1436,5,976,94,139,1004,1970,14522,5,1347,17,763,785,3,345,3,1506,3,5,13081,35,60,35,1107,1970,141,426 1,1,1,1,1,1,1,1,1,1,1,1,1,1,1,1,1,1,1,1,1,1,1,1,1,1,1,1,1,1,1,1,1,1,1,1,1,1,1,1,1,1,1,1,1,1,1,1,1,1,1,1,1,1,1,1,1,1,1,1,1,1,1,1,1,1,1,1,1,1
33,659,3607,3,492,22928,1593,43,898 1,55,55,1,1,1,1,1,1
33,96,349,5,450,17,8340,411 1,1,1,1,1,1,1,1
235,192,5,104,13,79,5,150,121,1535,5,740 1,1,1,1,1,1,1,1,1,1,1,1
22929,9519,3,1689,3,3750 1,1,1,1,1,1
