67,54,4,22952,528,7489,207,124,404,17,112,4,513,987,17,1937,694,30,4,509,5515,146,11,147,159,6,85,7,23,99,112 1,1,1,1,1,1,1,1,1,1,1,1,1,1,1,1,1,1,1,1,1,1,1,1,1,1,1,1,1,1,1
16,22953,37,16,21,714,14529,66,485,159,23,99,112 1,1,1,1,1,1,1,1,1,1,1,1,1
90,249,3,459 1,1,1,1
90,418,26,611 1,1,1,1
845,15,1097,1432,7,429,27,163,4,23,723,14,163,139,15,413,1373,5,273,698,7,62,4801,5,14,1097,5805 1,1,1,1,1,1,1,1,1,1,1,1,1,1,1,1,1,1,1,1,1,1,1,1,1,1,1
16,21,38,10,745,115,23,2746,10,575,49,198,7,201 1,1,1,1,1,1,1,1,1,1,1,1,1,1
80,39,30,4,71,3,212,3,1937,39,9,660,8,4,203,462,22,36,298,32,1731,58,22,36,298,32,9522,515,25,32,167,236,218,141,22,32,9523,1389,42,412,894,962,378,25,69,8344,3444,14530,42,784,707,206,30,4,137,31,285,319,7,6,1422,29,90,22954,81,7,182,4,122,270 1,1,1,1,4,1,10,1,1,1,1,1,1,1,11,1,1,1,1,1,33,1,1,1,1,1,1,1,1,1,1,12,13,1,1,1,1,1,1,1,1,1,1,1,1,1,1,1,1,9,9,1,1,1,1,1,1,1,1,1,1,1,1,1,1,1,1,1,1,1
2502,72,12,402,102,101,4,1546,4,4681,1612,4,1476,1815,1665,4,11,199,342 1,1,1,1,1,1,1,6,6,6,1,1,1,1,1,1,1,1,1
1877,4,569,1613,4,91,10,463,5,1051 1,1,1,1,1,1,1,1,1,1
1502,4,53,692,2399,1744,5,2321 1,1,1,1,1,1,1,1
145,156,5,239,3,44,304,5,310 1,1,1,1,1,1,1,1,1
74,143,11,2443,26,502 1,1,1,1,1,1
367,2505,3264,589,213,27,6,1503 1,1,1,1,1,1,1,1
2182,4,5067,2793,4,1614,4,44,308,326,327 1,1,1,1,1,1,1,1,1,1,1
1595,4,97,743,26,93 1,1,1,1,1,1
2540,4,6145,177,4,338,239,13,58,6294 1,1,1,1,1,1,1,1,1,1
662,804,1036,36,3,2473,14531,365,525,490 1,1,1,1,1,1,1,1,1,1
1362,1865 1,1
662,804,1036,2773,5,2445,14531,22955,431 1,1,1,1,1,1,1,1,1
872,14532,3,1865,312,1194 1,1,1,1,1,1
192,5,104,4,1320,4447,13,30,7,1937,166,507,10,485,157,29,27,85,7,445,3,16,38,5885,212,514 1,1,1,1,1,1,1,1,1,1,1,1,1,1,1,1,1,1,1,1,1,1,1,1,10,1
98,3,22956,36,8,28,2087,23,99,713,1089 1,1,7,1,1,1,1,1,1,1,1
41,5052,10,144,17,694,265,19,516,5,650,22957 1,1,1,1,1,1,1,1,1,1,1,1
79,1331,10,745,115,233,485,17,1970,22958,27,1376 1,1,1,1,1,1,1,1,1,1,1,1
16,2222,22959 1,1,1
58,8,106,4,31,2431,27,40,444,138,71 1,1,7,1,1,1,1,1,1,1,4
50,46,773,14320,10,118,23,218,10,171,22,117,8,71,4,60,179,43,64,8341,210,8,212,4,19,15,1163,9,151,14,212,22960,35,60,8,103,1581,1679,84,10,39,40,112,1731,58,22,36,298,32,2426,1407,126,4,14525,203,462,22,36,298,32,2426,4136,2058,126,4,14526,218,171,22,25,32,2426,6801,126,4,14527,236,515,25,32,126,4,14528,784,707,215,22,25,32,126,4,9521,962,378,25,69,6550,4136,126,4,9521,49,397,911,9522,515,25,32,167,9520,1407,126,4,14533,3115,4,175,298,135,65,29,49,175,552,169,10,2159,308,8344,3444,14530,42,5301,4,22961,878,4,58,126,4,14533,2107,69,9523,1389,42,412,894,22962,4136,126,4,22963,22964,69,1363,154,890,4,1132,10,1776,1038,400,205,867,43,22965,4324,229,19,3745,180,3,3294 1,1,1,1,1,1,1,13,1,1,1,1,1,4,1,1,1,1,1,1,1,1,10,1,1,1,1,1,4,1,10,1,1,1,1,1,1,1,1,1,1,1,1,33,1,1,1,1,1,1,1,1,1,1,11,1,1,1,1,1,1,1,1,1,1,1,13,1,1,1,1,1,1,1,1,1,12,1,1,1,1,1,1,9,9,1,1,1,1,1,1,1,1,1,1,1,1,1,1,1,1,1,1,1,1,1,1,1,1,1,1,1,1,1,1,1,1,1,1,1,1,1,1,1,1,1,1,1,1,1,1,1,1,1,1,1,1,1,1,1,1,1,1,1,1,1,1,1,1,1,1,1,1,1,1,1,1,1,1,1,1,1,1,1,1,1,1,1,1,1,1,1,1,1,1
