67,54,4,22938,281,297,424,7489,207,124,404,17,112,2190,30,7,61,328,79,21,2190,13,263,17,170,113 1,1,1,1,1,1,1,1,1,1,1,1,1,1,1,1,1,1,1,1,1,1,1,1,1,1
6,793,7,40,279,435,112,20,1858,12,1331,223,22939,728 1,1,1,1,1,1,1,1,1,1,1,1,1,1
793,147,71,324,9,1609,788,8,11,923 1,1,4,4,4,4,4,4,1,1
4455,398,20,232,99,129 1,1,1,1,1,1
287,21,126,236,97,147,223,15,129,183 15,1,1,12,1,1,1,1,1,1
31,772,89 1,1,1
174,147,263,79,38,2190,223,15,129,183 1,1,1,1,1,1,1,1,1,1
16,21,86,10,46,2710,263,139,199,116,538 1,1,1,1,1,1,1,1,1,1,1
16,768,263,984,12,1585,737,3,126,139,16,299,949,6,8342 1,1,1,1,1,1,1,1,1,1,1,1,1,1,1
11,22940 1,1
11,30,7,1234 1,1,1,1
11,3154,923 1,1,1
77,193 1,1
2865,14523,1092,5,1564,10,157,22941,17,1019,1363,7,1585,3045,1234 1,1,1,1,1,1,1,1,1,1,1,1,1,1,1
363,2761,1295,115,684,773,223,728,9,1399,422,10,263,8 1,1,1,1,1,1,1,1,1,1,1,1,1,1
16,6286,5849,139,11324,9,1412,757,8,5,38,363,27,37,85 1,1,1,1,1,1,1,1,1,1,1,1,1,1,1
16,38,3887,223,581,129,183 1,1,1,1,1,1,1
132,122,22942,9,1571,8,5,5884,22943,9,1972,8,62,14,19,267,357,2382,5,1033 1,1,1,1,1,1,1,1,1,1,1,1,1,1,1,1,1,1,1,1
258,677,7412,646,201,10,375,134,16,728 1,1,1,1,1,1,1,1,1,1
258,728,267,11325,5,353,5513,15,421 1,1,1,1,1,1,1,1,1
704,16,546,488,29,235,29,160,10,1606,40,115,13,23,1972 1,1,1,1,1,1,1,1,1,1,1,1,1,1,1
31,3887,132,3,258,1626,211 1,1,1,1,1,1,1
84,12,340,5,2081,6530,267,1222,1092,892,5514,14524,1407,126,4,22944,167,1215,541,157,161,4,793,102,101,133,586,63,94,4681,140,3511,6457,624,207,197,60,387,3,60,2056,3,12,11,199,342,196,91,227,412,3,4130 1,1,1,1,1,1,1,1,1,1,1,1,1,1,1,1,1,1,1,1,1,1,1,1,1,1,1,6,6,6,1,1,1,1,1,1,1,1,1,1,1,1,1,1,1,1,1,1,1,1,1,1
1653,91 1,1
2369,44 1,1
1040,44,136,11,240,48,155,57,91,720,145,239 1,1,1,1,1,1,1,1,1,1,1,1
304,5,310,44 1,1,1,1
11,213,3,1162,3,26,1094,807,7260,566,369,12,267,129,29,564,772,520,397,286 1,1,1,1,1,1,1,1,1,1,1,1,1,1,1,1,1,1,1,1
205,867,43,22945,3,4144,187,19,2806,1716,3,3294 1,1,1,1,1,1,1,1,1,1,1,1
