67,54,4,14539,5825,4128,198,33,11330,14540,96,115,142,5,71 1,1,1,1,1,1,1,1,1,1,1,1,7,1,4
190,60 1,1
14541,1345,666,837,12,272,82,26,134,4812,19,2150,1854,4382 1,1,1,1,1,1,1,1,1,1,1,1,1,1
11,670,1030,3,11,8346,666 1,1,1,1,1,1,1
11,942,535,3187,700,535 1,1,1,1,1,1
572,254,998 1,1,1
56,56,56,56,56,56,56,147,56,56,56,56,56,4630,3923,7491,212,1283,4185,9525,106,71,841,2219,56,56,56,56,56,56,56,39,56,56,56,56,56,274,799,36,45,9,73,8,25,32,218,549,36,45,9,73,8,25,32,3024,36,568,25,32,348,846,36,45,9,73,8,25,32,622,647,36,45,9,73,8,25,32,252,9,947,478,8,1026,36,45,9,73,8,25,32,8347,2974,42,1455,1140,69,56,56,56,56,56,56,56,127,56,56,56,56,56,790,56,56,56,56,56,56,56,316,205,56,56,56,56,56,11042,523,382,136,4,433,1345,216,1700,3,11,216,222,644,4,1736,3,455,3,11,1099,48,4,1736,3,751,531,4,11,322,283,3,666,97,11331,205,3,232,4949,628,1009,204,56,56,56,56,56,56,22997,56,56,56,56,56,56,56,56,6063,3453,99,112 1,1,1,1,1,1,1,1,1,1,1,1,1,1,1,1,10,1,1,1,7,4,1,1,1,1,1,1,1,1,1,1,1,1,1,1,1,9,1,1,1,1,1,1,1,1,13,1,1,1,1,1,1,1,1,28,1,1,1,1,17,1,1,1,1,1,1,1,1,21,1,1,1,1,1,1,1,1,11,1,1,1,1,1,1,1,1,1,1,1,1,1,1,1,1,1,1,1,1,1,1,1,1,1,1,1,1,1,1,1,1,1,1,1,1,1,1,1,1,1,1,1,1,1,1,1,1,1,1,1,1,1,1,1,1,1,1,1,1,1,1,1,1,1,1,1,1,1,1,1,1,1,1,1,1,1,1,1,1,1,1,1,1,1,1,1,1,1,1,1,1,1,1,1,1,1,1,1,1,1,1,1,1,1,1,1
21,887,390,159,286,1962,1303,365,56,56,56,56,56,56,22998,56,56,56,176,71,4,1097,232,179 1,1,1,1,1,1,1,1,1,1,1,1,1,1,1,1,1,1,1,4,1,1,1,1
865,89,5,345,781 1,1,1,1,1
1287,137,254,178,142,4,232,179 1,1,1,1,7,1,1,1
1287,137,254 1,1,1
144,2015,539,89,3,208,160,10,1358,9526,9,3076,1576,2088,8 1,1,1,1,1,1,1,1,1,1,1,1,1,1,1
450,1962 1,1
195,666,837,4,372,166,2538,2017 1,1,1,1,1,1,1,1
1509,37,21,128,341,17,216,76,3,51,7411,1345,116,810,216,76,602,166,5285,17,666,837 1,1,1,1,1,1,1,1,1,1,1,1,1,1,1,1,1,1,1,1,1,1
1260,1788,6439 1,1,1
454,668,1442,134,3546,484,8346,666,408,26,134,1870,43,22999,535 1,1,1,1,1,1,1,1,1,1,1,1,1,1,1
253,3303,4,102,12,117,129 1,1,1,1,1,1,1
439,3284,64,23000,441,113 1,1,1,1,1,1
