67,54,4,23029,103,164,5825,4128,198,599,54,7,594,4,14559,6847,10347,5314,4,6498,2792,4,9538,3,5517,1933,1448,4,9539,3,11335,30,7,61,328,547,358,13,15,916,30,7,725,5,2688,94 1,1,1,1,1,1,1,1,1,1,1,1,1,1,1,1,1,1,1,1,1,1,1,1,1,1,1,1,1,1,1,1,1,1,1,1,1,1,1,1,1,1,1,1,1,1
16,38,68,321,17,1811,2331,15,65,597,223,15,87,183,3,186,16,1196,10,2233,312,116 1,1,1,1,1,1,1,1,1,1,1,1,1,1,1,1,1,1,1,1,1,1
16,14,61,449,10,299,116,13,673,380 1,1,1,1,1,1,1,1,1,1
16,38,62,288,429,154,3,75,20,269 1,1,1,2,2,2,2,2,2,2
16,526,15,103,445,89,3,75,722,170,53,1264,12,475,10,544,884,181,120,76 1,1,1,1,1,1,1,1,1,1,1,1,1,1,1,10,10,10,10,10
16,38,62,14560,2627,1342,469,5,103,164,20,278,17,181,120,556,466 32,32,32,32,32,32,32,32,32,32,32,32,32,32,32,32,32
934,181,120,76,2407,341,709,140,9,948,8,2012,9,12,8,4,586,1095,71,317,4,71,324,317,645,71,179,4,818,1856,2838,347,4,14561,106,330,354,76,330,120,76,4,725,169,644,993,174,80,3437,30,776,106,330,354,76,9,881,8,53,1470,306,70,2489,264 1,10,10,10,1,1,1,1,1,1,1,1,1,1,1,1,1,1,4,4,4,4,4,4,4,4,1,1,1,15,1,1,1,1,7,1,1,1,1,1,1,1,1,1,1,1,1,1,1,1,15,7,1,1,1,1,1,1,1,1,1,1,1,1
350,23030,570,99,52,23031,752,1332,1874,494,23032,4857,3071,283,76,1283,23033,209,153,765,1082,127,1545,4,11,374,127,168,39,200,137,39,9230,125,42,9,669,6724,8,1327,22,25,69,5463,456,9,5829,8,945,22,247,2322,23034,9,8352,8,6094,42,9,9540,832,14562,8,180,1633,8352,19,454,10,26,676,945,6024,247,676,1315,1024,247,69,610,1400,9,613,8,1211,22,25,2322,11336,9,9024,8,36,2180,1140,69,1118,171,22,25,105,736,141,22,25,105,2838,103,161,3542,1607,5,1356,154,445,146,5825,4128,198,599,53,1264,170,29,53,574,2880,586,42,29,1898,2763,76,29,70,181,120,504,10,170,29,3853,23035,10,23036,713,401,216,3771,264,401,206,30,174,55,4,3565,238,2508,3,920,3,919,17,125,87,3,11,485 1,1,1,1,1,1,1,1,1,1,1,1,1,1,1,1,1,1,1,1,1,1,1,1,1,1,1,1,1,1,1,1,1,1,1,1,1,1,1,1,1,1,1,1,1,1,1,1,1,1,1,1,1,1,1,1,1,1,1,1,1,1,1,1,1,1,1,1,1,1,1,1,1,1,1,1,1,1,1,9,9,9,9,9,9,9,9,9,1,1,1,1,1,1,1,1,1,1,1,1,1,12,1,1,1,1,1,1,1,1,1,1,1,1,1,1,1,1,1,1,2,2,2,2,2,2,2,2,2,1,1,1,1,1,1,1,1,1,1,1,1,1,1,1,1,1,1,1,1,1,1,1,1,1,1,1,1,1,1,1,1,1,1,1,1,1,1,1,1
150,30,81,7,182,207,4,90,249,3,459,3,95,140,1001,26,314,227,4,90,555,3,1371,994,3,3689,3,535,1475,103,4,135,282,350,4,90,263,3,1753,361,4,90,992,3,300,3,375,3,648,3,446,1309,4,90,796,3,1235,3,1157,352,4,90,611,3,419,3,1524,3,697 1,1,1,1,1,1,1,1,1,1,1,1,1,1,1,1,1,1,1,1,1,1,1,1,1,1,1,1,1,1,1,1,1,1,1,1,1,1,1,1,1,1,1,1,1,1,1,1,1,1,1,1,1,1,1,1,1,1,1,1,1,1,1,1,1,1,1,1,1
7261,4,90,1013,3,3161,3,2099,3,95,822,14563,4,90,2927,1368,3,494,3,1672,813,2025 1,1,1,1,1,1,1,1,1,1,1,1,1,1,1,1,1,1,1,1,1,1
354,4,329,725,102,77,207,4,11,199,342,3,1438,12,296,3935,5,449,10,1417,3154 1,1,1,1,1,1,1,1,1,1,1,1,1,1,1,1,1,1,1,1,1
14549,13,841,4066 1,1,1,1
2716,4,11,308,411,3,5166 1,1,1,1,1,1,1
136,4,332,3,11,910,644,4,145,239,3,11,502,3,11,213,3,329,14560,2627,1342,327,1213,4,91,100,13,3154,77 1,1,1,1,1,1,1,1,1,1,1,1,1,1,1,1,1,1,1,1,1,1,1,1,1,1,1,1,1
196,4,11,243,26,277,12842,4,617,3,11,93,362,4,152,3,979,3,11,1061,779,4,1084,72,352,4,410,5,642 1,1,1,1,1,1,1,1,1,1,1,1,1,1,1,1,1,1,1,1,1,1,1,1,1,1,1,1,1
665,3,1852,2210,813,4,1867,100,19,3154,77,96,3434 1,1,1,1,1,1,1,1,1,1,1,1,1
133,433,783 1,1,1
222,4,200,12,214,26,216 1,1,1,1,1,1,1
48,738,401,372,95,149,9,159,168,8,56,836,56,3230,9541,33,349,974,2807,524,3230,9541,33,560,974,4054,1451,3230,9541,33,333,974,8292,42,9,59,8,3230,9541,33,536,974,4465,1381,56,4087,56,3230,3993,33,364,705,974,401,351,3230,3993,33,364,592,974,401,351,3230,3993,33,364,869,974,401,351,3230,3993,33,364,12843,974,401,351,3230,3993,33,364,392,974,401,219,3230,3993,33,364,888,974,401,219,3230,3993,33,364,870,974,401,219,3230,3993,33,1179,974,401,219,3230,3993,33,22,974,401,1556,3230,3993,33,972,974,401,9203,56,23037,56,3230,3993,33,3635,974,401,721,3230,3993,33,3882,974,401,721,3230,3993,33,3759,1179,974,401,721,3230,3993,33,1077,974,401,219,3230,3993,33,1791,974,401,219,3230,3993,33,1388,974,401,654,56,103,56,3230,3993,33,1905,974,401,721,56,2621,56,3230,11337,33,79,974,3626,1060,3230,11337,33,1074,974,1293,3230,11337,33,2206,974,23038,1060,9,83,8,147,5,104,36,4,212,104,17,181,120,556,466,19,3434,3,23039,54,17,23040 1,1,1,1,1,1,1,1,1,1,1,1,1,1,1,1,1,1,1,1,1,1,1,1,1,1,1,1,1,1,1,1,1,1,1,1,1,1,1,1,1,1,1,1,1,1,1,1,1,1,1,1,1,1,1,1,1,1,1,1,1,1,1,1,1,1,1,1,1,1,1,1,1,1,1,1,1,1,1,1,1,1,1,1,1,1,1,1,1,1,1,1,1,1,1,1,1,1,1,1,1,1,1,1,1,1,1,1,1,1,1,1,1,1,1,1,1,1,1,1,1,1,1,1,1,1,1,1,1,1,1,1,1,1,1,1,1,1,1,1,1,1,1,1,1,1,1,1,1,1,1,1,1,1,1,1,1,1,1,1,1,1,1,1,1,1,1,1,1,1,1,1,1,1,1,1,1,1,1,1,1,1,1,1,1,1,1,1,1,1,1,1,1,1,1,1,1,1,1,1,1,1,1,1,1,1,1,1,1,1,1,10,1,1,32,32,32,32,1,1,1,1,1,1,1
1132,401,10,1776,17,2911,76,5,559 1,1,1,1,1,1,1,1,1
134,160,735,164,3,16,14,5166 1,1,1,1,1,1,1,1
46,2448,17,394,401,295 1,1,1,1,1,1
329,95,252 1,1,1
19,676 1,1
58,4,4380,401 1,1,1,1
21,403,7,6825,76,12,2489 1,1,1,1,1,1,1
117,4,350,256,4857 1,1,1,1,1
1917,241,82,722,635 1,1,1,1,1
235,295,13,609,9538 1,1,1,1,1
104,10,1717,13,164,17,132,3,5,23041,315,1042 1,1,1,1,1,1,1,1,1,1,1,1
210,4,153,1319,55 1,1,1,1,1
1851,507,10,218,26,559 1,1,1,44,1,1
79,5,150,2040,7,284,160,17,820 1,1,1,1,1,1,1,1,1
108,4,71,324,317,645,61,818,179 1,1,4,4,4,4,1,1,1
320,4,2838,483,33,149,401,33,103,164,2448,492,17,181,120,556,466,3536,735,164,401,1132,295 1,1,1,1,1,1,1,1,1,1,1,1,1,32,32,32,32,1,1,1,1,1,1
205,43,4456,23042,1444,19,14559,6847 1,1,1,1,1,1,1,1
