67,54,4,23007,5825,4128,198,33,11330,382,1741 1,1,1,1,1,1,1,1,1,1,1
498,425,17,1078,117,129,439,17,71,13,1082,9,21,38,2430,340,956,8 1,1,1,1,1,1,1,1,4,1,1,1,1,1,1,1,1,1
221,322,1622,909,117,2302 1,1,1,1,1,1
90,1393,26,1968 1,1,1,1
551,21,68,4799,6,633,138,23,185,1962 1,1,1,1,1,1,1,1,1,1
752,1332,1874,343,13,1050 1,1,1,1,1,1
21,153,765,5,142 1,1,1,1,7
163,148,1164,57,44 1,1,1,1,1
390,48,241,570,111,211,635,3,169,3322 1,1,1,1,1,1,1,1,1,1
11,263 1,1
21,68,353,10,1516,140 1,1,1,1,1,1
4403,55,7,687,635 1,1,1,1,1
11,116 1,1
972,1043,23008 1,1,1
687,2085,2830 1,1,1
321,855 1,1
1107,308,963,6,3304,27,163 1,1,1,1,1,1,1
23009,23010,5,4883,4568,2171 1,1,1,1,1,1
90,48,34 1,1,1
55,128,109,13,321,66,1422,10,14551 1,1,1,1,1,1,1,1,1
598,8942,139,911,56,476,1770,139,3516,5,983,467,10,3578 1,1,1,1,1,1,1,1,1,1,1,1,1,1
11,424,1171,26,616,3,11,300 1,1,1,1,1,1,1,1
147,4630,7401,4,1653,3663,278,4667,3,70,5592,243,9530,14545,3663,7491,4,70,14543 1,1,1,1,1,1,1,1,1,1,1,1,1,1,1,1,1,1,1
9,64,8348,3,14544,8,703,623,1394,4,90,3348,116,4185,9525,4,4185,9528,106,4,9529,4667,3,3763,6846,3,10673,6325,3,11238,11332,3,3126,9530,3,9531,6166,71,4,317,178,367,2476,3,1833,818,1764,1325,9532 1,1,1,1,1,1,1,1,1,1,1,1,1,1,1,1,1,1,7,1,29,29,29,29,29,29,29,29,29,29,29,29,29,29,29,29,29,4,1,1,1,1,1,1,1,1,1,1,1
772,345,1618,9058,3,4455,9533,14546,9,9534,8,3,14547,7969,11333,3,2777,11334,3,3358,6846,3,3669,14548,841,2219,4,109,887,2034,4066,290,10,5516,8176 43,43,43,1,1,16,16,16,16,16,16,16,16,16,16,16,16,16,16,16,16,16,16,16,1,1,1,1,1,1,1,1,1,1,1
280,1383,604,4,3017,29,330,354,76,153,765,4,488,780,1942,290,10,1962,955,3,1962,1537,1137,127,1545,39,252,9,947,478,8,1026,45,5989,49,36,45,9,73,8,25,32,274,799,45,49,36,45,9,73,8,25,32,4126,669,1337,9,23011,6579,14552,49,58,1633,8,3336,122,998,3,14553,32,123,82,36,3314,3,286,14553,5085,123,82,36,129,3,286,8313,23012,123,82,23013,286,23014,36,25,35,496,3,175,298,13,911,115,10,544,85,15,65,6192,9,7273,782,8,515,45,49,36,45,9,73,8,25,305,167,762,3221,123,108,65,3,191,31,1418,134,157,40,254,622,647,45,49,36,45,9,73,8,25,32,6273,58,42,14554,36,2180,9,58,42,14554,8,1140,8350,123,180,65,218,378,45,25,32,9535,36,42,9,4293,36,42,4323,8,36,2180,9,36,42,4323,8,1140,32,23015,1327,22,25,662,625,523,167,3,23016,6450 23,1,1,1,1,1,1,1,1,1,1,1,1,1,1,1,1,1,1,1,1,1,1,1,1,1,11,1,1,1,1,1,1,1,1,1,1,1,1,1,1,1,9,1,1,1,1,1,1,1,1,1,1,1,1,1,1,1,1,1,1,1,1,1,1,1,1,1,1,1,1,1,1,1,1,1,1,1,1,1,1,1,1,1,1,1,1,1,1,1,1,1,1,1,1,1,1,1,1,1,1,1,1,1,1,1,1,1,1,1,1,1,1,1,1,1,1,1,1,1,1,1,1,1,1,1,1,1,1,1,1,1,1,1,1,21,1,1,1,1,1,1,1,1,1,1,1,1,1,1,1,1,1,1,1,1,1,1,1,1,1,1,13,1,1,1,1,1,1,1,1,1,1,1,1,1,1,1,1,1,1,1,1,1,1,1,1,1,1,1,1,1,1,1,1,1
488,134,277,3,555,26,184,147,957,736,141,22,9,515,45,49,36,8,25,276,2079,9,5328,8,672,45,49,829,45,9,73,8,25,1580,3,488,157,134,360,46,300,3,118,970,3,48,34,3,616,9108,9,2935,8,3120,568,49,36,568,9,73,8,25,122,998,3,58,568,25,671,65,3,286,36,568,25,32,597,2715,579,4,55,109,40,129 1,1,1,1,1,1,1,1,1,12,1,1,1,1,1,1,1,1,1,1,1,1,1,1,1,1,1,1,1,1,1,1,1,1,1,1,1,1,1,1,1,1,1,1,1,1,1,1,1,1,1,1,1,1,1,1,1,1,1,1,1,1,1,1,1,1,1,1,1,1,1,1,1,1,1,1,1,1,1,1,1,1,1,1
11,437,89 1,1,1
77,4,655,3511,842,3,148,23017,9,163,148,1164,14118,135,79,8,3,655,3511,842,3,1921,345,4526,219,99,112,655,5453,842,3,148,3654,9,163,1164,57,23018,135,79,313,8,227,4,665,136,4,11,216,222,644,4,455,3,11,1099,48,4,1736,184,327,3,751,531,4,11,5017,3,1954,7,58,632,123,6326,152,1233,93,187,473,303,3,11,1368,3,11,3102,240,857,3,133,675,27,1788 1,1,1,1,1,1,6,6,1,1,1,1,1,1,1,1,1,1,1,1,1,43,43,43,43,1,1,1,1,1,1,29,29,1,1,1,1,1,1,1,1,1,1,1,1,1,1,1,1,1,1,1,1,1,1,1,1,1,1,1,1,1,1,1,1,1,1,1,1,1,1,1,1,1,1,1,1,1,1,1,1,1,1,1,1,1,1,1,1,1,1,1,1
3663,4,11,1963,243,532,1715,23019,1112,23020,829,2722,3545,14555,1573,23021,3669,1962,2044,14556,865,23022,7111,1139,78,840,29,865,8351,9536,1380,8351,3650,3295,8351,1594,1951,4,78,986,29,2019,1573,8351,3104,3383,8351,1907,241,570,23023,339,4,211,350,635 1,1,1,1,1,1,1,1,1,1,1,1,1,1,1,1,1,1,1,1,16,16,16,16,16,16,16,16,16,16,1,1,1,1,1,1,1,1,1,1,1,1,1,1,1,1,1,1,1,1,1,1,1,1,1,1
687,2085,23024,687,635,35,270 1,1,1,1,1,1,1
11,1963,1321,2850 1,1,1,1
873,176,71,324,23025,4,464,21,865,270,14557,11,312,1764,255 1,1,4,4,4,1,1,1,1,1,1,1,1,1,1
1287,137,254 1,1,1
134,6,390,865,14,464,270,539,3,286,41,160,475,39,29,178,437,19,380,4,81,1399,341,7,103,325 1,1,1,1,1,1,1,1,1,1,1,1,1,1,1,1,1,1,1,1,1,1,1,1,1,1
420,429,154 1,1,1
41,564,904,89 1,1,1,1
10,230,134,116,626,26,134,48,34 1,1,1,1,1,1,1,1,1
96,115,139,429,154,195,1628,1332,1874,4,390,1332,444,1043,99,85 1,1,1,1,1,1,1,1,1,1,1,1,1,1,1,1
86,13,818,1804,290,17,23026,51,79,1574,10,46,154 1,1,1,1,1,1,1,1,1,1,1,1,1
253,209,153,765,4,1962,44,9537,13,633,286,2405,12,14556 1,1,1,1,1,1,1,1,1,1,1,1,1,1
827,465,89,108 1,1,1,1
263,4,538 1,1,1
21,350,635 1,1,1
290,17,3796,241,570,12,14558,3303,4,290,17,838,51,79,1574 1,1,1,1,1,1,1,1,1,1,1,1,1,1,1
1512,1244,23027,1980,23028,1112,9534,829,1724 1,1,1,1,1,1,1,1,1
471,4,358,440,4,78,840,29,2583,4913,33,2221,2722,3545,14555,1426,2732,50,8261,3,107 1,1,1,1,1,1,1,1,1,1,1,1,1,1,1,1,1,1,1,1,1
