67,54,4,25041,2992,30,28,61,17,2190 1,1,1,1,1,1,1,1,1,1
321,15128 1,1
3462,17,513,43,117,129 1,1,1,1,1,1
126,99,113 1,1,1
338,94,3,315,965,1685,3,555,3,1040,893 1,1,1,1,1,1,1,1,1,1,1
11,249 1,1
416,696,965,25042 1,1,1,1
49,5010,338,344,575,1563 1,1,1,1,1,1
31,299,476,26,984 1,1,1,1,1
11,48,116,33,263,25043,1344,1590,1902,1803 1,1,1,1,1,1,1,1,1,1
147,1022,567,373,4,1958,379,73,1022,778,490,4,573,583,1247,379,106,3602,3455,4,2085,2508,238,4,334,5191,110,431,287,4,4325,131,1579,3,4507,3,142,3,2555,5,374,403,212,12,79 1,1,1,1,1,1,1,1,1,1,1,1,1,1,1,1,7,1,1,1,1,1,5,5,5,5,3,3,15,1,1,1,1,1,1,1,7,1,1,1,10,10,10,1,1
1303,71,324,4,6370,2217,3,96,6756,8472,4,2923,33,1011,111,5201,3954,82,3,6824,5,7224,3,9704,17,325,181,120,76,4,110,4358,5908,329,251,309,5191,3,609,4742,3,1011,8471,6323,33,193,570,17,325 1,1,1,1,1,1,1,1,1,1,1,1,1,1,1,1,1,1,1,1,1,1,1,1,1,1,10,10,10,1,3,3,3,3,3,3,3,3,3,3,3,1,1,1,1,1,1,1,1
687,635,4,2923,3,687,570,2641,543,13,2601,635,5,2872,5171,3096,3,749,609,7573,3,96,972 1,1,1,1,1,1,1,1,1,1,1,1,1,1,1,1,1,1,1,1,1,1,1
39,252,9,947,478,8,901,3,36,45,9,73,8,25,32,754,2336,9,1160,22,8,36,298,1104,1580,167,167,529,729,9,1212,8,647,3,36,45,9,73,8,25,32,423,9,1406,8,447,22,25,32,274,686,3,36,45,9,73,8,25,32,236,9,800,8,515,3,36,45,9,73,8,25,32,780,9,913,8,799,3,36,45,9,73,8,25,32,1088,9,218,8,549,3,36,45,9,73,8,25,32,127,11680,9,8473,8,33,277,102,77,316,205,6914,2833,981,60,3,4383,338,33,396,2653,82,91,1042,33,72,97,1296,4334,332,97,118,638,155,33,91,97,407,19,5119,6157,1910,33,25044,192,5,104,176,2190,33,11,202,7,11681,338,411 1,11,11,11,11,11,1,1,1,1,1,1,1,1,1,25,25,1,1,1,1,1,1,1,1,1,1,1,20,20,20,20,1,1,1,1,1,1,1,1,1,26,26,26,26,1,1,1,1,9,1,1,1,1,1,1,1,1,1,12,12,12,12,1,1,1,1,1,1,1,1,1,28,28,28,28,1,1,1,1,1,1,1,1,1,13,13,13,13,1,1,1,1,1,1,1,1,1,1,1,1,1,1,1,1,1,1,1,1,1,1,1,1,1,1,1,1,1,1,1,1,1,1,1,1,1,1,1,1,1,1,1,1,1,1,1,1,1,1,1,1,1,1,1,1,1,1,1,1,1,1,1,1,1
160,14064,51,237,166,10,1358,15129,182,138,30,212,5,3831,12,80 1,1,1,1,1,1,1,1,1,1,1,10,1,1,1,1
41,157,14061,3,11382,3,965,15129,1318,17,117,65 1,1,1,1,1,1,1,1,1,1,1,1
454,134,249,3,627,26,828 1,1,1,1,1,1,1
178,2601,687,635,33,20,416,2156,99,112,33,41,510,10,609,7573,17,235,684,343,40,132,1540,138,24,30,7,103,4049,12,6,99,1517,7,87 1,1,1,1,1,1,1,1,1,1,1,1,1,1,1,1,1,1,1,1,1,1,1,1,1,1,1,1,1,1,1,1,1,1,1
195,63,94,33,416,185,270,1146,237,1081,92 1,1,1,1,1,1,1,1,1,1,1
41,827,19,513,75,41,52,2104,253,14053,41,144,772,441,112 1,1,1,1,1,1,1,1,1,1,1,1,1,1,1
1228,3461,12,1225,290,17,1908,33,41,503,441,1382 1,1,1,1,1,1,1,1,1,1,1,1
5909,9705,229 1,1,1
