67,54,4,25045,2992,30,28,61,17,62,1908,77 1,1,1,1,1,1,1,1,1,1,1,1
221,493,113,183,17,3277,6814 1,1,1,1,1,1,1
2740,33,704,223,58,87,159,99,1551 1,1,1,1,1,1,1,1,1
46,128,572,2601,2546 1,1,1,1,1
99,749,609,4529,7,2740,12,15130,3,1238,1787,359,286 1,1,1,1,1,1,1,1,1,1,1,1,1
1257,77,507,10,1767,7280,2898 1,1,1,1,1,1,1
288,33,126,321,27,285,465,105,36,2331 1,1,1,1,1,1,1,1,1,1
98,1854,353,132 1,1,1,1
147,1022,567,373,4,1958,379,73,9706,2632,1022,778,490,4,573,583,1247,379,106,25046,89,33,144,2015,539,3,254,2081,3602,3455,4,2085,2508,33,10,513,13,2740 1,1,1,1,1,1,1,1,1,1,1,1,1,1,1,1,1,1,7,1,1,1,1,1,1,1,1,1,1,1,1,1,1,1,1,1,1,1
464,753,886,238,4,334,5191,110,431,33,464,31,238,2897,1303,71,324,4,6370,2217,3,96,6756,33,20,4617,12,6323,3,827,7805,5,398,89,8472,4,2923,33,1011,111,5201,3954,82,3,6824,5,7224,3,9704,17,325,33,90,3613,26,616,181,120,76,4,110,4358,5908,329,251,309,5191,3,609,4742,3,1011,8471,6323,33,193,570,17,325 1,1,1,5,5,5,5,3,3,5,5,5,5,5,1,1,1,1,1,1,1,1,1,1,1,1,1,1,1,1,1,1,1,1,1,1,1,1,1,1,1,1,1,1,1,1,1,1,1,1,1,1,1,1,1,1,10,10,10,1,3,3,3,3,3,3,3,3,1,1,1,1,1,1,1,1,1,1,1
11,529,82,3,3613 1,1,1,1,1
749,609,4742,89 1,1,1,1
650,423,17,6,99,170,129,75,20,1146,609,4742,5227 1,1,1,1,1,1,1,1,1,1,1,1,1
18,20,484,395,408,13,4717 1,1,1,1,1,1,1
687,635,4,2923,3,2601,3,96,972 1,1,1,1,1,1,1,1,1
41,827,89 1,1,1
21,1089,13,609,7573,12,1604,10,235,516,7,6,25047,3680,33,50,237,3411,40,138,30,7,212,3,131,25048,12,80 1,1,1,1,1,1,1,1,1,1,1,1,1,1,1,1,1,1,1,1,1,1,10,1,1,1,1,1
287,4,4325,131,1579,3,4507,3,142,3,2555,5,374,403,212,12,79 15,1,1,1,1,1,1,1,7,1,1,1,1,1,10,1,1
144,1228,5,393,89 1,1,1,1,1
1031,188,19,236,17,6,99,117,113 1,1,1,12,1,1,1,1,1
109,55,15,1928,7,4789,12,248,3,31,1671,134,422,10,92,26,31,33,41,2046,1186,731,134,470 1,1,1,1,1,1,1,1,1,1,1,1,1,1,1,1,1,1,1,1,1,1,1,1
39,252,9,947,478,8,901,3,36,45,9,73,8,25,32,236,9,800,8,515,3,36,45,9,73,8,25,32,754,2336,9,1160,22,8,36,298,1104,1580,167,167,529,729,9,1212,8,647,3,36,45,9,73,8,25,32,1088,9,218,8,549,3,36,45,9,73,8,25,32,274,686,3,36,45,9,73,8,25,32,780,9,913,8,799,3,36,45,9,73,8,25,32,127,11680,9,8473,8,33,277,150,30,661,5231,3,1273,132,11682,3,431,27,1713,5,1364,33,583,286,7574,603,583,66,567,399,139,210,87,11683,3,1363,440,1958 1,11,11,11,11,11,1,1,1,1,1,1,1,1,1,12,12,12,12,1,1,1,1,1,1,1,1,1,25,25,1,1,1,1,1,1,1,1,1,1,1,20,20,20,20,1,1,1,1,1,1,1,1,1,13,13,13,13,1,1,1,1,1,1,1,1,1,9,1,1,1,1,1,1,1,1,1,28,28,28,28,1,1,1,1,1,1,1,1,1,1,1,1,1,1,1,1,1,1,1,1,1,1,1,1,1,1,1,1,1,1,1,1,1,1,1,1,1,1,1,1,1,1,1,1,1,1,1
539,848,33,175,13,151,3,5,58,1020,33,1867,11,84,159,356,1908 1,1,1,1,1,1,1,1,1,1,1,1,1,1,1,1,1
206,30,285,17,11684,35,11685,3,920,3,175,723,33,1695,379,121,245,13,1485 1,1,1,1,1,1,1,1,1,1,1,1,1,1,1,1,1,1,1
81,7,182,6,96,182,143,81,89,5,143,72,2246,934,376,12,6,30,55,270,4,1754,3,227,3,567,3,1910,3,361,3,2740,3,196,3,1058,3,352,3,1326,3,386,3,5,2561,102,77,316,205,25049,1188,2693,140,25050,467,58,842,159,99,87 1,1,1,1,1,1,1,1,1,1,1,1,1,1,1,1,1,1,1,1,1,1,1,1,1,1,1,1,1,1,1,1,1,1,1,1,1,1,1,1,1,1,1,1,1,1,1,1,1,1,1,1,1,1,1,1,1,1,1,1
207,4,197,60,227,4,665,3,863,3,1042,44,196,4,11,1963,243,136,4,11,879,3,11,222,638,4,11,875,3,1797,3,26,2109,908,567,33,11,3447,261,26,4283,3,11,2199,240,48,4,91,10,463,3,11,1116,26,407,720,4,145,304,3,310,3,11,213,3,502,26,561,362,4,152,3,952,3,11,969,26,240,1058,4,11,685,3,474,3,26,246,531,4,11,5017,3,352,4,928,2657,436,936,1512,1244,6915,393,6915,5661,1402,15131,9707,9,6095,8,1238,1787,7575,122,146,12,295,2705,7575,72,865,25051,25052,2722,3545,25053,1380,6915,1666,3295,6915,5821,333,9,824,8,15132,8124,3383,6915,1997,560,9,733,8,15132,3810,192,5,104,176,436,936,33,1238,1787,13,2740,2104,3,3456,33,244,3462,33,429,160,10,191,40,465,5,6916,3,554,1553 1,1,1,1,1,1,1,1,1,1,1,1,1,1,1,1,1,1,1,1,1,1,1,1,1,1,1,1,1,1,1,1,1,1,1,1,1,1,1,1,1,1,1,1,1,1,1,1,1,1,1,1,1,1,1,1,1,1,1,1,1,1,1,1,1,1,1,1,1,1,1,1,1,1,1,1,1,1,1,1,1,1,1,1,1,1,1,1,1,1,1,1,1,1,1,1,1,1,1,1,1,1,1,1,1,1,1,1,1,1,1,1,1,1,1,1,1,1,1,1,1,1,1,1,1,1,1,1,1,35,35,35,1,1,1,1,1,1,1,1,1,1,1,1,1,1,1,1,1,1,1,1,1,1,1,1,1,1,1,1,1,1,1,1,1,1,1,1,1,1,1,1,1,1,1,1
1574,2797,17,132,51,6916,10,704,223,92 1,1,1,1,1,1,1,1,1,1
178,3329,33,512,3,482,7576,186,31,6136,13,4717,4412,33,681,2562,18,2383,19,6,1089,3,1238,1787,5,3456 1,1,1,1,1,1,1,1,1,1,1,1,1,1,1,1,1,1,1,1,1,1,1,1,1,1
427,7,483,33,122,270 1,1,1,1,1,1
513,320,129,5909,9705 1,1,1,1,1
