67,54,4,25149,39,321,12,189,11693,198,599,547,302,5490,2780,25150,4449,3,4612,25151,2174,4,25152,2820,4,25153,451,4,757,192,4,655,4,1207,4,364,4,148,4,404,17,112,4,48,34,149,532,4,127,4,1545,39,4,252,30,7,6,61,328,4,1428,379,358,13,30,7,212,9,374,309,243,8,13,48,34,99,421,5,89 1,1,1,1,1,1,1,1,1,1,1,1,1,1,1,1,1,1,1,1,1,1,1,1,1,1,1,1,1,1,1,1,1,1,1,1,1,1,1,1,1,1,1,1,1,1,1,1,1,1,1,1,1,11,1,1,1,1,1,1,1,1,1,1,10,10,10,1,1,1,1,1,1,1,1,1,1,1,1
2230,3,28,449,10,288,279,435,19,62,25154,25155,5490 1,1,1,1,1,1,1,1,1,1,1,1,1
449,10,288,1023,97,48,34 1,1,1,1,1,1,1
99,421,3,21,788,7,48,94,27,427,13,424,300,5,691,7042 1,1,1,1,1,1,1,1,1,1,1,1,1,1,1,1
11,584,26,990,5,11,418 1,1,1,1,1,1,1
1343,15,2493,5,7970 1,1,36,1,1
89,3,242,31,288 1,1,1,1,1
40,2441,3,38,788,7,1075,48,94,27,427 1,1,1,1,1,1,1,1,1,1,1
6,94,3975,5,5150,17,128,85,5,286,28,1343,15,2493,5,38,25156 1,1,1,1,1,1,1,1,1,1,36,36,36,36,1,1,1
465,3,94,424,13,300,5,25157,51,11,990,26,418 1,1,1,1,1,1,1,1,1,1,1,1,1
169,10,99,421,3,28,368,31,2903,37,99,85,37,16,160,10,49,15,2493 1,1,1,1,1,1,1,1,1,1,1,1,1,1,1,1,1,1,36
2646,674,4,25158,812,102,77,4,576,601,7825,48,751,455,25159,5,310,214,152,2578,4,2312,695,33,30,508,7581,695,13,284,25160,1692 1,1,1,1,1,1,1,1,1,1,1,1,1,1,1,1,1,1,1,1,1,30,30,1,1,1,1,1,1,1,1,1
550,52,812,3,51,7970,13,2493 1,1,1,1,1,1,1,36
160,10,1593,103,646,5,341,15166 1,1,1,1,1,1,1,1
104,4,10,230,33,1471,25161,5,177,5,104,1021,513,4,35,270,1426,7201,2817,9690,3,107 1,1,1,1,1,1,1,1,1,1,1,1,1,1,1,1,1,1,1,1,1,1
