67,54,4,25073,1180,36,281,168,55,414,4,5392,3,292,25074,509,47,4,25075,11688,4,64,7089,1553,4,64,6918,352,4,64,7547,54,7,168,4,25076,426,4,1171,3,1670,3,5,2969,923,123,170,255,282,4 1,1,1,1,1,1,1,1,1,1,1,1,1,1,1,1,1,1,1,1,1,1,1,1,1,1,1,1,1,1,1,1,1,1,1,1,1,1,1,1,1,1,1,1,1,1,1,1,1,1
1217,4447,220,173,674,17,212,3,142,3,812,3,5,80,2440,1881,61,220,320,552,30,7,8476,116,3,616,3,1171,3,5,190,484,166,257,16,259,20,530,10,2488,319,408 1,1,1,1,1,1,10,1,7,1,1,1,1,1,1,1,1,1,1,1,1,1,1,1,1,1,1,1,1,1,1,1,1,1,1,1,1,1,1,1,1,1
6,79,1773,2742,5,299,3742,17,285 1,1,1,1,1,1,1,1,1
16,286,1196,46,226,255,7,8476,1648,12,75,16,537,6,702,20,484,2550,530,319,7,3688,408,5,3310,10,484,6783,12,19,88,175,3013,408 1,1,1,1,1,1,1,1,1,1,1,1,1,1,1,1,1,1,1,1,1,1,1,1,1,1,1,1,1,1,1,1,1,1
6,79,38,170,255,7,571,2969,1648,968,3216 1,1,1,1,1,1,1,1,1,1,1
6,79,38,11,424,529,26,418,3,313,55,128,118,156,7,184 1,1,1,1,1,1,1,1,1,1,1,1,1,1,1,1
6,79,98,55,128,992,923,9711,1648 1,1,1,1,1,1,1,1,1
16,90,4101,3,1909,3,982,3,25077 1,1,1,1,1,1,1,1,1
38,424,300,97,375,35,60,35,2236,3,75,16,712,21 1,1,1,1,1,1,1,1,1,1,1,1,1,1
1648,1196,10,1246,1418,470,16,61,10,2247 1,1,1,1,1,1,1,1,1,1
79,21,175,169,255,1075,10,40,2233,12,2723,3,17,75,16,370,689,264,158,241,7,6,413,3,3231,3,6643,75,275,11,490,3,51,500,1298,12,6,25078,120 1,1,1,1,1,1,1,1,1,1,1,1,1,1,1,1,1,1,1,1,1,1,1,1,1,1,1,1,1,1,1,1,1,1,1,1,1,1,1
1165,27,37,85,111,62,25079,2239,1391 1,1,1,1,1,1,1,1,1
579,4,25080,3,25081,12,511,3,2771,3,25082,923,3,25083,1242,329,2753,3,300,674,4,212,4,3193,2564,220,1156,10,309,3,429,9,25084,8,4,15149 1,1,1,1,1,1,1,1,1,1,1,1,1,1,1,1,1,1,1,1,1,10,1,3,3,3,3,3,3,3,2,2,2,2,2,2
4267,325,3,445,9,4667,8,4,9692,76,4,614,388,42,3,309,180,42,794,3,382,42,443,3,3338,586,42,3,5097,171,42,5,335,42,3,1757,180,42,3,4195,382,42,142,776,812,256,2440,1881,9,2723,8,256,25085,2239,1391,254,4,274,25086,8430,252,901,32,962,378,32,236,515,32,1798,1104,167,4,99,157,170,129,183,35,15,484,154,408,233,4,790,3,1098,10,4906,2555,4,329,142,4,573,25087,15150,4,573,25088,4,661,6919,403,4,245,43,2171,3751 2,2,1,2,2,2,2,2,2,2,2,2,2,2,2,2,2,2,2,2,2,2,2,2,2,2,2,2,2,2,2,2,2,2,2,2,2,2,2,2,2,2,7,15,1,1,1,1,1,1,1,1,1,1,1,1,1,9,1,1,11,1,1,1,1,1,12,1,1,25,1,1,1,1,1,1,1,1,1,1,1,1,1,1,1,1,1,1,1,1,1,1,1,7,1,1,1,1,1,1,1,1,1,1,1,1,1,1,1,1
285,35,25089 1,1,1
329,485,4,1014,25090,3,25091,545,4,701,4,814,4,2356,358,3,480,227,4,1536,3,1042,91,136,4,576,223,929,632 1,1,1,1,1,1,14,1,1,1,1,1,1,1,1,1,1,1,1,1,1,1,1,1,1,1,1,1,1
48,4,91,10,7467 1,1,1,1,1
1069,644,4,329,304,3,310,145 1,1,1,1,1,1,1,1
11689,114,4,617,3,3776,352,4,11287,123,117,3,4380,4,525,1611,1866 1,1,1,1,1,1,1,1,1,1,1,1,1,1,1,1,1
25092,928,204 1,1,1
232,1435,2558,656 1,1,1,1
15151,204 1,1
72,25093,82,25094 1,1,1,1
149,4,4985,456,1618,1305,351,2032,5232,4385,9,83,8,25095,25096,663,1967,1276,351,2032,5232,835,2616,1310,351,2032,5232,1072,1658,7290,5738,351,2032,5232,7058,9,83,8,15152,15153,63,1800,2493,625,1311,219,2032,5232,347,1492,1601,219,2032,5232,345,25097,1359,219,2032,5232,5055,9,83,8,2032,5232,207,1290,512,3104,1478,219,2032,4541,1555,25098,1659,219,2032,4541,2679,9,59,8,2032,4541,1184,2044,1660,1556,2032,4541,486,961,25099,5362,654,2032,4541,3729,9,83,8,2032,4541,1461,1888,6626,654,2032,4541,2013,15154,2385,654,2032,4541,1888,9,83,8,2032,4541,2680,9,3882,8,2021,3580,721,2032,4541,2008,9,83,8,5233,5537,2532,9,3635,8,1979,3285,721,2032,4541,1364,9,83,8,5233,5537,1981,15155,3703,3579,721,2032,4541,486,1131,829,3691,219,2032,4541,496,1131,1701,2386,219,2032,4541,4023,5319,4729,25100,219,5233,5537,4023,25101,2042,14363,219,5233,5537,103,154,1905,2229,3822,721,2032,25102,1336,9459,955,2720,1454,2032,15156,3388,25103,8086,721,11690,11691,4682,9,83,8,11690,11691,2418,72,193,2032,25104,2438,601,2149,2673,1454,2032,15156,520,154,393,5870,13543,219,5233,5537,25105,9,83,8,25106,25107,1380,25108,10800,219,5233,5537,9712,9,83,8,5233,5537,926,1979,13544,219,5233,11692,929,9,59,8,15157,7288,580,1188,13545,219,5233,11692,580,9,5006,8,3919,1951,4,601,2019,15158,6104,103,341,25109,13971,13546,5233,11692,25110,9,83,8,15157,5665,3694,9,15,8,519,602,306,2136,9452,15158,25111,687,264,972,13445,25112,9203,15152,25113,1290,7027,1185,492,63,785,349,3259,1312,524,2032,3488,1888,9,59,8,25114,25115,333,9362,1977,42,2032,3488,11321,9,59,8,5233,25116,6750,2632,25117,29,25118,42,25119,25120,560,6371,2119,1451,2032,3488,3626,9,59,8,11690,15159,734,8837,2202,5280,2032,3488,9277,9,59,8,25121,15160,536,5386,1589,1381,2032,3488,653,1322,1360,1227,2032,3488,1322,9,59,8,25122,25123,786,5098,1479,1588,2032,3488,823,6777,1480,654,2032,3488,795,3528,1424,42,2032,3488,63,1154,42,1154,15161,370,2032,12814,1257,1125,1277,2032,3488,3223,586,1739,42,2032,3488,4326,1469,1786,42,2032,3488,6302,210,1740,42,2032,3488,5717,58,1832,42,2032,3488,8477,36,1691,42,2032,3488,3223,33,4863,1106,1739,42,7578,7579,4326,33,4863,25124,1786,42,7578,7579,125,9,59,8,7578,7579,6302,33,1277,929,1740,42,7578,7579,5717,33,4863,58,1832,42,7578,7579,8477,33,1277,36,1691,42,7578,7579,3223,33,5830,1188,25125,42,8478,8479,4326,33,5830,1651,25126,42,8478,8479,6302,33,15162,615,6543,42,8478,8479,5717,33,5830,519,14362,42,8478,8479,8477,33,15162,519,1323,42,8478,8479,63,1257,33,714,2654,1209,9277,2240,524,2032,3488,2654,577,25127,2241,524,2032,3488,2654,847,10618,2577,524,2032,3488,2654,830,6093,2242,524,2032,3488,2654,864,2974,2278,524,2032,3488,1078,2613,79,3833,3162,1060,2032,5232,1074,1293,2032,5232,1067,6486,2834,1060,2032,5232,177,4,338,2770,1458,335,3,220,309,3,25128,9,2311,2667,8,3,1909,7394,804,84 1,1,1,1,1,1,1,1,1,1,1,1,1,1,1,1,1,1,1,1,1,1,1,1,1,1,1,1,1,1,1,1,1,1,1,1,1,1,1,1,1,1,1,1,1,1,1,1,1,1,1,1,1,1,1,1,1,1,1,1,1,1,1,1,1,1,1,1,1,1,1,1,1,1,1,1,1,1,1,1,1,1,1,1,1,1,1,1,1,1,1,1,1,1,1,1,1,1,1,1,1,1,1,1,1,1,1,1,1,1,1,1,1,1,1,1,1,1,1,1,1,1,1,1,1,1,1,1,1,1,1,1,1,1,1,1,1,1,1,1,1,1,1,1,1,1,1,1,1,1,1,1,1,1,1,1,1,1,1,1,1,1,1,1,1,1,1,1,1,1,1,1,1,1,1,1,1,1,1,1,1,1,1,1,1,1,1,1,1,1,1,1,1,1,1,1,1,1,1,1,1,1,1,1,1,1,1,1,1,1,1,1,1,1,1,1,1,1,1,1,1,1,1,1,1,1,1,1,1,1,1,1,1,1,1,1,1,1,1,1,1,1,1,1,1,1,1,1,1,1,1,1,1,1,1,1,1,1,1,1,1,1,1,1,1,1,1,1,1,1,1,1,1,1,1,1,1,1,1,1,1,1,1,1,1,1,1,1,1,1,1,1,1,1,1,1,1,1,1,1,1,1,1,1,1,1,1,1,1,1,1,1,1,1,1,1,1,1,1,1,1,1,1,1,1,1,1,1,1,1,1,1,1,1,1,1,1,1,1,1,1,1,1,1,1,1,1,1,1,1,1,1,1,1,1,1,1,1,1,1,1,1,1,1,1,1,1,1,1,1,1,1,1,1,1,1,1,1,1,1,1,1,1,1,1,1,1,1,1,1,1,1,1,1,1,1,1,1,1,1,1,1,1,1,1,1,1,1,1,1,1,1,1,1,1,1,1,1,1,1,1,1,1,1,1,1,1,1,1,1,1,1,1,1,1,1,1,1,1,1,1,1,1,1,1,1,1,1,1,1,1,1,1,1,1,1,1,1,1,1,1,1,1,1,1,1,1,1,1,1,1,1,1,1,1,1,1,1,1,1,1,1,1,1,1,1,1,1,1,1,1,1,1,1,1,1,1,1,1,1,1,1,1,1,1,1,1,1,1,1,1,1,1,1,1,1,1,1,1,1,1,1,1,1,1,1,1,1,1,1,1,1,1,1,1,1,1,1,1,1,1,1,1,1,1,1,1,1,1,1,1,1,1,1,1,1,1,1,1,1,1,1,1,1,1,1,1,1,1,1,1,1,1,1,1,1,1,1,1,1,1,1,1,1,1,1,1,1,1,1,1,1,1,1,1,1,1,1,1,1,1,1,1,1,1,1,1,1,1,1,1,1,1,1,1,1,1,1
211,25129,506,4,401,339,4,1217,379,358,220,173,212,3,80,2440,3563,3,61,220,923,1287,25130,1900,330,25131 1,1,1,1,1,1,1,1,1,1,1,1,10,1,1,1,1,1,1,1,1,1,1,1,1,1
237,166,10,1593,626,7,25132,1881,76,12,789,3478,3,15163,224,77,5,30 1,1,1,1,1,1,1,1,1,1,1,1,1,1,1,1,1,1
104,4,176,1670,4,224,330,76 1,1,1,1,1,1,1,1
134,1935,3,237,31,2901,10,52,1246,43,759,3,52,449,10,52,25133,3,2314 1,1,1,1,1,1,1,1,1,1,1,1,1,1,1,1,1,1,1
667,4867,1593,103,325,4,805,3,450,3,2314,278,273,3,64,7547,12,272,10,172,79,890,2138,3,6643,3,5,174,3771,264,7,3478,791,252,901,32,178,212,4,791,252,3,25134,3,9,13,5383,8,5,1163 1,1,1,1,1,1,1,1,1,1,1,1,1,1,1,1,1,1,1,1,1,1,1,1,1,1,1,1,1,1,1,1,1,11,1,1,1,10,1,1,11,1,1,1,1,1,1,1,1,12
1494,2930,3,135,64,6918 1,1,1,1,1,1
195,142,4,179,220,270,253,207,198,4,815,3,79,1127,29,296,353,3,103,9300 1,7,1,1,1,1,1,1,1,1,1,1,1,1,1,1,1,1,1,1
3246,25135,3860,3,229,47,25136 1,1,1,1,1,1,1
