67,54,4,25162,528,11693,198,599,404,17,112,4,110,2440,1617,220,849,251,10,53,216,694,30,4,6,28,14,15,1106,379,358,220,403,1524,1490 1,1,1,1,1,1,1,1,1,1,1,1,1,1,1,1,1,1,1,1,1,1,1,1,1,1,1,1,1,1,1,1,1,1,1
159,286,3,16,21,38,11,268,866,927,3,51,20,95,801,13,15,2788,216,120,222 1,1,1,1,1,1,1,1,1,1,1,1,1,1,1,1,1,1,1,1,1
6772,82,275,586,42,10,1600,42,53,281,216,120,260,5,16,20,1241,510,17,2440,1531 1,1,1,1,1,1,1,1,1,1,1,1,1,1,1,1,1,1,1,1,1
16,14,132,162,10,6,25163,189,110,25164,849,7,25165,251 1,1,1,1,1,1,1,1,1,1,1,1,1,1
16,953,19,25166,996,34,770,5,1607,211 1,1,1,1,1,1,1,1,1,1
80,39,30,4,1524,1490,181,120,76,106 1,1,1,1,1,1,10,10,10,7
287 15
2043,992,76 1,1,1
1234,958,1283,39,9,660,8,4,1994,6172,1318,1096,69,274,686,25,105,1262,215,22,32,1148,1463,203,462,22,32,236,141,22,32,815,171,22,276,729,755,22,32,423,1269,25,105,2822,58,22,32,4111,3046,25,69,167,1735,850,22,605,127,4,357,1105,4691,1970,1871,206,30,4,3190,3,1609,727,3,245,12,25167,4612,3,285,12,11104,699,4,200,25168,13999,353,4,96,140,11694,353,288,4,321,105,3,2497,58,25169,81,7,182,4,209,958,60,179,220,4111,3,2121,555,3,329,1283,116,220,1684,123,1408,376,72,12,402 1,1,1,1,1,1,1,1,1,1,1,1,1,9,1,1,1,27,1,1,1,11,11,11,1,1,1,12,1,1,1,1,1,1,1,20,1,1,1,26,1,1,1,1,1,1,1,1,1,1,1,1,1,1,1,1,1,1,1,1,1,1,1,1,1,1,1,1,1,1,1,1,1,1,1,1,1,1,1,14,14,14,1,1,1,1,1,1,1,1,1,1,1,1,1,1,1,1,1,1,1,1,1,1,1,1,1,1,1,1,1,1,1,1,1,1,1,1,1,1,1,1,1
102,101,4,2793,4,4806,1821,3,504,341,1612,4,215,2182,4,4606,842 1,1,1,1,1,1,1,1,1,1,1,1,1,1,1,1,1
1665,4,11,199,342 1,1,1,1,1
2251,4,11,277,3,797 1,1,1,1,1,1
1674,4,216,217,97,222 1,1,1,1,1,1
576,917,3,11,1161,715,1453 1,1,1,1,1,1,1
1613,4,91,10,463,574,1502,4,145,156,5,239,13,15,44,304,5,310 1,1,1,1,1,1,1,1,1,1,1,1,1,1,1,1,1,1
74,14,11,202,7,1162,26,1094 1,1,1,1,1,1,1,1
74,14,11,202,7,173,213,3,502,3,26,561,1614,4,152,3,396,3,5,1763 1,1,1,1,1,1,1,1,1,1,1,1,1,1,1,1,1,1,1,1
74,14,11,202,7,1128,26,777,240 1,1,1,1,1,1,1,1,1
11,202,7,2120,222,1595,4,275,217,562,120,133,97,88,202,7,222 1,1,1,1,1,1,1,1,1,1,1,1,1,1,1,1,1
74,14,98,100,217,1100,5,79,133 1,1,1,1,1,1,1,1,1
74,14,11,202,7,743,3,750,3,26,93,2540,4,11,741,1030,1546,4,25170,2102 1,1,1,1,1,1,1,1,1,1,1,1,1,1,1,1,1,1,1,1
156,4,680,3137,4,586,12 1,1,1,1,1,1,1
5850,4,1664,95,149,4,1817,54,705,592,869,769,392,888,870,399,11695,2451,2249,2030,4806,1352,1293,669,2714,4886,54,1579,2444,926,580,11695,2666,8481,1958,2059,1185,54,333,349,536,11695,9612,3669,4036,4887,54,1284,25171,9536,192,5,104,4,1106,379,358,220,403,212,3,142,3,2091,1524,220,95,4690,1497,53,216,260,132,110,25172,25173,849 1,1,1,1,1,1,1,1,1,1,1,1,1,1,1,1,1,1,1,1,1,1,1,31,1,1,1,1,1,1,1,1,1,1,1,1,1,1,1,1,1,1,1,1,1,1,1,16,16,16,1,1,1,1,1,1,1,1,1,10,1,7,1,1,1,1,1,1,1,1,1,1,1,1,1,1,1
352,4,211,3,86,8035,644,4,86,137,39,389,3,450,17,25174 1,1,1,1,1,1,1,1,1,1,1,1,1,1,1,1
5105,4,86,137,389,3,1380,185,367,25175,151,35,1284,20,185,12,1135,3,41,827,3,482,1190,3052,367,151,4,827,1284,3,1495,220,1825,35,160,3,1335,278,17,353,2160,3,25176,1190,25177 15,1,1,1,1,1,1,1,1,1,61,1,1,1,1,1,1,1,1,1,1,1,1,1,61,61,61,61,61,1,1,1,1,1,1,1,1,1,1,1,1,1,1,1,1
268,135,609,9075,84,10,39,40,112,274,686,25,105,2822,58,22,32,729,755,22,32,1262,215,22,32,236,141,22,32,1735,850,22,605,815,171,22,276,1148,1463,203,462,22,32,4111,3046,25,69,167,1994,6172,1318,1096,69,126,4,15167,423,1269,25,105,126,4,15167,4040,1934,6372,3,1203,710,47,25178,2687,43,4,4040,719,6372,205,867,43,4040,1934,6372,3,1203,607,161,4,603 1,1,1,1,1,1,1,1,1,9,1,1,1,1,1,1,1,20,1,1,1,27,1,1,1,12,1,1,1,1,1,1,1,1,1,1,1,11,11,11,1,1,1,1,1,1,1,1,1,1,1,1,1,1,1,1,26,1,1,1,1,1,1,1,1,1,1,1,1,1,1,1,1,1,1,1,1,1,1,1,1,1,1,1,1,1,1,1,1
