67,54,4,25198,1225,1214,3,3341,5472,25199,3,107 1,1,1,1,1,1,1,1,1,1,1,1
612,2855,15175,548,124,1413,5913,469,15176,2579,1010,15177,684,4,2770,4578,9714,47,15178,5632,558,36,882,5472,4,1123,15,55,10,2483,360,37,50,749,2770,4578,465,89,17,23,817,130,371 1,1,1,1,1,1,1,1,1,1,1,1,1,1,1,1,1,1,1,1,1,1,1,1,1,1,1,1,1,1,1,1,1,1,1,1,1,1,1,1,1,1,1
23,224,438,14,60,374,10,360 1,1,1,1,1,1,1,1
16,21,38,15,416,118,12,330,93 1,1,1,1,1,1,1,1,1
40,21,957,1151,15,39,389,37,158,289,171,22,105,3,4452,279,22,105,3,452,3,274,279,22,105,3,2305,669,22,105,3,165,3,1433,37,20,95,1285,3,1052,382,22,105,3,25200,3,423,3,5,809 1,1,1,1,1,1,1,1,1,1,1,1,1,1,1,1,1,1,1,1,1,9,1,1,1,1,1,1,1,1,1,8,1,1,1,1,1,1,1,12,1,1,1,1,1,1,26,26,1,17
16,14,98,19,1807,3611,22,25,2568 1,1,1,1,13,1,1,1,1
66,15,400,802,7,2257,3,16,753,10,52,211,600,3,35,55,3,16,21,38,15,416,118,12,330,93 1,1,1,1,1,1,1,1,1,1,1,1,1,1,1,1,1,1,1,1,1,1,1,1,1,1
23,80,224,438,14,60,374,10,360 1,1,1,1,1,1,1,1,1
35,360,731,3,16,38,62,10746,2090,66,25201,849 1,1,1,1,1,1,1,1,1,1,1,1
66,15,224,802,7,2257,3,16,14,376,211 1,1,1,1,1,1,1,1,1,1,1
102,101,89,14,7,55,17,15,140,7,7110,624,3,63,94,6748,3,13,15,427,133,7,4865,136,813,57,1747,3,13,269,6598,992 1,1,1,1,1,1,1,1,1,1,1,1,1,1,1,1,1,1,1,1,1,1,1,1,1,1,1,1,1,1,1,1
23,216,1053,14,1441 1,1,1,1,1
23,155,57,1167,267,684,4,2770,4578,9714,47,15178,5632,558,36,1225,1214,3,3341,207,91,3,97,1065,26,1116 1,1,1,1,1,1,1,1,1,1,1,1,1,1,1,1,1,1,1,1,1,1,1,1,1,1
101,7,6,130,275,15,5348,3801 1,1,1,1,1,1,1,1
74,14,15,152,1162,561,3,11,213,7,1027,1504,3,5,11,1375,213,7,2220,1504 1,1,1,1,1,1,1,1,1,1,1,1,1,1,1,1,1,1,1,1
214,14,7,55,17,15,1012,27,6,70,7583,1809 1,1,1,1,1,1,1,1,1,1,1,1
74,14,5121,330,93 1,1,1,1,1
6,427,1145,111,2856,239 1,1,1,1,1,1
119,41,52,118,23,289,10,382,22,105,5,96,201,976,43,5429,225,6,441,170,65 1,1,1,1,1,1,1,1,1,1,1,1,1,1,1,1,1,1,1,1,1
50,46,1049,11,174,84,12,23,137,39,389 1,1,1,1,1,1,1,1,1,1,1
1087,941,17,2046,1186,1784,12,23,198 1,1,1,1,1,1,1,1,1
13,1586,641 1,1,1
1015,844,3,3095,1330,5732,3,6437,3,107 1,1,1,1,1,1,1,1,1,1
806,4,15179,825,4,25202,843,4,15179,25203,250,31,81,43,262,331,250 1,1,1,1,1,1,1,1,1,1,1,1,1,1,1,1,1
