67,54,4,25186,655,5771,15171,1000,379,358,13,493,129,7,103,147,3,158,160,17,3214,7,2117,3688,3,359,7233 1,1,1,1,1,1,6,1,1,1,1,1,1,1,1,1,1,1,1,1,1,1,1,1,1,1,1
21,403,212,13,431,2508,5,3370,3,13,713,7233,111,15172,42,559,13,789,5,1362,2537 1,10,10,1,3,3,3,3,3,1,1,1,1,1,1,1,1,1,1,1,1
11,458,923,3,7348,21,504,633,3812,27,85 1,1,1,1,1,1,1,1,1,1,1
49,289,549,167,9,223,1014,85,135,3314,3,186,6132,3,7348,744,13,11567,93,3,11,4982,25187,25188,8 1,1,1,1,1,1,1,1,1,1,1,1,1,1,1,1,1,1,1,1,1,1,1,1,1
17,80,320,3134,21,68,19,274,279,32,9,21,31,68,449,10,572,2305,3,218,12,80,8,3,51,21,537,244,3101,3,323,3,2291,12,2460,3,484,323,408,12,6,248 1,1,1,1,1,1,1,55,1,1,1,1,1,1,1,1,1,1,1,1,1,1,1,1,1,1,1,1,1,1,1,1,1,1,1,1,1,1,1,1,1,1
190,23,1059,20,98,1246,5,16,1261,615,624 1,1,1,1,1,1,1,1,1,1,1
16,1344,9716,115,5,58,65,183,19,23,2133,3,16,488,6,274,5,159,286,21,537,1143,188,10,712,2847 1,1,1,1,1,1,1,1,1,1,1,1,1,1,1,55,1,1,1,1,1,1,1,1,1,1
16,631,37,16,41,31,530,188,19,274 1,1,1,1,1,1,1,1,1,55
27,99,112,3,20,1175,43,609,3634,10,527,10,86,13,274 1,1,1,1,1,1,1,1,1,1,1,1,1,1,55
151,19,809,25189,32,9,501,272,3,25190,8,3,97,4982,1542,923,3,13,95,1921,7,1847,12,272,5,3113,12,973 4,1,17,1,1,1,1,1,1,1,1,1,1,1,1,1,1,1,31,31,31,31,31,31,31,31,31,31
77,4,155,57,91 1,1,1,1,1
114,1508,93 1,1,1
4184,4,518,915,66,274 1,1,1,1,1,55
25191,2117,3,179,95 1,1,1,1,1
633,3812 1,1
167,289,31,5307 1,1,1,1
151,31,35,60,179,35,1951 4,1,1,1,1,1,1
580,2152,3,546,52,194,3,7348,16,14,470,1098,7,254 35,35,1,1,1,1,1,1,1,1,1,1,1,1
104,4,41,235,13,609,3634,223,25192,10,49,1860,1796,5,134,88,174,1325,934 1,1,1,1,1,1,1,1,1,1,1,1,1,1,1,1,1,1,1
148,31,5307,179 1,1,1,1
1175,145,289,157,7,378,956,135,3314,3,2179,1682,482,236,17,580,2152,3,51,441,112 1,1,1,1,1,1,1,1,1,1,1,1,1,1,1,35,35,1,1,1,1
118,348,10,945,69 1,17,1,1,1
1980,89 1,1
2640,15173,229 1,1,1
