67,54,4,25286,281,297,404,17,112,446,249,48,34,590,30,7,61,328,6,28,14,425,640,7,170,65,30,7,446,13,131,300,3,131,249,5,7371,48,453 1,1,1,1,1,1,1,1,1,1,1,1,1,1,1,1,1,1,1,1,1,1,1,1,1,1,1,1,1,1,1,1,1,1,1,1,1,1,1
37,14,855,131,5,25287 1,1,1,1,1,1
6,34,14,31,2990,43,288,26,102,308,26,269 1,1,1,1,1,1,1,1,1,1,1,1
18,21,68,190,323 1,1,1,1,1
39,30,181,11697,927,345,1098,329,5761,1943,287,106,6262,875,1498,4948,4611,1235,13,72,285,115,25288,487,280,33,132,3506,140,137,254,1212,108,22,32,610,707,215,22,32,3992,2354,22,32,15193,913,279,22,32,15193,800,125,22,32,203,547,22,32,348,501,22,69,81,7,182,90,291,34,3,375,3,437,150,5,206,30,469,7,4157,15190,385,25289,161,15191,2084,25290,15194,573,15,1460,661,15,71,1020,519,848,36,8485,15,727,58,373,519,71,329,719,329,832,644,76,519,419,519,149,5,689,81,77,316,11700,1183,680,7260,227,665,3,1709,2638,3,1040,91,3,965,2596,2638,3,11,4260,3,11,338,246,3,11,315,965,1685 1,1,1,1,1,1,1,1,1,1,15,7,1,1,1,1,1,1,1,1,1,1,1,1,23,1,1,1,1,1,1,20,1,1,1,9,9,1,1,1,27,1,1,1,1,28,1,1,1,1,12,1,1,1,11,1,1,1,17,1,1,1,1,1,1,1,1,1,1,1,1,1,1,1,1,1,1,1,1,1,1,1,1,1,1,1,1,1,1,1,1,1,1,1,1,1,1,1,1,1,1,1,1,1,1,1,1,1,1,1,1,1,1,1,1,1,1,1,1,1,1,1,1,1,1,1,1,1,1,1,1,1,1,1,1,1,1,1,1,1,1,1,1,1,1,1,1
136,14,332,3,11,910,3,11,687,15188,3,11,6373,638 1,1,1,1,1,1,1,1,1,1,1,1,1,1
4410,7584,675,3,91,10,463,100 1,1,1,1,1,1,1,1
34,4048,19,48,1046 1,1,1,1,1
612,304,5,310,13,145,239,5,156 1,1,1,1,1,1,1,1,1
11,213 1,1
214,14,152,3,1169,246,3,11,777,240,26,1061 1,1,1,1,1,1,1,1,1,1,1,1
118,326,327 1,1,1
114,57,675,13,11,93 1,1,1,1,1,1
273,77,14,928,1169,741 1,1,1,1,1,1
192,5,104,48,453 1,1,1,1,1
6,28,82,30,5,77,191,31,508,612,1219,51,34,1219,12,6,48,766,3,1058,12,1219 1,1,1,1,1,1,1,1,1,1,1,1,1,1,1,1,1,1,1,1,1,1
18,38,62,904,12,808,668,37,20,886,66,356,175,3,74,143,11,13234,448,3,11,25291,26,88,174,448 1,1,1,1,1,1,1,1,1,1,1,1,1,1,1,1,1,1,1,1,1,1,1,1,1,1
18,20,2830 1,1,1
17,1058,34,50,46,420,6040,288,3,5,266,228,6849,17,762,5298 1,1,1,1,1,1,1,1,1,1,1,1,1,1,1,1
18,41,1358,2574,290,10,361,116 1,1,1,1,1,1,1,1
291,453,13,446 1,1,1,1
6,28,41,96,15,6790,353,5,41,1358,15195,1166,5,174,2352,13,25292,25293 1,1,1,1,1,1,1,1,1,1,1,1,1,1,1,1,1,1
12,475,3,12,3157,7,323,50,46,420,24,10,46,15,1290,4110,17,4854,1348 1,1,1,1,1,1,1,1,1,1,1,1,1,1,1,1,1,1,1
546,116,828,286,50,41,420,6,28,10,417,3978,5,4293 1,1,1,1,1,1,1,1,1,1,1,1,1,1
2624 1
6,28,41,417,15,2933,633,25294,104,17,15196 1,1,1,1,1,1,1,1,1,1,1
3361,8484,3,107 1,1,1,1
