67,54,4,25317,528,9726,3873,224,404,17,112,4,48,34,3,226,7,184,694,30,4,528,168,17,64,6781,1483,1741 1,1,1,1,1,1,1,1,1,1,1,1,1,1,1,1,1,1,1,1,1,1,1,1,1,1,1,1
358,13,15,30,7,142,3,287,3,151,3,212,5,619,1374,2165,61,89,10,11709,230,13,626,627,226,7,184,5,855,53,1575,34 1,1,1,1,1,7,7,15,1,4,1,10,1,3,1,1,1,1,1,1,1,1,1,1,1,1,1,1,1,1,1,1
6,28,146,46,2980,619,12,1374,2165,27,8491,139,387,1575,34,5,226,7,184 1,1,1,1,1,3,3,3,3,1,1,1,1,1,1,1,1,1,1
16,20,933,27,37,85,37,74,1317,52,15,147,13,175,7,6,466 1,1,1,1,1,1,1,1,1,1,1,1,1,1,1,1,1
164,376,4208 1,1,1
16,20,261,163,5,387,553,116 1,1,1,1,1,1,1,1
103,593,20,582,12,871,2806,2614,27,588,75,3,43,23,146,3,111,175,1559,466 2,2,2,2,2,2,2,2,2,2,2,2,2,2,2,2,2,2,2,2
16,526,4561,7,166,717,76,3,8492,309,3,51,636,2145,265 1,3,3,3,3,3,3,3,3,3,1,1,1,1,1
6923,181,1531,20,582,223,58,113,525,111,11,84 1,1,1,1,1,1,1,1,1,1,1,1
16,749,64,6781,17,2828,3504,223,58,129,183 1,1,1,1,1,1,1,1,1,1,1
23,81,7,3204,66,2806,4,2491,10,794,614,883,3,2285,10,2828,2250,883,3,2491,10,309,31,221,5,899,309,76 1,1,1,1,1,3,3,3,3,3,3,3,3,3,3,3,3,3,3,1,1,1,1,1,1,1,1,1
309,8492 1,1
1038,400,44 1,1,1
8493,20,1190,313,16,21,31,55,88,265,12,1575,34 1,1,1,1,1,1,1,1,1,1,1,1,1
16,21,626,627,437,19,380,5,855,380,53,1575,34,1355,1307,43,58,15207 1,1,1,1,1,1,1,1,1,1,1,1,1,1,1,1,1,1
1848 25
1151,1328,8733,23,308,3,16,14,46,105,116 1,1,1,1,1,1,1,1,1,1,1
16,21,68,6285,27,103,977,51,368,344,11167,2966,1644 1,1,1,1,1,1,1,1,1,1,1,1,1
16,2174,64,6781,82,668,89,5,20,1260,10,468,10,6,11709,230,17,172 1,1,1,1,1,1,1,1,1,1,1,1,1,1,1,1,1,1
12,6,230,3,16,197,1250,5,8494 1,1,1,1,1,1,1,1,1
242,55,128,53,1575,34,2082 1,1,1,1,1,1,1
523,1476,1541,3,148,15208,3,718,880,853,42,658 1,1,1,1,1,1,1,1,1,1,1,1
904,111,924,156,1772,3,4051,2127,13,10480,3,3629,3,1865,25318,1511,84,1287,169,565,25319 1,1,1,1,1,1,1,1,1,1,1,1,1,1,1,1,1,1,1,1,1
2130,3,1336,3,5,8467,44 1,1,1,1,1,1,1
506,111,91,155 1,1,1,1
12,691,7,23,30,7,212,3,619,3,169,2731,3,5,626,116,3,162,17,268,172 1,1,1,1,1,1,10,1,3,1,1,1,1,1,1,1,1,1,1,1,1
254,9,109,31,731,228,3,1003,160,15209,13,23,551,8,1778,423,447,22,105,252,462,22,105,613,1211,22,305,236,125,22,105,729,141,22,105,4427,289,378,19,880,5,2735,1384,549,105,1286,8493,501,22,69,15207 1,1,1,1,1,1,1,1,1,1,1,1,1,1,25,26,1,1,1,11,1,1,1,9,1,1,1,12,1,1,1,20,1,1,1,1,1,1,1,1,1,1,1,1,1,21,1,1,1,1,1
1848,167,80,39,30,4,151,142,287,2091,699,157,212,10714,25320,2910,78,840,29,1320,42,3,131,509,3,621,766,7497,11710,123,117,1374,2165,8491,9,2285,10,5097,3,2491,10,614,3,2491,10,309,8,25321,2522,309,2806,2614,25322,25323,4,25324,3,523,4211,3,11,1575,34,3,11,563,84,812,110,83,2692,9727,170,87,183,53,2378,2496,1373,110,619,958,367,860,918,84,10,127,874,33,1105,4,257,81,259,150,30,4,661,329,212,206,30,4,245,13,551,12,9728,3,8416 25,1,1,1,1,1,4,7,15,5,5,5,10,1,1,1,1,1,1,1,1,1,1,1,1,1,1,1,1,1,1,1,1,1,1,1,1,1,1,1,1,1,1,1,1,1,1,1,1,1,1,1,1,1,1,1,1,1,1,1,1,1,1,1,1,1,1,1,1,1,1,1,1,1,1,1,1,1,1,1,3,1,1,1,1,1,1,1,1,1,1,1,1,1,1,1,1,1,1,1,10,1,1,1,1,1,1,1,1,1,1
919 1
1221,1602,11711,123,180,991 1,1,1,1,1,1
1119,485 1,1
81,7,182,4,11,690,3,1725,3,611,3,2969,3,1171,3,616,11,155,76,3,803,3,760,3,739,3,407,11,283,3,2052 1,1,1,1,1,1,1,1,1,1,1,1,1,1,1,1,1,1,1,1,1,1,1,1,1,1,1,1,1,1,1
329,812,179,13,1384,11,725 1,1,1,1,1,1,1
329,634,315,1042,464,19,289,11,432,3,1745,448,406,59,489,1693,315,1042,13,301,2378,2496,147,102,101,4,1546,4,15208,1612,4,1476,1752,2102 1,1,1,1,1,1,1,1,1,1,1,1,1,1,1,1,1,1,1,1,1,1,1,1,1,1,1,1,1,1,1,1,1,1
156,4,680,2182,4,3828,842 1,1,1,1,1,1,1
3137,4,1428,12 1,1,1,1
2793,4,5861,1821,3,504,341,1665,4,244,787,3,2269,358,3,480,2251,4,617,3,683,1877,4,1172,3,797,1674,4,217,216,133,13,44,1700,3,11,222,3,576,3723,632,1613,4,416,1441,184,327,783,13,493,2631,876,3,11,407,3,2554,15210,4174,1502,4,455,3,310,3,310,44,2111,3,11,213,3,502,26,561,3,1630,4573,1614,4,152,3,952,3,952,3,329,588,3,11,240,26,222,1595,4,433,562,133,100,3,11,222 1,1,1,1,1,1,1,1,1,1,1,1,1,1,1,1,1,1,1,1,1,1,1,1,1,1,1,1,1,1,1,1,1,1,1,1,1,1,1,1,1,1,1,1,1,1,1,1,1,1,1,1,1,1,1,1,1,1,1,1,1,1,1,1,1,1,1,1,1,1,1,1,1,1,1,1,1,1,1,1,1,1,1,1,1,1,1,1,1,1,1,1,1,1,1,1,1,1,1,1,1,1
217,79,133,100,1664,95,149,4,1817,54,705,592,392,888,870,8495,1618,1888,680,8468,388,103,898,54,1336,2340,4375,8495,72,72,3919,1185,54,333,349,536,8495,15211,3315,8079,2613,54,79,1074,1067,8495,5491,1492,25325,174,54,560,8495,9729,339,4,1483,1741 1,1,1,1,1,1,1,1,1,1,1,1,1,1,1,1,1,1,1,1,1,1,1,1,1,1,1,1,1,1,1,1,1,1,1,1,1,1,1,1,1,1,1,1,1,1,1,1,1,1,1,1,1,1,1,1,1,1
358,13,311,7168,3,619,123,117,1374,2165,13,374,1449,7,2491,10,5097,5,170,76,3543,309,162,132,13,626,437,19,380,5,128,855,1575,34 1,1,1,1,1,3,1,1,1,1,1,1,1,1,1,1,1,1,1,1,1,1,1,1,1,1,1,1,1,1,1,1,1,1
417,103,1989,72,3,904,886,3,506,111,91,155 1,1,1,1,1,1,1,1,1,1,1,1
12,691,7,626,116,7022,10,39,340,3,41,1717,13,103,593,3,25326,1531,3,5530,3,329,25327,2731,10896,973,13,64,15212,25328 1,1,1,1,1,1,1,1,1,1,1,1,1,1,1,1,1,1,1,1,1,1,1,1,1,1,1,1,1,1
10584,10,5293,254,25329,2298,1860,1796,3,252,3,423,3,1163,3,2397,2752,482,488,8493,12,2658,7,1496,265,10601,103,898,7831,104,135,64,9022,9,1495,17,64,6781,8,15213,4834,3,1203,205,867,43,15213,4834,3,1203,607,161,4,603 1,1,1,1,1,1,9,9,1,11,1,26,26,12,1,25,1,1,1,1,1,1,1,1,1,1,1,1,1,1,1,1,1,1,1,1,1,1,1,1,1,1,1,1,1,1,1,1,1,1,1,1,1,1
