67,54,4,25400,9734,11722,112,79,4,5915,3668,54,7,112,4,25401,426,4,2377,1553,3,142,3,287,3,151,282,4,159,1025,99,112,3,749,528,684,24,136,5,1575,34,914,380,3,64,5538,121,190,37,18,21,211,695 1,1,1,1,1,1,1,1,1,1,1,1,1,1,1,1,1,1,1,1,1,7,1,15,15,4,1,1,1,1,1,1,1,1,1,1,1,1,1,1,1,1,1,1,1,1,1,1,1,1,1,30,30
16,420,37,18,2536,24,39,355,43,118,24,1534,5,8147 1,1,1,1,1,1,1,1,1,1,1,9,1,1
27,40,802,3,18,21,118,24,1534,10,58,1746,7341,135,65 1,1,1,1,1,1,1,1,9,1,1,1,1,1,1
18,190,1867,19,40 1,1,1,1,1
11,1171,26,616 1,1,1,1
18,14,98,530,10,126,2397,35,2104,35,677,953,56,1778,1675,32 1,1,1,1,1,1,1,1,1,1,1,1,1,65,1,1
464,46,11723,1575,453,321,115,1625 1,1,1,1,1,1,1,1
11,48,94,26,1575,453,27,427 1,1,1,1,1,1,1,1
18,21,31,1001,88,655 1,1,1,1,1,1
313,3,21,31,68,449,10,118,24,960,3906,18,20,31,781,6,2593,1432,5,237,1197,319,134,18,25402,10,356,420,228 1,1,1,1,1,1,1,1,1,8,1,1,1,1,1,1,1,1,1,1,1,1,1,1,1,1,1,1,1
98,126,15230,159,1025,99,112 1,1,12,1,1,1,1
21,31,1005,88,762,2292,26,207,323 1,1,1,1,1,1,1,1,1
21,344,68,19,40,17,58,113,693 1,1,1,1,1,1,1,1,1
11,1292,29,232,2460,29,190,60,1057 1,1,1,1,1,1,1,1,1
768,190,94,3,296,12,53,1040,29,416,377,12,841 1,1,1,1,1,1,1,1,1,1,1,1,1
147,71,324,1759,1887,7,798,931,4,1195,36,3,132,110,9735,516,3,96,43,1795,106,935,280,3241,7587,4,110,918,64,6808,39,203,9,947,478,8,547,22,9,1026,45,49,36,8,25,32,47,388,45,9,73,8,1262,9,2031,8,215,22,9,686,45,49,36,8,25,69,3,2084,1120,47,11724,47,1847,45,9,73,8,913,279,22,9,799,45,49,36,8,25,32,3,2084,1120,47,6374,47,388,45,9,73,8,1778,1147,9,1650,3813,9,1541,8,8,180,22,9,180,22,2299,2402,49,36,8,25,32,47,388,2299,960,9,165,2755,8,231,4679,3015,1633,521,35,496,3,15231,397,1429,5,141,189,27,421,2084,1120,47,6374,47,117,129,9,73,8,1918,348,945,22,9,2256,45,49,36,8,25,69,47,1847,45,9,73,8,610,1400,215,22,9,686,45,49,36,8,25,32,35,496,3,58,25,605,5,36,25,608,47,1847,45,9,73,8,729,9,1212,8,108,22,9,108,22,45,49,36,8,25,32,123,388,65,47,388,45,9,73,8,1884,11725,521,1392,35,496,3,5880,397,1429,3,5880,397,3059,3,7045,397,2235,47,558,6924,3429,175,1008,5006,154,2126,36,521,69,47,117,129,9,73,8,1918,2071,125,22,9,378,45,49,36,8,25,276,47,388,45,9,73,8,5236,6924,9736,960,165,3429,1188,189,521,32,3,2084,1120,47,6374,47,117,129,9,73,8,1918,9169,9,6711,1244,245,9,8143,8,8,36,3015,521,1580,123,11209,65,3,176,5161,5,1050,36,3015 1,4,4,1,1,1,1,1,1,1,1,1,1,1,1,1,1,1,1,1,7,1,23,1,1,1,1,1,1,1,1,11,1,1,1,1,1,1,1,1,1,1,1,1,1,1,1,1,1,1,1,1,27,1,1,1,1,1,1,1,1,1,1,1,1,1,1,1,1,1,1,1,1,1,1,1,1,28,1,1,1,1,1,1,1,1,1,1,1,1,1,1,1,1,1,1,1,1,1,65,65,1,1,1,1,1,1,1,1,1,1,1,1,1,1,1,1,1,1,1,1,1,1,8,1,1,1,1,1,1,1,1,1,1,1,1,1,1,1,1,1,1,1,1,1,1,1,1,1,1,1,1,1,1,1,17,1,1,1,1,1,1,1,1,1,1,1,1,1,1,1,1,9,9,1,1,1,1,1,1,1,1,1,1,1,1,1,1,1,1,1,1,1,1,1,1,1,1,1,1,20,1,1,1,1,1,1,1,1,1,1,1,1,1,1,1,1,1,1,1,1,1,1,1,8,1,1,1,1,1,1,1,1,1,1,1,1,1,1,1,1,1,1,1,1,1,1,1,1,1,1,1,1,1,1,1,1,1,1,1,1,12,1,1,1,1,1,1,1,1,1,1,1,1,1,1,1,1,1,1,1,8,1,1,1,1,1,1,1,1,1,1,1,1,1,1,1,1,1,1,1,1,1,1,1,1,1,1,1,1,1,1,1,1,1,1,1,1,1,1,1,1,1
15232,473,303 1,1,1
178,395,607,1244,3371,12,6,1960,2455,7971,9,26,2754,6,3780,12,4235,134,11,1960,902,8 1,1,1,1,1,1,1,1,1,1,1,1,1,1,1,1,1,1,1,1,1,1
47,36,3015,127,2935,33,874,1176,1707,33,263,3,1732,4,334,5049,29,238,5855,123,558,991,485,4,200,25403,357,4,200,1144,4,1219,66,7556 1,1,1,1,1,1,1,1,1,1,1,1,5,5,5,5,5,5,5,5,5,5,1,1,1,1,1,1,1,1,1,1,1,1
920,17,2583,87,10,11726,3,768,4067,35,232,3,3720 1,1,1,1,1,1,1,1,1,1,1,1,1
21,58,727,5,615,2263 1,1,1,1,1,1
21,58,9737,3,36,245,12,11244,5,36,12,11727 1,1,1,1,1,1,1,1,1,1,1,1
11,2029 1,1
11728,7279 1,1
1037,21,9738,623,399 1,1,1,1,1
1022,4,9,11,374,8,256,1719,2942,3,287,329,151,12,661,9,8503,12,23,5811,8,329,5229,914,419,9,11729,12,11730,573,25404,123,58,13,3942,9,1970,11731,9,11,374,8,256,3857,3,3594,3,687,3,4444,3,567,3,623,329,895,373,12,24,573,3,1363,1603,11732,9,11,374,8,256,11733,1083,314,9,11,374,8,256,895,1271,3,11734,7463,9,11,374,8,256,545,3,971,3,6454,3,432,935,9,329,8,256,1906,12,9739,9,11,374,8,256,363,3,2569,3,3863,329,1460,12,24,573,25405,12,58,9739,329,2944,191,12,4590,701,4,25406,1279,6169,853,42,658,1592,842,25407,207,4,11662,197,719,12,480,227,4,797,3,863,3,665,3,1536,29,1063,10,192,576,3,59,2653,914,1143,756,5193,29,187,914,409,2653,5,691,1056 1,1,1,1,1,1,1,1,1,1,15,1,4,1,1,1,1,1,1,1,1,1,1,1,1,1,1,1,1,1,1,1,1,1,1,1,1,1,1,1,1,1,1,1,1,1,1,1,1,1,1,1,1,1,1,1,1,1,1,1,1,1,1,1,1,1,1,1,1,1,1,1,1,1,1,1,1,1,1,1,1,1,1,1,1,1,1,1,1,1,1,1,1,1,1,1,1,1,1,1,1,1,1,1,1,1,1,1,1,1,1,1,1,1,1,1,1,1,1,1,1,1,1,1,1,1,1,1,1,1,1,1,1,1,1,1,1,1,1,1,1,1,1,1,1,1,1,1,1,1,1,1,1,1,1,1,1,1,1,1,1,1,1,1,1,1,1,1,1,1,1,1,1
1213,4,1304,914,232,737,656 1,1,1,1,1,1,1
11,407,3,1116,3,26,876,720,4,455,3,25408,3,11,1099,531,4,3065,3,11,93,873,4,1666,379,719,13,674,7,142,3,287,3,151,3,280,3,931,373,61,17,2377,7,311,39,483 1,1,1,1,1,1,1,1,1,1,1,1,1,1,1,1,1,1,1,1,1,1,1,1,1,1,1,1,1,7,1,15,15,4,1,23,23,1,1,1,1,1,1,1,1,1
36,8,151,4,1363,1603,1970,5448,3,2234,71,1082,110,2430,1972,5,166,604 1,1,4,1,1,1,1,1,1,1,1,1,1,1,1,1,1,1
372,95,25409,1284,4,2811,42,3,244,1143,839,7,78,986,29,2811,42,5,265,1129,10,3116,42,159,118,12,960,228 1,16,16,16,16,16,16,16,1,1,1,1,1,1,1,1,1,1,1,16,16,16,16,1,1,1,8,1
242,31,1606,1386,3229,89,51,86,10,146,37,24,772,345,12,272,464,2209,270,839,5,37,24,4038,911,5,160,17,25410,14,27,2235 1,1,1,1,1,1,1,1,1,1,1,1,1,1,1,1,1,1,1,1,1,1,1,1,1,1,1,1,1,1,1,1
356,420,126,69,228,7,960,5,1190,141,189,12,973,3,51,31,449,10,564,1702,66,15233,29,235,37,17,128,5213,92,228,31,99,17,900,552,6717,37,677,299,476,345,179,914,69,228 1,1,1,1,1,1,8,1,1,1,1,1,1,1,1,1,1,1,1,1,1,1,1,1,1,1,1,1,1,1,1,1,1,1,1,1,1,1,1,1,1,1,1,1,1
235,37,18,41,166,160,10,377,24,973,228,7,1884,56,56,827,1284,1970,6925,56,56,86,348,2256,69,3,960,25411,605,5,1884,1686,51,98,1190,141,189,7,960,12,973,56,56,86,345,450,17,166,160,17,268,1237,10,389,56,56,15234,336,15235,4,8212,270,839,7,78,986,29,180,29,46,1049,84,10,148,389,5,148,132,630,839,29,41,827,1034,9740,12,6925,56,56,3284,4,15236,43,609,5916,29,146,6926,56,56,9741,4,79,914,166,71,604,5,5046,15237,29,1430,10,9741,17,268,198,5,450,27,356,112,56,56,148,4,630,839,19,780,3,15238,3,610,5,729,56,56,6219,580,4,4242,270,839,7,78,986,29,231,3,31,19,1163,29,126,736,75,20,3565,1603,1086,2099,5,207,323,9,409,1228,5,897,8,29,79,21,126,15230,5,197,10,52,191,60,19,40,56,56,15239,9742,7432,56,56,235,1335,1430,29,79,1574,51,104,19,7585,3826,6927,353,56,56,235,1511,7,655,314,29,79,10,527,3826,6927,353,29,56,56,1980,4,6219,56,56,1590,15240,4,1590,1902,6926,29,370,9743,89,58,8,142,4,1363,1603,12,1970,15241,148,244,1143,839,89,19,137,389,7,780,799,32,3,1262,686,69,3,610,672,69,5,729,108,22,32,75,197,10,52,7588 1,1,1,1,1,1,1,1,1,1,1,1,8,1,1,1,1,1,1,1,1,1,17,1,1,1,8,1,1,1,8,1,1,1,1,1,1,1,8,1,1,1,1,1,1,1,1,1,1,1,1,1,1,1,1,1,1,1,1,1,1,1,1,1,1,1,1,1,1,1,1,1,1,1,1,1,1,1,1,1,1,1,1,1,1,1,1,1,1,1,1,1,1,1,1,1,1,1,1,1,1,1,1,1,1,1,1,1,1,1,1,1,1,1,1,1,1,1,1,1,1,1,1,1,1,1,1,1,1,28,28,27,1,9,1,20,1,1,35,35,35,35,1,1,1,1,1,1,1,1,1,1,1,1,1,1,1,1,1,1,1,1,1,1,1,1,1,1,1,1,1,1,1,1,1,12,1,1,1,1,1,1,1,1,1,1,1,1,1,1,1,1,1,1,1,1,1,1,1,1,1,1,1,1,1,1,1,1,1,1,1,1,1,1,1,1,1,1,1,1,1,1,1,1,1,1,1,1,1,1,1,1,1,1,1,1,1,1,7,7,1,1,1,1,1,1,1,1,1,1,1,1,1,1,28,1,1,1,27,1,1,1,9,1,1,1,20,1,1,1,1,1,1,1,1
41,31,810,88,475,84,159,79,14,104,19,1190,1778,1675,35,2104,35,18,370,92,66,15233 1,1,1,1,1,1,1,1,1,1,1,1,65,1,1,1,1,1,1,1,1,1
25412,2015,539,3,153,5683,3,399,1043 1,1,1,1,1,1,1,1,1
56,56,9659,266,705,353,3,655,314,56,56,86,780,799,32,3,1262,686,69,3,5,610,672,69,3,5,729,108,22,32,56,56,81,11735,17,75,18,546,4560,1442,39,2067,117,8,1856,4,15234,580,4242,270,839,7,78,986,29,231,138,151,5,166,212 1,1,1,1,1,1,1,1,1,1,1,1,28,1,1,1,27,1,1,1,1,9,1,1,1,1,20,1,1,1,1,1,1,1,1,1,1,1,1,1,1,1,1,1,15,1,1,35,35,1,1,1,1,1,1,1,1,4,1,1,10
79,914,1922,58,113,2169,7,736,15242,1603,1086,2099,5,207,323,51,409,15243 1,1,1,1,1,1,1,1,1,1,1,1,1,1,1,1,1,1
79,132,19,2071,123,58,113,5,197,10,52,7588,2659,2170 1,1,1,12,1,1,1,1,1,1,1,1,1,1
465,81,284,518,915,5,18,731,10,454,914,88,479,26,664,56,56,86,2071,378,276,29,15244,284,518,915,5,1564,10,454,914,479,56,56,79,1564,37,18,41,160,390,520,5,1228,12,1970,5005,113,139,126,25413,29,41,144,27,441,112,56,56,420,266,393,353,210,8,166,211,15245,29,132,110,528,3,278,914,64,5538,121,190,37,224,61,1287,211,15245,5,21,420,2169,7,2536,39,355,914,2397,5,25414,17,132 1,1,1,1,1,1,1,1,1,1,1,1,1,1,1,1,1,1,12,1,1,1,1,1,1,1,1,1,1,1,1,1,1,1,1,1,1,1,1,1,1,1,1,1,1,1,1,1,1,1,1,1,1,1,1,1,1,1,1,1,1,1,1,1,1,1,10,10,1,1,1,1,1,1,1,1,1,1,1,1,1,1,1,10,10,1,1,1,1,1,1,1,1,1,1,1,1,1,1
81,278,2324,13,28 1,1,1,1,1
313,3,134,40,109,31,285,3,41,482,284,25415,154 1,1,1,1,1,1,1,1,1,1,1,1,1
79,197,10,52,572,118,12,1534,5,21,31,1702,126,1778 1,1,1,1,1,1,1,9,1,1,1,1,1,65
95,580,270,839,51,1123,1494,1163,470,41,160,2377,1370,12,1970,210,113 1,1,1,1,1,1,1,1,1,1,1,1,1,1,1,1,1
56,56,86,252,547,22,32,29,118,610,672,69,3,2930,3,5,2071,378,276,56,56,2377,1089,914,609,5538,12,1970,36,113,56,56,79,10,1457,1778,1675,35,2104,35,953,66,5215,108,8,53,1040,4014,4,53,2653,914,1143,492,756,5193 1,1,1,11,1,1,1,1,1,9,1,1,1,27,1,1,12,1,1,1,1,1,1,1,1,1,1,1,1,1,1,1,1,1,1,65,1,1,1,1,1,1,1,1,1,1,1,1,1,1,1,1,1,1,1,1
5640,1040,914,296,1004,5,25416,7,409,2653,315,5640 1,1,1,1,1,1,1,1,1,1,1,1
79,660,492,1954,7,2216,914,369,7,409,841 1,1,1,1,1,1,1,1,1,1,1
79,537,60,315,5640,914,11,616 1,1,1,1,1,1,1,1
25417,284,616,5,18,41,983,12,2861,702,17,15,477,5,810,1671,37,18,109,31,2233 1,1,1,1,1,1,1,1,1,1,1,1,1,1,1,1,1,1,1,1,1
320,8,4068,4,56,56,25418,1590,1902,56,56,41,745,9743,89,56,2752,745,9744,89,10,191,29,56,56,2377,19,1402,56,2298,10,235,6648,79,10,1521,12,1970,36,2302,26,2110,134,160 1,1,1,1,1,1,1,1,1,1,1,1,1,1,1,1,1,1,1,1,1,1,1,1,1,1,1,1,1,1,1,1,1,1,1,1,1,1,1,1,1,1,1,1
