67,54,4,25538,3668,3,5915,25539,25540,8160,8505,3,107 1,1,1,1,1,1,1,1,1,1,1,1,1
11737,2565,124,3,281,297,1183,9748,1418,3,3377,14251,11306,10718,3,7556,25541,882,8160,3,50,38,6,1174,7,122,40,28,12,6,528,224,27,6,11737,2565,124 1,1,1,1,1,1,1,1,1,1,1,1,1,1,1,1,1,1,1,1,1,1,1,1,1,1,1,1,1,1,1,1,1,1,1,1,1
159,50,99,749,629,3668,3,18,526,15,6660,181,120,556,164,3,281,6584,10,6,53,574,2880,120,3,770,70,1459,466,10,6,4236,1809,1528,7,6,53,2075,3,5,1911,2210,813,466,10,6,789,2880,1528,7,6,70,181,120 1,1,1,1,1,1,1,1,1,1,3,3,3,3,3,1,1,1,1,1,1,1,1,1,1,1,1,1,1,1,1,1,1,1,1,1,1,1,1,1,1,1,1,1,1,1,1,1,1,1,1,1,1,1
18,572,6,164,334,60,5,38,15,226,977,1216 1,1,1,1,1,1,1,1,1,1,1,1
137,3,18,14,191,128,321,3,51,14,464,190,334,2271,5,15,1928,4771 1,1,1,1,1,1,1,1,1,1,1,1,1,1,1,1,1,1
313,3,24,184,109,190,476,306,169,10,6,164 1,1,1,1,1,1,1,1,1,1,1,1
18,21,128,1486,1456,774,34,3,51,92,21,265,159,24,261 1,1,1,1,1,1,1,1,1,1,1,1,1,1,1
137,39,4,176,203,462,22,105 1,1,1,1,11,1,1,1
178,10715 1,1
195,1812,1142,22,337 1,20,1,1,1
2568 1
253,932,171,22,337 1,1,1,1,1
105 1
346,4374,125,2365,337 1,1,1,1,1
105 1
460,5917,755,22,105 1,1,1,1,1
652,784,231,22,337 1,9,1,1,1
1208 1
833,2071,125,22,337 1,12,1,1,1
105 1
995,932,171,22,337 1,1,1,1,1
105 1
1079,950,3,2326,1547,3,1816,3,2114 1,1,1,1,1,1,1,1,1
2762,39,1105,4,176,2935 1,1,1,1,1,1
178,1176,1707,3,263 1,1,1,1,1
195,5854,3,4889 1,1,1,1
19,102,101,3,130,156,547,3,63,94,25542,3,5,140,7,14340,12,207,3,18,14,60,197,3,12,11,758,342 1,1,1,1,1,1,1,1,1,1,1,1,1,1,1,1,1,1,1,1,1,1,1,1,1,1,1,1
1161,715,94,14,320,632,7,1599 1,1,1,1,1,1,1,1
216,57,217,3,11,222 1,1,1,1,1,1
6,48,14,91,10,463,5,1051,3,15,2554,4931,4174,3,145,156,5,239 1,1,1,1,1,1,1,1,1,1,1,1,1,1,1,1,1,1
11,173,213,3,561,3,26,502 1,1,1,1,1,1,1,1
214,4,152,3,396,3,1763,3,11,240,3,222,3,1061 1,1,1,1,1,1,1,1,1,1,1,1,1,1
114,4,5313,93 1,1,1,1
81,7,149,54,25543,3,663,2249,3,347,1774,3,2680,680,3,2532,680,3,486,393,2217,3,1380,2293,3,926,1979,3,5,580,7032,12,1351,3,6,28,14,15,5841,428,161,315,619,3,191,60 1,1,1,1,1,1,1,1,1,1,1,1,1,1,1,1,1,1,1,1,1,1,1,1,1,1,1,1,1,1,1,1,1,1,1,1,1,1,1,1,3,3,3,3,1,1
18,109,197,10,52,131,1053,1930,89,3,1241,50,41,810,6,96,39,1237 1,1,1,1,1,1,1,1,1,1,1,1,1,1,1,1,1,1
35,2170,35,24,103,254,3,677,41,84,10,203,547,22,105,3,663,125,2365,105,3,289,171,22,337 1,1,1,1,1,1,1,1,1,1,1,11,1,1,1,1,1,1,1,1,1,1,1,1,1
1047,3,610,2223,231,22,337 1,1,9,9,1,1,1
105,3,5,2071,125,22,337 1,1,1,12,1,1,1
105 1
50,41,1550,24,289,19,62,1201,1721,10,46,24,1516,15275,624,10,265,24,226,7,184,35,60,35,24,93 1,1,1,1,1,1,1,1,1,1,1,1,1,1,1,1,1,1,1,1,1,1,1,1,1,1
119,41,773,2063,10,3279,149,35,60 1,1,1,1,1,1,1,1,1
50,41,122,24,465,12,58,113,1396,85 1,1,1,1,1,1,1,1,1,1
395,190,770,10,732,271,13,88,664 1,1,1,1,1,1,1,1,1
14837,641,3,497,4062,5538,3,107 1,1,1,1,1,1,1,1
746,25544,3660 1,1,1
