67,54,4,25611,1655,279,3,25612,5143,7087,3,107 1,1,1,1,1,1,1,1,1,1,1,1
25613,281,297,5731,36,25614,25615,684,4,2057,634,542,4,25616,2523,4,25617,25618,4,25619,882,609,7087,3,293,2057,634,369,17,513,12,6,273,224,89 1,1,1,1,1,1,1,1,1,1,1,1,1,1,1,1,1,1,1,1,1,1,1,1,1,1,1,1,1,1,1,1,1,1,1
16,464,21,173,535,321,3,5,16,14,667,1041,27,163 1,1,1,1,1,1,1,1,1,1,1,1,1,1
16,21,31,2116,88,173,1373 1,1,1,1,1,1,1
16,21,837,5,2313,7,23,764,3,51,74,21,68,11,694,84,12,23,116,159,23,99,112,12,1361,15292,39,4,930,1801,305,3,289,549,105,3,203,3,274,686,105,3,2415,515,3,2071,378,3,815,5,6565,752 1,1,1,1,1,1,1,1,1,1,1,1,1,1,1,1,1,1,1,1,1,1,1,1,1,1,1,1,1,1,1,1,1,1,1,1,11,11,9,1,1,1,62,1,1,12,1,1,1,1,1,1
101,4,275,37,628,154,12,6,248,14,44 1,1,1,1,1,1,1,1,1,1,1
16,21,1688,1672,2481,1056,7,6,595,3,565,10,433,27,6,384 1,1,1,1,1,1,1,1,1,1,1,1,1,1,1,1
3243,82,154,14,269,3,5,6,28,21,535,1210,97,1224 1,1,1,1,1,1,1,1,1,1,1,1,1,1
1151,6,851,7,1009,2771,3,16,14,464,449,10,190,269,2089,27,6,15293,618,12,23,764 1,1,1,1,1,1,1,1,1,1,1,1,1,1,1,1,1,1,1,1,1,1
2719,5,4310,511,57,1441 1,1,1,1,1,1
532,81,4,6,28,109,46,15,828,266,2383,7,5918,961,12,6,1341,8113,1177 1,1,1,1,1,1,1,1,1,1,1,1,1,1,1,1,1,1,1
40,14,886,1129,10,6,356,264,359,12,1655,15292,40,372,166,14,15,8249 1,1,1,1,1,1,1,1,1,1,1,1,1,1,1,1,1,1
339,5,420,4,6,28,21,500,179,71,3,698,43,4779 1,1,1,1,1,1,1,1,1,4,1,1,1,1
6,5918,961,14,62,4403,461,5,14,1019,31,3396,17,23,330,604 1,1,1,1,1,1,1,1,1,1,1,1,1,1,1,1
138,37,6,5918,961,21,31,84,12,2383,26,7097,50,191,31,1526,37,74,14,15,160,17,475,154,27,40,1195 1,1,1,1,1,1,1,1,1,1,1,1,1,1,1,1,1,1,1,1,1,1,1,1,1,1,1
16,41,86,13,930,10,355,23,3698,116 1,1,1,1,1,1,1,1,1,1
50,46,4122,201,10,527,5,1515,232,71,179 1,1,1,1,1,1,1,1,1,1,1
513,12,320,129,1015,3,3686,13204 1,1,1,1,1,1,1,1
