67,54,4,25595,281,297,424,11745,39,224,404,17,112,439,793,147,106,19,25596,32 1,1,1,1,1,1,1,1,1,1,1,1,1,1,1,1,7,1,9,1
242,31,572,2930 1,1,1,1
191,60,71,324,96,27,15288,224,17,151 1,1,4,4,1,1,1,1,1,4
19,596,2136,272,3,625,973,5,145,141,25597,5,25598 1,8,1,1,1,1,1,1,8,1,1,1,1
99,14054,3198,66,11746,31,19,1176,290,10,263 1,16,16,1,1,1,1,1,1,1,1
242,31,572,2930 1,1,1,1
4951,77,7128 1,1,1
86,137,389,17,132,5,903,13,15288,17,165,1237,1498,100,489,34 1,1,1,1,1,1,1,1,1,1,1,1,1,1,1,1
221,43,3125 1,1,1
681,476,139,7026,1050,19,70 1,1,1,1,1,1,1
41,439,13,1485 1,1,1,1
489,34,681,265,139,285,13,102,340 1,1,1,1,1,1,1,1,1
776,19,1839,378,5,572,60 15,1,12,1,1,1,1
99,1579,2909,2444,5821,3,926,2018,3,580,25599,237,166,10,126,3571,51,79,31,1751,27,40,85 1,1,1,1,1,1,1,1,1,1,1,1,1,1,1,1,1,1,1,1,1,1,1
21,527,236,5,1052,51,387,15289,5,762,34 1,1,12,1,12,1,1,1,1,1,1
86,1839,17,132 1,12,1,1
181,120,76,110,619,123,195,19,25600 10,10,10,1,1,1,1,1,1
12,15290,599,99,113,17,529,9,11,84,66,356,8,477,288,27,103,977 1,1,1,1,1,1,1,1,1,1,1,1,1,1,1,1,1,1
21,38,170,429,154,139,164,37,46,68,72 1,1,1,1,1,1,1,1,1,1,1
79,636,126,1778,35,496 1,1,1,25,1,1
41,527,40 1,1,1
208,52,422,10,1447,3221,26,1058,367,873,4,529,4,885,921 1,1,1,1,1,1,1,1,1,1,1,1,1,1,1
41,527,1778,180,32 25,25,25,25,25
41,98,575,13,142 1,1,1,1,7
817,130,371,191,60 1,1,1,1,1
655,211,11,307 1,1,1,1
855,25601,159,164 1,1,1,1
19,289,378,32 1,1,1,1
86,17,132 1,1,1
725,146,244,2271,248,5,1346,34,13,380,159,126,977 1,1,1,1,1,1,1,1,1,1,1,1,1
2121,1585,415 1,1,1
11,84,12,1677 1,1,1,1
2121,837,100 1,1,1
122,545,873,4,367,725 1,1,1,1,1,1
41,144,4272,3375,5,288,2135,671 1,1,1,1,1,1,1,1
19,252 1,11
127,203,127,361,432,357,127,25602,25603,1339,127,308,39,596,165,1294,189,521,605,625,189,608,145,165,141,1034,605,3,141,1034,608,930,231,22,25,58,298,305,11539,36,42,2303,32,2107,1455,32,1798,1649,22,1104,662,108,1644,1200,167,48,34,274,686,25,32,203,547,22,25,32,663,835,141,2365,25,32,8506,5,11747,25604,9,25605,25606,8,7316,2107,36,167,69,1839,378,25,32,2677,215,22,25,662,320,83,167,289,125,22,25,32,815,171,22,25,32,1778,180,22,25,32,165,2775,7576,11748,11749,47,231,15291,878,175,1008,2126,8827,15,65,47,669,220,36,87,878,80,39,30,35,270,53,2378,2496,2093,110,2704,25607,183,81,7,182,35,270,3,376,193,102,101,133,1188,63,94,3089,386,156,581,207,197,60,387,3,60,2056,3,11,199,342 1,11,1,1,1,1,1,1,1,1,1,1,1,8,8,1,1,1,1,1,1,1,8,8,1,1,1,1,1,1,1,1,1,1,1,1,1,1,1,1,1,1,1,1,1,1,25,1,1,1,1,1,1,1,1,1,1,9,1,1,1,11,1,1,1,1,1,1,1,1,1,1,1,1,1,1,1,1,1,1,1,1,1,1,1,12,1,1,1,1,1,1,1,1,1,1,1,1,1,1,1,1,1,1,1,1,1,25,1,1,1,1,1,1,1,1,1,1,1,1,1,1,1,1,1,1,1,1,1,1,1,1,1,1,1,1,1,1,1,1,1,1,1,1,1,1,1,1,1,1,1,1,1,1,1,1,1,1,1,1,1,1,1,1,1,1,1,1,1,1,1,1,1,1,1
48,751,682,968,7802 1,1,1,1,1
720,455,409,304,3,310,97,1099 1,1,1,1,1,1,1,1
114,11,743,3,750 1,1,1,1,1
25608,682 1,1
25609,194,6038,1028,352,15,78,1117,1200,3,925,2960,928,204 1,1,1,1,1,1,1,1,1,1,1,1,1,1
192,5,104,35,270,566,439,12,493,129,205,867,43,5143,7087,229,19,2806,1245,3,25610 1,1,1,1,1,1,1,1,1,1,1,1,1,1,1,1,1,1,1,1,1
