67,54,4,25579,28,414,4,634,3,2057,29,542,4,25580,533,19,4,25581,43,4842,8814,3,107 1,1,1,1,1,1,1,1,1,1,1,1,1,1,1,1,1,1,1,1,1,1,1
730,234,4,6,28,61,17,172,7,209,136,5,53,303,34 1,1,1,1,1,1,1,1,1,1,1,1,1,1,1
282,4,40,14,15,3770,3092,767,13,80,39,30,173,17,2644,71,3,181,120,76,3,161,315,556,164,3,106,3,5,931,373,3,121,61,13,627,136,5,53,303,34,3,75,14,132,15283,13,23,105,2733 1,1,1,1,1,1,1,1,1,1,1,1,1,1,4,4,4,10,10,10,10,3,3,3,3,3,7,1,1,1,1,1,1,1,1,1,1,1,1,1,1,1,1,1,1,1,1,1,1,1
6,28,21,38,15,209,8804,34,783,23,1768,3,75,16,21,68,640,7,17,620,141,87,858,23,136,3,489,3,303,3,384,3,5,188 1,1,1,1,1,1,1,1,1,1,1,1,1,1,1,1,1,1,1,1,1,1,1,1,1,1,1,1,1,1,1,1,1,1
312,95,12,6,80,129,10,1517,7,87,3,23,136,3,53,303,3,5,489,34,46,68,23,2826,34,116 1,1,1,1,1,1,1,1,1,1,1,1,1,1,1,1,1,1,1,1,1,1,1,1,1,1
92,21,68,15,2122,788 1,1,1,1,1,1
16,21,38,1075,147,12,6,80 1,1,1,1,1,1,1,1
16,146,37,23,34,14,855,5,957,105 1,1,1,1,1,1,1,1,1,1
16,258,6,34,14,1414,3,1790,3,4581,5,3267,3,1925,3,837,3,4775,34,3,2353,4789,3,25582,166,3,8331,3,5,10923 1,1,1,1,1,1,1,1,1,1,1,1,1,1,1,1,1,1,1,1,1,1,1,1,1,1,1,1,1,1
6,34,858,837,10,23,666,5,951,19,23,53,303 1,1,1,1,1,1,1,1,1,1,1,1,1
23,34,471,66,5611,27,4983,10,15284,27,1586 1,1,1,1,1,1,1,1,1,1,1
92,14,984,12,2586,233,308,269,158,1417,467,3,1210,3,983,3,321,3,5,1418 1,1,1,1,1,1,1,1,1,1,1,1,1,1,1,1,1,1,1,1
39,191,31,753,10,575 1,1,1,1,1,1
3578,5,427,377,6,34 1,1,1,1,1,1
92,14,98,627,43,2839,26,3945,23,136 1,1,1,1,1,1,1,1,1,1
16,527,102,340,620,141,65,183,27,3499,13,673,10,11,1734 1,1,1,1,1,1,1,1,1,1,1,1,1,1,1
6,28,21,38,1050,10,23,875,1080,12,6,80,3,16,21,38,489,1050,3,75,575,12,6,80 1,1,1,1,1,1,1,1,1,1,1,1,1,1,1,1,1,1,1,1,1,1,1,1
16,38,679,582,7,23,875,1080,19,1306,1299,3,25583,3,75,607,25584,25585,1920,84,783,23,875,1080,13,173,70,25586,2172,27,311,444 1,1,1,1,1,1,1,1,1,1,1,1,1,1,1,1,1,1,1,1,1,1,1,1,1,1,1,1,1,1,1,1
74,14,2172,7,6,53,8141,3699,27,4514 1,1,1,1,1,1,1,1,1,1
80,39,4,6,28,14,31,91,1146,34,297,16,21,943,12,6,80 1,1,1,1,1,1,1,1,1,1,1,1,1,1,1,1,1
137,39,158,815,3,950,3,274,3,203,3,930,669,22,267,85,15,65,3,165,3,1839,3,5146,6704,3,752,1828,3,289,3,5,663,835 1,1,1,1,1,1,1,9,9,11,11,1,1,1,1,1,1,1,1,8,1,12,1,1,1,1,1,1,1,1,1,1,1,1
16,21,127,10,1339,3,2840,3,5,236 1,1,1,1,1,1,1,1,1,1
80,39,30,14,173,17,365,63,94,3,130,76,3,2644,71,3,776,3,817,130,371,3,5,931,373 1,1,1,1,1,1,7,7,7,1,10,10,1,4,4,4,15,15,1,1,1,1,1,1,1
591,30,4,16,90,88,1080,164 1,1,1,1,1,1,1,1
16,21,38,267,169,5474,384,164 1,1,1,1,1,1,1,1
16,38,956,53,489,164,29,16,14,31,91,1146,40,20 1,1,1,1,1,1,1,1,1,1,1,1,1,1
16,21,38,15,2704 1,1,1,1,1
15285,30,4,16,21,365,4629,25587 1,1,1,1,1,1,1,1
16,14,31,137,7468,12,145,288,1572 1,1,1,1,1,1,1,1,1
23,34,109,406,23,105,308,3,1540,3945,225,5,98,1246,23,3817,308,158,145,3304,285,5,2839 1,1,1,1,1,1,1,1,1,1,1,1,1,1,1,1,1,1,1,1,1,1,1
16,98,21,2839,1682,66,2889,331,35,60,35,3304,285,1682,66,23,103,331 1,1,1,1,1,1,1,1,1,1,1,1,1,1,1,1,1,1
16,14,15,919,25588,4109 1,1,1,1,1,1
16,285,17,225,180,87,12,7437,4720 1,1,1,1,1,1,1,1,1
16,14,31,137,285 1,1,1,1,1
16,14,920,5,245,12,7591,3,7592 1,1,1,1,1,1,1,1,1
16,90,88,30,7,541,3,8374,1572,26,137,699,157 1,14,14,14,14,14,14,14,14,14,14,14,14
16,90,88,30,7,8336,172,26,516,158,9584,5,11,30,7,1229 1,1,1,1,1,1,1,1,1,1,1,1,1,1,1,1
16,21,150,30,130,76,5,71 1,1,1,1,10,10,1,4
81,7,182,14,72,17,88,6112,140,314,3,249,3,459,3,95,411,3,432,3,269,326,26,931,1157,3,837,12,6,5863,548 1,1,1,1,1,1,1,1,1,1,1,1,1,1,1,1,1,1,1,1,1,1,1,1,1,1,1,1,1,1,1
16,109,146,128,837,5,1507,12,23,303,35,60,35,248,35,146,270,5,128,207,323,7,23,762,3,1409,13,23,53,473,114,762,783 1,1,1,1,1,1,1,1,1,1,1,1,1,1,1,1,1,1,1,1,1,1,1,1,1,1,1,1,1,1,1,1,1
16,90,88,147,13,391 1,1,1,1,1,1
102,101,4,12,207,3,16,14,15,2269,767,197,23,258,440,3,416,280,3,60,2056,3,60,9752 1,1,1,1,1,1,1,1,1,1,1,1,1,1,1,1,1,1,1,1,1,1,1,1
1808,4,44,2067,5,2383,3,44,1626,5,1246 1,1,1,1,1,1,1,1,1,1,1
412,4,1709,797,3,11,2652 1,1,1,1,1,1,1
196,4,11,277,26,243 1,1,1,1,1,1
130,4,145,156,5,239 1,1,1,1,1,1
155,4,11,7057,4283,26,2264,762,157 1,1,1,1,1,1,1,1,1
1058,4,1080,3779,3,11,173,15286 1,1,1,1,1,1,1,1
875,471,7,759,14,406,783 1,1,1,1,1,1,1
2471,125,851,3,899,141,851,3,2378,14,125,851,3,70,5,53 1,1,1,1,1,1,1,1,1,1,1,1,1,1,1,1
6,28,14,775,10,518,3945,173 1,1,1,1,1,1,1,1
1056,57,217,3,100,2724,3,3525,3,4363 1,1,1,1,1,1,1,1,1,1
4429,762,154,14,1006,3,100,473,114,13,6,708,7,1788,899,3,489,4096,3,5,489,2471,5,899,3,5,281,3,1558,2378 1,1,1,1,1,1,1,1,1,1,1,1,1,1,1,1,1,1,1,1,1,1,1,1,1,1,1,1,1,1
762,1256,14,44,13,6,708,7,3757,12,6,53,666,11744 1,1,1,1,1,1,1,1,1,1,1,1,1,1
1009,154,14,2219,10,4310,3,783,100,473,114,10,6,2150 1,1,1,1,1,1,1,1,1,1,1,1,1,1
204,928,10,691,1008,135,6,28,82,146 1,1,1,1,1,1,1,1,1,1
700,14,3678,13,15,2343 1,1,1,1,1,1
6,28,21,205,7,406,471,7,759,12,6,53,489,3,161,315,311,164,5,406,471,7,759,12,233,496 1,1,1,1,1,1,1,1,1,1,1,1,1,1,1,1,1,1,1,1,1,1,1,1,1,1
16,21,128,1046,246,7,6,875,1080,3,12,4514,5,25589,25590,548,19,6,53 1,1,1,1,1,1,1,1,1,1,1,1,1,1,1,1,1,1,1
39,1771,810,858,81,7,6,28,82,1340,146,5,1340,1793 1,1,1,1,1,1,1,1,1,1,1,1,1,1
339,4,6,28,21,15,173,1920,76,7,23,875,1080 1,1,1,1,1,1,1,1,1,1,1,1,1
12,475,3,16,21,311,444,7,8141,9064,2172,5,3648,12,6,875,1080 1,1,1,1,1,1,1,1,1,1,1,1,1,1,1,1,1
12,475,10,40,3,16,21,116,543,13,71,330,604,13,98,169,4582,1373,10,23,489,13,284,3175,15287 1,1,1,1,1,1,1,1,1,1,1,1,1,1,1,1,1,1,1,1,1,1,1,1,1
420,4,176,138,6,311,921,284,17,23,116,12,23,53,303,3,75,57,23,2826,116,4,3175,15287,1992,330,604,1992,875,4031,3,119,46,510,6,28,17,62,3319,10,9753,6,646,7,23,116 1,1,1,1,1,1,1,1,1,1,1,1,1,1,1,1,1,1,1,1,1,1,1,1,1,1,1,1,1,1,1,1,1,1,1,1,1,1,1,1,1,1,1,1,1,1
178,16,41,369,10,224,139,23,3319,5,66,37,802,3,119,41,1824,6,438,7,3360,17,34,355 1,1,1,1,1,1,1,1,1,1,1,1,1,1,1,1,1,1,1,1,1,1,1,1
27,40,85,3,16,41,86,19,6,930,669,22,267,85,15,65 1,1,1,1,1,1,1,1,1,1,1,1,1,1,1,1
119,41,81,23,39,19,441,112 1,1,1,1,1,1,1,1
119,1007,6,28,98,13,2160,12,641,10,23,147,5,6,516,2076 1,1,1,1,1,1,1,1,1,1,1,1,1,1,1,1
497,5237,10407,3,107 1,1,1,1,1
25591,25592,25593,25594 1,1,1,1
