67,54,4,25655,1663,3693,3,2364,6376,7593,3,107 1,1,1,1,1,1,1,1,1,1,1,1
15302,5919,7591,124,853,7832,1418,8507,3,1227,8508,684,4,3979,3,5920,509,4,8509,882,6376,4,50,38,6,1174,7,122,175,7,844,224,28,3,629,5920,3979,3,12,808,612,224,17,513,161,315,181,120,556,164,5,624,555 1,1,1,1,1,1,1,1,1,1,1,1,1,1,1,1,1,1,1,1,1,1,1,1,1,1,1,1,1,1,1,1,1,1,1,1,1,1,1,1,1,1,1,1,1,3,3,3,3,3,1,1,1
35,360,731,3,119,582,15,6928,1021,95,75,111,811,766,325 1,1,1,1,1,1,1,2,2,2,2,2,2,2,2
50,20,887,1671,1153,26,31,40,325,20,301 1,1,1,1,1,1,1,1,1,1,1
19,81,7,24,181,120,556,164,55,3,18,242,31,46,24,486,1559,70,181,120,556 1,1,1,1,3,3,3,3,1,1,1,1,1,1,1,1,1,1,1,1,1
1241,3,50,508,37,40,1911,325,12,6,811,766,14,1019,302,5,20,6,295,7,6,1488,37,677,242,31,556,40,548 1,1,1,1,1,1,1,1,1,1,1,1,1,1,1,1,1,1,1,1,1,1,1,1,1,1,1,1,1
18,242,46,15,2285,10,6,309,5,267,2210,715,466,10,6,2075,1961,3,6,2794,5,6,2250 1,1,1,1,3,3,3,3,3,3,3,3,3,3,3,3,3,3,3,3,3,3,3
18,21,68,191,422,60,13,48,453,5,50,420,119,86,24,137,103,39 1,1,1,1,1,1,1,1,1,1,1,1,1,1,1,1,1,1
313,3,18,21,68,640,7,624,555,5,18,242,46,15,30,7,11242,6348,12,24,70,1040 1,1,1,1,1,1,1,1,1,1,1,1,1,1,1,1,1,1,1,1,1,1
1241,3,50,704,92,237,887,52,15304,10,510,24,10,2802,10,46,1485,172,24,1040,35,15,284,1085,7,24,624,555 1,1,1,1,1,1,1,1,1,1,1,1,1,1,1,1,1,1,1,1,1,1,1,1,1,1,1,1
12,6,3007,3,50,46,508,37,18,49,24,1919,5,754,12,6,927,37,24,63,94,4775,115,405,571,255 1,1,1,1,1,1,1,1,1,1,1,20,1,25,1,1,1,1,1,1,1,1,1,1,1,1
50,1403,37,24,63,94,2405,405,571,255,14,290,312,10,958,306,10,5997,147,13,24,612,182 1,1,1,1,1,1,1,1,1,1,1,1,1,1,1,1,1,1,1,1,1,1,1
18,41,369,10,122,271,12,513,12,544,129,85,3,27,75,85,50,41,144,24,393,444 1,1,1,1,1,1,1,1,1,1,1,1,1,1,1,1,1,1,1,1,1,1
465,3,941,360,17,1301,271,10,1784,12,6,198,7,844,28 1,1,1,1,1,1,1,1,1,1,1,1,1,1,1
395,191,31,1837,10,454,271,134,360,46,88,664 1,1,1,1,1,1,1,1,1,1,1,1
13,617,641,3,6048,1729,7594,3,107 1,1,1,1,1,1,1,1,1
3979,3,5920,509,4,8509,1663,3693,3,2364,1167,267,25656,806,4,25657,825,4,25658,250,31,81,43,262,331,250 1,1,1,1,1,1,1,1,1,1,1,1,1,1,1,1,1,1,1,1,1,1,1,1,1,1
