67,54,4,25673,528,9754,39,599,404,17,112,4,293,9755,14,221,12,96,115,17,7768,3,391,1274,3,181,341,709,3,345,1098,3,280 1,1,1,1,1,1,1,1,1,1,1,1,1,1,1,1,1,1,1,1,3,1,1,1,1,1,1,1,1,1,1,1,23
694,30,4,6,28,422,37,16,82,68,190,404,60 1,1,1,1,1,1,1,1,1,1,1,1,1
16,640,7,1171,186,16,1417,467,75,14,99,344,896,5,6757,6,25674,16,1627,23,413,19,23,2347 1,1,1,1,1,1,1,1,1,1,1,1,1,1,1,1,1,1,1,1,1,1,1,1
16,1343,175,1848,225,6,80,320,129,17,4074,166,511 1,1,1,25,1,1,1,1,1,1,1,1,1
16,109,887,46,88,380,771,10,508,695 1,1,1,1,1,1,1,1,1,1
11,611,3,5974 1,1,1,1
11,418,3,11,95,140,314 1,1,1,1,1,1,1
206,30,4,86,10,285 1,1,1,1,1,1
981,2051,10,1826,285,12,23,4128 1,1,1,1,1,1,1,1
84,12,340,5,2081,252,462,22,25,32,126,4,6377,423,1269,25,32,126,4,6377,784,707,799,25,32,126,4,6377,236,515,25,32,126,4,6377,218,141,22,25,32,126,4,6377,962,378,25,32,126,4,6377,1778,180,22,1541,25,32,126,4,6377,289,515,25,32,126,4,6377,81,7,182,4,372,95,1112,20,9458,11,174,301,483 1,1,1,1,1,11,1,1,1,1,1,1,1,26,1,1,1,1,1,1,9,9,1,1,1,1,1,1,12,1,1,1,1,1,1,13,1,1,1,1,1,1,1,1,1,1,1,1,1,1,25,1,1,1,1,1,1,1,1,1,1,1,1,1,1,1,1,1,1,1,1,1,1,1,1,1,1,1,1
102,101,4,1546,4,12720,1612,4,447,2182,4,1592,1665,4,11,199,342 1,1,1,6,6,6,1,1,1,1,1,1,1,1,1,1,1
2251,4,416,1280,66,243,19,473,188 1,1,1,1,1,1,1,1,1
11,277 1,1
1877,4,569,1674,4,216,217,97,222 1,1,1,1,1,1,1,1,1
576,11,1161,715,1453 1,1,1,1,1
1613,4,91,10,463,5,1051 1,1,1,1,1,1,1
1502,4,304,310 1,1,1,1
152,53,1456,1876,5,1362,213,1616,1014,97,584 1,1,1,1,1,1,1,1,1,1,1
1614,4,44,326,327,3,280,3,152,5,396,3,13,11,1128,26,240,857 1,1,1,1,1,1,1,1,1,1,1,1,1,1,1,1,1,1
1595,4,433,93,100 1,1,1,1,1
13411,3532,4,72,2540,4,2232,3,877,670,3,675,1411,1093,793,147,4,778,490,9,2696,8,30,7,1362,6834,391,1274,30,7,280,345,1098,30,7,192,5,104,4,293,9755,14,191,404,60 1,1,1,1,1,1,1,1,1,1,1,1,1,1,1,1,1,3,3,3,3,3,3,3,1,1,1,1,1,1,23,1,1,1,1,1,1,1,1,1,1,1,1,1,1
50,704,92,237,52,404,10,564,15,429,154,517,16,14,31,173,308,3,21,345,1098,5,546,52,1551,1018,17,181,120,76,626 1,1,1,1,1,1,1,1,1,1,1,1,1,1,1,1,1,1,1,1,1,1,1,1,1,1,1,1,1,1,1
580,839,546,52,8409,5,236,14,118,10,378,1230,12,40,641 1,1,1,1,1,1,12,1,1,1,1,1,1,1,1
148,839,546,52,1491,589,5,218,14,118,10,378,66,515,12,40,641,3 1,1,1,1,1,1,1,13,1,1,1,1,1,1,1,1,1,1
16,14,1610,1175,10,2695,11757,40,1826 1,1,1,1,1,1,1,1,1
439,320,129 1,1,1
1011,397,112 1,1,1
177,4,338,239,3,1303,53,1090,2549,3,70,3105,1528,893,13,2696,431,3,11,199,84,426,4,2864,8510,3,229,205,867,43,4722,364,8910,229,19,208,1214,3,2476 1,1,1,1,1,1,1,1,1,1,1,1,1,1,1,3,3,1,1,1,1,1,1,1,1,1,1,1,1,1,1,1,1,1,1,1,1,1,1
