67,54,4,26229,528,4288,4207,124,404,17,112,4,48,34,694,30,4,1448,4,3497,293,6388,14,15,1652,1446,498,13,256,212,110,309,251,9,4646,2893,26230,8,12,26231 1,1,1,1,1,1,1,1,1,1,1,1,19,19,1,1,1,1,1,1,1,1,1,1,1,1,1,1,10,10,3,3,3,3,3,3,3,3,3,3
233,174,884,38,344,673,1108 1,1,1,1,1,1,1
159,37,85,3,16,21,38,344,131,48,453,75,14,2283,1307,13,754 1,1,1,1,1,1,1,1,19,19,19,1,1,1,1,1,25
40,495,3,16,38,15,312,170,255,7,48,34,1870,43,307,5,990,37,126,186,321,10,6,26232,139,126,23,11309 1,1,1,1,1,1,1,1,1,1,19,19,1,1,1,1,1,1,1,1,1,1,1,1,1,1,1,1
6,34,20,2518,12,23,188,3,1075,10,23,695,169,10,251 1,1,1,1,1,1,1,1,1,1,1,1,1,1,1
6,34,99,17,620,180,1644,1151,1104,1798,3,600,242,530,2492,2851 1,1,1,1,1,1,1,1,25,25,1,1,1,1,1,1
16,38,990,3,307,3,5,2766,889,424,13,6,34 1,1,1,1,1,1,1,1,1,1,1,1,1
16,20,1500,10,6,230,43,23,150 1,1,1,1,1,1,1,1,1
19,953,3,16,20,34,770 1,1,1,1,1,1,1
364,335,148,4291 1,1,1,1
16,20,343,13,252,5,613 1,1,1,1,11,1,9
177,20,569 1,1,1
267,481,7,1989,143,72 1,1,1,1,1,1
16,14,162,10,492,826,319,431,5,268,1356,154 1,1,1,1,1,1,1,1,1,1,1,1
16,137,90,34,5,190,188,10,23,472 1,1,1,1,1,1,1,1,1,1
16,90,739,3,760,3,634,474,3,329,598,418,3,11,26233,611 1,1,1,1,1,1,1,1,1,1,1,1,1,1,1,1
80,39,30,4,212,35,402,270,803,33,96,43,64,26234,3,95,343,17,83,1512,1353,142,287,1283,39,9,660,8,4,3836,11839,1096,892,3717,672,25,69,123,856,65,2533,901,25,105,932,378,25,105,1650,3813,180,22,1541,25,69,592,15469,4090,25,105,218,378,25,105,754,1160,22,1104,909,108,435,167,48,34,423,1269,25,105,3123,647,25,105,736,1632,25,608,3616,515,25,105,2822,141,22,25,69,784,707,279,22,25,105,127,4,11,374,357,127,150,30,4,26235,206,30,4,920,3,108,727,3,1221,1095,33,334,12,4915,3,598,485,81,7,182,4,329,209,263,3,329,1283,923,3,376,72,12,402,2246,2123,12,282,102,101,4,2793,4,5304,280,3,365,341,1612,4,335,2102 1,1,1,1,10,1,1,1,1,1,1,1,1,1,1,1,1,1,1,1,1,7,15,1,1,1,1,1,1,1,1,1,1,1,1,1,1,1,1,1,11,1,1,1,1,1,1,1,25,25,25,25,25,25,25,1,1,1,1,1,13,1,1,1,25,1,1,1,1,1,1,1,19,19,26,1,1,1,1,1,1,1,12,1,1,1,1,1,1,1,1,1,1,1,1,9,9,1,1,1,1,1,1,1,1,1,1,1,1,1,1,1,1,1,1,1,1,1,1,5,5,5,5,5,5,1,1,1,1,1,1,1,1,1,1,1,1,1,1,1,1,1,1,1,1,1,1,1,1,1,1,51,51,51,23,23,23,23,1,1,1,1
156,4,581,1942,42,19,658,3137,4,1217,12 1,1,1,1,1,1,1,1,1,1,1
2182,4,669,842 1,1,1,1
1665,4,11,199,342 1,1,1,1,1
1877,4,569,1674,4,216,217,97,222 1,1,1,1,1,1,1,1,1
576,11,1161,715,1453 1,1,1,1,1
1613,4,493,1182,3452,407 1,1,1,1,1,1
376,3,751,100,1502,4,1094,13,15,44,304,5,310,3,51,11,1162,26,213 1,1,1,1,1,1,1,1,1,1,1,1,1,1,1,1,1,1,1
11,910 1,1
216,1700,14,2725,100 1,1,1,1,1
1614,4,2651,3,280,3,152,3,952 1,1,1,1,23,1,1,1,1
1595,4,11,93,3,58,1032,5,79,133,3,217,562,133,97,222 1,1,1,1,1,1,1,1,1,1,1,1,1,1,1,1
1546,4,26236,5850,4,4574,177,4,924,3,26237 6,6,6,1,1,1,1,1,1,1,1
886,1129,10,169 1,1,1,1
1664,95,149,4,1817,54,705,592,869,769,392,888,870,399,1179,22,9807,2451,2249,3010,7546,900,1293,3695,3047,2086,955,103,898,54,1336,2340,9807,72,72,1185,54,333,349,536,9807,5304,4086,4418,2613,54,79,1074,1067,9807,6278,1774,7755,174,532,4,506,4,91,155 1,1,1,1,1,1,1,1,1,1,1,1,1,1,1,1,1,1,1,1,1,1,1,1,1,1,1,1,1,1,1,1,1,1,1,1,1,1,1,1,1,1,1,1,1,1,1,1,1,1,1,1,1,1,1,1,1,1,1,1
192,5,104,4,293,6388,61,13,15,1513,255,7,48,34,3,1075,10,51,312,170,306,23,712,695 1,1,1,1,1,1,1,1,1,1,1,1,19,19,1,1,1,1,1,1,1,1,1,1
23,177,14,886,3,5,23,103,1989,57,72 1,1,1,1,1,1,1,1,1,1,1
104,4,176,26238,33,86,10,826,319,13,2287,481,7,1989,29,86,252,3,423,3,7299,3,1163 1,1,1,1,1,1,1,1,1,1,1,1,1,1,1,1,11,1,26,1,1,1,1
2479 1
1198,139,2398,17,284,429,154,12,272 1,1,1,1,1,1,1,1,1
178,494,33,1084,554,3,494,149,3,1347,63,6092,2678 1,1,1,1,1,1,1,1,1,1,1,1,1
195,142,33,290,17,973,218,228 1,7,1,1,1,1,13,1
86,163,254,253,803,33,197,27,472 1,1,1,1,1,1,1,1,1
86,163,254,268,104,12,272,135,64,3497 1,1,1,1,1,1,1,1,1,1
15472,1028,15473,3,229,710,47,26239,205,867,43,15472,1028,15473,3,229,607,161,4,603 1,1,1,1,1,1,1,1,1,1,1,1,1,1,1,1,1,1,1,1
