67,54,4,26217,281,297,424,4288,4207,124,30,7,61,328,8730,20,124,27,6,15466,436,599,226,139,2718,6,26218,96,23,593,5,849,7,6,251,43,64,3497 1,1,1,1,1,1,1,1,1,1,1,1,1,1,1,1,1,1,1,1,1,1,1,1,1,1,1,1,1,1,1,1,1,1,1,1,1,1
517,7,6,553,48,34,27,15466,436,16,20,593,465,66,6,53,1068,5,6,251,753,10,52,400,44 1,1,1,19,19,19,1,1,1,1,1,1,1,1,1,1,1,1,1,1,1,1,1,1,1
16,20,138,6,712,1623,340,5,261 1,1,1,1,1,1,1,1,1
16,14,132,49,2427,180,22,1541,105,35,1650,3813 1,1,1,1,25,1,1,1,1,1,25,25
16,49,610,279,22,6305,69,3,2454,707,180,22,105,3,932,125,22,135,65,3,4374,125,2365,105,3,1829,1160,22,105,3,3616,141,22,105,3,1994,26219,22,105,3,962,125,22,135,65,3,2822,141,22,135,65,3,5,800,141,22,1230 1,1,9,1,1,1,1,1,20,20,1,1,1,1,1,1,1,1,1,1,1,1,1,1,1,1,1,1,1,1,1,1,1,1,1,1,1,1,1,1,1,1,1,1,1,1,1,1,1,1,1,1,1,12,1,1,1
16,258,37,16,190,492,60 1,1,1,1,1,1,1
16,21,55,232,1064,12,6,53,1068 1,1,1,1,1,1,1,1,1
11,301,483 1,1,1
84,12,340,5,2081,1650,3813,180,22,1541,25,32,1705,1407,126,4,15467,610,799,25,1576,69,1705,1407,126,4,15467,102,101,63,94,4668,43,6,757,3,15468,43,808,77,141,435,525 1,1,1,1,1,25,25,1,1,1,1,1,1,1,1,1,1,9,1,1,1,1,1,1,1,1,1,1,1,6,6,6,1,1,1,1,1,1,1,1,1,1,1
140,5386,624 1,1,1
136,136,813,57,917,12,6,983,269 1,1,1,1,1,1,1,1,1
11,136,222 1,1,1
720,130,327,57,1248 1,1,1,1,1
11,2443,26,213 1,1,1,1
214,152,51,6613 1,1,1,1
11,240,537,26,291,222 1,1,1,1,1,1
114,565,7,330,93,100 1,1,1,1,1,1
192,5,104,50,1526,16,41,191,60 1,1,1,1,1,1,1,1,1
119,41,52,126,23,1890,465,132 1,1,1,1,1,1,1,1
11,312,48,34 1,1,19,19
903,41,52,13,64,3497,19,503 1,1,1,1,1,1,1,1
16,41,454,134,301,116,387 1,1,1,1,1,1,1
903,1425,5,587,57,104 1,1,1,1,1,1
775,10,2488,23,336,89,3,51,41,299,175,186,284,5,16,41,2488,92,425,470,37,119,368,299,15,1425,35,60 1,1,1,1,1,1,1,1,1,1,1,1,1,1,1,1,1,1,1,1,1,1,1,1,1,1,1,1
55,2687,43,1987,594,3197,1861,208,52,61 1,1,1,1,1,1,1,1,1,1
205,867,43,11838,3,5736,19,3837,996,3,2489 1,1,1,1,1,1,1,1,1,1,1
