67,54,4,26269,9423,318,1141,112,4001,3,5932,6389,112,54,4,26270,61,234,4,48,34 1,1,1,1,1,1,1,1,1,1,1,1,1,1,1,1,1,1,1,1,1
30,7,61,234,4,6,385,82,55,20,81,3,5,6,28,221,5,101,19,953 1,1,1,1,1,1,1,1,1,1,1,1,1,1,1,1,1,1,1,1
40,14,15,3778,522,161,315,311,1156,5,251,849 1,1,1,1,1,3,3,3,3,3,3,3
18,38,553,7,24,2230,695,27,163,3,1343,544,754,13,673,1734,3,5,308,6,6765,182 1,1,1,1,1,1,1,1,1,1,1,1,37,1,1,1,1,1,1,1,1,1
24,13950,1145,111,15,381,1432,7,563,363,3,1851,36,643,3,5,2472,5300 1,1,1,1,1,1,1,1,1,1,1,1,1,1,1,1,1,1
40,14,1129,10,15,356,1145,12,1519,3,75,208,46,68,24,372,95,61,13,325 1,1,1,1,1,1,1,1,1,1,1,1,1,1,1,1,1,1,1,1
18,20,138,203,5,754,3,5,86,10,46,34,12,6,318,499 1,1,1,52,1,37,1,1,1,1,1,1,1,1,1,1
6,486,2630,7,34,20,620,267,552 1,1,1,1,1,1,1,1,1
102,101,4,24,316,205,557,211 1,1,1,1,1,1,1,1
457,172,4,24,417,898,143,917 1,1,1,1,1,1,1,1
340,1598,12,230,4,18,14,52,943,10,6,103,593,457,17,62,2259,264,10,826,319,199,181,771 1,1,1,1,1,1,1,1,1,1,1,1,1,1,1,1,1,1,1,1,1,1,1,1
603,505,4,826,319,2312,695 1,1,1,1,1,1,1
566,9,158,534,748,261,8,4,6,28,14,943,10,6,103,593,457 1,1,1,1,1,1,1,1,1,1,1,1,1,1,1,1,1
6,534,27,6,85,7,40,533,14,3411 1,1,1,1,1,1,1,1,1,1
1218,26271,7340,7464,3,107 1,1,1,1,1,1
15485,26272,26273,533,43,4,7340,7464,3,107 1,1,1,1,1,1,1,1,1,1
15485,250,31,81,43,262,331,250 1,1,1,1,1,1,1,1
