67,54,4,26294,9728,318,1141,112,4896,3,2732,26295,112,54,4,26296,40,28,20,1187,5,101,43,271,9188 1,1,1,1,1,1,1,1,1,1,1,1,1,1,1,1,1,1,1,1,1,1,1,1,1
61,234,4,48,34 1,1,1,30,30
30,7,61,234,4,40,28,14,15,4099,358,121,21,374,2989,181,130,76,3623,43,778,490,620,1811,87,183 1,1,1,1,1,1,1,1,1,1,1,1,1,1,10,10,10,10,1,1,3,3,3,3,3,3
16,98,21,817,130,371,13,62,891,1138,7,279,42,3,5,40,14,1377,10,52,290,10,541,1937,138,15,3825,30,7,541,6515 1,1,1,1,1,1,1,1,1,1,1,1,1,1,1,1,1,1,1,1,1,1,1,1,1,1,1,1,1,1,1
225,6,80,170,129,3,16,21,488,49,23,297,517,16,550,31,299,10,23,1622,5,537,16,550,31,9333,6,297 1,1,1,1,1,1,1,1,1,1,1,1,1,1,1,1,1,1,1,1,1,1,1,1,1,1,1,1
225,6,80,267,113,3,16,21,68,26297,43,418,5,437,19,380,35,60,35,418,27,427 1,1,1,1,1,1,1,1,1,1,1,1,1,1,1,1,1,1,1,1,1,1
81,7,182,4,16,21,38,11,375,3,990,3,584,7,6,34,3,84,12,326,1215,26,88,263 1,1,1,1,1,1,1,1,1,1,1,1,1,1,1,1,1,1,1,1,1,1,1,1
233,7,6,182,57,72 1,1,1,1,1,1
80,39,30,4,16,21,38,11,173,164 1,1,1,1,1,1,1,1,1,1
206,30,5,150,30,4,16,8356,541,416,3,711,238,12,6,80,3,51,109,31,88,1810 1,1,1,1,1,1,1,1,1,1,1,1,1,1,1,1,1,1,1,1,1,1
16,245,13,23,150 1,1,1,1,1
102,101,4,207,4,102,101,111,15,28,121,14,980,3,410,3,5444,5,642 1,1,1,1,1,1,1,1,1,1,1,1,1,1,1,1,1,1,1
16,14,12,11,342,27,6,85,7,101 1,1,1,1,1,1,1,1,1,1
412,4,16,38,11,2662,2036 1,1,1,1,1,1,1
136,4,74,20,11,1189 1,1,1,1,1,1
23,687,20,31,777 1,1,1,1,1
48,4,23,48,20,91 1,1,1,1,1,1
612,4,23,612,77,111,15,145,156,5,239 1,1,1,1,1,1,1,1,1,1,1
214,4,23,214,20,152,5,396 1,1,1,1,1,1,1,1
114,4,23,114,111,11,743,3,750,26,93 1,1,1,1,1,1,1,1,1,1,1
196,4,16,38,11,277 1,1,1,1,1,1
352,4,273,77,20,2118 1,1,1,1,1,1
457,172,4,1145,111,1267,5,1552,2575,717,3,75,20,886,66,169,1145 1,1,1,1,1,1,1,1,1,1,1,1,1,1,1,1,1
23,897,5,805,143,569 1,1,1,1,1,1
23,805,20,1293,3,75,20,1075,10,15,356,168 1,1,1,1,1,1,1,1,1,1,1,1
340,1598,12,230,4,6,28,20,343,13,1860,1796,5,203,12,6,318,499 1,1,1,1,1,1,1,1,53,53,53,53,1,52,1,1,1,1
603,801,4,176,695,6951 1,1,1,1,30,30
178,106 1,7
195,1267 1,1
566,9,158,534,748,261,8,4,6,28,20,162,10,6,39,594,17,268,172 1,1,1,1,1,1,1,1,1,1,1,1,1,1,1,1,1,1,1
16,20,162,12,2275,534 1,1,1,1,1,1
1218,26298,2057,11381,3,107 1,1,1,1,1,1
15493,26299,26300,533,43,4,2057,11381,3,107 1,1,1,1,1,1,1,1,1,1
15493,250,31,81,43,262,331,250 1,1,1,1,1,1,1,1
