67,54,4,26357,316,205,148,26358,3,364,1106,3,655,4418,948,1483,87,302,358,369,13,491,5,4590,17,513,7,71,5,106 1,1,1,1,1,1,7,7,1,1,1,1,1,1,1,1,1,1,1,1,1,1,1,1,1,1,1,4,1,7
16,20,221,425,170,113,183,139,15,210,129,2658,186,16,20,12,6,10336 1,1,1,1,1,1,1,1,1,1,1,1,1,1,1,1,1,1
1284,5,347,143,144,27,6,85,3,5,148,20,10,52,827,35,92,20,31,2536,179 1,1,1,1,1,1,1,1,1,1,1,1,1,1,1,1,1,1,1,1,1
6,28,369,190,60,3,90,48,34,3,226,7,184,3,760,3,739,3,84,12,288,572 1,1,1,1,1,1,1,1,1,1,1,1,1,1,1,1,1,1,1,1,1,1
16,14,49,39,35,496 1,1,1,1,1,1
491,258,37,16,749,62,412,1622,12,15041,26359,12,6152,3,38,23,1055,989,3,20,144,17,151,3,20,933,4717,20,1248,5,16,546,369,12,36,87,701,35,55,48,91,10,7467 1,1,1,1,1,1,1,1,1,1,1,1,1,1,1,1,1,1,1,1,1,1,4,1,1,1,1,1,1,1,1,1,1,1,1,1,1,1,1,1,1,1,1
716,625,103,44,2744,11,11246,523,1713,1752,11,330,93,1284,3054,9,377,66,3198,12,6152,8,347,211,27,1932,192,33,265,71,179 1,1,1,1,1,1,1,1,1,1,1,1,1,16,16,16,16,16,16,16,16,16,1,1,1,1,1,1,1,4,1
153,400,211 1,1,1
3827,148,179,17,71,13,30,7,212,29,1803,4673,19,274,215,22,32,104,33,86,137,389,13,6,708,7,218,33,41,118,10,378,32 1,1,1,1,4,1,10,10,10,1,1,1,1,9,1,1,1,1,1,1,1,1,1,1,1,1,13,1,1,1,1,1,1
79,21,545,503,26360 1,1,1,1,1
148,827,27,37,85,11,2728,1430,20,1049,35,16,197,10,52,115,10,54,13,412,198,2817,4324,3,229 1,1,1,1,1,1,1,1,1,1,1,1,1,1,1,1,1,1,1,1,1,1,1,1,1
