67,54,4,26475,6889,1085,7,40,55,14,6,9819,318,1141 1,1,1,1,1,1,1,1,1,1,1,1,1,1
1240,182 1,1
233,2842,546,1219,12,4735 1,1,1,1,1,1
4736,3685,1569,15561,499,67,33,1642,189,2804,26476,55,161,4,15562,4,6954,3,4285,78,1324,78,1324,542,4,9817,2523,4,9818,3964,4,15563,434,4,26477,15564,230,2804,55,2804,168,55,55,161,4,205,230,6393,54,85,4,9820,15565,40,55,21,68,867,205,43,2925,11832,3,1203,9820,7614,224,1933,607,12,6,230,55,158,4,2925,11832,3,1203,257,3735,259,434,7,26478,26479,257,3735,259,730,234,4,48,34,257,3735,259,26480,358,61,10,6,230,13,2318,529,123,58,65,37,627,139,157,2952 1,1,1,1,1,1,1,1,1,1,1,1,1,1,1,1,1,1,1,1,1,1,1,1,1,1,1,1,1,1,1,1,1,1,1,1,1,1,1,1,1,1,1,1,1,1,1,1,1,1,1,1,1,1,1,1,1,1,1,1,1,1,1,1,1,1,1,1,1,1,1,1,1,1,1,1,1,1,1,1,1,1,1,1,1,1,1,1,1,1,1,1,1,1,1,1,1,1,1,1,1,1,1,1,1,1,1,1,1,1,1,1,1,1
788,27,427 1,1,1
1974,3,16,20,887,244,2484,405,403,19,953,10,11526 1,1,1,1,1,1,1,1,1,1,1,1,1
135,230,403,3,2318,717,26481,529,13,584,10,23,59,303 1,1,1,1,1,1,1,1,1,1,1,1,1,1
329,307,5,626,109 1,1,1,1,1
257,3735,259,6956,4,71,3,106,3,365,393,3,209,188,34,3,5,284,30,7,2352,1229,3,11871,935,257,3735,259,254,4,26482,2485,33,550,31,660,27,6,85,7,40,55,257,3735,259,127,4,1545,9,8,257,3735,259,150,403,4,775,10,564,257,3735,259,206,403,4,79,14,66,6880,51,21,245,12,6,15566,548,17,6,80,141,87 1,1,1,1,1,4,1,7,1,15,15,1,1,1,1,1,1,1,1,1,1,1,1,1,1,1,1,1,1,1,1,1,1,1,1,1,1,1,1,1,1,1,1,1,1,1,1,1,1,1,1,1,1,1,1,1,1,1,1,1,1,1,1,1,1,1,1,1,1,1,1,1,1,1,1,1,1,1,1,1,1
1513,3,636,920,3,11,727 1,1,1,1,1,1,1
3235,57,3006 1,1,1
79,21,5774,12,6,548,17,1623 1,1,1,1,1,1,1,1
79,258,16,21,245,13,5774,17,80,117,87 1,1,1,1,1,1,1,1,1,1,1
79,258,16,21,1123,126,370,26483,26484,159,36,87 1,1,1,1,1,1,1,1,1,1,1,1
79,21,30,7,245,12,9422 1,1,1,1,1,1,1
28,157,541,33,7050,10,15,26485,7,3438,135,65,3,99,728,1123,169,10,953 1,1,1,1,1,1,1,1,1,1,1,1,1,1,1,1,1,1,1
257,3735,259,579,4,3219,4,122,282 1,1,1,1,1,1,1,1,1
612,4,122,282 1,1,1,1
257,3735,259,579,5,8413,35,55,270,5,12,6,230,67,17,40,6299 1,1,1,1,1,1,1,1,1,1,1,1,1,1,1,1,1
233,174,182,376,72 1,1,1,1,1
102,77,4,207,4,316,35,135,757,55 1,1,1,1,1,1,1,1,1,1
1417,3154,13,412,976,3,237,31,1436,5,659,496,412,732,405,1187 1,1,1,1,1,1,1,1,1,1,1,1,1,1,1,1
1822,280,257,3735,259,2802,4,28,82,2065,14,204 23,23,1,1,1,1,1,1,1,1,1,1
257,3735,259,136,4,216,222,57,1688 1,1,1,1,1,1,1,1,1
257,3735,259,3219,4,184,327,57,377 1,1,1,1,1,1,1,1,1
257,3735,259,612,4,6,130,327,46,15,44,2744 1,1,1,1,1,1,1,1,1,1,1,1
6,130,14,145,156,5,239 1,1,1,1,1,1,1
13634,327,57,1736,257,3735,259,149,26486,705,2451,3,592,1967,3,869,2030,3,769,4675,3,392,680,3,888,8461,3,1680,78,840,29,335,257,36,259,3,870,2948,9,83,8,257,36,259,295,1445,4,448,134,78,986,29,335,3220 1,1,1,1,1,1,1,1,1,1,1,1,1,1,1,1,1,1,1,1,1,1,1,1,1,1,1,1,1,1,1,1,1,1,1,1,1,1,1,1,1,1,1,1,1,1,1,1,1,1,1,1,1,1
134,28,14,4936,3,4716,6,295,43,6664 1,1,1,1,1,1,1,1,1,1
4547,1568,996,4547,1179,2316,3,22,2334,3,1077,1701,3,1791,4913,3,1506,3940,3,1388,2316,3,1938,2871,4547,399,3390,3,1179,2037,3,22,2334,4547,2967,1428,3,2289,581,4547,1565,680,3,1527,558,3,1566,1872,9,59,8,3,1077,1701,3,1791,4913,4547,1336,72,3,2340,72,4547,897,11872,9,83,8,4547,349,5026,9,83,8,3,734,15077,3,560,4655,9,59,8,3,333,6054,9,59,8,3,653,1000,9,59,8,3,786,9006,9,59,8,3,823,5122,3,536,8175,4547,795,7220,9,83,8,4547,2749,370,3,1125,1277,3,42,1209,1247,3,42,577,279,3,42,847,108,3,42,830,210,3,42,864,519,4547,2649,26487,9,83,8,3,2650,26488,3,2701,14011,3,2702,11873,9,83,8,3,2703,2873,4547,1661,433,9,83,8,3,1577,217,9,83,8,3,2599,200,3,1971,1508,9,83,8,4547,79,3879,9,83,8,3,1074,1715,3,1067,6161,4547,15567,257,36,259,3,15568,257,58,259,257,36,259,295,1445,4,492,4,1134,72,9,55,8,357,158,12,1134,36,9,2468,406,12,5787,8,4,5737,9,231,8 1,1,1,1,1,1,1,1,1,1,1,1,1,1,1,1,1,1,1,1,1,1,1,1,1,1,1,1,1,1,1,1,1,1,1,1,1,1,1,1,1,1,1,1,1,1,1,1,1,1,1,1,1,1,1,1,1,1,1,1,1,1,1,1,1,1,1,1,1,1,1,1,1,1,1,1,1,1,1,1,1,1,1,1,1,1,1,1,1,1,1,1,1,1,1,1,1,1,1,1,1,1,1,1,1,1,1,1,1,1,1,1,1,1,1,1,1,1,1,1,1,1,1,1,1,1,1,1,1,1,1,1,1,1,1,1,1,1,1,1,1,1,1,1,1,1,1,1,1,1,1,1,1,1,1,1,1,1,1,1,1,1,1,1,1,1,1,1,1,1,1,1,1,1,1,1,1,1,1,1,1,1,1,1,1,1,1,1,1,1,1,1,1,1,1,1,1,1,1,1,1,1,1,1,1,1,1,1,1,1,1,1,1,1,1,1,1,1,1,1,1,1,1,1,1,1,1,1,1,1,1,1,1
15569,9,231,8 1,1,1,1
11874,9,231,8 1,1,1,1
257,58,259,295,1445,4,492,4,1134,72,9,55,8,357,158,12,1134,58,9,2468,406,12,5787,8,4,2158,9,279,8 1,1,1,1,1,1,1,1,1,1,1,1,1,1,1,1,1,1,1,1,1,1,1,1,1,1,1,1,1
15570,9,210,8 1,1,1,1
11875,9,231,8 1,1,1,1
257,3735,259,177,4,1541,11,199,325 1,1,1,1,1,1,1,1,1
257,3735,259,1340,4,506,33,339,4,11,202,7,854 1,1,1,1,1,1,1,1,1,1,1,1,1
257,3735,259,39,1771,26489,379,1822,280,358,13,170,103,341,709,61,13,529,3,3107,1392,51,367,26490,104,33,1917,26491,3,904,5,77,103,450,134,5345,193,3,15439,1021,1086,10,978,5,500,400,2153,257,3735,259,2804,262,55,55,161,4,205,230,6393,54,85,4,9820,15565,40,55,21,68,867,205,43,3498,4144,3,5549,9820,26492,224,1933,607,12,6,230,55,158,4,3498,4144,3,5549,257,15571,259,262,229,26493,379,498,20,46,48,34,1023,5,89 1,1,1,1,1,1,1,23,23,1,1,1,1,1,1,1,1,1,1,1,1,1,1,1,1,1,1,1,1,1,1,1,1,1,1,1,1,1,1,1,1,1,1,1,1,1,1,1,1,1,1,1,1,1,1,1,1,1,1,1,1,1,1,1,1,1,1,1,1,1,1,1,1,1,1,1,1,1,1,1,1,1,1,1,1,1,1,1,1,1,1,1,1,1,1,1,1,1,1,1,1,1,1,1,1
16,157,2952,10,6838,6,34,3,51,3022,537,37,6,2952,1049,92,984 1,1,1,1,1,1,1,1,1,1,1,1,1,1,1,1,1
16,1295,10,6,230,17,172 1,1,1,1,1,1,1
16,20,1049,1250,12,6,230,5,41,52,781,10,2804 1,1,1,1,1,1,1,1,1,1,1,1,1
17,15,1593,5,17,15,1021 1,1,1,1,1,1,1
545,8543,413,3464,412,26494,136,332,48,91,720,455,362,152,280,531,11,1966,873,529,3924,2952,157,3,13,2952,1302,6,48,34 1,1,1,1,1,1,1,1,1,1,1,1,1,1,23,1,1,1,1,1,1,1,1,1,1,1,1,1,1,1
162,10,2804 1,1,1
1813,1021,12,6,1532,139,58,193 1,1,1,1,1,1,1,1
481,7,898 1,1,1
7,55,56,6639,38,15,193 1,1,1,1,1,1,1
1021,12,26495,50,46,101,6,28,5,235,13,6,757,3492,6,28,82,198,5,740,13,6,104 1,1,1,1,1,1,1,1,1,1,1,1,1,1,1,1,1,1,1,1,1,1,1
257,15571,259 1,1,1
