67,54,4,26458,3685,1569,163,318,499,67,28,4,6954,3,4285,542,4,9817,2523,4,9818,3964,4,832,4946,434,4,26459,26460,272,1007,4,3037,5859,85,28,221,26461,730,234,248,34,282,15558,256,374,212,3,95,168,17,529,3,256,142,3,6448,3,151,3,1584,248,34,5,98,1268,529,3,380,159,1023 1,1,1,1,1,1,1,1,1,1,1,1,1,1,1,1,1,1,1,1,1,1,1,1,1,1,1,1,1,1,1,1,1,1,1,1,1,1,1,1,1,1,1,1,10,10,10,1,1,1,1,19,1,1,7,1,15,1,4,1,1,1,1,1,1,1,19,1,1,1,1
11,26462 1,1
242,31,1268,529,27,5826,26,10,757 1,1,1,19,1,1,1,1,1
11,26463,34 1,1,1
256,11005,1229,3,162,10,485,89 1,1,1,1,1,1,1,1
1694,212,151,142,6448,2358,9488,90,254,274,215,22,25,32,348,501,7314,69,800,141,7314,276,4127,4774,22,25,69,1223,6392,320,26464,26465,367,382,22,105,127,790,150,403,1929,206,403,485,3,2952,3,238,26466,991,3,26467,13,422,579,1754,11,793,140,314,26,1001,3,590,3,249,3,459 1,10,4,7,15,1,1,1,1,9,1,1,1,1,17,1,1,1,12,1,1,1,1,1,1,1,1,1,1,1,1,1,1,1,1,1,1,1,1,1,1,1,1,1,1,1,1,1,1,1,1,1,1,1,1,1,1,1,1,1,1,1,1,1,1,1,1,1
3967,11,678,84,3,243,3,555,5775,11,841,314,3,2236,3,1670,3,3689,3,2419,3,535,1475,3,818,243,3,2157,3219,122,282,612,122,282,5427,11,34,3,300,3,375,3,446,3,1366,3,432,3,2161,9489,122,282,196,11,277,3,2338,352,11,314,7,2040,3,697,3,4075,3,11278,3,11,611,3,2006,1326,11,363,3,958,3,2203,429,102,77,1754,28,14,15,60,387,3,280,3,410,358,3,11,199,342,3,11,1375,453,316,26468,26469,26470,15559,26471,3967,1806,3,1055,57,877,3,1554,5,6573,44,10,691,3,3036,82,57,296,3,11,6522,261,3,1709,44,2802,74,14,11,965,261 1,1,1,1,1,1,1,1,1,1,1,1,1,1,1,1,1,1,1,1,1,1,1,1,1,1,1,1,1,1,1,1,1,1,1,1,1,1,1,1,1,1,1,1,1,1,1,1,1,1,1,1,1,1,1,1,1,1,1,1,1,1,1,1,1,1,1,1,1,1,1,1,1,1,1,1,1,1,1,1,1,1,1,1,1,1,1,1,1,1,23,1,1,1,1,1,1,1,1,1,1,1,1,1,1,6,1,1,1,1,1,1,1,1,1,1,1,1,1,1,1,1,1,1,1,1,1,1,1,1,1,1,1,1,1,1,1,1,1
2653,82,91,3,8309,2934,97,243,3,11,15560,243,3,232,3941,3,4979,1017,3,7522,5,2369,97,2956,26,1296,136,296,471,7,759,3,11,2157,26,246,3,687,44,978,97,3094 1,1,1,1,1,1,1,1,1,1,1,1,1,1,1,1,1,1,1,1,1,1,1,1,1,1,1,1,1,1,1,1,1,1,1,1,1,1,1,1,1,1
216,133,57,204,100,97,222,3,11,908,3,11,240,3,11,136,813,1453,3219,91,10,463,5,1051,3,11,876,3,407,26,1116,612,145,156,5,239,3,44,304,78,310,3,11,213,3,561,26,502,4947,280,3,152,3,44,326,327,3,396,3,11,6955,240,26,1128,1058,11,750,3,743,3,93,3,26,618,474,196,11,277,3,11,243,7,173,273,863,3,665,3,1411,1093,204,3,944,161,3,942,5,1002,44,3,628,3,511,3,1056,5,700,44,1808,11,678,26,8309,5068,3,31,2569,3,31,11870,177,302,59,26472,3,11,937,84,3,886,66,169,3475,15558,121,61,1041,3,758,319,7,254,3,529,27,472,5,11,904,84,3,6153,193,3,109,31,160,1593 1,1,1,1,1,1,1,1,1,1,1,1,1,1,1,1,1,1,1,1,1,1,1,1,1,1,1,1,1,1,1,1,1,1,1,1,1,1,1,1,1,1,1,1,1,1,1,1,1,23,1,1,1,1,1,1,1,1,1,1,1,1,1,1,1,1,1,1,1,1,1,1,1,1,1,1,1,1,1,1,1,1,1,1,1,1,1,1,1,1,1,1,1,1,1,1,1,1,1,1,1,1,1,1,1,1,1,1,1,1,1,1,1,1,1,1,1,1,1,1,1,1,1,1,1,1,1,1,1,1,1,1,1,1,1,1,1,1,1,1,1,1,1,19,1,1,1,1,1,1,1,1,1,1,1,1,1,1
39,91,5,10,52,221,43,3282,17,2352,483,5,1808,1776 1,1,1,1,1,1,1,1,1,1,1,1,1,1
982,163,26,10,3282,17,268,1776 1,1,1,1,1,1,1,1
230,262,331,55,39,67,81,2633,282,171,87,302,358,61,13,48,5,248,34 1,1,1,1,1,1,1,1,1,1,1,1,1,1,1,1,1,1,1
571,46,68,209,147,17,201 1,1,1,1,1,1,1
16,21,15,30,7,485,157 1,1,1,1,1,1,1
31,49,88,7,23,39,27,40,85 1,1,1,1,1,1,1,1,1
11,249,3,459,3,375 1,1,1,1,1,1
34,14,2550,3,65 1,1,1,1,1
1169,584 1,1
579,233,182,81,5,72,708,35,270,316,122,757,55,545,814,4,11596,3,980,3,2970,413,4,1806,136,4,332,296,1693,155,4,751,1345,644,4,455,11,1099,362,4,152,952,1465,531,4,11,1966,352,4,1170,233,114,39,1771,810,230,438,81,7,67,33,356,112,17,1122 1,1,1,1,1,1,1,1,1,1,1,1,1,1,1,1,1,1,1,1,1,1,1,1,1,1,1,1,1,1,1,1,1,1,1,1,1,1,1,1,1,1,1,1,1,1,1,1,1,1,1,1,1,1,1,1,1,1,1,1,1,1,1,1,1
16,21,95,1021,37,14,72,5,95,162,17,103,826,319 1,1,1,1,1,1,1,1,1,1,1,1,1,1
425,3,904,14,886,66,302,33,11,268,103,1168,160,12,6,230,27,40,85 1,1,1,1,1,1,1,1,1,1,1,1,1,1,1,1,1,1,1
836,3,6117,3,5,1228,57,703,3,35,14,3316,1018 1,1,1,1,1,1,1,1,1,1,1,1,1
104,48,738,3,3079,278 1,1,1,1,1,1
16,14,39,91,17,566,35,135,3079 1,1,1,1,1,1,1,1,1
534,19,261,211,801,48,34,81,1445,50,46,1150,221,5,101,6,28,5,660,6,385,82,101,3,81,5,740,13,6,385,82,607,7,30,3,5,235,6,172,3,104,7,198,5,566,7,6,28,13,6,385 1,1,1,1,1,1,1,1,1,1,1,1,1,1,1,1,1,1,1,1,1,1,1,1,1,1,1,1,1,1,1,1,1,1,1,1,1,1,1,1,1,1,1,1,1,1,1,1,1,1,1
40,55,21,68,867,205,43,3037,5859,3,229,26473,26474,272,224,1933,607,12,6,230,55,158,4,6311,3492,9,73,8,3037,5859,3,229,174,1007,5477,8542,3,229 1,1,1,1,1,1,1,1,1,1,1,1,1,1,1,1,1,1,1,1,1,1,1,1,1,1,1,1,1,1,1,1,1,1,1,1,1,1
