67,54,4,26567,1635,162,55,28,4,5245,3,2140,542,4,15581,54,4,1663,680,3,2791,262,4,64,5419,451,4,64,4309,1085,4,28,3,5,5904,67,426,4,307,282,4,293,5245,14,62,11886,358,13,15,80,30,173,17,142,3,151,3,1319,3,803,3,5,1283 1,1,1,1,1,1,1,1,1,1,1,1,1,1,1,1,1,1,1,1,1,1,1,1,1,1,1,1,1,1,1,1,1,1,1,1,1,1,1,1,1,1,1,1,1,1,1,1,1,1,1,1,1,7,1,4,1,1,1,1,1,1,1
16,95,526,15,267,884,619,12,1604,6081,27,37,85,16,38,61,10,5904,12,458,5,220,62,2035 1,1,1,1,3,3,3,1,1,1,1,1,1,1,1,1,1,1,1,1,1,1,3,3
103,593,275,170,76,12,6,309,5,1757,1961,5,504,76,12,6,614 2,2,2,2,2,2,2,2,2,2,2,2,2,2,2,2,2
16,526,619,19,26568,3,15595,3,220,15,2285,10,6,309,466,5,62,2491,10,6,2075,2794 1,3,3,3,3,3,3,3,3,3,3,1,1,1,1,1,1,1,1,1,1,1
23,2325,438,20,5412 1,1,1,1,1
16,61,10,7616,19,15598,220,307,3,514,10,52,12,458,9,2130,26569,8 1,1,1,1,1,1,1,1,1,1,1,1,1,1,1,1,1,1
16,90,88,48,34,5,27,7616,16,38,11,937,177,84,51,20,514,10,46,269,103,3103,220,62,417,7399,7,1792,2405,10,5901,7065 1,1,1,1,1,1,1,1,1,1,1,1,1,1,1,1,1,1,1,1,1,1,1,1,1,1,1,1,1,1,1,1
23,3103,86,10,2405,5,19,688,143,897,8824,5,1336,7,15599,13,15,1138,7,4961,42 1,1,1,1,1,1,1,1,1,1,1,1,1,1,1,1,1,1,1,1,1
16,20,688,10,5904,834,16,526,103,593,37,722,86,170,76,12,23,3543,884,35,60,35,173,260,7,23,2285,27,92,26570,5,492,1449,7,23,2491 1,1,1,1,1,1,1,1,2,2,1,1,1,1,1,1,1,1,1,1,1,1,1,1,1,1,1,1,1,1,1,1,1,1,1,1
15,1444,1334,5,62,3434,143,469,5,6,28,20,688,10,6,1635,17,268,355 1,1,1,1,1,1,1,1,1,1,1,1,1,1,1,1,1,1,1
674,816,2501,4,212,110,15600,619,650,1342,12,15601,9084,559,2021,42,3,131,509,3,717,4388,1038,220,1362,1391,3,3031,15602,3,473,1076,2239,1394,968,202,7,756,19,1165,19,11881,142,287,3507,8545,472,7617,14,1226,9825,39,4,423,447,22,32,203,462,22,32,236,382,22,32,218,755,22,32,274,279,22,32,2655,141,22,32,127,4,790,2555,4,293,5245,73,661,583,27,1912,3,5,23,573,27,1483,3,5080,66,103,646 1,1,1,1,10,1,1,3,1,1,1,1,1,1,1,1,1,1,1,1,1,1,1,1,1,1,1,1,1,1,1,1,1,1,1,2,2,2,2,2,2,2,7,15,4,1,1,1,1,1,1,1,1,26,1,1,1,11,1,1,1,12,1,1,1,13,1,1,1,9,1,1,1,1,1,1,1,1,1,1,1,1,1,1,1,1,1,1,1,1,1,1,1,1,1,1,1,1,1,1
16,21,58,848,3,5,36,1020 1,1,1,1,1,1,1,1
16,21,11,374,150,30,7,212,3,1719,103,2942,3,458 1,1,1,1,1,1,1,10,1,1,1,1,1,1
2795,4,28,334,699,180,87,183,3,238,58,1333,123,2136,991 1,1,5,5,5,5,5,5,5,5,5,5,5,5,5
90,11882 1,1
919,15586,4750,3,245,12,15587,13,551 1,1,1,1,1,1,1,1,1
579,4,395,122,2646,269,5,72,12,282,207,4,190,60,3,11,655,84,26,1754,923 1,1,1,1,1,1,1,1,1,1,1,1,1,1,1,1,1,1,1,1,1
612,4,11,529,35,270,386,4,307,35,270,3,11,15603 1,1,1,1,1,1,1,1,1,1,1,1,1,1
273,4,11,6263,1583,4,11,812,3,362,34,3,26571 1,1,1,1,1,1,1,1,1,1,1,1,1
26572,4,11,796,3,5201,3,2041,3,1157 1,1,1,1,1,1,1,1,1,1
1058,4,11,26573,34,196,4,11,26574,243 1,1,1,1,1,1,1,1,1,1
545,4,316,4,1207,4,4012,4659,9672,4,3919,3099,4,1772,523,4,335,716,4,125,3298,4,853,42,3180,207,4,60,197,3,1789,767,12,480,3,999,227,4,1172,3,1121,3,1110,1561,1313,3,576,27,4648,7063,136,4,11,309,3,11,879,3,216,217,682,103,4,145,156,5,239,3,304,5,310,44,3,11,213,350,4,751,682,3,232,737,656,100,3,11,876,214,4,152,3,979,3,2045,3,232,326,327,1309,4,187,1068,1192,220,3434,5,1444,1334,9828,3,11,1647 1,1,1,1,1,1,1,1,1,1,1,1,1,1,1,1,1,1,1,1,1,1,1,1,1,1,1,1,1,1,1,1,1,1,1,1,1,1,1,1,1,1,1,1,1,1,1,1,1,1,1,1,1,1,1,1,1,1,1,1,1,1,1,1,1,1,1,1,1,1,1,1,1,1,1,1,1,1,1,1,1,1,1,1,1,1,1,1,1,1,1,1,1,1,1,1,1,1,1,1,1,1,1,1,1,1,1,1,1,1,1,1
531,4,11,750,3,743,3,51,433,93,682,3,217,5,877,443,133,352,4,863,3,665,682,3,1316,675,5,1610,220,204,511 1,1,1,1,1,1,1,1,1,1,1,1,1,1,1,1,1,1,1,1,1,1,1,1,1,1,1,1,1,1,1
4620,5,6290,1006 1,1,1,1
473,114,1006,5,634,73,1006,783 1,1,1,1,1,1,1,1
511,928,204 1,1,1
1056,217,1028,700,204 1,1,1,1,1
196,4,11,479,277,26,243,3,232,196,3930,149,4,7616,15604,26575,902,47,26576,4,26577,154,2097,295,2295,1724 1,1,1,1,1,1,1,1,1,1,1,1,1,1,1,1,1,1,1,1,1,1,1,1,1,1
471,189,456,2647,9,10993,8,351,663,2750,9,13838,8,351,835,2667,9,7157,8,351,1072,1658,1245,9,13839,8,351,1568,2548,5083,9,26578,8,345,3,1998,3113,83,9,13841,8,219,392,2136,83,9,13840,8,219,347,2044,83,9,10994,8,219,512,3104,9,13842,8,219,10995,2249,9,13843,8,219,1258,1259,26579,47,83,9,8174,8,721,1184,2557,9,13844,8,219,6762,26580,47,83,9,601,2982,8,1454,42,6762,3968,47,83,9,15605,8,42,733,398,3,13849,4760,9,13850,8,42,7616,15604,26581,902,47,26582,4,26583,154,2097,295,2295,1724 1,1,1,1,1,1,1,1,1,1,1,1,1,1,1,1,1,1,1,1,1,1,1,1,1,1,1,1,1,1,1,1,1,1,1,1,1,1,1,1,1,1,1,1,1,1,1,1,1,1,1,1,1,1,1,1,1,1,1,1,1,1,1,1,1,1,1,1,1,1,1,1,1,1,1,1,1,1,1,1,1,1,1,1,1,1,1,1,1,1,1,1,1,1,1,1,1,1,1,1,1,1,1,1,1,1,1,1,1,1,1,1,1,1,1,1,1,1,1,1,1,1,1
471,189,1258,1259,8824,83,9,8174,8,721,6762,15599,47,83,9,601,2982,8,1454,42,6762,4961,83,9,15605,8,42,7616,26584,26585,902,47,26586,4,26587,154,2097,295,2295,1724 1,1,1,1,1,1,1,1,1,1,1,1,1,1,1,1,1,1,1,1,1,1,1,1,1,1,1,1,1,1,1,1,1,1,1,1,1,1,1,1
471,189,349,4359,83,9,26588,8,11887,734,26589,9,26590,8,26591,560,4419,9,2531,8,1451,333,15606,59,9,1977,8,42,653,26592,9,1360,8,1227,786,4864,9,26593,8,8293,823,6210,9,26594,8,654,795,3701,83,9,26595,8,42,1281,785,4418,9,26596,8,4840,26597,2931,9,26598,8,1227,1257,317,14052,1076,3223,1421,83,9,26599,8,42,3261,3223,601,108,9,3988,8,42,4326,539,59,9,26600,8,42,6302,108,9,11888,8,42,5717,519,9,26601,8,42,8477,519,9,1691,8,42,714,3223,4807,83,9,2240,8,11887,714,4326,1774,59,9,2241,8,11887,734,5383,44,2330,4,200,1340,4,200,5084,4,15596,924,220,59,1090,3,662,73,12,6713,35,60,35,563,1076,185,3,6499,220,563,1076,185,26602,924,220,59,1090,3,662,73,12,6713,220,3286,563,185,3,3286,563,363,12,2773 1,1,1,1,1,1,1,1,1,1,1,1,1,1,1,1,1,1,1,1,1,1,1,1,1,1,1,1,1,1,1,1,1,1,1,1,1,1,1,1,1,1,1,1,1,1,1,1,1,1,1,1,1,1,1,1,1,1,1,1,1,1,1,1,1,1,1,1,1,1,1,1,1,1,1,1,1,1,1,1,1,1,1,1,1,1,1,1,1,1,1,1,1,1,1,1,1,1,1,1,1,1,1,1,1,1,1,1,1,1,1,1,1,1,1,1,1,1,1,1,1,1,1,1,1,1,1,1,1,1,1,1,1,1,1,1,1,1,1,1,1,1,1,1,1,1,1,1,1,1,1,1,1,1,1,1,1,1,1,1,1,1,1,1,1,1,1,1,1,1,1,1,1,1,1,1,1,1,1
192,4,12,1351,40,14,62,11886,358,13,15,80,30,173,17,142,3,151,3,1319,3,803,3,5,1283,110,15,15607,619,26603,2791,121,61,10,62,1779,220,307,3,514,10,52,12,458,220,62,2035 1,1,1,1,1,1,1,1,1,1,1,1,1,1,1,7,1,4,1,1,1,1,1,1,1,1,1,1,3,1,1,1,1,1,1,1,1,1,1,1,1,1,1,1,1,3,3
593,110,688,10,5904,722,717,3543,76,35,60,35,492,1449,7,2491,5,26604,243,7,2285 1,1,1,1,1,1,1,1,1,1,1,1,1,1,1,1,1,1,1,1,1
11,993,943,220,104,10,369,10,445,149,17,15608,993,19,2735 1,1,1,1,1,1,1,1,1,1,1,1,1,1,1
104,4,644,325,4,110,2035,86,252,5,711,1067,44,417,11339,35,128,479,17,2129,26605,3,41,3646,17,839,7,1067,26606,1550,115,7498,5,3176,711,458,265 1,1,1,1,1,1,3,1,11,1,1,1,1,1,1,1,1,1,1,1,1,1,1,1,1,1,1,1,1,1,1,1,1,1,1,1,1
1494,1163,12,272 1,12,1,1
4163,2598,711,1067,601,335,135,1638,177,19,953,3,220,529,5,12,272,104,17,15608,993,19,2735,7,40,113,644,1342,4,61,220,458,3,132,683,1444,1334,12,469,9,51,676,1334,8,104,10,4775,1397,5,166,982,74,139,135,146,220,5494,27,625,12,445,149,3,41,144,2130,10,46,472 1,1,1,1,1,1,1,1,1,1,1,1,1,1,1,1,1,1,1,1,1,1,1,1,1,1,1,1,1,1,1,1,1,1,1,1,1,1,1,1,1,1,1,1,1,1,1,1,1,1,1,1,1,1,1,1,1,1,1,1,1,1,1,1,1,1,1,1,1
3434,469,12,445,149,220,128,535,3,644,239,33,924,924,27,61,3,1642,19,103,2479,3,2580,592,5,22,35,160,1319,472,819,9825,2961,1685,5,3652,315,593,151,5341,15609,5,1825,3,27,163,19,818,340,144,1284,1883,33,367,2129,135,146,3,2379,138,85,438,144,2129,2654,3,982,676,66,233,1334,5,1685,3510,815,5,11339,296,726,9241,6957,229,710,26607 1,1,1,1,1,1,1,1,1,1,1,1,1,1,1,1,1,1,1,1,1,1,1,1,1,1,1,1,1,1,1,1,1,1,1,1,1,1,4,1,1,1,1,1,1,1,1,1,1,1,1,1,1,1,1,1,1,1,1,1,1,1,1,1,1,1,1,1,1,1,1,1,1,1,1,1,1,1,1,1,1,1,1,1
