67,54,4,26671,5936,373,599,414,4,6394,3795,5936,47,4,26672,54,7,112,4,1361,141,3,3341,404,17,112,4,293,3795,14,15,4809,767,13,1195,5551,717,742,682,763,7511,73,2000,121,14,161,315,939,1471,7,5246,1760,13,828,76,9,607,43,2029,5,862,8 1,1,1,1,1,1,1,1,1,1,1,1,1,1,1,1,1,1,1,1,1,1,1,1,1,1,1,1,1,1,1,1,1,1,1,1,1,1,1,1,1,1,1,1,1,1,1,1,1,1,1,1,1,1,1,1,1,1,1,1,1,1
16,526,10925,13,267,1471,7,4003,5,1974,86,10,46,2029,5505,12,6,548 1,1,1,1,1,1,1,1,1,1,1,1,1,1,1,1,1,1
35,15,295,3,119,503,201,10,1783,340,13,15633,441,3896 1,1,1,1,1,1,1,1,1,1,1,1,1,1
16,14,425,17,15,96,115,102,5,785,144,10,810,1671,16,21,2141,1281,17,40,26673 1,1,1,1,1,1,1,1,1,1,1,1,1,1,1,1,1,1,1,1,1
694,30,4,16,768,62,255,620,175,113,183,7,1719,788,7,226,7,184,5,1236,12,23,48 1,1,1,1,1,1,1,1,1,1,1,1,1,1,1,1,1,1,1,1,1,1,1
16,880,467,17,620,141,435,3,92,538,3,5,21,31,2991,159,286 1,1,1,1,1,1,1,1,1,1,1,1,1,1,1,1,1
313,3,119,98,46,6,146,7,15,96,115,11890,570,75,20,582,1023,75,111,15,301,11621,7,100,997,792,75,6,4181,190,57,372,543,13,130,371 1,1,1,1,1,1,1,1,1,1,1,1,1,1,1,1,1,1,1,1,1,1,1,1,1,1,1,1,1,1,1,1,1,1,1,1
12,475,3,6,570,98,111,6,169,548,7,2029,5505,12,6,248,86,3,600,602,5505 1,1,1,1,1,1,1,1,1,1,1,1,1,1,1,1,1,1,1,1,1
40,548,14,12,6,2004,8978,7,6,53,1423,630,6,9595,762 1,1,1,1,1,1,1,1,1,1,1,1,1,1,1
293,3795,14,31,9306,223,40 1,1,1,1,1,1,1
12,475,3,119,98,46,295,66,457,89,75,111,23,1281,27,15634,3,470,16,14,31,11897,10,1783,15633,441,113 1,1,1,1,1,1,1,1,1,1,1,1,1,1,1,1,1,1,1,1,1,1,1,1,1,1,1
39,4,622,141,22,800,141,22,105,932,171,22,105,311,752,105,706,108,22,105,1126,2403 1,1,21,1,1,12,1,1,1,1,1,1,1,1,1,1,1,1,1,1,1,1
1999,4049,1729,3097,3,3257,3,3144,102,101,4,140,14,5678,624,3,807,14,6169,851,3,130,156,14,1491,3,63,94,14,3245,3,5,386,156,14,3084,34,1514,14,15284 1,1,1,1,1,1,1,1,1,1,1,1,1,1,1,1,1,1,1,1,1,1,1,1,1,1,1,1,1,1,1,1,1,1,1,1,1,1,1,1
590,1514,14,9003 1,1,1,1
130,156,14,2254,13,62,891,213,5,598,2087,1611 1,1,1,1,1,1,1,1,1,1,1,1
155,191,46,988,184,327,100 1,1,1,1,1,1,1
457,264,4,696,63,763,785,14,2949,3,824,14,6085,3,733,14,5081,3,1281,785,15634,3,3223,785,14,26674,1290,101,275,456,7,2451,3,663,7,117,3,835,7,2030,3,1072,1658,7,8550,3,512,7,3328,3,392,7,900,3,347,7,1537,3,486,961,3940,3,1461,7,2078,3,486,1131,7,2042,3,1981,1982,7,1713,3,3882,7,1299,3,3635,7,1245,3,5,3388,7,13343,2578,4,138,23,137,161,3,119,46,1824,10,688,201,10,6,318,499,89,17,268,172,7,23,103,116,3,1409,10,826,319,778,490,5,192,1153,16,14,3,3486,3,12,301,130,371,119,1101,10,732,528,17,62,1201,172,3,51,119,143,775,10,191,26675,3,16,41,52,3419,10,6,318,499,17,62,318,1168,7,23,301,116 1,1,1,1,1,1,1,1,1,1,1,1,1,1,1,1,1,1,1,1,1,1,1,1,1,1,1,1,1,1,1,1,1,1,1,1,1,1,1,1,1,1,1,1,1,1,1,1,1,1,1,1,1,1,1,1,1,1,1,1,1,1,1,1,1,1,1,1,1,1,1,1,1,1,1,1,1,1,1,1,1,1,1,1,1,1,1,1,1,1,1,1,1,1,1,1,1,1,1,1,1,1,1,1,1,1,1,1,1,1,1,1,1,1,1,1,1,1,1,1,1,1,1,1,1,1,1,1,1,1,1,1,1,1,1,1,1,1,1,1,1,1,1,1,1,1,1,1,1,1,1,1,1,1,1,1,1,1,1,1,1,1,1,1,1,1
50,1403,16,41,52,162 1,1,1,1,1,1
1533,3,677,41,52,449,10,299,23,103,483,845,179 1,1,1,1,1,1,1,1,1,1,1,1,1
1974,3,66,62,2694,802,7,2257,3,92,14,3788,1153,23,1281,785,41,2971,27,1376,8128,12,890,10,745,40,498,340 1,1,1,1,1,1,1,1,1,1,1,1,1,1,1,1,1,1,1,1,1,1,1,1,1,1,1,1
35,15,1399,174,340,3,119,41,235,6,3004,7,584,2694,10,118,6,1397,7,11811,10,37,1845,548,482,16,344,370,180,27,6,788 1,1,1,1,1,1,1,1,1,1,1,1,1,1,1,1,1,1,1,1,1,1,1,1,1,1,1,1,1,1,1,1
2917,11898,3,4688,426,4,64,5508,8547,3,5936,26676,26677 1,1,1,1,1,1,1,1,1,1,1,1,1
