67,54,4,26743,1387,856,3,2459,6396,6959,3,107 1,1,1,1,1,1,1,1,1,1,1,1
1421,26744,2780,11903,3,3619,11904,684,4,5553,3301,509,47,8554,882,64,6959,4,50,38,6,1174,7,122,5553,3301,89,17,6,671,85,12,8555,198,599,12,513,7,24,181,120,76,5,181,120,556,466,12,1519,7,40,87 1,1,1,1,1,1,1,1,1,1,1,1,1,1,1,1,1,1,1,1,1,1,1,1,1,1,1,1,1,1,1,1,1,1,1,1,1,1,1,10,10,10,1,3,3,3,3,1,1,1,1,1
693,360,731,24,30,60,3,50,41,26745,92,17,6,4932,7,67,1107 1,1,1,1,1,1,1,1,1,1,1,1,1,1,1,1,1
629,3301,14,61,547,87,302 1,1,1,1,1,1,1
24,354,341,709,158,71,3,106,3,1856 1,1,1,1,1,4,1,7,1,15
18,38,11,169,505,7,181,76,597,18,61,12,871,1519,13,2546,350,93,139,75,18,826,12,17,15,381,5400,185,778,490 1,1,1,1,1,1,1,1,1,1,1,1,3,3,3,3,3,3,3,3,3,3,3,3,3,3,3,3,3,3
181,1531,27,6,8555,275,1549,717,76,7,6,637,309,3,4330,243,7,6,637,2075,13,866,492,1449,5,15,1549,243,7,6,671,742,1809,35,60,35,15,586,42,15651,260,7,15,742,3853 2,2,2,2,2,2,2,2,2,2,2,2,2,2,2,2,2,2,2,2,2,2,2,2,2,2,2,2,2,2,2,2,2,2,2,2,2,2,2,2,2,2,2,2,2
1531,98,275,15,388,42,53,153,120,260 2,2,2,2,2,2,2,2,2,2
6,28,526,866,1624,251,7,24,70,153,120,96,43,181,120,556,466,43,64,6199,8556 1,1,1,1,1,3,3,3,3,3,3,1,1,3,3,3,3,1,1,1,1
9,2491,10,3335,3,4195,3,614,3,5,2285,10,309,8 1,1,1,1,1,1,1,1,1,1,1,1,1,1
629,3301,82,1841,438,20,639,17,828,997,792,5,1563,255,7,585,831 1,1,1,1,1,1,1,1,1,1,1,1,1,1,1,1,1
159,24,261,3,18,21,68,2335,118,24,444,7,308,1204,131,437,19,380,477,19,912,4033,3513 1,1,1,1,1,1,1,1,1,1,1,1,1,1,1,1,1,1,1,1,1,1,1
1057,3,571,116,46,86,10,265 1,1,1,1,1,1,1,1
18,90,739,3,760,3,26,226,7,184,27,427 1,1,1,1,1,1,1,1,1,1,1,1
18,21,38,828,131,595,93,19,6,1192,7,24,2210,813,466,4960 1,1,1,1,1,1,1,1,1,1,1,1,1,1,1,1
18,90,418,3,2969,3,1524,3,690,116,26,725 1,1,1,1,1,1,1,1,1,1,1,1
402,81,7,233,174,2646,182,14,72 1,1,1,1,1,1,1,1,1
629,3301,2483,271,37,18,21,95,38,62,2886,277,19,24,473,5,194,114,37,360,46,68,355,35,15,284,2462,8365 1,1,1,1,1,1,1,1,1,1,1,1,1,1,1,1,1,1,1,1,1,1,1,1,1,1,1,1
3301,3,5553,509,47,8554,3278,1387,856,3,2459,80,39,30,14,639,17,209,153,765,9,472,347,58,8,3,354,341,709,35,9753,5,169,70,384,938 1,1,1,1,1,1,1,1,1,1,1,1,1,1,1,1,1,1,1,1,1,1,1,1,1,1,1,1,1,1,1,1,1,1,1,1
24,137,39,158,1148,1463,203,462,22,25,1729,65,3,289,171,22,25,1729,65,3,1286,141,22,25,1729,65,3,218,108,22,25,1729,65,3,613,279,22,25,2739,3,800,141,22,25,1729,65,3,1731,3,906,3,1384,5,2997,1455 1,1,1,1,1,1,11,1,1,1,1,1,1,1,1,1,1,1,1,1,21,1,1,1,1,1,1,13,1,1,1,1,1,1,9,1,1,1,1,1,12,1,1,1,1,1,1,33,1,1,1,1,1,1,1
206,30,4,6,28,245,1272,51,21,1087,150,2084,12,6,548 1,1,1,1,1,1,1,1,1,1,1,1,1,1,1
18,14,137,1216,13,24,491 1,1,1,1,1,1,1
27,472,3,18,21,68,449,10,1127,2335,13,15,2343,51,14,406,43,209,384,34 1,1,1,1,1,1,1,1,1,1,1,1,1,1,1,1,1,1,1,1
18,90,541,26,699,157 14,14,14,14,14,14
24,661,583,7,15,778,490,27,440,4579,19,102,77,3,629,3301,981,114,60,89 1,1,1,1,1,1,1,1,1,1,1,1,1,1,1,1,1,1,1,1
18,14,1250,2198,19,6,77,3666 1,1,1,1,1,1,1,1
24,196,14,617,5,683 1,1,1,1,1,1
18,21,15,717,2886,3159,26746,277,2826,19,24,114 1,1,1,1,1,1,1,1,1,1,1,1
24,63,94,14,3126,3,24,130,156,14,12,6,586,82 6,6,6,6,6,1,1,1,1,1,1,1,1,1
18,21,11,1161,715,1453 1,1,1,1,1,1
24,216,57,217,97,222 1,1,1,1,1,1
24,48,275,377,184,327,27,6,53,649 1,1,1,1,1,1,1,1,1,1
74,57,11,876,26,407 1,1,1,1,1,1
103,77,275,15,2321,1630,13,145,156,5,239,3,304,3,310,5,1094,14,61,5,6720,14,416,118 1,1,1,1,1,1,1,1,1,1,1,1,1,1,1,1,1,1,1,1,1,1,1,1
74,20,15,1616,2463,3211,213,584,3775,6,1503 1,1,1,1,1,1,1,1,1,1,1
24,214,14,152,5,396 1,1,1,1,1,1
24,114,57,770,7,750,26,743 1,1,1,1,1,1,1,1
443,133,57,433 1,1,1,1
18,21,131,93,7,6,53,194,114 1,1,1,1,1,1,1,1,1
24,904,275,338,239,2008,1611,135,435,3,44,1090,5,694,3,828,1672,574,292,804,2575 1,1,1,1,1,1,1,1,1,1,1,1,1,1,1,1,1,1,1,1,1
1057,3,629,3301,86,19,15,3678,438,7,2590,139,24,5400,185,431,5,181,120,556,466,12,794,1519 1,1,1,1,1,1,1,1,1,1,1,1,1,3,3,3,3,3,3,3,3,1,1,1
24,828,437,19,380,208,52,422,10,828,997,792 1,1,1,1,1,1,1,1,1,1,1,1
119,41,3934,89,13,15,390,48,738 1,1,1,1,1,1,1,1,1
12,6,3007,3,50,704,37,119,546,86,24,818,1890,389 1,1,1,1,1,1,1,1,1,1,1,1,1,1
92,14,284,37,24,828,277,14,422,10,24,289 1,1,1,1,1,1,1,1,1,1,1,1
600,31,1338,10,52,1624,3,119,46,1049,15,84,10,3707,36,22,25,1729,65,89,12,6,1533,37,134,289,14,922,17,24,277,40,208,538 1,1,1,1,1,1,1,1,1,1,1,1,1,1,1,1,1,1,1,1,1,1,1,1,1,1,1,1,1,1,1,1,1,1
50,46,1049,11,174,84,10,24,39,389 1,1,1,1,1,1,1,1,1,1
119,41,86,203,3,1860,4626,3,1176,5511,5,1163,17,507,1468 1,1,1,11,1,1,1,1,1,1,1,1,1,1,1
50,981,2051,10,122,24,465,12,620,4045,10,7545,113 1,1,1,1,1,1,1,1,1,1,1,1,1
12,475,3,18,41,26747,115,13,64,8556,17,284,9542,134,18,21,15,828,997,792,37,208,52,2279,10,24,116 1,1,1,1,1,1,1,1,1,1,1,1,1,1,1,1,1,1,1,1,1,1,1,1,1,1,1
3301,3,5553,509,47,8554,5753,1387,856,3,2459,92,14,15,1174,52,858,12,629,3301,82,198 1,1,1,1,1,1,1,1,1,1,1,1,1,1,1,1,1,1,1,1,1,1
395,191,31,1837,10,732,271,13,88,664 1,1,1,1,1,1,1,1,1,1
1015,844,3,4739,852,2815,3,107 1,1,1,1,1,1,1,1
806,4,15652,825,4,26748,843,4,15652,26749,250,31,81,43,262,331,250 1,1,1,1,1,1,1,1,1,1,1,1,1,1,1,1,1
