67,54,4,26913,528,15693,207,124,404,17,112,4,79,14,221,1458,1593,609,26914,12,1147,2804,189,33,12,7065,13,48,34,694,30,4,16,21,38,1156,7,6,2075,884,5,1156,5,251,7,15,2250,1528,7,23,309,3,394,12,208,5752,15,6923,12,1655,4125,275,37,6,251,20,883 1,1,1,1,1,1,1,1,1,1,1,1,1,1,1,1,1,1,1,1,1,1,1,1,1,1,1,1,1,1,1,1,1,1,1,1,1,1,1,1,1,3,3,3,1,1,1,1,1,1,1,1,1,1,1,1,1,1,1,1,1,1,1,1,1,1,1
23,923,13,1219,251,143,48,26915,5,1414,16,21,132,468,10,1147,13,1922,15694,6018,7,59,365,525,802,34,914,11,424,923,957,390,225,170,552,914,11,174,3463,403 1,1,1,1,1,1,1,1,1,1,1,1,1,1,1,1,1,1,1,1,1,1,1,1,1,1,1,1,1,1,1,1,1,1,1,1,1,1,1,1
6,34,753,10,265,13,1845,7148,150,30,4,16,21,175,848,245,12,3562,2512,82,121,21,71 1,1,1,1,1,1,1,1,1,1,1,1,1,1,1,1,1,1,1,1,1,1,1
394,23,3235,38,71,35,60 1,1,1,1,1,1,1
677,57,394,3006,206,30,4,16,14,132,2672,919,66,14178 1,1,1,1,1,1,1,1,1,1,1,1,1,1
16,14,920,5,245,13,23,551 1,1,1,1,1,1,1,1
102,101,4,2102 1,1,1,1
156,4,680,1665,4,11,199,342 1,1,1,1,1,1,1,1
2251,4,11,277,3,797 1,1,1,1,1,1
1877,4,569,1674,4,216,217,97,222 1,1,1,1,1,1,1,1,1
576,11,1161,715,1453 1,1,1,1,1
1613,4,91,10,463,5,1051 1,1,1,1,1,1,1
1502,4,53,692,2399,1744,5,2321 1,1,1,1,1,1,1,1
145,156,5,239,3,44,304,5,310,3,13,11,1162,26,1094 1,1,1,1,1,1,1,1,1,1,1,1,1,1,1
74,20,15,1710,589,213,7,509,1614,4,44,326,327,3,152,5,396,3,13,11,1128,26,240,857 1,1,1,1,1,1,1,1,1,1,1,1,1,1,1,1,1,1,1,1,1,1,1,1
1595,4,11,750,3,743,26,93 1,1,1,1,1,1,1,1
217,562,133,97,222 1,1,1,1,1
217,975,133 1,1,1
1546,4,14867,177,4,924,5,1043,1664,95,149,4,103,898,54,897,1336,3766,2340,3169,26916,1912,2845,601,2149,26917,72,192,5,104,4,16,21,61,13,244,2323,48,34,13,72,1989,5,886,904 1,1,1,1,1,1,1,1,1,1,1,1,1,1,1,1,1,1,1,1,1,1,1,1,1,1,1,1,1,1,1,1,1,1,1,1,1,1,1,1,1,1,1,1,1
26918,14,48,766,34,33,31,103 1,1,1,1,1,1,1,1
92,14,91,33,12,79,82,2257,5,7330,33,1976,66,6,34,7,23,212 1,1,1,1,1,1,1,1,1,1,1,1,1,1,1,1,1,10
16,14,1867,10,530,163,13,1363,7,48,766,34 1,1,1,1,1,1,1,1,1,1,1,1
1867,10,157,1816,167,33,546,52,1867,12,266,228,19,296,3021,1151,23,256,3728 1,1,1,1,1,1,1,1,1,1,1,1,1,1,1,1,1,1,1
439,914,609,2741 1,1,1,1
205,867,43,26919,487,9407,229,19,4350,615,3,3049 1,1,1,1,1,1,1,1,1,1,1,1
