67,54,4,26928,3559,1483,8561,2857,9853,3,2925,26929,3,5224,26930,26931,9,26932,8,26933,11936,730,234,4,293,9853,14,15,5868,498,121,21,317,645,5378,71,3,280,3,106,3,1856,3,209,585,831,3,1920,1498,5,71,604 1,1,1,1,1,1,1,1,1,1,1,1,1,1,1,1,1,1,1,1,1,1,1,1,1,1,1,1,1,1,1,1,4,4,4,4,1,23,1,7,1,15,1,1,1,1,1,1,1,1,1,1
30,7,61,328,4,16,468,89,640,7,175,113,13,131,48,34,31,10678,10,6,413,3,10,1575,26,6,303,3,51,13,244,131,226,7,184 1,1,1,1,1,1,1,1,1,1,1,1,1,30,30,30,1,1,1,1,1,1,1,1,1,1,1,1,1,1,1,1,1,1,1
16,90,300,3,375,26,7252 1,1,1,1,1,1,1
137,39,4,1384,171,22,337 1,1,1,1,1,1,1
1047,3,1895,1541,3199,22,651,3,289,125,22,337 1,1,20,1,1,1,1,1,1,1,1,1
651,3,930,7208,22,12,6,495,7208,22,27,4482,5,1142,22,27,421,3,236,141,22,651,3,1088,141,22,651,3,809,945,22,956,15,65,3,5,4182,165,171,189,12,6,495,5,171,12,6,744,3,1126,13,1846,2403 1,1,1,1,1,1,1,1,1,1,1,1,1,1,1,1,1,1,12,1,1,1,1,13,1,1,1,1,17,1,1,1,1,1,1,1,8,8,8,8,1,1,1,1,1,1,1,1,1,1,1,1,1
17,170,34,5,452,117,22,1755,13,2105,1249,102,101,4,6,63,94,89,14,9140,5,23,140,14,10771,624 1,1,1,1,1,1,1,1,1,1,1,1,1,1,1,1,1,1,1,1,1,1,1,1,1,1
6,101,7,6,136,13,11,577,638 1,1,1,1,1,1,1,1,1
16,14,642,5,12,11,199,342 1,1,1,1,1,1,1,1
6,103,101,13,2117,543,13,585,831 1,1,1,1,1,1,1,1,1
6,155,13,7625,12,394,649,5,11,202,7,199,817,130,371 1,1,1,1,1,1,1,1,1,1,1,1,1,1,1
16,21,93,37,21,68,209,12,394,114 1,1,1,1,1,1,1,1,1,1
192,5,104,4,81,7,62,177,564,12,1663,7,40,87,111,585,831,13,3741,692,26,758,2494,1549,3,1452,1552,448,1019,26934,915,3,448,177,37,186,1129,10,6,175,12,1225,111,1452,1552,448,37,143,31,202,27,37,85,5,132,61,12,574,1036 1,1,1,1,1,1,1,1,1,1,1,1,1,1,1,1,1,1,1,1,1,1,1,1,1,1,1,1,1,1,1,1,1,1,1,1,1,1,1,1,1,1,1,1,1,1,1,1,1,1,1,1,1,1,1,1,1,1,1
50,46,2355,10,6004,12,6,318,499,5,16,14,52,781,70,132,17,62,172,7,284,695 1,1,1,1,1,1,1,1,1,1,1,1,1,1,1,1,1,1,1,1,30,30
497,6394,11573,3,107 1,1,1,1,1
746,26935,806,4,11936,825,4,26936,843,4,11936 1,1,1,1,1,1,1,1,1,1,1
