67,54,4,27113,528,2881,1569,124,5323,1637,7429,107 1,1,1,1,1,1,1,1,1,1,1,1
27114,11612,2780,15749,15750,3,1867,15751,882,5323,4,50,20,395,10,122,5556,5438,40,495,17,15,315,124,903,172 1,1,1,1,1,1,1,1,1,1,1,1,1,1,1,1,1,1,1,1,1,1,1,1,1,1
360,731,5556,60,3,18,109,46,181,120,76,3,21,38,62,309,251,469,12,9375,3,5,38,15,44,429,4873,264,12,1361,11953,18,21,504,1027,765 1,1,1,1,1,1,1,1,10,10,10,1,1,3,3,3,3,3,3,3,1,1,1,1,1,1,1,1,1,1,1,1,1,1,1,1
24,53,585,4686,14,1995,5,1501,94,7950,18,14,71,5,21,106 1,1,1,1,1,1,1,1,1,1,1,1,4,1,1,7
18,20,124,13,15,12985,432,483,1762,10,27115,411,1762,10,15759,92,98,1246,24,1037,5,40,20,10362,27,6,15760,124 1,1,1,1,1,1,1,1,1,1,1,1,1,1,1,1,1,1,1,1,1,1,1,1,1,1,1,1
24,39,143,3239,954 1,1,1,1,1
18,61,49,274,215,22,15,65,3,1895,1491,22,135,65,3,236,141,22,15,65,3,2146,382,22,135,65,3,677,2066,24,203,5,24,1778,3,18,49,962,171,22,69,3,5,348,501,22,69 1,1,1,9,1,1,1,1,1,20,1,1,1,1,1,12,1,1,1,1,1,27,1,1,1,1,1,1,54,54,54,36,36,36,36,1,1,1,1,1,1,1,1,17,1,1,1
24,63,94,557,365,89,27,27116,3,92,38,68,1075,471,186,50,749,24,12,1225,40,87 1,6,6,6,6,6,6,6,1,1,1,1,1,1,1,1,1,1,1,1,1,1
401,24,446,27,163,3,119,208,160,10,530,188,115,19,128,7,24,39,3,51,27,40,802,119,41,84 1,1,1,1,1,1,1,1,1,1,1,1,1,1,1,1,1,1,1,1,1,1,1,1,1,1
18,14,116,770,27117,24,130 1,1,1,1,1,1,1
24,77,111,11,750,3,743,3,26,93 1,1,1,1,1,1,1,1,1,1
44,687,3,44,136,813,3,5,120 1,1,1,1,1,1,1,1,1
91,155 1,1
44,214,3,396,3,5,11,240,537 1,1,1,1,1,1,1,1,1
24,130,1046,44 1,1,1,1
74,143,11,3051,5,11,1039 1,1,1,1,1,1,1
24,671,327,14,152,5,896,14,44 1,1,1,1,1,1,1,1,1
74,14,15,3264,1362,1027,765,213,13,269,922,10,27118 1,1,1,1,1,1,1,1,1,1,1,1,1
74,143,11,1539,213 1,1,1,1,1
63,94,14,9334 6,6,6,6
6,1145,20,44,13,565,1452,563,2472 1,1,1,1,1,1,1,1,1
50,41,104,10,2717,5556,12,939,129,5,18,41,46,15,827,170,85,15,129,7,24,63,94,27,163,5,18,41,1347,8858,10,271 1,1,1,1,1,1,1,1,1,1,1,1,1,1,1,1,1,1,1,1,1,1,1,1,1,1,1,1,1,1,1,1
134,24,63,94,14,86,27,163,10,52,12,24,61,444,3,119,41,2608,24,39,10,4232,40 1,1,1,1,1,1,1,1,1,1,1,1,1,1,1,1,1,1,1,1,1,1,1
134,74,57,88,664,190,770,10,454,271 1,1,1,1,1,1,1,1,1,1
1015,844,3,9865,8570,3,229,205,867,43,9865,8570,3,229,607,161,4,603 1,1,1,1,1,1,1,1,1,1,1,1,1,1,1,1,1,1
