67,54,4,27066,273,230,278,55,28,4,5438,3,5556,542,4,11948,54,4,15739,85,4,5665,2197,451,4,5323,7429,3,107 1,1,1,1,1,1,1,1,1,1,1,1,1,1,1,1,1,1,1,1,1,1,1,1,1,1,1,1,1
404,17,278,4,9420,942,282,4,28,14,15,1232,379,3925,428,13,30,7,142,3,287,3,212,110,309,251,9,7053,8,121,20,12,24,3313,597,40,2441,27,11098,2197,186,18,1204,1719,788,7,9420,942,5,535,484,2893,2503,408,477,2741,3059,17,18,5,24,1037 1,1,1,1,1,1,1,1,1,1,1,1,1,1,1,1,1,1,7,1,15,1,10,3,3,3,3,3,3,1,1,1,1,1,1,1,1,1,1,1,1,1,1,1,1,1,1,1,1,1,1,1,1,1,1,1,1,1,1,1,1,1
40,255,20,1870,226,4161,43,15,2353,3,59,15740,555,37,828,17,170,552 1,1,1,1,1,1,1,1,1,1,1,1,1,1,1,1,1,1
18,258,18,242,31,46,9421,535,51,5698,38,1805,4266,2317 1,1,1,1,1,1,1,1,1,1,1,1,1,1
6,255,1295,19,1719,5,99,1014,552,397,18,538,188,10,472 1,1,1,1,1,1,1,1,1,1,1,1,1,1,1
12,475,10,555,3,424,116,158,207,323,3,190,1585,5,131,3889 1,1,1,1,1,1,1,1,1,1,1,1,1,1,1,1
18,90,678,84,3,48,34,3,307,3,418,3,1171,3,1670,3,535,13,1475,3,2297,26,700 1,1,1,1,1,1,1,1,1,1,1,1,1,1,1,1,1,1,1,1,1,1,1
18,768,46,15,2361,7,5844,4129,13,6,1377,37,24,366,1317,52,266,3,97,758,915 1,1,1,1,1,1,1,1,1,1,1,1,1,1,1,1,1,1,1,1,1
18,1773,175,1075,255,1970,58,87,183,27,75,85,18,38,24,1037,1418,24,163,5,18,1031,10,859 1,1,1,1,1,1,1,1,1,1,1,1,1,1,1,1,1,1,1,1,1,1,1,1
6,942,535,38,538,43,495,3,5,18,758,636,933,24,331,26,38,88,268,1948 1,1,1,1,1,1,1,1,1,1,1,1,1,1,1,1,1,1,1,1
18,21,11,374,30,7,697 1,1,1,1,1,1,1
1725,957,15741,3,15742,43,15743,11949,3,424,13,300,3,5475,3,1307,43,391 1,1,1,1,1,1,1,1,1,1,1,1,1,1,1,1,1,1
11,95,249,3,459,3,140,314,26,140,1001,3,263,3,362,34,3,446 1,1,1,1,1,1,1,1,1,1,1,1,1,1,1,1,1,1
146,145,288,158,40,495,9,27067,11167,8 1,1,1,1,1,1,1,1,1,1
85,7,27068,221,44,4,11098,973,3598,788,4,2633,788,4,199,6815,7,953,4,4141,224,438,4,265,11180,273,161,4,2028,726,161,4,296,726,1694,4,142,287,212,3932,309,251,9,7053,8,1725,9,35,270,8,150,2006,3394,110,2790,110,5480,164,35,15,4321,408,1303,151,408,135,28,254,4,236,274,252,462,1384,780,752,27069,1253,27070,233,4,1765,2816,7047,4,245,13,1037,12,5203 1,1,1,1,1,1,1,1,1,1,1,1,1,1,1,1,1,1,1,1,1,1,1,1,1,1,1,1,1,1,1,1,1,1,1,1,7,15,10,1,3,3,1,1,1,1,1,1,1,1,1,1,1,1,1,1,1,1,1,1,1,1,1,1,1,1,1,1,1,12,9,11,1,1,28,1,1,1,1,1,1,1,1,1,1,1,1,1,1,1
573,7,210,727 1,1,1,1
244,308,27,472,3,8777,7,24,12815,6009 1,1,1,1,1,1,1,1,1,1
1732,4,308,17,484,170,87,408,334,15744,87,183,485,4,90,1113,4,90,7046,4,661,13,354,76,3,4857 1,1,1,1,1,1,1,1,5,5,5,5,1,1,1,1,1,1,1,1,1,1,1,1,1,1
701,4,4278,1772,27071,581,853,42,9,658,8,545,4,814,4,787,428,197,5392,306,258,440,3,427,1250,480,227,4,1806,3,3531,8006,3,1536,136,4,332,3,11,309,3,11,216,26,1903,222,644,4,716,3,409,1270,3,11,1099,48,4,751,1069,3,11,7455,574,362,4,152,3,2098,3,27072,531,4,11,1379,3,443,133,217,3,11,277,273,77,4,1010,4,15,78,3035,3,999,3064,3,44,1246,2067,4,15745,3,14513,3854,942,4,2232,968,3731,1861,29,4057,3,414,3,1164,3,4235,204,1002,4,4860,27,108,435,29,7106,13,2779,2721,4,1917,15589,231,1942,1996,2008,1364,5526,1242,4,11,5526,1242,7442,4,449,10,15746,15747,6,2295,3,8359,2716,13,1275,666 1,1,1,1,6,1,1,1,1,1,1,1,1,1,1,1,1,1,1,1,1,1,1,1,1,1,1,1,1,1,1,1,1,1,1,1,1,1,1,1,1,1,1,1,1,1,1,1,1,1,1,1,1,1,1,1,1,1,1,1,1,1,1,1,1,1,1,1,1,1,1,1,1,1,1,1,1,1,1,1,1,1,1,1,1,1,1,1,1,1,1,1,1,1,1,1,1,1,1,1,1,1,1,1,1,1,1,1,1,1,1,1,1,1,1,1,1,1,1,1,1,1,1,1,1,1,1,1,1,1,1,1,1,1,1,1,1,1,1,1,1,1,1,1,1,1,1,1,1,1,1,1,1,1,1
925,4,50,56,31,154,645,3,27073,877,755,58,1069,3,6882,3,4759,1657,1925,1016,3,247,3,11436,3,11,1866,3,11,2652,1637,56,511,204,100,10,27074,3,5399,1610,100,3725,56,1316,675,97,323,4496,56,841,951,502,100,3746,3,123,56,2222,44,3,2525,185,675,3,11861,263,3242,56,7370,1006,2005,56,1439,3155,1017,3,11,2674,26,4132,670,4,44,2526,5,1256,29,3866,2006,29,11,2670,3,8406,26,4133 1,1,1,1,1,1,1,1,1,1,1,1,1,1,1,1,1,1,1,1,1,1,1,1,1,1,1,1,1,1,1,1,1,1,1,1,1,1,1,1,1,1,1,1,1,1,1,1,1,1,1,1,1,1,1,1,1,1,1,1,1,1,1,1,1,1,1,1,1,1,1,1,1,1,1,1,1,1,1,1,1,1,1,1,1,1,1,1,1,1,1,1,1,1,1,1
11,2947,2350 1,1,1
628,4 1,1
