67,54,4,27119,528,2881,1569,124,5248,15761,107 1,1,1,1,1,1,1,1,1,1,1
2881,1569,124,3659,3,882,64,15761,4,50,20,2922,10,122,5556,5438,9,11948,4,2523,1663,320,3,3193,8,121,468,1291,13,24,1037,3,11950,3,17,96,115,103,172 1,1,1,1,1,1,1,1,1,1,1,1,1,1,1,1,1,1,1,1,1,1,1,1,1,1,1,1,1,1,1,1,1,1,1,1,1,1,1
5556,21,68,211,66,15,103,802,7,2257 1,1,1,1,1,1,1,1,1,1
18,21,181,120,76,5,526,309,251,849,12,27120,18,38,72,429,4873,264,12,1361,11953,18,21,68,770,7,695,26,27121,116 1,1,10,10,10,1,1,3,3,3,1,1,1,1,1,1,1,1,1,1,1,1,1,1,1,1,1,1,1,1
18,55,598,2243,616 1,1,1,1,1
24,169,11868,116,46,265,1328 1,1,1,1,1,1,1
18,21,4625,106,19,211,39,389 1,1,1,7,1,1,1,1
24,95,505,7,27122,21,68,96,868,976,43,24,1185,1915,425,27,2881,1569,5,119,46,235,40,27,3027 1,1,1,1,1,1,1,1,1,1,1,1,1,1,1,1,1,1,1,1,1,1,1,1,1
5556,190,2170,476,306,27,24,99,170,112,5,50,272,244,2922,10,122,40 1,1,1,1,1,1,1,1,1,1,1,1,1,1,1,1,1,1
19,224,77,3,63,94,70,303,14,3245,1420,3,133,57,877,3,44,5,233,60,537 1,1,1,1,1,1,1,1,1,1,1,1,1,1,1,1,1,1,1,1,1
671,130,327,14,44,10,152 1,1,1,1,1,1,1
896,14,44 1,1,1
74,14,15,27123,589,1362,213 1,1,1,1,1,1,1
11,1539,213,57,61 1,1,1,1,1
11,750,3,743,26,93 1,1,1,1,1,1
687,14,1841,5,211 1,1,1,1,1
136,813,57,917 1,1,1,1
216,1700,57,44 1,1,1,1
155,57,91 1,1,1
291,77,14,44 1,1,1,1
50,191,31,190,985,7,6,291,1518 1,1,1,1,1,1,1,1,1
6,1145,14,886 1,1,1,1
92,86,10,111,673,1452,563,2472,5,53,585,1525 1,1,1,1,1,1,1,1,1,1,1,1
39,4,5556,11,1810,49,6,1895,3,274,215,22,135,65,3,236,141,22,135,65,3,2146,171,22,105,3,1384,171,22,1047,3,1782,10717,22,135,65,3,752,1332,501,22,3,7213,231,22,3,1184,1582,22,135,65,3,5,8257,6723,3325,135,65 1,1,1,59,59,59,59,59,1,9,1,1,1,1,1,12,1,1,1,1,1,27,1,1,1,1,1,1,1,1,1,1,1,1,1,1,1,1,1,1,1,1,1,1,1,1,1,1,1,1,1,1,1,1,1,1,1,1
134,74,57,88,664,27,11954,3,395,454,271 1,1,1,1,1,1,1,1,1,1,1
50,272,2922,10,122,5556,82,3983,57,232,5,37,18,14,190,476,5,1466,3,24,224,77,753,1349,35,60 1,1,1,1,1,1,1,1,1,1,1,1,1,1,1,1,1,1,1,1,1,1,1,1,1,1
18,109,31,3623,1267 1,1,1,1,1
50,55,37,24,824,14,2018,42 1,1,1,1,1,1,1,1
112,2630,171,27124,12,235,684,16,103,5,1185,483 1,1,1,1,1,1,1,1,1,1,1,1
1586,641 1,1
1015,844,3,9865,8570,3,229,205,867,43,9865,8570,3,229,607,161,4,603 1,1,1,1,1,1,1,1,1,1,1,1,1,1,1,1,1,1
