67,54,4,27125,528,7382,258,124,684,4,50,38,6,1174,7,122,7527,6964,12,278,89,17,355,7,181,120,76,5,621,260 1,1,1,1,1,1,1,1,1,1,1,1,1,1,1,1,1,1,1,1,1,1,1,1,10,10,10,1,1,1
882,64,27126,7630,3,18,14,15,244,787,335,87,302,522,13,612,341,709,7,4069,1048,71,324,3,106,3,330,120,76,3,5,169,699,1229 1,1,1,1,1,1,1,1,1,1,1,1,1,1,1,1,1,1,1,4,4,4,4,1,7,1,1,1,1,1,1,5,5,5
18,21,11,169,30,7,778,490,3,2117,3,26,817,130,371 1,1,1,1,1,1,1,1,1,1,1,1,1,1,1
223,558,87,183,18,526,62,1011,17,172,7,380,1171,75,43,24,146,20,569 1,1,1,1,1,1,1,1,1,1,1,1,1,1,1,1,1,1,1
18,21,62,899,354,30,110,70,1100,11818,5,53,1434,562,2225,17,75,18,21,68,370,145,198,66,64,7630 1,1,1,1,1,1,1,1,1,1,1,1,1,1,1,1,1,1,1,1,1,1,1,1,1,1
18,21,15,30,7,2391,5663,1233,76,13,3139,82,17,75,18,21,68,96,43,64,7631,5349 1,1,1,1,1,1,1,1,1,1,1,1,1,1,1,1,1,1,1,1,1,1
18,146,37,17,6,80,87,18,21,38,437,19,380,75,2230,3623,4060,186,18,14,527,10,2429,6,755,2645,7,1625,37,18,21,27,163 1,1,1,1,1,1,1,1,1,1,1,1,1,1,1,1,1,1,1,1,1,1,1,1,1,1,1,1,1,1,1,1,1
18,190,226,7,184,606,24,10,488,186,18,299,10,6,1140 1,1,1,1,1,1,1,1,1,1,1,1,1,1,1
18,90,380,48,34,26,1171 1,1,1,1,1,1,1
18,90,739,3,1923,1728,437,3,26,93 1,1,1,1,1,1,1,1,1,1
18,90,1171,3,616,3,418,3,26,611 1,1,1,1,1,1,1,1,1,1
137,18,146,11,116,7,725 1,1,1,1,1,1,1
11,145,288 1,1,1
15,1517,7,85,15,65 1,1,1,1,1,1
7084,19,3097,421,13,11,226,7,184 1,1,1,1,1,1,1,1,1
18,21,98,68,55,10,46,15,589,213,19,356,77 1,1,1,1,1,1,1,1,1,1,1,1,1
62,1132,12,1985,275,621,735,3379,1390,51,242,31,146,173,621,260,3,693,40,20,15,4884,1063,264,43,146 1,1,1,1,1,1,1,1,1,1,1,1,1,1,1,1,1,1,1,1,1,1,1,1,1,1
17,172,7,571,116,18,526,62,6890,75,20,639,17,500,288,2153,3,894,12,63,94,3,288,3045,4354,3,5,1070,448,508,443,309,1961,325 1,1,1,1,1,1,1,1,2,2,2,2,2,2,2,2,2,2,2,2,2,2,2,2,2,2,2,2,2,2,2,2,2,2
80,39,30,4,176,71,324,4,19,818,39,17,539,87,27127,394,412,1970,539,991,183,3,11,1383 1,1,1,1,1,4,4,1,1,1,1,1,1,1,1,1,1,1,1,1,1,1,1,1
27128,178,106,179,19,39,1970,14953,3,606,1041,1237,7,254,3,4668,195,330,120,76 1,1,7,1,1,1,1,1,1,1,1,1,1,1,1,6,1,1,1,1
161,315,53,1434,562,2225,43,64,11955,27129 1,1,1,1,1,1,1,1,1,1
253,216,120,76 1,1,1,1
131,100,281,216,120,2571,3131,1321,27130 1,1,1,1,1,1,1,1,1
346,2391,5663,1233,76,13,3139,82 1,1,1,1,1,1,1,1
96,43,64,7631,5349 1,1,1,1,1
12,1985,20,46,248,34 1,1,1,1,1,1
460,4444,858,70,1423 1,1,1,1,1
110,591,1300,125,87,183,652,1013,2518,7,666,169,164,4,3299,3,4444,1300 1,1,1,1,1,1,1,1,1,1,1,1,1,1,1,1,1,1
1804,4,512,13,1628 1,1,1,1,1
1830,84,10,127,1545,4,11,374,127,33,1105,4,257,81,259,150,30,4,573,38,6329,130,76,3,38,117,735,164 1,1,1,1,1,1,1,1,1,1,1,1,1,1,1,1,1,1,1,1,1,1,1,1,1,1,1,1
583,27,6,440,7,2381,66,698,7,15,798,411,12,6,481,7,419 1,1,1,1,1,1,1,1,1,1,1,1,1,1,1,1,1
661,38,4576,5,583,27,6,440,7,1997,3,541 1,1,1,1,1,1,1,1,1,1,1,1
848,4,3138,5,60 1,1,1,1,1
74,14,11,150,30,7,3741,181,120,76,3,1937,3,26,2117 1,1,1,1,1,1,1,10,10,10,1,1,1,1,1
206,30,4,285,35,5153,4193,15762,17,141,87 1,1,1,1,1,1,1,1,1,1,1
699,4,334,125,87,183 5,5,5,5,5,5
36,1333,17,279,87 5,5,5,5,5
485,4,200,245,13,1037,5,723 1,1,1,1,1,1,1,1
81,7,182,4,11,4019,1111,63,135,3109,26,1366 1,1,1,1,1,1,1,1,1,1,1,1
11,1563,937,1648,3,26,419 1,1,1,1,1,1,1
18,146,128,53,3029,762,1236,13,712,308 1,1,1,1,1,1,1,1,1,1
1307,13,427,17,6,80,175,87 1,1,1,1,1,1,1,1
102,101,4,2793,4,8550,1821,3,504,341,1612,4,2229,1752,2102 1,1,1,1,1,1,1,1,1,1,1,1,1,1,1
156,4,581,3137,4,1713,12 1,1,1,1,1,1,1
2182,4,2589,842 1,1,1,1
1665,197,4,1821,3,787,3,12,11,342,2251,4,11,277 1,1,1,1,1,1,1,1,1,1,1,1,1,1
11,2432 1,1
1877,4,1709,91,3,1239,703 1,1,1,1,1,1,1
473,5,194,3253,1674,4,136,14,332 1,1,1,1,1,1,1,1,1
100,216,1700,57,1441,12,1053,5,2308,12,85,13,584,7,621,213 1,1,1,1,1,1,1,1,1,1,1,1,1,1,1,1
576,14,44,5,1505,27,539,632,8237,13,11,6598,992 1,1,1,1,1,1,1,1,1,1,1,1,1
74,14,11,875,1189,26,879 1,1,1,1,1,1,1
1613,4,131,2320,1065,27,6,649 1,1,1,1,1,1,1,1
11,1116,26,407 1,1,1,1
1502,4,145,3,152,304,3,74,14,15,7137,1761,1263,8044,213,27,6,649,75,584,10,6,216,5,783,6,27131,5,53,4410 1,1,1,1,1,1,1,1,1,1,1,1,1,1,1,1,1,1,1,1,1,1,1,1,1,1,1,1,1,1
6720,14,2294,5,1718,3775,6,1503 1,1,1,1,1,1,1,1
11,1501,3191 1,1,1
1630,109,31,190,2507 1,1,1,1,1
1614,4,152,3,979,3,2045,13,44,326,327 1,1,1,1,1,1,1,1,1,1,1
291,222,225,2120,548 1,1,1,1,1
11,1128 1,1
1595,4,11,750,3,743,26,93 1,1,1,1,1,1,1,1
217,562,133,13,15,53,222 1,1,1,1,1,1,1
217,975,133 1,1,1
365,15763,222,857,477,1370,3175,63,94,12,394,303 1,1,1,1,1,1,1,1,1,1,1,1
2540,4,410,5,642,123,195,44,700,1546,4,27132,658,27133,1743,177,4,44,338,239,27,2229,1815 1,1,1,1,1,1,1,1,1,6,6,6,6,6,6,1,1,1,1,1,1,1,1
53,574,5311,893 1,1,1,1
1129,13,169,66,4530,74,21,68,11,173,84 1,1,1,1,1,1,1,1,1,1,1
1664,95,149,4,1817,54 1,1,1,1,1,1
