67,54,4,27134,103,164,7382,258,124,54,7,594,4,15764,15765,10347,5314,4,6498,2792,4,5801,3,5557,1933,1448,4,11956,3,5349,510,331,4,15766,3,6965,30,7,61,328,1243,6964,14,15,335,87,302,522,13,15,30,7,330,120,76,3,621,260,3,71,3,106,3,287,3,5,181,120,76 1,1,1,1,1,1,1,1,1,1,1,1,1,1,1,1,1,1,1,1,1,1,1,1,1,1,1,1,1,1,1,1,1,1,1,1,1,1,1,1,1,1,1,1,1,1,1,1,1,1,1,1,1,1,1,1,1,1,1,4,1,7,1,15,1,1,10,10,10
17,6,80,87,18,21,38,437,19,380,3,1540,13,15,2645,7,1625 1,1,1,1,1,1,1,1,1,1,1,1,1,1,1,1,1
18,3085,488,27,6,1140,10,427 1,1,1,1,1,1,1,1
18,90,48,34,3,1171,3,739,3,1923,1728,437,3,611,3,26,194,114,93 1,1,1,1,1,1,1,1,1,1,1,1,1,1,1,1,1,1,1
15,95,1132,12,1655,275,62,891,1138,7,1772,42,3,131,1027,1504,3,621,260,13,15,1263,3114,7,27135,3,3082,7,27136,3,5,15,735,548,7,2042,3577,632 1,1,1,1,2,2,2,2,2,2,2,2,2,2,2,2,2,2,2,1,1,1,1,1,1,1,1,1,1,1,1,1,1,1,1,1,1,1
74,57,11,766,759,448,7,6,53,1529 1,1,1,1,1,1,1,1,1,1
15,429,154,12,1655,275,15,988,288,2153,13,15,381,548,7,131,1362,325,5,891,1138,7,1652,42 1,2,2,2,2,2,2,2,2,2,2,2,2,2,2,2,2,2,2,2,2,2,2,2
15,103,593,19,9866,275,215,42,53,1264,260,3,7254,42,53,574,2880,3,180,42,2075,5,215,42,70,181,120,260 2,2,2,2,2,2,2,2,2,2,2,2,2,2,2,2,2,2,2,2,2,2,2,2,2,2,2,2
621,735,548,20,55,27,13686,3577,632 2,2,2,2,2,2,2,2,2
216,3771,264,275,100,11957,42,260 2,2,2,2,2,2,2,2
18,20,510,10,64,5801,17,62,621,735,938,5,181,120,556,466,164 1,1,1,1,1,1,1,1,1,1,1,1,68,68,68,68,68
18,61,89,17,3542,154,5,172 68,68,68,68,68,1,1,1
18,137,55,437,19,380,13,267,2645,7,1625 1,1,1,1,1,1,1,1,1,1,1
18,90,48,34,3,616,3,26,990 1,1,1,1,1,1,1,1,1
934,437,2407,341,709,140,9,948,8,4,27137,2012,9,12,8,4,1594,1095,71,317,4,71,324,317,645,71,179,4,818,1856,2838,347,4,11649,106,209,155,76,4,11,330,120,76,4,725,3,120,354,7374,169,644,993,174,80,3437,30,106,216,76,11957,42,260,100,12,6,1878,100,11,173,260,12,6,1558,216,120 1,1,1,1,1,1,1,1,1,1,1,1,1,1,1,1,1,5,4,4,4,4,4,4,4,4,1,1,1,15,1,1,1,1,7,1,1,1,1,1,1,1,1,1,1,1,1,1,1,1,1,1,1,1,1,1,7,1,1,1,1,1,1,1,1,1,1,1,1,1,1,1,1,1,1
181,120,76,621,735,260,71,324,317,645,287,330,120,27138,76,96,43,64,7630,3769,53,1434,562,2225,13,11958,1662,3,5,5160,562,2225,13,64,11955,4530 10,10,10,1,1,1,4,4,4,4,15,1,1,1,1,1,1,1,1,1,1,1,1,1,1,1,1,1,1,1,1,1,1,1,1,1
3769,2506,1156,7,70,1100,120,13,64,11955,9867,17,1969,3,1169,1064,283,725,71,1082,394,412,604,3139,82,771,2391,5663,1233,76,3,96,43,64,7631,5349,4444,70,1423,3,110,591,1300,125,87,183,1013,666,3299,127,1545,4,11,374,127,168,39,203,9,947,478,8,462,22,25,105,29,488,4,27139,913,215,22,25,105,218,171,22,25,105,29,488,4,27140,613,9,610,1400,8,279,22,25,105,348,945,22,25,69,29,58,298,272,3,175,4482,3,175,298,973,729,9,1212,8,141,22,25,105,5131,1547,9,4810,8,1582,22,25,105,962,9,1118,8,125,22,25,105,1052,9,736,8,125,22,25,105,137,39,200,2838,103,161,3542,1607,5,1356,154,713,7382,258,124,27141,891,1138,1772,42,122,146,12,940 1,1,1,1,1,1,1,1,1,1,1,1,1,1,1,1,1,1,1,1,1,1,1,1,1,1,1,1,1,1,1,1,1,1,1,1,1,1,1,1,1,1,1,1,1,1,1,1,1,1,1,1,1,1,1,1,1,11,1,1,1,1,1,1,1,1,1,1,1,1,28,1,1,1,1,13,1,1,1,1,1,1,1,1,9,1,1,1,1,1,1,1,1,17,1,1,1,1,1,1,1,1,1,1,1,1,1,1,1,20,1,1,1,1,1,1,1,1,1,1,1,1,1,1,1,1,1,1,1,1,1,1,1,1,12,1,1,1,1,1,1,1,1,1,1,1,1,1,1,1,1,1,1,1,1,1,1,1,1,1,1,1,1,1,1,1
904,1541,2433,1136,893,4354,15767,445,146,146,1397,4,27142,146,161,4,603,317,4,103,593,54,4,27143,27144,181,3524,461,4,2199,4,70,53,1264,4,6,53,1264,181,120,14,7,504,3027,3,6077,978,884 1,1,1,1,1,1,1,1,1,1,1,1,1,1,1,1,1,1,1,1,1,1,1,1,1,1,1,1,1,1,1,1,1,1,1,1,1,1,1,1,1,1,1,1,1,1,1,1
92,3844,949,6,309,5,1757,181,120 1,1,1,1,1,1,1,1,1
6,11445,21,15,215,42,260,12,92,4802 1,1,1,1,1,1,1,1,1,1
309,4,6,637,309,21,15,717,7254,42,260 1,1,2,2,2,2,2,2,2,2,2
6,794,309,21,15,215,42,260 1,1,1,1,1,1,1,1
53,2075,4,6,637,2075,21,15,180,42,260 1,1,1,1,1,1,1,1,1,1,1
614,4,6,70,181,120,14,15,2199,884 1,1,1,1,1,1,1,1,1,1
6,637,614,21,15,3599,215,42,260 1,1,1,1,1,1,1,1,1
216,3771,264,146,1397,4,27145,146,161,4,603,317,4,354,264,54,4,27146,9046,339,176,100,131,11957,42,260,7,6,281,216,120 1,1,1,1,1,1,1,1,1,1,1,1,1,1,1,1,1,1,1,1,1,1,1,1,1,1,1,1,1,1,1
178,11,173,260,12,6,1558,216,120,100 1,1,1,1,1,1,1,1,1,1
195,6274,1298,12,394,1903,120 1,1,1,1,1,1,1
206,30,174,55,4,18,245,12,27147,3,1120,13,1037 1,1,1,1,1,1,1,1,1,1,1,1,1
18,21,544,727 1,1,1,1
285,35,5153,4193,15762,17,141,87 1,1,1,1,1,1,1,1
334,238,125,87,183,3,36,1333,17,125,87 5,5,5,5,5,5,5,5,5,5,5
11,485 1,1
90,1113,357,157 1,1,1,1
150,30,174,55,4,27148,130,76,3,38,117,735,164,3,583,27,440,2381,66,698,7,15,798,1748,411,12,481,7,27149,3,583,440,1997,3,27150,3138,5,60 1,1,1,1,1,1,1,1,1,1,1,1,1,1,1,1,1,1,1,1,1,1,1,1,1,1,1,1,1,1,1,1,1,1,1,1,1,1
18,21,71 1,1,4
81,7,182,227,4,90,555,3,1371,994,3,3689,3,535,1475 1,1,1,1,1,1,1,1,1,1,1,1,1,1,1
103,4,122,282,1844,4,90,263,3,1753 1,1,1,1,1,1,1,1,1,1
361,4,90,300,3,375,3,446,3,648,3,1366,3,2841,3,130,1414 1,1,1,1,1,1,1,1,1,1,1,1,1,1,1,1,1
1309,4,90,1235 1,1,1,1
21,796,3,1206,3,1408,3,1837 1,1,1,1,1,1,1,1
352,4,90,616,3,611,3,30,7,419,26,1524,3,697 1,1,1,1,1,1,1,1,1,1,1,1,1,1
7261,4,90,1013,3,3161,3,95,822 1,1,1,1,1,1,1,1,1
14563,4,90,494,3,2927,1368 1,1,1,1,1,1,1
102,77,148,9,70,303,8,4,27151,148,9,53,303,8,4,27152,133,4,1437,44,338,239,1035,42,658,1207,2833,207,4,787,428,2034,2361,3,60,387,3,11,199,342,227,4,1055,877,1554,5,1115,10,691,3,10545,656,204,3,1239,703,2716,4,296,473,5,194,3253 1,1,6,6,6,6,6,6,6,6,6,6,6,6,6,6,1,1,1,1,1,1,1,1,1,1,1,1,1,1,1,1,1,1,1,1,1,1,1,1,1,1,1,1,1,1,1,1,1,1,1,1,1,1,1,1,1,1,1,1,1,1,1
11,432,55 1,1,1
136,4,332,3,11,1161,715,1453,3,11,908,103,4,145,156,5,239,3,2463,589,213,1718,27,15768,3,502,26,9868,1213,4,91,10,463,11,876,26,407,196,4,617,3,683,3,11,1368,26,277,356,1039,66,24,4444,19,70,1423,5,2776,540 1,1,1,1,1,1,1,1,1,1,1,1,1,1,1,1,1,1,1,1,1,1,1,1,1,1,1,1,1,1,1,1,1,1,1,1,1,1,1,1,1,1,1,1,1,1,1,1,1,1,1,1,1,1,1,1,1,1
214,4,152,3,979,3,329,326,327,3,3640,326,327,779,4,1084,77,1493,352,4,410,5,642,1200,3,1411,1093,1544,204,29,628,5,511,877,12,473,5,194,114,100,29,3678,700,5,1127 1,1,1,1,1,1,1,1,1,1,1,1,1,1,1,1,1,1,1,1,1,1,1,1,1,1,1,1,1,1,1,1,1,1,1,1,1,1,1,1,1,1,1,1,1
13167,944,77,27153,114,4,11,93,2210,813,4,11,2915,221,133,9,100,8,216,4,217,1459,4,217,3175,217,2835,433,1100,433,315,1591,217,562,4,217,2367,2245,4,217,222,9,100,8,562,4,200,857,216,4,200,857,48,738,7382,258,124,27154,211,1248,10865,1991,55,330,12,394,155,5,2826,27,394,155,649,3,543,13,845,131,350,2205,9,10878,1780,8 1,1,1,1,1,1,1,1,1,1,1,1,1,1,1,1,1,1,1,1,1,1,1,1,1,1,1,1,1,1,1,1,1,1,1,1,1,1,1,1,1,1,1,1,1,1,1,1,1,1,1,1,1,1,1,1,1,1,1,1,1,1,1,1,1,1,1,1,1,1,1,1,1,1,1,1,1,1,1,1,1,1,1,1
11,202,7,854,26,350,93 1,1,1,1,1,1,1
372,95,149,9,159,168,8,147,5,104,36,4,621,260,5,181,120,76,104,2500,5,181,120,556,466,13,64,5801,19,27155,27156,445,9866,27157,5,1132,12,940,58,4,4380,15148,4607,117,4,2760,101,5166,296,473,5,194,3253 1,1,1,1,1,1,1,1,1,1,1,1,1,1,1,10,10,10,1,1,1,68,68,68,68,1,1,1,1,1,1,1,1,1,1,1,1,1,1,1,1,1,1,1,1,1,1,1,1,1,1,1,1
210,4,3661,813,3099,492 1,1,1,1,1,1
12,940 1,1
108,4,2838,483,3947,218,1897,552,169,10,164 1,1,1,1,1,13,1,1,1,1,1
659,252,175,113,169 1,1,1,1,1
86,613,11959,4,401,15769,4,401,5941,4,44,338,239,13,2433,1136,893,4354,7180,4,211,1248,10865,1991,55,330,12,394,155,5,2826,27,394,155,649,3,543,13,845,131,350,2205,9,10878,1780,8 1,9,1,1,1,1,1,1,1,1,1,1,1,1,1,1,1,1,1,1,1,1,1,1,1,1,1,1,1,1,1,1,1,1,1,1,1,1,1,1,1,1,1,1,1,1
11,202,7,854,26,350,93 1,1,1,1,1,1,1
1240,64,5801,63,6092,4,401,7619,4,401,27158,1571,138 1,1,1,1,1,1,1,1,1,1,1,1,1
320,4,71,324,317,645,3947,348,1897,552,169,10,164,539,4,1240,2448,103,591,2448,564,66,64,5801,27159,3,12,940,1901,1776,5,2448,401,205,43,27160,10339,19,15764,15765 1,1,4,4,4,4,1,17,1,1,1,1,1,1,1,1,1,1,1,1,1,1,1,1,1,1,1,1,1,1,1,1,1,1,1,1,1,1,1,1
