67,54,4,27161,103,164,7382,258,124,2992,55,4,208,180,3,3341,684,4,7527,6964,27162,47,27163,50,38,6,1174,7,122,7527,5,24,491,12,808,668,89,139,24,621,735,938,13,15,1352,643,27164,9869,3,621,2908,985,3,5,13330,181,556,466,13,15,2285,10,6,309,5,15,2210,813,10,6,789,53,692,1528 1,1,1,1,1,1,1,1,1,1,1,1,1,1,1,1,1,1,1,1,1,1,1,1,1,1,1,1,1,1,1,1,1,1,1,1,1,1,1,3,3,3,3,3,3,3,3,3,3,3,3,3,3,3,3,3,3,3,3,3,3,3,3,3,3,3,3,3,3,3,3,3,3,3
35,360,731,3,18,14,15,9317,428,13,15,30,7,330,120,76,3,621,260,3,71,3,106,3,287,3,5,181,120,76,121,21,38,626,437,19,380,1540,13,321,115,949,24,1422,75,14,279,1625 1,1,1,1,1,1,1,1,1,1,1,1,1,1,1,1,1,1,1,1,4,1,7,1,15,1,1,10,10,10,1,1,1,1,1,1,1,1,1,1,1,1,1,1,1,1,1,1
119,242,24,164,3,5,18,38,15,244,4208,1841,438 1,1,1,1,1,1,1,1,1,1,1,1,1
18,20,261,163,19,1841,65,3774,5,21,86,10,810,626 1,1,1,1,1,1,1,1,1,1,1,1,1,1
18,14,321,1231,65 1,1,1,1,1
24,39,158,108,22,7,729,3,279,22,7,3539,3,125,22,7,736,5,62,203,5,24,5131 1,1,1,1,1,1,20,1,1,1,1,9,9,1,1,1,12,1,1,11,1,1,1
18,21,11,234,7,34 1,1,1,1,1,1
18,14,724,60 1,1,1,1
18,14,391,60 1,1,1,1
24,1615,46,1064,3470 1,1,1,1,1
24,4814,14,211,3,5,18,21,11,213 1,1,1,1,1,1,1,1,1,1
1057,3,50,272,114,395,13,24,626 1,1,1,1,1,1,1,1,1
50,933,24,10,508,10,360,37,18,20,1751,12,103,977,75,18,546,52,449,10,126,12,6,441,113,26,267 1,1,1,1,1,1,1,1,1,1,1,1,1,1,1,1,1,1,1,1,1,1,1,1,1,1,1
941,360,470,681,17,6,10249,7,198,17,24 1,1,1,1,1,1,1,1,1,1,1
5557,5801,3,107 1,1,1,1
426,4,6965,27165,15766,3,107 1,1,1,1,1,1,1
5349,3459,11956,3,107 1,1,1,1,1
2687,43,4,1102,59,27166,205,867,43,5557,1159,5801,3,229,607,161,4,603 1,1,1,1,1,1,1,1,1,1,1,1,1,1,1,1,1,1
