67,54,4,27203,2259,112,382,379,498,13,212,3,494 1,1,1,1,1,1,1,1,1,1,10,1,1
1123,124,477,50,20,2492,19,5415,13,109,5,445,111,3904,212 1,1,1,1,1,1,1,1,1,2,2,2,2,2,10
38,2564,7,23,614,5,20,1698,17,984,494 3,3,3,3,3,1,1,1,1,1,1
190,602,4381 1,1,1
92,21,68,1063,10,1567,15,838 1,1,1,1,1,1,1,1
55,10,46,128,1975,51,31,1557,507,10,494 1,1,1,1,1,1,1,1,1,1,1
21,128,266,188,34,584,949,23,1423,186,16,321,244,2170 1,1,1,1,1,1,1,1,1,1,1,1,1,1
23,551,14,479,223,6,1432,7,541,16,20,728,5,64,27204,27,6,8205,9749,21,890,15,2933,406,7,36,4368 1,1,1,1,1,1,1,1,1,1,1,1,1,1,1,1,1,1,1,1,1,1,1,1,1,1,1
1474,39,1474,203,901,25,32,2424,25,218,289,2604,9,4162,1400,8,515,25,1230,167 1,1,1,11,1,1,1,21,1,13,1,1,1,1,1,1,1,1,1,1
2454,707,3296,25,32,236,1406,127,4,200 20,1,1,1,1,12,26,1,1,1
150,30,4,2101 1,1,1,1
206,30,4,920 1,1,1,1
919 1
11,1711 14,14
579,188,34 1,1,1
1423,2292 1,1
590 1
427,7,579,14,72 1,1,1,1,1
545,981,602,590 1,1,1,1
6555,8335,335,3213,3213,227,4,665,11,2662,2036 1,6,1,1,1,1,1,1,1,1,1
155,4,91,720,4,3213,3213 1,1,1,1,1,1,1
11,3195,213,26,561 1,1,1,1,1
362,4,280 1,1,1
1169,246 1,1
531,4,11,93 1,1,1,1
565,1032,133 1,1,1
1474,147,1474,494,119,160,10,285,40,115,3066,35,23,824,894,268 1,1,1,1,1,1,1,1,1,1,1,1,1,1,1,1
16,21,15,209,403,7,131,494,12,6,80 1,1,1,1,1,1,1,1,1,1,1
1025,2128,594,14,6136,27,40,802 1,1,1,1,1,1,1,1
510,10,6,11962 1,1,1,1
106,21,38,128,263 1,1,1,1,1
41,1668,188,10,1262 79,79,79,79,79
71,9,96,27,11963,8,1606,62,398,7,9871,86,2875,5,2424 1,1,1,1,1,1,1,1,1,1,1,1,1,1,21
623,399,211 1,1,1
541,11964,6,1511,7,1107,406,19,541 1,1,1,1,1,1,1,1,1
27205,34,1019,1044,260 1,1,1,1,1
237,31,15775,164 1,1,1,1
1924,41,144,177,89 1,1,1,1,1
40,21,68,11965,12,6,80 1,1,1,1,1,1,1
212,191,60,139,1156 10,1,1,1,1
1457,4,625,1036,177,12,6,668,111,201,10,52,12,1924,27,1995,13,9380,5,292,804,448 1,1,1,1,1,1,1,1,1,1,1,1,1,1,1,1,1,1,1,1,1,1
119,41,160,10,11026,23,361,2351,470,119,368,126,1557 1,1,1,1,1,1,1,1,1,1,1,1,1
497,11008,3,9624,3398,3,107 1,1,1,1,1,1,1
