67,54,4,27221,15777,1002,39,599,1483,15778,1073,11966,3,1265,11967,3,229,15779,15780,9,10421,8,15781,9874,30,7,61,328,4,40,14,62,1789,28,3,1490,3,13,374,71,5,181,120,76,3,75,21,606,849,7,15,2134 1,1,1,1,1,1,1,1,1,1,1,1,1,1,1,1,1,1,1,1,1,1,1,1,1,1,1,1,1,1,1,1,1,1,1,1,1,1,1,4,1,10,10,10,10,1,1,1,1,1,1,1
50,99,749,23,63,366,5,92,20,8481,5,23,398,12,1519,20,652,470,3,50,38,201,188,89,10,235,71,355,5,98,81,23,207,436,12,1892,7,23,71,5,23,174,39 1,1,1,1,1,1,1,1,1,1,1,1,1,1,1,1,1,1,1,1,1,1,1,1,1,1,1,1,1,1,1,1,1,1,1,1,1,1,4,1,1,1,1
119,1031,225,23,39,10,126,13,5,16,14,49,1485,4022,35,92,20,4248,12,6,4644 1,1,1,1,1,1,1,1,1,1,1,1,1,1,1,1,1,1,1,1,1
571,158,274,279,3,2424,141,956,15,65,3,2875,1288,3,236,171,15,65,3,289,171,15,65,3,5,2454,707,335,22,651,3,5,452 1,1,9,1,1,21,1,1,1,1,1,33,1,1,12,1,1,1,1,1,1,1,1,1,1,20,1,1,1,1,1,1,1
16,14,96,43,64,27222,9872,17,23,103,147,5,43,15,27223,27,6,11963,17,355,23,71 1,1,1,1,1,1,1,1,1,1,1,1,1,1,1,1,1,1,1,1,1,4
16,38,11,174,234 1,1,1,1,1
23,326,656,57,145 1,1,1,1,1
16,464,21,1408,1200,5,20,95,221,43,15,4269,121,537,74,20,11,160,17,88,993 1,1,1,1,1,1,1,1,1,1,1,1,1,1,1,1,1,1,1,1,1
16,376,20,12,232,3983,5,21,11,1442,234 1,1,1,1,1,1,1,1,1,1,1
23,206,2345,3,23,127,5,5,23,150,30,5,80,39,30,3,57,1057,35,356,67 1,1,1,1,1,1,1,1,1,1,1,1,1,1,1,1,1,1,1,1,1
74,57,11,174,2646,461,12,6,81,7,182 1,1,1,1,1,1,1,1,1,1,1
102,101,4,23,63,94,20,6137 1,1,1,6,6,6,6,6
16,981,60 1,1,1
50,242,31,1370,23,140 1,1,1,1,1,1
23,130,156,20,963,27224,23,1055,57,877,5,1115,10,691,5,1955,656,143,296 1,1,1,1,1,1,1,1,1,1,1,1,1,1,1,1,1,1,1
1561,1313,7,6,1431,5,1439,143,44 1,1,1,1,1,1,1,1,1
155,143,91,10,1051,5,463 1,1,1,1,1,1,1
103,77,111,145,338,239,3,15,44,310,5,11,173,213 1,1,1,1,1,1,1,1,1,1,1,1,1,1
1012,5,3033,143,31,777 1,1,1,1,1,1
16,38,344,433,330,93,75,14,602,306,712 1,1,1,1,1,1,1,1,1,1,1
192,5,104,4,16,753,211,3,50,704,6,6740,147,14,9875,7,71,5,50,46,773,201,10,299,15,733,398,5,10,1370,23,63,366,186,16,299,115,12,6,495,5,12,6,2441,397,16,21,2204 1,1,1,1,1,1,1,1,1,1,1,1,1,1,1,1,4,1,1,1,1,1,1,1,1,1,1,1,1,1,1,1,1,1,1,1,1,1,1,1,1,1,1,1,1,1,1,1
16,41,468,188,10,122,271,12,223,15,129,82,85,10,96,115,19,571,483 1,1,1,1,1,1,1,1,1,1,1,1,1,1,1,1,1,1,1
212,14,211,13,2134,560,398,14,2811,3,333,14,467,10,6336,3,4112,1958,3,347,211,27,1537,3,653,27225,372,166,494,7,209,328,51,160,10,144,1787,5,554,497,8243,3641,3,229,104,1347,554,1553,3,144,1054,134,31,359,95,3,27226,1787 10,1,1,1,1,16,16,16,16,1,1,1,1,1,1,1,1,1,1,1,1,1,1,1,1,1,1,1,1,1,1,1,1,1,1,1,1,1,1,1,1,1,1,1,1,1,1,1,1,1,1,1,1,1,1,1,1,1
533,43,4,8243,3641,746,27227,3667,2449,806,4,9874,825,4,9874,843,4,9874 1,1,1,1,1,1,1,1,1,1,1,1,1,1,1,1,1,1
