67,54,4,27228,2881,2780,318,1141,112,112,54,4,15784,6,28,20,221,5,101,12,6,318,499,19,15784 1,1,1,1,1,1,1,1,1,1,1,1,1,1,1,1,1,1,1,1,1,1,1,1,1
6,28,20,221,13,64,27229 1,1,1,1,1,1,1
50,46,235,355,13,6,385,331,3,81,6,39,67 1,1,1,1,1,1,1,1,1,1,1,1,1
61,234,4,284,697 1,1,1,1,1
30,7,61,234,4,40,14,15,3761,767,121,20,1500,12,139,46,62,255,7,52,3984,3,135,23,551 1,1,1,1,1,1,1,1,1,1,1,1,1,1,1,1,1,1,1,1,1,1,1,1,1
16,753,10,46,23,412,5667,188,12,23,413 1,1,1,1,1,1,1,1,1,1,1
74,20,11,2173,7565,656 1,1,1,1,1,1
23,551,422,6,1488,37,16,38,697,12,6,80,600,18,109,31,731,134,40,20,15,697 1,1,1,1,1,1,1,1,1,1,1,1,1,1,1,1,1,1,1,1,1,1
28,90,48,34,3,226,7,184,3,26,291,34 1,1,1,1,1,1,1,1,1,1,1,1
11,30,7,1297 1,1,1,1
81,7,182,4,28,90,249,26,459,3,376,3,72 1,1,1,1,1,1,1,1,1,1,1,1,1
80,39,30,4,71,3,619,3,697,935 1,1,1,1,4,1,3,1,1,1
206,30,5,150,30,4,28,14,15,80,1095 1,1,1,1,1,1,5,5,5,5,5
102,101,4,207,4,28,14,1250,3,980,3,410,51,31,642,10,54,3,12,11,199,342 1,1,1,1,1,1,1,1,1,1,1,1,1,1,1,1,1,1,1,1,1,1
227,4,1172,3,1121 1,1,1,1,1
48,4,91 1,1,1
130,4,145,156 1,1,1,1
214,4,152,3,396 1,1,1,1,1
114,4,396 1,1,1
457,172,4,696,785,3878,3,824,6671,3,347,2416,3,897,27230,177,111,1263,1552,574,3,1552,57,1263,1129,10,302 1,1,1,1,1,1,1,1,1,1,1,1,1,1,1,1,1,1,1,1,1,1,1,1,1,1,1
340,1598,12,230,4,40,767,38,15,611,255,75,208,1282,697,308 1,1,1,1,1,1,1,1,1,1,1,1,1,1,1,1
98,3,13,23,177,84,3,104,14,17,124,168,17,2479,3,17,1642,3,5,41,98,299,273,278 1,1,1,1,1,1,1,1,1,1,1,1,1,1,1,1,1,1,1,1,1,1,1,1
278,9,158,451,8,4,273 1,1,1,1,1,1,1
603,505,4,566,9,158,534,748,261,8,4,6,28,14,12,211,534 1,1,1,1,1,1,1,1,1,1,1,1,1,1,1,1,1
1218,27231,4534,15785,3,107 1,1,1,1,1,1
15786,27232,27233,533,43,4,4534,15785,3,107 1,1,1,1,1,1,1,1,1,1
15786,250,31,81,43,262,331,250 1,1,1,1,1,1,1,1
