67,54,4,27773,28,414,4,5615,3,1931,542,4,15941,162,54,4,15944,89,82,54,4,15944,1205,262,4,64,3793,6409,153,820,1191,55,282,4,1188,379,832,256,142,3,151,3,4058,3,132,1205,19,821,3,95,168,12,4369,1635,27774,139,61,13,5944,103,1843,3,438,2234,386,371,606,6851,5,4484,3,417,19,821,405,37,168,3,12034,10,12035,124,27775,3,688,66,4705,17,249,9,292,10,2327,19,27776,8,5,336,5,63,587,269,17,1620,72,5545,17,268,355 1,1,1,1,1,1,1,1,1,1,1,1,1,1,1,1,1,1,1,1,1,1,1,1,1,1,1,1,1,1,1,1,1,1,1,1,1,1,7,1,4,4,1,1,1,1,1,1,1,1,1,1,1,1,1,1,1,1,3,3,3,1,1,1,1,1,1,1,1,1,1,1,1,1,1,1,1,1,1,1,1,1,1,1,1,1,1,1,1,1,1,1,1,1,1,1,1,1,1,1,1,1,1,1,1,1,1,1,1
20,138,19,12036,4907,5,2404,3,3351,27,821 1,1,1,1,1,1,1,1,1,1,1
15945,1489,4163,169,10,688 1,1,1,1,1,1
329,1268,446,17,170,65 1,1,1,1,1,1
11,95,529,3,307,3,300,3,375 1,1,1,1,1,1,1,1,1
329,1166,263,3,27777,34 1,1,1,1,1,1
356,10,1135,168,3,28,38,2884,1195,210,13,819,12,27778,3,387,12029,153,371,5,417,19,821,13,11,202,7,153,2590 1,1,1,1,1,1,1,1,1,1,1,1,1,1,1,1,1,1,1,1,1,1,1,1,1,1,1,1,1
39,30,4,1205,19,821,110,5944,1843,12030,386,371,110,6851,4484,2625,4058,142,212,151,494,2358,3483,329,39,4,1812,1675,892,613,799,305,165,4907,2576,69,9,126,27779,8,2404,846,2077,9,126,12036,8,3053,8530,1392,911,950,672,69,676,3577,2322,1835,2286,5945,2708,799,5945,452,1126,13513,167,9236,1862,4908,127,4,1163,33,7646,3,9903,33,494,3,1919,33,474,206,30,4,11,541,3,238,3,357 1,1,1,1,1,1,3,3,3,3,1,1,1,1,1,1,1,7,10,4,1,1,1,1,1,1,20,1,1,9,1,1,8,1,1,1,1,1,1,1,1,1,1,1,1,1,1,1,1,1,1,1,1,1,1,1,1,1,1,1,1,1,1,1,1,1,1,1,1,1,1,1,1,1,1,1,1,1,1,1,1,1,1,1,1,1,14,14,14,14,1,1
137,27,12035,150,30,4,3357,81,7,182,4,2646,269,12,282 1,1,1,1,1,1,1,1,1,1,1,1,1,1,1
182,376,72,12,402 1,1,1,1,1
102,77,4,316,4,292,7109,523,3633,27780,207,4,1250,3,980,3,449,10,2730,664,999,227,4,136,332,3,329,6851,2609,644,4,1108,239,3,304,3,310,48,4,1304,362,4,27781,3,152,3,979,188,4,11,690,246,531,4,565,93,902,4,15946,2017,821,1489,149,4,434,705,592,869,769,7647,1840,1888,853,1651,6410,2152,1853,9,47,8,257,36,259,1035,1651,434,392,888,1680,870,7647,2690,9,294,8,15947,9,294,8,996,257,58,259,4242,6410,2136,9,294,47,8,10575,9,294,47,8,558,257,117,259,2909,9,294,8,434,399,1179,22,1077,7647,2931,2282,9,294,8,2394,6410,2714,122,402,257,210,259,2679,9,47,8,257,108,259,1160,434,1506,1388,1938,6410,3116,1880,1880,434,1565,1527,1566,1077,6410,625,125,1247,1160,434,349,734,560,333,7647,27782,15948,9,294,8,4961,9,294,8,5401,9,294,8,6410,27783,27784,9,294,8,4961,9,294,8,6526,9,294,8,434,653,786,823,536,7647,27785,5178,4680,13148,6410,27786,6604,9,47,8,5021,9,294,8,4256,9,47,8,434,79,1074,1067,7647,10616,9,294,8,1932,9,294,8,5638,6410,12037,9,294,47,8,1932,9,294,8,4855,506,12036,4,11,199,3517,1178,9511,4,1188,87,302,832,212,110,5944,1843,15949,3,132,1205,19,821,3,151,3,386,371,110,27787,3,162,13,1620,72,3148 1,1,1,1,1,1,1,1,1,6,1,1,1,1,1,1,1,1,1,1,1,1,1,1,1,1,1,1,1,1,1,1,1,1,1,1,1,1,1,1,1,1,1,1,1,1,1,1,1,1,1,1,1,1,1,1,1,1,1,1,1,1,1,1,1,1,1,1,1,1,1,1,1,1,1,1,1,1,1,1,1,1,1,1,1,1,1,1,1,1,1,1,1,1,1,1,1,1,1,1,1,1,1,1,1,1,1,1,1,1,1,1,1,1,1,1,1,1,1,1,1,1,1,1,1,1,1,1,1,1,1,1,1,1,1,1,1,1,1,1,1,1,1,1,1,1,1,1,1,1,1,1,1,1,1,1,1,1,1,1,1,1,1,1,1,1,1,1,1,1,1,1,1,1,1,1,1,1,1,1,1,1,1,1,1,1,1,1,1,1,1,1,1,1,1,1,1,1,1,1,1,1,1,1,1,1,1,1,1,1,1,1,1,1,1,1,1,1,1,1,1,1,1,1,1,1,1,1,1,1,1,1,1,1,1,1,1,1,1,1,1,1,1,1,1,1,1,1,1,1,1,1,1,1,1,1,1,1,1,1,1,1,1,10,3,3,3,1,1,1,1,1,1,1,4,4,1,1,1,1,1,1,1,1,1,1
176,404,17,168,4,1620,72,3148,3,249,5043,115,63,587,27788,12035,17,9904,5,2047,7,63,587,27789,17,132,4,3995,3,7861,3,2689,2752,144,1433,444,27,1182,7,821,1560 1,1,1,1,1,1,1,1,1,1,1,1,1,1,1,1,1,1,1,1,1,1,1,1,1,1,1,1,1,1,1,1,1,1,1,1,1,1,1,1,1
27790,278,17,1224,13,999,907,2446,3130,554,264,3,336,587,178,1205,19,821,15950,27791,11795,4,15946,2017,1489,2752,3279,63,587,868,2017,1489,1560,27,27792,934,137,211,195,494,4,2986,6723,189,13,821,1560 1,1,1,1,1,1,1,1,1,1,1,1,1,1,1,1,1,1,1,1,1,1,1,1,1,1,1,1,1,1,1,1,1,1,1,1,1,1,1,1,1,1,1,1,1,1,1
41,144,1054,264,253,6213,1817,4,86,3053 1,1,1,1,1,1,1,1,1,1
2752,144,2984,444,1560,27,821,346,1335,4,86,9236,4908,15951,15952,3,229,3,153,1191,153,1933,2227,79,221,5,101,5,30,81,12,402 1,1,1,1,1,1,1,1,1,1,1,1,1,1,1,1,1,1,1,1,1,1,1,1,1,1,1,1,1,1,1,1
1401,235,27,3027,13,64,15952,5,50,740,13,24,55,66,89,9,270,8 1,1,1,1,1,1,1,1,1,1,1,1,1,1,1,1,1,1
41,1717,13,249,1168,5,41,6109,1560 1,1,1,1,1,1,1,1,1
5028,3793,2817,6409,3,229 1,1,1,1,1,1
