67,54,4,27755,153,1191,278,55,28,4,5615,3,1931,189,47,4,15941,162,54,4,12030,262,4,64,12031,27756,1085,4,55,404,17,278,4,199,19,209,153,371,282,4,1188,1446,498,13,674,7,1195,247,2884,3,142,3,212,3,4058,3,151,3,121,20,162,10,6,1635,19,7562,139,62,255,7,1871,5,5944,1843,27,163 1,1,1,1,1,1,1,1,1,1,1,1,1,1,1,1,1,1,1,1,1,1,1,1,1,1,1,1,1,1,1,1,1,1,1,1,1,1,1,1,1,1,1,1,1,1,1,1,1,1,7,1,10,1,1,1,4,1,1,1,1,1,1,1,1,1,1,1,1,1,1,1,1,1,1,1
79,20,514,43,23,551,1023,10,52,640,7,170,48,34,5,307 1,1,1,1,1,1,1,1,1,1,1,1,1,1,1,1
18,454,1766 1,1,1
748,953,7,1766,3,79,20,12,386,342,5,4673,13,15,523,12,6,8080 1,1,1,1,1,1,1,1,1,1,1,1,1,1,1,1,1,1
16,20,2016 1,1,1
16,866,1749,27757,5,14609,5,20,726,17,223,141,435,13,117,1554,7,11360,5,8770,397,16,4758,23,133 1,1,1,1,1,1,1,1,1,1,1,1,1,1,1,1,1,1,1,1,1,1,1,1,1
12,6,230,3,23,148,20,27758,5,16,20,126,19,15,2493,2513 1,1,1,1,1,1,1,1,1,1,1,1,1,1,1,1
16,20,55,10,46,63,12,23,13031,1862 1,1,1,1,1,1,1,1,1,1
506,111,100,3791,1984,543,13,350,93 1,1,1,1,1,1,1,1,1
48,241,111,311,3414,822,13,1983,1647,5,100,4756,997,792,13,4219,2413,701,2622 1,1,1,1,1,1,1,1,1,1,1,1,1,1,1,1,1,1,1
19,168,3,79,78,47,966,29,73,392,5,347,143,2470,5,15942,3,2519 1,1,1,1,1,1,1,1,1,1,1,1,1,1,1,1,1,1
16,20,126,19,15,289,2513,17,2192,97,15,232,922 1,1,1,1,1,1,1,1,1,1,1,1,1
23,819,126,10,2405,4,2953,78,47,1947,29,3156,78,47,1947,29,3453,78,47,1947,29,27759,78,47,1947,29,3940,78,47,1947,29,14557,23,336,2284,86,10,52,500,3,5,153,278,20,454 1,1,1,1,1,1,1,1,1,1,1,1,1,1,1,1,1,1,1,1,1,1,1,1,1,1,1,1,1,1,1,1,1,1,1,1,1,1,1,1,1,1,1,1,1
39,30,4,1195,247,2884,2625,4058,142,212,151,494,812,3017,39,4,12032,2513,9885,2513,4647,2513,676,3372,189,2322,1723,3120,247,15943,2689,3120,247,2322,252,901,105,6705,378,247,105,950,672,69,1126,167,5142,167,3652,11498,69,123,210,228,127,4,790,206,30,4,699,78,47,383,29,90,485,78,47,383,29,90,1113,78,47,383,29,90,245,13,551,5,210,727,102,77,4,316,4,292,27760,3,133,1713,3,148,6748,3,4595,929,3207,4,1392,856,123,1327,816,171,42,816,27761,13783,4,27762,814,4,2016,5,3098,227,4,1121,136,4,70,5721,1935,1334 1,1,1,1,1,1,1,1,7,10,4,1,1,1,1,1,1,1,1,1,1,1,1,1,1,1,1,1,1,1,1,1,1,1,11,1,1,1,1,1,1,1,1,1,1,1,1,1,1,1,1,1,1,1,1,1,1,1,1,1,14,14,14,14,14,14,1,1,1,1,1,1,1,1,1,1,1,1,1,1,1,1,1,1,1,1,1,1,1,1,1,1,1,1,1,1,1,1,1,1,1,1,1,1,1,1,1,1,1,1,1,1,1,1,1,1,1,1,1,1,1,1,1,1,1,1,1,1
130,4,455,3,1270,44,3,11,1099,155,4,4399,3207,184,327,362,4,152,3,952,3,1465,531,4,565,93,196,4,11,277,352,4,775,10,192,149,295,4,836,4,349,3328,3,560,3358,3,4596,27763,27764,4,705,1952,3,592,2807,3,869,2293,3,5045,581,3,392,1106,3,819,2811,3,345,2375,399,3358,3,22,2394,2621,4,905,1715,3,1067,5994,4376,4,11361,816,1958,816,5118,1836,4,3785,3,2639,2482,3,217,5297,3,433,63,3,856,3951,2567,3,320,734,3,539,349,339,4,1188,1446,498,13,1195,247,2884,3,151,3,142,3,212,3,110,1871,5,5944,1843,3,132,2016,13,27765,199,19,209,153,371 1,1,1,1,1,1,1,1,1,1,1,1,1,1,1,1,1,1,1,1,1,1,1,1,1,1,1,1,1,1,1,1,1,1,1,1,1,1,1,1,1,1,1,1,1,1,1,1,1,1,1,1,1,1,1,1,1,1,1,1,1,1,1,1,1,1,1,1,1,1,1,1,1,1,1,1,1,1,1,1,1,1,1,1,1,1,1,1,1,1,1,1,1,1,1,1,1,1,1,1,1,1,1,1,1,1,1,1,1,1,1,1,1,1,1,1,1,1,1,1,1,4,1,7,1,10,1,1,1,1,1,1,1,1,1,1,1,1,1,1,1,1
921,372,166,1086,103,1843,13,1440,295,12,937,6860 1,1,1,1,1,1,1,1,1,1,1,1
138,23,2867,5,27766,12,6,3157,7,27767,3,119,41,126,6,79,19,8914,89 1,1,1,1,1,1,1,1,1,1,1,1,1,1,1,1,1,1,1
134,23,148,572,92,3,16,208,52,449,10,2743,225,10,855,821,2104 1,1,1,1,1,1,1,1,1,1,1,1,1,1,1,1,1
176,41,469,70,562,813,2499,1489 1,1,1,1,1,1,1,1
178,126,4474,8914,27768,13,27769,7,27770,35,148,572,195,50,41,101,23,798,4243 1,1,1,1,1,1,1,1,1,1,1,1,1,1,1,1,1,1,1
253,395,144,336,705,3,1800,2061,3,486,961,3,347 1,1,1,1,1,1,1,1,1,1,1,1,1
346,395,890,153,1186 1,1,1,1,1
460,153,228,233,39,17,8914 1,1,1,1,1,1,1
3042,6231,3459,12033,3,229,27771,124,153,1191,710,27772 1,1,1,1,1,1,1,1,1,1,1,1
