67,54,4,27897,354,27898,499,591,168,55,28,4,3955,3,4534,1159,542,4,15967,54,4,27899,426,4,3173,70,322,5,626,725,282,4,6,28,14,15,1232,379,358,13,15,30,7,212,3,881,110,70,562,10,270,384,1100,556,13,3727,9,12053,8,121,61,10,6,230,13,70,322,34 1,1,1,1,1,1,1,1,1,1,1,1,1,1,1,1,1,1,1,1,1,1,1,1,1,1,1,1,1,1,1,1,1,1,1,1,1,1,1,1,1,1,1,10,1,1,1,1,1,1,1,1,1,1,1,1,1,1,1,1,1,1,1,1,1,1,1,1
6,28,21,387,626,187,1346,34,225,6,80,58,129,3,75,21,1639,984,225,6,80,141,65 1,1,1,1,1,1,1,1,1,1,1,1,1,1,1,1,1,1,1,1,1,1,1
16,14,775,10,321,312,306,15,1814,893,97,1790,34,12,23,1346 1,1,1,1,1,1,1,1,1,1,1,1,1,1,1,1
517,7,23,356,556,164,5,137,234,3,16,526,354,264,89,722,2528,2989,76,12,6,1378,3,13,1194,988,1298,868,6,187,466 1,1,1,3,3,3,1,1,1,1,1,1,1,1,1,1,1,1,1,1,1,1,1,1,1,1,1,1,1,1,1
6,15990,1514,20,31,449,10,52,2721,19,6,187,3,5,20,11915,19,6,1330,16,14,137,49,252,462,22,25,105,3,51,11,423,26,452 1,1,1,1,1,1,1,1,1,1,1,1,1,1,1,1,1,1,1,1,1,1,1,11,1,1,1,1,1,1,1,1,1,1
225,6,80,113,3,6,28,146,37,23,34,21,1639,312,170 1,1,1,1,1,1,1,1,1,1,1,1,1,1,1
16,21,376,537,60,5,12,23,44,258,7,436,3,5,90,3986,3,48,34,3,226,7,184,3,5,233,174,116 1,1,1,1,1,1,1,1,1,1,1,1,1,1,1,1,1,1,1,1,1,1,1,1,1,1,1,1
80,39,30,4,212,220,559,215,42,881,110,556,164,35,270,658,151,142,1319,256,1524,9,2570,323,8,256,1447,3913,110,1447,989,27900,80,591,30,4,110,59,2556,27901,1156,7,59,1621,3,2758,3,8594,4699,27902,70,562,10,270,384,1100,556,466,13,320,643,3727 1,1,1,1,10,1,1,1,1,1,1,3,3,1,1,1,4,7,1,1,1,1,1,1,1,1,1,1,1,1,1,1,1,1,1,1,1,1,1,1,1,1,1,1,1,1,1,1,1,1,1,1,1,1,1,1,1,1,1,1,1,1
12053,619,123,117,9,9911,8,15970,3369,860,13,15971,3460,100,860,918,3067,2790,2965,5794,15972,3,15973,39,4,176,947,478,9,203,8,462,22,25,32,178,5333,141,22,33,736,125,22,9,5922,27903,8,36,298,25,32,195,1570,478,36,22,25,253,4810,9,5131,1547,8,669,22,25,69,346,610,1400,9,613,8,215,22,25,69,460,906,36,298,25,32,652,706,117,22,25,32,833,1286,2010,32,995,2547,2286,32,1079,5877,2062,1337,32,1477,6949,6784,9,6228,8,1708,3797,2862,127,4,790,206,30,4,6,28,14,920,13,1609,727 1,3,3,3,3,3,3,1,1,1,1,1,1,1,1,1,1,1,1,1,1,1,1,1,1,1,11,11,11,11,11,1,1,1,1,1,12,12,12,12,12,12,12,12,12,12,12,1,1,1,1,1,1,1,1,1,1,1,1,1,1,1,1,1,1,1,1,1,9,9,9,9,9,1,1,1,1,1,1,1,1,1,1,1,1,1,1,1,1,1,21,1,1,1,27,1,1,1,1,1,1,1,1,1,1,1,1,1,1,1,1,1,1,1,1,1,1,1,1,1,1,1,1,1
16,245,13,23,551,12,521,51,5195,27,2374,163,12,6127,16,14,15,1221,1095 1,1,1,1,1,1,1,1,1,1,1,1,1,1,5,5,5,5,5
16,334,238,4202,558,87,183 5,5,5,5,5,5,5
180,1308,87,30 5,5,5,5
90,485,26,1113,357,157 1,1,1,1,1,1
150,403,4,3357,102,77,4,316,4,292,4,9438,523,4,335,148,4,27904,716,4,856,1035,42,658,814,4,980,3,410,3,7447,197,644,4,145,3,11,27905,1213,4,128,876,1718,19,6,53,518,3,376,569,362,4,280,3,269,326,327,12,233,210,2168 1,1,1,1,1,1,1,1,1,1,1,1,1,1,1,6,6,6,1,1,1,1,1,1,1,1,1,1,1,1,1,1,1,1,1,1,1,1,1,1,1,1,1,1,1,1,1,1,1,1,1,1,23,1,1,1,1,1,1,1,1
152,78,1071,29,11587,3,11,240,26,1128,531,4,1378,4,617,13,15,416,3173,322,5,1441,443,133,13,70,415,2886,5,246,10,1046,29,11,743,3,750 1,1,1,1,1,1,1,1,1,1,1,1,1,1,1,1,1,1,1,1,1,1,1,1,1,1,1,1,1,1,1,1,1,1,1,1,1
11,205,7,314,7,511,26,1507,57,758,19,101,7,70,322 1,1,1,1,1,1,1,1,1,1,1,1,1,1,1
1587,4,617,3,60,1070,149,4,349,3453,9,1312,8,524,333,6638,59,9,1977,8,42,560,5388,59,9,2119,8,1451,734,27906,59,9,2202,8,1785,536,1618,59,9,3842,8,1381,653,853,9,1360,8,1227,786,5502,9,1479,8,1588,823,4605,9,1480,8,654,795,4359,9,1424,8,42,1737,79,3127,9,10744,8,1060,1737,1074,1293,1257,1125,1277,1542,1428,9,1739,8,42,577,900,9,1786,8,42,847,539,9,1740,8,42,830,58,9,1832,8,42,864,519,9,1691,8,42,714,1209,14595,9,2240,8,524,714,577,27907,9,2241,8,524,714,847,7237,9,4839,8,9426,714,830,15991,9,2242,8,524,714,864,3058,9,2278,8,524,1661,200,9,200,8,1577,200,9,200,8,2360,200,9,200,8,2096,200,9,200,8,430,456,2666,9,1305,8,351,430,663,1888,9,1276,8,351,430,835,3010,83,9,1310,8,351,430,1072,1658,8251,9,1450,8,351,430,1568,2548,625,9,3567,8,351,512,3198,9,1478,8,219,430,1800,2061,1469,9,1311,8,219,430,347,15992,83,9,3709,8,219,1680,1294,3220,430,345,2073,9,1359,8,219,689,4,354,264,359,89,3,1779,4,883,70,562,10,1100,120,556,466,13,1194,988,1298,3,15990,1514,4913,78,47,383,29,660,13,6930,12,15993,230,2578,4,6,28,14,62,1232,379,358,13,15,30,7,212,3,881,3,110,70,562,10,270,384,1100,556,466,121,61,13,626,187,322,725,123,58,113 1,1,1,1,1,1,1,1,1,1,1,1,1,1,1,1,1,1,1,1,1,1,1,1,1,1,1,1,1,1,1,1,1,1,1,1,1,1,1,1,1,1,1,1,1,1,1,1,1,1,1,1,1,1,1,1,1,1,1,1,1,1,1,1,1,1,1,1,1,1,1,1,1,1,1,1,1,1,1,1,1,1,1,1,1,1,1,1,1,1,1,1,1,1,1,1,1,1,1,1,1,1,1,1,1,1,1,1,1,1,1,1,1,1,1,1,1,1,1,1,1,1,1,1,1,1,1,1,1,1,1,1,1,1,1,1,1,1,1,1,1,1,1,1,1,1,1,1,1,1,1,1,1,1,1,1,1,1,1,1,1,1,1,1,1,1,1,1,1,1,1,1,1,1,1,1,1,1,1,1,1,1,1,1,1,1,1,1,1,1,1,1,1,1,1,1,1,1,1,1,1,1,1,1,1,1,1,1,1,1,1,1,1,1,1,1,1,1,1,1,1,1,1,1,1,1,1,1,1,1,1,1,1,1,1,1,1,1,1,1,1,1,1,1,1,1,1,1,1,1,1,1,1,1,1,1,1,1,1,1,1,1,1,1,1,1,1,1,1,1,1,1,1,1,1,1,1,1,1,1,1,1,10,1,1,1,1,1,1,1,1,1,1,1,1,1,1,1,1,1,1,1,1,1,1
23,354,264,57,479,17,626,120,325,3,1885,6,295,7,466,260 1,1,1,1,1,1,1,1,1,1,1,1,1,1,1,1
16,41,52,162,10,6,354,164,594,3,52,469,19,182,676,3,5,41,1410,1617,12,6,441,1014,65,17,284,15994 1,1,1,1,1,1,1,1,1,1,1,1,1,1,1,1,1,1,1,1,1,1,1,1,1,1,1,1
104,4,33,182,1557,220,247,676,3,2315,10569,189,96,43,1685,27,945,6024,33,163,254,33,1198,80,2398,33,27908,17,153,2727,138,347,15992,33,104,17,166,1617,1560,3,27909,40,28,20,235,13,64,3918,12729,3,354,164,1191 1,1,1,1,1,1,1,1,1,1,1,1,1,1,1,1,1,1,1,1,1,1,1,1,1,1,1,1,1,1,1,1,1,1,1,1,1,1,1,1,1,1,1,1,1,1,1,1,1,1,1,1,1
3042,2869,11908,9571,15993,230,164,710,27910,740,13,270,55,3,84,1049 1,1,1,1,1,1,1,1,1,1,1,1,1,1,1,1
27911,1934,9850,230,164,2272,385,710,27912 1,1,1,1,1,1,1,1,1
