67,54,4,28014,7651,207,124,7651,281,297,424,1713,16014,1418,16015,3,4970,16016,4993,3,2057,12060,28015,30,4,40,14,15,3770,767,1870,43,551,121,468,12,13,255,234,7,1393,3,1968,5,140,314 1,1,1,1,1,1,1,1,1,1,1,1,1,1,1,1,1,1,1,1,1,1,1,1,1,1,1,1,1,1,1,1,1,1,1,1,1,1,1,1,1,1,1,1,1,1
16,14,96,12,16017,17,311,39,147 1,1,1,1,1,1,1,1,1
510,10,6,147,1003 1,1,1,1,1
30,7,61,328,4,6,28,146,37,16,20,1240,37,16,38,1303,71,12,6,80 1,1,1,1,1,1,1,1,1,1,1,1,1,1,1,1,61,1,1,1
16,758,454,64,4834,13,61,1542,116 1,1,1,1,1,1,1,1,1
16,20,1260,10,468,10,6,668,17,1998,345,144 1,1,1,1,1,1,1,1,1,1,1,1
6,28,109,46,15,1020,13,71 1,1,1,1,1,1,1,61
10,23,5136,3,5080,175,7,23,3235,38,71 1,1,1,1,1,1,1,1,1,1,61
6,28,109,31,46,681,5136,641,71 1,1,1,1,1,1,1,1,61
16,3368,14,132,640,7,1393,3,1968,3,5,140,314 1,1,1,1,1,1,1,1,1,1,1,1,1
16,146,37,16,21,38,62,581,624,140,314,159,5790,3,112,13,64,4834 1,1,1,1,1,1,1,1,1,1,1,1,1,1,1,1,1,1
3048,4,1998,345,12,6,668,2926,14,16018,140,14,28016,624 1,1,1,1,1,1,1,1,1,1,1,1,1,1
71,1564,35,96,3,9182,7,71,14,81 61,1,1,1,1,1,1,61,1,1
3360,5,5327,17,818,1325,1992,165,81 1,1,1,1,1,1,1,1,1
8429,5,1764,116,81 1,1,1,1,1
199,5,209,698,7,71,81 1,1,1,1,1,61,1
2976,11,2383,5145,353,81 1,1,1,1,1,1
347,21,68,12,6,1857,10,955,471,3,225,6,99,87 1,1,1,1,1,1,1,1,1,1,1,1,1,1
192,4,1194,185,345,132 1,1,1,1,1,1
104,4,135,278,7,64,4834,3,1689,3,119,41,126,622,108,22,45,175,337 1,1,1,1,1,1,1,1,1,1,1,1,91,91,1,1,1,1,1
651,3,159,31,449,10,157,348,12,2257,7,6,28,82,185,347 1,1,1,1,1,1,1,1,1,1,1,1,1,1,1,1
6,28,20,138,1581,17,3496 1,1,1,1,1,1,1
16,41,369,10,6,668,5,41,52,1564,12,6,157,7,6,3496 1,1,1,1,1,1,1,1,1,1,1,1,1,1,1,1
1606,12,345,3229,27,441,112 1,1,1,1,1,1,1
1755,3557,13,28017,345 1,1,1,1,1
4223,28018,3,107 1,1,1,1
28019,4,28020,29,28021,29,28022,29,28023,29,28024 1,1,1,1,1,1,1,1,1,1,1
