67,54,4,28045,1120,205,650,55,8075,3,8501,509,47,16023,1219,1120,278,4,28046,205,650,54,4,28047,1120,483,4,8603,1136,3011,1922,30,4,122,417,1120,278,55,17,1470,402 1,1,1,1,1,1,1,1,1,1,1,1,1,1,1,1,1,1,1,1,1,1,1,1,1,1,1,1,1,1,1,1,1,1,1,1,1,1,1,1,1
1656,3,586,379,719,914,142,3,1395,3,211,695,121,14,688,10,9921,19,12061,13,621,735,3011,698,43,3706,5,458 1,1,1,1,1,1,7,1,4,4,19,19,1,1,1,1,1,1,1,1,1,1,1,1,1,1,1,1
18,20,12,24,3313,597,16025,186,18,38,62,255,7,4664,19,187,303,17,75,18,1343,9160 1,1,1,1,1,1,1,1,1,1,1,1,1,1,1,1,1,1,1,1,1,1
2104,139,18,1196,10,190,590,5,3969,5,20,514,10,46,15,1086,2801,269,17,1915,682,9922,19,16026,9,2813,8532,4224,8,17,75,24,451,343,24,13,58,113,438,7,3816 1,1,1,1,1,1,1,1,1,1,1,1,1,1,1,1,1,1,1,1,1,1,1,1,1,1,1,1,1,1,1,1,1,1,1,1,1,1,1,1,1
19,16027,18,61,13,307,3,739,3,5,760 1,1,1,1,1,1,1,1,1,1,1
18,387,109,3,760,3,739,3,627,590,5,3101 1,1,1,1,1,1,1,1,1,1,1,1
506,27,1779,639,17,1213,93,5,1165,722,3118,19,6,621,735 1,1,1,1,1,1,1,1,1,1,1,1,1,1,1
18,20,688,10,9921,834,18,20,126,19,3850,8247,247,2322,5,3351,1491,22,305 1,1,1,1,1,1,1,1,1,1,1,1,1,1,1,1,1,1,1
1165,12063,111,15,3061,240,7,713,7188,10,6,735,1287,3118 1,1,1,1,1,1,1,1,1,1,1,1,1,1
6,70,181,3379,197,11088,3,5,74,20,3687,7,6,16028,12064,35,60 1,1,1,1,1,1,1,1,1,1,1,1,1,1,1,1,1
74,20,202,7,27,1376,504,621,765,43,1677,5,2805,1193 1,1,1,1,1,1,1,1,1,1,1,1,1,1
18,1031,10,6,26,19,3422,619,3,3805,3,5059,621,2908,849,16029,6,26,6,621,735,20,170,3922 1,1,1,1,1,1,1,1,1,1,1,1,1,1,1,1,1,1,1,1,1,1,1,1
74,20,3662,7,6,70,181,3379,5,74,143,2734,3118,3,75,197,10,52,5667,115,621,735,1233,19,2826,6,70,5,16030,3379 1,1,1,1,1,1,1,1,1,1,1,1,1,1,1,1,1,1,1,1,1,1,1,1,1,1,1,1,1,1
7038,6,6131,7,6,70,181,3,74,20,62,548,7,871,2090,6076 1,1,1,1,1,1,1,1,1,1,1,1,1,1,1,1
1620,2874,7,1233,20,72,17,2591,5,587,143,72 1,1,1,1,1,1,1,1,1,1,1,1
1704,20,639,17,2734,3412,5450,16031,2408,61,19,5329,2874,543,13,9922 1,1,1,1,1,1,1,1,1,1,1,1,1,1,1,1
598,1486,1620,269,7221,61,19,16032,2874 1,1,1,1,1,1,1,1,1
18,20,126,19,2813,117,6412,189,1869,5,3351,335,22,2384,19,7989,13,104,10,492,320,113,7,2813,3,5,58,113,7,28048 1,1,1,1,1,1,1,1,1,1,1,1,1,1,1,1,1,1,1,1,1,1,1,1,1,1,1,1,1,1
24,124,438,20,2234,43,130,893,17,75,18,370,15,6016,19,16033 1,1,1,1,1,1,1,1,1,1,1,1,1,1,1,1
420,4,3351,335,22,247,2384,8,41,1182,19,28049,395,144,12065,28050,871,441,113 1,1,1,1,1,1,1,1,1,1,1,1,1,1,1,1,1,1,1
9,839,1263,3014,3,6397,601,36,8,2813,117,6412,189,1869,597,16034,1120,439,503,19,16035,13,271,19,28051,141,27,28052,113,4148,149,4,1228,3,2015,539,5,10368 1,1,1,1,1,1,1,1,1,1,1,1,1,1,1,1,1,1,1,1,1,1,1,1,1,1,1,1,1,1,1,1,1,1,1,1,1,1
2820,149,10,47,998,16036,4,9923,5177,41,205,650,17,132 1,1,1,1,1,1,1,1,1,1,1,1,1,1
395,454,13,664 1,1,1,1
5028,9923,5177,2366,76,1191,668,47,28053,2820,47,28054,710,47,16037 1,1,1,1,1,1,1,1,1,1,1,1,1,1,1
