67,54,4,28055,2366,76,189,11532,258,124,112,55,9,9924,8,404,17,112,439,17,2362,278,33,8603,1136,3011,30,7,61,328,122,417,1120,278,55,17,1470,402 1,1,1,1,1,1,1,1,1,1,1,1,1,1,1,1,1,1,1,1,1,1,1,1,1,1,1,1,1,1,1,1,1,1,1,1,1,1
1656,3,586,379,719,914,142,3,1395,3,211,695,121,14,688,10,9921,19,12061,13,621,735,3011,698,43,3706,5,458 1,1,1,1,1,1,7,1,4,4,3,3,1,1,1,1,1,1,1,1,1,1,1,1,1,1,1,1
18,20,12,24,3313,597,16025,186,18,38,62,255,7,4664,19,187,303,17,75,18,1343,9160 1,1,1,1,1,1,1,1,1,1,1,1,1,1,1,1,1,1,1,1,1,1
2104,139,18,1196,10,190,590,5,3969,5,20,514,10,46,15,1086,2801,269,17,1915,682,9922,19,16026,9,2813,8532,4224,8,17,75,24,451,343,24,13,58,113,438,7,3816 1,1,1,1,1,1,1,1,1,1,1,1,1,1,1,1,1,1,1,1,1,1,1,1,1,1,1,1,1,1,1,1,1,1,1,1,1,1,1,1,1
19,16027,18,61,13,307,3,739,3,5,760 1,1,1,1,1,1,1,1,1,1,1
18,387,109,3,760,3,739,3,627,590,5,3101 1,1,1,1,1,1,1,1,1,1,1,1
506,27,1779,639,17,1213,93,5,1165,722,3118,19,6,621,735 1,1,1,1,1,1,1,1,1,1,1,1,1,1,1
18,20,688,10,9921,834,18,20,126,19,3850,8247,247,2322,5,3351,1491,22,305 1,1,1,1,1,1,1,1,1,1,1,1,1,1,1,1,1,1,1
1165,12063,111,15,3061,240,7,713,7188,10,6,735,1287,3118 1,1,1,1,1,1,1,1,1,1,1,1,1,1
6,70,181,3379,197,11088,3,5,74,20,3687,7,6,16028,12064,35,60 1,1,1,1,1,1,1,1,1,1,1,1,1,1,1,1,1
74,20,202,7,27,1376,504,621,765,43,1677,5,2805,1193 1,1,1,1,1,1,1,1,1,1,1,1,1,1
18,1031,10,6,26,19,3422,619,3,3805,3,5059,621,2908,849,16029,6,26,6,621,735,20,170,3922 1,1,1,1,1,1,1,3,3,1,1,1,1,1,1,1,1,1,1,1,1,1,1,1
74,20,3662,7,6,70,181,3379,5,74,143,2734,3118,3,75,197,10,52,5667,115,621,735,1233,19,2826,6,70,5,16030,3379 1,1,1,1,1,1,1,1,1,1,1,1,1,1,1,1,1,1,1,1,1,1,1,1,1,1,1,1,1,1
7038,6,6131,7,6,70,181,3,74,20,62,548,7,871,2090,6076 1,1,1,1,1,1,1,1,1,1,1,1,1,1,1,1
1620,2874,7,1233,20,72,17,2591,5,587,143,72 1,1,1,1,1,1,1,1,1,1,1,1
1704,20,639,17,2734,3412,5450,16031,2408,61,19,5329,2874,543,13,9922 1,1,1,1,1,1,1,1,1,1,1,1,1,1,1,1
598,1486,1620,269,7221,61,19,16032,2874 1,1,1,1,1,1,1,1,1
18,20,126,19,2813,117,6412,189,1869,5,3351,335,22,2384,19,7989 1,1,1,1,1,1,1,1,1,1,1,1,1,1,1,1
24,124,438,20,2234,43,130,893,17,75,18,370,15,6016,19,16033 1,1,1,1,1,1,1,1,1,1,1,1,1,1,1,1
18,21,132,492,320,113,7,2813,19,28056,5,58,113,7,3351,9,28057,8 1,1,1,1,1,1,1,1,1,1,1,1,1,1,1,1,1,1
18,14,224,191,60,97,249,3,459,3,421,970,3,1280,26,685,66,1456,1615,26,66,3560,1192 1,1,1,1,1,1,1,1,1,1,1,1,1,1,1,1,1,1,1,1,1,1,1
18,109,55,474,7,24,187,303,75,14,416,984,159,18,21,68,775,10,2034,24,10643,17,209,9681 1,1,1,1,1,1,1,1,1,1,1,1,1,1,1,1,1,1,1,1,1,1,1,1
18,38,15,95,168,28058,17,48,34 1,1,1,1,1,1,1,1,1
18,20,826,319,17,431,43,103,1989,5,526,103,593,75,111,883,466 1,1,1,1,1,1,1,1,1,1,1,1,1,1,1,1,1
80,39,30,176,211,695,9,169,445,12,2868,146,44,8,178,142,195,1395,253,812,346,110,100,3840,33,187,12,2333,5,59,12,3133,460,110,70,216,2225,652,188,164,13,5545,469,3474,27,28059,16038,8603,1136,3011,3067,150,30,212,206,30,2306,245,1272 1,1,1,1,3,3,1,1,1,1,1,1,1,1,1,7,1,4,1,1,1,1,1,1,1,1,1,1,1,1,1,1,1,1,1,1,1,1,1,1,1,1,1,1,1,1,1,1,1,1,1,1,1,1,1,1,1,1,1
58,1609,727,4752,4 1,1,1,1,1
285,35,62,16039,3,51,21,31,285,159,18,38,727 1,1,1,1,1,1,1,1,1,1,1,1,1
28060,1543,4,1863,10,28061,87 1,1,1,1,1,1,1
11859,12,2364,28062,403,4,11,374,1543,1673,1543,4,200,2029,4,200,699,4,334,12,2476,29,180,1308,87,403,485,4,1119,485,28063,4,72 1,1,1,1,1,1,1,1,1,1,1,1,1,1,1,1,5,5,5,5,5,5,5,5,5,5,1,1,1,1,1,1,1
2760,285,4,5166,127,11,374,127,102,77,63,94,28064,133,335,140,4227,807,4859,207,197,60,387,3,60,2056,3,11,199,342 1,1,1,1,1,1,1,1,1,1,1,1,1,1,1,1,1,1,1,1,1,1,1,1,1,1,1,1,1,1
48,2320,876 1,1,1
1456,28065,685,26,1280 1,1,1,1,1
3962,28066,97,685,26,4390,720,455,409,304,3,310,97,1099 1,1,1,1,1,1,1,1,1,1,1,1,1,1
214,2098,3,11,969 1,1,1,1,1
44,308,326,327 1,1,1,1
114,11,634,93 1,1,1,1
2570,6132,66,1788,10,473,303 1,1,1,1,1,1,1
3560,1192,97,685,26,1280 1,1,1,1,1,1
192,5,104,586,379,719,914,142,3,151,3,211,695,121,132,110,58,113,7,12065,5,320,113,7,2813,17,1915,682,5482,1136,3011 1,1,1,1,1,1,1,7,1,4,1,3,3,1,1,1,1,1,1,1,1,1,1,1,1,1,1,1,1,1,1
224,18,14,191,60,3,708,17,2570,474,75,14,166,9681 1,1,1,1,1,1,1,1,1,1,1,1,1,1
18,14,1953,19,24,905,810,971,2379 1,1,1,1,1,1,1,1,1
104,4,33,982,3560,33,144,10368,3,1228,3,2007,3,3515,96,115,1521,167,9923,5177,3,229,710,47,16037,205,867,43,9923,5177,3,229,607,161,4,603 1,1,1,1,1,1,1,1,1,1,1,1,1,1,1,1,1,1,1,1,1,1,1,1,1,1,1,1,1,1,1,1,1,1,1,1
