67,54,4,28067,528,11532,258,124,694,30,4,629,8075,61,10,513,24,95,124 1,1,1,1,1,1,1,1,1,1,1,1,1,1,1,1,1,1,1
1656,3,18,20,162,12,871,1604,13,1915,682,5482,3148,5,12066,3011,13,3342,10,170,3706 1,1,1,1,1,1,1,1,1,1,1,1,1,1,1,1,1,1,1,1,1
6,1085,7,8603,3148,557,885,600,18,38,62,255,7,4664,15,493,113,169,5,208,46,646,15,28068,28069 1,1,1,1,1,1,1,1,1,1,1,1,1,1,1,1,1,1,1,1,1,1,1,1,1
2407,1617,111,11,173,212 1,1,1,1,1,1
19,28070,18,526,6564,621,2908,938,13,15,16040,2733,28071,621,5059,43,64,16041 1,1,1,1,1,1,1,1,1,1,1,1,1,1,1,1,1,1
290,10,5849,3252,614,4802,3,15,14115,17,16042,550,887,52,1962,470,18,16043,15,1513,884,2491,10,2522,614 1,1,1,1,1,1,1,1,1,1,1,1,1,1,1,1,1,1,1,1,1,1,1,1,1
315,1042,438,20,698,43,1975,13,365,1616,1136,893,17,75,18,16043,15,7116,4829,6016 1,1,1,1,1,1,1,1,1,1,1,1,1,1,1,1,1,1,1,1
18,20,261,10,977,13,15,3560,10,492,15,438,7,247,2813 1,1,1,1,1,1,1,1,1,1,1,1,1,1,1
313,3,18,20,7652,12,871,208,477,464,27,977,13,62,255,7,48,34,27,427 1,1,1,1,1,1,1,1,1,1,1,1,1,1,1,1,1,1,1,1
904,20,2856,51,3103,143,131,269,9,805,28072,8 1,1,1,1,1,1,1,1,1,1,1,1
1165,111,6,735,20,60,2198,97,508,7,553,3011 1,1,1,1,1,1,1,1,1,1,1,1
74,20,15,301,1362,3300 1,1,1,1,1,1
18,526,445,75,111,883,1823,5,11,173,212 1,1,1,1,1,1,1,1,1,1,1
6,255,20,1762,10,1881,6124,9,367,66,1975,3,905,955,19,168,8 1,1,1,1,1,1,1,1,1,1,1,1,1,1,1,1,1
18,20,261,188,10,977,5,21,359,60,159 1,1,1,1,1,1,1,1,1,1,1
18,20,221,12,6,1120,224,5,6,3560,1334,20,4163 1,1,1,1,1,1,1,1,1,1,1,1,1
18,82,188,163,66,977,132,5,753,10,52,1097,60 1,1,1,1,1,1,1,1,1,1,1,1,1
18,299,590,2726,5,21,10,427,139,321,223,15,231,3304 1,1,1,1,1,1,1,1,1,1,1,1,1,1
313,3,18,90,529,3,307,3,418,3,2969,26,741,273,1030 1,1,1,1,1,1,1,1,1,1,1,1,1,1,1
11,4101,26,140,314 1,1,1,1,1
18,21,15,916,30,7,100,1346,28073,51,18,14,887,380,2317,2643,10,4458,116 1,1,1,1,1,1,1,1,1,1,1,1,1,1,1,1,1,1,1
477,27,977,3,18,20,391,19,210,2347,5,237,387,739,134,391,917 1,1,1,1,1,1,1,1,1,1,1,1,1,1,1,1,1
132,18,82,391,19,58,2347,17,1250,5,109,887,753,10,46,6759,739 1,1,1,1,1,1,1,1,1,1,1,1,1,1,1,1,1
313,3,18,109,2233,1146,327,166,760,15,1517,7,85,135,113 1,1,1,1,1,1,1,1,1,1,1,1,1,1,1
18,90,634,93 1,1,1,1
18,82,572,233,39,60 1,1,1,1,1,1
163,588,144,46,68,1197,28074,80,39,30,4,33,8603,12066,3011,110,621,2908,938,13,16040,5059,33,28075,110,7116,4829,6016,33,881,4,33,442,110,187,2556,29,4380,9,11332,8,3342,16044,42,187,1878,9,1263,28076,28077,8,3,131,59,1878,260,33,442,916,30,7,100,1346,725,139,5286,1644,1127,29,265,19,5071,33,883,3699,4097,33,1395,33,567,399,110,100,3840,29,19,10737,33,188,164,13,5545,849,27,28078,3474,33,812,39,9,660,8,4,1994,16045,1318,1096,69,2305,2022,25,105,203,462,22,25,105,3836,11839,1096,892,452,10741,2010,32,236,378,25,105,613,799,25,69,348,3217,501,22,25,105,3917,16046,4214,829,42,892,2951,7939,16047,189,25,69,5071,672,25,69,962,549,25,69,1735,1801,25,27,1350,127,4,11,374,357,127,206,30,4,919,16039,3,2306,3,245,1272,3,58,727,1732,33,1221,36,1333,123,180,991,3,334,2476,485,33,1119,357,33,200,81,7,182,4,376,72,12,402,102,101,4,1546,4,28079,53,303,1612,4,3790,145,2182,4,3919,842 1,1,1,1,1,1,1,1,1,1,1,1,1,1,1,1,1,1,1,1,1,1,1,1,1,1,1,1,1,1,1,1,1,1,1,1,1,1,1,1,1,1,1,1,1,1,1,1,1,1,1,1,1,1,1,1,1,1,1,1,1,1,1,1,1,1,1,1,1,1,1,1,1,1,1,1,1,4,1,1,1,1,1,1,1,1,1,1,1,1,1,1,1,1,1,1,1,1,1,1,1,1,1,1,1,1,1,1,1,1,1,1,11,1,1,1,1,1,1,1,1,1,1,1,1,12,1,1,1,9,1,1,1,17,1,1,1,1,1,1,1,1,1,1,1,1,1,1,1,1,1,1,1,1,1,1,1,1,1,1,1,1,1,1,1,1,1,1,1,1,1,1,1,1,1,1,1,1,1,1,1,1,1,5,5,5,5,5,5,5,5,5,5,5,1,1,1,1,1,1,1,1,1,1,1,1,1,1,1,1,1,1,1,1,1,1,1,1,1,1,1,1,1,1
1665,197,4,60,197,2251,4,60,1064,15210,4174,3,3962,28080,7862,1674,4,216,217,3,152,187,442,59,222,3,576,601,5007,1613,4,377,588,27,649,3,4417,91,1502,4,455,3,4841,871,5590,832,27,4564,3,11,9826,1614,4,152,3,952,3,2787,588,1595,4,565,675,634,93,540,4,6505,1132,161,315,559,1973,42,3,60,2198,12066,28081,9,1263,625,3,3082,320,8,3,1362,3300,3,44,1501,5683,3,28082,442,187,3540,43,1193,1287,2782,177,4,7918,7265,2856,27,586,339,4,1057,3,629,8075,753,10,52,2594,334,60,139,15,1063,1517,7,129 1,1,1,1,1,1,1,1,1,1,1,1,1,1,1,1,1,1,1,1,1,1,1,1,1,1,1,1,1,1,1,1,1,1,1,1,1,1,1,1,1,1,1,1,1,1,1,1,1,1,1,1,1,1,1,1,1,1,1,1,1,1,1,1,1,1,1,1,1,1,1,1,1,1,1,1,1,1,1,1,1,1,1,1,1,1,1,1,1,1,1,1,1,1,1,1,1,1,1,1,1,1,1,1,1,1,1,1,1,1,1,1,1,1,1,1,1,1,1,1,1,1,1,1,1,1,1
24,288,572,14,1097,500,3,166,3136,4771 1,1,1,1,1,1,1,1,1,1
10,37,1182,3,50,5037,510,24,10,6,103,977,1572,27,28083,124,9,8734,10,163,8 1,1,1,1,1,1,1,1,1,1,1,1,1,1,1,1,1,1,1,1,1
18,21,598,255,7,284,760,51,11,174,202,7,1053,1930,19,77 1,1,1,1,1,1,1,1,1,1,1,1,1,1,1,1
134,24,116,828,3,50,5037,773,24,10,2754,271,5,119,2559,527,15,266,228,7,289 1,1,1,1,1,1,1,1,1,1,1,1,1,1,1,1,1,1,1,1,1
12,1892,7,239,483,3,18,14,132,492,2856 1,1,1,1,1,1,1,1,1,1,1
18,1019,109,887,160,5587,6759,470,119,2559,488,92,89 1,1,1,1,1,1,1,1,1,1,1,1,1
12,1892,7,452,3,92,82,1019,404,10,86,17,117,129,96,735,938 1,1,1,1,1,1,1,1,1,1,1,1,1,1,1,1,1
18,82,290,10,122,64,16041,441,129,29,119,2559,1493,10,201,12,1892,7,6,2630,7,2325,4567,66,15,8042,735,2979 1,1,1,1,1,1,1,1,1,1,1,1,1,1,1,1,1,1,1,1,1,1,1,1,1,1,1,1
13,641,10,1975,3,18,38,2325,1975,51,132,18,82,585,2856 1,1,1,1,1,1,1,1,1,1,1,1,1,1,1
134,1398,6016,28084,191,887,275,845,1975,3,18,208,31,160,452,12,6,916,1197 1,1,1,1,1,1,1,1,1,1,1,1,1,1,1,1,1,1,1
18,2559,369,10,224,12,320,129,26,2110,167 1,1,1,1,1,1,1,1,1,1,1
221,13,64,3142,12067 1,1,1,1,1
84,10,39,40,112,5071,672,25,69,126,4,4549,3917,16046,4214,829,42,892,126,4,4549,1735,1801,25,27,1350,126,4,4549,962,549,25,69,126,4,4549,10741,2010,32,126,4,4549,348,3217,501,22,25,105,126,4,4549,236,378,25,105,126,4,4549,203,462,22,25,105,126,4,4549,3836,11839,1096,892,126,4,4549,2951,7939,16047,189,25,69,126,4,4549,613,799,25,69,126,4,4549,2305,2022,25,105,126,4,4549,1182,4,28085,33,2332,452,126,4,4549,1994,16045,1318,1096,69,126,4,4549,2376,12067,3,229,426,4,28086,28087,3,229,205,867,43,2376,12067,3,229,607,161,4,603 1,1,1,1,1,1,1,1,1,1,1,1,1,1,1,1,1,1,1,1,1,1,1,1,1,1,1,1,1,1,1,1,1,1,1,1,1,1,1,1,1,1,17,1,1,1,1,1,1,1,1,12,1,1,1,1,1,1,11,1,1,1,1,1,1,1,1,1,1,1,1,1,1,1,1,1,1,1,1,1,1,1,9,1,1,1,1,1,1,1,1,1,1,1,1,1,1,1,1,1,1,1,1,1,1,1,1,1,1,1,1,1,1,1,1,1,1,1,1,1,1,1,1,1,1,1,1,1,1,1,1,1,1,1
