67,54,4,28104,16048,3,28105,3,4493,40,28,20,221,43,2503,5,64,11338,19,28106 1,1,1,1,1,1,1,1,1,1,1,1,1,1,1,1,1,1,1,1
50,660,50,1187,5,101,6,28,3,81,6,385,82,607,3,5,235,6,104,7,198,13,6,28 1,1,1,1,1,1,1,1,1,1,1,1,1,1,1,1,1,1,1,1,1,1,1,1
30,7,61,328,4,40,14,15,3533,767,121,21,15,30,7,212,161,315,251,12,2965,3,121,387,199,48,453,3,94,166,3,990,3,5,323,3,477,16,20,285,35,15,9599 1,1,1,1,1,1,1,1,1,1,1,1,1,1,1,10,3,3,3,1,1,1,1,1,1,1,1,1,1,1,1,1,1,1,1,1,1,1,1,1,1,1,1
16,631,600,40,20,334,173,3,92,20,31,166,23,169,431,453 1,1,1,1,1,1,1,1,1,1,1,1,1,1,3,1
16,90,88,584,10,23,188,26,23,303 1,1,1,1,1,1,1,1,1,1
16,90,88,1575,34 1,1,1,1,1
16,90,88,249,3,459,3,26,970 1,1,1,1,1,1,1,1,1
16,90,88,375 1,1,1,1
16,90,88,555,26,136,34 1,1,1,1,1,1,1
16,90,88,326,26,931,84,5,11,194,114,93 1,1,1,1,1,1,1,1,1,1,1,1
16,14,49,23,297 1,1,1,1,1
16,98,1343,62,203,3,242,299,128,754 1,1,1,1,11,1,1,1,1,1
80,39,30,4,71,3,106,3,776,3,5,212 1,1,1,1,4,1,7,1,15,1,1,10
39,4,1262,3,203,3,4725,3,348,3,5,784 1,1,27,1,11,1,13,1,17,17,1,9
127,4,16,21,11,374,357,127 1,1,1,1,1,1,1,1
206,30,4,16,14,15,80,1095,3,31,15,4393,26,357,6842 1,1,1,1,1,1,5,5,5,1,1,1,1,1,1
16,245,13,23,150 1,1,1,1,1
81,7,182,4,35,55,12,6,282,3,376,72 1,1,1,1,1,1,1,1,1,1,1,1
102,101,4,16,14,12,11,199,342,27,427 1,1,1,1,1,1,1,1,1,1,1
16,631,23,48,34,14,1864,2715,19,1133 1,1,1,1,1,1,1,1,1,1
316,205,57,35,55 1,1,1,1,1
413,3,412,3,1040,3,1653,3,5,994,4,1172,5,1121 1,1,1,1,1,1,1,1,1,1,1,1,1,1
1055,57,877,5,1115,10,691 1,1,1,1,1,1,1
1955,759,57,204 1,1,1,1
1239,14,569 1,1,1
136,14,332 1,1,1
74,14,11,1161,715,1453 1,1,1,1,1,1
48,14,91,10,463 1,1,1,1,1
130,14,145,156,5,239 1,1,1,1,1,1
23,214,14,152,5,396 1,1,1,1,1,1
74,14,11,1128 1,1,1,1
74,57,11,240 1,1,1,1
23,196,14,617,5,683 1,1,1,1,1,1
74,14,11,194,114,93 1,1,1,1,1,1
16,21,877,133 1,1,1,1
23,352,77,14,410,5,642,10,1150,3,469,3,5,85 1,1,1,1,1,1,1,1,1,1,1,1,1,1
23,1411,1093,57,204 1,1,1,1,1
16,14,928,2214 1,1,1,1
457,532,4,16,21,15,696,785,7,615,3,824,7,2253,3,5,1281,785,7,28107,23,5819,14,569 1,1,1,1,1,1,1,1,1,1,1,1,1,1,1,1,1,1,1,1,1,1,1,1
1336,5,805,57,917,5,905,14,176,23,177,111,602,306,36,643,563,363,12,2712,3,97,88,12763,26,174,84 1,1,1,1,1,1,1,1,1,1,1,1,1,1,1,1,1,1,1,1,1,1,1,1,1,1,1
192,4,6,28,13,15,30,7,212,13,479,116 1,1,1,1,1,1,1,1,10,1,1,1
16,242,46,15,16055,2082,12,6,65,3,600,20,31,845,173,429,27,6,85,7,40,927 1,1,1,1,1,1,1,1,1,1,1,1,1,1,1,1,1,1,1,1,1,1
138,23,169,212,30,3,6,28,20,138,613 1,1,1,10,1,1,1,1,1,1,9
1771,20,1049,10,162,201,17,826,319,199,181,771 1,1,1,1,1,1,1,1,1,1,1,1
6,28,20,162,12,211,534 1,1,1,1,1,1,1
6,28,38,1803,1344,62,203,5,6,28,557,12,211,534,597,16,20,162 1,1,1,1,1,1,11,1,1,1,1,1,1,1,1,1,1,1
505,4,826,319,199,181,771 1,1,1,1,1,1,1
497,16056,3,4493,107 1,1,1,1,1
487,4,28108,292,4,28109,533,43,4,16056,3,4493,746,28110,1608,250,31,81,43,262,331,250 1,1,1,1,1,1,1,1,1,1,1,1,1,1,1,1,1,1,1,1,1,1
