67,54,4,14368,1180,487,281,168,55,54,4,11267,5763,9939,4,79,14,1279,379,719,13,256,212,3,142,3,776,3,803,3,1087,6331,7,238,3,5,958,121,61,13,1268,307 1,1,1,1,1,1,1,1,1,1,1,1,1,1,1,1,1,1,1,1,1,1,10,1,7,1,15,1,1,1,1,1,1,1,1,1,1,1,1,1,1,1
79,20,12,24,712,258,7,436,223,36,113,1676,3,186,18,1005,2122,627,307,5,387,263,1166,7,5126,9640,1181 1,1,1,1,1,1,1,1,1,1,1,1,1,1,1,1,1,1,1,1,1,1,1,1,1,1,1
18,38,11,3986,3,169,2190,28313,732,3,28314,3,28315,34,3,990,3,118,248,474,3,26,28316,116 1,1,1,1,1,1,1,1,1,1,1,1,1,1,1,1,1,1,1,1,1,1,1,1
18,1377,18,1317,52,387,3489,3,1285,238,5,454,24,451,10,773,17,907 1,1,1,1,1,1,1,1,1,1,1,1,1,1,1,1,1,1
18,20,933,10,468,10,6,224,51,24,307,626,627,12,6,493,552,1676,3,5,18,454,17,1766,10,530,10,6,230 1,1,1,1,1,1,1,1,1,1,1,1,1,1,1,1,1,1,1,1,1,1,1,1,1,1,1,1,1
12,230,4,852,289,171,22,247,1634,3,1798,80,417,307,265,3,381,7656,29,1028,289,171,22,247,123,58,265,3,3742,17,1109,688,51,387,62,255,7,627,28317,350,93,19,506,29,1159,289,5344,247,1720,9908,247,329,1357,11356,14014,647,329,289,2022,247,265,3,19,28318,718,29,486,7656,4,28319 1,1,1,1,1,1,1,1,1,1,37,37,1,1,1,1,1,1,1,1,1,1,1,1,1,1,1,1,1,1,1,1,1,1,1,1,1,1,1,1,1,1,1,1,1,1,1,1,1,1,1,1,1,1,1,1,1,1,1,1,1,1,1,1,1,1,1,1,1,1
98,370,4,252,3,16118,8247,247,3,28320,846,25,3,11356,2011 1,1,1,11,1,1,1,1,1,1,1,1,1,1,1
1694,4,176,142,178,212,257,302,431,43,16119,259,195,803,253,776,346,151,3,317,645,460,553,1091,257,16120,1091,259,652,209,634,93,257,1193,193,259,833,958,995,812,127,4,16121,33,2816,254,4,274,231,22,25,32,236,141,22,25,32,1262,215,22,25,32,932,125,22,25,16122,962,125,22,25,32,1827,462,22,25,32,1919,707,335,22,25,69,16123,829,22,25,69,2795,4,245,1272,3,2028,13,2765,1676,2555,4,11,212,3,151,3,419,701,4,292,967,523,1437,148,13718,716,1245,880,967,42,718,6791,545,4,814,4,416,2069,3,13,718,2609,19,196,4,2529,3,11,5152,227,4,332,29,576,28321,29,11,216,222,48,4,2320,876,3,493,2631,407,130,4,455,3,9,329,8,1710,2409,362,4,152,3,1465,3,308,326,327,531,4,565,2215,93,1345,352,4,410,3,999,29,3206,204 1,1,1,7,1,10,3,3,3,3,3,3,1,1,1,15,1,4,4,4,4,1,1,1,1,1,1,1,1,1,1,1,1,1,1,1,1,1,1,1,1,1,1,1,1,1,1,9,1,1,1,1,12,1,1,1,1,27,1,1,1,1,1,1,1,1,1,1,1,1,1,1,11,1,1,1,1,20,1,1,1,1,1,1,1,1,1,1,1,1,1,1,1,1,1,1,1,1,1,1,10,1,1,1,1,1,1,1,1,1,1,1,1,1,1,1,1,1,1,1,1,1,1,1,1,1,1,1,1,1,1,1,1,1,1,1,1,1,1,1,1,1,1,1,1,1,1,1,1,1,1,1,1,1,1,1,1,1,1,1,1,1,1,1,1,1,1,1,1,1,1,1,1,1,1,1,1,1,1,1,1,1,1,1,1,1,1
9439,675 1,1
149,4,456,9,578,149,8,3583,59,1305,351,663,9,578,149,8,2221,1276,351,835,9,578,149,8,2421,1310,351,769,9,578,149,8,28322,59,5738,351,392,9,578,149,8,1695,83,1311,219,347,9,578,149,8,1293,1601,219,345,9,578,149,8,6853,83,1359,219,512,2902,1478,219,1555,1880,1659,219,1184,2905,1660,1556,486,961,3289,83,5362,654,1461,2037,6626,654,2013,1944,83,2385,654,496,1131,4913,2386,219,486,1131,2042,3691,219,1981,1982,7354,83,3589,721,2509,900,3696,721,1258,1259,7976,2416,2720,1454,2438,601,2149,2673,1454,2423,335,83,5694,721,1258,1259,2229,3244,721,349,5491,83,1312,524,333,15056,2437,42,560,4419,2531,1451,734,28323,2615,1785,536,8192,1589,1381,653,1996,1360,1227,786,4864,1479,1588,823,5125,1480,654,795,5179,1424,42,1737,79,3927,3162,1060,1737,1074,1293,1737,2206,7290,2834,1060,1542,1322,83,1739,42,577,996,59,1786,42,847,117,59,1740,42,830,36,1832,42,864,519,1691,42,714,1209,28324,83,2240,524,714,577,14596,2241,524,714,847,9245,2577,524,714,830,5596,2242,524,714,864,3200,2278,524,734,28325,19,1787,44,44,177,4,302,4354,3,11,199,937,84,506,4,3518,3,100,997,792,1813,1021,9,11522,8,4,6,904,922,10,3522,429,20,72,17,325 1,1,1,1,1,1,1,1,1,1,1,1,1,1,1,1,1,1,1,1,1,1,1,1,1,1,1,1,1,1,1,1,1,1,1,1,1,1,1,1,1,1,1,1,1,1,1,1,1,1,1,1,1,1,1,1,1,1,1,1,1,1,1,1,1,1,1,1,1,1,1,1,1,1,1,1,1,1,1,1,1,1,1,1,1,1,1,1,1,1,1,1,1,1,1,1,1,1,1,1,1,1,1,1,1,1,1,1,1,1,1,1,1,1,1,1,1,1,1,1,1,1,1,1,1,1,1,1,1,1,1,1,1,1,1,1,1,1,1,1,1,1,1,1,1,1,1,1,1,1,1,1,1,1,1,1,1,1,1,1,1,1,1,1,1,1,1,1,1,1,1,1,1,1,1,1,1,1,1,1,1,1,1,1,1,1,1,1,1,1,1,1,1,1,1,1,1,1,1,1,1,1,1,1,1,1,1,1,1,1,1,1,1,1,1,1,1,1,1,1,1,1,1,1,1,1,1,1,1,1,1,1,1,1,1,1,1,1,1,1,1,1,1,1,1,1,1,1,1,1,1,1,1,1,1,1,1,1,1,1,1,1,1,1,1,1,1
689,722,15,381,5533,490,424,13,131,10,504,811,325 22,22,22,22,22,22,22,22,22,22,22,22,22
2371,10,3133,14,1063,290,10,6,1976,7,4856 1,1,1,1,1,1,1,1,1,1,1
313,3,2239,325,14,11,1810,61,12,6,137,264,5,811,325,14,464,61 1,1,1,1,1,1,1,1,1,1,1,1,1,22,22,22,22,22
713,9,11522,8,4,131,1027,1504,29,1743,989,29,33,28326,3114,15552,643,28327,260,29,33,1038,28328,989,3,28329,1038,1029,257,811,766,259,29,559,1106,42,29,33,565,2220,765,33,565,350,765,29,1501,2136,28330,31,989,873,4,79,14,15,1279,379,719,13,311,103,341,709,121,61,13,458,1302 1,1,1,1,1,1,1,1,1,1,1,1,1,1,1,1,1,1,1,1,1,1,1,1,1,1,1,1,1,1,1,1,1,1,1,1,1,1,1,1,1,1,1,1,1,1,1,1,1,1,1,1,1,1,1,1,1,1,1,1,1,1,1,1,1,1,1,1,1
4100,7,2977,158,301,778,325,3,106,28331,3,39,28332,3,2117,3,26,411 1,1,1,1,1,1,1,1,1,1,1,1,1,1,1,1,1,1
744,693,431,237,52,6,372,3323,10,96,868,13,3,15,3435,2990,1152,35,803,1302,368,31,52,2955 1,1,1,1,1,1,1,1,1,1,1,1,1,1,1,1,1,1,1,1,1,1,1,1
33,86,6791,718,3,252,3,103,898,10,1593,431,33,1236,148,179,220,8147,5,2002,35,160,29,208,157,28333,9,41,659,1534,405,6,199,1302,8,33,289,247,167,29,2933,4624,257,168,655,1847,47,8,33,14885,28334,633,1682,33,390,28335,33,2935,3120,28336,2011,33,713,12,28337,28338,4,609,8910,9758,6661,6411,3,107 1,1,1,1,1,11,1,1,1,1,1,1,1,1,1,1,1,20,1,1,1,1,1,1,1,1,1,1,1,1,1,1,1,1,1,1,1,1,1,1,1,1,1,1,1,1,1,1,1,1,1,1,1,1,1,1,1,1,1,1,1,1,1,1,1,1,1,1,1,1,1,1,1,1
28339 1
