67,54,4,28351,147,181,120,76,106,287,209,756,350,76,330,354,76,330,93,4,53,595,3,1193,72,958,1303,71,324,798,1748,411,4,12092,110,103,556,466,164,4,231,42,9941,7,16126,5,794,614,3,586,42,9941,309,19,445,4872 1,1,1,1,1,10,10,10,7,15,1,1,1,1,1,1,1,1,1,1,1,1,1,1,1,1,1,1,1,1,1,1,1,1,3,3,3,3,3,3,3,3,3,3,3,3,3,3,1,1,1,1,1,1,1,1
39,2533,9,203,1148,1463,8,901,45,2812,49,36,45,9,73,8,25,32,3,49,35,496,1798,2336,9,754,2336,9,1160,22,8,8,36,298,1104,1580,3,157,35,496,2997,3146,2303,1140,69,236,9,800,8,378,45,49,36,45,9,73,8,25,32,3,49,35,496,2158,6821,1675,36,298,25,1869,167,34,3,49,35,496,9024,9,11336,8,2303,1140,69,423,9,1406,8,447,22,25,32,613,9,610,1400,8,686,45,49,36,45,9,73,8,25,69,815,9,3203,8,549,568,2812,49,36,568,9,73,8,25,32,2547,9,4845,8,2286,45,49,36,45,9,73,8,25,32,2456,2400,45,49,36,45,9,73,8,25,69,167,958,2454,707,9,1919,9,2116,16127,974,335,22,9,2485,45,49,36,8,25,32,932,549,45,49,36,45,9,73,8,25,69,2541,2116,964,9,4090,45,819,49,58,45,9,73,8,25,32,3,49,58,298,12,272,5,58,298,12,973,96,115,112 1,11,1,1,1,1,1,1,1,1,1,1,1,1,1,1,1,1,1,1,1,1,10,25,1,25,1,1,1,1,1,1,1,1,1,1,1,1,1,1,1,1,1,1,1,12,12,12,12,12,12,12,12,12,12,12,12,12,12,12,12,12,12,1,1,1,1,1,1,1,1,1,1,1,1,1,1,1,1,1,1,1,1,26,1,1,1,1,1,1,1,9,1,1,1,1,1,1,1,1,1,1,1,1,1,1,1,1,1,1,1,1,1,1,1,1,1,1,1,1,1,27,27,27,1,1,1,1,1,1,1,1,1,1,1,1,1,1,1,1,1,1,1,1,1,1,1,1,20,1,1,1,1,1,1,1,1,1,1,1,1,1,1,1,1,1,1,1,1,1,1,1,1,1,1,1,1,1,1,1,1,1,1,1,1,1,1,1,1,1,1,1,1,1,1,1,1,1,1,1,1,1,1,1,1,1
191,60,3,245,1272,3,2028,13,2765,82 1,1,1,1,1,1,1,1,1,1
21,1408,123,108,3,336,2100,123,405,6,65 1,1,1,1,1,1,1,1,1,1,1
21,36,872,7132,32,3,11,3100,26,485 1,1,1,1,1,1,1,1,1,1
728,108,2801,7,1599,32,3,680,4368,28352,4129 1,1,1,1,1,1,1,1,1,1,1
636,126,12093 1,1,1
90,529,3,307,3,361,923 1,1,1,1,1,1,1
334,238,4872 5,5,1
321,180,1644,32 1,1,1,1
545,4,480,364,335,1752,148,13955,139,427,28353,28354,193,4334,11,1189,26,879,12095,91,10,364,5,15,3500,1752,1270,11,832,3,187,3,2189,28355,11,240,1345,7983,152,3,308,588,3,11,240,3,246,3,1061,5739,11,93,4184,4,176,28356,2756 1,1,1,1,1,1,6,6,6,6,6,1,1,1,1,1,1,1,1,1,1,1,1,1,1,1,1,1,1,1,1,1,1,1,1,1,1,1,1,1,1,1,1,1,1,1,1,1,1,1,1,1,1,1,1,7,1
41,118,2454,10,388,22,32,3,827,148,12,36,129 1,1,20,1,1,1,1,1,1,1,1,1,1
144,592,3,870 1,1,1,1
178,209,798,28357,41,144,1836,3,336,587,3,126,12093,672,32 1,1,1,1,1,1,1,1,1,1,1,1,1,1,1
377,289,10,171,22,12,272,3,377,2541,10,171,2365,662,272 1,1,1,1,1,1,1,1,1,1,1,1,1,1,1
195,403,494,3,144,836 1,1,1,1,1,1
253,28358,503,1402,3,79,1574,6648 1,1,1,1,1,1,1,1
1501,28359 1,1
