67,54,4,28477,1655,1214,3,2808,6544,6372,3,107 1,1,1,1,1,1,1,1,1,1,1,1
7534,28478,28479,3,399,684,4,3398,2457,509,47,12109,882,64,6372,4,50,38,6,1174,7,122,3398,2457,12,6,612,224,27,6,124,1177,28480 1,1,1,1,1,1,1,1,1,1,1,1,1,1,1,1,1,1,1,1,1,1,1,1,1,1,1,1,1,1,1,1,1
40,3953,767,13,937,130,76,5,817,130,371,21,68,96,12,1025,224,159,6,85,7,23,216,2225,5,103,540 1,1,1,1,1,1,1,1,1,1,1,1,1,1,1,1,1,1,1,1,1,1,1,1,1,1,1
27,6,61,85,3,16,55,37,16,21,68,244,673,308,517,7,6,16157 1,1,1,1,1,1,1,1,1,1,1,1,1,1,1,1,1,1
16,21,38,11,1923,7,48,453 1,1,1,1,1,1,1,1
16,21,38,11,380,136,3,48,3,303,26,1575,34 1,1,1,1,1,1,1,1,1,1,1,1,1
16,21,38,437,19,380,27,1470,306,210,1818,7,308,5,16,109,46,131,194,114,93 1,1,1,1,1,1,1,1,1,1,1,1,1,1,1,1,1,1,1,1,1
23,39,389,158,203,3,8888,3,1650,3,613,3,736,3,729,3,4308,3,906,3,663,835,5,165 1,1,1,1,11,1,1,1,25,1,9,1,12,1,20,1,1,1,1,1,1,1,1,8
19,102,101,3,23,140,14,8267,624 1,1,1,1,1,1,1,1,1
23,63,94,14,12110,70,5,53,303,2198 1,1,1,1,1,1,1,1,1,1
23,130,156,14,1578,5,145 1,1,1,1,1,1,1
386,156,14,1079,74,14,15,131,118,12,1161,715,94 1,1,1,1,1,1,1,1,1,1,1,1,1
216,57,97,222 1,1,1,1
155,57,1466,91,10,463,783 1,1,1,1,1,1,1
612,77,14,639,17,15,589,891,213,51,11,561,14,61 1,1,1,1,1,1,1,1,1,1,1,1,1,1
23,214,14,152,3,396,3,770,7,1061,5,222 1,1,1,1,1,1,1,1,1,1,1,1
114,57,639,17,675,133,954,1441,27,6,444,7,6,789,6718,5,131,2215,93,10,6,28481,100 1,1,1,1,1,1,1,1,1,1,1,1,1,1,1,1,1,1,1,1,1,1,1
23,1145,14,338,1871,13,4610,292,804,12,50,5,1330,11,173,84,66,169,1145 1,1,1,1,1,1,1,1,1,1,1,1,1,1,1,1,1,1,1
12,1351,3,3451,2457,981,166,16,14,12,131,1053,1930,27,6,61,85 1,1,1,1,1,1,1,1,1,1,1,1,1,1,1,1,1
16,146,37,16,21,38,153,765,12,6,80 1,1,1,1,1,1,1,1,1,1,1
397,1237,23,8888,228,3,50,41,2717,23,861,1597 1,1,1,1,1,1,1,1,1,1,1,1
684,4,3398,2457,509,47,12109,3278,1655,1214,3,2808,134,74,57,88,174,1377,26,664,12,6,198,7,40,3953,767,3,395,190,770,10,745,271,15,454 1,1,1,1,1,1,1,1,1,1,1,1,1,1,1,1,1,1,1,1,1,1,1,1,1,1,1,1,1,1,1,1,1,1,1,1
1015,3,8614,9944,3,107 1,1,1,1,1,1
28482,250,31,81,43,262,331,250 1,1,1,1,1,1,1,1
