67,54,4,28467,1655,900,3,2380,5219,1934,3864,3,107 1,1,1,1,1,1,1,1,1,1,1,1,1
2891,8612,124,4654,5913,469,12106,3,399,12107,684,4,3398,2457,509,47,8613,882,64,3864,4,50,38,6,1174,7,2784,3398,2457,12,6,528,224,19,1655,9484 1,1,1,1,1,1,1,1,1,1,1,1,1,1,1,1,1,1,1,1,1,1,1,1,1,1,1,1,1,1,1,1,1,1,1,1
293,2457,61,13,15,234,7,437,5,1133,606 1,1,1,1,1,1,1,1,1,1,1
6,28,109,422,37,16,21,38,184,147,12,6,80,5,12,1488,3,1194,984,170,87,183 1,1,1,1,1,1,1,1,1,1,1,1,1,1,1,1,1,1,1,1,1,1
313,3,13,6,516,7,23,181,120,76,3,16,38,68,191,954,476,597,16,526,164,17,15,216,120,260 1,1,1,1,1,1,1,10,10,10,1,1,1,1,1,1,1,1,1,1,1,1,1,1,1,1
159,37,164,170,129,183,3,16,21,38,15,1742,1551,7,85,405,75,16,21,606,1804,1133 1,1,1,1,1,1,1,1,1,1,1,1,1,1,1,1,1,1,1,1,1,1
27,6,1122,85,3,6,28,14,52,343,17,817,130,371,5,12,1488,3,21,38,15,95,118,12,23,228,7,1210,289 1,1,1,1,1,1,1,1,1,1,1,1,1,1,1,1,1,1,1,1,1,1,1,1,1,1,1,1,1
6,28,422,37,405,23,124,3,16,242,46,1146,327,166,15,997,792,3,75,15,331,242,527,10,2544,3,313,3,4615 1,1,1,1,1,1,1,1,1,1,1,1,1,1,1,1,1,1,1,1,1,1,1,1,1,1,1,1,1
27,6,137,85,3,293,2457,14,190,2335,476,5,190,35,693,16,14,449,10,49,15,1672,184,3,75,16,20,775,10,191,170,129,183 1,1,1,1,1,1,1,1,1,1,1,1,1,1,1,1,1,1,1,1,1,1,1,1,1,1,1,1,1,1,1,1,1
12,1488,3,16,20,933,95,37,16,109,31,160,1804,1133 1,1,1,1,1,1,1,1,1,1,1,1,1,1
16,90,15,209,263,3,600,16,109,598,46,128,535,1475,75,1036,10,263 1,1,1,1,1,1,1,1,1,1,1,1,1,1,1,1,1,1
23,80,39,30,158,71,3,216,120,260,3,181,120,76,13,394,1156,5,251,849,3,817,130,371,3,931,373,3,106,3,776,3,2043,992,3,5,473,361,432 1,1,1,1,1,4,1,1,1,1,1,10,10,10,1,1,1,1,1,1,1,1,1,1,1,1,1,1,7,1,15,1,1,1,1,1,1,1,1
684,4,3398,2457,509,47,8613,3278,16152,23,39,158,203,3,289,3,2427,3,1088,3,613,3,736,3,729,3,4308,3,15,6565,752,3,663,3,959,3,2681,3,4102,3,5,165 1,1,1,1,1,1,1,1,1,1,1,1,11,1,1,1,25,1,13,1,9,1,12,1,20,1,1,1,1,1,1,1,1,1,1,1,1,1,1,1,1,8
16,21,11,374,357,127 1,1,1,1,1,1
16,1285,1711,238,87,183 5,5,5,5,5,5
19,77,89,3,16,38,15,63,94,7,9323 1,1,1,1,1,1,1,1,1,1,1
23,133,20,1973,3,1130 1,1,1,1,1,1
718,880,19,702,737,417,20,27,388,42,3,51,186,50,827,92,3,92,20,1137,42 1,1,1,1,1,1,1,1,1,1,1,1,1,1,1,1,1,1,1,1,1
23,140,20,4838,842 1,1,1,1,1
16,14,12,11,386,342,27,427 1,1,1,1,1,1,1,1
23,1239,38,683,2596,5,15,954,381,789,5532,737,2618 1,1,1,1,1,1,1,1,1,1,1,1,1
23,136,38,11,985,577,638 1,1,1,1,1,1,1
48,38,1441,184,327,12,6,53,649,13,876 1,1,1,1,1,1,1,1,1,1,1
23,70,155,20,91 1,1,1,1,1
23,130,20,12,15,145,4673,239,13,15,28468,589,213 1,1,1,1,1,1,1,1,1,1,1,1,1
23,214,20,6613,3,51,703 1,1,1,1,1,1,1
23,114,57,13,433,2215,93,5,11,743 1,1,1,1,1,1,1,1,1,1
350,400,154,38,68,582,12,1387,5,20,390,465,89,3,75,722,37,16,21,15,2411,1682,5,756,7888,1472 1,1,1,1,1,1,1,1,1,1,1,1,1,1,1,1,1,1,1,1,1,1,1,1,1,1
23,137,316,2153,20,265,620,141,42,66,37,7,1387 1,1,1,1,1,1,1,1,1,1,1,1,1
16,21,11,6175,922 1,1,1,1,1
50,1343,293,2457,17,15,226,321,5,16,636,5583,998,2060,42,5,37,158,139,321,115,175,2645,7,1625 1,1,1,1,1,1,1,1,1,1,1,1,1,1,1,1,1,1,1,1,1,1,1,1,1
12,1351,3,50,1526,37,293,2457,21,437,75,14,166,372,422,10,817,130,371,5,4771 1,1,1,1,1,1,1,1,1,1,1,1,1,1,1,1,1,1,1,1,1
313,3,50,191,1526,16,1317,46,15,997,792,649,19,808,77,5,649,19,23,30,5,1241,3,50,46,510,201,10,46,15,3349,48,1793,943 1,1,1,1,1,1,1,1,1,1,1,1,1,1,1,1,1,1,1,1,1,1,1,1,1,1,1,1,1,1,1,1,1,1
293,2457,38,170,664,422,10,23,7436,228,1092,157,5,50,46,420,37,16,157,344,3836,11667,15,65,145 1,1,1,1,1,1,1,1,1,1,1,1,1,1,1,1,1,1,1,1,1,1,1,1,1
50,191,31,1526,74,14,88,1255,10,52,1001,66,62,1092,4079,17,40,767 1,1,1,1,1,1,1,1,1,1,1,1,1,1,1,1,1,1
50,191,420,37,16,299,105,288 1,1,1,1,1,1,1,1
16,1338,160,10,86,23,2192,5,50,41,1338,144,23,48,738,19,6,1987,6771,37,16,208,1255,66,15,997,792 1,1,1,1,1,1,1,1,1,1,1,1,1,1,1,1,1,1,1,1,1,1,1,1,1,1,1
50,46,98,660,10,201,37,16,11,1810,606,1804,1133 1,1,1,1,1,1,1,1,1,1,1,1,1
23,350,400,154,98,38,722,15,988,28469,2153,3,313,3,92,109,2593,186,3396,17,959,1053,5,1241,191,31,1526,37,16,14,166,10,46,1275,62,2027,155,76,26,350,684,4,3398,2457,509,47,8613,5753,16152,354,76 1,1,1,1,1,1,1,1,1,1,1,1,1,1,1,1,1,1,1,1,1,1,1,1,1,1,1,1,1,1,1,1,1,1,1,1,1,1,1,1,1,1,1,1,1,1,1,1,1,1,1
313,3,119,41,1338,2717,40,139,23,417,1948 1,1,1,1,1,1,1,1,1,1,1
941,360,17,510,40,1751,28 1,1,1,1,1,1,1
134,360,46,88,664,3,395,191,887,1837,10,454 1,1,1,1,1,1,1,1,1,1,1,1
1015,3,2512,16153,3,107 1,1,1,1,1,1
28470,426,4,8614,4144,3,107 1,1,1,1,1,1,1
124,1177,28471,1413,16154,2780,16155,3,399,16156,250,31,81,43,262,331,250 1,1,1,1,1,1,1,1,1,1,1,1,1,1,1,1,1
