67,54,4,28483,3309,612,2855,3417,28484,1299,16154,2780,2457,3,3398,16155,3,399,16156,12109,9,14250,8,28485,28486,5219,719,3864,3,107 1,1,1,1,1,1,1,1,1,1,1,1,1,1,1,1,1,1,1,1,1,1,1,1,1,1,1,1,1,1
2589,5913,469,12106,3,399,12107,882,64,3864,3,50,38,6,1174,7,122,3398,2457,12,6,612,2855,19,3257 1,1,1,1,1,1,1,1,1,1,1,1,1,1,1,1,1,1,1,1,1,1,1,1,1
40,3953,767,13,181,120,76,606,356,251,5,131,589,1029,55,37,16,38,10,1784,12,6,4479,7,23,723,3,121,557,12,6,28487,3716,99,421 1,1,1,1,10,10,10,1,3,3,1,1,1,1,1,1,1,1,1,1,1,1,1,1,1,1,1,1,1,1,1,1,1,1,1
1151,40,2265,429,3,16,21,11,91,437,19,380,3,418,3,1171,3,26,48,453,27,6,61,85 1,1,1,1,1,1,1,1,1,1,1,1,1,1,1,1,1,1,1,1,1,1,1,1
16,86,19,203,3,289,335,22,15,65,3,2427,171,22,337 1,1,1,11,1,1,1,1,1,1,1,25,1,1,1
2739,3,1088,171,22,15,65,3,613,231,22,1047,3,736,125,22,15,65,3,729,108,22,337 1,1,13,1,1,1,1,1,9,1,1,1,1,12,1,1,1,1,1,20,1,1,1
1047,3,4308,3,906,3,5,4374,12,475,10,23,165 1,1,1,1,1,1,1,1,1,1,1,1,8
19,102,77,89,3,23,63,94,14,28488 1,1,1,1,1,1,6,6,6,6
23,130,156,14,1578,5,145 1,1,1,1,1,1,1
386,156,14,1079,74,14,11,118,12,1161,715,94 1,1,1,1,1,1,1,1,1,1,1,1
216,57,97,222 1,1,1,1
155,57,91,10,463,783 1,1,1,1,1,1
612,77,14,639,17,525,1630,3,1094,3,304,3,5,2118,2111,310 1,1,1,1,1,1,1,1,1,1,1,1,1,1,1,1
23,214,14,152,5,396 1,1,1,1,1,1
16,21,11,222 1,1,1,1
23,114,57,617,13,1610,675,133,5,670,628,783 1,1,1,1,1,1,1,1,1,1,1,1
16,21,11,330,93,27,6,61,85 1,1,1,1,1,1,1,1,1
23,1145,14,639,17,338,1871,3,202,7,169,811,778,490,3,5,525,8101,11444,3,75,57,886,66,23,169,1145 1,1,1,1,1,1,1,1,1,1,3,3,3,3,1,1,1,1,1,1,1,1,1,1,1,1,1
293,2457,61,89,13,15,3312,1053,161,3,51,15,479,63,94 1,1,1,1,1,1,1,1,1,1,1,1,1,1,1
27,40,802,3,16,55,37,16,14,1466,49,23,2427,1047,3,5,50,41,2046,201,86,10,191,37 1,1,1,1,1,1,1,1,1,1,1,1,25,1,1,1,1,1,1,1,1,1,1,1
119,41,118,23,729,10,141,22,3,5,16,41,52,96,115,13,360,630,6,441,493,113 1,1,1,1,20,1,1,1,1,1,1,1,1,1,1,1,1,1,1,1,1,1
134,74,57,88,174,1377,12,6,198,7,40,767,3,395,745,271,15,454 1,1,1,1,1,1,1,1,1,1,1,1,1,1,1,1,1,1
1015,3,533,43,4,8614,9944,497,8614,9944,3,107 1,1,1,1,1,1,1,1,1,1,1,1
746,28489,16158,806,4,12111,825,4,12111,843,4,12111,250,31,81,43,262,331,250 1,1,1,1,1,1,1,1,1,1,1,1,1,1,1,1,1,1,1
