67,54,4,28548,28549,124,281,168,55,426,48,34,282,1273,379,719,13,1694,2797,17,458,3,142,3,585,831,9,5795,7660,3,132,19,2305,8,3,5,151,1584,118,307,5,48,34,225,36,113,85 1,1,1,1,1,1,1,1,1,1,1,1,1,1,1,1,1,1,1,1,1,1,7,1,1,1,1,1,1,1,1,1,1,1,1,1,4,1,1,1,1,1,1,1,1,1,1
116,31,422,10,380,5,146,1456,548,14,6,2175,7,34 1,1,1,1,1,1,1,1,1,1,1,1,1,1
957,27,427 1,1,1
190,166,94,5,27,85,1925,34,3,31,422,10,1481 1,1,1,1,1,1,1,1,1,1,1,1,1
5659,186,2774,2265 1,1,1,1
34,14,2550,12,1692,3,28,258,99,115,10,552,27,15,85 1,1,1,1,1,1,1,1,1,1,1,1,1,1,1
11,1149,15557,26,10933,709 1,1,1,1,1,1
31,422,10,269 1,1,1,1
146,37,307,5,48,34,57,209,147,17,24,5,6,404,18,61,10,6,230,14,517,6,116,46,118,225,6,80,113 1,1,1,1,1,1,1,1,1,1,1,1,1,1,1,1,1,1,1,1,1,1,1,1,1,1,1,1,1
11,424,116,7,1473,26,990 1,1,1,1,1,1,1
146,598,418 1,1,1
28,98,190,34,12,24,188,3,489,3,5,303,75,18,1762,10,24,1013,5,31,584,7,6,34 1,1,1,1,1,1,1,1,1,1,1,1,1,1,1,1,1,1,1,1,1,1,1,1
258,37,18,391,19,210,2347,5,40,109,1282,19,199,84 1,1,1,1,1,1,1,1,1,1,1,1,1,1
90,5354 14,1
146,648,27,472,9,3433,191,31,957,6665,8 1,1,1,1,1,1,1,1,1,1,1
28,258,18,21,1041,338,411 1,1,1,1,1,1,1
1694,142,3,458,9,232,589,400,693,8,3,1975,9,80,3595,12117,3318,8,3,151,350,1881,33,100,3,343,27,5562,1569,224,9,241,13,311,2050,1472,12,3612,3,6488,3,5865,1287,545,8,3,11842,804,431,13,3439,1362,28550,27,5562,1569,224,28551,29,4697,168,28552,13,28553,3,241,72,17,545,5,971,1498,3,958,3,363,13,6416,2850,3,1365,1657,76,9,110,591,918,8,3,713,4,28554,4,6,53,692,589,400,630,44,406 1,7,1,1,1,1,1,1,1,1,1,1,1,1,1,1,1,1,1,4,1,1,1,1,1,1,1,1,1,1,1,1,1,1,1,1,1,1,1,1,1,1,1,1,1,1,3,3,3,1,1,1,1,1,1,1,1,1,1,1,1,1,1,1,1,1,1,1,1,1,1,1,1,1,1,1,1,1,1,1,1,1,1,1,1,1,1,1,1,1,1,1,1,1,1,1,1,1,1,1,1
74,14,1076,53,692,1029,75,858,6,811,1961,3,40,21,3006,13609,11579,264 1,1,1,1,1,1,1,1,1,1,1,1,1,1,1,1,1,1
6,1505,891,1138,14,2277,42 1,1,1,1,1,1,1
1505,1501,589,94,14,1600,1420 1,1,1,1,1,1,1
70,692,589,400,14,630,44,406 1,1,1,1,1,1,1,1
429,6,904,922,10,3522,429,20,9919,17,325 1,1,1,1,1,1,1,1,1,1,1
6,778,570,57,630,44,406,5,191,31,722,202,7,778,325,26,490 1,1,1,1,1,1,1,1,1,1,1,1,1,1,1,1,1
1177,9,73,8,13,758,2228,12,8278,308,166,3136,152,1233,5585,3,31,1149,17,181,120,76 1,1,1,1,1,1,1,1,1,1,1,1,1,1,1,1,1,1,1,1,1,1
28555,42 1,1
545,1638,241,28556,4,11,202,7,350,1881 1,1,1,1,1,1,1,1,1,1
2308,16167,7,6,2617,5,194,114,722,11,202,7,7,971 1,1,1,1,1,1,1,1,1,1,1,1,1,1
15,2282,123,1932,632,635,14,1946,19,689,4211,12,6,70,473,1443 1,1,1,1,1,1,1,1,1,1,1,1,1,1,1,1
12,475,3,74,14,3334,2361,1991,858,6,100,155 1,1,1,1,1,1,1,1,1,1,1,1
74,14,2027,350,93,5,15,381,70,997,792 1,1,1,1,1,1,1,1,1,1,1
9849,48,241,4,356,722,635,12,6,70,473,155,1370,1173,643,123,996,643,21,538 1,1,1,1,1,1,1,1,1,1,1,1,1,1,1,1,1,1,1,1
254,2305,669,32,2669,6249,32,252,547,32,5204,755,22,32,274,279,32,1126,501,305,167,289,171,69,1816,1327,5277,167,809,501,69,950,231,305,167,815,171,32,930,231,305,1522,171,32,233,4714,33,874,1105,2795,245,1272,3,11296,66,24,5252,9,16168,28557,8 1,1,1,1,1,1,1,11,1,1,1,1,1,1,9,1,1,1,1,1,1,1,1,1,1,1,1,1,17,1,1,1,1,1,1,1,1,1,1,1,1,1,1,1,1,1,1,1,1,1,1,1,1,1,1,1,1,1,1,1,1
2063,112,28558,2591,39,75,28,286,49,2317 1,1,1,1,1,1,1,1,1,1
370,1993,3082,5,150,575,13,4033 1,1,1,1,1,1,1,1
370,79,27,163 1,1,1,1
1127,13,15,2515,27,472 1,1,1,1,1,1
238,4,90,541,4,90,4454,4,200,2555,90,12,230,3,28559,3,28560,3,28561,3,7623,3,1914,42,658,1183,42,1467,29,370,289,125,247,3,252,3,9472,2011,3,1184,6275,1580,3,5,165,320,189 14,14,14,1,1,14,1,1,1,1,14,1,1,1,1,1,1,1,6,1,1,1,1,1,1,1,1,1,1,1,1,1,1,1,11,1,1,1,1,1,1,1,1,1,48,48,48
545,701,1207,4,4502,148,4,6914,523,4,382,716,4,1695,28562,42,1467,814,480,3,2034,15,3277,5995,227,863,3,665,3,797,3,11,16169,789,2369,136,576,185,3,11,309,48,100,876,4860,7,6,1767,115,6,155,1412,3,376,91,3,11,407,130,455,3,11,1099,362,1289,3,152,3,2938,3,11,240,531,433,93,270,6,595,3,133,877,1069,196,11,277,26,243,779,1084,193,51,673,554,12,6234,3,4656,6245,19,2921,352,4085,3,9,417,258,87,14,2266,3,306,2593,3,28563,4994,11,1114,2349,3,11,1439,2549,3,4979,185,1017,1009,204,670,628,1006,28564 1,1,1,1,1,6,6,6,1,1,1,1,1,1,1,1,1,1,1,1,1,1,1,1,1,1,1,1,1,1,1,1,1,1,1,1,1,1,1,1,1,1,1,1,1,1,1,1,1,1,1,1,1,1,1,1,1,1,1,1,1,1,1,1,1,1,1,1,1,1,1,1,1,1,1,1,1,1,1,1,1,1,1,1,1,1,1,1,1,1,1,1,1,1,1,1,1,1,1,1,1,1,1,1,1,1,1,1,1,1,1,1,1,1,1,1,1,1,1,1,1,1,1,1,1,1,1,1,1,1,1,1
149,349,3047,1312,524,333,4273,2437,42,560,6168,2531,1451,734,9059,2615,1785,536,8050,1589,1381,653,547,1360,1227,786,8034,1479,1588,823,5401,1480,654,795,6749,83,1424,42,1737,79,4054,83,3162,1060,1737,2206,11397,2834,1060,1154,1066,370,1257,1125,1277,1542,1000,83,1739,42,577,125,59,1786,42,847,210,1740,42,830,117,1832,42,864,36,1691,42,714,1209,8616,2240,524,714,577,16170,2241,524,714,847,7908,2577,524,714,830,5651,2242,524,714,864,5990,2278,524,1661,200,44,1577,217,44,2360,200,2096,200,456,9,578,149,8,2589,1305,351,663,9,578,149,8,2953,1276,351,295,2124,4,416,5050,835,9,578,149,8,2030,1310,351,769,9,578,149,8,9037,59,1450,351,392,9,578,149,8,996,1311,219,347,9,578,149,8,1492,1601,219,345,9,578,149,8,16171,83,1359,219,512,3198,1478,219,1555,2949,1659,219,1184,1857,59,1660,1556,486,961,3116,2602,654,1461,2086,59,2464,654,2013,2906,83,2385,654,496,1131,601,1389,2386,219,486,1131,829,3691,219,1981,1982,1483,3589,721,2509,1352,3696,721,1258,1259,3465,2282,2720,1454,1905,1956,1514,3248,42,295,2124,4,1905,1988,4179,1520,266,10,2721,422,1514 1,1,1,1,1,1,1,1,1,1,1,1,1,1,1,1,1,1,1,1,1,1,1,1,1,1,1,1,1,1,1,1,1,1,1,1,1,1,1,1,1,1,1,1,1,1,1,1,1,1,1,1,1,1,1,1,1,1,1,1,1,1,1,1,1,1,1,1,1,1,1,1,1,1,1,1,1,1,1,1,1,1,1,1,1,1,1,1,1,1,1,1,1,1,1,1,1,1,1,1,1,1,1,1,1,1,1,1,1,1,1,1,1,1,1,1,1,1,1,1,1,1,1,1,1,1,1,1,1,1,1,1,1,1,1,1,1,1,1,1,1,1,1,1,1,1,1,1,1,1,1,1,1,1,1,1,1,1,1,1,1,1,1,1,1,1,1,1,1,1,1,1,1,1,1,1,1,1,1,1,1,1,1,1,1,1,1,1,1,1,1,1,1,1,1,1,1,1,1,1,1,1,1,1,1,1,1,1,1,1,1,1,1,1,1,1,1,1,1,1,1,1,1,1,1,1,1,1,1,1,1,1,1,1,1,1,1,1,1,1,1,1,1,1,1,1
2438,1499,2673,1454,295,2124,4,5050,1891,2423,335,83,3965,721,1258,1259,1364,3244,721,3090,9,12118,8,16172,83,601,501,1454,2585,1706,1706,5503,4397,91,3584,433,193,2736,72,193,3585,72,193,3586,2854,16173,3479,3587,63,565,193,1838,2482,3480,3588,1508,193,6835,72,193,3466,72,193,1886,1018,72,193,4435,1323,1323,2003,4436,2936,1323,2003,4437,493,193,2003,3951,2567,1323,4233,5128,9902,2567,1323,193,5128,2147,763,504,193,2003,10514,3933,493,193,2003,4611,4243,492,177,338,1267,1458,2337,3,4354,9,61,19,302,177,8,506,741,354,9713,5,128,2027,1991,29,131,350,93,1075,10,169,77 1,1,1,1,1,1,1,1,1,1,1,1,1,1,1,1,1,1,1,1,1,1,1,1,1,1,1,1,1,1,1,1,1,1,1,1,1,1,1,1,1,1,1,1,1,1,1,1,1,1,1,1,1,1,1,1,1,1,1,1,1,1,1,1,1,1,1,1,1,1,1,1,1,1,1,1,1,1,1,1,1,1,1,1,1,1,1,1,1,1,1,1,1,1,1,1,1,1,1,1,1,1,1,1,1,1,1,1,1,1,1,1,1,1,1,1,1,1,1,1,1,1,1,1,1,1,1,1,1,1,1
241,545,1638,192,5,104,28565,256,458,9,1539,1029,8,3,1975,9,110,3595,8,3,142,3,151,3,80,1069,545,61,13,118,529,5,307,85,113 1,1,1,1,1,1,1,1,1,1,1,1,1,1,1,1,1,1,1,1,7,1,4,1,1,1,1,1,1,1,1,1,1,1,1
1154,158,458,1302,9,367,481,7,254,2700,8,3,1392,3,545 1,1,1,1,1,1,1,1,1,1,1,1,1,1,1
36,8,545,33,3090,14,16172,29,676,9161,189,2315,3,945,28566,13,1315,1024,29,545,1638,241,29,86,10,659,348,3,370,2576,3652,12,3086,17,3078,2660,5,86,58,228,315,570,29,3512,241,1164,4,11,202,7,545,600,406,43,759,5492,29,3334,2361,84,1287,13,458,29,86,676,35,79 1,1,1,1,1,1,1,1,1,1,1,1,1,1,1,1,1,1,1,1,1,1,1,1,1,1,1,1,1,1,1,1,1,1,1,1,1,1,1,1,1,1,1,1,1,1,1,1,1,1,1,1,1,1,1,1,1,1,1,1,1,1,1,1,1,1,1,1
13,256,545,5,2033,603,241,1164 1,1,1,1,1,1,1,1
58,8,1593,431,33,898,72,1634,29,252,3,718,29,5639,86,9,11,202,7,589,1029,8,29,370,1176,9,1088,1580,8,3,132,659,12,481,7,3078,2660,117,8,458,33,2933,50,78,2951,3,105,140,3,11,2179,353,29,77,275,416,633,1930,3,139,417,2192,9,289,125,247,1634,8,41,659,12,691,7,241,914,1462,3,450,633,161,3,11,1687,27,40,85,210,8,151,33,659,348,3,19,165,2510,13,69,2446,108,8,336,33,72,28567,3,4243,2936,4710,3,493,3519,29,166,1497,28568,12,1789,28,3,1130,3,11,118,349,3,1241,11,516,27,40,85 1,1,1,3,1,1,1,1,1,11,1,1,1,1,1,1,1,1,1,1,1,1,1,1,73,73,73,73,73,1,1,1,1,1,1,1,1,1,1,1,1,1,1,1,1,1,1,1,1,1,1,1,1,1,1,1,1,1,1,1,1,1,1,1,1,1,1,1,1,1,1,1,1,1,1,1,1,1,1,1,1,1,1,1,1,1,1,1,4,1,1,1,1,1,48,48,1,1,1,1,1,1,1,1,1,1,1,1,1,1,1,1,1,1,1,1,1,1,1,1,1,1,1,1,1,1,1,1,1,1,1,1
1155,4,56,815,2623,4,56,1127,3,4279,726,4,56,874,16174,5484,3,229,28569 1,1,1,1,1,1,1,1,1,1,1,1,1,1,1,1,1,1,1
