67,54,4,14701,16190,3,28607,3,12126,730,234,4,48,94 1,1,1,1,1,1,1,1,1,1,1,1,1,1
293,4545,14,221,43,6,385,5,98,221,5,101,43,271 1,1,1,1,1,1,1,1,1,1,1,1,1,1
16,14,15,688,66,62,1987,124,10,52,162,517,7,23,48,34 1,1,1,1,1,1,1,1,1,1,1,1,1,1,1,1
30,7,61,328,4,40,14,15,4099,498,121,20,2660,128,28608,12,15,3077,40,495,27,223,12127,1532,27,37,85,3,16,1204,199,788,7,6827,3,48,34,3,5,48,94,424,13,226,7,184 1,1,1,1,1,1,1,1,1,1,1,1,1,1,1,1,1,1,1,1,1,1,1,1,1,1,1,1,1,1,1,1,1,1,1,1,1,1,1,1,1,1,1,1,1,1
16,768,23,34,35,52,244,2265,223,6863,3,768,1602,2535,23,48,5,226,7,184 1,1,1,1,1,1,1,1,1,1,1,1,1,1,1,1,1,1,1,1
16,258,37,477,16,20,321,949,23,469,23,48,34,1344,984,5,159,286,92,20,855,5,7362,12,1692 1,1,1,1,1,1,1,1,1,1,1,1,1,1,1,1,1,1,1,1,1,1,1,1,1
16,20,943,10,16191,2881,124,834,16,20,221,3,343,3,5,688,425 1,1,1,1,1,1,1,1,1,1,1,1,1,1,1,1,1
16,14,137,34,770 1,1,1,1,1
27,28609,258,23,805,20,72 1,1,1,1,1,1,1
23,1905,20,72 1,1,1,1
23,177,111,15,4043,12,1016,5,1415,5,38,11,199,563,185,26,563,363,19,23,5084,75,3966,13,1025,5084,425 1,1,1,1,1,1,1,1,1,1,1,1,1,1,1,1,1,1,1,1,1,1,1,1,1,1,1
80,39,30,4,23,30,3,313,3,14,173,12,37,16,21,15,103,593,37,20,359,12,28610 1,1,1,1,1,1,1,1,1,1,1,1,1,1,1,1,1,1,1,1,1,1,1
27,37,85,3,16,38,637,309,243,7,180,42,3,53,1264,20,180,42,3,5,53,2075,20,98,180,42 1,1,1,1,1,1,1,1,1,1,1,1,1,1,1,1,1,1,1,1,1,1,1,1,1,1
16,38,62,614,243,75,20,231,42,3,614,637,243,3,13,232,2511,1298 1,1,1,1,1,1,1,1,1,1,1,1,1,1,1,1,1,1
23,99,1132,20,12,28611 1,1,1,1,1,1
27,37,85,3,23,1038,400,20,44,5,16,38,62,559,7,1320,42,10,335,42 1,1,1,1,1,1,1,1,1,1,1,1,1,1,1,1,1,1,1,1
23,80,39,30,14,173,17,71,5,106,35,60,35,365,393,3,38,62,778,490,12,3133,3,30,7,2024,1447,373,5,30,7,971,12,23,53,194,114,12,4791,80,591,30,4,16,21,38,62,5899 1,1,1,1,1,1,1,4,1,7,1,1,1,15,15,15,3,3,3,3,3,3,1,1,1,1,1,1,1,1,1,1,1,1,1,1,1,1,1,1,1,1,1,1,1,1,1,1
16,526,2080,556,164,12,9651,16,21,98,38,15,1487,5,2790 1,1,1,1,1,1,1,1,1,1,1,1,1,1,1
206,30,4,16,14,15,28612,1095 1,1,1,46,46,46,46,46
150,30,4,98,3,21,15,1610,150,30,7,103,76 1,1,1,1,1,1,1,1,1,1,1,1,1
39,4,16,14,132,34,770,51,768,23,34,40,495,35,6827,3,94,166,3,5,1602,12,23,48 1,1,1,1,1,1,1,1,1,1,1,1,1,1,1,1,1,1,1,1,1,1,1,1
102,101,4,23,316,205,425,57,44 1,1,1,1,1,1,1,1,1
23,227,77,14,703 1,1,1,1,1
23,136,14,332,13,91,155,100 1,1,1,1,1,1,1,1
16,21,15,4105,589,213 1,1,1,1,1,1
16,21,11,502,26,561 1,1,1,1,1,1
23,133,57,44,3,60,1070,783,5,617,114 1,1,1,1,1,1,1,1,1,1,1
214,14,152,97,88,240,3,232,326,327 1,1,1,1,1,1,1,1,1,1
114,57,44 1,1,1
457,532,4,177,35,768,270,465,3,15,662,12,1016,5,1415,3,376,11,199,84,19,23,5084 1,1,1,1,1,1,1,1,1,1,1,1,1,1,1,1,1,1,1,1,1,1,1
23,897,14,2148,5,23,805,14,72 1,1,1,1,1,1,1,1,1
23,347,14,2905,13,15,392,7,8155,233,174,149,57,44,158,23,63,366,75,14,16192,318,499,438,4,6,28,82,1448,14,64,250,31,81,43,262,331,250,826,319,5,5641,744,160,1033,103,593,134,1936 1,1,1,1,1,1,1,1,1,1,1,1,1,1,1,1,1,1,1,1,1,1,1,1,1,1,1,1,1,1,1,1,1,1,1,1,1,1,1,1,1,1,1,1,1,1,1,1,1
505,4,48,34,5,48,94,13,30,7,62,431,5,30,7,181,120,76 1,1,1,1,1,1,1,1,1,1,1,3,1,10,10,10,10,10
497,16193,3,12126,107 1,1,1,1,1
487,4,16194,292,4,16194,533,43,4,16193,3,12126,746,28613,1608 1,1,1,1,1,1,1,1,1,1,1,1,1,1,1
