67,54,4,15770,404,17,112,434,7,112,4,293,4545,20,688,10,14589,19,7562,66,16191,2881,124,3,834,16,38,61,13,226,7,184,5,48,34 1,1,1,1,1,1,1,1,1,1,1,1,1,1,1,1,1,1,1,1,1,1,1,1,1,1,1,1,1,1,1,1,1,19,19
551,146,37,635,143,55,19,241,12,155,5,1012 1,1,1,1,1,1,1,1,1,1,1,1
28614,17,1430,4,365,341,1018,172,17,28,13,403,7,1447,373 1,1,1,1,1,1,1,1,1,1,1,1,1,1,1
206,30,28615,2345,5,1623,182,4,403,20,1007,43,551 1,1,1,1,1,1,1,1,1,1,1,1,1
28,537,1520,3493,10,1784 1,1,1,1,1,1
293,4545,14,15,1483,379,832,3,920,2632,87 1,1,1,1,1,1,1,1,1,1,1
16,245,13,23,551,16195,12,2374,28616,10455,163,12,2637,4449 1,1,1,1,1,1,1,1,1,1,1,1,1,1
16195,14,1428,5,86,10,285,296,85 1,1,1,1,1,1,1,1,1
6,1517,21,267,491,4,175,244,976,43,29,6,174,12,14294 1,1,1,1,1,1,1,1,1,1,1,1,1,1,1
28617,161,4,28,919,66,28618,139,188,1373,620,558,87,183 1,1,1,1,1,1,1,1,1,1,1,1,1,1
28619,483,4,14980 1,1,1,1
1922,30,7,137,436,28620,4,151,3,142,3,1447,373,29,28621,3,130,28622 1,1,1,1,1,1,1,4,1,7,1,1,1,1,1,1,1,1
944,436,30,4,11,944,436,30 1,1,1,1,1,1,1,1
28623,30,4,334,238,1711,856,87,183 1,1,1,5,5,5,5,5,5
109,31,728,485,26,157,88,174,3817,357 1,1,1,1,1,1,1,1,1,1
28624,30,4,11,403,7,1229 1,1,1,1,1,1,1
2608,28625,3798,4,28,82,551,10501,14,23,4443 1,1,1,1,1,1,1,1,1,1,1
174,341,5,479,4,475,6135,4,192,2992,4,293,4545,61,35,244,3493,3,31,1784,12,1187 1,1,1,1,1,1,1,1,1,1,1,1,1,1,1,1,1,1,1,1,1,1
551,146,37,16,21,68,355,1097,60,27,163,3,13,3639,4121 1,1,1,1,1,1,1,1,1,1,1,1,1,1,1
19,232,65,3,16,112,2524,26,4590,5421 1,1,1,1,1,1,1,1,1,1
551,3,23,747,7161,3,3647,6,3172 1,1,1,1,1,1,1,1,1
551,14,31,28626,43,241,461,3,258,37,74,46,68,635,61,17,334,128,85,5,37,677,57,976,450 1,1,1,1,1,1,1,1,1,1,1,1,1,1,1,1,1,1,1,1,1,1,1,1,1
24,1535,14,37,293,4545,14,52,162,17,268,172,7,48,34 1,1,1,1,1,1,1,1,1,1,1,1,1,19,19
28,28627,4,16196,1818,13,28,5,551,17,172,5,1623 1,1,1,1,1,1,1,1,1,1,1,1,1
104,293,4545,41,52,162,10,281,297 1,1,1,1,1,1,1,1,1
261,160,10,52,2717,186,211 1,1,1,1,1,1,1
6265,8959,2747,10265,3,28628,47,28629 1,1,1,1,1,1,1,1
