67,54,4,28651,668,55,4329,5230,16200,16201,513,112,17,40,4809,12130,428 1,1,1,1,1,1,1,1,1,1,1,1,1,1,1,1,1
18,468,89,2800,43,2625,489,34 1,1,1,1,1,1,1,1
19,15,356,112,18,38,640,7,40,5,50,1081,10,1627,24,19,2707,51,18,1081,10,527,1126 1,1,1,1,1,1,1,1,1,1,1,1,1,1,1,1,1,1,1,1,1,1,1
6,34,2800,24,1770,27,421,5,14,8331 1,1,1,1,1,1,1,1,1,1
92,2800,24,186,18,527,10,7188,24,4984,5633,24,188 1,1,1,1,1,1,1,1,1,1,1,1,1
174,306,37,18,21,68,191,1097,60 1,1,1,1,1,1,1,1,1
18,21,31,38,88,48,34 1,1,1,1,1,1,1
18,21,31,38,88,116,7,1524 1,1,1,1,1,1,1,1
18,21,15,1629,7,479,223,24,209,153,765,5,1081,10,235,40 1,1,1,1,1,1,1,1,1,1,1,1,1,1,1,1
39,4,613 1,1,9
28652 28
2454,707 20,1
2883 21
2707 1
203 11
127,4,218,646,28653 1,1,1,1,1
150,30,4,3357 1,1,1,1
206,30,4,18,21,15,491,3,4762,3,121,21,68,244,1623 1,1,1,1,1,1,1,1,1,1,1,1,1,1,1
11,1711,26,541 14,14,1,1
81,7,182,4,18,1499,207,2740,1018 1,1,1,1,1,1,1,1,1
18,38,15,733,398,12,1306,3,75,20,7555,18,38,62,2728,77,12,1374 1,1,1,1,1,1,1,1,1,1,1,1,1,1,1,1,1,1
102,101,4,3106 1,1,1,1
140,2909,948 1,1,1
63,94,12131 29,29,29
133,14,5414,196,77,569 1,1,1,1,1,1
227,4,665 1,1,1
11,2662,2036 1,1,1
11,908 1,1
11,879 1,1
50,368,31,841,88,216,222 1,1,1,1,1,1,1
155,57,91 1,1,1
11,213 1,1
11,561 1,1
703,214 1,1
11,3356 1,1
11,3789 1,1
11,975,93 1,1,1
101,7,6,70,489,111,37,18,21,246,19,4096,2981,2337,51,24,372,1194,246,14,13,24,281,2378,5,18,14,775,10,191,40,268,306,3718 1,1,1,1,1,1,1,1,1,1,1,1,1,1,1,1,1,1,1,1,1,1,1,1,1,1,1,1,1,1,1,1,1,1
540,4,6,70,8619,6140,20,5320,13,12132 1,1,1,1,1,1,1,1,1,1
6,196,20,1984,13,36,42,16202,12,15,1651,9302,3267 1,1,1,1,1,1,1,1,1,1,1,1,1
6,8619,6140,4060,20,1148,13,15,1299,9302,3267,5,15,28654,7,11749,7,36,42,16202,5,549,7,8847,20,1050 1,1,1,1,1,1,1,1,1,1,1,1,1,1,1,1,1,1,1,1,1,1,1,1,1,1
18,572,6,540,60 1,1,1,1,1
4329,5230,16200,16201,1167,58,176,2378,2496,2481 1,1,1,1,1,1,1,1,1,1
18,370,62,1050,35,270 1,1,1,1,1,1
178,212 1,10
191,60,97,116 1,1,1,1
195,106 1,7
232,179 1,1
253,185,393 1,15,15
24,393,21,68,476,179 1,1,1,1,1,1
346,2440,354,76 1,1,1,1
18,14,191,60,139,24,28655 1,1,1,1,1,1,1
18,21,15,131,1114,2349,376,11,91,202,7,419 1,1,1,1,1,1,1,1,1,1,1,1
460,71 1,4
18,21,1349,733,398,5,21,38,95,2728,77 1,1,1,1,1,1,1,1,1,1,1
5508,3189,9955,3,107 1,1,1,1,1
28656,4,16203,250,31,81,43,262,331,250 1,1,1,1,1,1,1,1,1,1
