67,54,4,28705,528,12133,9235,599,684,4,110,2782,3119,157,15,279,643,28706,6982,2388,19,7662,882,64,7633,4,92,14,15,1174,122,1243,3575,12,96,115,110,24,2782,3119,19,7662,157,15,279,643,16217,6982,2388 1,1,1,1,1,1,1,1,1,1,1,1,1,1,1,1,1,1,1,1,1,1,1,1,1,1,1,1,1,1,1,1,1,1,1,1,1,1,1,1,1,1,1,1,1,1,1,1,1
24,30,14,98,173,17,811,2095,6,495,139,5474,489,164,17,4301,568,12,12136,3,961,73,1874,3,803,3,142,5,1856 1,1,1,1,1,1,1,3,1,1,1,1,1,1,1,1,1,1,1,1,1,1,1,1,1,1,7,1,15
18,14,191,60,66,6,103,2979 1,1,1,1,1,1,1,1
18,86,10,55,15,1119,3,10897,418,51,258,37,571,46,2173,11074,12,1692,225,6,87 1,1,1,1,1,1,1,1,1,1,1,1,1,1,1,1,1,1,1,1,1
18,109,146,3,313,3,37,18,1196,10,55,7090,3,10897,255,7,48,34,75,126,223,36,129,183 1,1,1,1,1,1,1,1,1,1,1,1,1,1,1,1,1,1,1,1,1,1,1,1
18,631,37,43,6,85,18,484,704,223,49,15,1104,1798,408,3,6,34,21,538 1,1,1,1,1,1,1,1,1,1,1,1,1,1,1,1,1,1,1,1
24,593,275,28707,212 1,1,1,10,10
173,3221,12,6,4802,7,6,614 1,1,1,1,1,1,1,1
6,443,614,27,6,169,993,1192,981,44 1,1,1,1,1,1,1,1,1,1
18,90,88,268,273,927,26,555 1,1,1,1,1,1,1,1
7,55,3,18,275,37,15,493,113,169,10,788,7,48,34,18,1196,238,465 1,1,1,1,1,1,1,1,1,1,1,1,1,1,1,1,5,5,5
18,20,238,108,28708,3,5,21,488,159,4275,186,18,1833,24,4521,516,104 5,5,5,5,5,5,5,5,5,5,5,1,1,1,1,1,1,1
1025,99,67,520,1597,2543,19,28709,4,1579,4,2589,3,926,4,5175,11,3039,26,580,55 1,1,1,1,1,1,1,1,1,1,1,1,1,1,1,1,1,1,1,1,1
18,21,38,40,390,159,5,14,52,96,43,64,9539 1,1,1,1,1,1,1,1,1,1,1,1,1
119,2477,13,580,839,7,78,1071,29,986,29,3255,80,39,30,4,11052,2963,96,489,164,13,202,7,199,4330,1449,7,24,614,29,11,174,2989,243,1946 1,1,1,1,1,1,1,1,1,1,1,1,1,1,1,1,1,1,1,1,1,1,1,1,1,1,1,1,1,1,1,1,1,1,1,1
367,6470,3563 1,1,1
110,3290,13,16207,1489,33,16208,2782,13,742,70,10,53,3540,961,73,1874,9,367,507,10,3340,938,8,4301,568,187,489,29,110,5474,591,918,16209,208,16210,10970,221,43,64,6484,33,11,993,160,812,1856,142,1395,9,353,179,8,33,1284,185,17,223,117,991,110,1355,2396,256,381,326,756,803,84,10,127,1339,33,1105,4,277,257,81,259,150,30,4,573,4,583,27,1000,33,895,399,661,4,583,27,1490,33,367,1353 3,3,1,1,1,1,1,1,1,1,1,1,1,1,1,1,1,1,1,1,1,1,1,1,1,1,1,1,1,1,1,1,1,1,1,1,1,1,1,1,1,1,1,1,1,1,15,7,4,1,1,1,1,1,1,1,1,1,1,1,1,1,1,1,1,1,1,1,1,1,1,1,1,1,1,1,1,1,1,1,1,1,1,1,1,1,1,1,1,1,1,1,1,1,1,1,1,1
403,7,151,3,803,2603,4,625,2603,33,233,3138,5,60,206,30,4,3190 1,1,1,1,1,1,1,1,1,1,1,1,1,1,1,1,1,1
117,3700,727 1,1,1
285,27,9958,16211,3,9957,17,16212,5306 1,1,1,1,1,1,1,1,1
699,4,171,1308,2058,403,3,334,397,489,16213,4521,485,4,200,288,4,11,3005,288,353,4,11,1409,353,3834,4,58,9348,81,7,182,4,11,1171,3,616,3,2969,26,611 1,1,1,1,1,1,1,5,1,1,1,1,1,1,1,1,1,1,1,1,1,1,1,1,1,1,1,1,1,1,1,1,1,1,1,1,1,1,1,1,1
427,7,81,7,182,14,72,12,402 1,1,1,1,1,1,1,1,1
102,101,4,2793,4,4675,1821,3,504,341,1612,4,28710,924,2182,4,5118,842 1,1,1,1,1,1,1,1,1,1,1,1,1,1,1,1,1,1
2540,4,15,78,1071,29,1071,29,1117,1200,1595,4,634,4,11,93,1614,4,44,326,327 1,1,1,1,1,1,1,1,1,1,1,1,1,1,1,1,1,1,1,1,1
396 1
11,1128,26,621,985,857 1,1,1,1,1,1
1502,4,1362,2399,14,2321 1,1,1,1,1,1
156,5,239,145 1,1,1,1
304,310,97,9593 1,1,1,1
1613,4,155,57,91,10,463,574,1674,4,332 1,1,1,1,1,1,1,1,1,1,1
576,78,1071,29,986,29,4648 1,1,1,1,1,1,1
216,217,13,232,1700,5,11,222 1,1,1,1,1,1,1,1
1877,4,1172,3,1121 1,1,1,1,1
1665,4,2310,3,12,480,1546,4,9694,1420,2251,4,617,3,797,3,97,277 1,1,1,1,1,1,1,1,1,1,1,1,1,1,1,1,1,1
177,4,924,3,28711 1,1,1,1,1
192,5,104,4,12,1351,3,3041,14,15,4895,522,110,778,490,3,166,6,295,7,6470,3563,1696,15,742,2782,3,5,110,3119,7,24,2782,19,7662,157,15,279,643,16217,6982,2388 1,1,1,1,1,1,1,1,1,1,1,1,1,3,3,1,1,1,1,1,1,1,1,1,1,1,1,1,1,1,1,1,1,1,1,1,1,1,1,1,1,1
18,557,211,66,6,103,2979,3,5,90,88,268,273,927 1,1,1,1,1,1,1,1,1,1,1,1,1,1
138,24,301,788,7,48,34,3,5,95,369,10,238,3,119,46,773,24,10,488,238,5,454,1186,12,58,113,10,146,88,84,12,24,48,34 1,1,1,1,1,1,1,1,1,1,1,1,1,1,1,1,1,1,1,1,1,1,1,1,1,1,1,1,1,1,1,1,1,1,1
134,27,37,85,3,6,34,21,828,119,41,564,62,1011,97,689,29,134,24,34,21,538,13,238,2389,119,41,773,24,10,96,115,13,24,451,10,86,13,238,2389,104 1,1,1,1,1,1,1,1,1,1,1,1,1,1,1,1,1,1,1,1,1,1,1,1,1,1,1,1,1,1,1,1,1,1,1,1,1,1,1,1,1
119,46,773,37,18,46,64,16216,7633,2820,1186,15,2154,7,24,372,95,520,1597,17,1025,67,5,46,11964,6,580,839,7,602,306,231,17,507,1468,7,419 1,1,1,1,1,1,1,1,1,1,1,1,1,1,1,1,1,1,1,1,1,1,1,1,1,1,1,1,1,1,1,1,1,1,1,1,1
119,46,773,24,10,564,15,1165,97,5339,17,1025,1908,81,3,5,41,454,24,711,571,295,57,1382,10,1186 1,1,1,1,1,1,1,1,1,1,1,1,1,1,1,1,1,1,1,1,1,1,1,1,1,1
119,740,13,86,7,24,252,340,5,41,122,24,12,96,115,987,12,36,87,13,1033,1165,97,5339 1,1,1,1,1,1,11,1,1,1,1,1,1,1,1,1,1,1,1,1,1,1,1,1
39,1003,9,660,8,660,33,1994,3999,1592,69,33,203,462,22,105,33,962,25,105,49,175,552,397,6,671,911,7,6,65,33,736,1632,25,608,33,6260,3999,167,56,56,56,56,56,56,56,56,56,56,56,56,56,56,56,56,56,56,56,56,56,56,56,56,56,56,56,56,56,56,1004,33,236,171,22,105,1363,154,890,4,1165,97,5339,92,20,15,1174,122,629,3575,12,903,89 1,1,1,1,1,1,1,1,1,1,1,1,11,1,1,1,1,1,1,1,1,1,1,1,1,1,1,1,1,1,1,12,1,1,1,1,1,1,1,1,1,1,1,1,1,1,1,1,1,1,1,1,1,1,1,1,1,1,1,1,1,1,1,1,1,1,1,1,1,1,1,12,1,1,1,1,1,1,1,1,1,1,1,1,1,1,1,1,1,1,1,1
395,191,31,1837,10,454,13,88,268,28712 1,1,1,1,1,1,1,1,1,1
1015,3,4731,9961,229,2687,43,4,16215,487,16218,205,867,43,4731,9961,3,229,710,47,16214,607,161,4,603 1,1,1,1,1,1,1,1,1,1,1,1,1,1,1,1,1,1,1,1,1,1,1,1,1
