67,54,4,28759,229,5663,454,28760,28761,66,64,4550,27,2272,198,224,4040,12138,3,6894,641,4944,4002 1,1,1,1,1,1,1,1,1,1,1,1,1,1,1,1,1,1,1,1,1,1,1
28,162,74,28762,13,458,1302,13,128,424,803,1302,5,424,854 1,1,1,1,1,1,1,1,1,1,1,1,1,1,1
233,417,265,51,286,224,627,28763 1,1,1,1,1,1,1,1
28,606,231,42,8361,2609,10,1515,44,1045,13,2405,3391,9,403,861,761,8 1,1,1,1,1,1,1,1,1,1,1,1,1,1,1,1,1,1
224,111,350,93,51,11,336,2284,10,247,289 1,1,1,1,1,1,1,1,1,1,1
28,38,2785,11525,161 1,1,1,1,1
1066,43,150,10,64,4550,10,688,28,10,28764 1,1,1,1,1,1,1,1,1,1,1
50,2907,10,229,3,757,3,5,4005,5,2865,10,2431,28,186,18,20,39,2410 1,1,1,1,1,1,1,1,1,1,1,1,1,1,1,1,1,1,1
50,1377,18,20,1520,328,10,3720,688,27,6,85,97,2016,28765 1,1,1,1,1,1,1,1,1,1,1,1,1,1,1
50,454,2178,188,27,8118,5,3952,37,28,38,718,1045,7,586,42,3,28766,5,1495,229,38,14174,28,82,2785,11525,890,1151,128,150,2084,1951,10,1911,92 1,1,1,1,1,1,1,1,1,1,1,1,1,1,1,1,1,1,1,1,1,1,1,1,1,1,1,1,1,1,1,1,1,1,1,1
28,1520,328,10,688,3720,29,41,732,271,465,134,28,2410 1,1,1,1,1,1,1,1,1,1,1,1,1,1
3921,2747,8591,3,229,10879,594 1,1,1,1,1,1,1
