67,54,4,28723,7663,1569,1002,1013,499,1173,7664,563,4002,3,4944,7665,3,6894,9962,7666,12137,16220,629,4002,468,12,89,10,96,115,19,24,140,5,63,366,179,3,35,60,35,10,235,24,1057,944,161,5,92,915,19,24,245,2345 1,1,1,1,1,1,1,1,1,1,1,1,1,1,1,1,1,1,1,1,1,1,1,1,1,1,1,1,1,1,1,1,1,1,1,1,1,1,1,1,1,1,1,1,1,1,1,1,1,1,1,1,1,1
674,4,24,80,39,30,158,585,831,3,161,315,153,6202,3,161,315,621,5,1027,735,938,13,15,1940,735,3,19,209,452,3,15,95,621,1391,918,5,698,963,37,3,158,15,1266,75,21,68,343,3,5,132,3975,5,5150,944,161 1,1,1,1,1,1,1,1,1,1,1,1,1,1,1,1,1,1,1,1,1,1,1,1,1,1,1,1,1,1,1,1,1,1,1,1,1,1,1,1,1,1,1,1,1,1,1,1,1,1,1,1,1,1,1,1
18,98,14,2644,71 1,1,1,4,4
39,4,24,39,137,158,4,176,930,1142,2568 1,1,1,1,1,1,1,1,1,1,1
178,165,596,125,189,12,6,495,3,141,12,6,744 1,8,8,8,8,1,1,1,1,1,1,1,1
195,2125,1231,65 1,1,1,1
253,2669,5,5204 1,1,1,1
346,3516,13956 1,1,1
460,1819,2062,5,28724 1,1,1,1,1
652,5295,171,15,65 1,12,1,1,1
833,452,1314,1231,65,3,708,3097,3046 1,1,1,1,1,1,1,1,1
995,5373,672,15,65 1,1,1,1,1
1079,706,378,909,174,65 1,1,1,1,1,1
81,7,182,4,6,28,55,37,18,21,68,190,60,5,312,308 1,1,1,1,1,1,1,1,1,1,1,1,1,1,1,1
18,14,449,10,321,963,24,1422,97,24,2515 1,1,1,1,1,1,1,1,1,1,1
18,109,157,6,2515,1987,7,6,1422,17,4148,5,4867 1,1,1,1,1,1,1,1,1,1,1,1,1
18,14,2028,12,4934,5,5869,3,35,60,35,2741,5,3086,911 1,1,1,1,1,1,1,1,1,1,1,1,1,1,1
18,3,313,3,14,606,15,1629,7,1224,13,355,24,39 1,1,1,1,1,1,1,1,1,1,1,1,1,1
18,21,24,4005,8541,575,24,13,40 1,1,1,1,1,1,1,1,1
18,21,31,68,319,7,6,1422,681,12,6,99,170,129,3,5,3,477,18,1081,10,1418,3,28725,21,1301,24,10,299,5633,6,4503 1,1,1,1,1,1,1,1,1,1,1,1,1,1,1,1,1,1,1,1,1,1,1,1,1,1,1,1,1,1,1,1
6,28,376,190,60,13,11,48,34,3,11,226,7,184,3,11,84,12,24,326,26,931 1,1,1,1,1,1,1,1,1,1,1,1,1,1,1,1,1,1,1,1,1,1
1215,4,18,21,38,15,140,75,21,68,211,3,5,24,1059,21,68,232 1,1,1,1,1,1,1,1,1,1,1,1,1,1,1,1,1,1
102,101,4,639,17,15,2269,522,121,321,13,15,2515,3,2335,3,51,12,11,199,342 1,1,1,1,1,1,1,1,1,1,1,1,1,1,1,1,1,1,1,1,1
24,140,14,2030,842 1,1,1,1,1
24,63,94,89,14,12087 1,1,1,1,1,1
24,133,14,382,5,145,89 1,1,1,1,1,1,1
18,21,11,330,93,3,5,18,14,1250,983,12,15,3055 1,1,1,1,1,1,1,1,1,1,1,1,1,1
339,4,808,1057,339,14,37,629,4002,14,211,13,24,137,389,5,39 1,1,1,1,1,1,1,1,1,1,1,1,1,1,1,1,1
119,46,68,6873,24,7663,1569,1002,1013,499,1907,7664,563,4002,3,4944,7665,3,6894,9962,7666,12137,16220,1167,58,452,10,1107,24,905,1226,58,5,1646,5,3,372,95,3,92,20,755,3,2082,40,113 1,1,1,1,1,1,1,1,1,1,1,1,1,1,1,1,1,1,1,1,1,1,1,1,1,1,1,1,1,1,1,1,1,1,1,1,1,1,1,1,1,1,1,1,1,1
18,41,86,19,24,137,39,3,35,55,270 1,1,1,1,1,1,1,1,1,1,1
6,2526,7,6,235,20,641,24,163,2345,5,24,944,161 1,1,1,1,1,1,1,1,1,1,1,1,1,1
18,21,91,265,24,944,161,2122,225,6,99,170,129 1,1,1,1,1,1,1,1,1,1,1,1,1
18,14,2069,10,1418 1,1,1,1,1
313,3,28726,12,6,150,121,14,13,24,27,6,112,5,24,112,757,740,37,18,14,31,944,327,2643,10,52,5633,15,4503 1,1,1,1,1,1,1,1,1,1,1,1,1,1,1,1,1,1,1,1,1,1,1,1,1,1,1,1,1,1
50,1509,40,12,11,3788,1892,3,5,98,481,15,28727,12,355,7,24,2133,39 1,1,1,1,1,1,1,1,1,1,1,1,1,1,1,1,1,1,1
10868,3,1025,544,839,37,119,481,89,143,4,176,355,7,6,28,82,2133,39,3,75,18,20,191,1062,129,183 1,1,1,1,1,1,1,1,1,1,1,1,1,1,1,1,1,1,1,1,1,1,1,1,1,1,1
178,10,299,319,7,6,1422,27,1376,711,15,113,3,157,1275,1993,3419,26,15,150,2084 1,1,1,1,1,1,1,1,1,1,1,1,1,1,1,1,1,1,1,1,1
195,10,52,191,6,150,82,14268,1231,113 1,1,1,1,1,1,1,1,1,1
477,6,28,20,31,2922,223,52,933,37,18,550,31,1418,3,18,16221,6,404,5,20,6686,13,6,839,37,119,481 1,1,1,1,1,1,1,1,1,1,1,1,1,1,1,1,1,1,1,1,1,1,1,1,1,1,1,1
10868,3,50,41,122,24,188,12,223,1062,113,5,122,1667,18,14,191,13,571,839 1,1,1,1,1,1,1,1,1,1,1,1,1,1,1,1,1,1,1,1
35,60,3,119,41,86,10,46,6,112,757,122,24,909,174,113,10,450,24,63,366,5,452 1,1,1,1,1,1,1,1,1,1,1,1,1,1,1,1,1,1,1,1,1,1,1
497,6306,2821,3,107 1,1,1,1,1
9069,4,28728,28729,28730,28731,250,31,81,43,262,331,250 1,1,1,1,1,1,1,1,1,1,1,1,1
