67,54,4,28824,5220,3,3068,16240,28825,54,7,168,4,747,198,331,4,4719,2231,5930,3,107 1,1,1,1,1,1,1,1,1,1,1,1,1,1,1,1,1,1,1,1,1,1
3555,2512,2988,5072,124,16241,28826,1418,28827,3,2106,28828,510,331,4,3142,1330,28829,3,107 1,1,1,1,1,1,1,1,1,1,1,1,1,1,1,1,1,1,1,1
3287,7123,9668,1569,207,124,3919,28830,1073,3,28831,28832,16242,1826,3,2106,28833,30,4,293,5220,14,510,17,172,7,899,181,76,161 1,1,1,1,1,1,1,1,1,1,1,1,1,1,1,1,1,1,1,1,1,1,1,1,1,1,1,10,10,10
16,21,30,7,170,341,709,5,15,30,7,106,3,776,5,15,30,7,1711,238 1,1,1,1,1,1,1,1,1,1,1,7,1,15,1,1,5,5,5,5
16,21,15,169,30,7,330,120,76,13,15,374,291,621,1391 1,1,1,1,1,1,1,1,1,1,1,1,1,1,1
16,98,21,15,30,7,8625,621,735,13,5627,260,19,95,713,5,1923,585,831 1,1,1,1,1,1,1,1,1,1,1,1,1,1,1,1,1,1,1
16,14,161,315,15,7580,431,12,3133,5,38,62,1813,1021,12,1135,3341,13,62,302,811,431,5,7785,325 1,1,1,1,1,3,3,3,3,1,1,1,1,1,1,1,1,1,1,3,3,3,3,3,3
16,61,13,118,695,13,380,834,16,14,449,10,191,372,308,5,2429,1625,5,321,23,4910,3,51,109,46,223,175,255,7,695,15,113,477,28834,2718,37,99,223,108,435,5,538,13,427 1,1,1,30,30,30,30,1,1,1,1,1,1,1,1,1,1,1,1,1,1,1,1,1,1,1,1,19,19,19,19,19,19,1,1,1,1,1,1,1,1,1,1,1,1
16,21,31,38,88,427,34 1,1,1,1,1,1,1
17,23,118,695,3,16,38,62,1101,103,593,359,99,129,3,51,677,57,775,10,2608,6,28835,2488,6,1510,120,5,62,679,20,449,10,1964,37,16,21,62,1559,1518 1,1,1,1,1,1,1,1,1,1,1,1,1,1,1,1,1,1,1,1,1,1,1,1,1,1,1,1,1,1,1,1,1,1,1,1,1,1,1,1
16,286,38,15,53,3175,120 1,1,1,1,1,1,1
103,593,37,275,899,181,76,13,15,7750,42,443,53,1264,260,5,170,76,7,6,309,5,2075,13,673,1298,5,15,5192,1449,7,6,637,70,181,13,2511,66,6,309,1961 1,1,1,1,1,10,10,1,1,1,1,1,1,1,1,1,1,1,1,1,1,1,1,1,1,1,1,1,1,1,1,1,1,1,1,1,1,1,1,1,1
74,20,62,16243,2075,37,197,10,318,66,6,70,181,5,74,20,15,664,7,23,16244,309,13,15,3751,4802,3570,10,6,53,1264,3,51,6,607,7,40,20,31,91 1,1,1,1,1,1,1,1,1,1,1,1,1,1,1,1,1,1,1,1,1,1,1,1,1,1,1,1,1,1,1,1,1,1,1,1,1,1,1,1
13,6,1549,7,23,3524,3,16,14,510,17,268,172 1,1,1,1,1,1,1,1,1,1,1,1,1
16,21,376,15,30,7,1711,238,5,334,544,129,183,3,109,31,728,541 1,1,1,1,5,5,5,5,1,1,1,1,1,1,1,1,1,1
16,14,920,5,245,12,5485 1,1,1,1,1,1,1
39,4,23,472,297,158,203,547,22,15,65,3,21,158,1484,3,4765,141,22,15,65,3,613,215,22,956,15,65,3,236,382,22,15,65,5,2415,141,22,15,65 1,1,1,1,1,1,11,1,1,1,1,1,1,1,1,1,13,1,1,1,1,1,9,1,1,1,1,1,1,12,1,1,1,1,1,62,1,1,1,1
102,101,4,15,2269,498,12,11,199,342 1,1,1,1,1,1,1,1,1,1
63,94,7,9901,3,133,7,5811,5,702,737,880,7,1035,42 1,1,1,1,1,1,1,1,1,1,1,1,1,1,1
16,38,11,1161,715,1453 1,1,1,1,1,1
48,20,91 1,1,1
130,38,44,304,5,310 1,1,1,1,1,1
11,1162,26,1094 1,1,1,1
74,14,15,1710,589,891,213,1291,6,53,1456,1876 1,1,1,1,1,1,1,1,1,1,1,1
23,214,20,703 1,1,1,1
114,111,11,330,93,3,51,244,2505,443,133,37,143,3195,43,1193 1,1,1,1,1,1,1,1,1,1,1,1,1,1,1,1
689,264,4,23,1145,111,338,239,13,53,574,5311,893,5,20,376,569 1,1,1,1,1,1,1,1,1,1,1,1,1,1,1,1,1
23,149,111,15,4768,7,28836,3,345,2666,5,824,7,171,42 1,1,1,1,1,1,1,1,1,1,1,1,1,1,1
339,4,293,5220,61,13,899,354,76,158,53,1264,5,5874,76 1,1,1,1,1,1,1,1,1,1,1,1,1,1,1
119,41,527,5,5001,476,23,1466,3524,5,166,191,1640,1617,10,527,5,1946,6,2175,7,88,16244,884,5,286,46,15,591,278,641,556,164,17,23,53,1264,899,76 1,1,1,1,1,1,1,1,1,1,1,1,1,1,1,1,1,1,1,1,1,1,1,1,1,1,1,1,1,1,1,1,1,1,1,1,1,1,1
119,41,98,299,62,1132,10,3934,198,6,621,735 1,1,1,1,1,1,1,1,1,1,1,1
119,41,98,166,278,6,354,2792,10,235,355,7,6,1559,1518 1,1,1,1,1,1,1,1,1,1,1,1,1,1,1
497,2917,59,28837,3,107 1,1,1,1,1,1
746,28838,7942,806,4,12148,825,4,12148,843,4,12148 1,1,1,1,1,1,1,1,1,1,1,1
