67,54,4,28906,6014,7,28907,7882,154,548,30,78,102,101,5,1901,192,16263,9742,16264,3,4413 1,1,1,1,1,1,1,1,1,1,1,1,1,1,1,1,1,1,1,1,1,1
28908,7294,3,4413 1,1,1,1
9968,9548,3,4413 1,1,1,1
10259,10852,3,4413 1,1,1,1
2140,10946,3,107 1,1,1,1
39,5679,54,4,680,1135,2489,540,4,40,1476,87,302,358,13,875,3648,14,503,17,15,875,3062,13,3399,19,16265,1299,3,2489,43,64,4719,9861,730,234,78,30,7,61,328,4,40,1476,87,302,767,21,68,2461,1224,5,2262,4322,159,2641,186,16,2103,15,1769,822,12,15,667,66,15,10282,27,62,9969,4415 1,1,1,1,1,1,1,1,1,1,1,1,1,1,1,1,1,1,1,1,1,1,1,1,1,1,1,1,1,1,1,1,1,1,1,1,1,1,1,1,1,1,1,1,1,1,1,1,1,1,1,1,1,1,1,1,1,1,1,1,1,1,1,1,1,1,1,1,1,1,1,1
16,21,68,2461,51,21,355,10,1210,5,299,2171,12,5,319,7,6,2262 1,1,1,1,1,1,1,1,1,1,1,1,1,1,1,1,1,1
16,1196,1005,1790,5,1507,7,394,23,473,114,5,677,537,6,1122,35,397,16,38,23,875,3062,12,5820,16,20,775,10,4949,23,3281,5,1196,894,3048 1,1,1,1,1,1,1,1,1,1,1,1,1,1,1,1,1,1,1,1,1,1,1,1,1,1,1,1,1,1,1,1,1,1,1,1
1093,2494,264,143,359,12,1374,1985,6,4095,14,37,16,21,100,202,7,875,14142,70,1470,306,6,53 1,1,1,1,1,1,1,1,1,1,1,1,1,1,1,1,1,1,1,1,1,1,1,1
202,7,1009,1542,604,74,14,98,202,10,508,15,131,3082,604,27,6,1788,100,80,39,30,4,176,3400,507,10,1769,822,12,9969,4415,1875,12,2641,178,875,4464,195,803,157,167,959,4459,253,212,110,619,1200,12,2266,593,359,12,1306,4791,95,429,359,12,208,1985,30,7,619,3,374,776,3,106,3,437,19,380,3,373,3,238 1,1,1,1,1,1,1,1,1,1,1,1,1,1,1,1,1,1,1,1,1,1,1,1,1,1,1,1,1,1,1,1,1,1,1,1,1,1,1,1,1,1,1,1,1,10,1,10,3,3,3,1,1,1,1,1,1,1,1,1,1,1,1,1,10,1,1,15,1,7,1,1,1,1,1,1,1,1
110,1069,2556,3,445,388,33,1559,2491,10,1898,3,883,2285 1,1,1,1,1,1,1,1,1,1,1,1,1,1
883,2491,10,614 1,1,1,1
162,13,9,59,8,518,48,34,3,826,319,17,431,43,898 1,1,1,1,1,1,1,1,1,1,1,1,1,1,1
826,319,17,621,1899,43,3374,99,8792,28909,33,789,766,431,3,72,17,325 1,1,1,1,1,1,1,1,1,1,1,3,3,3,1,1,1,1
4932,9,73,8,4,505,7,325 1,1,1,1,1,1,1,1
801,4,747,505,14,28910 1,1,1,1,1,30
475,801,158,776,3,181,120,76,3,106,3,71,3,287 1,1,1,15,1,1,1,1,1,7,1,4,1,1
39,4,959,3,1827,3,932,3,613,3,2031 1,1,1,1,11,1,1,1,9,1,27
540,4,6,28,526,62,1813,429,154,13,288 1,1,1,1,1,1,1,1,1,1,1
3631,1813,228,4,1618,28911 1,1,1,1,1,1
1804,303,288,123,28912,9,1644,4,1060,8 1,1,1,1,1,1,1,1,1,1
36,948,666,2066,140,28913,16266,4873,143,1050,2786,96,3905,7,1813,13,288,5,28914,689,532,6102 1,1,1,1,1,1,1,1,1,1,1,1,1,1,1,1,1,1,1,1,1,1
475,532,143,6102,96,2786,1050,7,1033,28915,16266,4873,27,427,19,6,1122,65 1,1,1,1,1,1,1,1,1,1,1,1,1,1,1,1,1,1
2490,2910,20,4644,5,28916,192,7,1177,589,400,20,1049 1,1,1,1,1,1,1,1,1,1,1,1,1
429,154,295,4,2630,1458,3115,228,9,1644,4,1060,8,10446,523,9,15843,442,3115,8,1973,1139,442,1232,9,215,42,2879,8,148,9,15844,442,1263,8,16267,1139,442,16267,9,5077,1139,28917,8,1263,2053,1166,4,28918,15846,9,73,8,4,6,1638,20,492 1,1,1,1,1,1,1,1,1,1,1,1,1,1,1,1,1,1,1,1,1,1,1,1,1,1,1,1,1,1,1,1,1,1,1,6,1,1,6,1,1,1,1,1,1,1,1,1,1,1,1,1,1,1,1,1,1,1
48,34,242,31,957 1,1,1,1,1
427,904,4,6,427,1145,275,1452,563,1076,5,1552,448 1,1,1,1,1,1,1,1,1,1,1,1,1
338,1871,28919 1,1,1
671,851,5395,429,904,4,11,563,1076,84,143,1642,405,40,154 1,1,1,1,1,1,1,1,1,1,1,1,1,1,1
2117,4,200,429,154,1445,72,17,325 1,1,1,1,1,1,1,1,1
313,3,6,2047,7,11128,563,1076,84,17,2468,173,212,14,406 1,1,1,1,1,1,1,1,1,1,1,1,10,1,1
570,295,4,6,53,1529,14,44,12,978 1,1,1,1,1,1,1,1,1,1
74,14,15,504,2228,12,8278,308,12,6,5533,766,7,6,53,1529,75,828,139,14963,27,427 1,1,1,1,1,1,1,1,1,1,1,1,1,1,1,1,1,1,1,1,1,1
6,53,692,891,1138,20,215,42,19,6,429,264 1,1,1,1,1,1,1,1,1,1,1,1
1177,766,759,448,143,55,12,6,789,766,19,6,429,264 1,1,1,1,1,1,1,1,1,1,1,1,1,1
4095,4,6,904,922,10,3522,429,20,72,17,325 1,1,1,1,1,1,1,1,1,1,1,1
6,778,570,111,5533,490,97,325,56,28920,42 1,3,3,3,3,3,3,3,3,3,3
346,16268,698,43,16269,7586,12155,329,5664,931,460,1524,82,242,46,100,216,2225,652,776,833,2606,132,19,622,108,5229,25,69,5,69,228,7,596,2148,189,12,272,5,1288,189,12,6,973 1,1,1,1,1,1,1,1,1,1,1,1,1,1,1,1,1,1,1,15,1,1,1,1,21,1,1,1,1,1,1,1,1,8,1,1,1,1,1,1,1,1,1,1
23,63,366,368,471,66,28921,5,2504,14,4202,929,995,1657,3648,4446,3718,304,141,377,841,5,2236,1477,4331,432,12,3067,9,58,189,4104,82,8,72,2128,12,1374 1,1,1,1,1,1,1,1,16,16,16,16,1,1,1,1,1,1,1,1,1,1,1,1,1,1,1,1,1,1,1,1,1,1,1,1,1,1
2165,1708,2288,2001,6356,411,4485,3661,8627,2218,3494 1,1,1,1,1,1,1,1,1,1,1
53,5435,2434,199,28922,139,23,1373,16,20,244,363,5,2847,6738,6022,1331,5,20,124,139,2208,23,1788,5,527,10,1092,2688 1,1,1,1,1,1,1,1,1,1,1,1,1,1,1,1,1,1,1,1,1,1,1,1,1,1,1,1,1
16,21,68,19,3075,4175,5,137,245,13,23,551,19,11,39 1,1,1,1,1,1,1,1,1,1,1,1,1,1,1
23,923,82,46,265,159,1639,3520,12,7440,80,591,30,4,4514,3,8256,70,28923,12,4788 1,1,1,1,1,1,1,1,1,1,1,1,1,1,1,1,1,1,1,1,1
2333,28924,7,6,875,591,548,12,1102,3474,9,70,303,323,8,619,1200,208,2266,103,593,12,1306,2975,100,216,28925,12,9094,3062,4446,5,3549,12,2333,4721,53,5435,4788 1,1,1,1,1,1,1,1,1,1,1,1,1,1,1,10,1,1,1,1,1,1,1,1,1,1,1,1,1,1,1,1,1,1,1,1,1,1,1
2165,39,4,176,252,547,5229,25,32,178,613,215,5229,25,69,195,729,141,5229,25,32,253,289,171,5229,25,32,346,4373,125,5229,25,9,58,8,27,1230,460,959,4459,58,1222,892,652,622,108,5229,25,69,833,596,165,1294,189,662,272,5,1288,189,608,127,4,11,374,357,127,600,484,762,3578,408,5,2373,646,118,762,323,3,11,127,10,1199,3,7532,26,5854,206,30,4,238,4,1285,12,2266,139,238,5855,17,215,87,541,157,4,2091,157,12,6,80,334,233,541,12,2266,6070,1543,4,200,374,11,63,1698,12,6,80,544,129,288,4,2262,4322,2686,4,919,3926,161,4,920,81,7,182,207,4,2262,1048,227,4,329,2236,5,2475,7,841,296,1693,136,612,4,28926,3,28927,3,28928,3,2606,3,21,38,1496,1871,255,1692,507,10,6216,7,6,216,338,13,136,4015,386,4,28929,273,4,511,377,998,3447,1334,1583,4,329,4331,432,12,5366,283,28930,9,1698,58,189,4104,82,8,3,329,291,766,860,3,157,3848,7316,909,174,65,17,779,326,9970,3748,4,2091,30,7,541,1229,5985,4,329,4485,3661,698,13,1041,3752,66,12155,553,28931,1862,13,53,3394,1004,12,2364,3,329,5664,931,5613,4,5902,330,354,4,90,63,1745,3,329,598,1048,93,93,1058,4,329,28932,507,10,3476,1769,329,875,4464,3,329,1365,3399,3,329,53,5435,822,139,15,667,12,2165,4766,4,90,63,935,3,26,373,3,584,26,1760,1808,4,329,363,9,122,55,12,302,940,2641,16,38,2847,6738,3874,484,2208,1788,408,5,484,2688,1092,1396,16,20,124,27,12895,39,599,196,4,329,199,6356,963,4485,3661,16270,157,9275,9,132,538,8,316,205,4,148,4,28933,643,3558,28934,1815,2573,4,1137,42,1207,4,6477,851,719,28935,2049,4,1483,2693,28936,624,77,4,207,4,60,387,3,60,2056,280,358,983,12,2262,232,4699,2064,227,4,232,471,7,759,3,11,240,3,136,813,917,3,11,222,3,100,216,164,1039,2065,4,4570,4,2309,645,2716,4,194,28937,525,484,3506,408,5,1375,3958,16271,155,4,91,10,463,130,4,145,239,3,11,213,3,4990,3,11,561,214,4,152,3,1169,246,3,1169,1747,3,44,326,327,3,11,1061,26,777,240,7133,4,4485,3661,70,473,4440,11,277,55,114,4,11,743,26,750,196,4,11,283,26,277,4061,4,11,908,273,4,1411,1093,29,1544,928,204,1009,4,1441,670,4,194,114,2674,1056,4,1441,700,4,2262,4322,942,4,4266,60,91,5,3688,3,2475,7,841,192,4,252,102,28938,1476,87,302,358,13,875,1657,3648,503,17,875,3062,13,3399,19,16265,900,3,1985,43,609,9861 1,1,1,1,1,1,1,1,1,1,9,1,1,1,1,1,20,1,1,1,1,1,1,1,1,1,1,1,12,1,1,1,1,1,1,1,1,1,1,1,1,1,1,1,21,1,1,1,1,1,8,1,1,1,1,1,1,1,1,1,1,1,1,1,1,1,1,1,1,1,1,1,1,1,1,1,1,1,1,1,1,1,1,1,1,1,1,1,1,5,5,5,5,5,5,5,5,5,5,5,1,1,1,1,1,1,1,1,1,1,1,1,1,1,1,1,1,1,1,1,1,1,1,1,1,1,1,1,1,1,1,1,1,1,1,1,1,1,1,1,1,1,1,1,1,1,1,1,1,1,1,1,1,1,1,1,1,1,1,1,1,1,1,1,1,1,1,1,1,1,1,1,1,1,1,1,1,1,1,1,1,1,1,1,1,1,1,1,1,1,1,1,1,1,1,1,1,1,1,1,1,1,1,1,1,1,1,1,1,1,1,1,1,1,1,1,1,1,1,1,1,1,1,1,1,1,1,1,1,1,1,1,1,1,1,1,1,1,1,1,1,1,1,1,1,1,1,1,1,1,1,1,1,1,1,1,1,1,1,1,1,1,1,1,1,1,1,1,1,1,1,1,1,1,1,1,1,1,1,1,1,1,1,1,1,1,1,1,1,1,1,1,1,1,1,1,1,1,1,1,1,1,1,1,1,1,1,1,1,1,1,1,1,1,1,1,1,1,1,1,1,1,1,1,1,1,1,1,1,1,1,1,1,1,1,1,1,1,1,1,1,1,1,1,1,1,1,1,1,1,1,1,1,1,1,1,6,6,6,6,6,1,1,1,1,1,1,1,1,1,1,1,1,1,1,1,1,1,1,1,1,1,1,1,1,1,1,1,1,1,1,1,1,1,1,1,1,1,1,1,1,1,1,1,1,1,1,1,1,1,1,1,1,1,1,1,1,1,1,1,1,1,1,1,1,1,1,1,1,1,1,1,1,1,1,1,1,1,1,1,1,1,1,1,1,1,1,1,1,1,1,1,1,1,1,1,1,1,1,1,1,1,1,1,1,1,1,1,1,1,1,1,1,1,1,1,1,1,1,1,1,1,1,1,1,1,1,1,1,1,1,1,1,1,1,1,1,1,1,1,1,1,1,1,1,1,1,1,1,1,1,1,1,1,1,1,1,1,1,1,1,1,1,1,1,1,1,1,1,1,1,1,1,1,1,1,1,1,1,1,1,1,1,1,1,1,1,1,1,1,1,1,1,1,1,1,1,1
16,21,2318,1822,76,2606,3,142,3,287,3,803,3,3400,3,403,7,1091,5,363 1,1,1,1,1,1,1,1,1,1,1,1,1,1,1,1,1,1,1,1
23,99,164,20,12,2165,4721,53,5435,247,3098,13,1044,1901,11,698,55,12,28939,28940,74,21,68,535,469,6,247,9,79,1645,40,2487,15,1629,8 1,1,1,1,1,1,1,1,1,1,1,1,1,1,1,1,1,1,1,1,1,1,1,1,1,1,1,1,1,1,1,1,1,1,1
1427,10,55,66,28941,1901,17,356,875,3062,1435,6986,8628,3807,47,117,3491,1011,2927,2016 1,1,1,1,1,1,1,1,1,1,1,1,1,1,1,1,1,1,1,1
79,20,15,1095,17,215,87,598,157,959,13,15,8225,508,16,157,92,3020,1042 1,1,1,1,1,1,1,1,1,1,1,1,1,1,1,1,1,1,1
16,38,15,429,154,359,12,208,1985,5,92,20,72,17,325,5,15,2910,20,215,42 1,1,1,1,1,1,1,1,1,1,1,1,1,1,1,1,1,1,1,1,1
146,12,40,55,845,39,147 1,1,1,1,1,1,1
16,20,162,17,484,48,34,484,12,208,1985,5,16,11,1810,14,157,6,1798,1104,26,6,28942 1,1,1,1,1,1,1,1,1,1,1,1,1,1,1,1,1,1,36,36,1,1,1
16,20,933,6,484,34,408,16,190,14,372,166,66,23,619,9,619,1200,8,33,466,10,614,883,3,1559,27,2075,3,2285,883,5,6,315,1456,34 1,1,1,1,1,1,1,1,1,1,1,1,1,1,10,1,10,1,1,1,1,1,1,1,1,1,1,1,1,1,1,1,1,1,1,1
6,429,154,20,359,405,40,168,35,60,35,15,4557,570,10,1593,621,1899 1,1,1,1,1,1,1,1,1,1,1,1,1,1,1,1,1,1
9,98,72,8,23,6740,147,753,10,52,23,484,31,244,60,179,71,408 1,1,1,1,1,1,1,1,1,1,1,1,1,1,1,1,4,1
74,14,15,55,66,6,208,1985,168,37,16,20,10,370,15,2169,7,815,10,122,134,23,484,48,34,408,20,2120,408,51,79,5,551,1645,16,636,370,40,39 1,1,1,1,1,1,1,1,1,1,1,1,1,1,1,1,1,1,1,1,1,1,1,1,1,1,1,1,1,1,1,1,1,1,1,1,1,1,1
16,90,88,812,26,484,48,34,408,159,208,6378,16,5840,23,1292,923,82,5,98,23,8429,8357,923,82,9,2766,889,8,186,23,63,366,14,28943,16,41,31,49,23,622,6,421,397,164,5,6,495,28944,16,41,49,1576,228,7,165,6,495,7,558,28945,596 1,1,1,1,1,1,1,1,1,1,1,1,1,1,1,1,1,1,1,1,1,1,1,1,1,1,1,1,1,1,1,1,1,1,1,1,1,1,1,1,21,1,1,1,1,1,1,1,1,1,1,1,1,1,1,1,1,1,1,1,1,8
16,90,88,39,127,51,28946,37,484,762,3578,408,646,23,248,10,1639,7552 1,1,1,1,1,1,1,1,1,1,1,1,1,1,1,1,1,1
104,4,4170,4021,4,207,7815,450,4,2831,3,120,1334,34,355,4,5986,4571,63,4,200,4171,4,200,712,39,4,613,3,729,39,10,52,2066,397,164,4,622,71,39,4,558,189,7,596,165,495,7,164,2574,4,1358,17,544,65,169,10,164,203,4,1358,17,175,113,169,10,164,1198,4,139,2398,6071,264,4,149,401,4,177,4,3005,1164,401,506,4,401,16272,16263,9742,16264,3,6557,3,2178,3,28947,10460,39,28948,6468,4,50,46,81,40,5284,192,5,2477,13,6,192,5,420,104,13,6,96,708,4,205,4,7792,262,2792,2717,55,4,50,46,81,6,270,30,5,102,77,5,740,13,6,461 1,1,1,1,1,1,1,1,1,1,1,1,1,1,1,1,1,1,1,1,1,1,1,1,1,1,1,9,1,20,1,1,1,1,1,1,1,21,1,1,1,1,1,1,8,1,1,1,1,1,1,1,1,1,1,1,1,1,1,1,1,1,1,1,1,1,1,1,1,1,1,1,1,1,1,1,1,1,1,1,1,1,1,1,1,1,1,1,1,1,1,1,1,1,1,1,1,1,1,1,1,1,1,1,1,1,1,1,1,1,1,1,1,1,1,1,1,1,1,1,1,1,1,1,1,1,1,1,1,1,1,1,1,1,1,1,1,1,1,1,1
475,1445,4,205,4,10458 1,1,1,1,1,1
