3497,3,3226,16330,29146,747,198,331,4,5768,8537,3,107 1,1,1,1,1,1,1,1,1,1,1,1,1
9980,39,599,141,16331,563,315,3,12,9981,882,64,8537,4,92,20,15,1174,10,122,3226,465,12,6,281,297,27,7669,3826,124,19,29147,17,1078,16341,115,7,584,424,937,130,76 1,1,1,1,1,1,1,1,1,1,1,1,1,1,1,1,1,1,1,1,1,1,1,1,1,1,1,1,1,1,1,1,1,1,1,1,1,1,1,1,1,1
35,360,731,3,3226,38,9983,584,12,23,8258,17,2595,82,2000,3,5,866,38,58,2035,12,2266,5,4791,16,370,8089,251,10,23,309,5,614,5,242,60,597,1985,186,139,505,5,1300,7,15,2147,763,155,1530,3,23,1841,438,20,1442,698,43,62,199,811,29148,1843 1,1,1,1,1,1,1,1,1,1,1,1,1,1,1,1,1,1,1,3,3,1,1,1,1,1,1,1,3,1,1,1,1,1,1,1,1,1,1,1,1,1,1,1,1,1,1,1,1,1,1,1,1,1,1,1,1,1,1,1,3,3,3
1442,1531,29149,514,5719,2829,4669,12,23,637,70,181,120,3,13,232,295,139,3290,5,4561,3,12,475,10,4164,3,203,3,423,3,5,266,228,676 1,1,1,1,1,1,1,1,1,1,1,1,1,1,1,1,1,1,3,1,3,1,1,1,1,1,1,11,1,1,1,1,1,1,1
1703,3,139,62,3434,5,1775,198,3226,321,2492,13,15,2294,1038,400,139,40,927 1,1,1,1,1,1,1,1,1,1,1,1,1,1,1,1,1,1,1
16,242,60,597,16332,186,16,1282,13,2312,695,5,20,514,10,46,4289,3163,12,6,2763,309,5,6,2763,614,8089,251 1,1,1,1,19,19,19,19,19,19,19,1,1,1,1,1,1,1,1,1,1,1,1,1,1,1,1,3
16,20,343,13,2514,3711,251,10,394,243,9,1646,123,581,643,2514,251,315,989,10,125,29150,10,6,309,5,1646,123,1469,643,912,416,949,6,338,7,5091,10,6,614,8,13,11,1486,260 1,1,1,1,1,1,3,1,1,1,1,1,1,1,1,1,1,1,1,1,1,1,1,1,1,1,1,1,1,1,1,1,1,1,1,1,1,1,1,1,1,1,1,1,1
517,7,479,13,641,10,553,4289,3163,16,20,1627,19,7116,4621,340,9,901,1827,5,1406,850,22,8,159,37,927,5227,35,29151,340 1,1,1,1,1,1,1,1,1,1,1,1,1,1,1,1,1,1,1,1,26,1,1,1,1,1,1,1,1,1,1
16,21,68,96,43,271,159,2489,13,11,553,937,130,76,3,48,34,3,5,21,369,10,44,288,2153,5,13,2294,103,589,400 1,1,1,1,1,1,1,1,1,1,1,1,1,1,1,1,1,1,1,1,1,1,1,1,1,1,1,1,1,1,1
3226,86,10,52,244,1624,35,15,6751,278,12,9013,5662,12,29152 1,1,1,1,1,1,1,1,1,1,1,1,1,1,1
35,6,29153,14,4997,115,3,23,285,10692,21,265,35,21,23,429,444 1,1,1,1,1,1,1,1,1,1,1,1,1,1,1,1,1
16,14,321,909,65,394,27,285,5,3817,5,1261,1033,29154 1,1,1,1,1,1,1,1,1,1,1,1,1,1
16,49,23,39,145,5,14,712,2581,51,2832,319,7,274,99,113,5,3022,21,68,49,69,4765,12,92,469 1,1,1,1,1,1,1,1,1,1,1,1,1,9,1,1,1,1,1,1,1,1,13,1,1,1
909,87,16,773,1153,119,368,29155,23,1406,394,17,572,5,5218,404,9,50,2830,201,37,92,546,52,7305,630,15,87,8 1,1,1,1,1,1,1,1,1,26,1,1,1,1,1,1,1,1,1,1,1,1,1,1,1,1,1,1,1
7472,3,119,154,6,851,7,1281,5511,16,137,21,13,6,29156,29157,8633,3392,3,5,23,295,20,7483,3,75,14,998,6,29158,7,5162,8633,1377,10,620,2141,1281,5511 1,1,1,1,1,1,1,1,1,1,1,1,1,1,1,1,1,1,1,1,1,1,1,1,1,1,1,1,1,1,1,1,1,1,1,1,1,1,1
16,95,38,128,1563,1366,17,75,16,20,469,19,1835 1,1,1,1,1,1,1,1,1,1,1,1,1
23,137,39,546,52,203,462,22,337 1,1,1,1,1,11,1,1,1
105,3,1406,850,22,337 1,1,26,1,1,1
105,3,800,382,22,337 1,1,42,1,1,1
105,3,4765,141,22,337 1,1,13,1,1,1
105,3,274,215,22,337 1,1,9,1,1,1
105,3,16342,2217,1337,337 1,1,1,1,1,1
105,3,1835,850,22,25,105,3,36,45,3797,2862,105,3,5,36,45,7,752,487,105 1,1,1,1,1,1,1,1,1,1,1,1,1,1,1,1,1,1,1,1,1
16,21,11,374,357,127 1,1,1,1,1,1
102,101,4,3226,981,60 1,1,1,1,1,1
16,14,12,11,342 1,1,1,1,1
140,14,4838,842 1,1,1,1
63,94,14,3936,12,6,70,303,390,225,117,4429,1370,13,15,742,4429,2496,5,23,130,156,14,586,5,145 6,6,6,6,1,1,1,1,1,1,1,1,1,1,1,1,1,1,1,1,1,1,1,1,1,1
23,413,5,136,77,275,44,1161,715,94,3,44,216,1700,5,4081,13,11,222 1,1,1,1,1,1,1,1,1,1,1,1,1,1,1,1,1,1,1
23,48,14,91,10,463 1,1,1,1,1,1
23,612,77,722,44,53,1503,5,44,671,5,896,130,327,13,15,44,2111,7,6,896,130,327,13,11,475,561,3,502,3,26,213 1,1,1,1,1,1,1,1,1,1,1,1,1,1,1,1,1,1,1,1,1,1,1,1,1,1,1,1,1,1,1,1
16,38,11,330,93 1,1,1,1,1
23,214,14,152,5,396,13,11,1061 1,1,1,1,1,1,1,1,1
16,38,217,133,12,6,330,77 1,1,1,1,1,1,1,1
177,89,722,338,239,27,1421,1815,13,4092,4203,17,1562,3,3629,5,169,811,4043 1,1,1,1,1,1,1,1,1,1,1,1,1,1,1,1,1,1,1
119,57,2033,62,2842,520,1597,290,40,113,397,3239,23,520,340,75,14,3646,10,2112,15,839,7,602,306,586,219 1,1,1,1,1,1,1,1,1,1,1,1,1,1,1,1,1,1,1,1,1,1,1,1,1,1,1
16,21,527,5,1831,15,2169,7,3571,12,6,80,290,10,1098,3174,5,555 1,1,1,1,1,1,1,1,85,85,85,85,1,1,1,1,1,1
23,580,99,87,20,853,219,693,926,21,265,10,1958,219 1,1,1,1,1,1,1,1,1,1,1,1,1,1
23,14723,1538,14,1888,3,23,4448,14,4036,219,3,5,3039,2073,219 1,1,1,1,1,1,1,1,1,1,1,1,1,1,1,1
865,14,3427,42 41,41,41,41
6,356,713,12,2563,722,44,1038,978,5,400,13,15,44,1038,891,1138,7,335,42,16333,42,13,11,205,7,1562 1,1,1,1,1,1,1,1,1,1,1,1,1,1,1,1,1,1,1,1,1,1,1,1,1,1,1
339,4,3226,14,191,60,13,15258,36,116,139,390,3942,372,95,12,2489,290,10,7581,181,29159,5,584,2571 1,1,1,1,1,1,1,1,1,1,1,1,1,1,1,1,1,1,1,1,1,1,1,1,1
10,2112,23,181,341,709,3,50,420,6,96,4,176,546,23,580,52,78,840,29,14275,16,546,1668,10,8499,549,105,17,580,5,926,265 1,1,1,1,1,1,1,1,1,1,1,1,1,1,1,1,1,1,1,1,1,1,1,47,47,47,1,1,1,1,1,1,1
178,138,29160,1281,1115,14,602,306,5162,8633,16,41,377,10,447,22,105,5,119,41,3601,23,8633,308,139,27,1376,539,65,19,40,228 1,1,1,1,1,1,1,1,1,1,1,1,1,1,1,1,1,1,1,1,1,1,1,1,1,1,1,1,1,1,1,1
546,8633,78,840,29,5162,16,41,1275,160,10,1494,850,22,105,5,49,15,2319,166,3147,26,1668,10,29161,9,26,186,1382,29162,8 1,1,1,1,1,1,1,1,1,1,1,1,1,1,1,1,1,1,1,1,1,1,26,26,26,1,1,1,1,1,1
195,16,41,86,15,2310,130,353,5,288,5,119,41,122,201,465,12,320,129 1,1,1,1,1,1,1,1,1,1,1,1,1,1,1,1,1,1,1
941,360,17,1301,271,10,1784,12,23,198 1,1,1,1,1,1,1,1,1,1
35,50,272,31,86,15,207,11533,224,441,87,3,3226,41,2743,10,1033,1448,121,368,29163,23,65,650,66,285,75,14,2230,19,4275 1,1,1,1,1,1,1,1,1,1,1,1,1,1,1,1,1,1,1,1,1,1,1,1,1,1,1,1,1,1,1
6,28,20,235,12,224,13,64,16343,7093,121,740,13,40,104 1,1,1,1,1,1,1,1,1,1,1,1,1,1,1
844,1015,3,497,533,43,4,16336,719,5919,3,229,6345,16337,3389,4,16338,1458,16339 1,1,1,1,1,1,1,1,1,1,1,1,1,1,1,1,1,1,1
