67,54,4,11376,29109,3,29110,3,12179,6,28,20,221,5,101,12,6,318,499,19,14631 1,1,1,1,1,1,1,1,1,1,1,1,1,1,1,1,1,1,1,1,1
6,28,20,221,43,64,16011 1,1,1,1,1,1,1
50,46,235,6,355,13,24 1,1,1,1,1,1,1
50,46,98,221,6,28,1150,5,81,6,230,67 1,1,1,1,1,1,1,1,1,1,1,1
40,14,62,2227,10,6,67 1,1,1,1,1,1,1
50,46,98,81,6,302,39,67,5,235,6,355,13,64,6182,3,121,41,52,1438,13,64,29111,223,2431,40,28,10,6,528,594 1,1,1,1,1,1,1,1,1,1,1,1,1,1,1,1,1,1,1,1,1,1,1,1,1,1,1,1,1,1,1
30,7,61,328,4,40,14,15,5036,767,121,21,15,30,7,251,849,35,16,38,15,103,1843,161,315,2882,17,2147,763,1530 1,1,1,1,1,1,1,1,1,1,1,1,1,1,1,10,3,1,1,1,1,3,3,1,1,1,1,1,1,1
40,957,12,29112,3,834,6,28,20,943,10,6,445,149,139,23,1841,427 1,1,1,1,1,1,1,1,1,1,1,1,1,1,1,1,1,1
251,143,469,5,6,28,631,16,21,68,191,60 1,1,1,1,1,1,1,1,1,1,1,1
12,6,3007,3,16,21,38,11,48,34,26,226,7,184,597,175,113,169,3,16,20,19,15,2497,5,537,6159,13,226,7,184,5,48,453 1,1,1,1,1,1,1,1,19,19,1,1,1,1,1,1,1,1,1,1,1,1,1,1,1,1,1,1,1,1,1,1,19,19
16,488,5,537,476 1,1,1,1,1
99,421,3,16,20,12,859,1854,4382,3,16,537,128,48,453,5,1343,754,13,1734,7,34,3,5,40,495,16,20,321,5,321,223,231,3304,3,537,226,7,184,5,48,34,27,427,5,1343,754,13,1307,5,132,21,11,48,34,26,226,7,184,27,40,85 1,1,1,1,1,1,1,1,1,1,1,1,1,1,1,1,1,10,1,1,1,1,1,1,1,1,1,1,1,1,1,1,1,1,1,1,1,1,1,1,19,19,1,1,1,1,10,1,1,1,1,1,1,19,19,1,1,1,1,1,1,1
23,48,34,16,768,92,35,94,13,380,5,16,190,60,132 1,19,19,1,1,1,1,1,1,1,1,1,1,1,1
11,249,3,459,3,26,263 1,1,1,1,1,1,1
81,7,182,4,35,934,5,376,72 1,1,1,1,1,1,1,1,1
80,39,30,4,35,934,5,98,158,106,5,118,393 1,1,1,1,1,1,1,1,1,7,1,15,15
206,30,4,16,14,15,3415 1,1,1,1,1,1,14
102,101,4,6,28,14,787,3,60,197,3,5,12,11,199,342 1,1,1,1,1,1,1,1,1,1,1,1,1,1,1,1
1172,5,1121 1,1,1
48,14,91 1,1,1
130,14,145 1,1,1
214,14,152,5,396 1,1,1,1,1
114,57,396 1,1,1
779,77,14,9814 1,1,1,1
192,5,104,4,40,14,15,767,13,15,30,7,181,120,76,5,103,1843,3,121,21,15,244,2230,116,479,17,181,120,76,5,695,158,2348,27,427 1,1,1,1,1,1,1,1,1,1,1,1,10,10,10,1,3,3,1,1,1,1,1,1,1,1,1,10,10,10,1,19,1,1,1,1
119,46,126,676,19,6,28,39,13,1448,17,6,284,7,871,593 1,1,1,1,1,1,1,1,1,1,1,1,1,1,1,1
457,20,401,27,6,85,7,40,533 1,1,1,1,1,1,1,1,1
566,4,6,28,41,52,162,10,528,12,1097,534 1,1,1,1,1,1,1,1,1,1,1,1
497,8612,3,12179,107 1,1,1,1,1
487,4,9564,292,4,9564,533,43,4,8612,3,12179,746,29113,1608,250,31,81,43,262,331,250 1,1,1,1,1,1,1,1,1,1,1,1,1,1,1,1,1,1,1,1,1,1
