67,54,4,29171,513,112,4,212,3,151,3,142,282,4,6,79,14,15,1772,379,522,425,17,513,112,17,151,450,3,520,355,3,142 1,1,1,1,1,1,1,10,1,4,1,7,1,1,1,1,1,1,1,1,1,1,1,1,1,1,4,1,1,1,1,1,7
18,20,124,17,199,431,99,1387,5,14,52,96,43,528 1,1,1,1,3,3,3,3,1,1,1,1,1,1
159,24,99,513,6,28,21,38,11,255,7,380,26,427,48,34,3,11,109,26,307 1,1,1,1,1,1,1,1,1,1,1,1,1,1,1,1,1,1,1,1,1
18,20,112,24,422,12,6880,40,129,5,242,46,175,255,7,4149,12,481,7,2462,2190 1,1,1,1,1,1,1,1,1,1,1,1,1,1,1,1,1,1,1,1,1
1204,1719,788,7,418,13,453,3,99,180,435,97,48,34,3,1171,26,990,5,286,538,2270 1,1,1,1,1,1,1,1,1,1,1,1,1,1,1,1,1,1,1,1,1,1
18,21,38,11,268,255 1,1,1,1,1,1
18,21,68,2581,13,24,39,225,6,99,493,129,5,21,31,1204,88,518,915,29,313,3,186,773,496,3,21,38,58,26,117,255,7,1171,12,495,13,5379,269,84,3,3160,29172,5,11,1143,611 1,1,1,1,1,1,1,1,1,1,1,1,1,1,1,1,1,1,1,1,1,1,1,1,1,1,1,1,1,1,1,1,1,1,1,1,1,1,1,1,1,1,1,1,1,1,1
79,146,63,366,43,951,2587,27,163,7,29173,207 1,1,1,1,1,1,1,1,1,1,1,1
21,38,232,179,43,24,3396,225,99,493,129 1,1,1,1,1,1,1,1,1,1,1
20,5581,7,295,7,208,63,3279,13,118,12,16347,7,15933,39,147,4,4149,12183,432,238,2155,2692,2212,181,120,76,778,490,137,39,4,2883,108,22,25,32,1835,782,2286,36,45,9,73,8,25,69,49,35,496,274,799,117,45,9,73,8,25,32,175,279,5,175,215,22,298,105,388,65,9,73,8,1052,9,736,8,378,36,45,9,73,8,25,276,49,35,496,388,65,9,73,8,1088,9,218,8,378,36,45,9,73,8,25,32,49,35,496,388,65,9,73,8,2373,782,799,36,45,9,73,8,25,276,1827,9,203,1148,1463,8,901,36,45,9,73,8,25,32,545,4,148,12087,364,1000,655,5431,9,115,66,6279,8,48,4,751,682,720,4,455,409,304,310,3,11,213,362,4,152,952,1465,13,44,588,531,4,44,133,3,11,93,149,4,99,733,398,12,29174,7,3491,3,4183,4234,3,580,3899,3,3039,1772,3,926,1979,873,4,1772,379,522,13,151,3,142,3,5,130,76,13,416,627,2985,5,520,179,186,154,58,129,183,3,1851,422,10,4756,140,1001,7,141,842 1,1,1,1,1,1,1,1,1,1,1,1,1,1,1,1,1,1,1,1,18,1,1,1,10,10,10,1,1,1,1,1,21,1,1,1,1,1,1,1,1,1,1,1,1,1,1,1,1,1,9,1,1,1,1,1,1,1,1,1,1,1,1,1,1,1,1,1,1,1,1,1,12,1,1,1,1,1,1,1,1,1,1,1,1,1,1,1,1,1,1,1,13,1,1,1,1,1,1,1,1,1,1,1,1,1,1,1,1,1,1,1,1,1,1,1,1,1,1,1,1,1,11,1,11,1,1,1,1,1,1,1,1,1,1,1,1,1,1,1,1,1,1,1,1,1,1,1,1,1,1,1,1,1,1,1,1,1,1,1,1,1,1,1,1,1,1,1,1,1,1,1,1,1,1,1,1,1,1,1,1,1,1,1,1,1,1,1,1,1,35,35,1,1,1,1,1,1,1,1,1,1,1,1,4,1,7,1,1,1,1,1,1,1,1,1,1,1,1,1,1,1,1,1,1,1,1,1,1,1,1,1,1
176,151,33,79,13,2405,398,1151,232,1386,27,163 1,4,1,1,1,1,1,1,1,1,1,1
138,79,190,179,21,265,159,99,112,3,41,29175,19,84,2883,597,441,112,27,175,129 1,1,1,1,1,1,1,1,1,1,1,1,1,1,21,1,1,1,1,1,1
79,10,46,390,398,27,37,802,3,5,134,464,365,3,41,2053,2883 1,1,1,1,1,1,1,1,1,1,1,1,1,1,1,1,21
232,148,179,19,1088 1,1,1,1,13
38,6064,40,87 1,1,1,1
464,2033,112,10,3991,33,1758,79,1033,1430 1,1,1,1,1,1,1,1,1,1
178,212,33,79,13,580,7,3899,186,356,60,179,19,40,228,7,1052 1,10,1,1,1,1,1,1,1,1,1,1,1,1,1,1,12
139,16348,13,28,3,46,740,10,2861,10,1849,228,597,441,112,35,60 1,1,1,1,1,1,1,1,1,1,1,1,1,1,1,1,1
237,1255,66,180,22,298 1,1,1,1,1,1
376,3039,981,232 1,1,1,1
79,13,255,7,4149,12,481,7,2462,328 1,1,1,1,1,1,1,1,1,1
148,5,133,41,572,381,9307,12,5639 1,1,1,1,1,1,1,1,1
138,374,212,97,993,3,29176,10,179,29177 1,1,10,1,1,1,1,1,1,1
118,274,10,231,22,32,3,1107,1088,27,137,228 1,9,1,1,1,1,1,1,13,1,1,1
195,3303,33,79,1499,1402 1,1,1,1,1,1
18,86,10,52,1963,37,1018,154,57,29178,5,138,24,440,484,237,887,84,2600 1,1,1,1,1,1,1,1,1,1,1,1,1,1,1,1,1,1,1
408,235,472,1083,2048,154,3,5,18,21,740,10,482,40 1,1,1,1,1,1,1,1,1,1,1,1,1,1
1499,6648,27,40,802 1,1,1,1,1
