67,54,4,29194,316,205,440,29195,63,94,6674,140,7278,948,718,880,967,42,1279,87,302,28,61,17,6,96,4,513,7,151,3,106,98,61,17,102,101,5,1018,2281,5,1238,154,90,4463,3,1408,90,2281,34,3,2108,2338,3,261 1,1,1,1,1,1,1,1,1,1,1,1,1,1,1,1,1,1,1,1,1,1,1,1,1,1,1,1,1,4,1,7,1,1,1,1,1,1,1,1,1,1,1,1,1,1,1,1,1,1,1,1,1,1,1
11,6262,432,86,10,238,3,84,16349,12,890,10,575,24,2851,488,26,2208,467,21,15,263,3,6259,1685 1,1,1,18,18,18,1,1,1,1,1,1,1,1,1,1,1,1,1,1,1,1,1,1,1
157,4513,51,31,157,965,1092,39,4,135,1003,127,4,1545,1215,4,321,17,288 1,1,1,1,1,1,1,1,1,1,1,1,1,1,1,1,1,1,1
724,128,3118,372,65 1,1,1,1,1
90,11882,2352,157 1,1,1,1
49,16350,5,512,90,4148,479,579,33,90,140,84,3,249,3,459,3,970,90,277,26,196,243,90,555,3,1009,2710,3,762,323,90,363,3,958,3,391,2710,90,361,342,3,84,12,1059,26,326,1215,90,618,34,3,474,90,798,29196,90,29197,12,288,572,90,407,545,701,35,55,480,410,5,642,123,117,196,33,11,277,26,243,1657,1925,3,44,354,5092,2094,474,8410,394,412,33,4610,412,3576,3276,204,4863,11,338,246,11,818,243,3,11,5532,2956,26,1296,11,687,985,26,246,11,29198,908,48,91,10,7467,716,625,103,44,2744,11,11246,523,586,1752,567,11,29199,582,12186,145,362,11,29200,4257,783,2281,4,29201,33,44,2596,3,11,29202,44,798,4616,5063,33,11,759,246,26,261 1,1,1,1,1,1,1,1,1,1,1,1,1,1,1,1,1,1,1,1,1,1,1,1,1,1,1,1,1,1,1,1,1,1,1,1,1,1,1,1,1,1,1,1,1,1,1,1,1,1,1,1,1,1,1,1,1,1,1,1,1,1,1,1,1,1,1,1,1,1,1,1,1,1,1,1,1,1,1,1,1,1,1,1,1,1,1,1,1,1,1,1,1,1,1,1,1,1,1,1,1,1,1,1,1,1,1,1,1,1,1,1,1,1,1,1,1,1,1,1,1,1,1,1,1,1,1,1,1,1,1,1,1,1,1,1,1,1,1,1,1,1,1,1,1,1,1,1,1,1,1,1,1,1,1,1,1,1,1,1,1
1238,1891,564,8925,33,11,3602,26,7390,29203,779,33,11,29204,1084,72,29,44,5062,1256,11,5017,11,618,792,3,3181,26,246,410,5,642,123,117,29,44,6352,5,700 1,1,1,1,1,1,1,1,1,1,1,1,1,1,1,1,1,1,1,1,1,1,1,1,1,1,1,1,1,1,1,1,1,1,1,1,1,1,1
44,628,5,1256,562,5,216,133,217,675,11,222,1032,5,79,133,1086,100,764,33,11,283,3,1436,548,7,196,19,1275,518,511,19,764,204,10,4240,100,1284,3708,336,6064,1104,185,192,33,151,179,21,265,29,119,46,1803,118,218,4610,412,3576,33,606,164,2561,4911,104,33,1238,154,401 1,1,1,1,1,1,1,1,1,1,1,1,1,1,1,1,1,1,1,1,1,1,1,1,1,1,1,1,1,1,1,1,1,1,1,1,1,41,41,1,1,1,1,1,1,4,1,1,1,1,1,1,1,13,13,1,1,1,1,1,1,1,1,1,1,1,1,1
454,13,29205,1980,3336,135,12187,28,2160,641,353,3,288,3,16350,3,512,3,29206,29207,3,4148,29,1409,16351,19,699,2389,838,33,503,27,441,112 1,1,1,1,1,1,1,1,1,1,1,1,1,1,1,1,1,1,1,1,1,1,1,1,1,1,1,1,1,1,1,1,1,1
530,10,6880,41,369,12,1684,129,1175,10,1833,965,1202,144,336,6064,441,112,79,1574,412,987,33,2718,7653,2104 1,1,1,1,1,1,1,1,1,1,1,1,1,1,1,1,1,1,1,1,1,1,1,1,1,1
41,1567,441,85,9,10,172,284,164,10,412,3576,8,1571,82,2081,5,81,3802,12184,3,229 1,1,1,1,1,1,1,1,1,1,1,1,1,1,1,1,1,1,1,1,1,1
