67,54,4,29250,28,414,4,8299,3,12198,914,257,29251,9,3308,8,259,54,7,112,4,29252,3,29253,272,168,55,33,29254,29255,2008,379,832,29256,11231,355,13,15,30,7,95,918,7,70,1726,860,121,61,10,6,1147,13,15,29257,30,7,291,34,1845,10,6,70,194,29258,3,648,3,798,1157,3,162,17,29259,798,3812,9,58,2186,8,3,100,3712,290,10,170,1283,3,98,2866,10,3391,16362 1,1,1,1,1,1,1,1,1,1,1,1,1,1,1,1,1,1,1,1,1,1,1,1,1,1,1,1,1,1,1,1,1,1,1,1,1,1,1,1,1,1,1,1,1,1,1,1,1,1,1,1,1,1,1,1,1,1,1,1,1,1,1,1,1,1,1,1,1,1,1,1,1,1,1,1,1,1,1,1,1,1,1,1,1,1,1,1,1,1,1,1
674,173,17,4,648,3,363,3,4528,3,1820,3,212,3,611,3,142,3,7911,3,216,260,3,881 1,1,1,1,1,1,1,1,1,1,1,1,10,1,1,1,7,1,4,1,1,1,1,1
402,135,64,16363 1,1,1,1
147,3712,4,29260 1,1,1,1
16364,12199,290,10,244,742,623,199,153,371,4,12199,16362,330,354,76,4,5692,3823,1090,5,4037,12199,181,120,76,363,140,314,648,1726,860,1906,611,1871,703,623,1394,1408,4528,71,324,317,58,287,99,374,39,203,9,947,478,8,462,22,9,901,45,49,36,8,25,32,5523,1400,36,894,9,1701,42,894,8,2094,69,6988,231,22,9,672,45,49,36,8,25,69,3848,9,5040,8,108,22,9,647,45,49,36,8,25,32,289,9,932,8,125,22,9,378,45,49,36,8,25,32,218,171,22,9,549,45,49,36,8,25,32,348,945,22,9,2256,45,49,36,8,25,69,610,1400,215,22,9,686,45,49,36,8,8636,69,1253,9,906,8,36,298,25,32,729,9,1212,8,141,22,9,647,45,49,58,8,25,32,3408,9,3508,8,12191,22,9,3473,45,49,2062,8,25,32,1052,9,736,8,382,22,9,1632,45,49,36,8,25,276,3306,9,4707,8,108,22,9,647,45,49,36,8,25,32,3,49,36,298,27,1350,127,1545,579,11,188,26,291,34,12200,579,2633,11,191,887,731,1002,204,367,2633,5416,204,367,2633,4148,479,367,11,1335,479,9,4017 1,1,1,1,1,1,1,1,1,1,1,1,1,1,1,1,1,1,1,1,1,1,1,1,1,1,1,1,1,1,1,1,1,1,1,1,1,1,1,1,1,1,1,1,15,1,1,1,11,1,1,1,1,1,1,1,1,1,1,1,1,1,1,1,1,1,1,1,1,1,1,1,1,1,1,1,1,1,1,1,1,1,1,1,1,1,1,1,1,1,1,1,1,1,1,1,1,1,1,1,1,1,1,1,1,1,1,1,1,1,1,1,1,13,1,1,1,1,1,1,1,1,1,1,17,1,1,1,1,1,1,1,1,1,1,9,1,1,1,1,1,1,1,1,1,1,1,1,1,1,1,1,1,1,1,20,1,1,1,1,1,1,1,1,1,1,1,1,1,1,1,1,1,1,1,1,1,1,1,1,1,1,1,12,1,1,1,1,1,1,1,1,1,1,1,1,1,1,1,1,1,1,1,1,1,1,1,1,1,1,1,1,1,1,1,1,1,1,1,1,1,1,1,1,1,1,1,1,1,1,1,1,1,1,1,1,1,1,1,1,1,1,1,1,1,1,1,1
1261,29261,3,724,500,8,367,11,3436,7,336,367,11,1127,4,2028,15798,367,11,667,169,10,40,124,367,11,436,936,854,1244,370,367,1985,1512,1244,370,12,99,87,367,2633,206,3682,12,4540 1,1,1,1,1,1,1,1,1,1,1,1,1,1,1,1,1,1,1,1,1,1,1,1,1,1,1,1,1,1,1,1,1,1,1,1,1,1,1,1,1,1,1,1,1
1849,12,4135,3,8634 1,1,1,1,1
137,245,12,4135 1,1,1,1
920,17,2059,87,13,320,727,5,539,2263 1,1,1,1,1,1,1,1,1,1
2608,198,104,4443,4,551,3,9992,14,747,3798 1,1,1,1,1,1,1,1,1,1,1
1755,14,491,3,3931,12193 1,1,1,1,1,1
726,161,4,21,31,1824,35,7,1702 1,1,1,1,1,1,1,1,1
29262,410,3,480,29263,91,455,5926,152,3,11,240,6939,4614,445,3,2976,1883,12,29264,11,93,6133,12201,3,2657,2578,16365,1457,29265,10,261,389,798,29266,1307,3,2033,1795,278,29267,135,1795,3,1042 1,1,1,1,1,1,1,1,1,1,1,1,1,1,1,1,1,1,1,1,1,1,1,1,1,1,1,1,1,1,1,1,1,1,1,1,1,1,1,1,1,1,1,1,1
40,168,701,1904,29268,290,10,756,3,96,35,1307 1,1,1,1,1,1,1,1,1,1,1,1
29269,163,13,594,235,13,64,16363,4192,4719,9994,3,107 1,1,1,1,1,1,1,1,1,1,1,1,1
47,29270,17,64,29271 1,1,1,1,1
