67,54,4,29336,4499,164,278,55,730,16384,4,64,4062,16385,2272,16384,4,64,8867,10803,3768,385,4,64,16386,8639,54,4,29337,28,414,4,5642,3,2193,542,4,8638,426,4,278,17,1459,120,4960,282,4,1232,29338,832,13,181,120,76,3,106,3,287,3,317,645,151,3,330,120,76,5,169,1711,1229,162,10,6,354,164,594,19,9866,13,2528,2346,325 1,1,1,1,1,1,1,1,1,1,1,1,1,1,1,1,1,1,1,1,1,1,1,1,1,1,1,1,1,1,1,1,1,1,1,1,1,1,1,1,1,1,1,1,1,1,1,1,1,1,1,10,10,10,1,7,1,15,1,4,4,4,1,1,1,1,1,5,5,5,1,1,1,1,1,1,1,1,1,1,1,1
19,29339,3,16,526,3608,5,1100,1156,13,8186,7,6,12205,556,466,5,251,7,6,637,4950,43,64,5561 1,1,1,1,1,1,1,1,1,1,1,1,1,1,1,1,1,1,1,1,1,1,1,1,1
40,20,698,43,15,1841,431 1,1,1,1,1,3,3
29340,3,103,593,14,173,17,53,1264,5,3904,181,120,76,3,5,619,20,104 2,2,2,2,2,2,2,2,2,2,2,10,10,10,1,1,1,1,1
7,55,3,23,445,20,698,43,5510,7,6,70,3175,120,27,6,802,7,902 1,1,1,1,1,1,1,1,1,1,1,1,1,1,1,1,1,1,1
16,20,172,43,29341,43,6,103,591,1444,3,5,20,514,10,46,11,1382,715,3661,507,10,23,311,194,114,540 1,1,1,1,1,1,1,1,1,1,1,1,1,1,1,1,1,1,1,1,1,1,1,1,1,1,1
119,57,1241,278,17,1459,120,4960 1,1,1,1,1,1,1,1
674,4,29342,3,4522,778,490,106,287,71,324,317,645,330,604,330,120,29343,9,187,8,562,10,998,384,1100,1823,13,3727,3,29344,3769,9,59,8,562,10,998,384,1100,1823,13,3727,3,29345,3769,9,59,8,1436,3290,12205,1823,3,9284,3769,9,59,8,562,120,16380,3,466,29346,3,1662,1156,7,4146,3,1662,1156,7,637,1823,3,1617,7,1587,3,2627,1156,7,789,1591,120,3,2627,1156,7,29347,120,3,2627,1156,7,8594,120,13,849,7,251,3,16387,3769,9,59,8,1100,6904,13,466,3290,5,251,849,7,637,466,3,16387,29348,2234,1587,3044,606,50,78,1071,29,487,5,5921,1777,123,58,3,29349,623,373,5664,931,2619,489,29350,9,59,8,3299,254,4,2158,9,1126,8,7671,22,25,1750,9230,125,42,9,669,6724,8,5133,22,25,69,947,478,9,203,8,462,22,25,105,1807,3611,22,25,305,3056,9,3596,8,9614,22,25,69,29351,9,29352,8,36,2180,1140,305,1819,2062,22,247,1750,2131,456,9,950,8,231,22,25,69,932,9,289,8,335,22,25,69,676,103,1315,1024,247,12838,6024,247,86,3905,165,4053,9,1884,8,856,189,521,608,397,2204,165,4053,9,1884,8,558,189,521,605,397,1429,165,4053,9,1884,8,1315,1024,521,305,1392,165,596,1643,125,189,521,605,397,1429,754,80,58,42,9,29353,80,8,36,2693,1140,1869,3552,9,2114,45,8,58,298,25,2384,736,9,1052,8,171,22,25,105,1433,782,9,29354,782,8,945,22,247,69,233,4,4301,5743,9,277,8,102,77,4,207,4,410,3,787,3,480,2570,4,777,217,1459,133,3,323,1193,2835,133 1,1,1,1,1,1,1,7,15,1,1,1,1,1,1,1,1,1,1,1,1,1,1,1,1,1,1,1,1,1,1,1,1,1,1,1,1,1,1,1,1,1,1,1,1,1,1,1,1,1,1,1,1,1,1,1,1,1,1,1,1,1,1,1,1,1,1,1,1,1,1,1,1,1,1,1,1,1,1,1,1,1,1,1,1,1,1,1,1,1,1,1,1,1,1,1,1,1,1,1,1,1,1,1,1,1,1,1,1,1,1,1,1,1,1,1,1,1,1,1,1,1,1,1,1,1,1,1,1,1,1,1,1,1,1,1,1,1,1,1,1,1,1,1,1,1,1,1,1,1,1,1,1,1,1,1,1,1,1,1,1,1,1,1,1,1,1,1,1,1,1,11,11,1,11,1,1,1,1,1,13,1,1,1,1,9,1,9,1,1,1,1,1,1,1,1,1,1,1,1,1,1,1,1,1,1,1,1,1,1,1,1,1,1,1,1,1,1,1,1,1,1,1,1,1,1,1,1,1,1,1,1,1,8,8,8,8,1,1,1,1,1,1,1,8,8,8,8,1,1,1,1,1,1,1,8,8,8,8,1,1,1,1,1,1,8,8,8,1,1,1,1,1,1,25,1,1,1,1,1,1,1,1,1,1,1,1,1,1,1,1,1,1,1,1,12,1,1,1,1,1,1,1,1,1,1,1,1,1,1,1,1,1,1,1,1,1,1,1,1,1,1,1,1,1,1,1,1,1,1,1,1,1,1,1,1,1,1,1,1,1
6896,78,47,966,29,73,154,4,169,10,1769,7,1459,120,3,4929,231,42 1,1,1,1,1,1,1,1,1,1,1,1,1,1,1,1,1,1
405,1769,3,2137,1261,43,7099,630,896 1,1,1,1,1,1,1,1,1
748,964,3,2137,4758,3,4929,465,231,42 1,1,1,1,1,1,1,1,1,1
1845,93,7,473,303,3,11,1375,3102,240 1,1,1,1,1,1,1,1,1,1
2664,4,2554,1039,574,489,66,169,164 1,1,1,1,1,1,1,1,1
777,217,1459,3,433,2835,133 1,1,1,1,1,1,1
6896,78,47,966,29,73,154,4,169,10,1769,7,1459,120,3,4929,1035,42 1,1,1,1,1,1,1,1,1,1,1,1,1,1,1,1,1,1
557,1035,42,13,1769,7,1459,120,1634,435 1,1,1,1,1,1,1,1,1,1
224,6896,78,47,966,29,73,154,4,954,7786,9,3723,896,8,2638,115,7,6,29355,666,748,964,7,6,2835,120 1,1,1,1,1,1,1,1,1,1,1,1,1,1,1,1,1,1,1,1,1,1,1,1,1,1,1
5278,4,349,3940,9,1312,8,524,333,5502,59,9,1977,8,42,560,4961,59,9,2119,8,1451,734,10801,59,9,2202,8,1785,536,7250,9,3842,8,1381,653,382,9,1360,8,1227,786,8034,9,1479,8,1588,823,9553,9,1480,8,654,795,6236,83,9,1424,8,42,79,5179,83,9,4632,8,1060,1074,1857,2206,9998,83,9,10745,8,1060,430,456,1840,9,1305,8,351,430,663,2249,9,1276,8,351,430,835,2421,9,1310,8,351,430,1072,1658,8751,59,9,1450,8,351,430,1568,2548,996,9,3567,8,351,512,3328,9,1478,8,219,1555,1888,9,1659,8,219,1184,1537,9,1660,8,1556,430,1800,2061,996,9,1311,8,219,430,347,16388,9,3709,8,219,1680,78,840,29,335,3220,192,4,1232,832,13,881,5,95,431,3,2838,17,619,1770,441,113 1,1,1,1,1,1,1,1,1,1,1,1,1,1,1,1,1,1,1,1,1,1,1,1,1,1,1,1,1,1,1,1,1,1,1,1,1,1,1,1,1,1,1,1,1,1,1,1,1,1,1,1,1,1,1,1,1,1,1,1,1,1,1,1,1,1,1,1,1,1,1,1,1,1,1,1,1,1,1,1,1,1,1,1,1,1,1,1,1,1,1,1,1,1,1,1,1,1,1,1,1,1,1,1,1,1,1,1,1,1,1,1,1,1,1,1,1,1,1,1,1,1,1,1,1,1,1,1,1,1,1,1,1,1,1,1,1,1,1,1,1,1,1,1,1,1,1,1,1,1,1,1,1,1,1,1,1,1,1,1,1,1,1,68,68,68,68,68,68
23,53,1459,120,208,52,3720,10,157,17,3661 1,1,1,1,1,1,1,1,1,1,1
23,70,14,31,13164 1,1,1,1,1
2324,4,33,2838,135,103,164,594,33,28,10,52,221,43,64,4040,12206,3,4499,164,1191 1,1,1,1,1,1,1,1,1,1,1,1,1,1,1,1,1,1,1,1,1
18,41,31,52,1382,17,1459,120,4960,19,3144,7,441,113 1,1,1,1,1,1,1,1,1,1,1,1,1,1
235,13,64,4040,12206,3,4499,164,1191 1,1,1,1,1,1,1,1,1
5096,16386,8639,229,3,4088,385,12,207,164,29356,28,221,5,101 1,1,1,1,1,1,1,1,1,1,1,1,1,1,1
2227,10,270,55,19,29357,4,579,4,90,1636,3,678,84,90,529,3,307,3,418,90,1473,3,361,1896,90,256,697,137,21,1587,774,9,66,95,540,8,258,14,1252,666,3,166,10,3677,3,258,666,57,2283,1585,5,1770,3249,484,6586,408,4968,34,29358,220,116,90,301,788,7,4939,323,104,4,6896,82,154,19,2570,14,448,5,14,543,13,15,2199,1459,120,3,313,3,53,197,10,52,1248 1,1,1,1,1,1,1,1,1,1,1,1,1,1,1,1,1,1,1,1,1,1,1,1,1,1,1,1,1,1,1,1,1,1,1,1,1,1,1,1,1,1,1,1,1,1,1,1,1,1,1,1,1,1,1,1,1,1,1,1,1,1,1,1,1,1,1,1,1,1,1,1,1,1,1,1,1,1,1,1,1,1,1,1,1,1,1,1,1,1,1,1,1
41,166,1101,4960,7,2664,1459,29359,29360,6896,82,154,4404,35,29361,395,1358,88,475,3267,2587,26,63,3279,66,6,2664,395,2046,6,4499,1180,731,8446,7,6,164,54,470,37,1025,503,368,52,2297,13,6,619,164 1,1,1,1,1,1,1,1,1,1,1,1,1,1,1,1,1,1,1,1,1,1,1,1,1,1,1,1,1,1,1,1,1,1,1,1,1,1,1,1,1,1,1,1,1,1,1,1,1
