67,54,4,29314,354,164,168,55,28,414,4,5642,3,2193,542,4,8638,54,5,85,4,29315,8898,973,262,4,4078,1159,4747,3,107 1,1,1,1,1,1,1,1,1,1,1,1,1,1,1,1,1,1,1,1,1,1,1,1,1,1,1,1,1,1,1
1191,4,1931,3165,3,107 1,1,1,1,1,1
3768,4,7547,3189,3246,16375,3,107 1,1,1,1,1,1,1,1
162,17,53,248,774,1722,282,4,293,2193,5642,14,15,5403,832,13,674,173,17,1395,3,212,3,142,3,287,3,6405,931,812,3,2619,3,60,374,12,6,354,594,17,881,3,110,1587,3204,3,3290,9996,3,59,2080,1823,7524,3,187,2080,1823,6975,3,1378,3204,5790,372,95,19,208,634,2132,540,3,1100,6904,13,466,3290,3,5889,1617,3,53,194,114,1617,3,1156,7,789,1591,120,3,1156,8594,4699,5,443,4950,7,556,466,3,251,849,17,260,7,637,466 1,1,1,1,1,1,1,1,1,1,1,1,1,1,1,1,1,1,1,4,1,10,1,7,1,15,1,1,1,1,1,1,1,1,1,1,1,1,1,1,1,1,1,1,1,1,1,1,1,1,1,1,1,1,1,1,1,1,1,1,1,1,1,1,1,1,1,1,1,1,1,1,1,1,1,1,1,1,1,1,1,1,1,1,1,1,1,1,1,1,1,1,1,1,1,1,1,1,1,1,1,1,1,1,1,1,1
293,5642,61,10,64,4747,224,89,13,828,774,1799,12,6,998,384,1100,1615 1,1,1,1,1,1,1,1,1,1,1,1,1,1,1,1,1,1
16,1005,15,3446,620,117,113,183,3,526,1615,5,1280,13,16376,849,5,126,15,438,7,25,907 1,1,1,1,1,1,1,1,1,1,1,1,1,1,1,1,1,1,1,1,1,1,1
40,21,86,10,2544,9187,633,3,758,6,1057,3980,5,685,13,128,475,633,845,504,94,20,964 1,1,1,1,1,1,1,1,1,1,1,1,1,1,1,1,1,1,1,1,1,1,1
16,21,68,221,105,43,15,112,757,5,18,368,191,6,1777,3,938,6,16376,3,5,1627,15,3777,29316,1777,19,1140,7,40 1,1,1,1,1,1,1,1,1,1,1,1,1,1,1,1,1,1,1,1,1,1,1,1,1,1,1,1,1,1
119,41,122,201,465,12,1033,113 1,1,1,1,1,1,1,1
16,14,19,452,3,99,228,1646,99,421 1,1,1,1,1,1,1,1,1,1
90,249,459,3,307,3,263 1,1,1,1,1,1,1
6956,4,151,881,1587,3204,3,3290,9996,59,2080,1823,7524,187,2080,1823,6975,1378,3204,5790,212,110,2564,142,287,798,3812,66,6405,931,33,2847,445,3,2185,1155,3,110,16373,812,2619,59,489,164,254,4,236,125,608,2415,515,608,252,547,605,4725,141,605,274,215,605,622,141,22,69,4302,686,32,452,1646,22,32,233,4,790,545,4,1207,4,4859,523,1279,148,29317,716,680,29318,42,718,880,814,4,980,3,29319,3,642,3,480,1844,4,1304,644,4,455,29320,3,1465,3,952,3,11,291,222,531,11,93,100,1587,774,1799,12,6,998,384,1100,1615,3,2544,3346,633 1,1,4,1,1,1,1,1,1,1,1,1,1,1,1,1,1,1,1,1,10,1,10,7,15,1,1,1,1,1,1,1,1,1,1,1,1,1,1,1,1,1,1,1,1,1,12,1,1,62,1,1,11,1,1,13,1,1,9,1,1,21,1,1,1,1,1,1,1,1,1,1,1,1,1,1,1,1,1,1,1,1,6,6,1,1,1,1,1,1,1,1,1,1,1,1,1,1,1,1,1,1,1,1,1,1,1,1,1,1,1,1,1,1,1,1,1,1,1,1,1,1,1,1,1,1,1,1,1,1,1
2542,685 1,1
6,1057,322,4,187,4,131,16374,637 1,1,1,1,1,1,1,1,1
59,4,685,5,131,1677,84,7,443,415,3,15,84,66,79,82,472,3,9,329,8,2844,878,3,11,777,133,3876,3477,2758,1032,79,187,217,217,200,200,200,59,217,217,200,433,433,873,4,5403,832,13,674,173,17,1395,3,212,3,142,3,287,3,6405,931,812,3,2619,3,60,374,12,6,354,594,17,881,3,110,1587,3204,3,3290,9996,3,59,2080,1823,7524,3,187,2080,1823,6975,3,1378,3204,5790,372,95,19,208,634,2132,540,3,1100,6904,13,466,3290,3,5889,1617,3,53,194,114,1617,3,1156,7,789,1591,120,3,1156,8594,4699,5,443,4950,7,556,466,3,251,849,17,260,7,637,466 1,1,1,1,1,1,1,1,1,1,1,1,1,1,1,1,1,1,1,1,1,1,1,1,1,1,1,1,1,1,1,1,1,1,1,1,1,1,1,1,1,1,1,1,1,1,1,1,1,1,1,1,4,1,10,1,7,1,15,1,1,1,1,1,1,1,1,1,1,1,1,1,1,1,1,1,1,1,1,1,1,1,1,1,1,1,1,1,1,1,1,1,1,1,1,1,1,1,1,1,1,1,1,1,1,1,1,1,1,1,1,1,1,1,1,1,1,1,1,1,1,1,1,1,1,1,1,1,1,1,1,1,1,1,1,1,1,1,1,1
293,5642,61,10,64,4747,224,89,13,828,774,1799,12,6,998,384,1100,1615 1,1,1,1,1,1,1,1,1,1,1,1,1,1,1,1,1,1
162,17,53,248,774,1722 1,1,1,1,1,1
33,1198,364,2748,3,1687,29321,3,1067,5941,16377,7180,15769,33,2448,564,62,469,12,940,104,21,68,235,13,354,1191,64,3165 1,1,1,1,1,1,1,1,1,1,1,1,1,1,1,1,1,1,1,1,1,1,1,1,1,1,1,1,1
7547,3189,3246,16375,3,107 1,1,1,1,1,1
4088,354,164 1,1,1
