67,54,4,29386,1655,1173,3,9999,5197,5951,3,107 1,1,1,1,1,1,1,1,1,1,1,1
2690,9315,563,684,4,3793,4225,16396,189,47,4,12208,882,64,5951,4,50,38,6,1174,7,122,3793,4225,89,13,641,10,4172,6076,225,6,1683,1385,7,24,53,322 1,1,1,1,1,1,1,1,1,1,1,1,1,1,1,1,1,1,1,1,1,1,1,1,1,1,1,1,1,1,1,1,1,1,1,1,1,1
35,360,57,2040,3,18,14,15,7435,428,13,15,30,7,2644,71,324,5,7334,6841,7,24,53,322,37,21,295,12,15,16397,6514,1966 1,1,1,1,1,1,1,1,1,1,1,1,1,1,4,4,4,1,1,1,1,1,1,1,1,1,1,1,1,1,1,1
18,137,2034,4232,6981,2230,17,29387,13,24,1966 1,1,1,1,1,1,1,1,1,1,1
18,21,55,37,1851,225,6,99,267,113,26,470,37,15,4172,21,2408,845,6,1683,525,1385,7,6,53,322 1,1,1,1,1,1,1,1,1,1,1,1,1,1,1,1,1,1,1,1,1,1,1,1,1,1
18,90,88,1280,3,685,3,26,118,474,26,3181,12,6,322 1,1,1,1,1,1,1,1,1,1,1,1,1,1,1
24,6981,143,1049,12,1374,5,753,10,52,285,334,60,17,24 1,1,1,1,1,1,1,1,1,1,1,1,1,1,1
18,162,313,37,225,6,99,129,5,1814,26,470,37,18,21,68,2034,4282,37,24,137,6981,191,31,3530,12 1,1,1,1,1,1,1,1,1,1,1,1,1,1,1,1,1,1,1,1,1,1,1,1,1,1
758,3,18,21,38,10,29388,10,24,302,6981,3,75,242,31,49,24,7334,1966,949,3396 1,1,1,1,1,1,1,1,1,1,1,1,1,1,1,1,1,1,1,1,1
24,80,39,30,14,173,17,71,324,5,181,120,76 1,1,1,1,1,1,1,4,1,1,10,10,10
24,39,158,4300,3,706,3,962,3,62,203,15,65,3,1778,3,512,1804,3,15,6565,752,3,960,165,3,5,2414,13,911 1,1,1,1,1,1,1,1,1,1,11,1,1,1,36,1,1,1,1,1,1,1,1,8,8,8,8,8,1,1
18,49,5373,3,452,3,5,784,707,3,35,60,35,236 1,1,1,1,1,1,1,9,9,1,1,1,1,12
24,80,591,30,14,173,17,2588,12,1985,3,1842,918,12,2489,3,181,120,556,164,85,939,12,2563,3,15,861,761,12,3341,3,5,15,1842,6146,12,29389,18,334,238,4134,87,183,5,21,11,374,127,10,39 1,1,1,1,1,1,1,1,1,1,1,1,1,1,1,1,1,1,1,1,1,1,1,1,1,1,1,1,1,1,1,1,1,1,1,1,1,1,1,1,1,1,1,1,1,1,1,1,1,1
102,101,14,599,1264,963,24,53,322 1,1,1,1,1,1,1,1,1
18,21,1441,511,10,29390,101,13,15,29391,29392,4240 1,1,1,1,1,1,1,1,1,1,1,1
18,21,311,415,2258,3,233,7,75,46,1064,3470 1,1,1,1,1,1,1,1,1,1,1,1
18,109,46,15,777,2367,2245,133 1,1,1,1,1,1,1,1
6,196,14,7,44,3930 1,1,1,1,1,1
18,21,11,308,1683,283,19,1167,267,684,4,3793,4225,54,4,1655,1173,3,9999,1275,322 1,1,1,1,1,1,1,1,1,1,1,1,1,1,1,1,1,1,1,1,1
27,6,1503,7,24,16397,6514,1966,19,6,53,518,74,14,15,4172,37,50,487,29393,12,6,668,845,75,14,15,1616,519,283 1,1,1,1,1,1,1,1,1,1,1,1,1,1,1,1,1,1,1,1,1,1,1,1,1,1,1,1,1,1
11,301,738,143,564,89 1,1,1,1,1,1
505,4,1616,519,283,3,71,53,322 1,1,1,1,1,1,1,1,1
104,4,18,21,31,2971,6,29394,19,24,53,322,3,313,3,546,18,86,10,15447,97,1940,29395,92,14,344,15,3018,7,85,397,40,387,949,15,1616,50,283 1,1,1,1,1,1,1,1,1,1,1,1,1,1,1,1,1,1,1,1,1,1,1,1,1,1,1,1,1,1,1,1,1,1,1,1,1,1
92,14,885,10,271,1153,6,4674,14,62,6981,37,160,10,52,16398,26,6,1488,37,18,21,68,2034,4282,13,62,6906,6981 1,1,1,1,1,1,1,1,1,1,1,1,1,1,1,1,1,1,1,1,1,1,1,1,1,1,1,1,1
50,272,530,10,46,24,122,11177,9468,3,1025,29396,10,46,6,29397,16398,13,29398 1,1,1,1,1,1,1,1,1,1,1,1,1,1,1,1,1,1,1
50,46,773,629,4225,10,1606,6,2768,37,18,2230,2034,35,60,35,6,4282,18,2034 1,1,1,1,1,1,1,1,1,1,1,1,1,1,1,1,1,1,1,1
119,41,96,40,387,976,35,629,4225,14,8090,2040,7,6,1399,29399,7,2408,62,283 1,1,1,1,1,1,1,1,1,1,1,1,1,1,1,1,1,1,1,1
18,731,10,732,271,134,18,21,88,664,26,479,12,6,3007 1,1,1,1,1,1,1,1,1,1,1,1,1,1,1
941,360,3170,17,40,1430 1,1,1,1,1,1
1586,1150,641,3,16399,1330,6149,12210,3,107 1,1,1,1,1,1,1,1,1,1
29400 1
