67,54,4,29417,2699,7,40,55,143,1962,13,15,2154,5,80,1396,3360 1,1,1,1,1,1,1,1,1,1,1,1,1,1,1,1,1
571,2699,208,31,46,2154,492 1,1,1,1,1,1,1
395,157,4271,186,4882,224,5416,649,19,6,1240,12,40,55 1,1,1,1,1,1,1,1,1,1,1,1,1,1
16401,3724,168,55,28,4,4225,3,3793,542,4,29418,162,54,4,1387,1299,3,5534,262,4,5951,3,5197,29419,4,5951,3,5197,29420,4,6206,3,29421,29422,4,9995,3,3210,150,732,4,29423,3,29424,29,163,4,9,29425,8,29426,726,161,4,1885,296,1085,4,39,67,426,4,2539,53,384,282,4,6,28,14,15,335,87,302,522,13,15,30,7,153,761,3,212,110,619,3,71,121,61,13,13,5580,5,474,7,24,53,384 1,1,1,1,1,1,1,1,1,1,1,1,1,1,1,1,1,1,1,1,1,1,1,1,1,1,1,1,1,1,1,1,1,1,1,1,1,1,1,1,1,1,1,1,1,1,1,1,1,1,1,1,1,1,1,1,1,1,1,1,1,1,1,1,1,1,1,1,1,1,1,1,1,1,1,1,1,1,1,1,1,1,1,10,1,3,1,4,1,1,1,1,1,1,1,1,1,1,1
28,20,60,597,1387,8437,186,18,5578,19,4076,5,2304,19,24,53,384 1,1,1,1,1,1,1,1,1,1,1,1,1,1,1,1,1
28,417,55,62,5580,5,128,4643,963,6,384,618,5,68,140,4010,97,1063 1,1,1,1,1,1,1,1,1,1,1,1,1,1,1,1,1,1
28,146,1041,667,27,163,290,10,24,604,51,14,4200,97,1224 1,1,1,1,1,1,1,1,1,1,1,1,1,1,1
19,1387,10882,3,18,55,128,685,963,6,384,618,5,6,525,1385,7,24,2959,5,126,387,34,5,474,37,416,406,24,471,7,759 1,1,1,1,1,1,1,1,1,1,1,1,1,1,1,1,1,1,1,1,1,1,1,1,1,1,1,1,1,1,1,1
18,98,55,128,384,2157 1,1,1,1,1,1
90,88,1280,66,1373,1192 1,1,1,1,1,1
28,242,1438,10,6,1203,27,24,8981,668,5,20,1260,10,52,172,12,6,230 1,1,1,1,1,1,1,1,1,1,1,1,1,1,1,1,1,1,1
230,438,4,19,953,3,6,28,78,47,966,29,73,316,143,4,5423,382,29427,967,42,12213 1,1,1,1,1,1,1,1,1,1,1,1,1,1,1,1,1,1,1,1,1,1
135,146,3,15,3263,7,6,53,384,20,1101,51,11,633,550,52,1834 1,1,1,1,1,1,1,1,1,1,1,1,1,1,1,1,1
63,587,16402,6989,12,7624,12,78,47,3472,29,2801 1,1,1,1,1,1,1,1,1,1,1,1
28,20,126,19,1433,5,387,62,4955,277,27,6,3905,1192,9,70,303,8 1,1,1,1,1,1,1,1,1,1,1,1,1,1,1,1,1,1
28,20,1668,10,4907,135,235,13,761,1120 1,1,1,1,1,1,1,1,1,1
7,55,3,18,38,301,525,7960,1865,51,103,898,46,68,72,1634 1,1,1,1,1,1,1,1,1,1,1,1,1,1,1,1
579,4,2087,99,421,78,47,966,29,73,228,7,960 1,1,1,1,1,1,1,1,1,1,1,1,8
29428,249,3,128,300 1,1,1,1,1
299,226,7,184,13,380,9,211,8 1,1,1,1,1,1,1,1,1
128,63,4260,12,16403,99,113 1,1,1,1,1,1,1
3403,27,421,5,2742,115,66,128,391 1,1,1,1,1,1,1,1,1
855,3081,889,9,211,8 1,1,1,1,1,1
90,2129,24,413 1,1,1,1
11,48,29429,3,291,34,3,84,12,798,1215 1,1,1,1,1,1,1,1,1,1,1
11,375 1,1
11,84,12,29430,7,554,3722,4,1120,4,311,255,7,1334,411,3,3148,3,854,3,1091,12,80,29,110,1456,16390,220,466,9,2563,8,29,3469,16389,9,2563,8,2572,4,71,324,317,36,123,1958,87,9,71,53,10211,7334,6841,8,29,2070,3,687,76,29431,4,256,697,935,3,363,3,12211,9,1161,3699,78,47,383,29,211,35,7,1604,5534,8,361,4,812,29,110,3800,9,1985,78,47,383,29,1828,4213,9,29432,8,5382,78,47,1947,29,16404,698,43,29433,8,29,29434,4,3450,111,128,131,2956,153,4,110,53,861,761,9,1985,16404,78,47,1947,29,820,78,47,1947,29,3341,245,3977,9,1037,8,861,761,8,29,472,819,1139,15337,3125,4,58,415,2258,2975,29435,4,29436,432,13,202,7,1271,3,30,7,8282,644,4,106,3469,771,13,3469,251,19,1484,905,839,1684,3,96,43,272,212,110,619,2563,4,698,43,1456,2267,10,309,3,2491,10,6,29437,5,2250,445,9,29438,8,4,170,3543,5874,76,3,6,10,6,309,20,883 1,1,1,1,1,1,1,1,1,1,1,1,1,1,1,1,1,1,1,1,1,1,1,1,1,1,1,1,1,1,1,1,1,1,1,1,1,1,1,1,4,4,4,4,4,4,4,1,1,1,1,1,1,1,1,1,1,1,1,1,1,1,1,1,1,1,1,1,1,1,1,1,1,1,1,1,1,1,1,1,1,1,1,1,1,1,1,1,1,1,1,1,1,1,1,1,1,1,1,1,1,1,1,1,1,1,1,1,1,1,1,1,1,1,1,1,1,1,1,1,1,1,1,1,1,1,1,1,1,1,1,1,1,1,1,1,1,1,1,1,1,1,1,1,1,1,1,1,1,1,1,1,1,1,1,1,1,1,1,1,1,1,1,1,1,1,1,1,7,1,1,1,1,1,1,1,1,1,1,1,1,1,1,10,1,3,1,1,1,1,1,1,1,1,1,1,1,1,1,1,1,1,1,1,1,1,1,1,1,1,1,1,1,1,1,1,1
6,2210,813,466,10,6,2250,20,883 1,1,1,1,1,1,1,1,1
6,5076,2210,813,466,66,6,2250,20,31,678,5,753,10,52,756 1,1,1,1,1,1,1,1,1,1,1,1,1,1,1,1
6,53,2075,20,5192,1559,5,40,1961,20,543,13,6,548,7,325,19,24,429,154 1,1,1,1,1,1,1,1,1,1,1,1,1,1,1,1,1,1,1,1
31,3845,10,251,5,21,68,39,355 1,1,1,1,1,1,1,1,1
1165,9,29439,8,4,811,789,2537,13,62,559,7,2846,42 1,1,1,1,1,1,1,1,1,1,1,1,1,1
11,173,2911,130,76 1,1,1,1,1
1027,8640,1780,143,1682,543,13,185,1743,94,1988,15,5276,1813,429,154,9,29440,8,4,2799,789,3,525,5,811,1472,97,325,127,4,2188,78,47,1947,29,874 1,1,1,1,1,1,1,1,1,1,1,1,1,1,1,1,1,1,1,1,1,1,1,1,1,1,1,1,1,1,1,1,1,1,1,1,1
29441,78,47,1947,29,277,39,19,168,4,4300,58,22,605,5,1314,608,3,252,547,22,32,3,1669,1582,1337,32,3,962,171,22,32,3,1778,180,22,32,3,7790,29442,22,32,3,5373,231,22,608,3,784,707,279,22,608,3,236,171,22,608,3,1522,125,22,608,3,452,210,22,608,3,1253,32,3,512,329,1628,487,1327,22,32,3,3,2125,586,22,2634,3,960,165,108,189,608,3,2414,165,7885,141,189,9,1024,8,220,911,5,4924,1144,4,920 1,1,1,1,1,1,1,1,1,1,1,1,1,1,1,1,1,1,11,1,1,1,1,1,1,1,1,1,1,1,1,1,1,25,1,1,1,1,1,1,1,1,1,1,1,1,1,1,9,9,1,1,1,1,12,1,1,1,1,1,1,1,1,1,1,1,1,1,1,1,1,1,1,1,1,1,1,1,1,1,1,1,1,1,1,1,8,8,1,1,1,1,8,8,1,1,1,1,1,1,1,1,1,1,1,1,1
1221,92,4109,3,132,19,2461 1,1,1,1,1,1,1
586,2319,238,30,3,334,4791,102,77,316,4,292,4,5712,523,4,1232,148,4,29443,716,4,125,2573,4,5712,814,78,47,966,29,59,480,3,787,227,1536,3,11,2662,2036,3,11,2529,1709,136,332,3,11,879,3,11,309 1,1,1,1,1,1,1,1,1,1,1,1,1,1,1,1,1,1,1,1,1,1,1,1,1,1,1,1,1,1,1,1,1,1,1,1,1,1,1,1,1,1,1,1,1,1,1,1,1,1,1,1,1
576,78,986,29,108,632,130,4,145,3,44,304,310,29,4105,589,213,155,4,751,100,362,4,152,3,979,3,2045,3,1289 1,1,1,1,1,1,1,1,1,1,1,1,1,1,1,1,1,1,1,1,1,1,1,1,1,1,1,1,1,1
16403,1192,14,7862,531,4,3065,3,232,443,133 1,1,1,1,1,1,1,1,1,1,1
131,474,225,53,29444,6140,13,685 1,1,1,1,1,1,1,1
11,12214,240,29,685,225,53,525,2959 1,1,1,1,1,1,1,1,1
296,1693,7,53,384 1,1,1,1,1
352,4,410,3,29445 1,1,1,1,1
925,1544,928,204,29,775,10,2672,2796,671,117,2553,7,666,100 1,1,1,1,1,1,1,1,1,1,1,1,1,1,1
377,511,19,574,53,3445 1,1,1,1,1,1
670,1006,682,4939,149,705,2589,592,2807,869,2421,769,6197,392,581,888,1857,870,29446,399,4442,1179,2078,22,1537,1336,72,72,2340,72,72,6990,929,33,349,3116,9,29447,8,333,6399,9,29448,8,536,8611,79,6341,1074,3202,1067,5170,1971,4,1251,4,11681,493,3,349,1323,3,734,1323,4912,9,12215,8,4,401,4286,9,12215,8,4,6989,12,7624,4286,9,12215,8,4,9993,78,986,29,900,552,33,4286,9,16405,8,4,8641,4286,9,16405,8,4,1159,29449,4286,9,29450,8,4,29451,4286,9,29452,8,4,8641,4286,9,16406,8,4,4294,4286,9,16406,8,4,4294,4286,9,16407,8,4,8641,4286,9,16407,8,4,8641,4912,9,29453,8,4,78,986,29,16408,16409,2231,4213,4912,9,29454,8,4,78,840,29,16408,16409,2231,4213,53,384,9,29455,14687,8,4,74,14,11,618,792 1,1,1,1,1,1,1,1,1,1,1,1,1,1,1,1,1,1,1,1,1,1,1,1,1,1,1,1,1,1,1,1,1,1,1,1,1,1,1,1,1,1,1,1,1,1,1,1,1,1,1,1,1,1,1,1,1,1,1,1,1,1,1,1,1,1,1,1,1,1,1,1,1,1,1,1,1,1,1,1,1,1,1,1,1,1,1,1,1,1,1,1,1,1,1,1,1,1,1,1,1,1,1,1,1,1,1,1,1,1,1,1,1,1,1,1,1,1,1,1,1,1,1,1,1,1,1,1,1,1,1,1,1,1,1,1,1,1,1,1,1,1,1,1,1,1,1,1,1,1,1,1,1,1,1,1,1,1,1,1,1,1,1,1,1,1,1,1,1,1,1,1,1,1,1
74,57,11,822,26,5190,1946 1,1,1,1,1,1,1
74,57,2631,354,1926,221 1,1,1,1,1,1
192,78,1071,29,104,4,6,28,14,15,335,87,302,522,13,15,30,7,153,761,3,212,110,619,3,71,121,61,13,13,5580,5,474,7,24,53,384 1,1,1,1,1,1,1,1,1,1,1,1,1,1,1,1,1,1,1,1,1,10,1,3,1,4,1,1,1,1,1,1,1,1,1,1,1
269,63,587,208,52,8631,51,138,28,78,47,966,29,73,3758,3,41,1717,13,438,7,907 1,1,1,1,1,1,1,1,1,1,1,1,1,1,1,1,1,1,1,1,1,1
63,587,57,6487,6989,12,7624,5,28,21,30,7,8641,5,28,38,277,13,1433,470,41,1107,19,4907,17,132 1,1,1,1,1,1,1,1,1,1,1,1,1,1,1,1,1,1,1,1,1,1,1,1,1,1
28,109,46,30,7,509,5,367,3011,51,41,659,650,19,713,138,28,14,1130,5,1607,211 1,1,1,1,1,1,1,1,1,1,1,1,1,1,1,1,1,1,1,1,1,1
134,3796,63,587,86,10,52,269,3,41,482,1190,12216,5,144,713 1,1,1,1,1,1,1,1,1,1,1,1,1,1,1,1
1266,4,4907,123,856,65,9,29456,8,29,439,63,587,29,144,3796,63,587,29,3560,8583,139,63,1898,72,29457,552 1,1,1,1,1,1,1,1,1,1,1,1,1,1,1,1,1,1,1,1,1,1,1,1,1,1,1
439,1120,2324 1,1,1
4279,278 1,1
29458,4,86,4897,5,144,105,444,135,761 1,1,1,1,1,1,1,1,1,1
439,761,420 1,1,1
416,365,592,40,272,3,166,290,10,2087,165 1,1,1,1,1,1,1,1,1,1,8
41,450,17,132 1,1,1,1
644,4,492,826,319,29,1107,19,2479,17,132,138,2867,5,177,84,29,86,163,5456,361,4,86,1118,3,41,810,1201,361,2040,71,4,86,1201,5456,7,960,329,165,2510,13,911 1,1,1,1,1,1,1,1,1,1,1,1,1,1,1,1,1,1,1,1,1,1,1,1,1,1,1,1,1,1,4,1,1,1,1,1,8,1,8,1,1,1
41,144,63,366,1392,329,141,973,329,58,272,135,1596,1326,4,41,659,1522,477,28,19,4907,138,341,7,10000,771,5498,4,71,353,2665,4,1484,3,29459,726,161,4,1885,296,3042,10759,1252,29460,3,229,2055,16401,3724,33,3485,710,47,29461 1,1,1,1,1,1,1,1,1,1,1,1,1,1,1,1,1,1,1,1,1,1,1,1,1,1,1,1,1,1,1,1,1,1,1,1,1,1,1,1,1,1,1,1,1,1,1,1,1,1,1,1,1,1,1
