67,54,4,29401,2414,29402,12208,960,141,1034,1230,4225,3,3793,4300,58,22,69,5373,231,22,276,706,755,22,32,126,99,113,1118,125,22,32,236,171,22,32,784,707,279,22,608,1778,180,22,32,452,210,22,45,9,17,3469,251,8,4,210,22,29403,29,320,22,29404,252,462,22,32,3782,13,487,9195,22,135,65,12,10869,228,2125,586,22,10572,4670,32,1669,36,22,32,31,49,1522,125,22,32,1102,4764,3,9999,2521,30,4,468,10,81,24,39,147 1,1,1,1,8,8,8,8,1,1,1,1,1,1,1,1,1,1,1,1,1,1,1,1,1,1,1,1,1,1,1,1,1,12,1,1,1,9,9,1,1,1,1,1,1,1,1,1,1,1,1,1,1,1,1,1,1,1,1,1,1,1,1,11,1,1,1,1,1,1,1,1,1,1,1,1,1,1,1,1,1,1,1,1,1,1,1,1,1,1,1,1,1,1,1,1,1,1,1,1,1,1,1,1,1,1
18,38,68,1516,140,5,190,590 1,1,1,1,1,1,1,1
18,21,68,27,24,137,140,17,170,113,5,190,37,18,21,2410 1,1,1,1,1,1,1,1,1,1,1,1,1,1,1,1
1059,21,68,232 1,1,1,1
163,63,154,4,11,67 1,1,1,1,1,1
18,146,37,18,894,66,6,669,82,10,6,44,471,12,6,495 1,1,1,1,1,1,1,1,1,1,1,1,1,1,1,1
24,1350,154,14,223,2100,552,139,4241 1,1,1,1,1,1,1,1,1
1082,4,749,64,9775,12,6,1826 1,1,1,1,1,1,1,1
208,160,2430,17,29405,1793 1,1,1,1,1,1
8965,211 1,1
1383,4,819,1492,12,1374 1,1,1,1,1,1
749,64,4327,684,24,7334,322 1,1,1,1,1,1,1
16,1627,24,12,15,4282,5,2262,17,117,113,5,92,538,60 1,1,1,1,1,1,1,1,1,1,1,1,1,1,1
103,4,299,1103,1507,511,12,24,574,48,3,957,27,88,85 1,1,1,1,1,1,1,1,1,1,1,1,1,1,1
31,1149,27,85,7,102,288 1,1,1,1,1,1,1
354,4,11,725,80,39,30,4,39,4,4300,988 1,1,1,1,1,1,1,1,1,1,1,1
81,7,182,4,361,4,190,37,24,214,14,3040,681,7,6,85 1,1,1,1,1,1,1,1,1,1,1,1,1,1,1,1
31,2977,26,1307,43,1199 1,1,1,1,1,1
473,5,194,291 1,1,1,1
11,84,12,1053,26,1692,7,6714,2284 1,1,1,1,1,1,1,1,1
18,21,1654,17,3030,3,1770,13,1504 1,1,1,1,1,1,1,1,1
38,1238,5,1402,868,16396,7984 1,1,1,1,1,1,1
18,749,64,4700,17,338,147 1,1,1,1,1,1,1
16,1344,62,679 1,1,1,1
92,111,15,12211,7,6,1161,3699 1,1,1,1,1,1,1,1
64,4700,82,55,934,37,18,237,122,64,301,17,37,5,3486,18,21,221,64,301,3,600,18,631,92,14,17,15,1887,19,6,5769,1850 1,1,1,1,1,1,1,1,1,1,1,1,1,1,1,1,1,1,1,1,1,1,1,1,1,1,1,1,1,1,1,1,1
16,98,1081,24,10,122,64,9548,223,15,5769,1850,4075,3,5,37,112,14,3961 1,1,1,1,1,1,1,1,1,1,1,1,1,1,1,1,1,1,1
102,77,4,981,60 1,1,1,1,1
148,4,9675,364,4,1000,3,145,655,4,29406,97,2768,3,467,2636,227,4,797 1,1,1,1,1,1,1,1,1,1,1,1,1,1,1,1,1,1,1
216,4,44,133,3,97,222,48,4,91,10,463,130,4,29407,1525,1362,2399 1,1,1,1,1,1,1,1,1,1,1,1,1,1,1,1,1,1
44,304,29,1513,310 1,1,1,1,1
1094 1
1710,589,891,213,214,4,11,1128 1,1,1,1,1,1,1,1
11,240 1,1
381,2120,860,13,131,246,12,37,548 1,1,1,1,1,1,1,1,1
6714 1
11,777,2143 1,1,1
114,4,11,93 1,1,1,1
1032,217,3,1139 1,1,1,1
79,1688 1,1
1525,29408,7,1233,12,6,1683,1385,7,59,322,3,66,7334,84,3,51,13,244,44,196,1495 1,1,1,1,1,1,1,1,1,1,1,1,1,1,1,1,1,1,1,1,1,1
232,322,198 1,1,1
339,5,104,4,1087,308,483 1,1,1,1,1,1,1
2475,10,192,179,97,532 1,1,1,1,1,1
3085,1606,1485,10,112 1,1,1,1,1
17,132,3,988,6,960,10,615,1034,159,18,894,2014,43,30 1,1,1,1,1,8,1,1,1,1,1,1,1,1,1
41,160,10,2355,13,64,4700,5,64,301,223,2374,2519,2979,5,29409,319,121,14,2417,6,12211,5,5365 1,1,1,1,1,1,1,1,1,1,1,1,1,1,1,1,1,1,1,1,1,1,1,1
208,160,10,122,15,3858 1,1,1,1,1,1
510,10,64,9995,17,172,7,24,1583,453,5,1654,17,3030 1,1,1,1,1,1,1,1,1,1,1,1,1,1
50,1403,15,6677,935 1,1,1,1,1
18,160,513,13,64,12212 1,1,1,1,1,1
36,552,29,372,1331,5,2297,7,198 1,1,1,1,1,1,1,1,1
398,3,1348,3,4768,3,836,3,16400,3483,3,29410,3483,3,972 1,1,1,1,1,1,1,1,1,1,1,1,1,1,1
987,4,36,129,426,4,761,224,16399,6149,12210,3,107 1,1,1,1,1,1,1,1,1,1,1,1,1
7672,12212,3,107 1,1,1,1
5197,4700,3,1689,3,29411,12054,436,198,599,3,8769,29412,1418,3,3377,29413,3,1111,1826,3,4640,29414,2864,301,3,1689,3,29415,29416,9995,3,107 1,1,1,1,1,1,1,1,1,1,1,1,1,1,1,1,1,1,1,1,1,1,1,1,1,1,1,1,1,1,1,1,1
5197,2896,5951,3,1689,3,3750 1,1,1,1,1,1,1
