67,54,4,29504,6239,318,1141,112,3234,3,5568,3918,12220,112,54,4,29505,61,234,4,48,453 1,1,1,1,1,1,1,1,1,1,1,1,1,1,1,1,1,1,1,1,19,19
30,7,61,234,4,40,14,15,3794,767,121,38,15,7362,438,7,48,453,783,6,421,3,99,421,3,5,949,89 1,1,1,1,1,1,1,1,1,1,1,1,1,1,1,1,19,19,1,1,1,1,1,1,1,1,1,1
16,603,1343,754,45,27,223,929,26,5665,1532,5,40,6223,23,48,453 1,1,1,36,36,1,1,1,1,1,1,1,1,1,1,19,19
6,28,21,374,30,7,181,120,76,5,95,38,2715,188,19,23,181,977,1572,3,313,3,1023,139,15,29506,3,16,1749,114,2271,3,312,2271,306,712 1,1,1,1,10,10,10,10,10,1,1,1,1,1,1,1,1,1,1,1,1,1,1,1,1,1,1,1,1,1,1,1,1,1,1,1
16,1377,16,1317,46,4799,92,15,1928,5,16,427,783,6,427,7,6,65 1,1,1,1,1,1,1,1,1,1,1,1,1,1,1,1,1,1
286,99,421,3,16,38,128,48,453,3,75,16,417,242,31,704,681,7 1,1,1,1,1,1,1,19,19,1,1,1,1,1,1,1,1,1
286,20,286,424,13,128,226,7,184,12,6,871,495,552 1,1,1,1,1,1,1,1,1,1,1,1,1,1
16,537,16,20,407 1,1,1,1,1
40,538,139,16,1344,115,5,321,963 1,1,1,1,1,1,1,1,1
16,1343,6,754,45,40,495 1,1,1,36,36,1,1
571,143,9629,754,45,16,38,1123,564,5,40,3,12,1488,3,538,23,116 1,1,1,36,36,1,1,1,1,1,1,1,1,1,1,1,1,1
16,286,1295,12,10,122,64,7469,3,23,331,3,12,224,5,20,781,10,6,318,499,17,172 1,1,1,1,1,1,1,1,1,1,1,1,1,1,1,1,1,1,1,1,1,1,1
395,122,6,6111,318,499,67,17,475,402 1,1,1,1,1,1,1,1,1,1
80,39,30,4,181,120,76,206,30,5,150,30,4,122,6111,318,499,67 1,1,1,1,10,10,10,1,1,1,1,1,1,1,1,1,1,1
102,101,4,6,28,14,61,1250,3,31,5099 1,1,1,1,1,1,1,1,1,1,1
23,63,94,14,3654 1,6,6,6,6
23,130,156,14,12,6,3535 1,1,1,1,1,1,1
74,14,11,202,7,817,130,371,19,101 1,1,1,1,1,1,1,1,1,1
74,14,11,1161,715,1453,5,23,155,57,91,10,463 1,1,1,1,1,1,1,1,1,1,1,1,1
23,130,101,14,1736,3,13,11,213,26,561,857 1,1,1,1,1,1,1,1,1,1,1,1
23,114,46,565,93 1,1,1,1,1
214,12,152,5,979 1,1,1,1,1
133,57,877 1,1,1
457,172,4,23,1145,111,15,53,3105,1528,1780,13,11,84,12,8094,66,356,565 1,1,1,1,1,1,1,1,1,1,1,1,1,1,1,1,1,1,1
23,174,457,264,57,401 1,1,1,1,1,1
340,1598,12,230,4,6,1401,20,235,13,23,331,3,64,7469 1,1,1,1,1,1,1,1,1,1,1,1,1,1,1
119,394,740,37,6,28,21,1019,38,15,626,7,23,181,771,13,284,2312,1523,3,138,23,255,7,226,7,184,5,1923,1728,437 1,1,1,1,1,1,1,1,1,1,1,1,1,1,1,1,1,1,1,1,1,1,1,1,1,1,1,1,1,1,1
92,14,284,37,16,21,4522,325,3,75,14,31,202,517,7,6,53,3105,1528,1780 1,1,1,1,1,1,1,1,1,1,1,1,1,1,1,1,1,1,1,1
401,6,174,172,5,264,3,75,57,52,781,27,40,85,3,6,28,41,606,124,17,268,39,355 1,1,1,1,1,1,1,1,1,1,1,1,1,1,1,1,1,1,1,1,1,1,1,1
603,505,4,199,181,765,3,181,120,76 1,1,1,1,1,1,1,10,10,10
566,9,158,534,748,261,8,4,6,28,20,162,10,6,124,12,211,534 1,1,1,1,1,1,1,1,1,1,1,1,1,1,1,1,1,1
1218,29507,2818,12221,3,107 1,1,1,1,1,1
16417,29508,29509,533,43,4,2818,12221,3,107 1,1,1,1,1,1,1,1,1,1
16417,250,31,81,43,262,331,250 1,1,1,1,1,1,1,1
