67,54,4,29515,7200,6181,16418,189,11,4,16419,10006,10007,124,1609,297,54,4,1102,1173,3,2333,140,5347,948,3,115,558,948 1,1,1,1,1,1,1,1,1,1,1,1,1,1,1,1,1,1,1,1,1,1,1,1,1,1,1,1,1
28,1870,43,551,121,745,254,10,28 1,1,1,1,1,1,1,1,1
28,258,109,31,724,681 1,1,1,1,1,1
551,11006 1,1
258,1041,2924,12,353,3,15102,3,29516,3,29517,15,1743,6815,3,36,3281,7,3100,33,41,46,29518,13,92 1,1,1,1,1,1,1,1,1,1,1,1,1,1,1,1,1,1,1,1,1,1,1,1,1
39,4,289,171,22,955,298,651,3,512,45,501,22,651,3,2425,1792,22,7345,3,1819,4224,22,7345,3,1650,125,22,2739,3,2261,141,22,6342,3,610,215,22,1047,3,706,108,22,651,3,452,117,22,135,5735 1,1,1,1,1,1,1,1,1,1,1,1,1,1,1,1,1,1,1,1,1,1,1,1,1,25,1,1,1,1,1,1,1,1,1,9,1,1,1,1,1,1,1,1,1,1,1,1,1,1
16420 1
1119,263,1166,7,91,1181 1,1,1,1,1,1
90,307,3,109,3,760,3,600,2824,1684,123,135,421 1,1,1,1,1,1,1,1,1,1,1,1,1
321,963,3,983,12,6349,17,223,62,552,3,286,188,10,391 1,1,1,1,1,1,1,1,1,1,1,1,1,1,1
135,551,3,28,7537,12,3055,405,65 1,1,1,1,1,1,1,1,1
98,1041,728,3100,27,421 1,1,1,1,1,1
28,90,529,26,418,26,535,13,184 1,1,1,1,1,1,1,1,1
102,77,4,140,115,558,948 1,1,1,1,1,1,1
148,3,658,3089 1,1,1,1
48,33,91,13,377,327,100,649,3,377,184,327 1,1,1,1,1,1,1,1,1,1,1,1
103,33,145,239,13,3741,1611,27,8191,11,213 1,1,1,1,1,1,1,1,1,1,1
114,33,11,93,19,70,3,565,19,53 1,1,1,1,1,1,1,1,1,1
192,5,104,4,9,36,8,16420 1,1,1,1,1,1,1,1
11,301,116 1,1,1
313,3,558,948,140,1001,7,479 1,1,1,1,1,1,1,1
278,13,64,4550 1,1,1,1
144,48,738,89,3,392,5,347,3,1697 1,1,1,1,1,1,1,1,1,1
9,58,8,280 1,1,1,23
1331,28,5,551,641,982,2924,12,353,3,160,10,3688,19,988,140 1,1,1,1,1,1,1,1,1,1,1,1,1,1,1,1
9,117,8,551,2123,28,1041,4942,3013,3,65,7,113,3,2314 1,1,1,1,1,1,1,1,1,1,1,1,1,1,1
235,13,28,131,1460 1,1,1,1,1
1521,12,58,129,10,64,4550 1,1,1,1,1,1,1
86,137,254 1,1,1
2227,4,28,27,1182,7,112,2123,15773,4689,3,478,3,139,724 1,1,1,1,1,1,1,1,1,1,1,1,1,1,1
758,636,1344,1581,17,1835,2050 1,1,1,1,1,1,1
1835,850,22,3,47,335,3,36,298,1208 1,1,1,1,1,1,1,1,1,1
878,123,195,79 1,1,1,1
230 1
641,377,3100,12,353 1,1,1,1,1
1260,29519,27,7024 1,1,1,1
9047,9662,3,5607,3,5608,29520 1,1,1,1,1,1,1
