67,54,4,29510,7200,6181,16418,189,11,4,16419,10006,10007,124,1609,297,54,4,1387,625,3,2697,29511,358,17,96,115,7,15,95,124,99,3416 1,1,1,1,1,1,1,1,1,1,1,1,1,1,1,1,1,1,1,1,1,1,1,1,1,1,1,1,1,1,1,1,1
758,3,38,128,131,817,130,371,3,139,724,128,14243 1,1,1,1,1,1,1,1,1,1,1,1,1
758,16,826,319,3,16,20,344,12,6,124,17,900,552 1,1,1,1,1,1,1,1,1,1,1,1,1,1
159,261,3,16,21,68,191,60 1,1,1,1,1,1,1,1
16,190,1851,15,416,7476,12,23,994,5,598,263,51,11,760,3,739,3,437,19,380,26,48,34 1,1,1,1,1,1,1,1,1,1,1,1,1,1,1,1,1,1,1,1,1,1,1,1
74,143,11,84,7,23,39 1,1,1,1,1,1,1
80,39,30,4,9,36,8,212,13,458,4,559,7,279,42 1,1,1,1,1,1,1,10,1,1,1,1,1,1,1
9,58,8,106 1,1,1,7
9,117,8,330,354,76 1,1,1,1,1,1
9,210,8,1354 1,1,1,1
9,108,8,2682 1,1,1,1
9,320,8,153,765 1,1,1,1,1
9,539,8,287 1,1,1,15
9,615,8,1283 1,1,1,1
39,4,289,171,22,1047,3,1819,29512,22,7345,3,2425,10298,22,7345,3,610,215,22,956,15,65,3,706,108,22,651,3,452,35,135,5735,224,3,2261,141,22,6342,3,2427,125,22,2739,3,4374,125,2365,651,3,4810,669,22,651,3,512,5,752,487,956,15,65,3,1916,231,22,651,3,2273,669,22,946 1,1,1,1,1,1,1,1,1,1,1,1,1,1,1,1,1,9,1,1,1,1,1,1,1,1,1,1,1,1,1,1,1,1,1,1,1,1,1,1,25,1,1,1,1,1,1,1,1,1,1,1,1,1,1,1,1,1,1,1,1,1,1,1,1,1,1,1,1,1,1,1
5,29513,501,22,943,117,123,135,113 1,1,1,1,1,1,1,1,1
102,77,4,140,4,6555,3,467,320,624,66,1361 1,1,1,1,1,1,1,1,1,1,1,1
23,63,94,89,14,3811 1,1,1,1,1,1
23,133,14,12,6,382,82,5,416,1108 1,1,1,1,1,1,1,1,1,1
136,4,615,632,910 1,1,1,1,1
155,4,600,1441,184,327,3,91 1,1,1,1,1,1,1,1
103,4,145,1108,3,304,3,310 1,1,1,1,1,1,1,1
214,4,152,5,396 1,1,1,1,1
114,4,11,93,19,6,70 1,1,1,1,1,1,1
565,595,93,19,6,53 1,1,1,1,1,1
873,4,161,315,255,7,817,130,371,290,10,2113,2700,4,197,10,52,211,132,13,377,12,23,140 1,1,1,1,1,1,1,1,1,1,1,1,1,1,1,1,1,1,1,1,1,1,1,1
86,61,39,389 1,1,1,1
119,38,15,235,19,6,1511,7,353,2458 1,1,1,1,1,1,1,1,1,1
1358,2179,1166 1,1,1
41,376,122,1243,9662,525,40,129,12,1387,5,50,41,122,201,465,12,1135 1,1,1,1,1,1,1,1,1,1,1,1,1,1,1,1,1,1
3361,4550,3,107 1,1,1,1
29514 1
