67,54,4,29570,414,4,12226,6692,542,4,29571,404,17,112,4,12226,6692,14,15,4957,28,7,64,4223,7764,3,5,14,781,517,7,2405,1998,347 1,1,1,1,1,1,1,1,1,1,1,1,1,1,1,1,1,1,1,1,1,1,1,1,1,1,1,1,1,1,1,1,1,1
30,7,61,328,4,629,6692,21,15,30,7,71,324,530,188,312,306,141,87 1,1,1,1,1,1,1,1,1,1,1,4,4,1,1,1,1,1,1
18,98,21,38,106,5,185,520,225,620,6,1122,1551,7,85 1,1,1,1,7,1,15,15,1,1,1,1,1,1,1
18,21,15,698,30,158,155,373,5,895,373,3,394,343,5,12,4237 1,1,1,1,1,1,1,1,1,1,1,1,1,1,1,1,1
24,347,21,68,2405,2122,225,95,87,13,15,1738,7,1492,12,2508,3,1715,12,208,3672,3,2679,5,2334,12,871,2791,13,2845,12,208,2791,3,5,95,2592,564,19,1102,4826,3,6081,18,21,68,334,4431,12,6,95,129,13,15,824,444,7,16434,24,1998,1669,3,1332,3,5,1054,5,57,31,1409,266,3,5,653,14,44,27,11313,1425,111,1508,1461,12,1374,2508,5,828,2466,159,37,85 1,1,1,1,1,1,1,1,1,1,1,1,1,1,1,1,1,1,1,1,1,1,1,1,1,1,1,1,1,1,1,1,1,1,1,1,1,1,1,1,1,1,1,1,1,1,1,1,1,1,1,1,1,1,1,1,1,1,1,1,1,1,1,1,1,1,1,1,1,1,1,1,1,1,1,1,1,1,1,1,1,1,1,1,1,1,1,1,1,1,1
64,7764,564,62,1321,101,12,1306,3,75,111,717,2280,153,5367,3,51,11,202,7,756,3,1419,3,26,240 1,1,1,1,1,1,1,1,1,1,1,1,1,1,1,1,1,1,1,1,1,1,1,1,1,1
18,21,112,62,3948,145,17,3159,3412 1,1,1,1,1,1,1,1,1
18,109,31,731,1153,205,7,71,57,61,3,51,18,21,38,11,2430,516,17,88,12229,1082 1,1,1,1,1,1,1,4,1,1,1,1,1,1,1,1,1,1,1,1,1,1
95,3,18,21,68,190,2203,590,13,1441,1059,5,2586,2550,300 1,1,1,1,1,1,1,1,1,1,1,1,1,1,1
18,375,1119 1,1,1
24,140,21,11049,43,223,125,624 1,1,1,1,1,1,1,1
18,14,416,648 1,1,1,1
18,14,504,4381,19,380 1,1,1,1,1,1
18,14,31,1805,43,762,1790,26,43,2203,2338,7,24,196 1,1,1,1,1,1,1,1,1,1,1,1,1,1
24,39,86,35,1003,13,1176,1707,3,484,1163,3,408,5,15,2144,742,228,7,289,27,382,22,956,15,65 1,1,1,1,1,1,13,13,1,1,12,1,1,1,1,1,1,1,1,1,1,1,1,1,1,1
39,2382,8574,22,25,36,298,32,1782,2974,22,25,36,298,32,906,36,298,32,175,1008,154,2126,4,35,496 1,1,1,1,1,1,1,1,1,1,1,1,1,1,1,1,1,1,1,1,1,1,1,1,1,1
1986,829,22,25,36,298,32,4917,9,12227,8,141,22,25,36,298,32,512,2994,846,3,58,45,9,73,8,25,69,4102,9,8644,8,58,1222,2530,69,2681,1092,9,3990,1092,8,58,1222,2530,69,1827,9,203,1148,1463,8,1026,3,36,45,9,73,8,25,36,16433,289,9,932,8,1632,3,58,45,9,73,8,25,69,613,9,610,1400,8,686,3,829,45,9,73,8,25,69,2201,2994,9,2326,2994,8,901,3,36,45,9,73,8,25,305,809,9,348,8,846,3,58,45,9,73,8,25,4,58,298,25,605,3,58,298,25,608 1,1,1,1,1,1,1,13,1,13,1,1,1,1,1,1,1,1,1,1,1,1,1,1,1,1,1,1,1,1,1,1,1,1,1,1,1,1,1,1,1,1,1,1,1,1,11,1,11,1,1,1,1,1,1,1,1,1,1,1,1,1,1,1,1,1,1,1,1,1,1,1,1,1,1,9,1,1,1,1,1,1,1,1,1,1,1,1,1,1,1,1,1,1,1,1,1,1,1,1,1,1,1,1,17,1,17,1,1,1,1,1,1,1,1,1,1,1,1,1,1,1,1,1,1,1
3782,1327,36,298,25,69,1731,9,5069,8,4215,3,36,45,9,73,8,25,69,9008,9,906,8,36,298,25,32,2125,9,4052,8,3326,3,36,45,9,73,8,25,2634,962,9,1118,8,378,3,36,568,9,73,8,25,69,236,171,22,25,36,298,32,102,101,4,19,101,89,3,18,981,2271,51,404,1250 1,1,1,1,1,1,33,1,1,1,1,1,1,1,1,1,1,1,1,1,1,1,1,1,1,1,1,1,1,1,1,1,1,1,1,1,1,1,1,1,1,1,1,1,1,1,1,1,1,1,1,1,1,12,1,1,1,1,1,1,1,1,1,1,1,1,1,1,1,1,1,1,1
18,1438,12,15,13333,954,2419,2222,3,75,21,828,159,175,7,24,591,540 1,1,1,1,1,1,1,1,1,1,1,1,1,1,1,1,1,1
24,63,94,12,6,70,303,3,983,3,14,16435,13,145,133,5414,24,48,21,15,493,1619,876,51,12,207,14,91,5,737,1170,1250 1,1,1,1,1,1,1,1,1,1,1,6,1,1,1,1,1,1,1,1,1,1,1,1,1,1,1,1,1,1,1,1
576,2050,998,6,1456,3262,130,111,15,1616,58,589,213,3,11630,27,6,473,53,1456,1876 1,1,1,1,1,1,1,1,1,1,1,1,1,1,1,1,1,1,1,1,1
214,14,152,5,396 1,1,1,1,1
74,14,11,153,246 1,1,1,1,1
114,46,11,93 1,1,1,1
339,4,626,153,371,12,15,4957,428,13,312,306,141,87,1396,30,7,71,35,60,21,106,5,287 1,1,1,1,1,1,1,1,1,1,1,1,1,1,1,1,1,4,1,1,1,7,1,1
6,2466,3,134,660,3,237,1623,6,505,7,71,1383,51,40,237,52,2203,12,6,2658,7,1082 1,1,1,1,1,1,1,1,1,1,1,1,1,1,1,1,1,1,1,1,1,1,1
92,237,52,157,10,731,66,24,3948,1153,1082,14,61 1,1,1,1,1,1,1,1,1,1,1,1,1
92,14,3,7,438,3,98,284,37,18,21,354,76,858,6,861 1,1,1,1,1,1,1,1,1,1,1,1,1,1,1,1
2374,7866,5,6,2428,7,2466,237,4792,3238,40,284 1,1,1,1,1,1,1,1,1,1,1,1
6,1176,1707,12,6,2428,7,354,76,1317,7,438,1849,24,1998,347,43,988,153,63,1298,954 1,1,1,1,1,1,1,1,1,1,1,1,1,1,1,1,1,1,1,1,1,1
24,314,7,1059,5,300,208,60,52,422,10,6,851,7,153,371 1,1,1,1,1,1,1,1,1,1,1,1,1,1,1,1
420,4,50,237,508,37,18,122,29572,4231,3,5066,3,15,153,29573,3,10,3952,15,353,999,17,153,371,35,60,35,17,24,71,5,287 1,1,1,1,1,1,1,1,1,1,1,1,1,1,1,1,1,1,1,1,1,1,1,1,1,1,1,1,1,1,4,1,1
40,1317,29574,12,988,128,7,24,300 1,1,1,1,1,1,1,1,1
92,704,92,237,52,9074,35,62,2233,10,988,26,1285,24,4917,5,1851,24,289,14856,10,122,1153,1998,347,667,13,602,1176,5511,5,954,312,633,1053 1,1,1,1,1,1,1,1,1,1,1,1,13,13,13,1,1,1,1,1,1,1,1,1,1,1,1,1,1,1,1,1,1,1,1
134,3,7,438,3,226,7,184,627,26,93,197,3,286,369,10,6,289,237,52,404 1,1,1,1,1,1,1,1,1,1,1,1,1,1,1,1,1,1,1,1,1
92,1317,52,37,15,1810,1640,3,14934,1890,3,1152,35,108,22,7,5917,1317,575,10,179,93,9,5,663,8,5,988,6,606,17,289 1,1,1,1,1,1,1,1,1,1,1,1,1,1,1,1,1,1,1,1,1,1,1,1,1,1,1,1,1,1,1,1
134,1998,347,2304,857,13,602,1176,5,2192,3,92,237,2830,1186,37,6,3922,20,31,233,3671,3,5,92,1317,52,286,284,10,369,10,571,297,13,602,3106 1,1,1,1,1,1,1,1,1,1,1,1,1,1,1,1,1,1,1,1,1,1,1,1,1,1,1,1,1,1,1,1,1,1,1,1,1
24,494,14,11,3107,422,10,2291,7,11234,5,237,166,1255,66,3724,340,13,2986,9,1152,35,7214,189,956,15,113,8,26,6228,8 1,1,1,1,1,1,1,1,1,1,1,1,1,1,1,1,1,1,1,1,1,1,1,1,1,1,1,1,1,1,1
104,4,119,41,1347,15,336,89,17,486,961,10,347,1538,3,75,208,575,1186,1824,1153,6,147,14,1264,71,1383 1,1,1,1,1,1,1,1,1,1,1,1,1,1,1,1,1,1,1,1,1,1,1,1,1,1,1
134,470,3,6,1370,4170,237,52,999 1,1,1,1,1,1,1,1,1
119,235,6,2851,1019,160,17,820,9,3755,11,174,6446,39,29575,8 1,1,1,1,1,1,1,1,1,1,1,1,1,1,1,1
92,237,52,157,17,24,10,112,6,3397,153,499,9,2175,425,19,1025,1109,27,29576,3,1291,13,629,4231,82,668,8,10,3952,223,6815,7,820 1,1,1,1,1,1,1,1,1,1,1,1,1,1,1,1,1,1,1,1,1,1,1,1,1,1,1,1,1,1,1,1,1,1
119,235,5722,7,15,3029,1842,3,75,546,52,359,60,397,15,160,17,92,3670 1,1,1,1,1,1,1,1,1,1,1,1,1,1,1,1,1,1,1
50,237,3,12,1488,3,420,37,18,1717,10,46,40,359,12,6,441,493,129 1,1,1,1,1,1,1,1,1,1,1,1,1,1,1,1,1,1,1
40,550,52,1567,868,64,6659,82,668,26,1851,43,1438,13,64,29577,7141 1,1,1,1,1,1,1,1,1,1,1,1,1,1,1,1,1
50,41,3,7,438,3,575,13,88,7,571,1370,35,1936 1,1,1,1,1,1,1,1,1,1,1,1,1,1
2815,4962,3,107 1,1,1,1
4223,336,486,29578,1538,14,344,7620,9,5725,10,223,1389,29579,26,2466,8 1,1,1,1,1,1,1,1,1,1,1,1,1,1,1,1,1
40,14,15,244,381,1432,17,71,1383,3,5,4792,12,3411,7,354,76 1,1,1,1,1,1,1,1,1,1,1,1,1,1,1,1,1
50,237,508,299,15,2138,7,153,120,10,981,17,88,1264,120,756 1,1,1,1,1,1,1,1,1,1,1,1,1,1,1,1
134,61,92,237,3396,17,6,2047,7,24,347,10,1176,26,84,12,1959 1,1,1,1,1,1,1,1,1,1,1,1,1,1,1,1,1
4391 1
