67,54,4,29835,1180,210,168,55,28,4,5255,3,4786,542,4,10016,162,54,4,29836,85,4,29837,272,451,4,64,6309,29838,262,4,64,12246,3,761,726,161,4,296,1085,4,28,3,28,67,426,4,437,3,3950,282,4,2846,379,498,13,4258,2996,606,2053,155,761,12,2868,121,258,37,17,620,6,99,129,16,21,537,598,4381,5,78,47,2164,29,616,78,47,2139,29,9,75,16,312,1149,768,35,15,511,7,2819,3,31,29839,8,3,1291,13,170,1744,255,7,300,13,375,9,5641,544,65,12,6,99,129,3,6,99,85,1023,8 1,1,1,1,1,1,1,1,1,1,1,1,1,1,1,1,1,1,1,1,1,1,1,1,1,1,1,1,1,1,1,1,1,1,1,1,1,1,1,1,1,1,1,1,1,1,1,1,1,1,1,1,1,1,1,1,1,1,1,1,1,1,1,1,1,1,1,1,1,1,1,1,1,1,1,1,1,1,1,1,1,1,1,1,1,1,1,1,1,1,1,1,1,1,1,1,1,1,1,1,1,1,1,1,1,1,1,1,1,1,1,1,1,1,1,1,1,1,1,1,1,1,1,1,1,1
16,20,112,29840,1143,6,29841,3,186,19,29842,16,2957,190,199,4381,5,323 1,1,1,1,1,1,1,1,1,1,1,1,1,1,1,1,1,1
16,61,10,4650,1002,124,3,834,16,20,55,10,52,1045,12,6,365,3184,19,1467,3,75,14,23,472,9,3180,13,308,8 1,1,1,1,1,1,1,1,1,1,1,1,1,1,1,1,1,1,1,1,1,1,1,1,1,1,1,1,1,1
174,639,149,143,15,819,7,2845,3,2130,1437,3,905,9391,27,7222,506,20,1164,35,11,199,29843,20,1377,10,52,13669,3,5,20,138,141,22,7,15631,247,3,2009 1,1,1,1,1,1,1,1,1,1,1,1,1,1,1,1,1,1,1,1,1,1,1,1,1,1,1,1,1,1,1,1,1,1,1,1,1,1,1
16,20,3260,126,19,15,676,1685,9,2534,189,2315,3,10238,6024,8,138,23,256,971,5,15,9391,905 1,1,1,1,1,1,1,1,1,1,1,1,1,1,1,1,1,1,1,1,1,1,1,1
16,20,286,688,10,3000 1,1,1,1,1,1
12,6,230,425,23,905,20,2394,9,5,23,1067,20,225,850,8 1,1,1,1,1,1,1,1,1,1,1,1,1,1,1,1
748,1187,425,3,16,4167,6,270,30 1,1,1,1,1,1,1,1,1
316,748,953,10,6,230,5459,2008,29844,900,231,42,1467 1,1,1,1,1,1,1,1,6,1,1,1,1
16,98,55,37,23,905,38,68,211,95,9,96,43,23,451,8,19,23,137,228,7,210,452,105,9,708,58,19,16486,8 1,1,1,1,1,1,1,1,1,1,1,1,1,1,1,1,1,1,1,1,1,1,1,1,1,1,1,1,1,1
16,90,263,3,48,34,3,361,116,3,2190,116,15375,579,72,708,35,12,282,13,96,475,4,200 1,1,1,1,1,1,1,1,1,1,1,1,1,1,1,1,1,1,1,1,1,1,1,1
39,30,2996,3,801,35,15,29845,3,13,2053,155,761,12,2868,209,153,765,9,472,819,66,29846,8,363,1354,287,106,280,391,1274,3,19,3237,1728,27,29847,1416,155,761,3,161,315,209,3050,1672,715,2025,12,1519,7,5820,104,14,17,29848,1557,138,341,709 1,1,1,1,1,1,1,1,1,1,1,1,1,1,1,1,1,1,1,1,1,1,1,1,1,1,15,7,23,1,1,1,1,1,1,1,1,1,1,1,1,1,1,1,1,1,1,1,1,1,1,1,1,1,1,1,1,1,1,1
616,6993,7070,1820,4823,350,411,256,1403,29849,3050,39,19,168,4,176,947,478,9,203,8,547,22,25,32,178,5256,669,22,25,69,195,959,2009,4214,755,22,2011,2322,167,13118,253,959,1092,3999,36,1222,1096,1869,167,437,3,407,346,1212,9,729,8,141,22,25,32,460,3816,501,22,25,29850,210,298,36,552,169,10,2760,540,652,800,9,236,8,171,22,25,32,995,2935,1592,22,25,12247,1079,4996,782,2116,964,9,625,523,298,8,9,3753,1541,8,850,22,25,69,1477,4996,782,9,3753,8,850,22,25,69,1708,512,4474,1755,25,69,501,22,69,2001,2425,1792,22,25,32,17,1354,1155,2218,29851,9,10019,8,850,22,2011,32,2434,3717,29852,231,22,25,69,2520,4535,4145,189,25,2634,3201,8952,9,4427,8,125,22,25,32,3643,3203,171,22,25,32,4473,2359,6402,965,1318,9,2671,8,36,1318,2530,32,3084,2359,8562,4281,9,1994,4006,4281,8,36,1092,1096,69,5832,3990,2009,9,2681,2009,8,829,22,2011,305,167,29853,4832,1184,2994,945,22,25,305,5851,4180,782,141,22,25,892,9,1392,329,1230,8,5173,610,2223,912,964,231,22,25,32,6559,906,36,298,25,32,6103,9229,10873,9,3140,8,501,22,25,69,8155,706,1755,25,32,1211,22,7064,1835,782,850,22,25,69,7841,4897,9,4300,8,1755,25,69,320,22,5906,16487,16488,1513,628,9,1999,2510,8,36,298,25,29854,3,2735,3,3291,8439,1484,456,9,452,8,1755,25,210,22,105,3,708,58,22,16486,55,37,289,20,95,1285,43,64,12246,127,4,790,150,30,639,17,4481,7105,13,373 1,1,1,1,1,1,1,1,1,1,1,1,1,1,1,1,11,11,11,11,11,1,1,1,1,1,1,1,1,1,1,1,1,1,1,1,1,1,1,1,1,1,1,1,1,1,1,1,1,1,1,1,1,1,20,20,20,20,1,1,1,1,1,1,1,1,1,1,1,1,1,1,1,1,1,1,1,12,12,12,12,1,1,1,1,1,1,1,1,1,1,1,1,1,1,1,1,1,1,1,1,1,1,1,1,1,1,1,1,1,1,1,1,1,1,1,1,1,1,1,1,1,1,1,1,1,1,1,1,1,1,1,1,1,1,1,1,1,1,1,1,1,1,1,1,1,1,1,1,1,1,1,1,1,1,1,1,1,1,1,1,1,1,1,1,1,1,1,1,1,1,1,1,1,1,1,1,1,1,1,1,1,1,1,1,1,1,1,1,1,1,1,1,1,1,1,1,1,1,1,1,1,1,1,1,1,1,1,1,1,1,1,1,1,1,1,1,1,1,1,1,1,1,1,1,1,1,1,1,1,1,1,9,9,9,9,1,1,1,1,1,1,1,1,1,1,1,1,1,1,1,1,1,1,1,1,1,1,1,1,1,1,1,1,1,1,1,1,1,1,1,1,1,1,1,1,1,1,1,1,1,1,1,1,1,1,1,1,1,1,1,1,1,1,1,1,1,1,1,1,1,1,1,1,1,1,1,1,1,1,1,1,1,1,1,1,1,1,1,1,1,1,1,1,1,1,1,1,1,1,1,1,1
206,30,6,28,245,12,6540,3,5234 1,1,1,1,1,1,1,1,1
16,7140,78,47,966,29,292,137,285,3,51,157,10,52,15,759,3739,355 1,1,1,1,1,1,1,1,1,1,1,1,1,1,1,1,1,1
16,21,636,238 14,14,14,14
102,77,316,4,292,4,4012,523,4,1232,148,4,29855,3298,4,1035,42,1467,140,7379,842,814,78,47,966,29,59,4,787,3,11,199,342,3,6097,1768,2928,196,4,683,3,11,277,55,227,4,1172,3,1121,3,4260,1313,1110,136,4,11,875,908,55,3,332,130,4,455,3,11,1099,155,4,1304,78,47,383,29,775,10,857,88,407,362,4,29856,531,4,11,1379,100,352,4,925,2960,204 1,1,1,1,1,1,1,1,1,1,1,1,6,1,1,1,1,1,1,1,1,1,1,1,1,1,1,1,1,1,1,1,1,1,1,1,1,1,1,1,1,1,1,1,1,1,1,1,1,1,1,1,1,1,1,1,1,1,1,1,1,1,1,1,1,1,1,1,1,1,1,1,1,1,1,1,1,1,1,1,1,1,1,1,1,1,1,1,1,1,1,1
628,1006,12,233,114,3,793,762,1915,457,264,347,16489,3,345,9310,897,5,805,50,72,12,230,349,4619,3,333,1294,3,1281,2958,905,2845,3,1067,225,850,12,230,36,272,6990,444,401,506,13,11,202,7,1984,3,1053,1930 1,1,1,1,1,1,1,1,1,1,1,1,1,1,1,1,1,1,1,1,1,1,1,1,1,1,1,1,1,1,1,1,1,1,1,1,1,1,1,1,1,1,1,1,1,1,1,1,1,1,1,1,1
192,78,1071,29,104,4991,498,13,256,2053,155,761,162,13,29857,256,2761,437,9,97,3950,8,3,323,3,5,855,300 1,1,1,1,1,1,1,1,1,1,1,1,1,1,1,1,1,1,1,1,1,1,1,1,1,1,1,1
1168,422,569,470,2170 1,1,1,1,1
30,31,1287,545,3,155,91,19,168,77,3,11,249,26,3554,26,263,4167 1,1,1,1,1,1,1,1,1,1,1,1,1,1,1,1,1,1
29858,4,3130,2243,2298,676,1685,27,988,156,9,6024,8,3,827,905,40,272,3,86,452,27,163,228,3,194,114,1321,10,1776,17,971,9,35,284,3798,17,545,8,2298,29859,135,163,389,29860,594,10,96,29861,77,137,91,3,1103,4268,17,803,2290,78,47,383,29,41,1833,1202,27,163,228,9,1211,22,8,15950,10715,110,155,761,4,2087,99,421,78,47,966,29,73,228,7,9229,5,6990,3,1344,1485,27,210,272,89,12,230,29862,13,1213,78,47,383,29,659,272,228,7,29863,89,3,1494,40,744,2298,4783,29864,4,10019,3,8122,3,1999,3,29865,153,765,4,27,472 1,1,1,1,1,1,1,1,1,1,1,1,1,1,1,1,1,1,1,1,1,1,1,1,1,1,1,1,1,1,1,1,1,1,1,1,1,1,1,1,1,1,1,1,1,1,1,1,1,1,1,1,1,1,1,1,1,1,1,1,1,1,1,1,1,1,1,1,1,1,1,1,1,1,1,1,1,1,1,1,1,1,1,1,1,1,1,1,1,1,1,1,1,1,1,1,1,1,1,1,1,1,1,1,1,1,1,1,1,1,1,1,1,1,1,1,1,1,1,1,1,1,1,1,1,1,1,1,1,1,1,1,1
753,422,3312,2752,86,2425,17,1354,5391,35,40,21,68,4258,7951,464,19,659,29866,20,266,27,1779,29,29867,78,47,966,29,292,1403,1053,1930,209,7070,5,8020,4,2298,7173,2994,3,3976,512,1072,17,512,4474,1927,4,5043,1697,4968,29868,13023,353,2665,4,9773,4,1835,135,163,389,15378,4,19,676,29869,726,161,4,296,9,1885,8,2929,29870,14449,3,229,1180,210,710,47,29871 1,1,1,1,1,1,1,1,1,1,1,1,1,1,1,1,1,1,1,1,1,1,1,1,1,1,1,1,1,1,1,1,1,1,1,1,1,1,1,1,1,1,1,1,1,1,1,1,1,1,1,1,1,1,1,1,1,1,1,1,1,1,1,1,1,1,1,1,1,1,1,1,1,1,1,1,1,1,1,1,1,1,1,1,1,1
