67,54,4,29778,2699,7,40,55,143,1962,13,15,2154,5,80,1396,3360 1,1,1,1,1,1,1,1,1,1,1,1,1,1,1,1,1
571,2699,208,31,46,2154,492 1,1,1,1,1,1,1
395,157,4271,186,4882,224,5416,649,19,6,1240,12,40,55 1,1,1,1,1,1,1,1,1,1,1,1,1,1
1180,210,168,83,78,1071,29,364,414,4,4786,5255,542,4,10016,54,7,168,4,29779,162,331,4,64,12246,451,4,4511,4046,3,229,726,161,4,296,1085,7,403,4,28,5,940,3,350,1191,172,2474,4,1885,155,3050,110,155,761,282,4,293,5255,14,15,29780,498,13,2996,121,526,100,155,761,12,1102,8620,16,20,221,12,6,8969,224,19,29781,13,234,7,627,437,19,380,225,6,3924,267,113,10,6,802,37,16,21,68,1496,13,2765,5,139,321,3080,2307 1,1,1,1,1,1,1,1,1,1,1,1,1,1,1,1,1,1,1,1,1,1,1,1,1,1,1,1,1,1,1,1,1,1,1,1,1,1,1,1,1,1,1,1,1,1,1,1,1,1,1,1,1,1,1,1,1,1,1,1,1,1,1,1,1,1,1,1,1,1,1,1,1,1,1,1,1,1,1,1,1,1,1,1,1,1,1,1,1,1,1,1,1,1,1,1,1,1,1,1,1,1,1,1,1,1,1,1
16,631,37,23,706,228,20,377,66,1211,10,141,22,105,620,36,129,183,5,37,23,4897,228,38,68,377,2082,40,87 1,1,1,1,1,1,1,1,1,1,1,1,1,1,1,1,1,1,1,1,1,1,1,1,1,1,1,1,1
27,472,3,16,14,19,1804,1133,9,1467,1929,27,427,5,3180,1929,13,380,8 1,1,1,1,1,1,1,1,1,1,1,1,1,1,1,1,1,1,1
16,90,29782,29783,26,59,303,29784,732 1,1,1,1,1,1,1,1,1
95,38,15,2497,1011,5,1165,12,5234 1,1,1,1,1,1,1,1,1
98,128,495,555,17,6,80,108,65 1,1,1,1,1,1,1,1,1
90,889,84,3,338,34,26,1280 1,1,1,1,1,1,1,1
11,95,248,29785,26,1742,1863 1,1,1,1,1,1,1
11,95,1863,1987,7,29786,7,6,939,2988,548 1,1,1,1,1,1,1,1,1,1,1
21,15,29787,27,163,29,11,174,95,5306,732 1,1,1,1,1,1,1,1,1,1,1
11,95,667 1,1,1
23,3088,722,15,627,4284,5,241,570,722,202,7,627,756,3,166,422,10,3050 1,1,1,1,1,1,1,1,1,1,1,1,1,1,1,1,1,1,1
16,14,52,162,17,516,7,199,19,209,3050 1,1,1,1,1,1,1,1,1,1,1
579,4,72,12,402,708,35,55,270 1,1,1,1,1,1,1,1,1
11023,532,29788 1,1,1
161,315,100,155,761,29789 1,1,1,1,1,1
199,5,209,3050 1,1,1,1
162,13,29790,2290,13,14567,12,29791,3,1972,13,2648,5,29792 1,1,1,1,1,1,1,1,1,1,1,1,1,1
29793,7,1112,3,29794,12,29795,29796,2011,29797 1,1,1,1,1,1,1,1,1,1
19,1357,856,632,8237,13,3180,13724,1133,29798,29799,70,657,5,384,29800,29801,29802,29803,1079,2619,1477,1319,1708,2392,2001,1416,2218,287,2501,29804,155,761,7675,3743,1105,4,790,1201,254,19,162,4,29805,669,22,25,305,29806,4459,16482,3523,167,29807,2011,1869,167,29808,1592,22,12247,29809,2510,12247,29810,4474,1327,22,69,29811,501,22,69,29812,2011,850,22,105,29813,231,22,105,1079,3717,231,22,69,1477,2671,965,1318,69,1708,289,171,22,105,2001,236,171,22,105,2218,1184,2994,945,22,305,2434,29814,2520,815,125,22,105,3201,729,108,22,105,3643,29815,22,5486,129,4473,2541,4090,69,3084,706,141,22,105,5832,4897,108,22,25,69,4832,2176,108,22,1392,5,27,1350,5851,784,707,215,22,105,5173,752,29816,189,113,6919,403,4,920,10,1033,761,28 1,1,1,1,1,1,1,1,1,1,1,1,1,1,1,1,1,1,1,1,1,1,1,1,1,1,1,1,15,1,1,1,1,1,1,1,1,1,1,1,1,1,1,1,1,1,1,1,1,1,1,1,1,1,1,1,1,1,1,1,1,1,1,1,1,1,1,1,1,1,1,1,1,1,1,1,1,1,1,1,1,1,1,1,1,1,1,1,1,1,1,1,1,1,1,1,1,1,12,1,1,1,1,1,1,1,1,1,1,1,1,1,1,1,1,1,20,1,1,1,1,1,1,1,1,1,1,1,1,1,1,1,1,1,1,1,1,1,1,1,1,1,1,1,1,1,1,1,1,9,9,1,1,1,1,1,1,1,1,1,1,1,1,1,1,1,1
11,727 1,1
245,12,5234 1,1,1
285,35,15,5095,16483,918 1,1,1,1,1,1
6987,4701 14,14
11,485,26,1113 1,1,1,1
6634,403,4,11,2996,3,11,256,212,102,77,701,4,292,6477,3,148,29817,3,523,1322,3,716,279,3,718,880,1914,1467,1929,27,427,29,10827,842,9,3765,3928,8,814,4,787,280,767,3,1438,12,296,3935,13,673,4978,10,184,227,4,665,3,1042,91,3,1536,29,11,338,246,26,3689,136,4,332,3,11,910,155,4,406,4357,78,1071,29,3452,737,656,3,11,29818,720,4,455,3,409,9220,3,11,1099,362,4,280,3,8750,3,329,588,3,11,969,29,11,1017,1044,246,1714,4,617,3,11,1379,3,217,1459,78,1071,29,433,79,133,352,4,6145,3,1010,409,3,925,645,868,2005,204,3,670,1006,2363,5,634,3,1009,204,149,705,3702,592,3028,869,2030,769,5555,9,83,8,392,1413,9,83,8,888,2394,9,83,8,870,2421,399,2931,1077,1649,1506,3715,1388,1888,1938,2949,1565,1173,1527,1173,1566,853,1077,1649,1579,2909,9,292,8,2444,4770,9,83,8,926,1320,580,2470,9,292,8,4168,2394,9,292,8,1284,29819,6800,2073,349,5637,9,83,8,734,13415,560,5070,333,29820,653,853,786,9357,823,6517,536,5870,795,5112,9,83,8,42,1209,1733,9,83,8,42,577,539,9,59,8,42,847,108,42,830,36,42,864,519,6990,539,2330,4,12248,3697,9237,72,9,20,29821,372,95,12,12249,8,689,4,48,241,29822,29823,5585,1900,29824,3,2996,3,131,118,159,29825,792,26,908 1,1,1,1,1,1,1,1,1,1,1,1,1,1,1,1,1,1,1,1,1,1,1,1,1,1,1,1,1,1,1,1,1,1,1,1,1,1,1,1,1,1,1,1,1,1,1,1,1,1,1,1,1,1,1,1,1,1,1,1,1,1,1,1,1,1,1,1,1,1,1,1,1,1,1,1,1,1,1,1,1,1,1,1,1,1,1,1,1,1,1,1,1,1,1,1,1,1,1,1,1,1,1,1,1,1,1,1,1,1,1,1,1,1,1,1,1,1,1,1,1,1,1,1,1,1,1,1,1,1,1,1,1,1,1,1,1,1,1,1,1,1,1,1,1,1,1,1,1,1,1,1,1,1,1,1,1,1,1,1,1,1,1,1,1,1,1,1,1,1,1,1,1,1,1,1,1,1,1,1,1,1,1,1,1,1,1,1,1,1,1,1,1,1,1,1,1,1,1,1,1,1,1,1,1,1,1,1,1,1,1,1,1,1,1,1,1,1,1,1,1,1,1,1,1,1,1,1,1,1,1,1,1,1,1,1,1,1,1,1,1,1,1,1,1,1,1,1,1,1,1,1,1,1,1,1,1,1,1,1,1,1,1,1,1,1,1,1,1,1,1,1,1,1,1,1,1,1,1,1,1,1,1,1,1,1,1,1,1,1,1,1,1,1,1,1
264,1109,177,4,924,27,382,3,409,694,78,1071,29,9355 1,1,1,1,1,1,1,1,1,1,1,1,1,1
11,173,84,66,169 1,1,1,1,1
12248,506,4,11,202,7,29826,4039 1,1,1,1,1,1,1,1
11,205,7,854,3,199,26,209,3050,3,29827,76 1,1,1,1,1,1,1,1,1,1,1,1
7100,5041,14,630,44,406,97,205,7,458 1,1,1,1,1,1,1,1,1,1
12248,48,241,4,627,2065,756,135,350,1191,29,6618,1340,1164,401,339,5,104,4,29828,832,13,2996,110,100,155,761,3,61,13,437 1,1,1,1,1,1,1,1,1,1,1,1,1,1,1,1,1,1,1,1,1,1,1,1,1,1,1,1,1,1,1
479,17,16484,3050 1,1,1,1
451,98,15,1631,13,3852,437,3,51,79,21,68,19,999,1155,5,29829,241,31,508,7,451 1,1,1,1,1,1,1,1,1,1,1,1,1,1,1,1,1,1,1,1,1,1
11,174,923,508,62,2366,921,3,158,338 1,1,1,1,1,1,1,1,1,1
176,1844 1,1
437,3,479,17,16484,155,3050 1,1,1,1,1,1,1
33,16485,501,247,2088,123,117,65,3,286,706,2020,33,86,174,1201,29830,29,96,105,4897,444,33,247,5257,477,19,7384,1202,33,144,1181,1620,2874,329,587,178,153,4,1319,27,472,9,472,819,29831,8 1,1,1,1,1,1,1,1,1,1,1,1,1,1,1,1,1,1,1,1,1,1,1,1,1,1,1,1,1,1,1,1,1,1,1,1,1,1,1,1,1,1,1,1,1,1,1
153,228,17,233,39 1,1,1,1,1
195,1927,33,11,2383,2924,3,266,1045,1978,3,266,456,29,96,69,8648,477,19,29832,1202,253,3510,4,6072,29,1118,9,19,2319,35,1201,8,346,2623,4,401,265,12,437,78,1071,29,400,161,726,4,296,235,13,761,1180,5,350,1180 1,1,1,1,1,1,1,1,1,1,1,1,1,1,1,1,1,1,1,1,1,1,1,1,1,1,1,1,1,1,1,1,1,1,1,1,1,1,1,1,1,1,1,1,1,1,1,1,1,1,1,1,1,1,1
29833,6734,3,107 1,1,1,1
3000,297,8054,710,47,29834 1,1,1,1,1,1
