67,54,4,30040,281,297,3681,1002,124,30,7,61,328,40,20,15,903,112,17,40,16525,1879,498,13,6,39,147,7,317,36,71,324,3,106,3,3001,3,5,209,153,765 1,1,1,1,1,1,1,1,1,1,1,1,1,1,1,1,1,1,1,1,1,1,1,1,1,1,1,1,4,4,4,4,1,7,1,1,1,1,1,1,1
6,28,258,37,159,50,99,749,201,3,16,14,52,172,268,17,153,761 1,1,1,1,1,1,1,1,1,1,1,1,1,1,1,1,1,1
12,475,3,1101,143,1049,10,469,62,1136,1842,17,820,12,23,70,303,5,40,242,31,285,319 1,1,1,1,1,1,1,1,1,1,1,1,1,1,1,1,1,1,1,1,1,1,1
138,37,40,175,242,31,285,319,3,15,1771,20,1049,10,2861,10,122,134,74,20,15,761,2339,17,201,10,299,15,153,761,2144,306,1627,233,7,6,5995,12,469,17,2499,134,12,1488,16,237,160,92 1,1,1,1,1,1,1,1,1,1,1,1,1,1,1,1,1,1,1,1,1,1,1,1,1,1,1,1,1,1,1,1,1,1,1,1,1,1,1,1,1,1,1,1,1,1,1,1
372,95,3,6,28,82,347,20,3259,5,23,392,20,2253,267,113,183 1,1,1,1,1,1,1,1,1,1,1,1,1,1,1,1,1
793,147,71,324,317,36,71,324 1,1,1,1,4,4,4,4
6,28,82,71,14,137,60,179,19,23,137,389,7,596,5,145,165 1,1,1,1,1,1,1,1,1,1,1,1,1,8,1,8,8
372,95,3,23,733,398,20,3556,19,16526 1,1,1,1,16,16,16,16,1,1
6,28,258,37,233,7,23,1921,27,163,46,68,543,1226,586,5,7331,209,153,765,6,28,14,52,172,17,153,761,5,284,2339,37,23,150,2084,5,2524,41,52,154,10,122,1153,74,57,15,7994,226 1,1,1,1,1,1,1,1,1,1,1,1,1,1,1,1,1,1,1,1,1,1,1,1,1,1,1,1,1,1,1,1,1,1,1,1,1,1,1,1,1,1,1,1,1,1,1,1
106,6,28,14,19,15,16133,1432,7,39,10,343,23,106 7,1,1,1,1,1,1,1,1,1,1,1,1,7
137,3,16,14,19,1893,1327,22,25,69,3,932,125,22,25,32,3,2789,1649,22,25,276,3,218,171,22,25,32,3,5,1919,707,388,22,25,276 1,1,1,1,1,9,1,1,1,1,1,1,1,1,1,1,1,1,1,1,1,1,1,13,1,1,1,1,1,1,20,20,1,1,1,1
30041,14,137,60,179,19,40,389 1,1,1,1,1,1,1,1
4050,1029,6,28,20,1204,4050,1029,742,19,784 1,1,1,1,1,1,1,1,1,1,9
17,40,404,3,6,784,20,1285,5,6,28,14,46,602,7,15,147,13,40,483,137 1,1,1,1,1,9,1,1,1,1,1,1,1,1,1,1,1,1,1,1,1
494,6,28,82,494,14,290,10,311,1976,709 1,1,1,1,1,1,1,1,1,1,1
16,21,95,68,126,19,11234,3,75,16,14,299,1696,1050,12,6,281,297,544,85,15,113 1,1,1,1,1,1,1,1,1,1,1,1,1,1,1,1,1,1,1,1,1,1
372,95,3,23,824,20,6298,42,267,113,183 1,1,1,1,1,1,1,1,1,1,1
3001,6,28,14,19,30042,501,22,25,32,17,40,147,5,16,14,52,96,43,1185 1,1,1,1,1,1,1,1,1,1,1,1,1,1,1,1,1,1,1,1
287,6,28,82,287,14,301 15,1,1,1,15,1,1
372,95,3,23,520,143,359,19,16526,5,27,37,85,23,486,393,20,7929,5,23,580,20,30043,40,14,15,301,147,17,6,28,3,138,37,23,520,143,1097,44,1062,129,183 1,1,1,1,1,1,1,1,1,1,1,1,1,45,45,45,45,45,1,1,1,1,1,1,1,1,1,1,1,1,1,1,1,1,1,1,1,1,1,1,1,1
138,40,3,6,28,20,126,19,236,125,22,25,32,17,287 1,1,1,1,1,1,1,1,12,1,1,1,1,1,15
119,41,390,23,520,1134,27,6,85,7,23,441,112,12,4045,113 1,1,1,1,1,1,1,1,1,1,1,1,1,1,1,1
308,39,203,1026,25,32,2789,4603,25,36,298,25,662,973,932,125,22,25,32,1781,1548,171,189,605,521,1979,189,608,49,16527,397,15,911,26,1230,3307,846,25,69,165,2775,9,1034,231,8,1893,782,45,1327,22,25,69,3820,236,378,25,32,218,549,25,32,815,549,25,69,49,13165,397,911,1919,707,6344,1541,25,276,191,31,5385,6110,154,2126,663,835,3544,25,32,145,165,279,189,605,521,125,189,608,745,16527,397,15,911,84,12,340,5,2081,3307,846,25,69,6550,5186,126,4,12275,784,707,231,22,25,69,2426,5186,126,4,12275,1182,4,30044,33,2332,932,125,22,25,32,2426,5186,126,4,12275,1893,782,45,1327,22,25,69,6550,5186,126,4,16528,236,378,25,32,2426,5186,126,4,16528,102,101,63,94,9140,140,5044,624,207,197,40,20,15,2274,3,2356,1879,498,3,12,11,342,48,155,143,91,783,10,30045,720,145,156,5,239,13,11,213,3,502,3,26,561,1664,95,149,1921,63,366,9167,566,6,28,41,96,115,13,271,465,12,1062,10,4045,113 1,1,11,1,1,1,1,1,1,1,1,1,1,1,1,1,1,1,1,8,8,1,1,1,1,1,1,1,1,1,1,1,1,1,1,1,1,1,1,1,1,1,1,1,1,9,1,1,1,1,1,1,1,12,1,1,1,13,1,1,1,1,1,1,1,1,1,1,1,20,20,1,1,1,1,1,1,1,1,1,1,1,1,1,1,1,8,8,1,1,1,1,1,1,1,1,1,1,1,1,1,1,1,1,1,1,1,1,1,1,1,1,1,1,9,9,1,1,1,1,1,1,1,1,1,1,1,1,1,1,1,1,1,1,1,1,1,1,1,1,9,1,1,1,1,1,1,1,1,1,1,1,12,1,1,1,1,1,1,1,1,1,1,1,1,1,1,1,1,1,1,1,1,1,1,1,1,1,1,1,1,1,1,1,1,1,1,1,1,1,1,1,1,1,1,1,1,1,1,1,1,1,1,1,1,1,1,1,1,1,1,1,1,1,1,1,1,1,1,1,1,1,1,1
55,2687,43,1987,594,3197,1861,208,52,61 1,1,1,1,1,1,1,1,1,1
205,867,43,16529,3,8654,19,3909,320,3,2508 1,1,1,1,1,1,1,1,1,1,1
