67,54,4,30116,1655,929,3,3370,9639,4568,3,107 1,1,1,1,1,1,1,1,1,1,1,1
1141,7,281,297,30117,4500,258,599,1716,30118,1073,30119,30120,3,1972,30121,684,4,5214,7601,47,30122,882,30123,3,50,749,293,7601,89 1,1,1,1,1,1,1,1,1,1,1,1,1,1,1,1,1,1,1,1,1,1,1,1,1,1,1,1,1,1
50,38,887,221,201,159,99,87 1,1,1,1,1,1,1,1
50,7499,244,395,10,122,1667,60,16,82,359 1,1,1,1,1,1,1,1,1,1,1
16,21,38,11,2053,889,3,11,14709,3,5,11,837,963,6,1431 1,1,1,1,1,1,1,1,1,1,1,1,1,1,1,1
23,942,14,15,1103,2224,16,631,9,886,8 1,1,1,1,1,1,1,1,1,1,1
16,321,13,15,7681,700,3,51,14,376,3678,19,23,764 1,1,1,1,1,1,1,1,1,1,1,1,1,1
74,14,11,2006 1,1,1,1
23,303,5,248,57,1610 1,1,1,1,1,1
1955,656,57,296 1,1,1,1
6,1055,57,877 1,1,1,1
74,14,11,2652 1,1,1,1
23,942,14,2232 1,1,1,1
16,49,175,203,15,65,35,60,236,5,128,752,9,6,174,297,16,109,887,1773,51,50,704,360,57,12,6,731,223,8 1,1,1,11,1,1,1,1,12,1,1,1,1,1,1,1,1,1,1,1,1,1,1,1,1,1,1,1,1,1
23,63,94,14,3655 1,1,1,1,1
6,133,14,963,4865,74,57,11,875,222 1,1,1,1,1,1,1,1,1,1
66,808,2979,16,14,191,60,19,6,203,5,119,546,983,1236 1,1,1,1,1,1,1,1,1,11,1,1,1,1,1
50,237,166,10,122,201,465,12,15,87,5,27,37,85,119,546,46,1025,1193,465,10,827,6,1298,12,6,3726,120 1,1,1,1,1,1,1,1,1,1,1,1,1,1,1,1,1,1,1,1,1,1,1,1,1,1,1,1
6,70,1903,14,2199,5,6,53,14,1559 1,1,1,1,1,1,1,1,1,1
6,53,2115,7689,20,2475,10,678,19,6,689 1,1,1,1,1,1,1,1,1,1,1
92,208,60,52,1559,13,2511 1,1,1,1,1,1,1
6,53,689,20,12,5405,16,14,211,27,40,85 1,1,1,1,1,1,1,1,1,1,1,1
16,731,10,454,134,16,387,88,116 1,1,1,1,1,1,1,1,1
1586,641,3,2769,4238,12280,3,107 1,1,1,1,1,1,1,1
