67,54,4,30161,102,77,4,426,4,282,4,1320,1446,6498,522,13,403,35,30162,425,17,96,115 1,1,1,1,1,1,1,1,1,1,1,1,1,1,1,1,1,1,1,1,1,1,1
90,140,314,26,1001,3,84,12,1059,3,147,391,3,421,970,3,249,3,555,3,678,84,3,1654,3,226,7,184,3,739,3,760,3,263,3,48,34,3,194,114,93,3,291,34,3,300,3,375,3,446,3,648,3,63,12,554,3,1879,554,3,796,3,1408,3,798,26,4893,1157,3,277,3,84,12,3280,3,618,34,3,26,363,1626 1,1,1,1,1,1,1,1,1,1,1,1,1,1,1,1,1,1,1,1,1,1,1,1,1,1,1,1,1,1,1,1,1,1,1,1,1,1,1,1,1,1,1,1,1,1,1,1,1,1,1,1,1,1,1,1,1,1,1,1,1,1,1,1,1,1,1,1,1,1,1,1,1,1,1,1,1,1,1,1,1
11,2108,261,3,11,2281,34,3,11,8282 1,1,1,1,1,1,1,1,1,1
147,2466,363,1498,2700,110,53,248,164,3341,71,324,317,58,1699,76,4,311,419,19,679,1699,1875,4,8657,106,287,16556,1030,16557,1460,367,3639,4121,500,3941,4,311,3132,39,2393,9,7403,456,8,12285,189,521,2384,3,1557,35,135,16558,3471,16559,229 1,1,1,1,1,1,1,1,1,1,4,4,4,4,1,1,1,1,1,1,1,1,1,1,1,7,15,1,1,1,1,1,1,1,1,1,1,1,1,1,1,1,1,1,1,1,1,1,1,1,1,1,1,1,1,1,1
488,19,12041,3,16560,3,10035,17,567,862,19,10035 1,1,1,1,1,1,1,1,1,1,1,1
236,9,800,8,125,22,9,378,45,49,36,8,25,276,3,17,365,393 12,12,12,12,1,1,1,1,1,1,1,1,1,1,1,1,1,1
175,1746,909,421 1,1,1,1
2424,9,1286,8,108,22,9,647,45,49,36,8,25,69,3,17,71 21,21,21,21,1,1,1,1,1,1,1,1,1,1,1,1,1
175,1746,956,135,65 1,1,1,1,1
2655,782,125,22,9,378,45,49,36,8,25,32,3,49,175,1746,135,65 1,1,1,1,1,1,1,1,1,1,1,1,1,1,1,1,1,1
348,501,22,9,846,45,49,36,8,25,69,3978,501,22,9,846,45,49,36,8,25,2384,218,125,22,9,378,45,49,36,8,25,32,3,17,63,94 17,1,1,1,1,1,1,1,1,1,1,1,1,1,1,1,1,1,1,1,1,1,13,1,1,1,1,1,1,1,1,1,1,1,1,1,1
127,1545,150,403,4,11,84 1,1,1,1,1,1,1
206,403,4,11,699,3,541,3,26,357,157 1,1,1,14,14,14,1,1,1,1,1
90,4592,4035 1,1,1
157,2198,3495 1,1,1
545,4,316,205,148,4,12288,11201,814,4,480,227,4,863,3,11,2036,26,2662,1050,1042,4,91,3,11,685,26,1296 1,1,1,1,1,1,1,1,1,1,1,1,1,1,1,1,1,1,1,1,1,1,1,1,1,1,1,1
500,3941,51,11,2090,55 1,1,1,1,1,1
155,4,751,100,11202,4,11,875,908 1,1,1,1,1,1,1,1,1
130,4,455,3,11,3091 1,1,1,1,1,1
1459,3,3,1032,133,217 1,1,1,1,1,1
11,216,3,291,222 1,1,1,1,1
214,4,152,3,979,3,2045,3,588,61,114,4,11,1379,196,4,11,277,3,11,1108,3280,352,4,665,3,925,1544,204,3,2214 1,1,1,1,1,1,1,1,1,1,1,1,1,1,1,1,1,1,1,1,1,1,1,1,1,1,1,1,1,1,1
149,4,200 1,1,1
339,5,104,4,36,8,2756,151,4,179,265,225,99,36,129 1,1,1,1,1,1,1,1,1,1,1,1,1,1,1
313,2023,464,1194,185 1,1,1,1,1
138,24,256,2700,50,704,40,14,15,2637,2307 1,1,1,1,1,1,1,1,1,1,1
144,865 1,1
58,8,2466,4,827,40 1,1,1,1,1,1
117,8,363,4,265 1,1,1,1,1
791 1
2655,17,132 1,1,1
1430,10,4518,465,89 1,1,1,1,1
210,8,142,4,2536,179 1,1,1,1,1,1
108,8,3417,4,110,690,4,211 1,1,1,1,1,1,1,1
79 1
244,500,3747 1,1,1
885,1667,916,183,18,488,2393 1,1,1,1,1,1,1
252,32,17,132 60,1,1,1
96,115,13,273,35,503,19,30163 1,1,1,1,1,1,1,1
320,8,3867,682,1244,89,671,228 1,1,1,1,1,1,1,1
539,8,1957,4,211 1,1,1,1,1
1126,167 1,1
615,8,3303,4,492,1908,545,186,270,483,211 1,1,1,1,1,1,1,1,1,1,1
1426,3142,852,12281,3,107 1,1,1,1,1,1
