67,54,4,30258,1180,210,162,55,168,54,4,30259,28,414,4,16577,3,10332,542,47,4,16578,262,4,7881,3,16575,3747,4,28,5,230,146,404,17,168,4,84,12,1010,5,849,483,282,4,28,14,15,4030,498,13,944,4711,3,71,324,3,106,3,287,3,5,110,690,12,3193,9,3852,70,7692,5,6996,419,507,10,899,2989,76,7,6,70,281,216,120,8 1,1,1,1,1,1,1,1,1,1,1,1,1,1,1,1,1,1,1,1,1,1,1,1,1,1,1,1,1,1,1,1,1,1,1,1,1,1,1,1,1,1,1,1,1,1,1,1,1,1,1,1,1,1,4,4,1,7,1,15,1,1,1,1,1,1,1,1,1,1,1,1,1,1,1,1,1,1,1,1,1,1,1,1,1
16,21,68,198,27,163,43,23,848,159,23,419,99,87,5,135,23,451,78,47,966,29,73,55,2082,40,87,5,135,230,146,23,3874,5,355,21,1639,6597,312,1063,17,23,848,27,163 1,1,1,1,1,1,1,1,1,1,1,1,1,1,1,1,1,1,1,1,1,1,1,1,1,1,1,1,1,1,1,1,1,1,1,1,1,1,1,1,1,1,1,1,1
79,78,47,966,29,73,848,31,13,201,19,6,1109,313,3,135,230,146,79,4618,514,724,23,2133,16492,2082,5,23,848,2893,7067,5,1066,15,977,849,17,28 1,1,1,1,1,1,1,1,1,1,1,1,1,1,1,1,1,1,1,1,1,1,1,1,1,1,1,1,1,1,1,1,1,1,1,1,1,1
137,28,14,410,62,642,123,117,5,477,90,88,483,26,234,109,2893,1535,37,16,14,162,13,839,7,52,469,27,15,4379,26,977,469 1,1,1,1,1,1,1,1,1,1,1,1,1,1,1,1,1,1,1,1,1,1,1,1,1,1,1,1,1,1,1,1,1
16,90,88,529,3,307,3,1473,3,4101,3,1636,3,84,12,889,3,627,837,3,1507,3,26,9429 1,1,1,1,1,1,1,1,1,1,1,1,1,1,1,1,1,1,1,1,1,1,1,1
16,109,146,377,2625,628,19,23,70,518,51,146,265,12,628,159,6,690,99,87,1540,12,6,194,114 1,1,1,1,1,1,1,1,1,1,1,1,1,1,1,1,1,1,1,1,1,1,1,1,1
12,230,241,7,6,413,20,582,5,79,162,17,268,2351,5,284,849 1,1,1,1,1,1,1,1,1,1,1,1,1,1,1,1,1
80,39,30,4,142,287,697,935,367,159,4977,9,11,697,159,4977,8,151,256,413,1297,1214,87,183 1,1,1,1,1,15,1,1,1,1,1,1,1,1,1,1,1,1,1,1,1,1,1,1
53,9086,1647,3,70,12292,507,10,756,5365,3,70,2238,10367,110,70,16585,6909,944,4711,110,690,12,30260,9,3852,70,7692,5,6996,419,899,2989,76,7,6,70,281,216,120,39,4,9,135,64,5082,78,47,966,29,73,55,66,1102,856,3,3225,8,809,9,348,8,945,22,9,846,45,49,58,8,25,69,2883,9,622,8,108,22,9,647,45,49,36,8,25,32,123,388,65,1223,108,5465,22,9,1690,108,5138,462,22,8,36,298,25,1750,167,34,423,9,1406,8,447,22,9,1269,45,49,36,8,25,32,123,388,65,736,171,22,9,549,45,49,36,8,25,276,2092,9,3642,8,2022,45,49,36,45,9,73,8,25,305,123,180,65,127,4,8841,108,22,329,8842,846,33,361,1896,150,30,4,367,206,30,4,3890,2713,3,245,220,848,10038,121,14,23,198,11591 1,1,1,1,1,1,1,1,1,1,1,1,1,1,1,1,1,1,1,1,1,1,1,1,1,1,1,1,1,1,1,1,1,1,1,1,1,1,1,1,1,1,1,1,1,1,1,1,1,1,1,1,1,1,1,1,1,1,17,17,17,17,1,1,1,1,1,1,1,1,1,1,21,21,21,21,1,1,1,1,1,1,1,1,1,1,1,1,1,1,1,1,1,1,1,1,1,1,1,1,1,1,1,1,1,1,26,26,26,26,1,1,1,1,1,1,1,1,1,1,1,1,1,12,1,1,1,1,1,1,1,1,1,1,1,1,1,1,1,1,1,1,1,1,1,1,1,1,1,1,1,1,1,1,1,1,1,1,1,1,1,1,1,1,1,1,1,1,1,1,1,1,1,1,1,1,1,1,1,1,1
81,7,182,4,35,55,270,102,101,316,205,4,292,2833,364,1652,148,16586,716,125,718,4,967,42,658,207,4,391,1250,3,480,227,4,1852,3,665,3,1866,19,525,4315,100,3,818,2596,1110,3,1709,91,196,4,11,277,26,283,19,6,4699,26,30261,136,4,332,13,296,1693,3,11,910,48,4,751,682,130,4,455,3,11,15121,214,4,73,3,952,3,1465,3,1289,114,4,11,1379,273,4,8575,928,204 1,1,1,1,1,1,1,1,1,1,1,1,1,1,1,1,6,6,1,1,1,1,1,1,1,1,1,1,1,1,1,1,1,1,1,1,1,1,1,1,1,1,1,1,1,1,1,1,1,1,1,1,1,1,1,1,1,1,1,1,1,1,1,1,1,1,1,1,1,1,1,1,1,1,1,1,1,1,1,1,1,1,1,1,1,1,1,1,1,1,1,1,1,1,1,1,1
28,642,10,469,5,85,5,10,1150,9,5934,8,13,1103,575 1,1,1,1,1,1,1,1,1,1,1,1,1,1,1
223,3422,628,19,6,2664,3,1587,3,1378 1,1,1,1,1,1,1,1,1,1
16587,628,19,6,2570 1,1,1,1,1
1356,264,4,5955,705,2375,3,592,2221,3,869,2030,3,769,5685,3,392,558,3,888,1774,3,870,5813,9,83,8,5955,349,3198,3,734,30262,9,59,8,3,560,5070,3,333,11500,9,59,8,3,653,1733,3,786,5122,3,823,15068,9,83,8,3,536,4782,5955,795,3701,5955,79,5026,3,1074,1492,3,1067,8056,5955,2585,1706,3,3606,91,3,2452,1508,3,2736,72,3,2635,72,3,2920,6205,3,2372,72,3,1838,3025,5955,2858,72,3,3185,72,3,2453,72,3,1886,72,5955,15567,3,15568,5955,30263,72,3,30264,72,3,30265,72,3,30266,72,3,30267,72,3,30268,72,3,30269,72,3,30270,72,5955,30271,72,3,30272,72,3,30273,269,506,4,339,4,44,48 1,1,1,1,1,1,1,1,1,1,1,1,1,1,1,1,1,1,1,1,1,1,1,1,1,1,1,1,1,1,1,1,1,1,1,1,1,1,1,1,1,1,1,1,1,1,1,1,1,1,1,1,1,1,1,1,1,1,1,1,1,1,1,1,1,1,1,1,1,1,1,1,1,1,1,1,1,1,1,1,1,1,1,1,1,1,1,1,1,1,1,1,1,1,1,1,1,1,1,1,1,1,1,1,1,1,1,1,1,1,1,1,1,1,1,1,1,1,1,1,1,1,1,1,1,1,1,1,1,1,1,1,1,1,1,1,1,1,1,1,1,1,1,1,1,1,1,1,1,1,1
241,413,4,339,4,176,11,199,2244,1939 1,1,1,1,1,1,1,1,1,1
11,741,152,1233,474 1,1,1,1,1
178,202,7,169,2244,1373,5,164,35,768,270,3,211,1129,10,169,264 1,1,1,1,1,1,1,1,1,1,1,1,1,1,1,1,1
195,211,131,6786,7,6,70,5480,737,763 1,1,1,1,1,1,1,1,1,1
3475,4,4030,498,13,944,4711,3,71,324,3,106,3,287,3,5,110,690,12,3193,121,21,68,943,198,7,43,23,848 1,1,1,1,1,1,1,1,4,4,1,7,1,15,1,1,1,1,1,1,1,1,1,1,1,1,1,1,1
6597,13,627,3874,483,5,312,1063,10,49,198,7,43,23,848 1,1,1,1,1,1,1,1,1,1,1,1,1,1,1
413,241,14,72,17,15,301,690,5,149,57,928,44,5,31,508,7,88,793,1817,5294 1,1,1,1,1,1,1,1,1,1,1,1,1,1,1,1,1,1,1,1,1
28,98,197,211,5,480,5,1097,410,5,642,10,6,2345 1,1,1,1,1,1,1,1,1,1,1,1,1,1
16,41,166,1255,66,15,757,163,26,977,849 1,1,1,1,1,1,1,1,1,1,1
33,86,13,319,28,39,33,4279,278,33,206,594,278,33,145,353,33,71,353,33,1825,5,1386,892,33,3172,180,69,33,296,726,11262,30274,30275,3,229,395,1167,1180,210,13,664 1,1,1,1,1,1,1,1,1,1,1,1,1,1,1,1,1,1,1,1,1,1,1,1,1,1,1,1,1,1,1,1,1,1,1,1,1,1,1,1,1,1
