67,54,4,31010,2366,76,424,6078,39,599,404,17,112,8673,30,7,61,328,31011,719,121,61,12,1761,208,13,105,249,123,1684,129,13,266,188,34,123,58,113,3,162,208,180,5,514,10,46,381,1620,72,5545,3148,543,13,8673,3,75,3530,13,24,31012,1543,10,16775,16776,4589,5,24,1742,249 1,1,1,1,1,1,1,1,1,1,1,1,1,1,1,1,1,1,1,1,1,1,1,1,1,1,1,1,1,1,1,1,1,1,1,1,1,1,1,1,1,1,1,1,1,1,1,1,1,1,1,1,1,1,1,1,1,1,1,1,1,1,1,1,1,1,1,1,1
74,20,417,479,17,2676,3,51,18,826,319,17,350,2676,13,117,72,1787 1,1,1,1,1,1,1,1,1,1,1,1,1,1,1,1,1,1
1333,269 1,1
18,38,62,679,7,24,1080,37,20,417,1164,35,5925,16777,13,70,4837,8911 1,1,1,1,1,1,1,1,1,1,1,1,1,1,1,1,1,1
4295,4181,537,37,40,1466,1282,1920,84,13,11,202,7,411,3,13,5285,37,15,742,2625,8629,14,646,7215 1,1,1,1,1,1,1,1,1,1,1,1,1,1,1,1,1,1,1,1,1,1,1,1,1
1243,5859,1574,15,3805,19,405,24,168 1,1,1,1,1,1,1,1,1
18,20,343,13,12358,3336,662,105,123,58,113,3,5,5064,3717,231,22,25,69,2038,3804,1142,22,25,305 1,1,1,1,1,1,1,1,1,1,1,1,1,1,1,1,1,1,1,1,1,1,1,1,1
18,20,221,12,1120,224,19,31013,3,31014,3,31015,3,5,89,9,16778,8 1,1,1,1,1,1,1,1,1,1,1,1,1,1,1,1,1,1
18,21,265,5174,3,5,14,449,10,321,2028,97,34 1,1,1,1,1,1,1,1,1,1,1,1,1
18,21,11,249,3,421,970,3,140,314,3,300,3,26,375 1,1,1,1,1,1,1,1,1,1,1,1,1,1,1
24,34,14,60,179,673,39 1,1,1,1,1,1,1
80,39,30,16767,9,1363,1761,3418,3,99,398,1139,3669,12,10071,8,5231,7184,16768,682,10073,3,16769,3,5,4491,16770,12,3294,29,132,16771,3,10073,3,5,4491,2654,9,329,8,12,8672,9,2590,8,5262,2155,2692,9,329,8,3318,5,2697,110,5056,340,16772,16773,5262,752,487,1874,5262,209,21,9,1725,1900,12359,21,8,16774,1333,9,12,9319,12,3294,8,5262,7582,206,30,11,699,3,485,3,1113 1,1,1,1,1,1,1,1,1,1,1,1,1,1,1,1,1,1,1,1,1,1,1,1,1,1,1,1,1,1,1,1,1,1,1,1,1,1,1,1,1,1,1,1,1,1,1,1,1,1,1,1,1,1,1,1,1,1,1,1,1,1,1,1,1,1,1,1,1,1,1,1,1,1,1,1,1,1,1,1,1,1,1,1,1,14,14,1,1,1,1
137,245,13,491,12,4500,5981 1,1,1,1,1,1,1
11,2029 1,1
11,374,1673,732 1,1,1,1
84,10,127,1545,4,11,374,127,33,1105,4,257,81,259,81,7,182,90,249,3,4816,3,421,970,3,555,3,307,3,263,3,2753,3,300,3,375,3,446,3,291,34,3,2313,3,26,277 1,1,1,1,1,1,1,1,1,1,1,1,1,1,1,1,1,1,1,1,1,1,1,1,1,1,1,1,1,1,1,1,1,1,1,1,1,1,1,1,1,1,1,1,1,1
102,77,207,197,480,196,11,277,227,11,777,2973,3,11,818,243,720,304,310,3,11,213,3,11,330,8386,7,3011,214,1169,246,3,4257,3,11,777,1061,114,11,743,3,131,93,27,6,595,3327,3532,11,246,19,6,194,188,1051 1,1,1,1,1,1,1,1,1,1,1,1,1,1,1,1,1,1,1,1,1,1,1,1,1,1,1,1,1,1,1,1,1,1,1,1,1,1,1,1,1,1,1,1,1,1,1,1,1,1,1,1,1,1,1
44,700 1,1
192,5,104,586,2058,719,13,660,12362,3148,66,208,31016,2697,5,1019,12362,16777,27,6,5925,444 1,1,1,1,1,1,1,1,1,1,1,1,1,1,1,1,1,1,1,1,1,1
18,61,13,15,771,7,1754,116,5,188,34,7,117,129,2630,3,5,21,265,5174,139,58,113,7,12358,3336,9,492,8,3,3804,1142,22,25,305,3,5,3717,231,22,25,69 1,1,1,1,1,1,1,1,1,1,1,1,1,1,1,1,1,1,1,1,1,1,1,1,1,1,1,1,1,1,1,1,1,1,1,1,1,1,1,1,1,1
24,907,126,19,31017,5,41,52,1285,89,16778,139,320,129,7,340 1,1,1,1,1,1,1,1,1,1,1,1,1,1,1,1
18,20,1331,89,37,18,14,10,1854,319,17,553,7,411,3,75,208,158,249,3,421,970,3,140,314,3,2753,3,627,188,34,3,5,590 1,1,1,1,1,1,1,1,1,1,1,1,1,1,1,1,1,1,1,1,1,1,1,1,1,1,1,1,1,1,1,1,1,1
18,731,10,732,1186,546,40,957 1,1,1,1,1,1,1,1
18,20,1331,10,31,728,16775,16776,4589 1,1,1,1,1,1,1,1,1
12,475,3,5544,5859,14,1333,269,4,18,21,492,6,606,210,129,7,340,17,14812,2676,9,18,38,320,129,8,35,1678,7,6,516,7,24,12362,411 1,1,1,1,1,1,1,1,1,1,1,1,1,1,1,1,1,1,1,1,1,1,1,1,1,1,1,1,1,1,1,1,1,1,1,1
233,127,81,629,5859,20,221,5,101,13,64,10074 1,1,1,1,1,1,1,1,1,1,1,1
24,188,34,3,249,3,5,140,314,46,2184,538 1,1,1,1,1,1,1,1,1,1,1,1
18,21,4140,1062,129,7,31018,5,546,488,571,39 1,1,1,1,1,1,1,1,1,1,1,1
119,773,24,10,369,17,88,301,188,34,3,249,3,26,140,314 1,1,1,1,1,1,1,1,1,1,1,1,1,1,1,1
6583,4743,3,229,710,47,31019,426,4,16667,31020,3,7812,281,297,205,867,43,6583,4743,3,229,607,161,4,603 1,1,1,1,1,1,1,1,1,1,1,1,1,1,1,1,1,1,1,1,1,1,1,1,1,1
