67,54,4,31042,28,414,4,12363,3,12364,257,542,4,16779,259,28,14,3462,17,62,1908,51,468,12,17,96,115,89 1,1,1,1,1,1,1,1,1,1,1,1,1,1,1,1,1,1,1,1,1,1,1,1,1,1,1,1
187,322,283,33,92,21,68,61,19,5,650,17,2586,58,87 1,1,1,1,1,1,1,1,1,1,1,1,1,1,1
92,21,95,3,225,6,80,58,129,3,2991 1,1,1,1,1,1,1,1,1,1,1
18,14,503,10,122,64,7702,441,113 1,1,1,1,1,1,1,1,1
59,595,16787,33,1064 1,1,1,1,1
749,64,31043,12,1387 1,1,1,1,1
3733,33,122,64,6977,19,15,145,1721 4,4,1,1,1,1,1,1,1
11,95,1284 1,1,1
115,10,54,13,1573,3,580,7,1666,9,16788,8,3,122,64,7702,17,322,198,662,117,129,3,749,64,1001,17,412,198,16788,3,18,14,530,10,503,15,31044,19,2146,9,263,19,2002,8,5,236 1,1,1,1,1,1,1,1,1,1,1,1,1,1,1,1,1,1,1,1,1,1,1,1,1,1,1,1,1,1,1,1,1,1,1,1,1,1,1,27,1,1,1,1,1,1,12
148,416,185,27,5468 6,6,6,6,6
841,314,33,464,416,377,19,187,518 1,1,1,1,1,1,1,1,1
362,923,33,19,2176 1,1,1,1,1
11,923 1,1
6919,403,33,285,27,31045,39,6859,35,15,4007,3,19,15,2718,290,10,595,16787 1,1,1,1,1,1,1,1,1,1,1,1,1,1,1,1,1,1,1
1513,3,245,13,24,848 1,1,1,1,1,1
6634,403,33,719,3006,440,1364,66,399,7,6,1080 1,1,1,1,1,1,1,1,1,1,1,1
832,3006,440,382,82,13,458 1,1,1,1,1,1,1
36,848,3,2310 1,1,1,1
579,33,11,529,26,307 1,1,1,1,1,1
11,361,26,1309,923 1,1,1,1,1
233,174,182,81,5,57,409 1,1,1,1,1,1,1
147,322,283,71,841,2219,4,1190,106,436,936,1512,1244,31046,27,285,567,77,7703,409,359,393,8674,1618,1951,4,601,669,779,77,5957,193,3959,1538,10077,31047,1402,7703,6911,1238,1787,7703,359,554,1084,5957,359,33,72,238,161,5957,636,15,1095,889,77,16784,11,84,64,1001,3,41,122,12,175,87,3450,16789,235,13,28 1,1,1,4,1,1,1,1,7,1,1,1,1,1,1,1,1,1,1,1,1,1,1,1,1,1,1,1,1,1,1,1,1,1,1,1,1,1,1,1,1,1,1,1,1,1,1,1,1,1,1,1,1,1,1,1,1,1,1,1,1,1,1,1,1,1,1,1,1,1,1,1,1
18,464,1499,2705,31048,15840,781,10,1883,149,17,475,154,838,7703,890,3991,77,8674,221,43,64,1001,359,4364,2516,77,16789,749,64,7702,40,272,3,909,544,129,336,587,31049,122,146,12,295,2722,3545,16783,1380,8674,1106,3295,8674,1666,1951,4,601,2019,1573,10077,6638,1083,2048,7703,1083,2048,503,89,333,9,824,8,10077,4414,492,102,77,7703,359,3383,8674,1188,560,9,733,8,10077,6278,865,31050,1499,398,31,890,601,601,301,4894,442,442,5957,39,2146,9,3992,8,16533,3,25,32,2176,9,4180,782,8,141,22,25,32,165,596,1643,1245,189,521,605,1570,478,1314,3,58,25,32,2875,1288,22,25,32,236,9,800,8,515,45,49,36,45,9,73,8,25,276,780,9,913,8,3019,568,49,36,568,9,73,8,25,32,252,9,947,478,8,1026,45,49,36,45,9,73,8,25,32,729,9,1212,8,647,45,49,36,45,9,73,8,25,32,16785,165,2775,9676,16786,829,1633,36,2775,69,3,157,69,17,165,1050 1,1,1,1,1,1,1,1,1,1,1,1,1,1,1,1,1,1,1,1,1,1,1,1,1,1,1,1,1,1,1,1,1,1,1,1,1,1,1,1,1,1,1,1,1,1,1,1,1,1,1,1,1,1,1,1,1,1,1,1,1,1,1,1,1,1,1,1,1,1,1,1,1,1,1,1,1,1,1,1,1,1,1,1,1,1,1,1,1,1,1,1,1,1,1,1,1,1,1,1,1,27,27,27,27,1,1,1,1,1,1,1,1,1,1,1,1,1,8,8,8,1,1,1,1,1,1,1,1,1,1,1,33,1,1,1,1,12,12,12,12,1,1,1,1,1,1,1,1,1,1,28,28,28,28,1,1,1,1,1,1,1,1,1,1,11,11,11,11,11,1,1,1,1,1,1,1,1,1,1,20,20,20,20,1,1,1,1,1,1,1,1,1,1,1,8,1,1,1,1,1,1,1,1,1,1,1,1,8,1
31051,3267,829,1633,12799,274,447,22,25,32,127,790,545,4,7281,12,480,316,205,148,3126,3,364,1000,3,655,8481,948,187,322,33,2886,3,5804,5154,2433,3730,283 1,1,1,1,1,9,1,1,1,1,1,1,1,1,1,1,1,1,1,6,6,1,1,1,1,1,1,1,1,1,1,1,1,1,1,1,1,1
4184,4,31052,187,322,10075 1,1,1,1,1,1
104,4,162,10,297,278,1120,3,2516,9,64,7702,8,5,64,6977,86,1201,254,497,6261,1830,4708,3,229 1,1,1,1,1,1,1,1,1,1,1,1,1,1,1,1,1,1,1,1,1,1,1,1,1
