67,54,4,31040,187,322,283,33,61,17,170,129 1,1,1,1,1,1,1,1,1,1,1,1
52,96,43,64,7702 1,1,1,1,1
52,3530,13,17,4980,2768,1560 1,1,1,1,1,1,1
3733,33,254,81 4,1,1,1
41,144,1284,89 1,1,1,1
99,412,77,31041 1,1,1,1
1416,55,43,64,1001 1,1,1,1,1
12366,33,1303,365 7,1,1,1
41,118,274,10,215,22,32 1,1,9,1,1,1,1
11,1764,9121,82 1,1,1,1
147,322,283,71,841,2219,4,1190,545,4,7281,12,480,5942,148,15279,53,303,364,1000,145,2049,1106,12 1,1,1,4,1,1,1,1,1,1,1,1,1,1,6,6,6,6,1,1,1,1,1,1
655,7250,948,187,322,33,283,19,4708,7,59,322,2026,5,4332,104,4,118,274,10,215,22,32,1521,117,129,180,1644,454,13,148,1164,144,1284,1426,6261,1830,4708,3,229 1,1,1,1,1,1,1,1,1,1,1,1,1,1,1,1,1,1,9,1,1,1,1,1,1,1,1,1,1,1,1,1,1,1,1,1,1,1,1,1
