67,54,4,31256,31257,3,31258,3,12384,50,660,37,50,46,1187,5,101,6,28,5,81,6,1444,82,607 1,1,1,1,1,1,1,1,1,1,1,1,1,1,1,1,1,1,1,1,1,1,1,1,1
395,122,24,55,17,296,402 1,1,1,1,1,1,1
30,7,61,328,4,629,3041,14,15,3537,522,13,15,30,7,5604,71,3,30,7,1487,3,5,31259,12,2508,121,61,13,70,473,2168,291,34,3,300,51,11,375,3,5,377,337 1,1,1,1,1,1,1,1,1,1,1,1,1,1,1,4,4,1,1,1,1,1,1,1,1,1,1,1,1,1,1,1,1,1,1,1,1,1,1,1,1,1,1
1278 1
90,88,249 1,1,1
18,146,37,92,14,4392,5,9418,27,92,4983 1,1,1,1,1,1,1,1,1,1,1
18,98,19,81,7,182,146,128,48,34,19,6,53,518,584,467,24,53,303,5,53,489 1,1,1,1,1,1,1,1,1,1,1,1,1,1,1,1,1,1,1,1,1,1
11,356,255 1,1,1
11,1297,3,11,798,116,3,11,375,3,5,11,446 1,1,1,1,1,1,1,1,1,1,1,1,1
18,749,24,451,2082,40,113,19,16838,5,38,15,241,570,3,75,20,146,44,5,92,14,12,1025,182,5,119,46,660,40,1164 1,1,1,1,1,1,1,1,1,1,1,1,1,1,1,1,1,1,1,1,1,1,1,1,1,1,1,1,1,1,1
206,30,4,2101 1,1,1,1
150,30,4,44 1,1,1,1
81,7,182,4,376,3,72 1,1,1,1,1,1,1
1960,55,19,16838,66,24,451,275,1122,3678,131,3975,5,5150,70,473,2168,291,34,584,10,6,188,3,31,3420 1,1,1,1,1,1,1,1,1,1,1,1,1,1,1,1,1,1,1,1,1,1,1,1,1,1
11,226,7,184 1,1,1,1
11,249,3,263,3,26,459 1,1,1,1,1,1,1
11,84,12,24,554 1,1,1,1,1
80,39,30,4,18,21,15,30,7,391,1274,3,2323,48,34,3,71,3,280,3,1730,3261,3,5,128,1460 1,1,1,1,1,1,1,1,1,1,1,1,1,1,1,1,4,1,23,1,1,1,1,1,1,1
102,101,4,425,3,130,156,1279,3,386,156,581,3,63,94,15978,3,1045,967,42,3,5,807,13668,18,14,280 1,1,1,1,1,1,1,1,1,1,1,1,1,1,1,1,1,1,1,1,1,1,1,1,1,1,23
683,1561,1313 1,1,1
416,2529 1,1
136,14,332 1,1,1
11,386,342 1,1,1
44,184,327 1,1,1
130,4,145,156,5,239,97,15,213 1,1,1,1,1,1,1,1,1
214,13,70,473,2168,246 1,1,1,1,1,1
72,9836,82 1,1,1
11,1128,5,11,690,246 1,1,1,1,1,1
339,4,40,3537,522,13,291,34 1,1,1,1,1,1,1,1
457,532,4,696,785,7,4959,3,824,7950,6,427,7,24,149,57,401 1,1,1,1,1,1,1,1,1,1,1,1,1,1,1,1,1
48,738,5,70,473,2168,1321,401 1,1,1,1,1,1,1,1
376,3,119,46,138,247,633,5,1720 1,1,1,1,1,1,1,1,1
18,14,19,2479 1,1,1,1
801,27,40,85,3,291,34,5,48,34 1,1,1,1,1,1,1,1,1,1
291,34 1,1
13,15,72,241,570,3,149,5,1321,37,57,2830 1,1,1,1,1,1,1,1,1,1,1,1
119,41,1717,13,34,179,27,37,85 1,1,1,1,1,1,1,1,1
48,34 1,1
119,41,3659,144,15,805,5,177,5,1107,24,12,2479 1,1,1,1,1,1,1,1,1,1,1,1,1
18,41,299,3659,5,134,74,21,68,15,72,95,3182,429,154,3,119,41,530,5134,5,1717,13,230,1642,168,12,6,495,17,15,1021,429,154 1,1,1,1,1,1,1,1,1,1,1,1,1,1,1,1,1,1,1,1,1,1,1,1,1,1,1,1,1,1,1,1,1,1
801,4,176,291,34 1,1,1,1,1
178,48,34 1,1,1
497,8883,3,12384,107 1,1,1,1,1
487,4,16839,292,4,16839,533,43,4,8883,3,12384,746,31260,1608,250,31,81,43,262,331,250 1,1,1,1,1,1,1,1,1,1,1,1,1,1,1,1,1,1,1,1,1,1
