67,54,4,16840,11544,2881,124,1035,6880,3440,11135,3,1929,31261,31262,3041,3,12381,16824,31263,6086,4,15,3770,428,121,61,10,96,115,71 1,1,1,1,1,1,1,1,1,1,1,1,1,1,1,1,1,1,1,1,1,1,1,1,1,1,1,1,1,1,4
30,7,61,328,4,50,370,6,28,82,95,63,285,5,773,24,10,468,12,17,15,9430,903 1,1,1,1,1,1,1,1,1,1,1,1,1,1,1,1,1,1,1,1,1,1,1
24,733,398,14,12385,119,235,24,137,182,17,355,24,63,366 1,1,1,1,1,1,1,1,1,1,1,1,1,1,1
18,55,231,42,2458,12,157,24,596,165,3,1288,189,12,6,495,3,171,12,6,744 1,1,1,1,1,1,1,1,8,8,1,1,1,1,1,1,1,1,1,1,1
18,14,49,58,1902,7,2414,3,19,3076,3,12,6,495,5,1123,397,1350 1,1,1,1,1,1,8,1,1,1,1,1,1,1,1,1,1,1
18,14,191,58,1921,15,65,3,12,6,495,772,5,397,859 1,1,1,1,1,1,1,1,1,1,1,1,1,1,1
18,55,95,6144,12,1892,7,24,3773,1278 1,1,1,1,1,1,1,1,1,1
18,144,24,1921,40,495,3,51,368,31,2903,6,295 1,1,1,1,1,1,1,1,1,1,1,1,1
18,14,2672,2581,13,24,174,39 1,1,1,1,1,1,1,1
18,20,19,736,12,6,80,3,75,20,488,517,7,1012,154,185 1,1,1,42,1,1,1,1,1,1,1,1,1,1,1,1
18,20,19,3973,12,6,80,3,75,20,488,27,6,85,7,15,124,186,24,897,20,55,10,52,185 1,1,1,42,1,1,1,1,1,1,1,1,1,1,1,1,1,1,1,1,1,1,1,1,1
89,3,18,14,46,11,249,3,48,34,3,226,7,184,3,291,34,3,796,3,248,474,3,26,248,837 1,1,1,1,1,1,1,1,1,1,1,1,1,1,1,1,1,1,1,1,1,1,1,1,1,1
39,4641,9,6580,782,8,108,22,9,647,45,49,36,8,25,608,47,180,45,9,73,8,252,9,947,478,8,1026,45,2812,49,36,45,9,73,8,25,32,47,388,45,9,73,8,2273,9,5933,8,669,22,9,2022,568,49,36,8,25,32,47,180,568,9,73,8,8889,318,16134,9,8889,782,8,36,22,9,1314,3015,49,36,8,521,1580,3,157,35,160,17,266,63,366,47,36,3015,780,9,913,8,215,22,9,799,45,49,58,8,25,32,35,496,123,180,65,47,335,45,9,73,8,2414,165,9,165,3732,8,558,189,521,1392,123,388,65,47,117,129,9,73,8,1918,165,596,1643,1288,189,73,272,5,171,973,521,272,5,276,123,388,65,47,117,129,9,73,8,1918,1893,782,669,22,9,672,45,49,58,8,25,69,47,1491,45,9,73,8,1712,456,2217,1337,9,7245,45,49,36,8,25,32,123,388,65,47,388,45,9,73,8,218,171,22,9,549,45,49,36,8,25,32,123,180,65,47,180,45,9,73,8,10429,9,16833,8,4909,45,25,35,496,167,35,496,3,16841,298,47,1491,45,9,73,8,1690,108,22,9,108,22,45,49,36,8,25,1750,167,34,3,208,118,10,58,25,892,134,160,17,34 1,1,1,1,1,1,1,1,1,1,1,1,1,1,1,1,1,1,1,1,1,1,11,11,11,11,11,1,1,1,1,1,1,1,1,1,1,1,1,1,1,1,1,1,1,1,1,1,1,1,1,1,1,1,1,1,1,1,1,1,1,1,1,1,1,1,1,1,1,1,1,1,1,1,1,1,1,1,1,1,1,1,1,1,1,1,1,1,1,1,1,1,28,28,28,28,1,1,1,1,1,1,1,1,1,1,1,1,1,1,1,1,1,1,1,1,1,8,8,8,8,8,8,1,1,1,1,1,1,1,1,1,1,1,1,1,1,8,8,8,1,1,1,1,1,1,1,1,1,1,1,1,1,1,1,1,1,1,1,1,1,9,9,1,1,1,1,1,1,1,1,1,1,1,1,1,1,1,1,1,1,1,1,1,1,1,1,1,1,1,1,1,1,1,1,1,1,1,1,1,13,1,1,1,1,1,1,1,1,1,1,1,1,1,1,1,1,1,1,1,1,1,1,1,1,1,1,1,1,1,1,1,1,1,1,1,1,1,1,1,1,1,1,1,1,1,1,1,1,1,1,1,1,1,1,1,1,1,1,1,1,1,1,1,1,1
47,1847,45,9,73,8,7216,180,22,9,1675,568,49,36,8,25,276,167,3,4271,646,3098,123,180,65,47,180,568,9,73,8,127,2188,33,2338,736,33,185,1012,898,2373,782,33,798,3812,1868,33,1002,314,316,205,148,12386,59,303,3,364,1483,3,1207,7260,3,655,31264,948,102,101,4,6,28,14,12,11,342 1,1,1,1,1,1,1,1,1,1,1,1,1,1,1,1,1,1,1,1,1,1,1,1,1,1,1,1,1,1,1,1,1,1,1,42,1,1,1,1,1,1,1,1,1,1,1,1,1,1,1,1,1,1,1,1,1,1,1,1,1,1,1,1,1,1,1,1,1,1,1,1,1,1
24,417,63,94,3,35,18,321,467,6,3497,3,20,16842 1,1,1,1,1,1,1,1,1,1,1,1,1,6
390,40,139,983,20,12386 1,1,1,1,1,1
155,4,91 1,1,1
103,4,145 1,1,1
114,4,565,93 1,1,1,1
192,4,2756,1609,788,71 1,1,1,1,1,4
198,17,40,41,52,6553,290,10,6,28,82,3856,147 1,1,1,1,1,1,1,1,1,1,1,1,1
18,109,157,2881,124,7396,594 1,1,1,1,1,1,1
119,235,10,126,1041,2970,1696,7396,594,7,154,295,41,52,575,17,271,12,575,24,1237,165 1,1,1,1,1,1,1,1,1,1,1,1,1,1,1,1,1,1,1,1,1,8
119,235,6,284,7,84,66,596,10,960,165,3,51,1904,10,86,24,596,17,132 1,1,1,1,1,1,1,8,1,8,8,1,1,1,1,1,1,8,1,1
119,235,37,24,157,7,6,31265,1640,165,109,31,334,810,2089 1,1,1,1,1,1,1,1,1,8,1,1,1,1,1
18,14,49,62,1050,12,6,744,3,916,139,24,911 1,1,1,1,1,1,1,1,1,1,1,1,1
50,773,24,10,768,24,911,5,18,21,4080,1864,13,909,911 1,1,1,1,1,1,1,1,1,1,1,1,1,1,1
50,704,417,18,368,2726,572,141,189,7,2414,13,1231,911 1,1,1,1,1,1,1,1,1,1,8,1,1,1
18,55,37,18,2562,10,1050,6,165,139,18,724,3,75,14,2431,35,916,18,109,92,630,15,493,435,7,6,911 1,1,1,1,1,1,1,1,8,1,1,1,1,1,1,1,1,1,1,1,1,1,1,1,1,1,1,1
18,137,14,157,62,3076,7,558,189,3,470,40,41,118,24,486,105,165,157,43,1123,558,189 1,1,1,1,1,1,1,1,1,1,1,1,1,1,1,1,1,8,1,1,1,1,1
50,773,24,10,144,117,1921,15,65,17,271,5,10,5674,1485,19,15,105,1721,10,126 1,1,1,1,1,1,1,1,1,1,1,1,1,1,1,1,1,1,1,1,1
18,41,144,15,772,1921 1,1,1,1,1,1
18,41,144,15,1921,397,24,744,911,3,75,14,24,4038,911,7,6,65 1,1,1,1,1,1,1,1,1,1,1,1,1,1,1,1,1,1
18,41,144,15,1921,58,552,139,24,744,911 1,1,1,1,1,1,1,1,1,1,1
18,109,31,160,10,144,15,1921,70,397,859 1,1,1,1,1,1,1,1,1,1,1
18,41,488,157,2414,70,397,859,5,344,157,6,596,27,37,85 1,1,1,1,8,1,1,1,1,1,1,1,8,1,1,1
119,235,6,1511,7,393,516 1,1,1,1,1,1,1
24,99,580,20,225,3255,50,237,166,10,12203,6,5709,7,157,15,1163 1,1,1,1,1,1,1,1,1,1,1,1,1,1,1,1,1
50,41,390,24,897,444,10,122,134,40,557,185 1,1,1,1,1,1,1,1,1,1,1,1
24,63,94,19,827,14,2431 1,1,1,1,1,1,1
50,41,122,24,188,12,6,668,12,58,129,2144,306,1146,14,5501,132 1,1,1,1,1,1,1,1,1,1,1,1,1,1,1,1,1
372,7,1025,112,89,1343,469,4024,13,24,1037 1,1,1,1,1,1,1,1,1,1,1
119,1858,15,486,7,279,435,13,312,306,1814,6,85,1858,12,1331 1,1,1,1,1,1,1,1,1,1,1,1,1,1,1,1
497,4901,4288,3,107 1,1,1,1,1
746,31266,31267,806,4,12387,825,4,12387,843,4,12387 1,1,1,1,1,1,1,1,1,1,1,1
