67,54,4,31287,31288,3,31289,3,4223,40,28,20,221,43,2503,5,64,31290,19,31291 1,1,1,1,1,1,1,1,1,1,1,1,1,1,1,1,1,1,1,1
50,660,37,50,1187,5,101,6,28,3,81,6,385,82,607,5,235,104,7,198,13,6,28 1,1,1,1,1,1,1,1,1,1,1,1,1,1,1,1,1,1,1,1,1,1,1
30,7,61,328,4,40,14,15,3938,767,13,15,30,7,11266,153,761,996,87,183,13,15,30,7,971,3,19,452,3,71,3,209,70,194,114,93,3,121,468,12,13,796,5,459 1,1,1,1,1,1,1,1,1,1,1,1,1,1,1,1,1,1,1,1,1,1,1,1,1,1,1,1,1,4,4,1,1,1,1,1,1,1,1,1,1,1,1,1
16,38,11,798,2284,159,99,421 1,1,1,1,1,1,1,1
16,631,23,249,126,40,495,270,15817,16,1031,10,23,451,121,781,201,425 1,1,1,1,1,1,1,1,1,1,1,1,1,1,1,1,1,1
16,90,88,300,26,375 1,1,1,1,1,1
16,21,131,194,4028,291,34,5,128,131,2435,34 1,1,1,1,1,1,1,1,1,1,1,1
16,21,38,128,798,1206 1,1,1,1,1,1
80,39,30,4,106,3,71,3,1354,3,776,3,2584,153,76,3,161,315,761,3,494,3,1283,3,5,971 1,1,1,1,7,1,4,4,1,1,15,1,1,1,1,1,1,1,1,1,1,1,1,1,1,1
39,4,395,510,10,6,3309,1003,12,6,940 1,1,1,1,1,1,1,1,1,1,1
127,4,16,21,127,10,1846 1,1,1,1,1,1,1
206,30,4,16,14,31,15,1095,3,4393,3,26,357,6842 1,1,1,14,14,14,14,14,14,1,1,1,1,1
81,7,182,4,35,55,12,6,282,3,376,72 1,1,1,1,1,1,1,1,1,1,1,1
102,101,4,16,14,62,9551,767,13,4816 1,1,1,1,1,1,1,1,1,1
316,205,57,35,55 1,1,1,1,1
413,3,412,3,1040,3,1653,3,5,994,57,569 1,1,1,1,1,1,1,1,1,1,1,1
136,14,332 1,1,1
16,109,46,683,1561,1313 1,1,1,1,1,1
48,14,91,10,463 1,1,1,1,1
130,14,416,2254 1,1,1,1
214,21,128,4028,296,5,246,51,376,14,703 1,1,1,1,1,1,1,1,1,1,1
23,779,77,14,8024 1,1,1,1,1
74,14,11,623,246 1,1,1,1,1
23,196,14,617,5,3174 1,1,1,1,1,1
16,21,1344,415,2258 1,1,1,1,1
114,57,376,569 1,1,1,1
352,77,14,2214 1,1,1,1
457,532,4,16,21,1344,15,696,785,7,856,3,824,7,1294,3,5,1281,785,31292,5819,111,3353,7,558,13,62,1568,2548,7,558,3,5,15,347,7,3028,75,14,115,66,23,472 1,1,1,1,1,1,1,1,1,1,1,1,1,1,1,1,1,1,1,1,1,1,1,1,1,1,1,1,1,1,1,1,1,1,1,1,1,1,1,1,1,1,1
1228,57,376,569 1,1,1,1
15,48,738,20,569 1,1,1,1,1
318,499,438,4,16,242,299,15,1859,1489,13,250,31,81,43,262,331,250,756 1,1,1,1,1,1,1,1,1,1,1,1,1,1,1,1,1,1,1
16,20,138,1723,5,1433 1,1,1,1,1,1
16,20,98,138,1126 1,1,1,1,1
16,1344,128,247,633 1,1,1,1,1
16,38,62,905,7,2545,75,20,223,472 1,1,1,1,1,1,1,1,1,1
6,104,20,10,162,201,10,6,124 1,1,1,1,1,1,1,1,1
761,20,866,454 1,1,1,1
505,4,3752 1,1,1
497,7389,3,4223,107 1,1,1,1,1
487,4,11229,292,4,11229,533,43,4,7389,3,4223,746,31293,1608 1,1,1,1,1,1,1,1,1,1,1,1,1,1,1
