67,54,4,31294,281,297,162,55,31295,28,414,4,1265,4352,9,4004,31296,8,153,12389,402,4,11266,16848,2965,220,368,5,472,819,755,153,1363,4,1205,7,885,646,137,31297,4,8975,5,706,404,17,162,4,249,3,446,5,1019,1091,5516,4,16849,13,374,8678,159,2965,13,374,2884,5,472,819,755,13,3781,3913,5,12390,1859,1489,121,61,10,230,13,256,311,255,7,446,99,421,3,4397,336,5,170,323 1,1,1,1,1,1,1,1,1,1,1,1,1,1,1,1,1,1,1,1,1,1,1,1,1,1,1,1,1,1,1,1,1,1,1,1,1,1,1,1,1,1,1,1,1,1,1,1,1,1,1,1,1,1,1,1,1,1,1,1,1,1,1,1,1,1,1,1,1,1,1,1,1,1,1,1,1,1,1,1,1,1,1,1,1,1,1,1,1,1,1,1,1,1
16,20,19,3850,17,15,95,1091 1,1,1,1,1,1,1,1
16,90,88,249,40,80,3416,3,313,16,20,3969,89,27,2327,1934,16,21,209,194,114,93,17,75,16,14,19,365,228,289,13,673,922 1,1,1,1,1,1,1,1,1,1,1,1,1,1,1,1,1,1,1,1,1,1,1,1,1,1,1,1,1,1,1,1,1
12,230,28,20,1764,13,6881,9287,16,20,31298,31299,8401,5,15,2186,7,1909,247 1,1,1,1,1,1,1,1,1,1,1,1,1,1,1,1,1,1,1
39,403,4,176,1205,110,8678,2965,33,169,10,12389,20,19,821,1696,2570,1415,3,1885,1205,4658,142,33,8678,2965,606,16042,7,6,5864,267,85,33,153,2772,9,2923,8,4,4425,2872,3,3394,3,31300,33,472,819,2394,33,2966,3,153,2772,2923,4,178,3781,3913,606,390,31301,5,2234,1091,82,3,1859,12,469 1,1,1,1,1,1,1,1,1,1,1,1,1,1,1,1,1,1,1,1,1,1,7,1,1,1,1,1,1,1,1,1,1,1,1,1,1,1,1,1,1,1,1,1,1,1,1,1,1,1,1,1,1,1,1,1,1,1,1,1,1,1,1,1,1,1,1,1,1,1,1
104,17,4028,1489,849,43,64,16850 1,1,1,1,1,1,1,1
33,311,1091,82,220,256,6356,9,3837,4125,8,3,5807,9,1374,2808,8,3,12044,195,317,58,151,33,801,96,12389,5,1202,33,19,165,253,3697,3241,8969,346,621,260,33,713,2808,4,31302,1857,632,5,1263,3114,1413,1420,460,553,634,971,82,33,19,452,652,142,833,9405,70,2378,2496,995,1354,1079,1283,1477,776,1708,110,53,1990,415,2258,2001,256,1159,31303,2913,2218,110,10900,5,10838,2434,10086,1874,39,4,4969,672,69,25,706,31304,32,25,613,686,69,25,289,382,22,69,25,1054,1547,901,69,25,512,1072,501,22,305,25,1829,16851,276,25,3123,108,22,32,25,452,36,22,32,25,4467,7324,1034,662,113,9,9039,8,596,1245,189,605,5,141,1034,608,3,165,1315,1024,15609,31305,31306,167,3506,554,3850,846,892,127,4,1846,33,442,300,3,663,33,442,300,5,277,3,2751,206,30,4,245,13,551,3,919 1,1,1,1,1,1,1,1,1,1,1,1,1,1,1,1,1,1,1,1,4,4,4,1,1,1,1,1,1,1,8,8,1,1,1,1,1,1,1,1,1,1,1,1,1,1,1,1,1,1,1,1,1,1,1,1,1,1,1,1,7,1,1,1,1,1,1,1,1,1,1,15,1,1,1,1,1,1,1,1,1,1,1,1,1,1,1,1,1,1,1,1,1,1,1,1,1,1,1,1,1,9,1,1,1,1,1,1,1,1,1,1,1,1,1,1,1,1,1,1,1,1,1,1,1,1,1,1,1,1,1,1,1,1,1,1,1,1,1,1,1,1,1,8,8,8,1,1,1,1,1,1,8,1,1,1,1,1,1,1,1,1,1,1,1,1,1,1,1,1,1,1,1,1,1,1,1,1,1,1,1,1,1,1,1,1,1
90,31307,9,334,180,991,183,8,3,31308,9,334,180,991,183,8,3,5,31309,357,157,150,30,4,569,19,101,4,207,4,1417,19,859,12,11,342,316,4,31310,719,29,148,31311,1420,29,523,31312,29,187,125,227,4,9,329,8,5023,93,1069,3,9,329,8,1114,3174,1910,4,304,5,310,3,11,31313,3,224,31314,5584,225,621,31315,4,416,3452,407,31316,3,11,1116,26,1065 5,5,5,5,5,5,5,5,1,1,1,1,1,1,1,1,1,1,1,1,1,1,1,1,1,1,1,1,1,1,1,1,1,1,1,1,1,1,1,1,1,1,1,1,1,1,1,1,1,1,1,1,1,1,1,1,1,1,1,1,1,1,1,1,1,1,1,1,1,1,1,1,1,1,1,1,1,1,1,1,1,1,1,1,1,1,1,1,1
362,4,152,3,1169,246,3,11,240,3,2651 1,1,1,1,1,1,1,1,1,1,1
53,518,777,466,13,11,246 1,1,1,1,1,1,1
4397,336,12,1859,248,4,1508,93,100,2570,4,1415,13,3051,5,222,352,4,15,78,1117,123,117,295,434,79,1074,1067,2196,8550,9,294,47,8,3202,9,294,8,31317,9,294,47,8,434,705,592,869,769,2196,2152,2037,2337,9,294,8,125,434,392,888,1680,870,2196,1600,9,294,8,2592,9,294,8,1245,257,996,259,1897,434,1568,2196,615,434,399,1179,22,1077,2196,2636,9,294,8,1967,2044,9,294,8,2416,434,1506,1388,1938,3388,2196,3337,9,294,8,3202,9,294,8,2545,8362,434,2967,2289,2196,279,210,257,1299,259,434,8870,8871,1283,7102,2196,257,1245,259,2583,9,294,8,2021,9,47,8,31318,9,294,47,8,31319,434,718,880,11788,10399,31320,2196,257,1469,259,31321,9,294,8,1646,125,9,294,8,6761,434,10400,2196,257,900,259,180,9,294,8,434,1565,1527,1566,1077,2196,1183,9,294,47,8,5055,9,294,47,8,7891,9,294,47,8,2416,434,3388,2196,8362,9,294,8,434,10336,2196,1214,434,7629,2196,2926,434,7629,31322,31323,31324,2196,2926,586,1652,401,434,31325,31326,2196,257,180,259,1649,829,434,2585,2452,2736,2635,2196,1706,257,2018,259,193,193,193,434,2920,2372,1838,2858,2196,31327,1508,1944,217,434,3185,2453,1886,5714,2196,193,193,1508,193,434,10403,3786,3354,3186,2196,193,519,5822,9,294,8,31328,434,3355,3676,8873,2196,2074,1508,193,434,10404,2196,193,434,349,734,560,333,2196,31329,9,294,8,31330,9,294,8,4961,9,294,8,5122,2196,31331,9,294,47,8,31332,9,294,8,5038,9,294,8,6517,434,653,786,823,536,2196,31333,5654,4605,5055,2196,16852,5861,5893,4465,434,795,2196,5025,9,294,8,2196,11130,9,294,8,434,42,4878,42,4879,42,5113,42,5114,2196,31334,9,294,8,2750,9,294,8,3025,829,434,42,5115,42,7856,42,7103,42,6057,2196,1649,1600,9,294,8,58,36,9,294,8,2196,2060,9,294,8,36,36,9,294,8,434,42,2323,42,7857,42,7858,42,7859,2196,519,615,519,519,2196,519,320,519,519,434,5116,5757,5758,5759,2196,31335,9,294,8,10298,9,294,8,16853,9,294,8,5990,434,5760,2196,3200,434,1661,16854,31336,1577,2196,329,433,433,329,2196,433,434,2599,1971,4097,31337,2196,433,329,433,2196,433,433,434,8872,2196,409,2196,409,434,2007,2196,401,2196,125,9,294,8,257,1907,259,1340,4,2196,5537,4004,1340,146,161,4,603,317,4,48,1444,78,525,30,4,249 1,1,1,1,1,1,1,1,1,1,1,1,1,1,1,1,1,1,1,1,1,1,1,1,1,1,1,1,1,1,1,1,1,1,1,1,1,1,1,1,1,1,1,1,1,1,1,1,1,1,1,1,1,1,1,1,1,1,1,1,1,1,1,1,1,1,1,1,1,1,1,1,1,1,1,1,1,1,1,1,1,1,1,1,1,1,1,1,1,1,1,1,1,1,1,1,1,1,1,1,1,1,1,1,1,1,1,1,1,1,1,1,1,1,1,1,1,1,1,1,1,1,1,1,1,1,1,1,1,1,1,1,1,1,1,1,1,1,1,1,1,1,1,1,1,1,1,1,1,1,1,1,1,1,1,1,1,1,1,1,1,1,1,1,1,1,1,1,1,1,1,1,1,1,1,1,1,1,1,1,1,1,1,1,1,1,1,1,1,1,1,1,1,1,1,1,1,1,1,1,1,1,1,1,1,1,1,1,1,1,1,1,1,1,1,1,1,1,1,1,1,1,1,1,1,1,1,1,1,1,1,1,1,1,1,1,1,1,1,1,1,1,1,1,1,1,1,1,1,1,1,1,1,1,1,1,1,1,1,1,1,1,1,1,1,1,1,1,1,1,1,1,1,1,1,1,1,1,1,1,1,1,1,1,1,1,1,1,1,1,1,1,1,1,1,1,1,1,1,1,1,1,1,1,1,1,1,1,1,1,1,1,1,1,1,1,1,1,1,1,1,1,1,1,1,1,1,1,1,1,1,1,1,1,1,1,1,1,1,1,1,1,1,1,1,1,1,1,1,1,1,1,1,1,1,1,1,1,1,1,1,1,1,1,1,1,1,1,1,1,1,1,1,1,1,1,1,1,1,1,1,1,1,1,1,1,1,1,1,1,1,1,1,1,1,1,1,1,1,1,1,1,1,1,1,1,1,1,1,1,1,1,1,1,1,1,1,1,1,1,1,1,1,1,1,1,1,1,1,1,1,1,1,1,1,1,1,1,1,1,1,1,1,1,1,1,1,1,1,1,1,1,1,1,1,1,1,1,1,1,1,1,1,1,1,1,1,1,1,1,1,1,1,1,1,1,1,1,1,1,1,1,1,1,1,1,1,1,1,1,1,1,1,1,1,1,1,1,1,1,1
48,4,2919,5,525,2257,7,6,48,57,1129,10,169,77,54,31338,5,111,131,985,7,6,103,5041,5,62,2989,1518 1,1,1,1,1,1,1,1,1,1,1,1,1,1,1,1,1,1,1,1,1,1,1,1,1,1,1,1
74,57,381,100,789,997,792 1,1,1,1,1,1,1
4219,5469,1991,208,3136,2413,26,871,854,12,31339,224,481 1,1,1,1,1,1,1,1,1,1,1,1,1
131,717,185,7,6,11212,197,209 1,1,1,1,1,1,1,1
70,473,1443,6196 1,1,1,1
339,4,131,3518,13,381,100,789,997,792 1,1,1,1,1,1,1,1,1,1
4219,5469,1991,550,3136,4692,2413,26,871,854,12,6,999,224,481 1,1,1,1,1,1,1,1,1,1,1,1,1,1,1
571,461,143,2970,43,271,10,64,4728,12391,27,31340,31341,873,4,16849,13,374,8678,159,2965,13,374,2884,5,472,819,755,13,3781,3913,5,12390,1859 1,1,1,1,1,1,1,1,1,1,1,1,1,1,1,1,1,1,1,1,1,1,1,1,1,1,1,1,1,1,1,1,1,1
79 1
132,13,249,3,1091,3,5,446 1,1,1,1,1,1,1,1
16,41,52,162,10,2821,4352,3,107 1,1,1,1,1,1,1,1,1
19,6,281,297 1,1,1,1
176,13534,8678,13,347,185,2592,9,755,8,3,367,3752,33,336,587,781,12,6,230 1,1,1,1,1,1,1,1,1,1,1,1,1,1,1,1,1,1,1,1
33,237,659,268,247,633 1,1,1,1,1,1
33,86,137,289,228,33,2933,4624,33,144,336,31342,1538,178,31343,3781,3913,5,12390,1859,445,13,249,5,365,798,349 1,1,1,1,1,1,1,1,1,1,1,1,1,1,1,1,1,1,1,1,1,1,1,1,1,1,1
33,138,247,31344,12,6,230 1,1,1,1,1,1,1
33,160,10,84,1859,31345 1,1,1,1,1,1
33,609,16850,10,81,17,4028,1489,849 1,1,1,1,1,1,1,1,1
195,16855,33,86,8975,5,706,33,144,8975,444,12,6,272 1,1,1,1,1,1,1,1,1,1,1,1,1,1
253,4439,346,16856,1764,12,230,3,41,450,976,13,662,1392,329,1230,6969 1,1,1,1,1,1,1,1,1,1,1,1,1,1,1,1,1
460,5926,446,33,41,1347,554,17,31346,33,41,144,3697,2462,2660,652,633,16857,1053,1930,33,2141,19,818,289,1426,31347,2276,5615,3,4688,281,297,6418,47,31348,28,221,5,101,13,153,1191 1,1,1,1,1,1,1,1,1,1,1,1,1,1,1,1,1,1,1,1,1,1,1,1,1,1,1,1,1,1,1,1,1,1,1,1,1,1,1,1,1,1,1
50,740,13,6,81,7,28,147,3,30,3,39,3,102,101,3,192,5,104,35,402,12,6,1191,55,270 1,1,1,1,1,1,1,1,1,1,1,1,1,1,1,1,1,1,1,1,1,1,1,1,1,1
903,224,112,1567,13,28 1,1,1,1,1,1
1401,20,235,13,28,3,153,761,757,3,5,9042 1,1,1,1,1,1,1,1,1,1,1,1
2821,2276,4352,3,107 1,1,1,1,1
