67,54,4,31426,513,146,255,7,4261,117,113,183 1,1,1,1,1,1,1,1,1,1,1,1
21,38,828,7318,34,37,13596,954,123,117,113 1,1,1,1,1,1,1,1,1,1,1
11,2052,26,84,12,326,1215 1,1,1,1,1,1,1
11,2108,432 1,1,1
1059,44,137 1,1,1
11,3986 1,1
147,3071,283,76,4,269,83,2692,19,962,16291,915,106,95,119,894,188,19,274,10,215,5,12034,780 1,1,1,1,1,1,1,1,1,1,1,1,7,1,1,1,1,1,9,1,1,1,39,39
148,15,1103,185,89,27,9876,41,160,10,7938,389,289,171,3,31427,171,3,274,215,3329,211,3,11,2108,432,280,21,31,527,88,1125,7,140,314,95 1,1,1,1,1,1,1,1,1,1,1,1,1,1,1,12,1,1,9,1,1,1,1,1,1,1,23,1,1,1,1,1,1,1,1,1
16,1059,21,118,1761,5,18,1762,92,10,31,728,35,681,485 1,1,1,1,1,1,1,1,1,1,1,1,1,1,1
1066,1430,10,140,599,89 1,1,1,1,1,1
2820,363,329,485,1048,464,122,340,5,16357,116,265,66,186,50,749,24,99,51,21,38,15,1629,7,2942,5,328,12,24,31428,95 1,1,1,1,1,1,1,1,1,1,1,1,1,1,1,1,1,1,1,1,1,1,1,1,1,1,1,1,1,1,1
461,37,18,14,704,223,2942,9,12,571,3953,175,8,51,90,3887 1,1,1,1,1,1,1,1,1,1,1,1,1,1,1,1
18,14,49,2566,171,5,3408,1945,384,34,59,384,1957 1,1,1,1,1,1,1,1,1,1,1,1,1
31,191,79,26,2034,4015,35,135,64,10074 1,1,1,1,1,1,1,1,1,1
2087,1089,19,10089,9500,530,10,15,11864 1,1,1,1,1,1,1,1,1
41,5052 1,1
464,1403,140,314,10,52,372,1511,709 1,1,1,1,1,1,1,1,1
287,926,266,19,236,208,160,10,482,3571,817,130,371,128,307,477,321,3,51,11,739,26,760 15,1,1,1,12,1,1,1,1,1,1,1,1,1,1,1,1,1,1,1,1,1,1
19,289,1534,2002,489,34,242,31,513,13,79,3,51,2216,265 1,1,1,1,1,1,1,1,1,1,1,1,1,1,1
39,274,215,22,9,686,45,49,36,8,25,32,1148,1463,252,9,3179,8,9,203,1148,1463,9,727,8,8,547,22,9,1026,45,49,36,8,25,32,2655,782,171,22,9,378,45,49,58,8,25,32,123,180,65,3,49,58,2844,105,1816,1327,22,9,2576,45,49,36,8,25,1750,167,34,289,9,932,8,171,22,9,549,45,49,36,8,25,32,236,9,800,8,171,22,9,549,45,49,36,8,25,276,3508,5656,56,558,22,9,3473,45,8,25,276,123,180,65,3,49,1576,56,36,298,27,1350,17,391,1253,9,906,8,36,298,25,32,815,9,3203,8,125,22,9,378,568,609,49,36,8,25,32,1088,9,218,8,171,22,9,549,45,49,36,8,25,32,123,180,65,127,1545,295,16873,1565,2381,3,1527,1958,3,1566,2152,9,83,8,3,1077,1792,3,31429,4729,3,31430,1774,16873,1579,4365,3,2444,4927,9,83,8,3,926,1907,9,59,8,3,580,1322,3,4168,12378,102,77,148,11849,364,1273,292,2833,655,31431,2049,215,408,814,4,60,197,3,60,9752,428,121,197,24,258,440,644,4,455,3,576,31432,155,4,751,362,4,1289,3,6932,9,11,1482,26,1641,8,12,7318 1,9,1,1,1,1,1,1,1,1,1,1,1,1,11,1,1,1,1,11,1,1,1,1,1,1,1,1,1,1,1,1,1,1,1,1,1,1,1,1,1,1,1,1,1,1,1,1,1,1,1,1,1,1,1,1,1,1,1,1,1,1,1,1,1,1,1,1,1,1,1,1,1,1,1,1,1,1,1,1,1,1,1,12,1,1,1,1,1,1,1,1,1,1,1,1,1,1,1,1,1,1,1,1,1,1,1,1,1,1,1,1,1,1,1,1,1,1,1,1,1,1,1,1,1,1,1,1,1,1,1,1,1,1,1,1,1,1,1,1,1,1,1,1,13,1,1,1,1,1,1,1,1,1,1,1,1,1,1,1,1,1,1,1,1,1,1,1,1,1,1,1,1,1,1,1,1,1,1,1,1,1,1,1,1,1,1,1,1,1,1,1,1,1,1,1,1,1,1,1,1,1,1,1,1,1,1,1,6,6,1,1,1,1,1,1,1,1,1,1,1,1,1,1,1,1,1,1,1,1,1,1,1,1,1,1,1,1,1,1,1,1,1,1,1,1,1,1,1,1,1,1,1,1
11,969,26,174,240,634,4,11,93,3,11,277,192,5,104,5923,14,15,1578,379,428,13,311,39,147,3,51,372,95,24,363,21,68,6,372,173 1,1,1,1,1,1,1,1,1,1,1,1,1,1,1,1,1,1,1,1,1,1,1,1,1,1,1,1,1,1,1,1,1,1,1,1
176,362,34,4,367,361,9,2913,3,31433,3,2314,8,3083,2740,12,1219,9,3594,8 1,1,1,1,1,1,1,1,1,1,1,1,1,1,1,1,1,1,1,1
144,149,5,241,570 1,1,1,1,1
41,454,134,2216,627,27,233 1,1,1,1,1,1,1
178,363,4,2318,887,10,513,13,1326,1007,2318,887,2566,5,3408,195,142,4,2318,887,137,389,51,208,160,10,465,118,274,26,1457,188,780,253,384,34,4,1430,10,64,10074,3,1175,140,314,346,280,4,655,599,1430,436,4926,1759,895,4,7589,12,2476,220,703,31434,439,3067,567,4,3456,8378,33,31435,36,5063,4,1831,1238,27,99,5441,3,10,390,12,36,129,10585,4,926,266,3,482,2828,1325,252,105,1011,12,2333,1043,6791,4,11,205,7,371 1,1,1,1,1,1,1,1,1,1,1,1,1,1,1,1,7,1,1,1,1,1,1,1,1,1,1,1,9,1,1,1,39,1,1,1,1,1,1,1,1,1,1,1,1,1,23,1,1,1,1,1,1,1,1,1,1,1,1,1,1,1,1,1,1,1,1,1,1,1,1,1,1,1,1,1,1,1,1,1,1,1,1,1,1,1,1,1,1,1,1,1,11,1,1,1,1,1,1,1,1,1,1,1
79 1
31436,13,64,4742 1,1,1,1
50,740,13,873,35,135,24,55,270 1,1,1,1,1,1,1,1,1
1426,2140,4040,3,107 1,1,1,1,1
