67,54,4,31349,404,17,112,513,730,234,59,16858,34,30,7,61,328,387,131,34,12,59,1040,5,16859,548,6,99,267,113 1,1,1,1,1,1,1,1,1,1,1,1,1,1,1,1,1,1,1,1,1,1,1,1,1,1,1,1,1,1
11,1297,3,11,841,314,3,11,1670,3,11,2190,116,147,106,572,1088,97,147 1,1,1,1,1,1,1,1,1,1,1,1,1,1,7,1,13,1,1
148,464,185,19,1088,378 1,1,1,1,13,1
280,18,20,126,19,8679,43,281,297 23,1,1,1,1,1,1,1,1
18,14,49,92,344,32,3022,7,1392,3,159,92,14,745,24,1520,681,3506,554 1,1,1,1,1,1,1,1,1,1,1,1,1,1,1,1,1,1,1
18,190,118,31350,3,4698,511,19,8679 1,1,1,1,1,1,1,1,1
363,211,19,2566 1,1,1,1
11,2762,518,915 1,1,1,1
11,3887,26,4366 1,1,1,1
384,34,66,2004,7707,2093 1,1,1,1,1,1
11,93,3,685 1,1,1,1
2273,915,417,51,132,31 1,1,1,1,1,1
18,14,49,19,1140,7,2273,98,2707 1,1,1,1,1,1,1,1,1
18,14,530,17,369,112,13,64,12033,10,235,164 1,1,1,1,1,1,1,1,1,1,1,1
494,2201,264,3,752,1332,3,1669,444,233,44 1,1,1,1,1,1,1,1,1,1,1
1497,97,529,3,307,3,26,1171 1,1,1,1,1,1,1,1
11,448,2108,432 1,1,1,1
39,1088,9,218,8,378,3,36,45,9,73,8,25,32,2566,9,2655,782,8,378,3,36,45,9,73,8,25,32,8679,9,11318,8,3296,3,36,568,9,73,8,25,305,1816,4119,3,36,45,9,73,8,25,305,31351,31352,9,2684,515,329,780,799,8,7386,45,25,32,127,790,80,39,30,81,867,532,81,302,67,122,147,1003,1468,436,30,122,436,4926 1,13,13,13,13,1,1,1,1,1,1,1,1,1,1,1,1,1,1,1,1,1,1,1,1,1,1,1,1,1,1,1,1,1,1,1,1,1,1,1,1,1,1,1,1,1,1,1,1,1,1,13,1,1,13,1,1,92,1,1,1,1,1,1,1,1,1,1,1,1,1,1,1,1,1,1,1,1,1,1,1,1,1,1
81,7,182,1754,4,1059,232,3,1335,2141,34,4,122,270,567,4,7410,10307,1844 1,1,1,1,1,1,1,1,1,1,1,1,1,1,1,1,1,1,1
4,11,263,1910,4,11,760,3,380,48,34,3,725 1,1,1,1,1,1,1,1,1,1,1,1,1
361,4,11,3728,3,648,1309,4,11,796,3,1441,5183,3,1157,316,205,63,94,5786,133,1000,140,4763,948,102,77,48,91,10,463,2852,455,3,886,1710,2409,27,4564,3327,3532,131,246,27,2004,618,1334,7,59,384,227,59,2653,91,13,232,691,1056,29,59,1040,2934,97,3323,243,29,59,31353,5,16858,548,97,777,246,26,205,7,411,3,11,16859,908,192,5,104,1351,4,31354,13,280,3,384,34,3,106,36,8,106,4,572,1088 1,1,1,1,1,1,1,1,1,1,1,1,1,1,1,1,1,6,6,6,1,1,1,1,1,1,1,1,1,1,1,1,1,1,1,1,1,1,1,1,1,1,1,1,1,1,1,1,1,1,1,1,1,1,1,1,1,1,1,1,1,1,1,1,1,1,1,1,1,1,1,1,1,1,1,1,1,1,1,1,1,1,1,1,1,1,1,1,1,23,1,1,1,1,7,1,1,7,1,1,13
592,5,819,57,1248 1,1,1,1,1
41,118,1088,10,549,32 1,1,13,1,1,1
28,98,138,15,1581,17,780,3019,32,51,933,31,10,126,92,1702,597,23,441,148,144,5,126,344,134,148,442,11928 1,1,1,1,1,1,92,1,1,1,1,1,1,1,1,1,1,1,1,1,1,1,1,1,1,1,1,1
58,8,59,384,34,4,2273,31,915,6759 1,1,1,1,1,1,1,1,1,1
28,933,10,488,5,86,1816,4119,305,13,911 1,1,1,1,1,1,1,1,1,1,1
28,41,122,64,12033,5,235,164 1,1,1,1,1,1,1,1
11,1255,66,79 1,1,1,1
117,8,280,4,49,344,8679,711,15,65 1,1,23,1,1,1,1,1,1,1
11,173,140,84,1702,3,51,95,1123,126,19,8679 1,1,1,1,1,1,1,1,1,1,1,1
41,96 1,1
210,8,494,4,1054,3,752,1332,3,1669,444,233,44 1,1,1,1,1,1,1,1,1,1,1,1,1
31,464,16665 1,1,1
827,333,13,10293,785 1,1,1,1,1
108,8,103,213,4,1165,12,10087,320,8,59,1040,34,4,921,885 1,1,1,1,1,1,1,1,1,1,1,1,1,1,1,1
41,96,2901 1,1,1
539,8,256,812,5,4506,82,1447,4,2211,12,10087,615,8,287,4,41,827,520,1134,27,441,112,5,1824,19,1163,340,436,936,33,567,31355,4,10088,1402,703,33,1238,1787,4,28,1493,10,441,112,33,838,4,41,235,27,441,112,1521,4,1014,129,10,439,2211,5,1165,295,5,827,148 1,1,1,1,1,1,1,1,1,1,1,1,1,1,15,1,1,1,1,1,1,1,1,1,1,1,1,1,1,1,1,1,1,1,1,1,1,1,1,1,1,1,1,1,1,1,1,1,1,1,1,1,1,1,1,1,1,1,1,1,1,1,1,1,1,1,1
28,41,166,160,10,126,780 1,1,1,1,1,1,92
