67,54,4,31373,3292,1180,487,281,162,55,28,82,414,4,5500,3,5923,1117,542,4,12392,54,7,168,4,4151,451,4,2978,10414,730,234,4,529,3,307,30,564,66,4,79,3,940,30,7,61,328,4,1997,379,914,220,1694,2797,17,142,5,1539,1029,5,95,168,13,458,12,6,3157,7,142,121,61,220,426,7,307,5,529,37,18,1645,584,467,394,7,24,303 1,1,1,1,1,1,1,1,1,1,1,1,1,1,1,1,1,1,1,1,1,1,1,1,1,1,1,1,1,1,1,1,1,1,1,1,1,1,1,1,1,1,1,1,1,1,1,1,1,1,1,1,1,1,1,7,1,1,1,1,1,1,1,1,1,1,1,1,7,1,1,1,1,1,1,1,1,1,1,1,1,1,1,1,1,1
6,34,5,307,126,19,6,10850,397,168,477,79,20,27,427 1,1,1,1,1,1,1,1,1,1,1,1,1,1,1
748,953,7,1766,79,20,106,10,3113,43,31374,252,3,2493,5,1500,10,6,3309,230 1,1,1,1,1,1,7,1,1,1,1,11,1,37,1,1,1,1,1,1
491,768,79,10,52,407,170,65,1676 1,1,1,1,1,1,1,1,1
79,1268,7,300,12,6,230 1,1,1,1,1,1,1
79,90,31375,31376,31377,31378,31379,31380,31381,31382,31383,31384,31385,3161 1,1,1,1,1,1,1,1,1,1,1,1,1,1
11,95,1863,26,1673,732 1,1,1,1,1,1
1441,31386,572,1086,384,34 1,1,1,1,1,1
7,55,3,79,21,68,374,10,52,500,2581,13,24,39,35,60,35,2113,389 1,1,1,1,1,1,1,1,1,1,1,1,1,1,1,1,1,1,1
79,242,631,37,18,488,49,24,289,976,10,15,129,183 1,1,1,1,1,1,1,1,1,1,1,1,1,1
230,438,4,701,4,31387,29,31388,29,6712,1733,29,6091,29,31389,42,19,658,613,108,22,247,3,613,279,22,25,3,4584,36,2693,3,252,462,3,2541,171,2365,123,58,3,11095,58,1681,123,36,3,274,279,22,3,218,171,22,3,1735,3,2814,210,22,247,7656,31390,426 1,1,1,1,1,1,1,6,1,1,1,1,1,1,1,1,1,1,9,1,1,1,1,9,1,1,1,1,37,1,1,1,11,1,1,1,1,1,1,1,1,1,1,1,1,1,1,9,1,1,1,13,1,1,1,1,1,1,1,1,1,1,1,1
1109,438,4,480,3,422,6,30,270,81,7,182,4,122,282,80,39,30,4,1539,1029,4,3031,2470,3,559,1428,42,3,11,2911,26,31391,29,72,1813,1021,12,3745,2459,106,280,3071,283,76,161,315,53,384,7707,918,363,494,776 1,1,1,1,1,1,1,1,1,1,1,1,1,1,1,1,1,1,1,1,1,1,1,1,1,1,1,1,1,1,1,1,1,1,1,1,1,1,1,1,7,23,1,1,1,1,1,1,1,1,1,1,1,15
39,4,274,279,22,25,32,1088,171,22,25,32,3,2566,125,22,25,32,1816,2534,22,25,305,167,34 1,1,9,1,1,1,1,13,1,1,1,1,1,1,1,1,1,1,1,1,1,1,1,1,1
127,4,790,150,30,4,11,374,150,30,7,212,29,329,71,12,24,661 1,1,1,1,1,1,1,1,1,1,1,1,1,1,1,1,1,1
206,30,4,6,28,285,35,62,12394,3419,1605,4952,5,245,13,24,1037 1,1,1,1,1,1,1,1,1,1,1,1,1,1,1,1,1
699,4,6,28,334,238,141,87,183,3,51,38,62,9050,1308,87,30,169,10,334 1,1,1,1,5,5,5,5,5,1,1,1,1,1,1,1,1,1,1,1
541,4,6,28,728,5,13,11,30,7,541,3818,26,697 1,1,1,1,1,1,1,1,1,1,1,1,1,1
3723,3438,135,421,19,3416,13,24,99,728,1087,65,183,357,4,356,157,7,2952,5,12396,12,1230,174,4,90,102,77,4,701,4,31392,31393,7623,12311,42,19,58,59,31394,2833,207,4,12,480,227,4,3464,3,863,3,665,3,1110,1561,1313,136,4,332,3,576,917,48,4,751,1069,720,4,1752,239,3,409,156,3,409,304,3,310,3,11,1162,3,1094,3,213,26,502,214,4,152,3,2045,3,979,29,588,61,29,531,4,217,3265,133,100,29,11,975,93,26,750 1,1,1,1,1,1,1,1,1,1,1,1,1,1,1,1,1,1,1,1,1,1,1,1,1,1,1,1,1,1,1,1,1,1,1,1,1,1,1,1,1,1,1,1,1,1,1,1,1,1,1,1,1,1,1,1,1,1,1,1,1,1,1,1,1,1,1,1,1,1,1,1,1,1,1,1,1,1,1,1,1,1,1,1,1,1,1,1,1,1,1,1,1,1,1,1,1,1,1,1,1,1,1,1,1,1,1,1,1,1
352,4,15,78,1117,123,117,29,1411,1093,1544,204,29,670,5,1009,400,928,44,29,2657,77 1,1,1,1,1,1,1,1,1,1,1,1,1,1,1,1,1,1,1,1,1,1
149,4,1290,4985,456,2589,1305,351,2469,7003,663,31395,1276,351,2469,7003,835,2421,1310,351,2469,7003,1072,1658,6604,1450,351,2469,7003,392,1352,1311,219,2469,7003,347,2042,1601,219,2469,7003,345,31396,1359,219,2469,7003,207,1290,512,3047,1478,219,4151,4748,1555,1646,1659,219,4151,4748,1184,31397,1660,1556,4151,4748,1131,9,486,8,1160,3691,219,4151,4748,1131,9,496,1701,2386,219,4151,4748,486,961,2777,2602,654,4151,4748,1461,2078,2464,654,4151,4748,2013,2316,2385,654,4151,4748,1012,400,154,2680,9,3882,8,1173,3696,721,4151,4748,2532,9,3635,8,1173,3965,721,4151,4748,3759,1179,31398,3589,721,4151,4748,1131,9,486,8,1160,3691,219,4151,4748,1131,9,496,1701,2386,219,4151,4748,103,154,1336,9,9459,8,72,193,4151,9337,2418,72,193,4151,9337,1185,492,63,785,349,3259,1312,524,2469,3150,734,31399,2615,5280,2469,3150,560,31400,2531,1451,2469,3150,333,31401,2437,42,2469,3150,653,1437,1360,1227,2469,3150,786,5178,1479,1588,2469,3150,823,6627,1480,654,2469,3150,536,7708,1589,1381,2469,3150,795,3127,1424,42,2469,3150,63,1154,42,1154,15161,370,2469,31402,1257,1125,1277,2469,3150,3223,1106,1739,42,2469,3150,577,279,1786,42,2469,3150,847,210,1740,42,2469,3150,830,117,1832,42,2469,3150,864,519,1691,42,2469,3150,63,1257,33,714,3223,47,11225,2240,524,2469,3150,577,47,31403,2241,524,2469,3150,847,47,12397,2577,524,2469,3150,830,47,10566,2242,524,2469,3150,864,47,3058,2278,524,2469,3150,8213,200,44,2469,3150,8214,200,44,2469,3150,2360,200,2469,3150,2096,200,2469,3150,2613,1078,2613,79,4047,3162,1060,2469,16870,1074,1492,2469,16870,1067,11919,2834,1060,2469,31404,2330,4,705,1340,4,14919,4,2027,350,93,3,265,66,6,356,101 1,1,1,1,1,1,1,1,1,1,1,1,1,1,1,1,1,1,1,1,1,1,1,1,1,1,1,1,1,1,1,1,1,1,1,1,1,1,1,1,1,1,1,1,1,1,1,1,1,1,1,1,1,1,1,1,1,1,1,1,1,1,1,1,1,1,1,1,1,1,1,1,1,1,1,1,1,1,1,1,1,1,1,1,1,1,1,1,1,1,1,1,1,1,1,1,1,1,1,1,1,1,1,1,1,1,1,1,1,1,1,1,1,1,1,1,1,1,1,1,1,1,1,1,1,1,1,1,1,1,1,1,1,1,1,1,1,1,1,1,1,1,1,1,1,1,1,1,1,1,1,1,1,1,1,1,1,1,1,1,1,1,1,1,1,1,1,1,1,1,1,1,1,1,1,1,1,1,1,1,1,1,1,1,1,1,1,1,1,1,1,1,1,1,1,1,1,1,1,1,1,1,1,1,1,1,1,1,1,1,1,1,1,1,1,1,1,1,1,1,1,1,1,1,1,1,1,1,1,1,1,1,1,1,1,1,1,1,1,1,1,1,1,1,1,1,1,1,1,1,1,1,1,1,1,1,1,1,1,1,1,1,1,1,1,1,1,1,1,1,1,1,1,1,1,1,1,1,1,1,1,1,1,1,1,1,1,1,1,1,1,1,1,1,1,1,1,1,1,1,1,1,1,1,1,1,1,1,1,1,1,1,1,1,1,1,1,1,1,1,1,1,1,1,1,1,1,1,1,1,1,1,1,1,1,1,1,1,1,1,1,1,1,1,1,1,1,1,1,1,1,1,1,1,1,1
177,4,1954,7,6,356,31405,61,563,185,12,6713,29,1562,2578,4,1997,379,719,13,403,7,31406,1029,5,95,168,13,2546,10223,93,12,6,481,7,185,148,3,1584,1075,116,3,4017 1,1,1,1,1,1,1,1,1,1,1,1,1,1,1,1,1,1,1,1,1,1,1,1,1,1,1,1,1,1,1,1,1,1,1,1,1,1,1,1,1,1,1
199,458,12,481,7,170,142,3,11,805,3792,3,11,301,937,177,84,16865,11998,177,1502,450,3,2479,33,1917,1989,7292,3,613,1546,12393,13,3176,78,5639,3,3646,17,2142,839,7,16866,82,17,2014,9,148,38,68,35,365,35,3113,82,8,16867,29,144,772,520,7951,35,160,29,2933,4624,82,3,32,655,4968,160,17,713,26,9005,19,40,168,138,11,301,177,84,178,142,4,33,753,10,52,60,179,27,40,85,33,134,1639,1063,10,179,41,1550,1534,115,5,482,1924,1033,1325,33,208,160,10,52,285,115,17,1086,646,7,142,3,1152,35,4058,195,403,7,254,2700,4,33,41,160,4057,3972,684,1511,7,3297,10,39,389,33,41,235,1399,1255,66,52,31407,949,6,458,224,33,482,1335,278,253,494,16868,233,554,29,33,8798,1054,264,3,330,1787,3,4645,785,3,1570,478,3,1332,33,482,1698,31408,333,601,180,346,1927,4,266,456,3,266,393,3,266,1978,353,29,2580,1697,35,160,460,1155,4,815,56,56,56,56,56,56,56,56,56,56,56,56,56,56,56,33,6888,31409,3,107 1,1,1,1,1,1,7,1,1,1,1,1,1,1,1,1,1,1,1,1,1,1,1,1,1,1,1,1,1,9,1,1,1,1,1,1,1,1,1,1,1,1,1,1,1,1,1,1,1,1,1,1,1,1,1,1,1,1,1,1,1,1,1,1,1,1,1,1,1,1,1,1,1,1,1,1,1,1,1,1,1,1,1,1,1,1,7,1,1,1,1,1,1,1,1,1,1,1,1,1,1,1,1,1,1,1,1,1,1,1,1,1,1,1,1,1,1,1,1,1,1,1,1,7,1,1,1,1,1,1,1,1,1,1,1,1,1,1,1,1,1,1,1,1,1,1,1,1,1,1,1,1,1,1,1,1,1,1,1,1,1,1,1,1,1,1,1,1,1,1,1,1,1,1,1,1,1,1,1,1,1,1,1,1,1,1,1,1,1,1,1,1,1,1,1,1,1,1,1,1,1,1,1,1,1,1,1,1,1,1,1,1,1,1,1,1,1,1,1,1,1,1,1,1,1,1,1,1,1,1,1
123,31410 1,1
