67,54,4,31459,261,1351,414,4,10090,3,3210,59,189,1397,4,31460,168,54,4,31461,261,54,4,31462,10859,505,4,3108,31463,1136,1842 1,1,1,1,1,1,1,1,1,1,1,1,1,1,1,1,1,1,1,1,1,1,1,1,1,1,1,1,1,1,1
424,505,4,1182,1195,153,76,3,161,315,58,1831,153,761,3,697,3,106,3,494 1,1,1,1,1,1,1,1,1,1,1,1,1,1,1,1,1,7,1,1
30,7,61,328,4,40,1716,87,302,3628,428,3,161,315,58,1831,761,17,31464,7207,440,929,129,3,161,315,100,3112,13,15,30,7,697,5,311,902,371,162,17,53,303,1136,1842,3108,5,3290 1,1,1,1,1,1,1,1,1,1,1,1,1,1,1,1,1,1,1,1,1,1,1,1,1,1,1,1,1,1,1,1,1,1,1,1,1,1,1,1,1,1,1,1,1,1
127,4,4691,1036,10,697,3,1339,277,3,7693,697,3,1433,31465,82,771,40,254,160,10,52,138,225,210,552 1,1,1,1,1,1,1,1,1,1,1,1,1,1,1,1,1,1,1,1,1,1,1,1,1,1
80,39,30,4,33,1205,1086,12399,1363,440,929,2302,33,19,821,16877,27,3292,33,356,19,11272,33,311,1831,354,902,3,137,1415,469,43,64,8680,16878,33,4039,5,411,59,1423,466,33,110,58,1831,16879,9,2937,3,2459,8,3,128,483,7,5276,5231,3769,31466,5570,31467,935,3,99,697,16880,31468,2569,3944,206,30,4,1221,5722,5867,3,245,13,573,102,101,4,63,94,14,3811,3,133,388,5,145 1,1,1,1,1,1,1,1,1,1,1,1,1,1,1,1,1,1,1,1,1,1,1,1,1,1,1,1,1,1,1,1,1,1,1,1,1,1,1,1,1,1,1,1,1,1,1,1,1,1,1,1,1,1,1,1,1,1,1,1,1,1,1,1,1,1,1,1,1,1,1,1,1,1,1,1,1,1,1,1,1,1,1,1,1,1,1,1,1,1,1,1
2447,31,60,678 1,1,1,1
10043,93,3,4827,1050,3,136,20,332,3,216,1700,44,48,91,10,463,5,1051,3,1094,11,1162,561,26,502,3,214,3,152,3,396 1,1,1,1,1,1,1,1,1,1,1,1,1,1,1,1,1,1,1,1,1,1,1,1,1,1,1,1,1,1,1,1
326,327,57,44 1,1,1,1
114,433,93 1,1,1
339,4,1182,1195,153,76,19,2499,3,697,935,5384,7918,1842,3,1053,1930 1,1,1,1,1,1,1,1,1,1,1,1,1,1,1,1,1
124,438,4,6,28,526,3108,7,24,53,473,303,7918,1842,43,64,8680,19,31469,97,698 1,1,1,1,1,1,1,1,1,1,1,1,1,1,1,1,1,1,1,1,1
517,24,303,20,2539,24,866,820,20,359,4753,15,8632,562,820,1489 1,1,1,1,1,1,1,1,1,1,1,1,1,1,1,1
18,20,55,10,52,828,4431,13,15,824,7,15028,42,19,16881 1,1,1,1,1,1,1,1,1,1,1,1,1,1,1
92,20,537,37,24,266,824,20,290,10,394,63,314,66,828,170,9351,35,60,35,15,10091,2348,66,633,1930 1,1,1,1,1,1,1,1,1,1,1,1,1,1,1,1,1,1,1,1,1,1,1,1,1,1
18,20,1904,1698,58,189,7,1308,763,19,16881,477,19,820,4753,24,3108,7918,1842 1,1,1,1,1,1,1,1,1,1,1,1,1,1,1,1,1,1,1
6,427,7,24,124,438,20,4208 1,1,1,1,1,1,1,1
18,20,31470,12,124,5,20,138,2113,1331,17,157,7,24,7931,11789 1,1,1,1,1,1,1,1,1,1,1,1,1,1,1,1
18,20,261,163,13,420,17,15,2740,513,10,192,24,828,31471,5,17,439,13,24,354,2792,64,8680 1,1,1,1,1,1,1,1,1,1,1,1,1,1,1,1,1,1,1,1,1,1,1,1
18,41,86,9652,820,12,24,3292,1201,189 1,1,1,1,1,1,1,1,1,1
31472,19,261,4,706,755,22,25,605,1117,10092,1571,9,10092,8,36,298,25,605,5488,9,2166,8,669,22,25,69,3642,9,2092,8,1592,22,25,69,4280,9,2382,8,125,22,25,605,1919,9,912,964,8,9,16882,8,180,22,25,344,19,495,186,18,109,31,299,820,274,215,22,25,1231,495,19,65,18,109,31,299,820,4543,782,9,4543,8,215,22,25,608,4199,9,4389,8,31473,22,25,608,5599,141,22,25,608,1484,456,9,452,8,58,22,25,608,1406,9,423,8,447,22,25,32,512,3943,9,36,9336,22,8,9,3053,8,8667,22,25,305,3147,9,1384,8,171,22,25,32,3686,12751,3,107 1,1,1,1,1,1,1,1,1,1,1,1,1,1,1,1,1,1,1,1,1,1,1,1,1,1,1,1,1,1,1,1,1,1,1,1,1,1,1,1,1,1,1,1,1,1,1,1,1,1,1,1,1,1,1,1,1,1,1,1,1,1,1,9,1,1,1,1,1,1,1,1,1,1,1,1,1,1,1,1,1,1,1,1,1,1,1,1,1,1,1,1,1,1,1,1,1,1,1,1,1,1,1,1,1,1,1,1,1,1,1,1,1,1,1,1,1,1,1,1,1,1,1,1,1,1,1,1,1,1,1,1,1,1,1,1,1,1,1,1,1
2607,153,424,710,31474 1,1,1,1,1
