67,54,4,31446,404,17,1724,4,354,902,17,821,4588,4,31447,266,3,229,30,7,61,328,4,40,31448,3628,428,13,1182,1195,153,76,161,315,267,1831,153,761,19,2499,13,311,902,147,20,510,17,354,902,17,821 1,1,1,1,1,1,1,1,1,1,1,1,1,1,1,1,1,1,1,1,1,1,1,1,1,1,1,1,1,1,1,1,1,1,1,1,1,1,1,1,1,1,1,1,1,1,1,1,1,1,1
80,30,4,110,267,1831,861,1972,3,110,311,902,164,3,4039,5,31449,53,1423,466 1,1,1,1,1,1,1,1,1,1,1,1,1,1,1,1,1,1,1,1
110,5570,39,4,706,755,1249,25,105 1,1,1,1,1,1,1,1,1
2166,1582,1249,25,1208 1,1,1,1,1
2092,1592,1249,25,1208 1,1,1,1,1
2162,36,45,25,105 1,1,1,1,1
2382,141,1249,25,105 1,1,1,1,1
1223,1014,45,25,31450,552,167,34 1,1,1,1,1,1,1,1
127,4,4691,5,2404,150,30,4,1169,5088,206,30,4,1169,5088,81,7,182,4,492,579,20,376,569,17,88,174,39,3463,116 1,1,1,1,1,1,1,1,1,1,1,1,1,1,1,1,1,1,1,1,1,1,1,1,1,1,1,1,1,1
102,77,4,148,4,3245,364,4,586,187,4,558,1130,196,4,683,227,4,703,136,4,332,3,11,1189,3,11,879,48,4,91,720,4,31451,304,3,31452,3,11,1162,214,4,703,531,4,53,1423,128,1436,774,66,6,356,1605,9,486,2895,7,6,466,8,174,4,149,4,1290,1445,113,3020,820,430,456,2948,59,9,1305,8,351,430,663,1853,9,1276,8,351,430,835,1137,59,9,1310,8,351,430,1072,1658,6681,59,9,1450,8,351,430,1800,2061,1214,9,1311,8,219,430,347,3669,83,9,1601,8,219,430,345,1428,59,9,1359,8,219,1185,402,17,10090,3,3210,59,2607,63,31453,31454,902,47,31455,154,2097,295,2295,1724 1,1,1,1,1,1,1,1,1,1,1,1,1,1,1,1,1,1,1,1,1,1,1,1,1,1,1,1,1,1,1,1,1,1,1,1,1,1,1,1,1,1,1,1,1,1,1,1,1,1,1,1,1,1,1,1,1,1,1,1,1,1,1,1,1,1,1,1,1,1,1,1,1,1,1,1,1,1,1,1,1,1,1,1,1,1,1,1,1,1,1,1,1,1,1,1,1,1,1,1,1,1,1,1,1,1,1,1,1,1,1,1,1,1,1,1,1,1,1,1,1,1,1,1,1,1,1,1,1,1,1,1,1,1,1,1,1,1,1,1,1,1,1,1,1
471,189,349,3028,9,1312,8,524,333,6171,59,9,2437,8,42,560,3390,59,9,2531,8,1451,734,31456,59,9,2615,8,1785,536,31457,83,9,1589,8,1381,653,2073,83,9,1360,8,1227,786,6336,9,1479,8,1588,823,5021,9,1480,8,654,795,12398,83,9,1424,8,42,339,5,104,4,517,7,24,31458,161,3,88,15964,466,41,31,52,15,232,2076 1,1,1,1,1,1,1,1,1,1,1,1,1,1,1,1,1,1,1,1,1,1,1,1,1,1,1,1,1,1,1,1,1,1,1,1,1,1,1,1,1,1,1,1,1,1,1,1,1,1,1,1,1,1,1,1,1,1,1,1,1,1,1,1,1,1,1,1,1,1,1,1,1,1,1,1,1,1,1,1,1
11455,7,6,10065,813,5,5722,7,1136,1842,41,52,934,845,207,1901 1,1,1,1,1,1,1,1,1,1,1,1,1,1,1,1
941,360,17,1301,271,10,1784,12,6,198,7,40,28 1,1,1,1,1,1,1,1,1,1,1,1,1
134,74,57,88,664,26,479,3,395,190,770,10,732,271,27,88,85 1,1,1,1,1,1,1,1,1,1,1,1,1,1,1,1,1
1426,8486,8680,3,107 1,1,1,1,1
