67,54,4,31549,426,4,439,151,3,142,282,4,293,6248,468,12,17,439,19,151 1,1,1,1,1,1,1,4,1,7,1,1,1,1,1,1,1,1,1,4
95,6944,31550,242,31,158,398 1,1,1,1,1,1,1
588,46,68,232,27,163,19,960,171,608 1,1,1,1,1,1,1,8,8,8
122,5932,8332,27,3499 1,1,1,1,1
23,1251,38,565,1883,13,4754,7773,5,5973,3951,2567 1,1,1,1,1,1,1,1,1,1,1,1
16,146,9997,4611,1235,530,188,10,6,9680 1,1,1,1,1,1,1,1,1,1
356,749,4588,17,40 1,1,1,1,1
16,146,46,241,570,26,2085,12,6,9680 1,1,1,1,1,1,1,1,1,1
16,146,173,1022,7,7207,3,5,15,1020,13,7704,1383 1,1,1,1,1,1,1,1,1,1,1,1,1
16,21,142,3,49,218,5,274 1,1,7,1,1,13,1,9
147,142,6448,140,256,1354,151,367,690,39,1916,1142,22,25,32,165,596,1643,1245,189,521,605,4,1173,189,608,5185,9,2373,782,8,515,3,36,45,9,73,8,25,276,274,215,22,25,69,218,378,3,36,45,9,73,8,25,32,348,846,3,36,45,9,73,8,25,32,960,9,165,2755,8,171,189,521,276,1839,9,2071,8,549,3,36,45,9,73,8,25,276,127,200,33,200,579,4,644,4,11,48,34,3,739,3,760,3,634,93,3,3613,361,4,11,362,34,3,300,3,375,3,982,3,2161,2572,4,11,1393,26,1968,545,4,3654,827,15526,364,1247,716,856,5074,9096,207,4,280,3,480,1714,4,217,975,133,3,11,743,3,750,3,26,93,873,4,176,151,4,865,232,12,1306 1,7,15,23,1,1,4,1,1,1,1,1,1,1,1,8,8,8,1,1,1,1,1,1,1,1,1,1,1,1,1,1,1,1,1,1,1,1,1,1,9,1,1,1,1,13,1,1,1,1,1,1,1,1,1,17,1,1,1,1,1,1,1,1,1,8,1,1,1,1,1,1,1,1,12,1,12,1,1,1,1,1,1,1,1,1,1,1,1,1,1,1,1,1,1,1,1,1,1,1,1,1,1,1,1,1,1,1,1,1,1,1,1,1,1,1,1,1,1,1,1,1,1,1,1,1,1,1,6,1,6,1,1,1,1,1,1,1,1,23,1,1,1,1,1,1,1,1,1,1,1,1,1,1,1,1,1,1,4,1,1,1,1,1
827,89 1,1
81,4678,1538,75,14,131,365 1,1,1,1,1,1,1
86,960 1,8
118,218,10,180,22,32 1,13,1,1,1,1
178,287,4,81,580,75,14,476 1,15,1,1,1,1,1,1
464,266,926,3,482,1190,2823,26,3571 1,1,1,1,1,1,1,1,1
41,235,27,441,112 1,1,1,1,1
195,142,4,185 1,7,1,1
118,218 1,13
253,4611,1235,4,16,146,256,7,40,159,6,2380,82 1,1,1,1,1,1,1,1,1,1,1,1,1
131,185,12,819,166,3772 1,1,1,1,1,1
10,142,5,151 1,7,1,4
313,3,50,704,16,160,5140,278,3,4166 1,1,1,1,1,1,1,1,1,1
13,23,1022 1,1,1
50,46,510,201,10,64,16892,27,3292 1,1,1,1,1,1,1,1,1
482,2351,17,1887,646,31551,3,693,40,14,681,602,166,138,6,244,916,256,40 1,1,1,1,1,1,1,1,1,1,1,1,1,1,1,1,1,1,1
346,439,112,36,129,5,167 1,1,1,1,1,1,1
1426,4945,1159,16893,3,107 1,1,1,1,1,1
