67,54,4,31577,297,594,278,55,28,414,4,6728,3,5182,509,47,4,10096,54,5,85,7,278,4,16899,6337,272,747,262,4,64,3690,13168,297,278,262,4,64,7294,12011,732,4,16900,6728,9,723,3,4443,8,31578,163,5,16901,763,278,31579,4,3542,172,9939,4,10097,13,1694,7,142,3,776,3,151,3,1220,3,209,715,1873,3,5,256,2325,971,61,13,59,637,5211,822,139,667 1,1,1,1,1,1,1,1,1,1,1,1,1,1,1,1,1,1,1,1,1,1,1,1,1,1,1,1,1,1,1,1,1,1,1,1,1,1,1,1,1,1,1,1,1,1,1,1,1,1,1,1,1,1,1,1,1,1,1,1,1,1,1,1,1,7,1,15,1,4,1,1,1,1,1,1,1,1,1,1,1,1,1,1,1,1,1,1,1
79,20,19,24,16902,1101,10,2971,6,16903,7,24,5476,6002,3,51,1831,10,2971,92,5,2304,188,5773,983,467 1,1,1,1,1,1,1,1,1,1,1,1,1,1,1,1,1,1,1,1,1,1,1,1,1,1
79,1268,7,53,5211,34,5,20,775,10,299,115,66,6,983,269,744,13,6,1224,7,24,491,121,3598,6,667 1,1,1,1,1,1,1,1,1,1,1,1,1,1,1,1,1,1,1,1,1,1,1,1,1,1,1
1766,20,454,10,6,7505,10,3419,6,28,10,6,124 1,1,1,1,1,1,1,1,1,1,1,1,1
79,90,2129,24,413 1,1,1,1,1
11,3216 1,1
90,529,3,307,26,418,35,6,646,7,24,667 1,1,1,1,1,1,1,1,1,1,1,1
579,4,35,12,282,3,376,72,12,402 1,1,1,1,1,1,1,1,1,1
80,39,4,776,71,4,353,179,142,1220,403,7,2325,971,78,840,29,171,87,183,139,2396,33,885,1153,28,3546,343,13,452,33,159,286,21,38,209,715,1873,7,194,114,80,591,4,486,2396,31580,3714,27,440,1872,39,27,163,9,660,13,150,8,4,274,447,22,2088,9,1976,306,258,19,2082,55,8,289,1491,22,25,105,9,1976,306,258,19,2082,55,8,729,1945,22,2088,236,141,22,2088,3,1712,2062,1337,2088,252,547,22,512,1072,31581,487,36,298,662,65,39,425,4,2158,9,1126,8,25,5139,22,1869,257,5958,259,1212,9,729,8,25,1945,22,32,257,5958,259,274,25,215,22,32,257,5958,259,800,9,236,8,25,141,22,32,257,5958,259,512,7004,9,3120,7005,6099,8,25,36,298,32,257,5958,259,6072,9,3172,8,521,171,22,608,257,5958,259,932,9,289,8,25,171,22,32,257,5958,259,1720,1547,247,4754,22,12342,167,257,5958,259,127,4,780,33,1114,474,5,277,150,30,4,661,13,1436,130,164,9,367,2911,76,8,27,440,16563,573,13,117,3942,3,16751,12,3418 1,1,1,15,4,1,1,1,7,1,1,1,1,1,1,1,1,1,1,1,1,1,1,1,1,1,1,1,1,1,1,1,1,1,1,1,1,1,1,1,1,1,1,1,1,1,1,1,1,1,1,1,1,1,1,1,1,1,1,1,9,1,1,1,1,1,1,1,1,1,1,1,1,1,1,1,1,1,1,1,1,1,1,1,1,20,1,1,1,12,1,1,1,1,1,1,1,1,11,1,1,1,1,1,1,1,1,1,1,1,1,1,1,1,1,1,1,1,1,1,1,1,1,20,20,20,20,1,1,1,1,1,1,1,9,1,1,1,1,1,1,1,12,12,12,12,1,1,1,1,1,1,1,1,1,1,1,1,1,1,1,1,1,1,1,1,1,1,1,1,1,1,1,1,1,1,1,1,1,1,1,1,1,1,1,1,1,1,1,1,1,1,1,1,1,1,1,1,1,1,1,1,1,1,1,1,1,1,1,1,1,1,1,1,1,1,1,1,1,1,1,1,1,1,1,1,1,1,1,1,1
1020,13,155,373,121,20,1095 1,1,1,1,1,1,1
206,30,4,2306,582,3,245,1272,12,6,2287,1109,7,15,5056,16218,3,24,491,5,723,245,12,6,896,5,671,1109,7,6,5649 1,1,1,1,1,1,1,1,1,1,1,1,1,1,1,1,1,1,1,1,1,1,1,1,1,1,1,1,1,1,1
1127,968,88,2388,26,1224 1,1,1,1,1,1
90,485,3,238,26,3817,357 14,14,14,14,1,1,1
102,77,4,701,4,31582,31583,31584,31585,31586,19,658,207,4,480,227,4,1806,3,863,3,797 1,1,1,1,1,1,1,1,1,1,1,1,1,1,1,1,1,1,1,1,1,1
665 1
1536 1
1042,91,13,11,1296 1,1,1,1,1
196,4,11,277,26,243,136,4,332 1,1,1,1,1,1,1,1,1
11,309 1,1
576,27,320,632,48,4,751,574,1910,4,455 1,1,1,1,1,1,1,1,1,1,1
44,2744 1,1
2463,2409,27,7519 1,1,1,1
11,216,222 1,1,1
2321,1630 1,1
362,4,31587,588 1,1,1,1
152,3,396,3,1763 1,1,1,1,1
6074,4,1493,1714,4,433,93,100,13,209,1873,84 1,1,1,1,1,1,1,1,1,1,1,1
617,5,60,1070 1,1,1,1
433,975,133,100,352,4,1411,1093,1544,204,149,4,5958,705,1618,592,2037,869,967,9,59,8,769,5502,9,83,8,392,1469,888,10760,1680,2253,9,292,8,870,8108,9,83,8,1568,996,349,3198,734,13710,560,4047,333,5111,9,59,8,653,1437,536,4838,795,5070,42,1209,382,9,83,8,42,577,558,9,59,8,42,847,117,9,59,8,42,830,58,42,864,519,79,4047,29,1074,1293,29,1067,8251,4628,11872,9,83,8,1251,4,3785,3,2639,2811,3,72,6753,29,1971,111,493,3519,3,493,6080,5,1323,4710,177,4,44,338,239 1,1,1,1,1,1,1,1,1,1,1,1,1,1,1,1,1,1,1,1,1,1,1,1,1,1,1,1,1,1,1,1,1,1,1,1,1,1,1,1,1,1,1,1,1,1,1,1,1,1,1,1,1,1,1,1,1,1,1,1,1,1,1,1,1,1,1,1,1,1,1,1,1,1,1,1,1,1,1,1,1,1,1,1,1,1,1,1,1,1,1,1,1,1,1,1,1,1,1,1,1,1,1,1,1,1,1,1,1,1,1,1,1,1,1,1,1,1,1,1,1,1
2433,851,1136,893 1,1,1,1
53,1090,2549,13,166,53,574,5311,893 1,1,1,1,1,1,1,1,1
11,169,1382,17,2371 1,1,1,1,1
689,4,48,738,4,11,202,7,854 1,1,1,1,1,1,1,1,1
657,1793,4,4014,3,2507,822,7,6,53,562,136,13,10763,899,7,822,949,6,16904,637,5211 1,1,1,1,1,1,1,1,1,1,1,1,1,1,1,1,1,1,1,1,1,1
1165,13549,4,131,293,53,2629,985,27,1979,643 1,1,1,1,1,1,1,1,1,1,1
504,2074,13,1525,8379,735 1,1,1,1,1,1
44,1038,3132,13,559,1217,42 1,1,1,1,1,1,1
44,1501,400,13,3031,9915,339,4,10097,13,1694,7,142,3,776,3,151,3,1220,3,209,715,1873,3,5,256,2325,971,61,13,59,637,5211,822,139,667 1,1,1,1,1,1,1,1,1,1,1,1,7,1,15,1,4,1,1,1,1,1,1,1,1,1,1,1,1,1,1,1,1,1,1,1
28,78,47,966,29,73,667,109,197,10,52,1940,43,30 1,1,1,1,1,1,1,1,1,1,1,1,1,1
24,16905,237,52,2309,8735,3,469,24,27,266,10,6077,341,17,40,6077,341,540 1,1,1,1,1,1,1,1,1,1,1,1,1,1,1,1,1,1,1
138,37,18,14,19,7498,3,18,546,52,86,13,157,7,226,1640,2213,9,8683,3,613,8,477,425,12,6,124 1,1,1,1,1,1,1,1,1,1,1,1,1,1,1,1,1,1,1,1,9,1,1,1,1,1,1
24,209,715,1873,84,14,166,290,10,356,100,5451,649,19,24,30 1,1,1,1,1,1,1,1,1,1,1,1,1,1,1,1
40,368,52,172,1841,35,92,208,1246,1771,641,1399,1557 1,1,1,1,1,1,1,1,1,1,1,1,1
420,4,33,395,84,28,66,274,10,613,3324,22,25,31588,3,10,52,2066,17,523,78,986,29,1320,5,2142,78,986,29,231,33,395,144,904,1841,1291,13,805,19,65,36,5,65,210,1841,33,395,31589,365,341,971,1155,1841,13,3172,180,22,521,69,33,395,503,3375,1841,35,14,572,649,19,164 1,1,1,1,1,1,1,9,1,9,1,1,1,1,1,1,1,1,1,1,1,1,1,1,1,1,1,1,1,1,1,1,1,1,1,1,1,1,1,1,1,1,1,1,1,1,1,1,1,1,1,1,1,1,1,1,1,1,1,1,1,1,1,1,1,1,1,1,1,1
237,160,10,235,16906,7,1889,1557,13,150,134,269,941,360,17,40,1751,278 1,1,1,1,1,1,1,1,1,1,1,1,1,1,1,1,1,1
10,52,31590,89,13,64,7294,12011 1,1,1,1,1,1,1,1
5096,16899,31591,272,4945,2231,10972,3,107 1,1,1,1,1,1,1,1,1
8054,3,710,31592 1,1,1,1
