67,54,4,31624,3309,1828,168,55,28,4,5182,6728,542,4,10096,162,54,4,31625,688,10,1180,1828,54,4,31626,451,4,64,4144,16908,11388,262,331,4,64,11823,11351,730,234,667,30,7,6,61,328,79,14,62,1421,379,428,13,15,674,7,151,3,142,3,131,1460,5,472,958,13,15,403,7,667,121,20,162,96,15,3598,1940,667,75,295,12,15,317,1016,7710,822,5,187,16926,6420,3335,822 1,1,1,1,1,1,1,1,1,1,1,1,1,1,1,1,1,1,1,1,1,1,1,1,1,1,1,1,1,1,1,1,1,1,1,1,1,1,1,1,1,1,1,1,1,1,1,1,1,1,1,1,1,1,1,1,4,1,7,1,1,1,1,1,1,1,1,1,1,1,1,1,1,1,1,1,1,1,1,1,1,1,1,1,1,1,1,1,1,1,1,1
18,20,221,43,3125,3,5,677,420,157,7,62,13889,6874,17,6,7710,822,3,5,11,1605,355,17,6,6420,3335,822 1,1,1,1,1,1,1,1,1,1,1,1,1,1,1,1,1,1,1,1,1,1,1,1,1,1,1,1
19,8657,3,28,20,55,10,46,15,377,333,3,75,20,1762,10,62,7584,1647,19,24,70,1423,3,5,18,20,138,58,1034,7,6334,66,31627,19,8657 1,1,1,1,1,1,1,1,1,1,1,1,1,1,1,1,1,1,1,1,1,1,1,1,1,1,1,1,1,1,1,1,1,1,1,1
2014,24,718,606,118,66,1467,10,3180,3,5,18,20,138,289,12,922,10,15,48,738,75,111,205,7,350,93 1,1,1,1,1,1,1,1,1,1,1,1,1,1,1,1,1,1,1,1,1,1,1,1,1,1,1
783,6,65,28,1749,626,312,2422,3,5,12,475,10,24,1210,3072,9,1211,22,69,8,3,18,20,98,138,267,228,7,3306,9,2010,5,647,8 1,1,1,1,1,1,1,1,1,1,1,1,1,1,1,1,1,1,1,1,1,1,1,1,1,1,1,1,1,1,1,1,1,1,1
2014,19,31628,18,1749,3969,3,115,10,31629,3,1263,27,16927,12,6,495,19,31630,3,1151,1210,1126 1,1,1,1,1,1,1,1,1,1,1,1,1,1,1,1,1,1,1,1,1,1,1
63,587,5,336,587,143,943,3,5,28,20,126,19,10013,3,1433,5,3110,3,5,688,10,1180,2231,81,7,182,135,282,80,39,30,151,78,47,383,29,353,179,142,1220,403,7,2325,971,9,78,840,29,171,87,183,139,15,2396,8,667,13,59,657,822,3,110,7006,80,591,30,2396,59,7006,95,1356,264,1165,9,6152,8,504,1027,1504,3,11,621,260,3,565,1504 1,1,1,1,1,1,1,1,1,1,1,1,1,1,1,1,1,1,1,1,1,1,1,1,1,1,1,1,1,1,1,1,4,1,1,1,1,1,1,7,1,1,1,1,1,1,1,1,1,1,1,1,1,1,1,1,1,1,1,1,1,1,1,1,1,1,1,1,1,1,1,1,1,1,1,1,1,1,1,1,1,1,1,1,1,1,1
1505,559,1273,42 1,1,1,1
504,10,170,2220,765 1,1,1,1,1
3031,1973,1420,150,30,4481,78,47,383,29,117,3942,5155,78,47,383,29,403,7,1436,130,164,9,367,2911,76,8,2603,78,47,383,29,175,1020,13,155,373,727,78,47,383,29,36,723,5,58,491,3,233,244,1623,206,30,207,78,47,383,29,79,245,43,2317,19,6,2287,1109,7,15,1422,3,13,24,491,5,723,19,6,2828,5,2433,1109,7,6,5649 1,1,1,1,1,1,1,1,1,1,1,1,1,1,1,1,1,1,1,1,1,1,1,1,1,1,1,1,1,1,1,1,1,1,1,1,1,1,1,1,1,1,1,1,1,1,1,1,1,1,1,1,1,1,1,1,1,1,1,1,1,1,1,1,1,1,1,1,1,1,1,1,1,1,1,1,1,1,1,1,1,1,1,1
175,7,24,727,14,712,13,24,27,233,85 1,1,1,1,1,1,1,1,1,1,1
699,78,47,383,29,6,28,90,699,157 14,14,14,14,14,14,14,14,14,14
541,78,47,383,29,6,28,90,95,541,157 1,1,1,1,1,1,1,1,1,1,1
1113,357,78,47,383,29,6,28,90,80,5,61,157,7,1113,357 1,1,1,1,1,1,1,1,1,1,1,1,1,1,1,1
3743,1105,780,78,47,383,29,874,1105,39,19,168,176,947,478,9,203,8,547,22,25,32,178,1212,9,729,8,1945,22,25,32,195,274,447,22,25,276,253,800,9,236,8,141,22,25,32,346,512,7004,9,3120,7005,6099,8,36,298,25,32,460,2131,456,9,950,8,231,22,25,69,652,2326,1547,462,22,25,69,833,932,9,289,8,2810,25,32,1491,22,605,5,382,22,608,995,1712,456,9,16911,8,279,1337,25,32,1079,6803,9,3072,8,1211,25,69,1477,3552,9,2114,45,8,58,298,25,32,102,101,316,4,292,31631,364,2327,148,13827,716,215,2573,2060,42,19,13384,1929,207,78,47,383,29,522,1417,12,859,3,598,31632,3,4187,233,114,3,16928,12,469,227,78,47,383,29,1172,3,1121,29,863,3,665,29,1124,797,3,11,4827,1050,29,1239,2638,5,1110,97,685,3,1296,3,26,243,136,33,11,908,3,44,687,97,240,29,576,917,29,216,133,217,100,29,11,216,222,29,6,3038,14,1017,350,78,47,383,29,416,876,27,394,649,103,78,47,383,29,2254,29,304,5,310,44,29,11,213,3,502,26,561,29,11494,12,6,114,100,214,78,47,383,29,152,3,2045,29,979,97,1482,5,1641,29,44,326,327,29,11,240,26,1128,114,78,47,383,29,617,5,3776,29,11,743,3,750,3,26,93,273,78,47,383,29,79,855,2072,10,2222,3,775,10,96,1965 1,1,1,1,1,1,1,1,1,1,1,1,1,11,11,1,11,1,1,1,1,1,1,20,20,20,20,1,1,1,1,1,9,1,1,1,1,1,12,12,12,12,1,1,1,1,1,1,1,1,1,1,1,1,1,1,1,1,1,1,1,1,1,1,1,1,1,1,1,1,1,1,1,1,1,1,1,1,1,1,1,1,1,1,1,1,1,1,1,1,1,1,1,1,1,1,1,1,1,1,1,1,1,1,1,1,1,1,1,1,1,1,1,1,1,1,1,1,1,1,1,1,1,1,1,1,6,6,1,1,1,1,1,1,1,1,1,1,1,1,1,1,1,1,1,1,1,1,1,1,1,1,1,1,1,1,1,1,1,1,1,1,1,1,1,1,1,1,1,1,1,1,1,1,1,1,1,1,1,1,1,1,1,1,1,1,1,1,1,1,1,1,1,1,1,1,1,1,1,1,1,1,1,1,1,1,1,1,1,1,1,1,1,1,1,1,1,1,1,1,1,1,1,1,1,1,1,1,1,1,1,1,1,1,1,1,1,1,1,1,1,1,1,1,1,1,1,1,1,1,1,1,1,1,1,1,1,1,1,1,1,1,1,1,1,1,1,1,1,1,1,1,1,1,1,1,1,1,1,1,1,1,1,1,1,1,1,1,1,1,1,1,1,1,1,1,1,1,1,1,1
1755,1226,170,2670,5,114,7552 1,1,1,1,1,1,1
18,41,4283,66,34,855,3,753,312,2209,13,59,248,5,187,303 1,1,1,1,1,1,1,1,1,1,1,1,1,1,1,1
196,78,47,383,29,742,1647,19,187,657,944,161,78,47,383,29,410,5,642,123,117,457,4152,4152,4152,5959,12410,12411,7614,12412,705,3702,2451,2152,592,2871,9,59,8,1853,2316,869,231,2073,231,769,5861,6604,5098,392,279,1299,581,888,11501,8461,6697,1680,2470,9,292,8,2381,9,292,8,78,840,29,335,9,292,8,870,5067,9,83,8,5727,9,83,8,4770,9,83,8,4654,9,83,8,1568,680,9,83,8,996,539,399,3878,9,59,8,3390,3729,9,59,8,1179,2282,9,59,8,2282,9,59,8,22,955,1537,1077,1932,9,83,8,1791,829,9,83,8,1506,3315,1388,1646,1938,2316,1565,581,1527,1294,9,83,8,1566,2073,9,83,8,4376,4152,12411,1207,14271,4594,31633,9769,5713,9,83,8,9770,171,9771,13386,9,83,8,7102,4617,16929,1618,4152,7614,4152,4152,4152,5959,12410,16930,7614,12412,897,31634,9,83,8,31635,9,83,8,31636,9,83,8,31637,9,83,8,1336,2906,2807,2105,3766,122,402,829,122,402,3169,12397,9,83,8,10566,9,83,8,3058,4152,4152,4152,5959,5959,12410,12411,7614,15160,12412,349,5595,9,83,8,4044,9,83,8,12153,9,83,8,5081,9,83,8,734,10358,9,59,8,31638,9,59,8,15948,9,59,8,31639,9,59,8,560,2931,9,59,8,3344,9,59,8,6761,9,59,8,4808,9,59,8,1945,9,59,8,333,6516,9,59,8,7290,9,59,8,5390,9,59,8,16931,9,59,8,653,1437,2054,1437,1437,786,6604,7290,7659,6123,823,4414,7351,7258,7296,536,5782,4770,5713,4881,795,5087,9,83,8,5847,5087,9,83,8,5070,2749,370,1125,1277,42,1209,1322,9,83,8,42,577,996,9,59,8,42,847,210,42,830,519,42,864,519,2649,31640,9,83,8,2650,31641,2701,8993,2702,3809,9,59,8,2703,2873,1661,200,1577,200,2599,200,1971,200,4152,5959,31642,14239,2585,1706,1706,3606,91,91,2452,72,565,2736,72,72,2635,565,72,2920,31643,31644,2372,1508,433,1838,2482,1945,2858,433,433,3185,72,72,2453,72,72,1886,72,72,3354,78,840,29,231,1323,3186,3014,1323,3786,4488,1323,7945,2936,7423,61,7860,122,402,122,402,2330,63,587,4,11,5338,336,587,4,11,5338,1340,264,506,339,4,100,350,93,3,312,1525,306,31645,177,417,775,10,564,517,7,79,78,47,966,29,73,2006 1,1,1,1,1,1,1,1,1,1,1,1,1,1,1,1,1,1,1,1,1,1,1,1,1,1,1,1,1,1,1,1,1,1,1,1,1,1,1,1,1,1,1,1,1,1,1,1,1,1,1,1,1,1,1,1,1,1,1,1,1,1,1,1,1,1,1,1,1,1,1,1,1,1,1,1,1,1,1,1,1,1,1,1,1,1,1,1,1,1,1,1,1,1,1,1,1,1,1,1,1,1,1,1,1,1,1,1,1,1,1,1,1,1,1,1,1,1,1,1,1,1,1,1,1,1,1,1,1,1,1,1,1,1,1,1,1,1,1,1,1,1,1,1,1,1,1,1,1,1,1,1,1,1,1,1,1,1,1,1,1,1,1,1,1,1,1,1,1,1,1,1,1,1,1,1,1,1,1,1,1,1,1,1,1,1,1,1,1,1,1,1,1,1,1,1,1,1,1,1,1,1,1,1,1,1,1,1,1,1,1,1,1,1,1,1,1,1,1,1,1,1,1,1,1,1,1,1,1,1,1,1,1,1,1,1,1,1,1,1,1,1,1,1,1,1,1,1,1,1,1,1,1,1,1,1,1,1,1,1,1,1,1,1,1,1,1,1,1,1,1,1,1,1,1,1,1,1,1,1,1,1,1,1,1,1,1,1,1,1,1,1,1,1,1,1,1,1,1,1,1,1,1,1,1,1,1,1,1,1,1,1,1,1,1,1,1,1,1,1,1,1,1,1,1,1,1,1,1,1,1,1,1,1,1,1,1,1,1,1,1,1,1,1,1,1,1,1,1,1,1,1,1,1,1,1,1,1,1,1,1,1,1,1,1,1,1,1,1,1,1,1,1,1,1,1,1,1,1,1,1,1,1,1,1,1,1,1,1,1,1,1,1,1,1,1,1,1,1,1,1,1,1,1,1,1,1,1,1,1,1,1,1,1,1,1,1,1,1,1,1,1,1,1,1,1,1,1,1,1,1,1,1,1,1,1,1,1,1,1,1,1,1,1,1,1,1,1,1,1,1,1,1,1,1,1,1,1,1,1,1,1,1,1,1,1,1,1,1,1,1,1,1,1,1,1,1,1
186,312,5444,3,177,20,1108,3,11,199,563,26,292,804,84 1,1,1,1,1,1,1,1,1,1,1,1,1,1,1
192,5,104,1421,379,522,13,15,674,7,151,3,142,3,170,958,5,30,7,667,61,13,6420,3335,5,7710,822,3,132,13,301,249,3,2670,5,1267 1,1,1,1,1,1,1,1,1,1,4,1,7,1,1,1,1,1,1,1,1,1,1,1,1,1,1,1,1,1,1,1,1,1,1,1
483,47,36,4,249,5,2006 1,1,1,1,1,1,1
1154,158,411,3,697,3,7711,26,10000,771 1,1,1,1,1,1,1,1,1,1
15,807,7,16927,13,11,1375,2366,1085,109,810,411,753,602,166,3,313,28,41,52,343,3260,13,1433,3,3110,5,10013,17,284,124,6102,1834,854,26,4025 1,1,1,1,1,1,1,1,1,1,1,1,1,1,1,1,1,1,1,1,1,1,1,1,1,1,1,1,1,1,1,1,1,1,1,1
62,2870,41,52,1101,134,92,368,52,3720,359,97,6980,6,28,78,47,966,29,73,386,161,3,5,12,6,3157,7,6,28,78,47,966,29,73,2006 1,1,1,1,1,1,1,1,1,1,1,1,1,1,1,1,1,1,1,1,1,1,1,1,1,1,1,1,1,1,1,1,1,1,1,1
12,6,3157,7,95,370,3072,3,3306,5,2655,3,92,14,98,284,37,28,550,46,1275,10000,771,26,16932,1759,771,3,75,550,1509,6,28,78,47,966,29,73,185,897,3,185,349,3,185,1228,3,114,365,807,5,2006,13,2670 1,1,1,1,1,1,1,1,1,1,1,1,1,1,1,1,1,1,1,1,1,1,1,1,1,1,1,1,1,1,1,1,1,1,1,1,1,1,1,1,1,1,1,1,1,1,1,1,1,1,1,1,1,1
86,10,96,1697,3,897,3,836,381,228,7,1405,17,31646,1358,233,16932,9,2230,5,2323,8,86,907,3,439,587,483,47,58,4,317,1016,7710,822,5,6420,10100,822 1,1,1,1,1,1,1,1,1,1,1,1,1,1,1,1,1,1,1,1,1,1,1,1,1,1,1,1,1,1,1,1,1,1,1,1,1,1,1
1107,12,872,6874,3,355,10100,822,39,483,47,117,4,151 1,1,1,1,1,1,1,1,1,1,1,1,1,4
86,7212,5,1825 1,1,1,1
483,47,210,4,494 1,1,1,1,1
86,10,96,333,5,450,1647,19,187,1423,31647,971,4,4367,3,7028,326,4,950,3,2114,167,726,4,296,726,9,235,86,13,150,8,3042,31648,5736,3,229,3,2055,710,47,31649 1,1,1,1,1,1,1,1,1,1,1,1,1,1,1,1,1,1,1,1,1,1,1,1,1,1,1,1,1,1,1,1,1,1,1,1,1,1,1,1,1,1
