67,54,4,31784,12419,2012,436,599,16944,1993,124,793,147,106,148,19,953,43,12187,31785,9,16949,8,33,693,31786,7,1370,664,43,12187 1,1,1,1,1,1,1,1,1,1,1,1,1,7,6,6,6,6,6,6,1,1,1,1,1,1,1,1,1,1,1
148,4903,43,271,123,58,141,5,558,1644,525,405,112,33,16949 6,6,6,6,1,1,1,1,1,1,1,1,1,1,1
791,1893,669,22,58,305,5,218,125,22,105,35,60,35,932,125,22,105 1,9,1,1,1,1,1,13,1,1,1,1,1,1,1,1,1,1
11,1636,82,3,48,34,3,437,3,760,26,31787 1,1,1,1,1,1,1,1,1,1,1,1
11,84,12,3806,93,9,31788,8 1,1,1,1,1,1,1,1
11,199,342,3,316,205,35,55,3,11,910 1,1,1,1,1,1,1,1,1,1,1
438,184,327,9,59,8,649,693,11,205,7,31789 1,1,1,1,1,1,1,1,1,1,1,1
409,1630,3,455,3,409,304,5,310 1,1,1,1,1,1,1,1,1
1710,2409,27,649,968,584 1,1,1,1,1,1
11,502,3,561,3,2443 1,1,1,1,1,1
362,4,152,3,952,9,329,8,588,11,240,26,969 1,1,1,1,1,1,1,1,1,1,1,1,1
433,2215,3806,93,10,443,5435,100 1,1,1,1,1,1,1,1
4184,4,16187,148,693,4884,27,839,9,602,306,4903,8,134,31,2536,9,602,306,3655,8 1,1,1,1,1,1,1,1,1,1,1,1,1,1,1,1,1,1,1,1,1
96,968,88,84,17,132 1,1,1,1,1,1
1498,1268,58,3134,7,3806,31790 1,1,1,1,1,1,1
116,265,186,3945,2051 1,1,1,1,1
11,1044,246,26,3887,246 1,1,1,1,1,1
3806,628,1006,3,3593,31791 1,1,1,1,1,1
9,33,8,9490,100 1,1,1,1,1
415,2439 1,1
409,700 1,1
4184,4,116,5,77,372,1287,1365,1044,260,66,374,2682,9,98,21,374,875,31792,260,8 1,1,1,1,1,1,1,1,1,1,1,1,1,1,1,1,1,1,1,1,1
119,81,422,703,1692,7,40,1363,313,31,681,10,2865,174,306,79,5,3,134,116,170,2643,3,31793 1,1,1,1,1,1,1,1,1,1,1,1,1,1,1,1,1,1,1,1,1,1,1,1
2562,10,96,3117,33,1260,157,23,2515,5,368,510,10,2516,17,484,1911,31794,408,10,527,10,575,31795,116 1,1,1,1,1,1,1,1,1,1,1,1,1,1,1,1,1,1,1,1,1,1,1,1,1
199,153,371,3,30,7,1044,260,31796,136,241,27,6419,111,211,141,643,1390,789,10,6,12414,1178,295,12,170,2934,260,220,1044,1850,1769,313,79,31797 1,1,1,1,1,1,1,1,1,1,1,1,1,1,1,1,1,1,1,1,1,1,1,1,1,1,1,1,1,1,1,1,1,1,1
21,68,221,43,4142,220,1260,10,791,96,3117,5,157,875,6874,186,1127,290,10,341,7,1373,134,16,546,667 1,1,1,1,1,1,1,1,1,1,1,1,1,1,1,1,1,1,1,1,1,1,1,1,1,1
81,461,5,31798,220,79 1,1,1,1,1,1
1870,43,551,5,723,3,2939 1,1,1,1,1,1,1
233,57,12,31799,425 1,1,1,1,1
93,11,5648,84,12,433,3806,93,19,932,125,22,105 1,1,1,1,1,1,1,1,1,1,1,1,1
144,4087,89,5,41,118,932,10,171,22,31800,12,36,2106 1,1,1,1,1,1,1,1,1,1,1,1,1,1
174,147,436,936,21,31801,5441,1089,220,271 1,1,1,1,1,1,1,1,1,1
1260,10,468,772,10,40,1089 1,1,1,1,1,1,1
84,10,39,40,31802,171,22,36,105,9,2426,5186,8,102,77,63,94,4903,53,983,742,2496 1,1,1,1,1,1,1,1,1,1,1,1,1,1,1,6,6,6,6,6,6,6
133,382,140,5771,79,2160,138,19,39,157,1988,518,915,29,254,1003,81,29,1356,339,29,154,1855,29,516,104,29,404,10,454,1007,29,1007,2446,1240,29,436,936,483,29,1679,254,31803,138 1,1,1,1,1,1,1,1,1,1,1,1,1,1,1,1,1,1,1,1,1,1,1,1,1,1,1,1,1,1,1,1,1,1,1,1,1,1,1,1,1,1,1,1
11083,5956,3,229,607,161,4,603 1,1,1,1,1,1,1,1
