67,54,4,31861,7495,3,4062,12422,31862,6020,852,2908,3,107 1,1,1,1,1,1,1,1,1,1,1,1,1,1
31863,31864,15748,12423,609,3,3377,16955,7712,3,4970,7713,882,64,2908,4,119,38,6,1174,7,122,40,28,89,12,903,7,23,761,7,31865 1,1,1,1,1,1,1,1,1,1,1,1,1,1,1,1,1,1,1,1,1,1,1,1,1,1,1,1,1,1,1,1
16,14,191,334,60 1,1,1,1,1
74,57,11,380,234,7,437,26,48,453 1,1,1,1,1,1,1,1,1,1
16,14,49,23,39,97,147,5,90,249,3,263,3,277,26,446 1,1,1,1,1,1,1,1,1,1,1,1,1,1,1,1
16,2483,271,23,63,94,27,163,57,35,365,35,8058,12,6,495,589,894,10,6,2019,589,12,6,744 1,1,1,29,29,29,29,29,29,29,29,29,29,29,29,29,29,29,29,29,29,29,29,29,29
23,137,39,57,886,5,158,4969,2217,22,1047,3,706,558,22,105,3,3140,36,2189,1047,3,203,462,22,105,3,1999,2053,628,175,45,909,174,65,3,512,5,752,487,175,45,1047,3,1812,3815,3449,22,3302 1,1,1,1,1,1,1,1,1,1,1,1,1,1,1,1,1,1,1,1,1,1,11,1,1,1,1,1,1,1,1,1,1,1,1,1,1,1,1,1,1,1,1,1,20,1,1,1,1
5,1491,5742,3,960,165,125,189,27,1350,3,1184,2994,501,22,1047,3,906,105,3,930,231,22,2739,3,1884,165,3448,3,2997,12427,108,1633,6342,3,1118,171,22,105,3,6227,7310,22,105,3,752,872,501,22,1047,3,5,752,1828,1582,22,1208 1,1,1,1,8,8,1,1,1,1,1,1,1,1,1,1,1,1,1,1,1,1,1,1,1,8,8,1,1,1,1,1,1,1,1,1,1,1,1,1,1,1,1,1,1,1,1,1,1,1,1,1,1,1,1,1,1
19,77,3,16,981,1328 1,1,1,1,1,1
23,63,94,14,31866,417,3,12007,19,390 6,6,6,6,6,6,6,6,6,6
23,130,156,14,7331,16,3385,6871,624 1,1,1,1,1,1,1,1,1
23,413,5,136,101,14,569 1,1,1,1,1,1,1
23,715,94,57,602,306,539,632,7,1599 1,1,1,1,1,1,1,1,1,1
6,155,57,91 1,1,1,1
6,103,77,275,15,2254,239,13,11,502,3,213,26,561 1,1,1,1,1,1,1,1,1,1,1,1,1,1
6,214,14,569 1,1,1,1
23,2734,591,774,57,60,1064 1,1,1,1,1,1,1
23,114,57,617,97,93 1,1,1,1,1,1
31867,14,639,17,338,1267,27,2667,1611,135,435,3,128,1452,563,84 1,1,1,1,1,1,1,1,1,1,1,1,1,1,1,1
16,526,70,130,593,5,862,89 1,1,1,1,1,1,1,1
23,70,585,94,20,346,23,3898,94,20,3201,23,1444,94,143,31868,13,15,3082,7,5906,6,862,295,57,401,27,6,85,7,40,533 1,1,1,1,1,1,1,1,1,1,1,1,1,1,1,1,1,1,1,1,1,1,1,1,1,1,1,1,1,1,1,1
12,1351,3,6,28,14,191,60,132,1062,113,139,103,761 1,1,1,1,1,1,1,1,1,1,1,1,1,1
119,41,52,810,84,10,23,4441,389,35,533,43,6,295,7,23,63,285,5,862 1,1,1,1,1,1,1,1,1,1,1,1,1,1,1,1,1,1,1,1
92,14,244,31869,10,122,1667,60,16,14,191 1,1,1,1,1,1,1,1,1,1,1
119,41,52,1671,10,2842,360,19,15,145,1721 1,1,1,1,1,1,1,1,1,1,1
1015,3,497,5198,1637,16242,3,107 1,1,1,1,1,1,1,1
746,31870,7942,426,4,12424,6676,107 1,1,1,1,1,1,1,1
9830,7653,8397,5662,124,117,4303,1073,7712,3,4970,7713,806,4,12428,825,4,12428,843,4,12428 1,1,1,1,1,1,1,1,1,1,1,1,1,1,1,1,1,1,1,1,1
