67,54,4,31852,960,5,1884,165,5331,176,144,63,366,397,911,5,27,1350 1,1,1,1,8,8,8,8,1,1,1,1,1,1,1,1,1,1
12,475,3,128,911,360,208,1081,10,144,844,63,366,9,63,345,26,2023,8,36,552,139,49,844,1884 1,1,1,1,1,1,1,1,1,1,1,1,1,1,1,1,1,1,1,1,1,1,1,1,8
134,92,14,225,850,360,208,160,10,49,312,1884,13,911,26,377,844,4080,1278 1,1,1,1,1,1,1,1,1,1,1,8,1,1,1,1,1,1,1
360,191,31,46,10,191,40,27,909,911,5,360,368,1755,911,1988,65 1,1,1,1,1,1,1,1,1,1,1,1,1,1,1,1,1
17,8115,4,880,144,397,5,139,1429,29,3291,33,3059,29,3144,33,2204,3,2314 1,1,1,1,1,1,1,1,1,1,1,1,1,1,1,1,1,1,1
178,52,198,7,6,1432,7,4080,9,31853,3,31854,3,31855,3,5145,3,2314,8,360,724,27,1231,911,5,1226,911 1,1,1,1,1,1,1,1,1,1,1,1,1,1,1,1,1,1,1,1,1,1,1,1,1,1,1
527,10,3076,223,335,8906 1,1,1,1,1,1
135,911,5,558,8906 1,1,1,1,1
17,4924 1,1
195,6,839,17,844,63,366,186,360,299,115,12,6,495,5,397,911,14,31856,3,36,552,139,49,1884,9,27,6,126,7,6,911,8,92,14,602,306,1618,3,5,27,1350,231,10,1618 1,1,1,1,1,1,1,1,1,1,1,1,1,1,1,1,1,1,1,1,1,1,1,1,8,1,1,1,1,1,1,1,1,1,1,1,1,1,1,1,1,1,1,1,1
253,844,165,208,160,1237,170,85,397,2450,839,368,52,1818 1,1,1,1,1,1,1,1,1,1,1,1,1,1
186,288,360,208,160,312,4423,26,602,1884,13,911 1,1,1,1,1,1,1,1,1,8,1,1
9615,165,4,960,9,165,2755,8,49,31857,189,27,1350 1,1,1,8,1,1,1,1,1,1,1,1,1
191,31,2391,13,88,174,165 1,1,1,1,1,1,1
960,126,10,285,12,223,36,523,5,99,223,900,552 8,1,1,1,1,1,1,1,1,1,1,1,1
92,21,11,1263 1,1,1,1
134,844,772,63,366,17,267,26,312,495,14,312,306,1491,3,118,844,960,43,58,189,27,6,441,228 1,1,1,1,1,1,1,1,1,1,1,1,1,1,1,1,1,8,1,1,1,1,1,1,1
134,92,14,312,306,1618,17,267,495,286,118,43,210,189,27,6,441,228 1,1,1,1,1,1,1,1,1,1,1,1,1,1,1,1,1,1
134,844,772,63,366,14,602,306,586,286,377,844,441,228,7,960,43,58,10,210,189 1,1,1,1,1,1,1,1,1,1,1,1,1,1,1,8,1,1,1,1,1
9953,165,4,1884,49,680,189,7,1884,13,1429,3,320,189,13,3059,3,5,141,189,13,2204,9,454,484,1210,228,408,8,630,558,435,7,126,724,844,911 1,1,1,8,1,1,1,1,8,1,1,1,1,1,1,1,1,1,1,1,1,1,1,1,1,1,1,1,1,1,1,1,1,1,1,1,1
191,31,49,1210,228,134,31,724 1,1,1,1,1,1,1,1
1884,126,10,285,12,558,435,5,99,223,58,552 8,1,1,1,1,1,1,1,1,1,1,1
92,1263,12,223,36,552 1,1,1,1,1,1
360,160,10,724,2643,4423,10,1495,40,165,26,360,41,46,15,266,63,366 1,1,1,1,1,1,1,1,1,1,1,1,1,1,1,1,1,1
134,63,366,14,601,382,49,844,1210,228,26,1315,1024 1,1,1,1,1,1,1,1,1,1,1,1,1
134,601,335,191,31,49,1210,228 1,1,1,1,1,1,1,1
49,1884,1315,1024,9,998,8,12,475,10,1210,228,1884,27,12425,134,63,366,14,2217,33,850,49,58,189,312,850,33,669,49,117,189,312,4782,33,1592,49,210,189,312,6369,33,1142,49,320,189,312,5332,33,4256,49,615,189,312,442,6936,49,141,189,312,5,454,229,134,63,366,21,31,377,26,21,118,139,58,552 1,8,4,4,4,4,4,4,4,4,4,4,8,1,1,1,1,1,1,1,1,1,1,1,1,1,1,1,1,1,1,1,1,1,1,1,1,1,1,1,1,1,1,1,1,1,1,1,1,1,1,1,1,1,1,1,1,1,1,1,1,1,1,1,1,1,1,1,1,1,1,1,1,1,1
1350,365,63,366,4,134,844,63,366,27,1350,14,1470,306,669,49,1884,43,6,1315,1024,998,12,475,10,960 1,1,1,1,1,1,1,1,1,1,1,1,1,1,1,1,8,1,1,1,1,1,1,1,1,8
191,31,2391,6,267,165 1,1,1,1,1,1
191,31,49,1210,228,165,27,1350 1,1,1,1,1,1,1,1
46,844,63,366,144,36,10,58,552,139,49,1884,27,1350,10,810,1671,360,46,887,2715,1520,266 1,1,1,1,1,1,1,1,1,1,1,8,1,1,1,1,1,1,1,1,1,1,1
134,360,57,998,382,286,46,15,4924,5,4129,10,659,360,225,597,495 1,1,1,1,1,1,1,1,1,1,1,1,1,1,1,1,1
134,1350,63,366,14,4782,33,1592,49,58,189,6369,33,1142,49,117,189,5332,33,4256,49,210,189,395,96,115,13,844,10084,26,747,198,3492,12,1014,113 1,1,1,1,1,1,1,1,1,1,1,1,1,1,1,1,1,1,1,1,1,1,1,1,1,1,1,1,1,1,1,1,1,1,1,1
1606,40,3490,5,844,63,366,295,66,6,85,360,143,261 1,1,1,1,1,1,1,1,1,1,1,1,1,1
17,2259,147,26,664,223,844,63,366,26,165,454,31858,5,773,17,6,1167,1605 1,1,1,1,1,1,1,1,1,1,1,1,1,1,1,1,1,1,1
46,6418,47,31859,1167,9,6,71,4109,10581,41,454,360,188,134,360,2718,15,6049,8 1,1,1,1,1,1,1,1,1,1,1,1,1,1,1,1,1,1,1,1
360,208,98,527,808,710,11954,9,31860,8,51,50,272,31,2283,1382 1,1,1,1,1,1,1,1,1,1,1,1,1,1,1,1
2420,11790,3,13711,3,16395,12426,258,124,71,355,594 1,1,1,1,1,1,1,1,1,4,4,4
