67,54,4,31967,5214,3,7714,281,297,424,3,3377,832,7820,427,198,599,3,2163,1109,3,702,16308,7715,4500,3,8416,3,31968,684,4,16979,12440,31969,168,55,1733,379,428,13,1345,248,474,17,170,113,29,132,13,36,113,7,1111,59,442,1252,147,4,71,31970,560,31971,31972,2141,179,287,209,153,371,1054,1874,494,127,4,11,374,357,127,39,4,752,487,945,189,25,105,1286,141,22,25,69,49,10302,397,911,8032,58,22,397,1231,911,58,113,1918,10472,4201,890,953,2326,1547,901,25,69,218,171,22,25,105,729,515,25,105,610,799,25,49,117,298,956,15,65,4361,515,25,608,49,13,1199,932,125,22,25,105,2533,462,22,25,105,150,30,4,18,20,3682,12,7715,4500 1,1,1,1,1,1,1,1,1,1,1,1,1,1,1,1,1,1,1,1,1,1,1,1,1,1,1,1,1,1,1,1,1,1,1,1,1,1,1,1,1,1,1,1,1,1,1,1,1,1,1,1,1,1,1,1,1,1,4,1,41,41,1,1,1,15,1,1,1,1,1,1,1,1,1,1,1,1,1,1,1,1,1,1,1,1,21,1,1,1,1,1,1,1,1,1,1,1,1,1,1,1,1,1,1,1,1,1,1,1,1,1,1,13,1,1,1,1,20,1,1,1,9,1,1,1,1,1,1,1,1,12,1,1,1,1,1,1,1,1,1,1,1,11,1,1,1,1,1,1,1,1,1,1,1,1,1
18,38,1811,727,29,939,7,1485,57,3138,3,233,245,12,6,548 1,1,1,1,1,1,1,1,1,1,1,1,1,1,1,1
1037,583,12,6338,573,38,3395,82,76 1,1,1,1,1,1,1,1,1
848,38,567,373,27,6,440,7,5414,206,30,4,86,10,299,319,10,6,4416,2272,599,3,708,19,175,65 1,1,1,1,1,1,1,1,1,1,1,1,1,1,1,1,1,1,1,1,1,1,1,1,1,1
12,6,1826,3,18,86,10,299,319,3,2767,10,12327,5,86,10,52,244,308 1,1,1,1,1,1,1,1,1,1,1,1,1,1,1,1,1,1,1
18,299,319,6665 1,1,1,1
18,14,244,308 1,1,1,1
491,57,244,858,13,24 1,1,1,1,1,1
119,46,2715,225,12,402,19,40,112,355,233,7,24,483 1,1,1,1,1,1,1,1,1,1,1,1,1,1
86,10,530,10,6,743,27,31973,544,85,15,113 1,1,1,1,1,1,1,1,1,1,1,1
81,7,182,4,11,84,12,326,1215,3,600,18,14,15,1103,1928,648 1,1,1,1,1,1,1,1,1,1,1,1,1,1,1,1,1
336,3,11,1235,26,798,1748,116 1,1,1,1,1,1,1,1
103,4,11,48,34,3,226,7,184,3,760,3,26,739 1,1,1,1,1,1,1,1,1,1,1,1,1,1
350,3,11,407,26,1234,116 1,1,1,1,1,1,1
227,4,11,1040,26,994,116 1,1,1,1,1,1,1
127,4,11,301,483,13,37 1,1,1,1,1,1,1
273,4,11,301,483 1,1,1,1,1
1808,4,244,2069,223,233,7,6,39,18,21,10,49,92,35,18,20,3881,3,121,636,160,1746 1,1,1,1,1,1,1,1,1,1,1,1,1,1,1,1,1,1,1,1,1,1,1
119,527,10,2830,24,5,1858,6,793,7,40,12441,112,19,37,2297,24,198 1,1,1,1,1,1,1,1,1,1,1,1,1,1,1,1,1,1
102,77,4,63,94,4,10583,133,4,2277,140,4,5413,624,668,63,345,1921,4,4838,27,4482,196,4,617,5,683 1,1,1,1,1,1,1,1,1,1,1,1,1,1,1,1,1,1,1,1,1,1,1,1,1,1,1
11,277,136,4,216,3,44,1700,97,222,638,4,577,638,3,11,908,567,4,11,240,3,261,3,26,246,48,4,155,57,2184,91,13,11,407,3,1065,3,26,1116,720,4,11,213,3,502,3,26,561,3,145,156,214,4,396,97,240,114,4,16980,59,2959,97,1375,6493,29,2539,97,246 1,1,1,1,1,1,1,1,1,1,1,1,1,1,1,1,1,1,1,1,1,1,1,1,1,1,1,1,1,1,1,1,1,1,1,1,1,1,1,1,1,1,1,1,1,1,1,1,1,1,1,1,1,1,1,1,1,1,1,1,1,1,1,1,1,1,1,1,1
187,2959,61,51,31,35,170,149,4,401,192,5,104,4,162,17,907,247,7714,5214,3,229,710,47,31974,205,867,43,7714,5214,3,229,607,161,4,603 1,1,1,1,1,1,1,1,1,1,1,1,1,1,1,1,1,1,1,1,1,1,1,1,1,1,1,1,1,1,1,1,1,1,1,1
