67,54,4,15317,281,297,424,12438,1993,124,793,147,436,936,4428 1,1,1,1,1,1,1,1,1,1,1,1,1,1,1
9812,1244,138,12,4401,1574,15,3450,26,838 1,1,1,1,1,1,1,1,1,1
71,324,63,366,46,68,244,232 4,4,1,1,1,1,1,1
425,89,3,92,14,16192,18,1818,13,12439,121,235,899,223,24,71 1,1,1,1,1,1,1,1,1,1,1,1,1,1,1,1
18,514,92,244,575 1,1,1,1,1
353,483,3972 1,1,1
9197,2177,538 1,1,1
106,63,94,681,265,3,4831,139,118,24,39 7,1,1,1,1,1,1,1,1,1,1
40,14,15,1328,265 1,1,1,1,1
186,12439,144,3,24,63,94,20,98,1631,476,27,37,112,3,8810 1,1,1,1,1,1,1,1,1,1,1,1,1,1,1,1
46,24,1854,24,2179,5,98,24,366,12,24,353 1,1,1,1,1,1,1,1,1,1,1,1
308,39,622,647,25,58,298,69,348,3217,501,22,25,69,218,125,22,25,32,274,672,25,32,2533,462,22,25,32,913,279,22,25,32,729,647,25,32,102,101,63,94,4831,140,5118,624,48,155,57,91,720,569,114,91,566,369,14,10,122,271,12,6,667 1,1,21,1,1,1,1,1,17,17,1,1,1,1,13,1,1,1,1,9,1,1,1,11,1,1,1,1,28,1,1,1,1,20,1,1,1,1,1,1,1,1,1,1,1,1,1,1,1,1,1,1,1,1,1,1,1,1,1,1,1,1
55,2687,43,1987,594,3197,1861,208,52,61 1,1,1,1,1,1,1,1,1,1
205,867,43,7714,832,5214,19,4659,856,3,1985 1,1,1,1,1,1,1,1,1,1,1
