67,54,4,32019,6889,1085,7,40,55,14,6,786,318,1141 1,1,1,1,1,1,1,1,1,1,1,1,1,1
1240,182 1,1
233,2842,546,1219,12,4735 1,1,1,1,1,1
4736,1002,1993,16985,499,67,207,55,78,1324,78,1324,78,1324,78,1324,78,1324,78,1324,78,1324,78,1324,4735,55,161,4,205,28,4,5558,3,8690,78,1324,78,1324,542,4,8691,2523,4,16986,3964,4,719,4946,434,4,32020,32021,207,230,55,55,161,4,205,230,6393,54,85,4,16987,32022,40,55,21,68,867,205,43,1931,4296,3,5549,16987,32023,224,1933,607,12,6,230,55,158,4,1931,4296,3,5549,257,4153,259,8586,5189,3,229,257,3002,259,434,7,16988,32024,257,3002,259,730,234,4,307,257,3002,259,32025,719,13,403,7,803,21,38,15,263,855,17,80,129 1,1,1,1,1,1,1,1,1,1,1,1,1,1,1,1,1,1,1,1,1,1,1,1,1,1,1,1,1,1,1,1,1,1,1,1,1,1,1,1,1,1,1,1,1,1,1,1,1,1,1,1,1,1,1,1,1,1,1,1,1,1,1,1,1,1,1,1,1,1,1,1,1,1,1,1,1,1,1,1,1,1,1,1,1,1,1,1,1,1,1,1,1,1,1,1,1,1,1,1,1,1,1,1,1,1,1,1,1,1,1,1,1,1,1,1,1,1,1,1,1,1,1,1,1,1,1,1,1,1
79 1
1031,10,451,668,3257,5,20,933,18,242,31,46,15,32026 1,1,1,1,1,1,1,1,1,1,1,1,1,1
109,768,1166,3008,1181 1,1,1,1,1
11,3986 1,1
11,529,26,13855,34 1,1,1,1,1
640,7,128,32027,51,11,375 1,1,1,1,1,1,1
11,362,34 1,1,1
11,118,474,12,634,26,34 1,1,1,1,1,1,1
79 1
19,163,718,7,32028 1,1,1,1,1
257,3002,259,6956,4,803,3,142,3,151,3,776,3,458,257,3002,259,254,4,1994,4006,4281,9,2359,7008,4281,8,36,1092,1096,69,123,180,65,16989,1212,141,22,9,515,45,49,36,8,25,32,6427,203,9,947,478,8,547,22,9,1026,45,49,36,8,25,32,6427,512,7004,9,3120,7005,6099,8,1592,22,25,305,6427,2456,829,22,9,2400,45,49,36,8,25,305,16989,2131,456,9,950,8,231,22,25,69,16990,2359,965,1318,58,1318,2530,32,6427,165,1686,1643,9855,521,605,397,1429,8692,165,1686,1643,180,189,521,608,397,2204,10111,2541,1341,964,298,125,2365,9,3544,45,3865,49,58,8,25,32,32029,289,9,932,8,382,22,9,1632,45,49,36,8,25,32,6427,10112,9,165,10113,8,180,189,521,276,32030,218,171,22,25,32,32031,5445,141,22,9,515,45,49,36,8,25,32,16991,348,501,22,9,846,45,49,36,8,25,69,6427,906,1953,9,1953,906,8,36,298,25,32,8692,1690,108,5138,462,22,9,1223,108,5465,22,8,1014,298,25,1869,32032,706,108,22,9,647,45,49,36,8,25,32,32033,10114,3999,9,959,1092,3999,8,58,1222,1096,892,167,407,32034,1384,9,3147,8,171,22,9,549,45,609,49,36,8,25,32,16992,2566,9,2655,782,8,125,22,9,378,45,49,36,8,25,32,8692,6803,279,22,9,799,45,49,36,8,25,276,10111,4228,1392,9,9931,1392,8,2936,1633,25,1869,167,263,32035,3552,9,2114,45,8,58,298,25,69,16990,736,141,22,9,515,45,49,36,8,25,276,123,388,65,32036,7716,581,1337,9,32037,2844,32038,49,36,8,1096,32,123,388,65,10111,784,707,9,610,2223,912,964,8,231,22,9,672,2299,2402,49,36,8,25,69,8692,2823,9,4409,9,2823,8,8,2666,22,9,7119,45,49,36,8,25,32,6427,257,3002,259,127,4,1339,9,277,8,4118,9,277,8,1846,9,874,8,257,3002,259,150,403,4,150,30,3357 1,1,1,1,1,1,1,7,1,4,1,15,1,1,1,1,1,1,1,1,1,1,1,1,1,1,1,1,1,1,1,1,1,1,1,20,1,1,1,1,1,1,1,1,1,1,1,11,1,1,1,1,1,1,1,1,1,1,1,1,1,1,1,1,1,1,1,1,1,1,1,1,1,1,1,1,1,1,1,1,1,1,1,1,1,1,1,1,1,1,1,1,1,1,1,1,1,1,1,1,1,1,1,1,1,8,8,1,1,1,1,1,1,1,8,8,1,1,1,1,1,1,1,1,1,1,1,1,1,1,1,1,1,1,1,1,1,1,1,1,1,1,1,1,1,1,1,1,1,1,1,1,1,1,1,8,1,8,1,1,1,1,1,1,1,13,1,1,1,1,1,1,1,1,1,1,1,1,1,1,1,1,1,17,1,1,1,1,1,1,1,1,1,1,1,1,1,1,1,1,1,1,1,1,1,1,1,1,1,1,1,1,1,1,1,1,1,1,1,1,1,1,1,1,1,1,1,1,1,1,1,1,1,1,1,1,1,1,1,1,1,1,1,1,1,1,1,1,1,1,1,1,1,1,1,1,1,1,1,1,1,1,1,1,1,1,1,1,1,1,1,1,1,1,1,1,1,1,1,1,1,1,1,1,1,1,1,1,1,1,1,1,1,1,1,1,1,1,1,1,1,1,1,1,1,1,1,1,1,1,1,1,1,1,1,12,1,1,1,1,1,1,1,1,1,1,1,1,1,1,1,1,1,1,1,1,1,1,1,1,1,1,1,1,1,1,9,9,1,1,1,1,1,1,1,1,1,1,1,1,1,1,1,1,1,1,34,1,1,1,34,1,1,1,1,1,1,1,1,1,1,1,1,1,1,1,1,1,1,1,1,1,1,1,1,1,1,1,1,1,1,1,1,1,1,1,1,1,1,1
257,3002,259,206,403,4,334,238,141,87,183 1,1,1,5,5,5,5,5,5,5,5
257,3002,259,579,4,207,4,11,173,461 5,5,5,1,1,1,1,1,1,1
1754,4,11,173,461 1,1,1,1,1
3967,4,11,173,461 1,1,1,1,1
5775,4,11,173,461 1,1,1,1,1
3219,4,122,282 1,1,1,1
612,4,11,173,461 1,1,1,1,1
5427,4,122,282 1,1,1,1
9131,4,11,173,461 1,1,1,1,1
352,4,11,173,461 1,1,1,1,1
257,3002,259,102,77,4,316,4,292,4,6746,257,3002,259,364,4,1652,257,3002,259,148,4,13828,257,3002,259,716,4,125,257,3002,259,2573,4,231,42,19,8361,257,3002,259,207,4,28,14,980,5,410 1,1,1,1,1,1,1,1,1,1,1,1,1,1,1,1,1,1,1,1,1,1,1,1,1,1,1,1,1,1,1,1,1,1,1,1,1,1,1,1,1,1,1,1,1,1,1,1
28,14,642,1200 1,1,1,1
257,3002,259,3967,4,6,413,14,1172,5,1121 1,1,1,1,1,1,1,1,1,1,1
6,1055,57,877,978,5,1115,10,691 1,1,1,1,1,1,1,1,1
257,3002,259,2802,4,28,82,2065,14,204 1,1,1,1,1,1,1,1,1,1
6,1561,1313,57,1110 1,1,1,1,1
257,3002,259,136,4,6,136,14,332 1,1,1,1,1,1,1,1,1
6,136,21,15,16993,7,759 1,1,1,1,1,1,1
257,3002,259,3219,4,500,737,656,13,717,407,100 1,1,1,1,1,1,1,1,1,1,1,1
257,3002,259,612,4,6,130,327,46,15,44,2744 1,1,1,1,1,1,1,1,1,1,1,1
6,130,14,145,156,5,239 1,1,1,1,1,1,1
257,3002,259,4947,4,6,214,14,396,5,1763 1,1,1,1,1,1,1,1,1,1,1
214,14,152 1,1,1
257,3002,259,1058,4,100,634,93 1,1,1,1,1,1,1,1
257,3002,259,196,4,6,28,82,196,14,204 1,1,1,1,1,1,1,1,1,1,1
257,3002,259,1154,32039,719,13,403,7,803,13,95,506,72,17,1353,51,77,1287,803,1302 1,1,1,1,1,1,1,1,1,1,1,1,1,1,1,1,1,1,1,1,1
257,3002,259,16994,262,16995,607,434,7,16988,32040,257,4153,259,32041,379,522,1268,15,263,123,36,129 1,1,1,1,1,1,1,1,1,1,1,1,1,1,1,1,1,1,1,1,1,1,1
256,803 1,1
32042,95,3,1166,3008,1181 1,1,1,1,1,1
19,163,718,7,12443,1330,1344,128,4228,13,1846 1,1,1,1,1,1,1,1,1,1,1
89,263,1166,7,1706,5,32043,1181 1,1,1,1,1,1,1,1
257,4153,259,102,77,4,207,4,28,14,980,5,410 1,1,1,1,1,1,1,1,1,1,1,1,1
257,4153,259,3967,4,6,413,14,1172,5,1121 1,1,1,1,1,1,1,1,1,1,1
257,4153,259,2802,4,28,82,2065,14,204 1,1,1,1,1,1,1,1,1,1
257,4153,259,136,4,6,136,14,332 1,1,1,1,1,1,1,1,1
257,4153,259,612,4,6,130,14,145,156,5,239 1,1,1,1,1,1,1,1,1,1,1,1
257,4153,259,4947,4,280,3,6731,362,1039,5,860,66,169,164 1,1,1,1,1,1,1,1,1,1,1,1,1,1,1
257,4153,259,1058,4,11,2215,93,257,4153,259,196,4,6,28,82,196,14,204 1,1,1,1,1,1,1,1,1,1,1,1,1,1,1,1,1,1,1
257,4153,259,1808,4,6,28,14,2484 1,1,1,1,1,1,1,1,1
257,4153,259,1154,12444,4,244,5458,5,1236,19,61 1,1,1,1,1,1,1,1,1,1,1,1
72,95,506,51,116,372,479,17,803,1302 1,1,1,1,1,1,1,1,1,1
41,745,2011,3,1202,3,907,3,2717 1,1,1,1,1,1,1,1,1
257,4153,259,230,12445,4,506,111,15,854 1,1,1,1,1,1,1,1,1,1
5458,3,71,3,365,7262,3271 1,1,1,1,1,1,1
6993 1
237,1255,66,168,10,124,17,86,516,3,907,3,976,386,450 1,1,1,1,1,1,1,1,1,1,1,1,1,1,1
257,4153,259,505,4,803,1302 1,1,1,1,1,1,1
257,4153,259,81,1445,4,50,46,1150,221,5,101,6,28,5,660,6,385,82,101,3,81,5,740,13,6,385,82,607,7,30,3,5,235,6,172,3,104,7,198,5,566,7,6,28,13,6,385 1,1,1,1,1,1,1,1,1,1,1,1,1,1,1,1,1,1,1,1,1,1,1,1,1,1,1,1,1,1,1,1,1,1,1,1,1,1,1,1,1,1,1,1,1,1,1,1
257,4153,259 1,1,1
