67,54,4,32137,281,297,872,168,55,28,4,8690,5558,542,4,8691,162,54,4,32138,262,4,13811,4533,9,3645,8,451,4,6619,7009,726,161,4,296,9,135,940,8,1085,4,28,3,491,3,940,426,4,828,263,282,4,629,5558,14,15,1217,1882,1041,124,428,13,32139,9,559,1139,1772,42,8,3,803,19,8573,163,718,5,209,1202,9,137,141,22,706,8,3,2301,19,3237,3,2884,3,5,209,34,19,209,2436,3,121,61,13,828,263,1166,7,3008,1181,139,95,52,343,17,1512 1,1,1,1,1,1,1,1,1,1,1,1,1,1,1,1,1,1,1,1,1,1,1,1,1,1,1,1,1,1,1,1,1,1,1,1,1,1,1,1,1,1,1,1,1,1,1,1,1,1,1,1,1,1,1,1,1,1,1,1,1,1,1,1,1,1,1,1,1,1,1,1,1,1,1,1,1,1,1,1,1,1,1,1,1,1,1,1,1,1,1,1,1,1,1,1,1,1,1,1,1,1,1,1,1,1,1,1,1,1,1,1,1
1427,10,6,28,3,18,53,6,124,3,492,6,438,7,17016,5,2935,19,32140,3,5,86,10,190,500,3,13,15,209,32141,263,37,20,1166,7,3087,3008,1181 1,1,1,1,1,1,1,1,1,1,1,1,1,1,1,1,1,1,1,1,1,1,1,1,1,1,1,1,1,1,1,1,1,1,1,1,1,1
11,249,3,459,3,970,3,2099,3,26,307 1,1,1,1,1,1,1,1,1,1,1
1023,3,18,387,627,34,3,1540,12,24,3414,3,912,2535,6,574,2368,29,18,1645,6,34,14,984,13,656,51,109,31,6534,13,1481,26,263 1,1,1,1,1,1,1,1,1,1,1,1,1,1,1,1,1,1,1,1,1,1,1,1,1,1,1,1,1,1,1,1,1,1
18,14,775,10,1127,3,35,18,258,18,109,27,472,13,15,2515 1,1,1,1,1,1,1,1,1,1,1,1,1,1,1,1
40,14,24,32142,124,5,32143,230,112,10,786,12,6,80,87,9,74,57,67,12,6,940,7,1779,112,35,60,8 1,1,1,1,1,1,1,1,1,1,1,1,1,1,1,1,1,1,1,1,1,1,1,1,1,1,1,1
19,1187,18,14,2093,641,24,9269,3,258,37,18,78,47,2164,29,527,470,2475,78,47,2139,29,10,1216,319,7,6,124,3,78,47,2164,29,51,1146,272,50,4618,10,191,186,50,272,1673,367,78,47,2139,29,230,438,4,12,6,230,3,15,506,111,15,5865,3791,1991,508,7,854 1,1,1,1,1,1,1,1,1,1,1,1,1,1,1,1,1,1,1,1,1,1,1,1,1,1,1,1,1,1,1,1,1,1,1,1,1,1,1,1,1,1,1,1,1,1,1,1,1,1,1,1,1,1,1,1,1,1,1,1,1,1,1,1,1,1,1
18,370,4483,22,1723,3,36,2189,1433,3,2009,516,3,5,1720,17,34,179 1,1,1,1,1,1,1,1,1,1,1,1,1,1,1,1,1,1
579,19,1187,3,18,4167,344,3414,34,5,188,5,657,34,37,18,631,14,209,66,24,1044,260 1,1,1,1,1,1,1,1,1,1,1,1,1,1,1,1,1,1,1,1,1,1,1
18,98,640,7,6,209,263,768,270 1,1,1,1,1,1,1,1,1
11,529,3,307,3,796,3,7912,3,4261 1,1,1,1,1,1,1,1,1,1
3437,30,33,1512,4,95,261,19,32144,139,52,801,13,1512,852,18,20,343,13,2009,3,17016,3,5,2935,17,108,65 1,1,1,1,1,1,1,1,1,1,1,1,1,1,1,1,1,1,1,1,1,1,1,1,1,1,1,1
33,1044,260,5,209,188,34,3,19,1210,2436,27,163 1,1,1,1,1,1,1,1,1,1,1,1,1
124,12,1135,17,1440,78,47,4009,29,32145,1635,444,7,198,29,2863,1526,10,52,507,10,2436,12377 1,1,1,1,1,1,1,1,1,1,1,1,1,1,1,1,1,1,1,1,1,1,1
33,803,4,19,32146,163,718,13,2411,32147,2348 1,1,1,1,1,1,1,1,1,1,1
3088,9,6707,8,4,4284,2690,42,4106,3,6675,1188,42,4106,3,5422,900,42,4106,3,11,173,6175,922,33,32148,4,1165,32149,559,1772,42,3,11,3300,3,32150,3,775,10,1505,3031,33,2301,19,163,3237,33,32151,280,13,32152,771,33,5961,4,9288,110,6721,3612,3898,1300,9,7697,8,33,553,17006,350,635,43,241,17017,5,17018,3,52,96,43,64,5884,33,6649,4,17017,110,516,13,452,75,20,1285,19,17018,168,290,10,667,341,479 1,1,1,1,1,1,1,1,1,1,1,1,1,1,1,1,1,1,1,1,1,1,1,1,1,1,1,1,1,1,1,1,1,1,1,1,1,1,1,1,1,1,1,1,1,1,1,1,23,23,1,1,1,1,1,1,1,1,1,1,1,1,1,1,1,1,1,1,1,1,1,1,1,1,1,1,1,1,1,1,1,1,1,1,1,1,1,1,1,1,1,1,1,1,1,1,1,1,1,1
3090,27,37,85,32153,33,142,33,1395,19,165,33,7457,33,363,33,2181,220,256,2759,110,3800,33,1220,33,3857,6945,33,2096,494,150,30,2101,10,40,168 1,1,1,1,1,1,7,1,4,1,8,1,1,1,1,1,1,1,1,1,1,1,1,1,1,1,1,1,1,1,1,1,1,1,1,1
206,30,207,78,47,383,29,245,13,1037,5,2263,699,78,47,383,29,157,10,238,12443,7269,3,334,625,87,183,485,78,47,383,29,200,4454,78,47,383,29,200,127,4,1339,9,277,8,4118,9,277,8,1118,9,284,199,2027,5718,8,39,19,168,176,947,478,9,203,8,547,22,25,32,178,959,1092,3999,58,1222,1096,1750,167,407,195,1212,141,22,25,32,253,2456,2062,22,25,69,346,4409,9,2823,8,2666,22,25,32,460,2655,782,9,2566,8,171,22,25,32,652,2359,8562,4546,9,1994,4006,4546,8,36,1092,1096,69,833,932,9,289,8,382,22,25,69,995,165,4053,1686,3429,9,1884,1686,11725,8,171,189,521,1079,2541,1341,964,298,125,2365,25,32,1477,6273,36,2180,1140,69,1708,1712,456,9,2950,8,3828,1337,25,32,64,32154,205,17,64,6619,7009,2001,3656,108,42,1662,36,1662,7308,32,2218,218,755,22,25,32,2434,5445,141,22,25,32,2520,348,912,964,501,22,25,32,3201,5917,755,22,25,35,496,395,49,1814,62,552,397,495,289,228,956,15,113,3,19,3144,5,3097,3643,610,2223,912,964,9,784,707,8,279,22,25,32,4473,1720,179,964,180,22,25,2384,167,188,34,3084,2997,3146,36,2180,1140,69,5832,1690,108,22,25,2384,167,34,4832,15096,782,9,15095,8,231,22,25,305,395,49,139,911,5851,706,141,22,25,32,5173,4601,9,3541,8,215,22,25,305,6559,3552,9,2114,45,8,58,298,25,69,167,648,6103,736,141,22,25,608,49,175,25,105,8155,7716,581,1337,1096,32,7064,2708,279,22,25,276,167,1820,102,77,316,4,292,4,5423,364,4,2229,148,4,32155,716,4,1245,4929,4,853,42,8573,1929,814,78,47,966,29,59,4,280,3,2093,428,6349,917,12,859,227,4,665,3,863 1,1,1,1,1,1,1,1,1,1,1,1,1,1,1,1,1,5,5,5,5,5,5,5,5,5,5,1,1,1,1,1,1,1,1,1,1,1,1,1,1,1,1,1,1,1,1,1,1,1,1,1,1,1,1,1,1,1,1,1,1,1,1,11,1,1,1,1,1,1,1,1,1,1,1,1,1,1,1,1,20,1,1,1,1,1,1,1,1,1,1,1,34,1,34,1,1,1,1,1,1,1,1,1,1,1,1,1,1,1,1,1,1,1,1,1,1,1,1,1,1,1,1,1,1,1,1,1,1,1,1,1,1,8,8,8,1,1,1,1,1,1,1,1,1,1,1,1,1,1,1,1,1,1,1,1,1,1,1,1,1,1,1,1,1,1,1,1,1,1,1,1,1,1,1,1,1,1,1,1,1,1,1,1,1,1,1,13,1,1,1,1,1,1,1,1,1,1,1,17,17,17,1,1,1,1,1,1,1,1,1,1,1,1,1,1,1,1,1,1,1,1,1,1,1,1,1,1,1,1,1,9,1,1,1,1,9,9,1,1,1,1,1,1,1,1,1,1,1,1,1,1,1,1,1,1,1,1,1,1,1,1,1,1,1,1,1,1,1,1,1,1,1,1,1,1,1,1,1,1,1,1,1,1,1,1,1,1,1,1,1,1,1,1,1,1,1,1,1,1,1,1,1,1,1,1,1,1,1,1,1,12,1,1,1,1,1,1,1,1,1,1,1,1,1,1,1,1,1,1,1,1,1,1,1,1,1,1,1,1,1,1,1,1,1,1,1,1,1,1,1,1,1,1,1,1,1,1,1,1,1,1,1,1,1,1,1,1,1,1,1,1,1,1,1,1
136,4,332 1,1,1
550,31,857,5721 1,1,1,1
11,908 1,1
130,4,455 1,1,1
11,1099 1,1
155,4,77,406,43,280,9,550,31,983,115,17,296,789,77,8,3,51,50,550,31,857,88,407,26,876 1,1,1,1,1,1,1,1,1,1,1,1,1,1,1,1,1,1,1,1,1,1,1,1,1,1
362,4,280,3,152,3,979 1,1,1,1,1,1,1
326,327,61 1,1,1
531,4,84,1287,715,1873,29,565,100,595,93 1,1,1,1,1,1,1,1,1,1,1
149,4,430,456,2152,9,1305,8,351,430,663,2037,9,1276,8,351,430,835,1600,59,9,1310,8,351,430,1072,1658,9095,83,9,1450,8,351,430,1568,2548,929,9,3567,8,351,512,4251,9,1478,8,219,1555,2750,9,1659,8,219,1184,2334,9,1660,8,1556,430,1800,2061,1997,83,9,1311,8,219,430,347,6623,9,3709,8,219,1680,2277,3220,430,345,1369,83,9,1359,8,219,486,961,3715,9,2602,8,654,1461,1880,9,2464,8,654,2013,1646,9,17019,8,654,496,1131,1701,9,2386,8,219,486,1131,829,9,2995,8,219,1981,1982,1421,9,3589,8,721,2509,1214,9,3696,8,721,5603,1872,9,17020,8,8127,2423,558,9,3965,8,721,1941,125,9,9764,8,721,349,4029,83,9,1312,8,524,333,4680,59,9,2437,8,42,560,6028,59,9,2531,8,1451,734,17021,9,2615,8,1785,536,9793,9,3842,8,1381,653,382,9,1360,8,1227,786,8034,9,1479,8,1588,823,5304,9,1480,8,654,795,9289,83,9,1424,8,42,1257,1125,1277,1542,1322,83,9,1739,8,42,577,615,59,9,1786,8,42,847,320,9,1740,8,42,830,36,9,1832,8,42,864,519,9,1691,8,42,2330,4,63,587,5,336,587,66,230,19,7209,401,11,386,2678,781 1,1,1,1,1,1,1,1,1,1,1,1,1,1,1,1,1,1,1,1,1,1,1,1,1,1,1,1,1,1,1,1,1,1,1,1,1,1,1,1,1,1,1,1,1,1,1,1,1,1,1,1,1,1,1,1,1,1,1,1,1,1,1,1,1,1,1,1,1,1,1,1,1,1,1,1,1,1,1,1,1,1,1,1,1,1,1,1,1,1,1,1,1,1,1,1,1,1,1,1,1,1,1,1,1,1,1,1,1,1,1,1,1,1,1,1,1,1,1,1,1,1,1,1,1,1,1,1,1,1,1,1,1,1,1,1,1,1,1,1,1,1,1,1,1,1,1,1,1,1,1,1,1,1,1,1,1,1,1,1,1,1,1,1,1,1,1,1,1,1,1,1,1,1,1,1,1,1,1,1,1,1,1,1,1,1,1,1,1,1,1,1,1,1,1,1,1,1,1,1,1,1,1,1,1,1,1,1,1,1,1,1,1,1,1,1,1,1,1,1,1,1,1,1,1,1,1,1,1,1,1,1,1,1,1,1,1,1,1,1,1,1,1,1,1,1,1,1,1,1,1,1,1,1,1,1,1,1,1
1340,4,506,9,7209,8,4,5865,3791,1991 1,1,1,1,1,1,1,1,1,1
192,78,1071,29,104,1217,1882,1822,280,428,13,1395,3,2301,3,803,19,8573,163,718,3,2301,3,95,343,17,1512,15,3,61,13,828,263,1166,7,3008,1181,5,3414,34 1,1,1,1,1,1,1,1,1,1,1,4,1,1,1,1,1,1,1,1,1,1,1,1,1,1,1,1,1,1,1,1,1,1,1,1,1,1,1,1
47,8,1166,263,4,21,3554,5,7192,1540,19,525,506 1,1,1,1,1,1,1,1,1,1,1,1,1
12,6,2658,7,174,116,9,301,718,606,3,307,3,3420,48,34,3,3986,8,3,15,505,7,854,14,1063,10,810 1,1,1,1,1,1,1,1,1,1,1,1,1,1,1,1,1,1,1,1,1,1,1,1,1,1,1,1
313,3,18,14,19,209,1202,5,2436,27,472,5,208,31,4858,15,2230,1496,922 1,1,1,1,1,1,1,1,1,1,1,1,1,1,1,1,1,1,1
33,86,11214,2446,126,12,230,9,32156,8,17,3774,65,33,386,587,890,47,8,311,17022,4,35,270,3,18,21,68,162,27,4134,85,12,6,80,87,1123,10,786,1272 1,1,1,1,1,1,1,1,1,1,1,1,1,1,1,1,1,1,1,1,1,1,1,1,1,1,1,1,1,1,1,1,1,1,1,1,1,1,1,1
15,6351,5029,104,17,1201,355,14,1864 1,1,1,1,1,1,1,1,1
33,482,1549,198,32157,278,40,168,47,8,3510,4,2393,3372,29,32158,29,5135,1796,9,138,209,1202,157,8,47,8,5498,4,145,353 1,1,1,1,1,1,1,1,1,1,1,1,1,1,1,1,1,1,1,1,1,1,1,1,1,1,1,1,1,1,1
2929,32159,32160,3,229,3,2055,3,3485,3,710,4,32161 1,1,1,1,1,1,1,1,1,1,1,1,1
