67,54,4,32178,354,164,168,55,28,414,4,5527,3,2420,542,4,12451,54,5,85,4,32179,12452,262,4,64,5962,1191,4,64,5962,3768,385,4,64,32180,426,4,59,1100,8695,282,4,293,5527,14,15,1247,87,302,358,13,15,256,151,3,142,3,2207,3,209,1975,3,881,5,100,1100,1391,110,6730,927,10,1378,220,295,1378,325,5,683,1969,7,1404,3,415,5,2890 1,1,1,1,1,1,1,1,1,1,1,1,1,1,1,1,1,1,1,1,1,1,1,1,1,1,1,1,1,1,1,1,1,1,1,1,1,1,1,1,1,1,1,1,1,1,1,1,1,1,1,1,1,1,4,1,7,1,15,1,1,1,1,1,1,1,1,1,1,1,1,1,1,1,1,1,1,1,1,1,1,1,1,1,1,1
405,23,169,168,12,1374,3,16,526,1356,3204,75,111,1559,187,1621,3,5384,187,1100,1391,5,1559,187,789,1591,120 1,1,1,1,1,1,1,1,1,1,1,1,1,1,1,1,1,1,1,1,1,1,1,1,1,1,1
19,17029,3,16,526,15,187,1621,10,8637,1100,1823,220,2210,813,466,29,3108,4404,220,5751,2758,10,8637,2758,1823,157,8696,3727,5,1156,10,6,187,1676 1,1,1,1,1,1,1,1,1,1,1,1,1,1,1,1,1,1,1,1,1,1,1,1,1,1,1,1,1,1,1,1,1,1,1
16,21,68,191,60,159,261,12,1519 1,1,1,1,1,1,1,1,1
23,683,1969,14,211,5,60,8559 1,1,1,1,1,1,1,1
16,157,15,4980,2768,27,163,17,321,19,1378,10,9171,140,19,23,415,5,1404 1,1,1,1,1,1,1,1,1,1,1,1,1,1,1,1,1,1,1
16,90,95,256,3986,3,1473,3,291,34,3,26,273,923 1,1,1,1,1,1,1,1,1,1,1,1,1,1
674,4,682,1100,8695,151,881,142,2207,209,585,831,2501,4,17030,8697,2758,220,2210,813,466,5,8696,3727,17031,1356,1617,17032,8651,5,1280,7,8694,2090,59,1726,860,918,187,2150,164,254,4,176,203,1148,1463,462,22,25,32,178,512,1072,3605,22,9,501,22,3069,399,36,298,25,69,195,1406,9,423,8,447,22,25,32181,228,17033,253,1819,2062,22,25,32,346,1812,388,22,25,892,460,2131,456,9,950,8,231,22,25,69,652,9041,782,9,5106,8,4754,22,25,12342,167,34,833,165,596,1643,558,189,521,605,397,1429,995,165,596,1643,210,189,521,276,1079,165,145,4800,108,189,521,605,397,1429,1477,165,145,4800,615,189,521,608,397,2204,1708,10121,180,22,25,32,2001,610,2223,912,964,9,784,707,8,231,22,25,32,2218,2071,125,22,25,32,2434,3552,9,2114,45,8,58,298,25,276,2520,1484,456,9,452,8,108,22,25,32182,228,10428,233,4,8100,78,47,1947,29,277,150,403,4,3357,206,4,245,12,17034,3,5830,13,551 1,1,1,1,1,4,1,7,15,1,1,1,1,1,1,1,1,1,1,1,1,1,1,1,1,1,1,1,1,1,1,1,1,1,1,1,1,1,1,1,1,1,1,1,11,1,1,1,1,1,1,1,1,1,1,1,1,1,1,1,1,1,1,1,1,1,26,1,26,1,1,1,1,1,1,1,1,1,1,1,1,1,1,20,1,1,1,1,1,1,1,1,1,1,1,1,1,1,1,1,1,1,1,1,1,1,1,1,1,1,1,8,8,8,1,1,1,1,1,1,1,8,8,8,1,1,1,1,1,8,1,1,1,1,1,1,1,1,1,8,1,1,1,1,1,1,1,1,1,1,1,1,1,1,1,9,1,1,1,1,9,9,1,1,1,1,1,1,12,1,1,1,1,1,1,1,1,1,1,1,1,1,1,1,1,1,1,1,1,1,1,1,1,1,1,1,1,1,1,1,1,1,1,1,1,1,1,1,1,1,1,1,1,1,1,1
238,4,90,17035,579,4,35,270,3,376,4,90,529,3,307,3,446,3,63,135,3109,3,432,26,1745,935,3,798,147 14,14,14,1,1,1,1,1,1,1,1,1,1,1,1,1,1,1,1,1,1,1,1,1,1,1,1,1,1
545,4,701,4,292,853,523,1217,148,32183,716,581,967,42,658,60,197,358,3,480,216,217,11,222,1108,1108,11,1099,155,1304,362,4,152,3,1169,246,3,1169,1747,1289 1,1,1,1,1,1,1,1,1,1,1,1,1,1,1,1,1,1,1,1,1,1,1,1,1,1,1,1,1,1,1,1,1,1,1,1,1,1,1,1
60,32184,4387,1615 1,1,1,1
114,4,196,14,683,100,764 1,1,1,1,1,1,1
1378,4,683,1969,7,2184,2433,415,2828,5,2552,415,3,2898,7,2163,5,1990,415,5,2890 1,1,1,1,1,1,1,1,1,1,1,1,1,1,1,1,1,1,1,1,1
187,1404,220,4648,123,8597,4732,19,32185,2368 1,1,1,1,1,1,1,1,1,1
133,4,187,17036,1823,133,14,1193,3876,3477,2758,1032,79,187,217,217,56,32186,8527,59,217,217,217,217,217,6930,4,3102,27,100,595,904,4,585,831,689,4,32187,873,4,12039,220,15,256,142,3,2207,3,881,5,100,1100,8695,121,61,17,168,169,10,59,562,10,8637,1100,1823,1560,10,2955,6,59,2758,1391 1,1,1,1,1,1,1,1,1,1,1,1,1,1,1,1,1,1,1,1,1,1,1,1,1,1,1,1,1,1,1,1,1,1,1,1,1,1,1,1,1,1,1,1,7,1,15,1,1,1,1,1,1,1,1,1,1,1,1,1,1,1,1,1,1,1,1,1,1,1,1,1
10122,10,354,164,32188,149,17037,6937,139,2398,17038,78,47,3472,29,228,596,477,1198,1401,235,13,64,2864,5962,3,354,1191,3963,10123,5102,4688,17039,354,164 1,1,1,1,1,1,1,1,1,1,1,1,1,1,1,1,1,1,1,1,1,1,1,1,1,1,1,1,1,1,1,1,1,1,1
