67,54,4,32167,1361,141,3,8784,11062,2698,895,3,107 1,1,1,1,1,1,1,1,1,1,1,1,1
32168,150,297,1437,3989,1418,3,3377,32169,32170,3,1972,32171,684,4,2420,5527,5883,4,17023,882,64,895,4,50,272,4235,10,1240,360,37,50,272,122,293,2420,5527,12,903 1,1,1,1,1,1,1,1,1,1,1,1,1,1,1,1,1,1,1,1,1,1,1,1,1,1,1,1,1,1,1,1,1,1,1,1,1,1,1
293,5527,20,162,10,808,594,12,688,17,70,194,114,325,5,1969,96,6730,66,15,1100,1391,3,35,360,731 1,1,1,1,1,1,1,1,1,1,1,1,1,1,1,1,1,1,1,1,1,1,1,1,1,1
16,20,162,12,871,1374,5,1216,597,871,1519 1,1,1,1,1,1,1,1,1,1,1
405,23,124,1216,425,23,774,143,2417 1,1,1,1,1,1,1,1,1
16,526,1617,10,172,23,120,3524,5,16,526,7374,7,6,70,14797,1495,251,466,20,157,10,1495,76,12,23,637,562,120,5,286,16,526,62,270,384,10,998,384,1100,120,556,157,3727,13,6146,7,6,1391 1,1,1,1,1,1,1,1,1,1,1,1,1,1,1,1,1,1,1,1,1,1,1,1,1,1,1,1,1,1,1,1,1,1,1,1,1,1,1,1,1,1,1,1,1,1,1,1,1
16,98,866,526,1156,7,23,789,1591,120 1,1,1,1,1,1,1,1,1,1
138,23,6730,6124,16,38,244,406,5733,557,12,6,322,5,50,20,479,37,6,2890,1969,237,626,5,16,237,10119,115,1516,6,70,322 1,1,1,1,1,1,1,1,1,1,1,1,1,1,1,1,1,1,1,1,1,1,1,1,1,1,1,1,1,1,1,1
12,6,2521,159,23,261,16,197,10,52,191,334,60 1,1,1,1,1,1,1,1,1,1,1,1,1
6,1969,7,6,70,322,21,557,211,13,17025,8559,7,6,70,671,3,896,5,2287,415 1,1,1,1,1,1,1,1,1,1,1,1,1,1,1,1,1,1,1,1,1
16,98,21,128,1404,283,37,50,272,1533,10,757,868 1,1,1,1,1,1,1,1,1,1,1,1,1
16,90,88,427,34,26,34,12,6,322 1,1,1,1,1,1,1,1,1,1
16,21,11,202,7,249,3,459,3,4816,26,4187,12,6,2521 1,1,1,1,1,1,1,1,1,1,1,1,1,1,1
16,21,159,68,261,10,163,5,21,68,321,13,15,321,2768 1,1,1,1,1,1,1,1,1,1,1,1,1,1,1
23,53,194,114,1391,14,1702,10,52,343,5,16,21,31,387,88,116,13,641,10,6,53,194,114 1,1,1,1,1,1,1,1,1,1,1,1,1,1,1,1,1,1,1,1,1,1,1,1
16,21,68,49,23,452,145,5,21,38,1953,905,35,16,146 1,1,1,1,1,1,1,1,1,1,1,1,1,1,1
19,77,89,16,14,191,334,60 1,1,1,1,1,1,1,1
16,14,12,232,3983,5,197,681,476,306,12,6,124 1,1,1,1,1,1,1,1,1,1,1,1,1
23,413,5,136,77,143,569 1,1,1,1,1,1,1
23,155,143,91 1,1,1,1
130,20,145 1,1,1
23,637,1068,5,248,1615,46,1064,115,3470,3,313,74,14,128,683,4732,19,6,32172,7,6,774 1,1,1,1,1,1,1,1,1,1,1,1,1,1,1,1,1,1,1,1,1,1,1
13,641,10,6,415,16,21,17025,8559,5,1404,283 1,1,1,1,1,1,1,1,1,1,1,1
74,14,11,202,7,1266,3,3980,26,411,7,6,70,194,114 1,1,1,1,1,1,1,1,1,1,1,1,1,1,1
16,86,10,46,15,211,981,322,19,6,53 1,1,1,1,1,1,1,1,1,1,1
138,23,899,330,354,76,50,582,4916,12,6,668,89,3,75,275,37,16,21,3102,4916,27,6,70,1346,5,595 1,1,1,1,1,1,1,1,1,1,1,1,1,1,1,1,1,1,1,1,1,1,1,1,1,1,1
16,98,21,416,3102,4916,27,6,70,6067,444 1,1,1,1,1,1,1,1,1,1,1
40,17026,60,13,641,10,23,2132,35,60,35,23,1399,10,1275,1064,26,557,211,13,641,10,6,5351,19,6,70,322 1,1,1,1,1,1,1,1,1,1,1,1,1,1,1,1,1,1,1,1,1,1,1,1,1,1,1,1
23,53,1346,3,595,5,6067,4916,143,1075 1,1,1,1,1,1,1,1,1,1
12,1351,3,40,14,62,1974,767,121,387,6730,9200,295,12,2553,325,35,60,35,1404,325,13,6,1399,17,2346,314,12,6,1143,1398,7,6,70,194,114 1,1,1,1,1,1,1,1,1,1,1,1,1,1,1,1,1,1,1,1,1,1,1,1,1,1,1,1,1,1,1,1,1,1,1,1
16,109,46,62,7397,1391,19,6,53,13,1399,17,6730,7,6,53,194,114 1,1,1,1,1,1,1,1,1,1,1,1,1,1,1,1,1,1
138,40,479,3,50,41,1717,441,13,15,53,194,114,2132,10,2955,6,1100,1391,470,37,16,109,31,387,32173,1969,7,6,53 1,1,1,1,1,1,1,1,1,1,1,1,1,1,1,1,1,1,1,1,1,1,1,1,1,1,1,1,1,1
13,641,10,6,70,50,41,527,10,417,128,8593,1133,340,5,41,1019,5054,23,443,3478,13,62,1617,27,6,85,7,23,441,168,26,128,85,4161 1,1,1,1,1,1,1,1,1,1,1,1,1,1,1,1,1,1,1,1,1,1,1,1,1,1,1,1,1,1,1,1,1,1,1
50,272,1533,10,10120,1064,7,6,1404,774,13,6,603,17027,7,15,6067,2258,7,6,70,194,114,51,41,122,1667,92,2767 1,1,1,1,1,1,1,1,1,1,1,1,1,1,1,1,1,1,1,1,1,1,1,1,1,1,1,1,1
808,941,465,17,40,1430 1,1,1,1,1,1
50,17028,17,31,1347,360,5725,2082 1,1,1,1,1,1,1,1
13,40,5725,50,41,1347,360,23,1605,32174,35,60,35,23,372,95,261,1351 1,1,1,1,1,1,1,1,1,1,1,1,1,1,1,1,1,1
1015,3,7821,2276,5962,3,107 1,1,1,1,1,1,1
32175,4,1605,55,3,1605,3279,3,261,1351,32176,32177 1,1,1,1,1,1,1,1,1,1,1,1
