67,54,4,32243,1374,3572,3,3614,17045,9950,3,107 1,1,1,1,1,1,1,1,1,1,1,1
5825,802,1224,245,599,1327,6673,1073,17046,3,4866,17047,684,4,8698,4740,32244,882,64,9950,4,50,749,8698,4740,89,12,278,479,6,284,7,12454 1,1,1,1,1,1,1,1,1,1,1,1,1,1,1,1,1,1,1,1,1,1,1,1,1,1,1,1,1,1,1,1,1
18,468,13,24,491,121,1224,13,6,30 1,1,1,1,1,1,1,1,1,1
50,41,81,24,30,17,6,67 1,1,1,1,1,1,1,1
18,14,15,5868,3092,428,121,20,124,27,6,3982,12,1102,3614,17,172,7,944,5,670,1341,3,1002,314,3,5,140,314 1,1,1,1,1,1,1,1,1,1,1,1,1,1,1,1,1,1,1,1,1,1,1,1,1,1,1,1,1
24,491,55,37,18,38,3604,225,6,438,7,15,129,26,267 1,1,1,1,1,1,1,1,1,1,1,1,1,1,1
24,656,1341,467,3,5,18,1749,2819,19,24,764,3,5,24,1002,3604 1,1,1,1,1,1,1,1,1,1,1,1,1,1,1,1,1
40,14711,12,15,667,12,1102,2779,24,124 1,1,1,1,1,1,1,1,1,1
405,37,124,15,413,241,19,17048,20,146,569 1,1,1,1,1,1,1,1,1,1,1
9,74,14,131,12292,19,92 1,1,1,1,1,1,1
8,62,679,7,6,1329,19,8456,111,15,493,9920,7,1682,717,12,6,53,12455 1,1,1,1,1,1,1,1,1,1,1,1,1,1,1,1,1,1,1
74,20,11,448,4559 1,1,1,1,1
40,20,543,13,381,884,419 1,1,1,1,1,1,1
3624,111,207,1341,7,6,5516,12,6,17049,5,3873,471,13,11,6789,2850 1,1,1,1,1,1,1,1,1,1,1,1,1,1,1,1,1
62,2870,111,44,345,9,1232,8,3,185,961,9,2327,8,3,4326,12456,9,10405,349,3,17050,42,4326,3,17051,42,6302,3,5,4754,42,3223,8,5,10099,734 1,1,1,1,1,1,1,1,1,1,1,1,1,1,1,1,1,1,1,1,1,1,1,1,1,1,1,1,1,1,1,1,1,1,1,1,1
3550,1176,20,44 1,1,1,1
587,143,72 1,1,1
3550,17052,20,72 1,1,1,1
517,18,21,15,30,7,2888,3,92,20,1377,37,40,166,1282,12454 1,1,1,1,1,1,1,1,1,1,1,1,1,1,1,1
18,20,126,19,706,171,22,105 1,1,1,1,1,1,1,1
24,491,21,55,128,265,12,24,656,5,3856,159,126,6,706,3,51,18,557,448 1,1,1,1,1,1,1,1,1,1,1,1,1,1,1,1,1,1,1,1
18,21,194,6,706,10,141,22,105,132 1,1,1,1,1,1,1,1,1,1
81,6,457,264,89,3,50,122,37,600,62,4781,20,6768,3,15,12457,20,269,3,5,6,660,10126,154,9,12458,8,20,98,269,27,6,258,149 1,1,1,1,1,1,1,1,1,1,1,1,1,1,1,1,1,1,1,1,1,1,1,1,1,1,1,1,1,1,1,1,1,1,1
18,5,24,491,57,2040,7,11,169,30,7,5259 1,1,1,1,1,1,1,1,1,1,1,1
174,264,405,24,124,158,266,1998,705,9,2948,8,5,22,9,1857,8,3,44,752,1332,3,1669,3,972,3,5,2007,9,125,8 1,1,1,1,1,1,1,1,1,1,1,1,1,1,1,1,1,1,1,1,1,1,1,1,1,1,1,1,1,1,1
3550,6422,7617,20,72 1,1,1,1,1
865,20,185,27,17053,18,21,15,30,7,1234,530,188,1087,87 1,1,1,1,1,1,1,1,1,1,1,1,1,1,1
1427,10,24,491,3,18,38,15,196,243,2895,66,1143,24,53,412,223,267,87,183 1,1,1,1,1,1,1,1,1,1,1,1,1,1,1,1,1,1,1,1
758,3,40,111,17054,6196,3,5,37,14,186,6,505,7,2888,20,671,1049 1,1,1,1,1,1,1,1,1,1,1,1,1,1,1,1,1,1
18,286,38,15,32245,19,32246 1,1,1,1,1,1,1
862,7,3128,638,111,7674,2956,97,32247,5351,3,1623,6,505,7,2888 1,1,1,1,1,1,1,1,1,1,1,1,1,1,1,1
18,21,317,645,151,3,142,3,776,3,812,3,5,18,21,38,15,687,1913 1,1,4,4,4,1,7,1,15,1,1,1,1,1,1,1,1,1,1
24,137,39,57,706,141,22,105,3,203,547,22,105,3,32248,3,348,3,622,3,32249,3,2071,3,752,487,3,512,32250,3,950,3,5,62,1092,17,24,1234,35,160 1,1,1,1,1,1,1,1,1,11,1,1,1,1,33,1,17,1,21,1,13,1,12,1,1,1,1,1,1,1,1,1,1,1,1,1,1,1,1,1
18,14,2561,10,1765,1325,5,10,2359,965,1318 1,1,1,1,1,1,1,1,1,1,1
74,14,11,30,7,127,10,2813 1,1,1,1,1,1,1,1
24,3235,394,583,7,128,317,7,373 1,1,1,1,1,1,1,1,1
74,14,11,150,30,7,2888,26,7,273,76 1,1,1,1,1,1,1,1,1,1,1
18,14,15,2306 1,1,1,1
18,21,939,727 1,1,1,1
18,157,10,285,17,266,82 1,1,1,1,1,1,1
18,132,245,13,15,491 1,1,1,1,1,1
18,21,38,11,95,249,26,459 1,1,1,1,1,1,1,1
24,140,21,68,211,5,24,1059,232 1,1,1,1,1,1,1,1,1
74,14,11,30,7,380,48,34,26,418 1,1,1,1,1,1,1,1,1,1
74,14,11,30,7,263,3,437,3,300,3,375,3,26,446 1,1,1,1,1,1,1,1,1,1,1,1,1,1,1
18,21,38,11,277,26,618,116 1,1,1,1,1,1,1,1
133,4227,3,145 1,1,1,1
148,32251 1,1
18,14,280 1,1,23
1040,3,1653,3,5,994,57,91 1,1,1,1,1,1,1,1
74,57,11,1411,222 1,1,1,1,1
6,136,14,332,13,296,216,133,5,11,222 1,1,1,1,1,1,1,1,1,1,1
74,57,407,100 1,1,1,1
6,130,14,145,13,11,213 1,1,1,1,1,1,1
6,214,14,703 1,1,1,1
6,114,57,44 1,1,1,1
74,14,207,7487,1341 1,1,1,1,1
18,14,642,10,85,3,2901,37,18,299,6,54,650,43,267,65,35,4659,8439,18,14,642,10,469 1,1,1,1,1,1,1,1,1,1,1,1,1,1,1,1,1,1,1,1,1,1,1,1
18,14,12282 1,1,1
18,14,449,10,12383,6,129,12,890,3,51,18,299,1261,527,10,12383,1485,12,1911 1,1,1,1,1,1,1,1,1,1,1,1,1,1,1,1,1,1,1,1
18,21,1805,7807,210,3487,3,5,18,1773,344,58,7,210,139,544,435 1,1,1,1,1,1,1,1,1,1,1,1,1,1,1,1,1
74,14,11,3985 1,1,1,1
18,368,31,2154,16834,16835,5,24,2154,7,15,7283,16836,111,500,32252,32253 1,1,1,1,1,1,1,1,1,1,1,1,1,1,1,1,1
6,678,1412,57,296 1,1,1,1,1
6,1055,57,117,643,5,44,1115 1,1,1,1,1,1,1,1
6,2447,57,500,678 1,1,1,1,1
6,412,656,57,296,5,5319,13,11,1866,29,17055,656,57,9619 1,1,1,1,1,1,1,1,1,1,1,1,1,1,1
1114,511,14,204 1,1,1,1
1114,3270,14,44,5,675 1,1,1,1,1,1
841,14,928,204 1,1,1,1
9022,5,13226,154,57,44 1,1,1,1,1,1
6,2525,185,44 1,1,1,1
8233,14,61 1,1,1
6,15554,5,9149,3270,57,44 1,1,1,1,1,1,1
6,1439,3155,12,6,1017 1,1,1,1,1,1
762,2526,3,1256,3,5,3270,57,44 1,1,1,1,1,1,1,1,1
74,14,15,32254,3,32255,2006,12,3360,5,427 1,1,1,1,1,1,1,1,1,1,1
807,5,4310,511,57,1441,12,6,194,114,13,15,32256,3114 1,1,1,1,1,1,1,1,1,1,1,1,1,1
1056,57,44,9,7706,8,5,675,12,6,473,114,5,27,6,384,5,1688,27,6,595 1,1,1,1,1,1,1,1,1,1,1,1,1,1,1,1,1,1,1,1,1
1683,922,57,3224 1,1,1,1
2297,14,204 1,1,1
3243,14,72 1,1,1
700,5,6688,57,44 1,1,1,1,1
24,10126,154,17,5259,1295,188,269,66,6,124,12,1102 1,1,1,1,1,1,1,1,1,1,1,1,1
159,5259,3,1520,3,550,646,17054,6196,3,5,18,21,91,21,5259,27,128,802,12,6,80,75,20,1019,7397,3,40,1849,128,3107,223,6,505,7,2888 1,1,1,1,1,1,1,1,1,1,1,1,1,1,1,1,1,1,1,1,1,1,1,1,1,1,1,1,1,1,1,1,1,1,1,1
50,41,81,37,483,13,360,5,13,609,3,10125 1,1,1,1,1,1,1,1,1,1,1,1
18,38,3550,12456,12,1102 1,1,1,1,1,1
13,37,5,6,269,10126,154,9,12458,8,3,18,41,160,15,296,438,7,2786,1339,17,1885,32257 1,1,1,1,1,1,1,1,1,1,1,1,1,1,1,1,1,1,1,1,1,1,1
50,41,235,1567,17,284,1201,355,7,32258,13,15,3560,1334,5,1201,2063,594 1,1,1,1,1,1,1,1,1,1,1,1,1,1,1,1,1,1
479,24,160,17,706,3,50,704,37,41,1048,19,1025,1855,7,6,505,7,2888,12,691,7,40,301,505 1,1,1,1,1,1,1,1,1,1,1,1,1,1,1,1,1,1,1,1,1,1,1,1,1
134,6,202,7,2888,14,31,1610,13,40,1755,505,3,286,119,368,104,10,492,6,438,7,1339,5,2020,5,1285,6,706,5,286,96,24,224,438,3,24,3550,3,5,24,5259,5519 1,1,1,1,1,1,1,1,1,1,1,1,1,1,1,1,1,1,1,1,1,1,1,1,1,1,1,1,1,1,1,1,1,1,1,1,1,1,1,1,1,1,1
603,3,66,6,679,7,8456,3,111,15,1517,7,4305,4490,7,1682,717,12,6,53,12455 1,1,1,1,1,1,1,1,1,1,1,1,1,1,1,1,1,1,1,1,1
571,57,372,543,13,381,884,937,419 1,1,1,1,1,1,1,1,1
18,21,311,341,709,17,1434,381,884,76,5,419,3,51,12,6,3157,7,24,3548,3550,5,202,7,169,5259,3,119,3085,98,482,1699,5259,35,6,166,646,7,40 1,1,1,1,1,1,1,1,1,1,1,1,1,1,1,1,1,1,1,1,1,1,1,1,1,1,1,1,1,1,1,1,1,1,1,1,1,1,1
50,237,420,516,132,13,15,32259,438,7,7384,9,13660,6412,189,15,65,8,1339 1,1,1,1,1,1,1,1,1,1,1,1,1,1,1,1,1,1,1
18,14,1803,19,706,75,1317,575,10,1468,88,284,32260,1105 1,1,1,1,1,1,1,1,1,1,1,1,1,1
50,704,37,134,18,557,211,139,6,417,7,24,2813,340,3,286,119,368,104,10,2020,5,286,1285,6,706,3,10,96,24,224,5,13,390,2870,3,5,1964,88,160,17,1398,4079,340,19,24,438 1,1,1,1,1,1,1,1,1,1,1,1,1,1,1,1,1,1,1,1,1,1,1,1,1,1,1,1,1,1,1,1,1,1,1,1,1,1,1,1,1,1,1,1,1,1,1
941,360,17,40,278 1,1,1,1,1
1015,3,17056,17057,3,107 1,1,1,1,1,1
