67,54,4,32261,273,385,278,55,28,414,4,8698,4740,542,4,12453,54,7,278,4,32262,278,43,4,230,17,2558,944,161,5,207,323,282,4,1483,379,719,256,182,2888,9,899,1189,12,6,48,3,214,3,5,2691,3026,3,5,21,68,19,4079,8,3,3206,17058,110,516,121,61,13,170,113,118,207,323,5,170,65,7,118,1242 1,1,1,1,1,1,1,1,1,1,1,1,1,1,1,1,1,1,1,1,1,1,1,1,1,1,1,1,1,1,1,1,1,1,1,1,1,1,1,1,1,1,1,1,1,1,1,1,1,1,1,1,1,1,1,1,1,1,1,1,1,1,1,1,1,1,1,1,1,1,1,1,1,1,1,1,1,1
28,14,775,10,745,15,7412,30,29,30,66,491,17059,4740,3,3016,50,454,19,6,2174,3,5,66,1960,9,2518,64,17056,17057,82,1663,273,55,8 1,1,1,1,1,1,1,1,1,1,1,1,1,1,1,1,1,1,1,1,1,1,1,1,1,1,1,1,1,1,1,1,1,1,1
24,491,146,37,137,1574,14,1075,10,24,61,12,1102,14444,18,20,124,27,3982,12,1102,3614,17,172,7,944,5,670,1341,3,1002,314,3,5,140,314,37,38,626,225,36,10,58,129 1,1,1,1,1,1,1,1,1,1,1,1,1,1,1,1,1,1,1,1,1,1,1,1,1,1,1,1,1,1,1,1,1,1,1,1,1,1,1,1,1,1,1,1
413,241,19,17048,13,344,131,12292 1,1,1,1,1,1,1,1
62,679,7,6,1329,19,8456,111,15,493,9920,7,1682,717,12,6,53,12455 1,1,1,1,1,1,1,1,1,1,1,1,1,1,1,1,1,1
74,20,11,448,4559 1,1,1,1,1
40,20,543,13,381,884,419 1,1,1,1,1,1,1
3624,111,207,1341,7,6,5516,12,6,17049,5,3873,471,13,11,6789,2850 1,1,1,1,1,1,1,1,1,1,1,1,1,1,1,1,1
18,38,44,752,1332,3,1669,3,972,3,5,2007,9,125,8 1,1,1,1,1,1,1,1,1,1,1,1,1,1,1
3550,6422,7617,20,72 1,1,1,1,1
865,20,185,27,17053,62,2870,111,44,345,9,1232,8,3,185,961,9,2327,8,3,4326,12456,9,10405,349,3,17050,42,4326,3,17051,42,6302,3,5,4754,42,3223,8,5,10099,734 1,1,1,1,1,1,1,1,1,1,1,1,1,1,1,1,1,1,1,1,1,1,1,1,1,1,1,1,1,1,1,1,1,1,1,1,1,1,1,1,1,1
3550,1176,20,44 1,1,1,1
587,143,72 1,1,1
3550,17052,20,72 1,1,1,1
18,20,417,343,13,706,171,22,105,2020,467,10,141,22,105 1,1,1,1,1,1,1,1,1,1,1,1,1,1,1
12,96,115,3,92,20,55,37,4781,20,6768,3,15,12457,20,269,3,5,6,660,10126,154,9,12458,8,20,98,269,27,6,258,149 1,1,1,1,1,1,1,1,1,1,1,1,1,1,1,1,1,1,1,1,1,1,1,1,1,1,1,1,1,1,1,1
40,20,1377,10,1282,12459,5,18,20,162,5,343,220,856,65,7,247,1339 1,1,1,1,1,1,1,1,1,1,1,1,1,1,1,1,1,1
706,20,866,2020,10,650,159,24,61,20,1377,10,52,543,220,12459,5,31,12454 1,1,1,1,1,1,1,1,1,1,1,1,1,1,1,1,1,1,1
135,24,491,3,28,38,265,188,10,52,2028,7,2765,82,5,321,13,15,2343,32263,1224 1,1,1,1,1,1,1,1,1,1,1,1,1,1,1,1,1,1,1,1,1
225,6,99,493,113,3,18,21,3609,626,312,323,13,311,667 1,1,1,1,1,1,1,1,1,1,1,1,1,1,1
21,1805,1210,132,3,753,2819,19,24,764,3,21,68,2518,12,859,17,6,99,493,65,3,606,1224,10,299,10,6,3538,26,18,667,467 1,1,1,1,1,1,1,1,1,1,1,1,1,1,1,1,1,1,1,1,1,1,1,1,1,1,1,1,1,1,1,1,1
225,6,99,170,65,3,18,21,1639,744,312,2490,323,5,1242 1,1,1,1,1,1,1,1,1,1,1,1,1,1,1
18,21,68,2355,223,422,121,57,31,12,6,1422,3,704,37,677,57,74,29,704,37,6,32264,14,6,3538 1,1,1,1,1,1,1,1,1,1,1,1,1,1,1,1,1,1,1,1,1,1,1,1,1,1
92,20,15,1341,626,225,15,493,113,5,286,7581,225,6,99,493,65 1,1,1,1,1,1,1,1,1,1,1,1,1,1,1,1,1
28,146,855,555 1,1,1,1
19,61,10,6,230,3,18,20,55,10,52,2254,12,6,1491,82,9,472,427,1267,607,17,1087,129,3,52,285,115,43,1553,8,3,8671,3,1130,3,642,123,58,3,5,1170,233,114 1,1,1,1,1,1,1,1,1,1,1,1,1,1,1,1,1,1,1,1,1,1,1,1,1,1,1,1,1,1,1,1,1,1,1,1,1,1,1,1,1,1,1,1
579,4,7412,7,579,14,664 1,1,1,1,1,1,1
273,4,708,35,270,3,74,46,68,11,84,12,889,26,841,3,136,34,3,2236,3,1670,3,837,3,1438,3,2711,3,1475,3,26,700 1,1,1,1,1,1,1,1,1,1,1,1,1,1,1,1,1,1,1,1,1,1,1,1,1,1,1,1,1,1,1,1,1
207,4,72,17,249,3,459,3,277,3,84,12,140,3,48,34,3,418,3,226,7,184,3,263,3,291,34,3,300,3,375,3,446,3,5,84,12,326,26,931,1215 1,1,1,1,1,1,1,1,1,1,1,1,1,1,1,1,1,1,1,1,1,1,1,1,1,1,1,1,1,1,1,1,1,1,1,1,1,1,1,1,1
674,4,176,106 1,1,1,7
178,71 1,4
195,182,2888,253,3206,5259,161,315,516 1,1,1,1,1,1,1,1,1
346,1498 1,1
460,687,635 1,1,1
652,100,2691,1913 1,1,1,1
833,3581 1,1
995,1906 1,1
1079,32265,937,419 1,1,1,1
254,4,2875,558,22,105,203,547,22,105,512,2038,752,487,218,171,22,105,815,171,22,105,1839,171,22,105,9733,1092 1,1,33,1,1,1,11,1,1,1,1,1,1,1,13,1,1,1,1,1,1,1,12,1,1,1,1,1
127,4,1999,33,361,1098,29,2359,33,263,206,403,4,919 1,1,1,1,1,1,1,1,1,1,1,1,1,1
245,13,491,12006 1,1,1,1
109,2765,27,163,27,472 1,1,1,1,1,1
4701 14
11,485 1,1
11,1113,26,4454 1,1,1,1
150,403,4,775,10,564,102,77,4,9,85,7,77,1139,10234,973,8,1637,4,292,853,523,3633,148,32266,716,856,3298,853,42,814,4,480,3,1250,227,4,1124,797 1,1,1,1,1,1,1,1,1,1,1,1,1,1,1,1,1,1,1,1,1,1,1,6,6,1,1,1,1,1,1,1,1,1,1,1,1,1,1
1536,3,1042,91 1,1,1,1
136,4,332,720,4,455,48,4,1304,214,4,152,3,952,3,1465 1,1,1,1,1,1,1,1,1,1,1,1,1,1,1,1
2651,531,4,3065,3,11,93,196,4,11,243,3,11,277,352,4,1010,4,814,4,410,3,15,1103,1341,10,2072,10,664,51,999,642,4,704,92,14,871,4245,6972,3022,7,2806,180,29,9415,2067,4,414,65,7,113,3854,2593 1,1,1,1,1,1,1,1,1,1,1,1,1,1,1,1,1,1,1,1,1,1,1,1,1,1,1,1,1,1,1,1,1,1,1,1,1,1,1,1,1,1,1,1,1,1,1,1,1,1,1,1,1
7538,4,2232,968,3731,1861,29,96,3435,1965,97,5526,1242 1,1,1,1,1,1,1,1,1,1,1,1,1
535,220,1549,1965 1,1,1,1
4057,5,414,204 1,1,1,1
368,1164,244,742,5602 1,1,1,1,1
1002,4,7106,27,36,435,29,16554,27,108,1644,51,1773,233,117,220,14241,2779 1,1,1,1,1,1,1,1,1,1,1,1,1,1,1,1,1,1
414,6,5934,2593,3,51,31,6,8699,26,88,169,5934 1,1,1,1,1,1,1,1,1,1,1,1,1
775,10,745,402,7,88,95,927,12,6,8876,9,8893,3,32267,1904,3,2314,8 1,1,1,1,1,1,1,1,1,1,1,1,1,1,1,1,1,1,1
2721,4,204,17,32268,5,108,9515,7442,4,449,10,32269,8359,3277,5,2716 1,1,1,1,1,1,1,1,1,1,1,1,1,1,1,1,1
925,4,645,4,6882,29,863,117,10,58,1345 1,1,1,1,1,1,1,1,1,1,1
775,10,678,8965,3143,32270,412,8232,1016,3,247,3,4131,4,665,968,1866,26,3009,29,11,2652,1637,4,511,204,10,691,1008,3725,4,1316,675,4496,4,928,204,3746,3,123,4,2222,44,3,2525,185,675,3242,4,4620,5,6971,296,2005,4,1439,1017,670,4,44,2526,5,1256,29,11,2006 1,1,1,1,1,1,1,1,1,1,1,1,1,1,1,1,1,1,1,1,1,1,1,1,1,1,1,1,1,1,1,1,1,1,1,1,1,1,1,1,1,1,1,1,1,1,1,1,1,1,1,1,1,1,1,1,1,1,1,1,1,1,1,1,1,1
11,2947,2350 1,1,1
628,91,675 1,1,1
1851,2490,131,323,51,550,98,52,377,2610 1,1,1,1,1,1,1,1,1,1
11099,3484,527,2201,4536,4440,6994,17060,4358,5593,12266,187,108,108,108,108,108,108,108,108,108,108,59,108,108,108,108,108,108,108,108,108,108,1056,4,44,5,675,9,217,8,12,1345,2724,3,3525,3,4363,3,4869,5,595 1,1,1,1,1,1,1,1,1,1,1,1,1,1,1,1,1,1,1,1,1,1,1,1,1,1,1,1,1,1,1,1,1,1,1,1,1,1,1,1,1,1,1,1,1,1,1,1,1,1,1,1
415,220,1525,3818 1,1,1,1
3894,4,986,5,807,204 1,1,1,1,1,1
2719,1435,32271 1,1,1
4351,4,1435,1755,3,16582,3,5,12460,204 1,1,1,1,1,1,1,1,1,1
700,4,1493,149,4,17061,705,2401,9,294,8,3,592,2105,9,47,8,3,869,967,9,294,8,3,769,1299,9,294,8,3,392,856,3,888,17062,3,870,4365,9,294,8,17061,399,32272,349,11408,3,333,5495,9,294,8,3,536,32273,1251,72,689,4,413,241,89,4,74,14,11,1017,3445,3,240,915,3,202,7,199,1961,490,3,26,1939 1,1,1,1,1,1,1,1,1,1,1,1,1,1,1,1,1,1,1,1,1,1,1,1,1,1,1,1,1,1,1,1,1,1,1,1,1,1,1,1,1,1,1,1,1,1,1,1,1,1,1,1,1,1,1,1,1,1,1,1,1,1,1,1,1,1,1,1,1,1,1,1,1,1,1,1,1,1,1,1
1529,5,7920,57,1525,543,13,211,17063,84 1,1,1,1,1,1,1,1,1,1
74,14,11,5365 1,1,1,1
209,4421,696,3018,84,57,465,55 1,1,1,1,1,1,1,1
74,14,11,173,152,1233,474,26,12461,822 1,1,1,1,1,1,1,1,1,1
1525,1926,7,15,32274,12462,57,4403,55 1,1,1,1,1,1,1,1,1
689,2683,7,6,13504,338,5,5480,737,763,57,91 1,1,1,1,1,1,1,1,1,1,1,1
74,14,100,32275 1,1,1,1
506,4,89,2505,1991,221,12,6,17064,1177,75,550,1282,871,854 1,1,1,1,1,1,1,1,1,1,1,1,1,1,1
224,3966,5,694,513,14,420 1,1,1,1,1,1,1
177,4,338,5343 1,1,1,1
11,563,84,26,662,804 1,1,1,1,1,1
192,5,420,4,1483,379,719,256,182,2888,9,899,1189,12,6,48,3,214,3,5,2691,3026,3,5,21,68,19,4079,8,3,3206,17058,110,516,121,61,13,170,113,7,118,207,323,5,170,65,7,118,1242 1,1,1,1,1,1,1,1,1,1,1,1,1,1,1,1,1,1,1,1,1,1,1,1,1,1,1,1,1,1,1,1,1,1,1,1,1,1,1,1,1,1,1,1,1,1,1,1,1
77,639,17,500,1002,5,128,1242,223,95,927 1,1,1,1,1,1,1,1,1,1,1
149,57,569,708,2859,1348,448 1,1,1,1,1,1,1
413,241,569 1,1,1
24,169,61,20,1377,10,52,372,166,290,10,12459,35,402,270,3,693,74,20,464,6,284,7,32276 1,1,1,1,1,1,1,1,1,1,1,1,1,1,1,1,1,1,1,1,1,1,1,1
18,21,31,38,15,390,2870,10,192,17,1954,7,169,448,3,5,132,37,18,21,15,553,7,116,3,18,546,46,390,2870 1,1,1,1,1,1,1,1,1,1,1,1,1,1,1,1,1,1,1,1,1,1,1,1,1,1,1,1,1,1
18,546,98,46,62,679,35,15,11412,26,2919,419,14,1033,284,921 1,1,1,1,1,1,1,1,1,1,1,1,1,1,1,1
40,550,52,15,312,2490,371,10,6417,12,6,481,7,4771,96,43,500,25,82,3,51,40,546,52,15,505,7,9188 1,1,1,1,1,1,1,1,1,1,1,1,1,1,1,1,1,1,1,1,1,1,1,1,1,1,1,1
506,1849,15,664,7,17064,1991,508,284,1353,3,51,13,44,349,3,11,2190,923,82,26,263,3,5,11,249,3,50,704,92,14,2379,37,18,21,1353,5,41,96,224 1,1,1,1,1,1,1,1,1,1,1,1,1,1,1,1,1,1,1,1,1,1,1,1,1,1,1,1,1,1,1,1,1,1,1,1,1,1,1,1
3130,24,700,3130,2007,32277,17,2831,264,5,8302,2936,426,17,475,264,1048,19,763,32278,15863,7,6,1329,32279,7831,149,2351,401,2870,295,32280,1859,1489,6639,278,1218,4786,2747,5930,1689,3,3883,710,47,32281,3982,273,385,8054 1,1,1,1,1,1,1,1,1,1,1,1,1,1,1,1,1,1,1,1,1,1,1,1,1,1,1,1,1,1,1,1,1,1,1,1,1,1,1,1,1,1,1,1,1,1,1,1,1,1
