67,54,4,32314,32315,124,32316,10216,1073,528,3,3377,32317,8700,3,2640,32318,3,229,32319,32320,9,5413,8,32321,32322,747,198,331,4,4722,13075,3,229,30,7,61,328,4,6,28,14,15,698,3761,428,121,21,15,30,173,17,7259,621,735,938,12,1135,7,2697,27,11359,39,599,17,621,260 1,1,1,1,1,1,1,1,1,1,1,1,1,1,1,1,1,1,1,1,1,1,1,1,1,1,1,1,1,1,1,1,1,1,1,1,1,1,1,1,1,1,1,1,1,1,1,1,1,1,1,1,1,1,1,1,1,1,1,1,1,1,1,1,1,1,1
18,98,21,15,30,7,2027,155,76,3,1515,19,706,1341,2020 1,1,1,1,1,1,1,1,1,1,1,1,1,1,1
18,98,21,106,5,287 1,1,1,7,1,15
18,38,68,385,27,15,757,163,5,640,7,48,34,3,1575,34,5,100,489,34,17,620,36,113 1,1,1,1,1,1,1,1,1,1,1,1,1,1,1,1,1,1,1,1,1,1,1,1
2851,3,6,28,20,688,10,4503,224 1,1,1,1,1,1,1,1,1
425,12,6,318,499,3,6,28,20,514,10,52,1440,13,15,589,63,94,12,6,3790,3,75,265,10,6,3184,13,1053,5,63,4479 1,1,1,1,1,1,1,1,1,1,1,1,1,1,1,1,1,1,1,1,1,1,1,1,1,1,1,1,1,1,1,1
18,98,514,10,52,2254,5,46,15,824,7,279,42 1,1,1,1,1,1,1,1,1,1,1,1,1
6,28,20,98,514,10,52,1084,269,19,554,4480,63 1,1,1,1,1,1,1,1,1,1,1,1,1
24,805,20,131,185 1,1,1,1,1
6,28,20,1698,13,170,189,7,1308,1111,63,763,5,24,48,453,21,265 1,1,1,1,1,1,1,1,1,1,1,1,1,1,1,1,1,1
18,98,526,7431,19,32323,3,75,20,15,1097,3847,264,13,15,131,989,53,1529,3,131,1562,3,2239,2472,543,13,1501,94,1930,5,62,1505,891,1138,7,1294,42,10,171,42 1,1,1,1,1,1,1,1,1,1,1,1,1,1,1,1,1,1,1,1,1,1,1,1,1,1,1,1,1,1,1,1,1,1,1,1,1,1,1,1,1
1539,1029,20,98,55 1,1,1,1,1
74,20,989,7,394,32324,5,6,70,1529,13,131,988,1501,589,400 1,1,1,1,1,1,1,1,1,1,1,1,1,1,1,1
6,621,735,550,31,52,60,678 1,1,1,1,1,1,1,1
74,20,988,12064,5473,13,170,621,260 1,1,1,1,1,1,1,1,1
74,20,131,2220,1504,5,1505,9906,7,335,10,1188,1420,2038,658,94 1,1,1,1,1,1,1,1,1,1,1,1,1,1,1,1
74,20,5627,1027,1504,13,15,789,496,11643 1,1,1,1,1,1,1,1,1,1
6,621,735,1263,3114,20,32325,1420,5,3082,3114,20,32326,1420 1,1,1,1,1,1,1,1,1,1,1,1,1,1
735,548,20,31,2721 1,1,1,1,1
6,28,20,688,10,11359,39,599,17,516,7,24,116 1,1,1,1,1,1,1,1,1,1,1,1,1
18,55,37,24,48,34,21,265 1,1,1,1,1,1,1,1
18,55,37,18,38,627,7,24,472,437,19,380,5,226,7,184,27,427,126,12,1374,37,21,68,2122,626 1,1,1,1,1,1,1,1,1,1,1,1,1,1,1,1,1,1,1,1,1,1,1,1,1,1
18,90,1805,184,27,421 1,1,1,1,1,1
18,98,55,330,93,37,753,984,132,306,92,242,188,12,1374 1,1,1,1,1,1,1,1,1,1,1,1,1,1,1
18,90,88,249,3,459,26,263 1,1,1,1,1,1,1,1
80,39,30,4,173,17,7259,621,735,938,12,2459,3,12465,3,106,3,287,5,817,130,371 1,1,1,1,1,1,1,1,1,1,1,1,1,1,1,7,1,15,1,1,1,1
39,4,24,261,39,66,4503,224,143,706,279,22,337 1,1,1,1,1,1,1,1,1,1,1,1,1
711,105,3,2414,165,1315,1024,3,610,3611,22,337 1,1,1,8,8,1,1,1,9,1,1,1
1047,3,218,141,22,337 1,1,13,1,1,1
711,105,3,289,171,22,337 1,1,1,1,1,1,1
711,105,3,5917,108,22,337 1,1,1,28,1,1,1
711,105,3,736,125,22,337 1,1,1,12,1,1,1
711,105,3,1118,125,22,337 1,1,1,1,1,1,1
711,105,3,1405,829,22,337 1,1,1,1,1,1,1
32327,83 1,1
3448,3,203,547,22,337 1,1,11,1,1,1
711,105,3,752,487,1582,189,711,105,3,12466,108,22,337 1,1,1,1,1,1,1,1,1,1,1,1,1,1
711,105,3,4589,7,1184,2403 1,1,1,1,1,1,1
5,3166,2403 1,1,1
127,4,1339,5,1765 1,1,1,1,1
206,30,4,6,28,245,12,15,757,163 1,1,1,1,1,1,1,1,1,1
18,2230,1127,13,15,2515,3,693,18,21,1639,4381,744,1127,15,493,764 1,1,1,1,1,1,1,1,1,1,1,1,1,1,1,1,1
18,334,238,171,87,183 5,5,5,5,5,5
74,14,11,541,157 1,1,1,1,1
18,21,320,727,3,233,12,232,436,3,175,7,3016,14,1870,24,5,14,264,10,52,15,9419 1,1,1,1,1,1,1,1,1,1,1,1,1,1,1,1,1,1,1,1,1,1,1
102,101,4,6,28,197,1250,5,14,983,4585,12,15,3055 1,1,1,1,1,1,1,1,1,1,1,1,1,1
24,130,156,14,1490,10,1183,5,145,3,63,94,16588,3,390,14,32328,3,390,14,11700,3,386,156,14,125,3,1133,1045,853,42,19,58,59,965,5169,5,807,32329,576,14,1063,10,192,138,1768,2928 1,1,1,1,1,1,1,1,1,1,6,6,6,6,6,6,6,6,6,6,6,1,1,1,1,1,1,1,1,1,1,1,1,1,1,1,1,1,1,1,1,1,1,1,1,1,1
155,7271,2320,876,17067,7,6,1767,115,3,984,19,6,53,306,6,70 1,1,1,1,1,1,1,1,1,1,1,1,1,1,1,1,1
737,656,14,1097 1,1,1,1
74,57,11,216,222 1,1,1,1,1
216,1700,57,1194,1441,5,131,2308 1,1,1,1,1,1,1,1
19,130,77,3,1630,550,31,52,537 1,1,1,1,1,1,1,1,1
74,14,15,145,156,5,239,13,15,4105,8044,871,10,794,589,1263,213,1718,1586,27,6,70,473,1456,1876,584,2535,6,3801 1,1,1,1,1,1,1,1,1,1,1,1,1,1,1,1,1,1,1,1,1,1,1,1,1,1,1,1,1
74,57,11,502,26,561 1,1,1,1,1,1
114,111,11,743,3,750,26,93 1,1,1,1,1,1,1,1
74,14,504,975,93,100,530,115,10,6,595 1,1,1,1,1,1,1,1,1,1,1
177,111,338,239,27,15,156,7,1733,1611,135,435,3,53,585,985,3,1562,43,4092,13,507,563,5,1552,84,3,51,1146,197,10,52,747,1552,2575,12,1036,2611,10,2445,543,13,325,5,571,84,57,312,5174,306,677,143,188,19,32330,177 1,1,1,1,1,1,1,1,1,1,1,1,1,1,1,1,1,1,1,1,1,1,1,1,1,1,1,1,1,1,1,1,1,1,1,1,1,1,1,1,1,1,1,1,1,1,1,1,1,1,1,1,1,1,1,1
149,154,275,44,456,3,663,3,835,3,1072,1658,3,392,3,347,5,345 1,1,1,1,1,1,1,1,1,1,1,1,1,1,1,1,1,1
1184,5,512,143,44 1,1,1,1,1
1461,14,266,27,9482,1012,400,154,57,44 1,1,1,1,1,1,1,1,1,1
347,1259,14,558,3,805,14,2416,5,32331,13155,14,32332,687,264,57,401 1,1,1,1,1,1,1,1,1,1,1,1,1,1,1,1,1
733,398,14,15696,836,111,131,494,13,824,7,7829,42,13,44,733,7,4047,3,185,696,785,27,32333,5,1281,785,7,32334,2613,264,57,44 1,1,1,1,1,1,1,1,1,1,1,1,1,1,1,1,1,1,1,1,1,1,1,1,1,1,1,1,1,1,1,1,1
339,4,15,3761,428,13,817,130,371,3,95,1132,508,170,621,260,5,24,8042,621,735,938,17,35,188,12,2697,5,361,432,13,173,494,3,132,1698,5,265 1,1,1,1,1,1,1,1,1,1,1,1,1,1,1,1,1,1,1,1,1,1,1,1,1,1,1,1,1,1,1,1,1,1,1,1,1,1
6,28,98,21,209,2027,155,76,17,75,18,14,19,209,1202,340 1,1,1,1,1,1,1,1,1,1,1,1,1,1,1,1
50,704,6,1264,483,14,10,1964,1153,74,14,173,621,260,37,208,606,32335 1,1,1,1,1,1,1,1,1,1,1,1,1,1,1,1,1,1
19,77,3,372,2850,57,31,543,13,170,621,260,3,470,119,41,390,6,1132,425,5,1964,134,74,14,170,621,260,12,6,8042,735,3,5,134,470,3,1146,14,6,1704 1,1,1,1,1,1,1,1,1,1,1,1,1,1,1,1,1,1,1,1,1,1,1,1,1,1,1,1,1,1,1,1,1,1,1,1,1,1,1,1,1
1048,19,40,3,119,41,1964,1153,6,28,160,591,17068 1,1,1,1,1,1,1,1,1,1,1,1,1
134,470,3,18,41,160,10,46,24,361,1748,981,37,671,17,6,1085,7,361,432,12,890,10,343,40,12,3086,17,390,103,164 1,1,1,1,1,1,1,1,1,1,1,1,1,1,1,1,1,1,1,1,1,1,1,1,1,1,1,1,1,1,1
12,475,3,6,28,41,52,343,17,817,130,371,13,118,1890,3,96,24,5288,5,2284,3,105,140,3,1619,1817,1134,3,77,5,48,738 1,1,1,1,1,1,1,1,1,1,1,1,1,1,1,1,1,1,1,1,1,1,1,1,1,1,1,1,1,1,1,1,1
24,2213,41,52,118,290,10,24,95,778,927,3,1107,62,412,19,24,458,12,890,10,31,627,92 1,1,1,1,1,1,1,1,1,1,1,1,1,1,1,1,1,1,1,1,1,1,1,1
2213,41,52,2122,118,138,6,155,76,5,817,130,371 1,1,1,1,1,1,1,1,1,1,1,1,1
3011,41,52,826,319,13,1917,63,587 1,1,1,1,1,1,1,1,1
497,8700,467,3,229,746,32336,5777,2449,806,4,12467,825,4,12467,843,4,12467 1,1,1,1,1,1,1,1,1,1,1,1,1,1,1,1,1,1
