67,54,4,32513,32514,3,32515,3,5923,6,28,20,221,2518,43,6,6127,50,660,37,50,46,1187,5,101,6,28,3,81,6,385,607,19,6,28,82,940,3,5,235,172,3,104,7,198,3,5,566,13,6,28 1,1,1,1,1,1,1,1,1,1,1,1,1,1,1,1,1,1,1,1,1,1,1,1,1,1,1,1,1,1,1,1,1,1,1,1,1,1,1,1,1,1,1,1,1,1,1,1,1,1,1
30,7,61,328,4,6,28,14,15,11770,358,13,71,5,365,63,94,121,61,10,6,318,702,640,7,128,1371,994,116,17,117,65,98,146,128,48,453,37,21,68,19,5,650,159,3291 1,1,1,1,1,1,1,1,1,1,1,1,4,1,7,7,7,1,1,1,1,1,1,1,1,1,1,1,1,1,1,1,1,1,1,1,1,1,1,1,1,1,1,1,1
90,88,424,13,263,26,656 1,1,1,1,1,1,1
50,14146,92,14,27,427,5,98,13,308,5,1005,98,118,226,7,184,13,308 1,1,1,1,1,1,1,1,1,1,1,1,1,1,1,1,1,1,1
11,194,114,474,5,11,760 1,1,1,1,1,1,1
21,68,46,650,5,19,48,453 1,1,1,1,1,1,1,1
313,3,12,6,80,939,129,3,38,72,1011,27,32516,32517,599,135,23,146 1,1,1,1,1,1,1,1,1,1,1,1,1,1,1,1,1,1
90,88,555,3,249,26,459,26,95,1863 1,1,1,1,1,1,1,1,1,1
242,46,15,72,1011,43,23,146,27,62,1987,124,939,129,183 1,1,1,1,1,1,1,1,1,1,1,1,1,1,1
80,39,30,4,173,17,106,3,71,165,606,3,5,776 1,1,1,1,1,1,1,1,4,8,1,1,1,15
127,4,16,21,11,374,127 1,1,1,1,1,1,1
137,39,4,165,3,218,3,348,3,5,14905,39 1,1,1,8,1,13,1,17,1,1,1,1
206,30,4,6,28,14,15,137,1095,3,90,88,541,26,247,357,157 1,1,1,1,1,1,18,18,18,1,1,1,1,1,1,1,1
80,591,30,4,860,918,12,6,80 1,1,1,1,1,1,1,1,1
81,7,182,4,1371,994,3,263,3,226,7,184,3,5,48,453 1,1,1,1,1,1,1,1,1,1,1,1,1,1,1,1
102,101,4,1130,3,44,316,205 1,1,1,1,1,1,1,1
16,14,376,62,1821,358,12,11,199,342 1,1,1,1,1,1,1,1,1,1
1124,4130 1,1
155,57,91,10,463 1,1,1,1,1
103,77,304,3,310,3,145,239,13,11,561,3,502,3,26,213 1,1,1,1,1,1,1,1,1,1,1,1,1,1,1,1
214,14,244,152,5,396 1,1,1,1,1,1
11,910,19,77 1,1,1,1
188,19,413,5,136,77,3,3276,57,91,100 1,1,1,1,1,1,1,1,1,1,1
1239,14,91 1,1,1
136,14,332 1,1,1
457,532,4,137,3,464,401 1,1,1,1,1,1,1
177,44,338,239,13,11,2894,1076,84,26,202,7,325,26,490 1,1,1,1,1,1,1,1,1,1,1,1,1,1,1
339,5,104,4,15,11770,358,3,71,3,106,3,61,13,2190,116 1,1,1,1,1,1,1,1,1,1,1,1,1,1,1,1
11,202,7,77,26,934,250,31,81,43,262,331,250,48,453,27,88,85,35,16,21,38,17,15,493,129,3,627,95 1,1,1,1,1,1,1,1,1,1,1,1,1,1,1,1,1,1,1,1,1,1,1,1,1,1,1,1,1
109,31,197,10,52,380,422,3,313,3,138,23,173,341,709,5,11,607,429,264,12,1025,182,119,41,469,12,1642,17,15,826,319,62,1011,12,6,495 1,1,1,1,1,1,1,1,1,1,1,1,1,1,1,1,1,1,1,1,1,1,1,1,1,1,1,1,1,1,1,1,1,1,1,1,1
497,4962,3,5923,107 1,1,1,1,1
487,4,17114,292,4,17114,533,43,4,4962,3,5923,746,32518,6620 1,1,1,1,1,1,1,1,1,1,1,1,1,1,1
