67,54,4,32490,28,414,4,3937,3,10127,257,542,4,17096,259,54,7,112,4,32491,404,17,112,369,112,17,40,17097,13,403,500,179,151,121,468,17,268,5536,7,151,3,2358 1,1,1,1,1,1,1,1,1,1,1,1,1,1,1,1,1,1,1,1,1,1,1,1,1,1,1,1,1,1,1,1,4,1,1,1,1,1,1,4,1,1
30,7,61,328,1824,10,84,23,960,10,69,9,180,1034,69,8,5,514,1328,922,56,442,588,132,32492,471,372,3,233,845,5606,1805,43,23,2358,11261,3,21,68,32493,19,1667,16,1344,92 1,1,1,1,1,1,1,1,8,1,1,1,1,1,1,1,1,1,1,1,1,1,1,1,1,1,1,1,1,1,1,1,1,1,1,1,1,1,1,1,1,1,1,1,1
38,58,255,3267,2587,27,15,80,2746,217,991,183,3,3376,134,550,46,3609,286 1,1,1,1,1,1,1,1,1,1,1,1,1,1,1,1,1,1,1
636,157,247,357,3,636,38,4776,121,157,247,357 1,1,1,1,1,1,1,1,1,1,1,1
81,1125,7,6314,3,266,341,7,2159,6314,3,2314 1,1,1,1,1,1,1,1,1,1,1,1
147,151,256,3394,595,822,256,357,1229,699,285,47,17098,531,108,12079,185,520,3603,367,1725,2555,4,32494,151,3,719,110,634,2258,29,14965,1725,29,11,32495,3,11,142,3,11,32496,399,301,2174,17099,4,17100,3,285,17101,127,1545,39,1827,9,203,1148,1463,8,9,1026,45,2812,49,36,45,9,73,8,8,25,32,294,345,154,2126,2303,9,49,8,1140,105,157,165,2775,17,105,9,49,8,1506,69,5,167,294,3820,2303,9,49,8,1140,105,157,960,9,165,2755,8,180,189,521,69,218,141,22,25,32,348,2827,22,25,305,2071,9,549,45,49,36,45,9,73,8,8,25,276,19,125,27,85,7,112,206,30,245,13,32497,5,24,727 1,4,1,1,1,1,1,1,1,18,1,1,1,1,1,1,15,15,1,1,1,1,1,1,4,1,1,1,1,1,1,1,1,1,1,1,1,1,1,1,1,1,1,1,1,1,1,1,1,1,1,1,1,1,11,1,1,1,1,1,1,1,1,1,1,1,1,1,1,1,1,1,1,1,1,1,1,1,1,1,1,1,1,1,1,1,1,1,1,1,1,1,1,1,1,1,1,1,1,1,1,1,1,1,8,1,1,1,1,1,1,1,1,13,1,1,1,1,17,1,1,1,1,12,1,1,1,1,1,1,1,1,1,1,1,1,1,1,1,1,1,1,1,1,1,1,1,1,1,1
14,11,1810,858,13,32498,3,121,14,573,7,23,727 1,1,1,1,1,1,1,1,1,1,1,1,1
66,12475,1219,29,245,12,26,17,581,991,3,12,8702,159,2697,3,104,10,1216 1,1,1,1,1,1,1,1,1,1,1,1,1,1,1,1,1,1,1
95,112,32499,12,12475 1,1,1,1,1
21,2329,929,3,723,996,12,12475 1,1,1,1,1,1,1,1
285,35,32500,32501,3,32502,1352,32503,3,2145,166,92 1,1,1,1,1,1,1,1,1,1,1,1
190,16,1535,1146,677,57,530,5881,66,23,2133,169,2233 1,1,1,1,1,1,1,1,1,1,1,1,1
31,2922,13,23,12,104,4658,4366,8602,78,500,1571,2446,3,51,23,4752,344,2865,175,104 1,1,1,1,1,1,1,1,1,1,1,1,1,1,1,1,1,1,1,1,1
11,485,3,11,357,157,137 1,1,1,1,1,1,1
11,403,4454 1,1,1
21,1571,2446,3,51,8602,46,233,68,118 1,1,1,1,1,1,1,1,1,1
316,205,63,94,4,32504,53,303,133,4,1106,145,140,4,3113,624,102,77,814,4,60,197,3,480,3,232,3983 1,1,1,1,1,1,1,1,1,1,1,1,1,1,1,1,1,1,1,1,1,1,1,1,1,1,1
339,17097,13,500,179,151,3,10129,121,468,17,268,5536,151,5,13,95,1363,1603,2358 1,1,1,1,1,4,1,1,1,1,1,1,1,4,1,1,1,1,1,1
225,1576,40,279,435,112,20,1858,235,6815,7,6314,7,2358,5,1331,641,166,32505,17,588,3,35,60,35,1657,7,151,5536 1,1,1,1,1,1,1,1,1,1,1,1,1,1,1,1,1,1,1,1,1,1,1,1,1,1,1,4,1
104,151,4,398,38,468,467,66,5026,56,442,3344,3,51,115,10,5038,99,144 1,4,1,1,1,1,1,1,1,1,1,1,1,1,1,1,16,16,16
132,588,681,476,19,486,960,17102,105,3,2111,69 1,1,1,1,1,1,8,1,1,1,1,1
791,137,389,3,827,398,441,112 1,1,1,1,1,1,1,1
1758,47,17,79,10,32506,439,13,3284,3,99,112,1826,4401,791,348 1,1,1,1,1,1,1,1,1,1,1,1,1,1,1,17
38,5283,461,32507,943,19,9063,77,29,20,10,46,439,4730,51,242,887,2487 1,1,1,1,1,1,1,1,1,1,1,1,1,1,1,1,1,1
4678,185,967,12,8596,29,19,2002 1,1,1,1,1,1,1,1
49,252,32 1,1,1
38,1980,4791,322,77,409,5336 1,1,1,1,1,1,1
10129,4,791,2002 1,1,1,1
99,967,8596 1,1,1
819,211,1715,5336 1,1,1,1
96,819,19,348 1,1,1,17
2358,4,2954,20,193 1,1,1,1,1
4958,2455 1,1
12357,2455 1,1
16,38,15,3267,2587,963,1225,2165,27,285,3,20,887,154,27,37,85,17,17103,3,51,38,439,154,9,17,2954,344,758,8,7923 1,1,1,1,1,1,1,1,1,1,1,1,1,1,1,1,1,1,1,1,1,1,1,1,1,1,1,1,1,1,1
10128,3,193,27,37,85 1,1,1,1,1,1
235,37,2358,208,60,46,68,66,3267,2587 1,1,1,1,1,1,1,1,1,1
3413,2085,20,409,3,2358,17104,10034 1,1,1,1,1,1,1,1
1228,46,68,543,409,3,99,9867 1,1,1,1,1,1,1,1
20,10,46,1012,2772,7923 1,1,1,1,1,1
17105,12,1604,3,51,636,957 1,1,1,1,1,1,1
50,41,732,64,17105,10,10120,1567,7,2772 1,1,1,1,1,1,1,1,1,1
2323,8308,4,17106,1089,17107,17,1776,12,1306 1,1,1,1,1,1,1,1,1,1
41,12476,27,1398,112 1,1,1,1,1
8602,6843,1294,17,17108,112,33,1063,17,201 1,1,1,1,1,1,1,1,1,1
287,4,21,266,926,2148,12,9867,3,81,89,78,2324,1603,288 1,1,1,1,1,1,1,1,1,1,1,1,1,1,1
580,5821,19,2071,56,3168,10,171,1249,1228,409,9867 63,63,1,12,1,1,1,1,1,1,1,1
827,17109,19,3168,32508,441,112 1,1,1,1,1,1,1
3303,4,520,35,270 1,1,1,1,1
38,2722,3545,6497,684,4,1732,17110,467,33,16,557,32509 1,1,1,1,18,18,18,18,18,18,18,18,18
527,3753,12,80,17111,915 1,1,1,1,1,1
1758,201,47,17,11825,10,482,1571,1224,16544,3,35,16,21,68,1751,12,40,3,2050,319,128,8069,17,32510,254,12,80 1,1,1,1,1,1,1,1,1,1,1,1,1,1,1,1,1,1,1,1,1,1,1,1,1,1,1,1
98,2865,10,1668,188,10,596,17,5218,404,89,3,51,16,1574 1,1,1,1,1,1,1,1,1,1,1,1,1,1,1
1521,32511,439,151,3,2358,3,144,17109,3,32512,497,17112,12474,17113,3,107 1,1,1,4,1,1,1,1,1,1,1,1,1,1,1,1,1
