67,54,4,32467,17092,207,124,281,297,1872,7665,2780,3937,3,10127,8702,3,5224,17093,17094,32468,28,14,15,32469,498,121,468,12,17,96,115,19,23,5094,801,317,645,71 1,1,1,1,1,1,1,1,1,1,1,1,1,1,1,1,1,1,1,1,1,1,1,1,1,1,1,1,1,1,1,1,1,1,1,1,4,4,4
16,21,68,244,2581,13,23,39,389,75,543,7,348,3345,25,2568 1,1,1,1,1,1,1,1,1,1,1,1,17,1,1,1
5,596,165,15379,32470 1,8,8,1,1
16,21,38,58,255,7,970,3,51,16,242,31,144,23,63,366,27,6,85 1,1,1,1,1,1,1,1,1,1,1,1,1,1,1,1,1,1,1
16,21,31,38,88,2376,418,26,1171 1,1,1,1,1,1,1,1,1
16,242,46,36,255,834,16,38,6,511,7,170,3665,130,1611 1,1,1,1,1,1,1,1,1,1,1,1,1,1,1
40,20,31,1870,43,174,116,158,11,48,34 1,1,1,1,1,1,1,1,1,1,1
16,21,636,38,15,1921,63,345,998,6,794,850,82 1,1,1,1,1,1,1,1,1,1,1,1,1
50,272,981,868,23,3229,5,122,37,23,272,10555,345,46,68,1226,32471,5,397,2235,677,46,68,1226,32472,16,21,1803,1818,170,85,13,32473,5886,17,71,2160,5,17,7536,7,23,340,5,21,1818,13,15,3063,10,81,6,14398,7,15,71,353 1,1,1,1,1,1,1,1,1,1,1,1,1,1,1,1,1,1,1,1,1,1,1,1,1,1,1,1,1,1,1,1,1,1,1,4,1,1,1,1,1,1,1,1,1,1,1,1,1,1,1,1,1,1,1,1,1
19,102,77,3,16,14,12,11,342,3,23,140,14,5409,3,23,63,94,14,16251,12,6,70,303,983 1,1,1,1,1,1,1,1,1,1,1,1,1,1,1,1,1,1,1,1,1,1,1,1,1
339,5,104,4,16,464,21,365,366 1,1,1,1,1,1,1,1,1
50,41,118,23,165,389 1,1,1,1,8,1
16,14,3845,10,1190,15,896,1050,5,470,23,301,389,41,52,596,165,558,189,397,1429,5,558,189,397,1350 1,1,1,1,1,1,1,1,1,1,1,1,1,1,1,8,8,1,1,1,1,1,1,1,1,1
5,16,86,10,49,348,3345,25,2568 1,1,1,1,1,17,1,1,1
5,50,46,138,201,15,1581,17,40,3,47,388,3,878,117,3,35,60,35,2775,5,3267,3,47,335,3,878,195,16,14,10,96,115,13,271,12,170,129,5,2110,134,16,21,301,147,26,479 1,1,1,1,1,1,1,1,1,1,1,1,1,1,1,1,1,1,1,1,1,1,1,1,1,1,1,1,1,1,1,1,1,1,1,1,1,1,1,1,1,1,1,1,1,1,1
50,46,1260,201,223,118,23,444,7,308,5,223,1515,23,353,5,50,46,98,773,201,10,732,271,134,16,546,46,88,116,7,1292,5,10,564,23,1921,345,1164,27,37,85,35,60 1,1,1,1,1,1,1,1,1,1,1,1,1,1,1,1,1,1,1,1,1,1,1,1,1,1,1,1,1,1,1,1,1,1,1,1,1,1,1,1,1,1,1,1
2860,17095,10128,3,107 1,1,1,1,1
32474,4,32475,32476,32477,32478,250,2412,51,31,81,43,1007,250 1,1,1,1,1,1,1,1,1,1,1,1,1,1
