67,54,4,32597,1180,36,168,55,168,54,4,1655,210,3,2260,28,414,4,10130,8681,542,47,4,17121,262,4,4685,3,32598,3,229,281,4,6242,17122,3,229,3747,4,28,3,67,730,234,4,300,5,375,282,4,1232,379,522,13,15,80,39,30,7,500,179,71,9,9399,398,6761,12,17123,8,3,106,5,287,121,61,13,267,65,7,53,412,34,5,15,175,65,30,7,300,5,375 1,1,1,1,1,1,1,1,1,1,1,1,1,1,1,1,1,1,1,1,1,1,1,1,1,1,1,1,1,1,1,1,1,1,1,1,1,1,1,1,1,1,1,1,1,1,1,1,1,1,1,1,1,1,1,1,1,1,1,4,4,4,1,16,16,16,1,1,1,1,7,1,15,1,1,1,1,1,1,1,1,1,1,1,1,1,1,1,1,1,1
6,28,82,412,34,1196,19,58,65,169,10,168,5,21,626,10,15,170,6018,34,37,2977,15,112,10,6,3000,230 1,1,1,1,1,1,1,1,1,1,1,1,1,1,1,1,1,1,1,1,1,1,1,1,1,1,1,1
6,28,55,37,24,889,14,312,4397,37,712,600,18,109,31,122,60,319,7,37,412,27,472 1,1,1,1,1,1,1,1,1,1,1,1,1,1,1,1,1,1,1,1,1,1,1
11,70,412,116 1,1,1,1
6,28,98,387,300,5,291,246,40,272 1,1,1,1,1,1,1,1,1,1
6,34,20,131 1,1,1,1
18,768,6,34,35,599,12,24,6485 1,1,1,1,1,1,1,1,1
18,109,31,146,48,34,26,94,5,146,11,116,7,584,10,24,489,26,1575 1,1,1,1,1,1,1,1,1,1,1,1,1,1,1,1,1,1,1
18,55,37,6,300,14,31,424,13,288,26,1307,43,427 1,1,1,1,1,1,1,1,1,1,1,1,1,1
6,453,21,68,2550,159,92,1196,40,272 1,1,1,1,1,1,1,1,1,1
18,90,11917,3,249,3,459,3,446 1,1,1,1,1,1,1,1,1
6,28,90,3546,46,48,34,26,226,7,184,13,380 1,1,1,1,1,1,1,1,1,1,1,1,1
12,6,230,6,28,20,514,10,46,15,1194,185,17124,94,7,12865,18,20,343,13,1202,3,5268,1796,3,1860,1796,894,5,1072,16499,1707,9,394,25,5,894,8,10,194,24,94 1,1,1,1,1,1,1,1,1,1,1,1,1,1,1,1,1,1,1,1,1,1,1,1,1,9,9,9,1,1,1,1,1,1,1,1,1,1,1,1,1,1
6,28,20,1377,10,46,199,976,3262,1906,646,43,12229,71,1082 1,1,1,1,1,1,1,1,1,1,1,1,1,1,1
80,39,30,4,71,4,32599,6761,12,4245,5708,18,21,68,19,165,17,117,87,5,21,68,15,71,17,539,87,412,32600,12,4041,32601,3214,7,71,1082,12,2951,32602,1939,12,2951,106,71,324,30,7,381,326,756,12,2697,494,4,514,10,46,9048,763,9404 1,1,1,1,4,1,1,1,1,1,1,1,1,1,1,8,1,1,1,1,1,1,1,1,1,1,1,1,1,1,1,1,1,1,1,1,1,1,1,1,1,1,7,4,1,1,1,1,1,1,1,1,1,1,1,1,1,1,1,1
1054,264,3,1332,3,1669,1043 1,1,1,1,1,1,1
333,211,367,30,7,1158,254,4,2414,4182,32603,27,32604,2414,4182,32605,27,2235,809,2256,69,930,1801,1230,9,1770,5076,8,10445,252,1026,32,780,799,32,729,515,32,9,126,1023,29,1367,43,64,10936,8,610,686,3,1576,45,69,218,549,32,236,515,32,1835,2286,32,233,4,790,1022,4,719,3006,440,1912,66,484,861,147,408,3,832,3006,440,2846,66,667,5,48,411,3,117,1020,15,78,914,3,175,1020,583,12,23,586,82,13,623,399,3,58,848,3006,3,175,315,1042,3,6,174,38,1719,2942,440,335,1144,4,79,245,13,175,7,24,491 1,1,1,1,1,1,1,1,8,1,1,1,1,8,1,1,1,1,17,1,1,1,1,1,1,1,1,1,11,11,1,1,28,1,1,20,1,1,1,1,1,1,1,1,1,1,1,9,1,1,1,1,1,13,1,1,12,1,1,1,1,1,1,1,1,1,1,1,1,1,1,1,1,1,1,1,1,1,1,1,1,1,1,1,1,1,1,1,1,1,1,1,1,1,1,1,1,1,1,1,1,1,1,1,1,1,1,1,1,1,1,1,1,1,1,1,1,1,1,1,1,1,1,1,1,1,1,1
18,109,31,238,26,728,485,102,101,316,205,4,853,8810,2277,125,231,42,19,658,207,197,4,60,12,480,227,4,1806,3,1852,3,1042,91,13,1536,196,4,11,277,3,11,4107,136,4,332,3,3038,1017,3,910,917,3,4061,4,11,777,2341,48,4,1304,130,4,455,3,44,2744,1256,3,152,2409,27,10716,214,4,152,3,673,2120,246,10,1672,1046 1,14,14,14,1,1,1,1,1,1,1,1,1,1,1,1,1,1,1,1,1,1,1,1,1,1,1,1,1,1,1,1,1,1,1,1,1,1,1,1,1,1,1,1,1,1,1,1,1,1,1,1,1,1,1,1,1,1,1,1,1,1,1,1,1,1,1,1,1,1,1,1,1,1,1,1,1,1,1,1,1,1,1
11,1482,26,1641 1,1,1,1
11,240,3,11,14179 1,1,1,1,1
269,326,327 1,1,1
114,4,617,3,11,1379,352,4,15,78,3035,3,1169,741,77,149,705,1952,592,1880,869,2667,769,6653,392,1695,9,83,8,888,955,870,32606,9,83,8,399,4114,1179,2750,22,2044,1077,1792,1791,1701,1506,3838,1388,1853,1938,2750,9,83,8,2967,3421,9,83,8,2289,2811,9,83,8,1565,856,1527,680,1566,382,1077,1792,1791,1701,1336,72,2340,72,349,2636,734,15458,9,59,8,560,4808,9,59,8,333,6518,9,59,8,653,1600,786,7659,823,5337,536,669,795,4178,9,83,8,2749,370,1125,1277,42,1209,447,9,83,8,42,577,1245,42,847,58,9,59,8,42,830,36,42,864,519,2649,32607,2650,15860,2701,7178,9,59,8,2702,2974,9,59,8,2703,2873,1661,200,1577,200,2599,200,1971,200,79,5637,9,292,8,1074,1492,9,292,8,1067,17125,9,986,8,1356,264,4,506,4,11,458 1,1,1,1,1,1,1,1,1,1,1,1,1,1,1,1,1,1,1,1,1,1,1,1,1,1,1,1,1,1,1,1,1,1,1,1,1,1,1,1,1,1,1,1,1,1,1,1,1,1,1,1,1,1,1,1,1,1,1,1,1,1,1,1,1,1,1,1,1,1,1,1,1,1,1,1,1,1,1,1,1,1,1,1,1,1,1,1,1,1,1,1,1,1,1,1,1,1,1,1,1,1,1,1,1,1,1,1,1,1,1,1,1,1,1,1,1,1,1,1,1,1,1,1,1,1,1,1,1,1,1,1,1,1,1,1,1,1,1,1,1,1,1,1,1,1,1,1,1,1,1,1,1,1,1,1,1,1,1,1,1,1,1,1,1,1,1,1,1,1,1,1,1,1,1,1,1,1,1,1
19,6,525,2257,344,74,14,128,118,3791,1991,12,6,789,91,2618,75,550,1282,387,2413,26,3,12,6,5137,224,481,3,550,1282,15,5839,3688,3688,7,854 1,1,1,1,1,1,1,1,1,1,1,1,1,1,1,1,1,1,1,1,1,1,1,1,1,1,1,1,1,1,1,1,1,1,1,1,1
74,14,301,7964,7,6,789,13201,3262,543,13,15,381,1432,7,997,633 1,1,1,1,1,1,1,1,1,1,1,1,1,1,1,1,1
291,1321,4,72,264 1,1,1,1,1
288,429,154,4,11,563,1076,84,143,1642,405,40,154 1,1,1,1,1,1,1,1,1,1,1,1,1
2117,4,200 1,1,1
1445,4,1097,288,2153 1,1,1,1,1
27,1263,288,3,28,640,7,4074,190,1307,43,7159,139,170,435 1,1,1,1,1,1,1,1,1,1,1,1,1,1,1
72,17,325 1,1,1
177,4,924 1,1,1
301,1865,12,2712,3,662,12,1016,3,44,1090,5,694,3,11,563,84,2578,4,6,28,14,15,1232,379,522,13,500,71,324,3,106,3,5,287,121,61,13,199,976,3262,1906,5,300,5,375 1,1,1,1,1,1,1,1,1,1,1,1,1,1,1,1,1,1,1,1,1,1,1,1,1,1,1,1,4,1,1,7,1,1,15,1,1,1,1,1,1,1,1,1,1,1
176,1906 1,1
166,507,10,12229,71,1082 1,1,1,1,1,1
35,420,43,6,2728,278,3,50,41,745,6,96,254,32608,276,32609,7301,892,32610,69,32611,69,32612,69,32613,32614,41,52,450,976 1,1,1,1,1,1,1,1,1,1,1,1,1,1,1,1,1,1,1,1,1,1,1,1,1,1,1,1,1,1
134,92,109,31,3767,467,3,6,28,208,160,164,12,6,272 1,1,1,1,1,1,1,1,1,1,1,1,1,1,1
178,300,5,375,6,1154,505,14,4120,5,158,116,422,10,1906,3,2323,695,3,116,66,62,3352,138,24,30,3,4362,1158,5,2462,5382 1,1,1,1,1,1,1,1,1,1,1,1,1,1,1,1,1,1,1,1,1,1,1,1,1,1,1,1,1,1,1,1
7,571,3,50,1526,37,116,66,1906,26,5382,14,372,166 1,1,1,1,1,1,1,1,1,1,1,1,1,1
33,50,890,15,4396,19,6,1109,75,111,44,326,2688,135,32615,3876,1164 1,1,1,1,1,1,1,1,1,1,1,1,1,1,1,1,1
33,50,704,695,14,2379,138,24,30 1,1,1,1,1,1,1,1,1
313,3,50,1526,37,18,160,15,429,154,138,24,170,71 1,1,1,1,1,1,1,1,1,1,1,1,1,4
50,41,52,775,10,1567,175,17,1560,9,3416,65,8,3,51,50,1526,18,160,175,35,62,319,28,264,12,6,1143,1398 1,1,1,1,1,1,1,1,1,1,1,1,1,1,1,1,1,1,1,1,1,1,1,1,1,1,1,1,1
50,41,745,252,3,682,1796,5,1176 1,1,1,1,1,1,1,1,1
50,41,31,745,676,138,37,24,6494,3271,14,344,36 1,1,1,1,1,1,1,1,1,1,1,1,1
33,4362,1158,14,284,600,24,77,14,470,32616 1,1,1,1,1,1,1,1,1,1,1
50,41,1241,745,79,296,32617,2370,5,96,24,17,1158,116 1,1,1,1,1,1,1,1,1,1,1,1,1,1
195,209,153,371,40,14,166,507,10,71,1383 1,1,1,1,1,1,1,1,1,1,1
79,14,27,472,347,253,494,79,14,27,472,347 1,1,1,1,1,1,1,1,1,1,1,1
18,20,514,10,46,9048,763,9404 1,1,1,1,1,1,1,1
1054,264,3,1332,3,1669,1043 1,1,1,1,1,1,1
333,211,346,71,41,86,596,5,145,165,5,1495,13,4221 1,1,1,4,1,1,1,1,1,8,1,1,1,1
460,1155,19,815 1,1,1,1
659,676,1155,517,6,28,14,4200 1,1,1,1,1,1,1,1
11262,6242,17122,3,229,32618 1,1,1,1,1,1
