67,54,4,33271,33272,3,33273,3,6012,6,28,20,221,12,2962,13,385,3,64,7355 1,1,1,1,1,1,1,1,1,1,1,1,1,1,1,1,1,1,1,1
385,82,55,20,81 1,1,1,1,1
6,28,20,221,5,101,43,271 1,1,1,1,1,1,1,1
395,122,6,385,82,55,17,402,7,6,28,82,80,39,3,206,3,150,30,3,81,7,182,3,5,102,77 1,1,1,1,1,1,1,1,1,1,1,1,1,1,1,1,1,1,1,1,1,1,1,1,1,1,1
730,234,4,1507,5,837 1,1,1,1,1,1
30,7,61,328,4,40,14,15,6045,428,13,15,30,7,419,5,697,12,10155,5,15,2237,30,7,71,121,61,89,13,15,1925,17261,11865,511,12,24,70,666,27,8739,1532,477,1418 1,1,1,1,1,1,1,1,1,1,1,1,1,1,1,1,1,1,1,1,1,1,1,1,4,1,1,1,1,1,1,1,1,1,1,1,1,1,1,1,1,1,1
92,99,2100,896,5,286,492,538 1,1,1,1,1,1,1,1
8179,435,525,3,18,1005,15,1075,511,12,24,70,666,17,15,493,896,5,286,538,492,3,5,286,18,1005,92,12,24,70,322,5,6,415 1,1,1,1,1,1,1,1,1,1,1,1,1,1,1,1,1,1,1,1,1,1,1,1,1,1,1,1,1,1,1,1,1,1
18,33274,24,415,12,24,2768,5,286,37,538,139,15,493,896,5,286,180,435,139,37,18,38,15,1075,51,602,170,511,12,6,33275,7,24,53,666,27,223,16700,37,286,538,492 1,1,1,1,1,1,1,1,1,1,1,1,1,1,1,1,1,1,1,1,1,1,1,1,1,1,1,1,1,1,1,1,1,1,1,1,1,1,1,1,1,1,1
159,286,3,18,21,38,11,511,166,40 1,1,1,1,1,1,1,1,1,1
18,21,38,4581,5,3267,190,12,24,666,5,764,12,6,80,3,51,636,15,1925,17261,190,166,40,12,6,80 1,1,1,1,1,1,1,1,1,1,1,1,1,1,1,1,1,1,1,1,1,1,1,1,1,1,1
18,38,11,2151,3,1242,3,323,3,837,1297,3,616,3,314,7,2778,3,611,3,697,308,3,84,12,24,39,3,26,88,301,39 1,1,1,1,1,1,1,1,1,1,1,1,1,1,1,1,1,1,1,1,1,1,1,1,1,1,1,1,1,1,1,1
18,1343,24,423,35,712,40,495,3,14,132,116,770,3,5,244,60,197 1,1,1,26,1,1,1,1,1,1,1,1,1,1,1,1,1,1
18,454,24,1622,82,668,5,6,757,933,24,10,468,10,6,318,499,10,52,144 1,1,1,1,1,1,1,1,1,1,1,1,1,1,1,1,1,1,1,1
80,39,30,4,106,3,71,3,365,393,3,697,12,6,481,7,15,419,12,10155,3,5,15,53,2115,419,12,10155 1,1,1,1,7,1,4,1,15,15,15,1,1,1,1,1,1,1,1,1,1,1,1,1,1,1,1,1
18,21,38,11,697,159,286 1,1,1,1,1,1,1
18,21,1486,70,194,114,323,3,75,14,132,681,265 1,1,1,1,1,1,1,1,1,1,1,1,1
713,12,10155,111,62,559,7,335,42 1,1,1,1,1,1,1,1,1
18,21,2383,1562,3,11,766,759,448,3,5,11,174,164 1,1,1,1,1,1,1,1,1,1,1,1,1,1
206,30,4,80,1095,7,180,1308,87,3,485,200,3,5,11,247,357,157 1,1,1,5,5,5,5,5,5,1,1,1,1,1,1,1,1,1
18,285,35,15,4720,594,355,5,245,13,24,150 1,1,1,1,1,1,1,1,1,1,1,1
150,30,4,2101 1,1,1,1
81,7,182,4,376,3,72 1,1,1,1,1,1,1
39,4,18,49,2166,3,1286,3,809,3,423,3,274,3,1262,3,5,236 1,1,1,1,1,1,21,1,17,1,26,26,9,1,27,1,1,12
127,4,200 1,1,1
102,101,4,18,14,1130,13,44,5,211,316,205 1,1,1,1,1,1,1,1,1,1,1,1
980,3,410,3,5,12,11,342 1,1,1,1,1,1,1,1
24,77,14,492,569,158,1006,628,12,24,473,5,194,114 1,1,1,1,1,1,1,1,1,1,1,1,1,1
700,14,44 1,1,1
18,21,11,2238,205,3,80,802,3622,3,3985,3,2771,3,741,323,3,26,88,741,1009,1030,27,233 1,1,1,1,1,1,1,1,1,1,1,1,1,1,1,1,1,1,1,1,1,1,1,1
457,532,4,177,111,1871,27,215,1611,15,435,13,1452,1552,84 1,1,1,1,1,1,1,1,1,1,1,1,1,1,1
1921,14,6850,2166,444,14,44 1,1,1,1,1,1,1
413,241,111,11,202,7,432,26,88,174,448 1,1,1,1,1,1,1,1,1,1,1
318,499,438,4,273,20,278,5,740,13,6,505,7,166,330,604 1,1,1,1,1,1,1,1,1,1,1,1,1,1,1,1
677,41,575,1567,903,630,36,113,17,40,28,13,24,3858,5,18,14,933,10,122,24,747,198,331,630,58,113,5,10,369,10,6,318,499,17,88,48,34,3,226,7,184,3,26,88,174,627,7,24,116 1,1,1,1,1,1,1,1,1,1,1,1,1,1,1,1,1,1,1,1,1,1,1,1,1,1,1,1,1,1,1,1,1,1,1,1,1,1,1,1,1,1,1,1,1,1,1,1,1,1
566,4,18,14,60,197,27,6,85,7,261,12,2275,534 1,1,1,1,1,1,1,1,1,1,1,1,1,1
497,7863,3,6012,107 1,1,1,1,1
487,4,17262,292,4,17262,533,43,4,7863,3,6012,746,33276,1608,250,31,81,43,262,331,250 1,1,1,1,1,1,1,1,1,1,1,1,1,1,1,1,1,1,1,1,1,1
