67,54,4,33211,273,278,55,28,4,4460,3,5434,542,4,12509,54,4,33212,85,4,17245,426,4,187,303,323,404,17,278,4,367,419,282,4,1713,379,6255,13,142,3,151,3,1856,3,280,121,20,12,24,3313,597,33213,186,18,199,387,2570,323,96,43,131,2919,555,5,300 1,1,1,1,1,1,1,1,1,1,1,1,1,1,1,1,1,1,1,1,1,1,1,1,1,1,1,1,1,1,1,1,1,1,1,1,1,1,7,1,4,4,15,15,23,1,1,1,1,1,1,1,1,1,1,1,1,1,1,1,1,1,1,1,1
18,1005,323,7,187,666,4949,186,527,10,17246,5,3048 1,1,1,1,1,1,1,1,1,1,1,1,1
90,46,2053,889,3,300,3,2224,942,3,33214,323,3,1009,84,3,26,174,273,116 1,1,1,1,1,1,1,1,1,1,1,1,1,1,1,1,1,1,1,1
18,20,1500,10,10150,124,834,9007,413,241,20,1164,72,3,5,18,20,688,10,5814,230,17,268,1168 1,1,1,1,1,1,1,1,1,1,1,1,1,1,1,1,1,1,1,1,1,1,1,1
579,4,376,72,12,402 1,1,1,1,1,1
1694,4,142,287,151,254,4,1262,231,22,32,236,125,22,32,274,215,22,32,809,945,22,32,780,1211,22,32,1816,2534,22,69,252,547,22,32,3797,2862,945,22,32,399,33215,487,233,4,790,2795,4,245,13,24,1037,3,21,58,727,3,238,66,3124,10,8482,1119,485,26,357 1,1,7,15,4,1,1,27,1,1,1,12,1,1,1,9,1,1,1,17,1,1,1,28,1,1,1,1,1,1,1,54,1,1,1,1,1,1,1,1,1,1,1,1,1,1,1,1,1,1,1,1,1,1,1,1,1,5,5,1,1,1,1,1,1,1
2555,4,11,419,26,130,76,701,4,292,6785,523,1652,148,16165,716,680,880,1183,42,19,658,545,4,814,480,227,3464,3,1536,3,1042,91,136,332,3,11,222,48,1304,1910,455,3,11,1099,362,152,3,952,3,1465,531,11,1379,3,443,133,1610,3,11,277,352,1010,4,5837,78,3035,3,999,3064,3,197,2069,2067,4,2914,9863,3854,942,4,2232,968,33216,1861,29,4057,3,414,3,204,2721,4,929,9515,1139,6843,5151,5526,1242,4,11,5526,1242,925,4,50,56,31,154,29,645,3,1016,1055,9364,442,4656,100,3,33217,3,6882,29,1016,3,247,3,11436,968,1866,3,11,2652,29,1637,56,511,204,10,16688,29,3725,56,1316,675,97,323,29,3746,3,123,56,2222,44,3,2525,185,675,29,2005,56,1439,3155,1017 1,1,1,1,1,1,1,1,1,1,1,1,1,1,1,1,1,1,1,1,1,1,1,1,1,1,1,1,1,1,1,1,1,1,1,1,1,1,1,1,1,1,1,1,1,1,1,1,1,1,1,1,1,1,1,1,1,1,1,1,1,1,1,1,1,1,1,1,1,1,1,1,1,1,1,1,1,1,1,1,1,1,1,1,1,1,1,1,1,1,1,1,1,1,1,1,1,1,1,1,1,1,1,1,1,1,1,1,1,1,1,1,1,1,1,1,1,1,1,1,1,1,1,1,1,1,1,1,1,1,1,1,1,1,1,1,1,1,1,1,1,1,1,1,1,1,1,1,1,1,1,1,1,1,1,1,1,1,1,1,1,1,1,1
670,4,44,2526,5,1256,29,329,187,2947,17247,33218,1748,1341,670,417,19,6,2570 1,1,1,1,1,1,1,1,1,1,1,1,1,1,1,1,1,1,1
628,4,6455,3484,527,2201,4536,4440,6994,7683,5593,10033,6295,3861,4360,7684,7685,5260,6636,3393,3718,304,187,8274,3409,108,210,108,108,108,108,108,108,59,108,108,108,108,108,108,108,108,108,108,98,3,131,323,9,3422,8,1788,899,3,951,4780,19,6,70 1,1,1,1,1,1,1,1,1,1,1,1,1,1,1,1,1,1,1,1,1,1,1,1,1,1,1,1,1,1,1,1,1,1,1,1,1,1,1,1,1,1,1,1,1,1,1,1,1,1,1,1,1,1,1,1,1,1,1
4351,4,33219,9,6060,3,12460,8,656,204 1,1,1,1,1,1,1,1,1,1
1056,4,3484,527,4984,5976,5594,415,3861,4360,3861,3393,304,187,58,58,58,58,58,467,59,58,58,58,58,58,467,3894,4,986,3,807,3,2719,3,5,618,269,204 1,1,1,1,1,1,1,1,1,1,1,1,1,1,1,1,1,1,1,1,1,1,1,1,1,1,1,1,1,1,1,1,1,1,1,1,1,1,1
9279,85,7,77,4,17245,486,4,36,10034,4,519,12083,4,519,16555,4,519,58,4,519,117,4,519,210,4,519,33220,320,4,519,539,4,519,615,4,519,929,4,519,141,4,519,33221,33222,1214,4,519,149,4,1185,402,17,4460,3,5434,1144,33223,33224,902,47,33225,4,33226,154,2097,295,2295,1724 1,1,1,1,1,1,1,1,1,1,1,1,1,1,1,1,1,1,1,1,1,1,1,1,1,1,1,1,1,1,1,1,1,1,1,1,1,1,1,1,1,1,1,1,1,1,1,1,1,1,1,1,1,1,1,1,1,1,1,1,1,1,1,1,1,1,1,1,1
471,189,696,63,785 1,1,1,1,1
3940,9,33227,8,11256,1111,63,785,16872,59,9,33228,8,33229,733,3810,9,33230,8,1451,824,6638,9,33231,8,42,3082,12510,1053,2229,9,33232,8,1227,3082,12510,560,9357,83,9,16524,8,8293,3082,12510,560,10079,5872,9,8936,8,654,1111,763,33233,5847,9,1424,8,42,536,3113,9,33234,8,11256,1209,33235,9,33236,8,42,577,10388,9,33237,8,42,847,4617,9,33238,8,42,830,2545,9,33239,8,42,864,2042,9,33240,8,42,456,1840,9,33241,8,1556,663,1967,9,33242,8,1556,835,1035,9,33243,8,1556,1072,1658,1716,9,33244,8,1556,63,1800,2061,1413,83,9,33245,8,219,345,15576,83,9,33246,8,219,1998,347,1715,9,10994,8,219,486,961,4086,9,33247,8,654,1461,1967,9,2464,8,654,512,3328,9,1478,8,219,486,1131,1160,9,2995,8,219,1981,1982,1600,9,33248,8,721,1998,33249,9510,6170,1245,9,33250,8,721,1998,33251,6170,1872,9,33252,8,721,689,4,413,241,4,9,808,1164,8,11,1939,3,240,915,3,26,33253,7,33254,3482 1,1,1,1,1,1,1,1,1,1,1,1,1,1,1,1,1,1,1,1,1,1,1,1,1,1,1,1,1,1,1,1,1,1,1,1,1,1,1,1,1,1,1,1,1,1,1,1,1,1,1,1,1,1,1,1,1,1,1,1,1,1,1,1,1,1,1,1,1,1,1,1,1,1,1,1,1,1,1,1,1,1,1,1,1,1,1,1,1,1,1,1,1,1,1,1,1,1,1,1,1,1,1,1,1,1,1,1,1,1,1,1,1,1,1,1,1,1,1,1,1,1,1,1,1,1,1,1,1,1,43,43,43,43,43,43,43,1,1,1,1,1,1,1,1,1,1,1,1,1,1,1,1,1,1,1,1,1,1,1,1,1,1,1,1,1,1,1,1,1,1,1,1,1,1,1,1,1,1,1,1,1,1,1,1,1,1,1,1,1,1,1,1,1,1,1,1,1,1,1,1,1,1,1,1,1,1,1,1,1,1,1,1,1
11,199,2244,1178 1,1,1,1
413,3231,4,401,339,4,1713,1882,6255,220,612,341,709,158,33255,121,61,13,199,788,7,187,33256,323,96,43,33257,300 1,1,1,1,1,1,1,1,1,1,1,1,1,1,1,1,1,1,1,1,1,1,1,1,1,1,1,1
77,13,187,2947,17247,8346,13,443,442,637,303,323 1,1,1,1,1,1,1,1,1,1,1,1
1341,670,417,14,9506,7,33258,1748,243 1,1,1,1,1,1,1,1,1
18,21,11,1316,26,248,323 1,1,1,1,1,1,1
9262,7,33259,508,381,1881,419,10,6,3634,4738,12,59,7789,834,6,670,4888,66,33260,1177,57,372,3751 1,1,1,1,1,1,1,1,1,1,1,1,1,1,1,1,1,1,1,1,1,1,1,1
313,3,381,10677,419,14,464,15,284 1,1,1,1,1,1,1,1,1
28,14,1987,6,85,8215,17,199,419,993 1,1,1,1,1,1,1,1,1,1
420,4,14348,5,136,3231,6899,679,111,15,419,3,18,41,166,160,10,52,162,10,17248,273,594,17,419,1168,158,1165,3,2612,3,520,1134,3,2007,3,3362,3,15031,9,15,8,3,4279 1,1,1,1,1,1,1,1,1,1,1,1,1,1,1,1,1,1,1,1,1,1,1,1,1,1,1,1,1,1,1,1,1,1,1,1,1,1,1,1,1,1,1,1
17249,66,252,10,4072,17,419,1468 1,1,54,1,1,1,1,1
2298,1163 1,12
3947,650,19,24,148,254,17,900,552,3,51,166,1867,10,1833,139,900,552,134,6,419,978,14,381 1,1,1,1,1,1,1,1,1,1,1,1,1,1,1,1,1,1,1,1,1,1,1,1
3963,12102,8883,3,107 1,1,1,1,1
273,385,710,4,33261 1,1,1,1,1
