67,54,4,33330,33331,3,33332,3,2193,221,43,64,33333,5,221,5,101,43,271 1,1,1,1,1,1,1,1,1,1,1,1,1,1,1,1,1,1,1
730,234,4,226,7,184 1,1,1,1,1,1
137,3,52,162,10,281,297 1,1,1,1,1,1,1
30,7,61,328,4,40,5506,428,13,15,173,39,30,158,1220,3,30,7,365,393,3,71,317,36,3,106,5,30,7,778,490,12,6,80,5,161,315,1487,121,61,132,13,418,5,226,7,184 1,1,1,1,1,1,1,1,1,1,1,1,1,1,1,1,15,15,15,15,15,4,4,4,1,7,1,3,3,3,3,1,1,1,1,1,1,1,1,1,1,1,1,1,1,1,1
24,234,14,37,17,6,99,108,65,3,18,21,38,40,100,136,34,13,226,7,184 1,1,1,1,1,1,1,1,1,1,1,1,1,1,1,1,1,1,1,1,1
18,38,11,173,48,34,3,51,640,7,2353,4789,34,5,2353,4789,511,783,24,994 1,1,1,1,1,1,1,1,1,1,1,1,1,1,1,1,1,1,1,1
18,537,128,511,7,24,130,5314,13,24,136,34 1,1,1,1,1,1,1,1,1,1,1,1
131,555 1,1
11,249,313 1,1,1
18,21,38,11,990,26,300,5,375 1,1,1,1,1,1,1,1,1
63,94,417,20,33334 6,6,6,6,6
24,63,94,21,159,286,1295,467,3470,3,132,14,16146,5,6,427,7,24,316,205,57,44 6,6,6,6,6,6,6,6,6,6,6,6,6,1,1,1,1,1,1,1,1,1
39,4,35,237,52,2901,3,18,14,19,311,39,3,75,158,1807,3,1712,3,2789,5,203,35,60,35,2397,5,165,35,60,35,959,5,236 1,1,1,1,1,1,1,1,1,1,1,1,1,1,1,13,1,1,1,1,1,11,1,1,1,25,1,8,1,1,1,1,1,12
81,7,182,4,18,21,38,11,95,854,26,249 1,1,1,1,1,1,1,1,1,1,1,1
24,226,7,184,14,394,27,427,5,13,128,380 1,1,1,1,1,1,1,1,1,1,1,1
465,3,18,38,11,173,26,2173,48,34,135,5792,51,745,30,7,128,136,34,17,6,99,108,65,13,128,300 1,1,1,1,1,1,1,1,1,1,1,1,1,1,1,1,1,1,1,1,1,1,1,1,1,1,1
24,418,46,68,855 1,1,1,1,1
102,101,4,18,14,1250 1,1,1,1,1,1
24,227,77,14,44 1,1,1,1,1
24,136,14,332,97,88,576 1,1,1,1,1,1,1
11,222,1718,19,136,77 1,1,1,1,1,1
91,155,13,44,184,327 1,1,1,1,1,1
11,205,7,371,3,11,1065 1,1,1,1,1,1,1
103,77,4,145,156,5,239 1,1,1,1,1,1,1
11,213,5,11,502 1,1,1,1,1
703,214,13,44,326,327 1,1,1,1,1,1
152,3,97,88,246 1,1,1,1,1
114,57,44,97,88,975,93 1,1,1,1,1,1,1
427,7,24,77,14,703 1,1,1,1,1,1
457,532,4,48,738,20,44,97,88,202,7,371,26,88,199,1178 1,1,1,1,1,1,1,1,1,1,1,1,1,1,1,1
177,3,128,1452,1552,84,186,1129,13,356,177,3,74,57,11,301,84 1,1,1,1,1,1,1,1,1,1,1,1,1,1,1,1,1
24,1425,14,72 1,1,1,1
805,5,897,57,44 1,1,1,1,1
6,427,7,24,149,57,233,703 1,1,1,1,1,1,1,1
192,4,15,5506,522,13,226,7,184,3,418,5,33335,30,7,136,34 1,1,1,1,1,1,1,1,1,1,1,1,1,1,1,1,1
417,106,51,63,94,21,44,3470 1,7,1,1,1,1,1,1
11,7413,3886,19,48,738 1,1,1,1,1,1
11,7227,12,1892,7,24,63,94,12,394,473,114 1,1,1,1,1,1,1,1,1,1,1,1
103,1989,57,917,5,177,14,569 1,1,1,1,1,1,1,1
318,499,438,4,343,13,203,3,754,5,2213,12,6,230 1,1,1,1,1,1,11,1,25,1,1,1,1,1
18,14,137,116,770 1,1,1,1,1
18,20,98,138,128,1720,1547,17,24,34 1,1,1,1,1,1,1,1,1,1
18,160,10,250,31,81,43,262,331,250,505,4,418,13,226,7,184,26,136,34,3,284,695 1,1,1,1,1,1,1,1,1,1,1,1,1,1,1,1,1,1,1,1,1,1,1
566,4,6,28,162,12,211,534 1,1,1,1,1,1,1,1
497,7622,3,2193,107 1,1,1,1,1
487,4,9604,292,4,9604,533,43,4,7622,3,2193,746,33336,1608 1,1,1,1,1,1,1,1,1,1,1,1,1,1,1
