67,54,4,33398,30,7,61,328,5060,47,117,540,14611,556,466,2792,3095,9464,2992,30,40,767,21,317,58,151,801,12,6084,27,37,85,16,20,221,27,6,230,13,798,1206,5,20,31,190,60 1,1,1,1,1,1,1,1,1,1,1,1,1,1,1,1,1,1,1,1,1,1,1,4,4,4,1,1,1,1,1,1,1,1,1,1,1,1,1,1,1,1,1,1,1,1
16,20,162,10,6,124,17,2023,82,7,1582,82 1,1,1,1,1,1,1,31,31,31,31,31
16,20,261,19,596,165,180,189,662,272,5,558,189,662,973 1,1,1,1,8,8,8,8,1,1,1,1,1,1,1
16,21,96,115,13,64,6396,5130,66,1025,71,499 1,1,1,1,1,1,1,1,1,1,1,1
23,12413,163,151,389,543,7,596,165,279,189,662,272,5,141,189,662,1230 1,1,1,4,1,1,1,8,8,1,1,1,1,1,1,1,1,1
23,163,2023,82,57,712,2019,26,602 1,1,31,31,31,31,31,31,31
16,21,1292,5581 1,1,1,1
16,21,881,110,9562,556,466,17285,3,283,19,187,2637,415,3,9,329,8,330,604 1,1,1,1,1,1,1,1,1,1,1,1,1,1,1,1,1,1,1,1
80,39,30,1822,280,3,329,391,1274,3,17286,3,256,1730,992,3,256,17287,12462,3,110,657,164,150,30,11,71,206,30,238,9,329,8,39,2124,254,132,4,596,165,279,189,662,272,5,141,189,662,1230,145,165,2510,7705,56,210,189,736,3,289,3,2404,3,3846,3,218,3,1827,3,613,3,6705,102,77,148,17288,2328,33399,292,4787,207,197,1822,280,227,797,1124,136,3038,1017,48,751,2852,455,214,152,3,280,114,1777,204,19,283,3,187,2637,415,273,410,3,642,196,9,329,8,4850,12322,457,532,398,4760,12,33400,1386,82,11636,1188,9,343,13,13370,8,56,2337,2229,7304,4671,33401,2073,5821,2747,347,1932,2527,1043,349,4987,192,317,58,151,698,43,881,5,604 1,1,1,23,23,1,1,1,1,1,1,1,1,1,1,1,1,1,1,1,1,1,1,1,1,1,1,1,1,18,18,18,18,1,1,1,1,1,8,8,1,1,1,1,1,1,1,1,1,8,8,1,1,1,1,1,12,1,1,1,1,1,1,1,13,1,11,1,9,1,1,1,1,1,1,1,1,1,1,1,1,23,23,1,1,1,1,1,1,1,1,1,1,1,1,1,23,1,1,1,1,1,1,1,1,1,1,1,1,1,1,1,1,1,1,1,1,1,1,1,1,1,31,31,31,31,31,31,31,31,31,31,31,31,31,31,31,31,31,1,1,1,1,1,1,1,1,4,4,4,1,1,1,1,1
16,20,31,724,60,33402,51,631,23,1059,21,132,2594 1,1,1,1,1,1,1,1,1,1,1,1,1
420,176,86,596,165,279,189,662,272,5,141,189,662,1230 1,1,1,8,8,1,1,1,1,1,1,1,1,1
178,508,10,84,145,165,1315,1024,10,2414,35,40,14,312,2118,9,1640,8670,5,91,8670,35,60,8 1,1,1,1,8,8,1,1,1,8,1,1,1,1,1,1,1,1,1,1,1,1,1,1
745,344,1814,228,7,40,27,1230,159,16,41,31,52,724,286 1,1,1,1,1,1,1,1,1,1,1,1,1,1,1
195,395,299,15,733,398 1,1,1,1,1,1
40,41,575,1186,192,63,345,179,17,6,80,1684,129,5,368,575,12,261,104 1,1,1,1,1,1,1,1,1,1,1,1,1,1,1,1,1,1,1
253,16,546,17289,13,64,5130,66,71 1,1,1,1,1,1,1,1,1
941,360 1,1
3095,33403,10116,3,1689,3,8268 1,1,1,1,1,1,1
33404,9,6418,17,3416,4,33405,8 1,1,1,1,1,1,1,1
