67,54,4,33406,773,43,609,5130,5,64,9464,10,1445,19,151,355,12,40,1713,1446,498,162,17,2258,1192,1722 1,1,1,1,1,1,1,1,1,1,1,1,1,1,4,1,1,1,1,1,1,1,1,1,1,1
16,38,2080,12,2697,3,5,15,187,415,1071,12,33407 1,1,1,1,1,1,1,1,1,1,1,1,1
33408,6,1192,636,1064,3,1151,2291,7,91,411 1,1,1,1,1,1,1,1,1,1,1
16,14,5350,19,14408,17,1722 1,1,1,1,1,1,1
2992,30,317,58,151,801,12,2459,33,61,13,798,1206,5,20,31,190,60 1,1,4,4,4,1,1,1,1,1,1,1,1,1,1,1,1,1
16,20,162,10,6,124,17,2023,82,7,1582,82,5,261,19,596,165,180,189,662,272,5,558,189,662,973 1,1,1,1,1,1,1,31,31,31,31,31,1,1,1,8,8,1,1,1,1,1,1,1,1,1
16,21,96,115,13,64,5130,66,1025,71,499 1,1,1,1,1,1,1,1,1,1,1
16,21,31,221,24,159,7840,51,21,5073,115,13,24,43,2174 1,1,1,1,1,1,1,1,1,1,1,1,1,1,1
23,163,151,389,543,7,596,165,279,189,662,272,5,141,189,662,1230 1,1,4,1,1,1,8,8,1,1,1,1,1,1,1,1,1
99,398,20,4760,7840,5,23,2023,82,1197,1970,3255,16,21,1292,5581 1,1,1,1,1,1,1,1,1,1,1,1,1,1,1,1
16,21,881,110,9562,556,466,17285,3,283,19,187,2637,415,3,9,329,8,330,604 1,1,1,1,1,1,1,1,1,1,1,1,1,1,1,1,1,1,1,1
80,39,30,1822,280,3,329,391,1274,3,17286,3,256,1730,992,3,256,17287,12462,3,110,657,164,150,30,11,71,206,30,238,9,329,8,39,2124,254,132,4,596,165,279,189,662,272,5,141,189,662,1230,145,165,2510,134,2023,442,2217,736,289,218,1827,3203,274,521,676,1669,5829,36,1681,2322,102,77,148,17288,133,1897,1752,292,4787,207,197,1822,280,787,5,6571,227,797,1124,136,3038,1017,48,751,2852,455,214,152,3,280,114,1777,204,19,283,3,187,322,273,410,3,642,196,9,329,8,4850,12322,457,532,398,4760,12,7840,1386,82,2381,19,168,9,11,923,8,2030,1914,3583,1188,2060,1137,2527,1043,1962,1857,192,317,58,151,698,43,881,5,604 1,1,1,23,23,1,1,1,1,1,1,1,1,1,1,1,1,1,1,1,1,1,1,1,1,1,1,1,1,18,18,18,18,1,1,1,1,1,8,8,1,1,1,1,1,1,1,1,1,8,8,1,1,1,1,1,12,1,13,11,1,9,1,1,1,1,1,1,1,1,1,1,1,1,1,1,1,1,1,1,23,23,1,1,1,1,1,1,1,1,1,1,1,1,1,1,1,1,23,1,1,1,1,1,1,1,1,1,1,1,1,1,1,1,1,1,1,1,1,1,1,1,1,1,1,1,1,1,1,1,1,1,1,1,31,1,1,1,1,1,1,1,1,4,4,4,1,1,1,1,1
60,179,19,23,163,389 1,1,1,1,1,1
420,176,86,596,165,279,189,662,272,5,141,189,662,1230 1,1,1,8,8,1,1,1,1,1,1,1,1,1
178,508,10,84,145,165,1315,1024,10,2414,35,40,14,312,2118,9,1640,8670,5,91,8670,35,60,8 1,1,1,8,8,8,8,8,8,8,1,1,1,1,1,1,1,1,1,1,1,1,1,1
745,344,1814,228,7,40,27,1230,159,16,41,31,52,724,286 1,1,1,1,1,1,1,1,1,1,1,1,1,1,1
195,395,299,15,733,398 1,1,1,1,1,1
40,41,575,1186,192,63,345,179,17,6,80,1684,129,5,368,575,12,261,104 1,1,1,1,1,1,1,1,1,1,1,1,1,1,1,1,1,1,1
253,16,546,17289,13,64,5130,66,71 1,1,1,1,1,1,1,1,1
941,360 1,1
5143,10747,229 1,1,1
