67,54,4,33409,33410,5557,6089,3,107 1,1,1,1,1,1,1,1,1
33411,757,977,599,1137,4824,2857,916,6927,3,4593,33412,882,64,6089,4,1123,15,3066,55,10,2046,360,731,37,50,749,3960,8709,12,903,89 1,1,1,1,1,1,1,1,1,1,1,1,1,1,1,1,1,1,1,1,1,1,1,1,1,1,1,1,1,1,1,1
293,8709,21,68,207,190,60,5,21,11,234,708,1889,53,194,114,93,12,6,322,344,3,75,14,886,85,1087,87 1,1,1,1,1,1,1,1,1,1,1,1,1,1,1,1,1,1,1,1,1,1,1,1,1,1,1,1
16,21,376,68,190,422,60 1,1,1,1,1,1,1
16,86,10,52,96,43,64,10158,121,2562,10,49,15,3117,2943,138,6,535,7,582,15,1083,3250,862,5,266,444,7,7704,17290 1,1,1,1,1,1,1,1,1,1,1,1,1,1,1,1,1,1,1,1,1,1,1,1,1,1,1,1,1,1
81,7,182,14,72,708,35,270 1,1,1,1,1,1,1,1
1921,557,60,179,12,6,471,7,33413 1,1,1,1,1,1,1,1,1
694,150,3,206,3,5,39,30,57,886 1,1,1,1,1,1,1,1,1,1
137,39,4,158,218,125,711,15,65,3,3123,108,711,15,65,3,1829,3,203,462,711,15,65,3,274,279,711,15,65,3,2708,3,1669,3,1253,3,749,14162,3,5146,3,33414,3,752,872,5,752,487,3,236,125,22,711,15,65,3,5,423,447,711,15,65 1,1,1,1,13,1,1,1,1,1,1,1,1,1,1,1,1,1,11,1,1,1,1,1,9,1,1,1,1,1,1,1,1,1,1,1,1,1,1,1,1,1,1,1,1,1,1,1,1,12,1,1,1,1,1,1,1,26,1,1,1,1
102,77,4,2274,3,280,12,11,758,342 1,1,1,1,1,23,1,1,1,1
148,33415,5,133,7943,136,4,332,97,576,26,908 6,6,1,1,1,1,1,1,1,1,1,1
48,4,91,10,463,5,1051 1,1,1,1,1,1,1
612,77,4,304,5,310,97,213,3,502,3,26,561 1,1,1,1,1,1,1,1,1,1,1,1,1
114,4,11,93,3,617 1,1,1,1,1,1
457,532,4,95,392,5,347,581,5,11431,390,149,41,52,359,186,16,468,12,441,113,17,23,1078,149,27,6,5100 1,1,1,1,1,1,1,1,1,1,1,1,1,1,1,1,1,1,1,1,1,1,1,1,1,1,1,1
7791,1793,57,401 1,1,1,1
339,4,293,8709,209,861,76,197,10,52,211,3,35,50,46,2123,397,3,16,372,166,21,128,845,71,1988,106,1383,3,51,50,86,10,3376,1153,6,7704,17290,14,2825,15,3740,12,6,118,2466,5,131,2884 1,1,1,1,1,1,1,1,1,1,1,1,1,1,1,1,1,1,1,1,1,1,1,1,4,1,1,1,1,1,1,1,1,1,1,1,1,1,1,1,1,1,1,1,1,1,1,1,1
1760,237,52,934,134,37,143,6,33416,16,14,52,96,3117,43,64,10158,2659,2170,12,6,2658,7,33417,532 1,1,1,1,1,1,1,1,1,1,1,1,1,1,1,1,1,1,1,1,1,1,1,1,1
50,46,890,9883,5,657,1793,89,10,981,17,202,7,33418,1083,76,3,75,134,61,550,9180,312,173,76,66,8249 1,1,1,1,1,1,1,1,1,1,1,1,1,1,1,1,1,1,1,1,1,1,1,1,1,1,1
50,740,13,64,15674,37,12,6,2658,7,2173,532,3,35,916,35,347,14,265,5,798,961,444,557,211,6,137,2943,14,404 1,1,1,1,1,1,1,1,1,1,1,1,1,1,1,1,1,1,1,1,1,1,1,1,1,1,1,1,1,1
313,3,119,546,46,15,266,3900,17,4799,293,8709,10,46,1275,15,153,26,312,2562,1083,3250,862 1,1,1,1,1,1,1,1,1,1,1,1,1,1,1,1,1,1,1,1,1,1,1
12,6,3007,517,16,86,10,46,961,5,1461,12,23,336,3,50,46,417,7116,17141,4626,5,46,1190,1262,279,22,15,65,10,23,389 1,1,1,1,1,1,1,1,1,1,1,1,1,1,1,1,1,1,1,1,1,1,1,1,79,1,1,1,1,1,1,1
16,41,96,115,13,271,12,939,129,5,41,46,149,441,113,27,6,5100 1,1,1,1,1,1,1,1,1,1,1,1,1,1,1,1,1,1
941,360,17,510,40,28 1,1,1,1,1,1
1015,3,497,11633,33419,3,1689,3,6689 1,1,1,1,1,1,1,1,1
746,33420,5777,2449,426,4,3361,10158,14161,1993,124,615,33421,5437,13935,3,4593,33422,806,4,17291,825,4,33423,843,4,17291 1,1,1,1,1,1,1,1,1,1,1,1,1,1,1,1,1,1,1,1,1,1,1,1,1,1,1
