67,54,4,33431,1609,102,77,112,54,4,12505,301,79,10,271,29,356,198,17,43,64,11606,3,64,3078 1,1,1,1,1,1,1,1,1,1,1,1,1,1,1,1,1,1,1,1,1,1,1,1,1
79,1143,125,1644,1761,17,180,1644,1089,479,4,176,160,878,19,393,254,33432,1003,4,209,618,34,812,15011,142,1856,151,17292,1985,280,2127,1957,131,7646,1377,10,52,290,10,3973,193,6090,778,2029,570,9695,9,11,1298,406,212,3,409,1038,5683,8,39,4,959,1096,33433,501,220,1628,487,56,36,298,69,4070,215,22,298,56,36,298,662,320,2987,348,501,22,25,69,1731,615,22,25,32,33434,141,22,25,32,780,279,22,25,32,252,547,22,25,32,274,215,22,25,32,1118,125,22,25,32,4513,141,22,25,32,36,1008,3820,36,1008,63,345,2126,58,1008,450,2125,586,22,298,3,36,298,662,3314,4543,279,22,25,32,2373,141,7314,32,393,254,33,21,887,943,12,955,129,127,4,3973,56,7646,206,30,5,1215,4,699,4,11,541,4,11,3817,357,4,200,2159,30,4,2633,3,109,887,157,7851,353,4,79,631,14,6534 1,1,1,1,1,1,1,1,1,1,1,1,1,1,1,42,42,1,1,1,1,1,1,1,1,7,15,4,1,1,23,1,1,1,1,1,1,1,1,1,42,1,1,1,1,1,1,1,1,1,1,1,1,1,1,1,1,1,1,1,1,1,1,1,1,1,1,1,1,1,1,1,1,1,1,1,1,1,1,1,17,1,1,1,1,33,1,1,1,1,13,1,1,1,1,28,1,1,1,1,11,1,1,1,1,9,1,1,1,1,1,1,1,1,1,1,1,1,1,1,1,1,1,1,1,1,1,1,1,1,1,1,1,1,1,1,1,1,1,1,1,1,1,1,1,1,1,1,1,42,42,1,1,1,1,1,1,1,1,1,42,1,1,1,1,1,1,1,14,14,14,1,1,1,1,1,1,1,1,1,1,1,1,1,1,1,1,1,1,1,1,1,1
288,4,321,15,1103,2198,3495,4,2633,81,7,182,4,263,56,146,58,113,7,263,29,424,220,7476,33435,12,994,11,965,261,3,11,249,248,34,56,87,12,2630,933,18,38,1013,102,77,701,4,5428,1576,948,14260,2693,5803,11545,1000,207,4,2269,3,12,11,758,342 1,1,1,1,1,1,1,1,1,1,1,1,1,1,1,1,1,1,1,1,1,1,1,1,1,1,1,1,1,1,1,1,1,1,1,1,1,1,1,1,1,1,1,1,1,1,1,1,1,1,1,1,1,6,1,1,1,1,1,1,1,1,1
196,4,11,1963,243 1,1,1,1,1
227,4,413,1172,3,1121 1,1,1,1,1,1
1124,5,1709,569 1,1,1,1
665 1
11,965,261 1,1,1
1561,1313,1110,13,11,685,3,243,3,26,1296 1,1,1,1,1,1,1,1,1,1,1
136,4,11,908,3,11,33436 1,1,1,1,1,1,1
1213,4,11,2264,762,157 1,1,1,1,1,1
91,10,463,97,407,3,1116,3,26,1065 1,1,1,1,1,1,1,1,1,1
644,4,455,3,44,304,3,310,3,11,33437,561 1,1,1,1,1,1,1,1,1,1,1,1
567,4,675 1,1,1
11,3447,26,196,448,3,11,240,243,3,11,1797,638 1,1,1,1,1,1,1,1,1,1,1,1,1
214,4,152,3,979,3,2045,13,11,969 1,1,1,1,1,1,1,1,1,1
2740,4,33438,35,38,2281,3,1238,2082,40,87 1,1,1,1,1,1,1,1,1,1,1
352,4,410,3,642 1,1,1,1,1
192,5,104,4,40,14,15,15,1106,2058,302,719,13,6,96,483,4,47,36,1078,436,936,4,56,1238,29,79,146,38,409,1238,40,87,220,64,3078,56,5548,56,135,79,38,40,87,220,64,3078,5,20,409,56,8588,56,38,27,12219,40,87,5,20,1043,135,79,56,2070,1018,56,79,146,18,38,40,359,40,87,43,174,451,56,14,1803,19,2125,56,252,134,341,17,212,56,1803,19,16478,4,33439,56,79,146,117,87,183,51,14,887,2184,1671,3,2722,56,109,887,1773,773,79,10,299,67 1,1,1,1,1,1,1,1,1,1,1,1,1,1,1,1,1,1,1,1,1,1,1,1,1,1,1,1,1,1,1,1,1,1,1,1,1,1,1,1,1,1,1,1,1,1,1,1,1,1,1,1,1,1,1,1,1,1,1,1,1,1,1,1,1,1,1,1,1,1,1,1,1,1,1,1,1,1,1,1,1,1,1,1,11,1,1,1,1,1,1,1,1,1,1,1,1,1,1,1,1,1,1,1,1,1,1,1,1,1,1,1,1,1,1,1,1
47,58,142,11545,29,2060,31,27,839 1,1,7,6,1,1,1,1,1
79,109,887,1081,271,10,827,24,148,89 1,1,1,1,1,1,1,1,1,1
11,84,12,254,89,3,41,144,27,441,112 1,1,1,1,1,1,1,1,1,1,1
56,144,1697,138,254,47,117,151,146,37,18,144,366,27,163 1,1,1,1,1,1,1,4,1,1,1,1,1,1,1
2912,40,409 1,1,1
33440,12,207 1,1,1
56,144,560,398,56,144,1034,1573,47,210,1856,41,144,772,520,89,10,1964,126,802,5,10,6188,75,254,10,157 1,1,1,1,1,1,1,1,1,1,15,1,1,1,1,1,1,1,1,1,1,1,1,1,1,1,1
7,55,3,38,256,131,7646,12,1985,12,481,7,3973,157,56,40,20,55,405,6101,124 1,1,1,1,1,1,1,1,1,1,1,1,42,1,1,1,1,1,1,1,1
2738,20,420,9,885,134,79,3546,1343,8,3,600,92,20,508,37,79,550,191,2169,7,1839 1,1,1,1,1,1,1,1,1,1,1,1,1,1,1,1,1,1,1,1,1,1
47,108,280,235,341,7,33441 1,1,23,1,1,1,1
21,1089,1803,13,3063,27,12219,525,40,129 1,1,1,1,1,1,1,1,1,1
