67,54,4,33424,33425,3,33426,3,12516,50,660,37,50,46,1187,5,101,6,28,3,81,6,385,82,607,19,6,28,82,940,3,5,235,6,172,3,104,7,198,3,5,566,13,6,28,5,6,385,3,64,12331 1,1,1,1,1,1,1,1,1,1,1,1,1,1,1,1,1,1,1,1,1,1,1,1,1,1,1,1,1,1,1,1,1,1,1,1,1,1,1,1,1,1,1,1,1,1,1,1,1,1,1
395,122,23,55,17,296,402 1,1,1,1,1,1,1
30,7,61,328,4,15,4099,522,121,61,10,5826,640,7,1983,48,34,3,3974 1,1,1,1,1,1,1,1,1,1,1,1,1,1,1,30,30,1,1
5826,55,258,37,18,14,640,7,1983,48,34,584,10,6,136,13,40,5,990 1,1,1,1,1,1,1,1,30,30,30,30,30,30,30,30,30,30,30
18,14,3173,5,2529 1,1,1,1,1
24,5826,316,205,111,133,7,4365,3,115,10,9209 1,1,1,1,1,1,1,1,1,1,1,1
18,20,5099 1,1,1
24,63,94,20,13642,5,24,880,143,388,42,19,702,737 1,1,1,1,1,1,1,1,1,1,1,1,1,1
18,14,5458 1,1,1
18,20,1130,3,807,7170,18,20,1442,1500,188,10,702 1,1,1,1,1,1,1,1,1,1,1,1,1
27,37,85,3,18,640,7,418,3,990,3,5,48,34,159,141,2197,18,21,38,11,30,7,62,431 1,1,1,1,1,1,1,1,1,1,1,1,30,30,1,1,1,1,1,1,1,1,1,1,1
80,39,30,4,18,109,46,30,7,106,3,71,3,5,776 1,1,1,1,1,1,1,1,1,7,1,4,1,1,15
206,30,4,18,90,88,699,26,247,357,26,88,174,357 1,1,1,1,14,14,14,1,1,1,1,1,1,1
18,245,13,24,150,121,14,27,24,4597 1,1,1,1,1,1,1,1,1,1
80,591,30,4,18,21,38,100,8538,6146 1,1,1,1,1,1,1,1,1,1
81,7,182,4,137,3,48,34,3,418,3,990,3,5,226,7,184 1,1,1,1,1,1,30,30,1,1,1,1,1,1,1,1,1
376,3,233,182,57,72 1,1,1,1,1,1
39,4,18,14,19,348,5,236 1,1,1,1,1,17,1,12
127,4,18,21,11,374,357,127 1,1,1,1,1,1,1,1
102,101,4,18,14,980,3,410,3,12,504,342 1,1,1,1,1,1,1,1,1,1,1,1
18,14,2254,10,1847,12,6,450 1,1,1,1,1,1,1,1
24,63,94,14,31,449,10,52,564,27,40,85 1,1,1,1,1,1,1,1,1,1,1,1
24,1045,57,231,42,19,702,737,3,44,1855 1,1,1,1,1,1,1,1,1,1,1
18,14,410,3,980,5,642,3,96,1965 1,1,1,1,1,1,1,1,1,1
24,413,14,1121 1,1,1,1
24,2369,14,44 1,1,1,1
24,136,14,332,5,396 1,1,1,1,1,1
18,14,12,11,386,342,13,44,184,327 1,1,1,1,1,1,1,1,1,1
24,130,14,2254,13,15,2172,1549,1267,19,450 1,1,1,1,1,1,1,1,1,1,1
24,214,14,152,5,396 1,1,1,1,1,1
24,196,14,204,51,3974 1,1,1,1,1,1
114,57,97,975,93 1,1,1,1,1
18,14,642,1200,13,11,1411,1093,5,11,670,26,1009,1030 1,1,1,1,1,1,1,1,1,1,1,1,1,1
318,499,438,4,18,20,469,19,15,450,3,177,5,370,1133,35,60,13,40 1,1,1,1,1,1,1,1,1,1,1,1,1,1,1,1,1,1,1
18,20,1509,37,18,20,530,10,370,1813,320,22,5,40,242,6814,24,650,66,24,4149 1,1,1,1,1,1,1,1,1,1,1,1,1,1,1,1,1,1,1,1,1
50,20,61,405,40,85 1,1,1,1,1,1
18,38,62,177,37,286,33427,10,44,338,239,27,2229,13,62,4051,70,4818,893,13,11,356,10,1129 1,1,1,1,1,1,1,1,1,1,1,1,1,1,1,1,1,1,1,1,1,1,1,1
18,370,203,3,613,3,5,754,5,557,1607,211,783,24,230,1216 1,1,52,1,53,1,1,37,1,1,1,1,1,1,1,1
17,24,1267,5,48,34,3,119,826,319,1975,3,1549,1267,3,350,1881,3,5,199,181,771 1,1,1,1,30,30,1,1,1,1,1,1,1,1,1,1,1,1,1,1,1,1
18,20,162,17,2479,35,60,35,15,103,826,319 1,1,1,1,1,1,1,1,1,1,1,1
24,696,785,20,625,5,24,824,20,7950,392,1716,5,347,6884,6,3090,20,72 1,1,1,1,1,1,1,1,1,1,1,1,1,1,1,1,1,1,1
805,20,72 1,1,1
24,48,738,20,72 1,1,1,1,1
250,31,81,43,262,331,250,176,4149 1,1,1,1,1,1,1,1,1
178,48,34,3,826,319,199,181,771 1,30,30,1,1,1,1,1,1
195,448,177 1,1,1
2528,198,85,4,125,435 1,1,1,1,1,1
497,6659,3,12516,107 1,1,1,1,1
487,4,33428,292,4,33429,533,43,4,6659,3,12516,746,33430,1608 1,1,1,1,1,1,1,1,1,1,1,1,1,1,1
