67,54,4,33474,12518,3,7724,542,4,12519,33475,1578,1446,498,914,12366,3,256,33476,687,1913,3,280,3,317,645,151,3,61,1023,10,668,13,788,33477,65,2082,7,4789,3,6702,484,1236,408,263 1,1,1,1,1,1,1,1,1,1,1,1,1,1,1,7,1,1,1,1,1,1,23,1,4,4,4,4,1,1,1,1,1,1,1,1,1,1,1,1,1,1,1,1,1
356,3080,421,914,421,970 1,1,1,1,1,1
7949,33478,8238,80,117,65 1,1,1,1,1,1
98,55,1368,59,2150,17033,968,1297,3,5,175,19,59,1990,951 1,1,1,1,1,1,1,1,1,1,1,1,1,1,1
98,15,7085,1939,243,59,17297,5,11219,19,2824,33479,15,59,4827,1939 1,1,1,1,1,1,1,1,1,1,1,1,1,1,1,1
11,4816,3,361,26,1309,923 1,1,1,1,1,1,1
20,126,19,33480,506,111,3094,1984,187,33481,5,836,914,1281,785,33482,3,333,180,3,349,33483,914,108,42,1542,9,33484,2654,8,3,5,1364,42,742,15461,763,914,33485,3,128,914,4332 1,1,1,1,1,1,1,1,1,1,1,1,1,1,1,1,1,1,1,1,1,1,1,1,1,1,1,1,1,1,1,1,1,1,1,1,1,1,1,1,1,1,1
427,57,996,42,577,3,125,42,847,3,5,36,33486,5,36,33487 1,1,1,1,1,1,1,1,1,1,1,1,1,1,1,1
1182,7,1663,38,38,590,5,2099,1377,10,52,2462,328,3,75,538 1,1,1,1,1,1,1,1,1,1,1,1,1,1,1,1
11,374,1673,1543 1,1,1,1
55,37,551,14,108,129,7604 1,1,1,1,1,1,1
19,77,11219,480,51,2419,3,33488,1867,708,381,17297,243,3,48,914,13385,5,6157,1116,59,442,187,794,794,155,1412 1,1,1,1,1,1,1,1,1,1,1,1,1,1,1,1,1,1,1,1,1,1,1,1,1,1,1
11,3320,1718 1,1,1
362,703 1,1
11,277 1,1
1694,3,7047,3,7046,3,254,35,135,998,668,55,4,147,106,21,38,131,106,5,12,2257,7,1943,3272,19,218 1,1,1,1,1,1,1,1,1,1,1,1,1,1,7,1,1,1,7,1,1,1,1,1,1,1,13
12520,112,3827,27,4681,5,33489,19,390 1,1,1,1,29,1,29,1,1
118,218,125,1249,10,180,1249,2431,19,37,7607,914,655,314,8424,47,10,6853 1,13,1,1,1,1,1,1,1,1,1,1,1,1,1,1,1,1
6325,115,10,5376,465 1,1,1,1,1
148,4681,5,33490,3168,180,56,442,171,51,40,208,31,17298 6,29,1,13,1,1,1,1,1,1,1,1,1,1
436,936,14916,33491,43,6490,193,10,382,632 1,1,1,1,1,1,1,1,1,1
554,1553,138 1,1,1
6325,1656,33492,1112,1018 1,1,1,1,1
138,9369 1,1
41,235,268,441,85 1,1,1,1,1
1593,687,1530,793,5192,3381,43,4683,2808,6641,2187,26,174,516,16802,687,33493 1,1,1,1,1,1,1,1,1,1,1,1,1,1,1,1,1
40,20,1466,15,33494,1913,7,6,6237,763,317 1,1,1,1,1,1,1,1,1,1,1
74,20,11,1466,1530 1,1,1,1,1
64,6079,1382,17,278,134,160 1,1,1,1,1,1,1
19,4224,946 1,1,1
1782,3,267,1746,175,65,15,113 1,1,1,1,1,1,1,1
972,52,96 1,1,1
185,345,10647,33495,20,8869,573,20,71,5,16,14,1338,280 1,1,1,1,1,1,1,1,1,1,1,1,1,23
865,15953,1139,4402,8169 1,1,1,1,1
257,33496,259,140,115,10,1143,1142,2260,51,286,21,3272,10,1516,140,3,10494,33497 1,1,1,1,1,1,1,1,1,1,1,1,1,1,1,1,1,1,1
10653,3557,4365 1,1,1
33498,398,33499 1,1,1
9532,33,398,11220,27,16189,842 1,1,16,16,1,1,1
17299,33,8616,19,348,2827,305 1,1,1,1,17,1,1
10872,96,17,412 1,1,1,1
11,202,7,604 1,1,1,1
11,2159,1029 1,1,1
7607,33500,772,520,359 1,1,1,1,1
1573,7607,9090,3557,5,398,359,89 1,1,1,1,1,1,1,1
4464,2664,923,61,3474,5,679,660,4514,5,8771,2172,290,10,33501,1549 1,1,1,1,1,1,1,1,1,1,1,1,1,1,1,1
749,3692,12331,3,121,2324,2273,5,40,21,68,7,681,575 1,1,1,1,1,1,1,1,1,1,1,1,1,1
6325,112,855,4581,5,3267,3,572,3,968,628,147 1,1,1,1,1,1,1,1,1,1,1,1
157,1816,1327,305,914,602,1255 1,1,1,1,1,1,1
41,527,2534,305,914,911 1,1,1,1,1,1
196,243,6325,55,10,46,284,871,9061,59,270,5631 1,1,1,1,1,1,1,1,1,1,1,1
98,62,985,243,187,574,48,3,5,15,493,174,7,166,33502 1,1,1,1,1,1,1,1,1,1,1,1,1,1,1
510,10,5671 1,1,1
33503,33504 1,1
80,39,30,11,1169,591,124 1,1,1,1,1,1,1
238,597,33505 5,5,5
1119,3438 1,1
150,30,573,71,3,583,2459,27,1279,7,386,371 1,1,1,1,1,1,1,1,1,1,1,1
661,583,2808,3,440,586,3,1719,5702,27,7488,9851,3641 1,1,1,1,1,1,1,1,1,1,1,1,1
267,848,3,108,5,141,991,3171,3,15,78,914 1,1,1,1,1,1,1,1,1,1,1,1
267,4481,7105,13,71 1,1,1,1,1
193,2555,871,212,26,895,399 1,1,1,1,1,1,1
206,30,355,17,11158 1,1,1,1,1
3190,2476,13,2237,15012,4757 1,1,1,1,1,1
491,3682,5436 1,1,1
257,33506,259,33507,5820,491,3682,12521 1,1,1,1,1,1,1,1
723,3682,8005 1,1,1
285,17300 1,1
23,551,285,17,33508 1,1,1,1,1
81,7,182,12520,112,146,33509,2040,7,377,841,29,1264,12,2345,834,74,14,15,1629,7,5516,8176 1,1,1,1,1,1,1,1,1,1,1,1,1,1,1,1,1,1,1,1,1,1,1
19,77,16,21,4849,3975,10,6,59,51,200,19,6,1252,16,14,510,10,64,33510,17,172 1,1,1,1,1,1,1,1,1,1,1,1,1,1,1,1,1,1,1,1,1,1
44,77,5,33511,33512 1,1,1,1,1
33513,965,817,66,33514,10,6325,112 1,1,1,1,1,1,1,1
343,7904,338,33515 1,1,1,1
6325,13395,1706,1280,465 1,1,1,1,1
33516,914,33517,5,98,1627,19,6666 1,1,1,1,1,1,1,1
81,7,182,376,72,708,135,147,1003 1,1,1,1,1,1,1,1,1
102,77,196,35,55 1,1,1,1,1
227,2447,409,43,10872,4667 1,1,1,1,1,1
2653,82,91 1,1,1
1239,703 1,1
136,11,879,3,118,576,3,222,26,1189,693,2972 1,1,1,1,1,1,1,1,1,1,1,1
48,91 1,1
2852,11,213,26,561 1,1,1,1,1
214,703,6641,1061,26,246 1,1,1,1,1,1
11,222 1,1
779,77,11,243 1,1,1,1
623,31,985 1,1,1
554,193,17,63 1,1,1,1
6645,409 1,1
114,133,296,3,11,93 1,1,1,1,1,1
39,218,378,25,32,126,54,4,17301,955,1746,946 1,13,1,1,1,1,1,1,1,1,1,1
1816,4119,36,45,9,73,8,25,305,6666,9,5910,8475,965,8,4177,2530,32,1782,4224,25,32,126,54,4,17301,36,298,651,3,708,17,267,175,65,135,113,809,3345,25,305,1264,483,14,1153,23,1185,448,57,507,10,411,3,1885,33518,3,26,1153,74,14,747,1185,935,13,3323,33519 1,1,1,1,1,1,1,1,1,1,1,1,1,1,1,1,1,1,1,1,1,1,1,1,1,1,1,1,1,1,1,1,1,1,1,1,1,17,1,1,1,1,1,1,1,1,1,1,1,1,1,1,1,1,1,1,1,1,1,1,1,1,1,1,1,1
21,224,432,35,60,35,3365 1,1,1,1,1,1,1
155,448,208,52,854,3,51,138,3157,160,268,2173,56,2379,5450 1,1,1,1,1,1,1,1,1,1,1,1,1,1,1
50,5037,773,64,6709,12272,10,278 1,1,1,1,1,1,1,1
497,12522,1830,1265,3,107 1,1,1,1,1,1
