67,54,4,33590,17314,39,599,318,499,67,28,4,3152,3,2193,542,4,12523,2523,4,17315,3964,4,832,4946,434,4,33591,33592,973,1007,4,2864,3350,85,28,221,33593,730,234,648,282,17316,1584,648 1,1,1,1,1,1,1,1,1,1,1,1,1,1,1,1,1,1,1,1,1,1,1,1,1,1,1,1,1,1,1,1,1,1,1,1,1,1,1,1,1,1,1,1,1
11,2836,12,3723,65 1,1,1,1,1
169,10,37,1031,2100,65,97,15,2836 1,1,1,1,1,1,1,1,1
11,362,34,3,51,190,296,5,3040 1,1,1,1,1,1,1,1,1
11,1473,3,2052,3,446,3,3986 1,1,1,1,1,1,1,1
527,175,228,7,2114,5,175,228,7,7000,135,15,150,2084,82,420,97,88,915 1,1,1,1,1,1,1,1,1,1,1,1,1,1,1,1,1,1,1
1694,2212,3,142,3,365,393,3,812,3,1013,9488,110,10900,254,122,2178,55,127,33594,102,77,1754,280,787,498,3,11,199,342,316,292,4,5712,364,4,1578,148,4,33595,716,4,581,3219,751,682,612,455,4947,280,3,152,3,952,3,1465,3475,17316,33596,5,703,362,77 1,4,1,7,1,15,15,1,1,1,1,1,1,1,1,1,1,1,1,1,1,1,1,23,1,1,1,1,1,1,1,1,1,1,1,1,1,6,6,6,1,1,1,1,1,1,1,1,1,23,1,1,1,1,1,1,1,1,1,1,1,1,1
1509,160,17,326,389 1,1,1,1,1
79,137,724,1629,7,12209,3,109,31,728,681,1599,26,4129 1,1,1,1,1,1,1,1,1,1,1,1,1,1
558,1644,7,28,2160,19,355,648 1,1,1,1,1,1,1,1
41,1571,33597,5,4210,12,230 1,1,1,1,1,1,1
79,10,439,33598 1,1,1,1
230,262,331,55,282,33599,358,33,11,326,656,12,2586,175,113 1,1,1,1,1,1,1,1,1,1,1,1,1,1,1
11,362,34,3,11,3803,3,51,16,109,190,3040 1,1,1,1,1,1,1,1,1,1,1,1
11,2052,3,446,3,3986 1,1,1,1,1,1
16,21,527,2114,5,7000,13,11,915 1,1,1,1,1,1,1,1,1
116,57,2550,3,8208,3,11,3239,709,579,233,182,81,5,72,708,35,270,316,122,757,55,545,207,4,980,3,410,3,1250 1,1,1,1,1,1,1,1,1,1,1,1,1,1,1,1,1,1,1,1,1,1,1,1,1,1,1,1,1,1
413,4,1172,3,1121,136,4,332,3,296,471,7,759,3,396,48,4,11,386,342,214,4,152,3,979,3,2045,3,11,1061,3,44,308,326,327 1,1,1,1,1,1,1,1,1,1,1,1,1,1,1,1,1,1,1,1,1,1,1,1,1,1,1,1,1,1,1,1,1,1,1
1058,4,11,762,246,7,6,114 1,1,1,1,1,1,1,1
273,4,511,44,10,691,1008,7,6,194,114 1,1,1,1,1,1,1,1,1,1,1
628,44 1,1
196,4,11,277 1,1,1,1
1808,4,33600,44 1,1,1,1
39,1771,810,230,438,116,7,648,33,11,202,7,3352,26,13678 1,1,1,1,1,1,1,1,1,1,1,1,1,1,1
16,224,197,60,27,40,85 1,1,1,1,1,1,1
16,41,52,138,1564,17,15,476,326,389,5,903,13,451 1,1,1,1,1,1,1,1,1,1,1,1,1,1
534,19,261,211,801,648,81,1445,50,46,1150,221,5,101,6,28,5,660,6,385,82,101,3,81,5,740,13,6,385,82,607,7,30,3,5,235,6,172,3,104,7,198,5,566,7,6,28,13,6,385 1,1,1,1,1,1,1,1,1,1,1,1,1,1,1,1,1,1,1,1,1,1,1,1,1,1,1,1,1,1,1,1,1,1,1,1,1,1,1,1,1,1,1,1,1,1,1,1,1,1
40,55,21,68,867,205,43,2864,3350,3,229,33601,33602,973,224,1933,607,12,6,230,55,158,4,6311,3492,9,73,8,2864,3350,3,229,174,1007,4206,4002,3,229 1,1,1,1,1,1,1,1,1,1,1,1,1,1,1,1,1,1,1,1,1,1,1,1,1,1,1,1,1,1,1,1,1,1,1,1,1,1
