67,54,4,33613,6889,1085,7,40,55,14,6,4338,318,1141 1,1,1,1,1,1,1,1,1,1,1,1,1,1
1240,182 1,1
233,2842,546,1219,12,4735 1,1,1,1,1,1
4736,17314,39,33614,499,67,33,1642,189,230,2804,55,4735,55,161,4,205,28,4,3152,3,2193,78,1324,78,1324,542,4,12523,2523,4,17315,3964,4,832,4946,434,4,8711,33615,230,2804,55,2804,168,55,230,6393,54,85,4,8711,17317,40,55,21,68,867,205,43,17318,3,3386,3,1203,8711,33616,224,1933,607,12,6,230,55,158,4,757,3492,4,17318,3,3386,3,1203,257,3736,259,434,7,33617,33618,257,3736,259,730,234,4,529,257,3736,259,33619,379,358,110,4328,36,4660,183,3,61,10,6,78,12527,29,230,13,2318,616,5,529 1,1,1,1,1,1,1,1,1,1,1,1,1,1,1,1,1,1,1,1,1,1,1,1,1,1,1,1,1,1,1,1,1,1,1,1,1,1,1,1,1,1,1,1,1,1,1,1,1,1,1,1,1,1,1,1,1,1,1,1,1,1,1,1,1,1,1,1,1,1,1,1,1,1,1,1,1,1,1,1,1,1,1,1,1,1,1,1,1,1,1,1,1,1,1,1,1,1,1,1,1,1,1,1,1,1,1,1,1,1,1,1,1,1,1,1,1,1,1,1,1,1
768,6,616,35,78,12527,29,702,3996,78,12527,29 1,1,1,1,1,1,1,1,1,1,1,1
329,9745,13,300,6,387,866,307,3,323 1,1,1,1,1,1,1,1,1,1
11,3216,135,79 1,1,1,1
16,953,10,6,230,1497,257,3736,259,6956,4,2212,3,142,3,776,3,209,187,657,5,187,384,34,3,1013,3,623,985,3,391,1274,3,812,3,2475,7,841 1,1,1,1,1,1,1,1,1,1,1,4,1,7,7,15,1,1,1,1,1,1,1,1,1,1,1,1,1,1,1,1,1,1,1,1,1,1
257,3736,259,254,4,10160,829,22,105,12524,1147,1945,22,105,348,501,22,69,1118,125,69,274,215,22,105,218,171,22,36,78,47,3472,29,298,105,736,171,22,78,47,3472,29,298,105,932,171,22,105,2146,9682,22,105,8465,3113,69,252,547,22,105,950,105,7000,210,16875,2077,12526,1455,167,257,3736,259,127,4,11,374,357,127 1,1,1,1,1,1,1,1,1,1,1,1,1,1,17,1,1,1,1,1,1,9,1,1,1,13,1,1,1,1,1,1,1,1,1,12,1,1,1,1,1,1,1,1,1,1,1,1,27,1,1,1,1,1,1,11,1,1,1,1,1,1,1,1,1,1,1,1,1,1,1,1,1,1,1,1,1
1545,9,8,257,3736,259,150,403,4,150,30,3357 1,1,1,1,1,1,1,1,1,1,1,1
257,3736,259,206,403,4,28,109,31,238 1,1,1,1,1,1,14,14,14,14
28,109,31,157,541 1,1,1,1,1
28,109,31,157,357 1,1,1,1,1
257,3736,259,579,4,3219,4,122,282 1,1,1,1,1,1,1,1,1
612,4,122,282 1,1,1,1
5427,4,122,282 1,1,1,1
257,3736,259,579,5,8413,35,55,270,5,12,6,230,67,17,40,6299 1,1,1,1,1,1,1,1,1,1,1,1,1,1,1,1,1
233,174,182,376,72 1,1,1,1,1
102,77,4,207,4,316,35,135,757,55 1,1,1,1,1,1,1,1,1,1
28,14,980,5,410 1,1,1,1,1
28,14,642,1200 1,1,1,1
28,14,4383,197 1,1,1,1
28,14,15,60,387,3,60,2056,3,358 1,1,1,1,1,1,1,1,1,1
257,3736,259,136,4,6,136,14,332 1,1,1,1,1,1,1,1,1
257,3736,259,3219,4,184,327,57,377 1,1,1,1,1,1,1,1,1
6,155,57,91,10,463,100 1,1,1,1,1,1,1
257,3736,259,612,4,6,130,327,46,15,44,2744 1,1,1,1,1,1,1,1,1,1,1,1
6,130,14,145,156,5,239 1,1,1,1,1,1,1
257,3736,259,4947,4,6,214,14,396,5,1763 1,1,1,1,1,1,1,1,1,1,1
214,14,152 1,1,1
326,327,57,61 1,1,1,1
257,3736,259,1058,4,3821,1192,14,33620,97,202,7,411,257,3736,259,149,295,4,149,295,17,4,3152,3,2193,719,154,414,4338,5964,4566,705,2647,592,2221,869,231,769,10402,392,680,888,33621,1680,1995,9,292,8,870,231,1568,996,149,295,17,4,3152,3,2193,719,154,414,4338,4338,5964,5964,12528,4566,399,4114,1179,1888,22,1537,1077,1792,1791,1389,1506,3025,1388,1646,1938,755,9,59,8,2967,2470,2289,1907,149,295,17,4,3152,3,2193,719,154,414,4338,5964,12528,1565,539,9,59,8,1527,1214,1566,1247,1077,1792,1791,1389,149,295,17,4,3152,3,2193,719,154,414,4338,5964,13676,1336,72,2340,72,149,295,17,4,3152,3,2193,719,154,414,4338,5964,4566,349,1888,9,59,8,734,14612,9,59,8,560,4196,9,59,8,333,5021,9,59,8,653,1421,786,11191,823,5125,536,4606,795,4419,2749,370,1125,1277,42,1209,1594,42,577,180,42,847,615,42,830,117,42,864,519,2649,9557,2650,11648,2701,7908,2702,15991,2703,2149,1661,200,1577,200,2599,200,1971,200,149,295,17,4,3152,3,2193,719,154,414,4338,4338,5964,5964,12528,4566,79,4386,9,83,8,1074,1857,14419,33622,9,83,8,5065,3363,395,4572,999 1,1,1,1,1,1,1,1,1,1,1,1,1,1,1,1,1,1,1,1,1,1,1,1,1,1,1,1,1,1,1,1,1,1,1,1,1,1,1,1,1,1,1,1,1,1,1,1,1,1,1,1,1,1,1,1,1,1,1,1,1,1,1,1,1,1,1,1,1,1,1,1,1,1,1,1,1,1,1,1,1,1,1,1,1,1,1,1,1,1,1,1,1,1,1,1,1,1,1,1,1,1,1,1,1,1,1,1,1,1,1,1,1,1,1,1,1,1,1,1,1,1,1,1,1,1,1,1,1,1,1,1,1,1,1,1,1,1,1,1,1,1,1,1,1,1,1,1,1,1,1,1,1,1,1,1,1,1,1,1,1,1,1,1,1,1,1,1,1,1,1,1,1,1,1,1,1,1,1,1,1,1,1,1,1,1,1,1,1,1,1,1,1,1,1,1,1,1,1,1,1,1,1,1,1,1,1,1,1,1,1,1,1,1,1,1,1,1,1,1,1,1,1,1,1,1,1,1,1,1,1,1,1,1,1,1,1,1,1,1,1,1,1,1,1,1,1,1
257,3736,259,1340,4,339,4,44,48 1,1,1,1,1,1,1,1,1
33623,155 1,1
413,241,3512,401,262,81,176,741,7921,12,17319,5,70,2919,17320,35,270,3,1282,440,5309,313,166,209,490 1,1,1,1,1,1,1,1,1,1,1,1,1,1,1,1,1,1,1,1,1,1,1,1,1
679,313,237,52,312,2047,17,172,7,490 1,1,1,1,1,1,1,1,1,1
58,11,202,7,2244,1939 1,1,1,1,1,1
257,3736,259,39,1771,33624,379,358,13,529,3,307,110,4328,33,3323,17,545 1,1,1,1,1,1,1,1,1,1,1,1,1,1,1,1,1,1
21,1319,1241,3,8270,570,12,16262,7,241,104,33,96,77,8270,570,12,272,257,3736,259,2804,262,55,230,6393,54,85,4,8711,17317,40,55,21,68,867,205,43,2661,17321,3,5549,8711,33625,224,1933,607,12,6,230,55,158,4,262,4,2661,17321,3,5549,257,17322,259,262,229,33626,379,498,38,95,187,384,938,3,132,13,234,1023,7,1670,33627,477,321,27,977 1,1,1,1,1,1,1,1,1,1,1,1,1,1,1,1,1,1,1,1,1,1,1,1,1,1,1,1,1,1,1,1,1,1,1,1,1,1,1,1,1,1,1,1,1,1,1,1,1,1,1,1,1,1,1,1,1,1,1,1,1,1,1,1,1,1,1,1,1,1,1,1,1,1,1,1,1,1,1,1,1,1,1,1
89,16,38,187,518,529,5,16,38,128,312,1171 1,1,1,1,1,1,1,1,1,1,1,1
781,10,230,17,172 1,1,1,1,1
545,8543,60,197,498,12,480,413,1806,412,665,863,136,332,3,11,222,48,91,720,409,1270,362,152,33628,531,187,384,56,774,2026,3,11,3915,3,11,1280 1,1,1,1,1,1,1,1,1,1,1,1,1,1,1,1,1,1,1,1,1,1,1,1,1,1,1,1,1,1,1,1,1,1,1,1,1
329,93 1,1
352,10628,123,117,7261,204,3,600,187,248,377,628,507,10,34,873,4,79,38,164,223,175,129,183,51,487,14177,14,185 1,1,1,1,1,1,1,1,1,1,1,1,1,1,1,1,1,1,1,1,1,1,1,1,1,1,1,1,1
290,10,48,34,119,41,1593,545 1,1,1,1,1,1,1,1
483,14,37,40,4853 1,1,1,1,1
347,21,68,365,356,3,600,89,92,14,7222,119,41,1101,10,299,15,8270,570,12,1532,91,506,17026,60,17,157,3182,570,264 1,1,1,1,1,1,1,1,1,1,1,1,1,1,1,1,1,1,1,1,1,1,1,1,1,1,1,1,1,1
134,266,6796,368,982,188,10,977 1,1,1,1,1,1,1,1
50,46,101,6,28,5,235,13,6,757,3492,6,28,82,198,5,740,13,6,104 1,1,1,1,1,1,1,1,1,1,1,1,1,1,1,1,1,1,1,1
257,17322,259 1,1,1
