67,54,4,33694,5883,2362,820,162,55,1201,4588,4,64,17338,1201,820,189,4,6154,1505,683,140,4,33695,3928,820,902,4,2570,1415,404,17,168,4,1292,282,4,17340,1205,19,821 1,1,1,1,1,1,1,1,1,1,1,1,1,1,1,1,1,1,1,1,1,1,1,1,1,1,1,1,1,1,1,1,1,1,1,1,1,1,1,1,1
537,484,17225,408,99,421,5,514,43,491,10,52,1242 1,1,1,1,1,1,1,1,1,1,1,1,1
491,454,6765,5,1386,345,5906,79,21,38,553,255,7,1292,33,631,3143,18,484,109,887,1081,10,724,408 1,1,1,1,1,1,1,1,1,1,1,1,1,1,1,1,1,1,1,1,1,1,1,1,1
18,631,18,21,62,10084,3,64,5862,3,51,109,31,2903,834,6,668,14,2175 1,1,1,1,1,1,1,1,1,1,1,1,1,1,1,1,1,1,1
18,49,165,711,15,65,9,5963,596,5,5880,187,8 1,1,8,1,1,1,1,1,8,1,8,8,1
579,376,72,12,402 1,1,1,1,1
80,39,30,4,1205,1885,1086,317,58,151,33,19,821,159,3193,3,9766,317,58,151,9,2644,8,33,311,255,7,1292,12,6,80,1234,33,11,2016,4658,1234,1302,3,21,356,68,19,1202,8875,12,80,697,2937,3,885,921,5171,3096,142,287,80,591,30,4,110,10055,354,902,30,4,187,5540,1842,9259,139,117,169,1831,1101,27,902,33,138,365,341,7,268,2025,3,126,19,452,9259,33,72,33696,2351,35,135,1960,55,127,4,790,39,4,165,12530,3120,32,218,515,32,1812,1801,32,2071,515,276,2162,676,7780,69,950,672,69,206,30,4,171,6331,3,1684,485,33697,3,245,1272 1,1,1,1,1,1,1,4,4,4,1,1,1,1,1,1,1,4,4,4,4,4,4,1,1,1,1,1,1,1,1,1,1,1,1,1,1,1,1,1,1,1,1,1,1,1,1,1,1,1,1,1,1,1,7,15,1,1,1,1,1,1,1,1,1,1,1,1,1,1,1,1,1,1,1,1,1,1,1,1,1,1,1,1,1,1,1,1,1,1,1,1,1,1,1,1,1,1,1,1,1,1,8,1,1,1,13,1,1,20,1,1,12,1,1,1,1,1,1,1,1,1,1,1,1,18,18,1,1,1,1,1,1,1
150,30,4,102,77,140,4,33698,1207,4,7109,148,4,12912,523,4,2229,716,4,1245,718,880,231,42,814,4,280,5837,428,12,480 1,1,1,1,1,1,1,1,1,1,1,6,6,6,1,1,1,1,1,1,1,1,1,1,1,1,23,1,1,1,1
227,4,1124,5778,3,1117,78,364,91,5,1110,136,4,332,3,11,309,3,576,185,155,4,751,1069,720,4,145,3,1270,3,11,12434,362,4,152,3,2938,3,11,969,3,11,291,222,531,4,11,93,12,634,1069,3,217,133,443,196,4,617,3,2498,3,11,277,188,4,11,5781,354,902,4,1192,2026,5,97,2956,3,589,5,1539,222,61,149,4,434,349,560,333,653,4345,33699,4655,9,47,8,5290,9,294,8,33700,434,536,4345,5409,434,2452,2635,2920,2372,4345,2074,193,33701,433,434,1838,2858,2453,1886,4345,3491,217,193,193,434,3355,4345,2074,434,705,592,869,769,4345,1840,2982,9,294,8,1137,9,294,8,1651,4345,2401,9,294,8,4209,9,294,8,1914,9,294,8,279,4345,1952,3799,9,294,8,967,9,294,8,125,9,294,8,434,392,888,1680,870,4345,2381,9,294,8,3491,9,294,8,108,1106,4345,2470,9,294,8,3491,9,294,8,108,2054,434,1568,4345,558,434,399,1179,22,4345,5101,2905,4345,4196,9,294,8,3799,9,294,8,2557,434,897,1336,2340,4345,765,63,434,79,1074,1067,4345,6371,9,294,8,1857,9,294,8,5994,9,47,8,63,587,72,10,54,9,33702,8,192,5,104,4,17340,1205,1885,66,317,58,151,3,132,162,17,1292 1,1,1,1,1,1,1,1,1,1,1,1,1,1,1,1,1,1,1,1,1,1,1,1,1,1,1,1,1,1,1,1,1,1,1,1,1,1,1,1,1,1,1,1,1,1,1,1,1,1,1,1,1,1,1,1,1,1,1,1,1,1,1,1,1,1,1,1,1,1,1,1,1,1,1,1,1,1,1,1,1,1,1,1,1,1,1,1,1,1,1,1,1,1,1,1,1,1,1,1,1,1,1,1,1,1,1,1,1,1,1,1,1,1,1,1,1,1,1,1,1,1,1,1,1,1,1,1,1,1,1,1,1,1,1,1,1,1,1,1,1,1,1,1,1,1,1,1,1,1,1,1,1,1,1,1,1,1,1,1,1,1,1,1,1,1,1,1,1,1,1,1,1,1,1,1,1,1,1,1,1,1,1,1,1,1,1,1,1,1,1,1,1,1,1,1,1,1,1,1,1,1,1,1,1,1,1,1,1,1,1,1,1,1,1,1,1,1,1,1,1,1,1,1,1,1,1,1,1,1,1,1,1,1,1,1,1,1,1,1,1,1,1,1,1,1,1,1,1,1,1,1,1,1,1,1,1,1,1,4,4,4,4,1,1,1,1
176,151,4,144,865 1,4,1,1,1
1596,10,122,3,138,553,1292 1,1,1,1,1,1,1
1335,10,122 1,1,1
178,821,89,3,35,135,712,503 1,1,1,1,1,1,1,1
41,144,1054,264,3,2984,3,11784,1628,487,3,11783 1,1,1,1,1,1,1,1,1,1,1,1
195,2867,4,33703,264,13,821,89 1,1,1,1,1,1,1,1
253,212,341,4,144,772,520,3,126,1827,1026,32,3,2843,1812,5,12530,5,118,218,35,572,43,148 1,1,1,1,1,1,1,1,60,60,1,1,1,1,20,1,1,1,1,13,1,1,1,1
237,31,126,2213,27,61,597,1764,255,538 1,1,1,1,1,1,1,1,1,1
346,905,4,3646,17,905,12443,33,1237,452,1427 1,1,1,1,1,1,1,1,1,1,1
460,5299,4,126,3053,8530,25,305,13,911 1,1,1,1,1,1,1,1,1,1
460,2623,4,160,206,285,3,79,3,4477,10,122,3,35,109,31,197,10,52,3720,27,163 1,1,1,1,1,1,1,1,1,1,1,1,1,1,1,1,1,1,1,1,1,1
33704,5355,153,1191,33705 1,1,1,1,1
