67,54,4,33728,5630,33729,168,55,281,4,33730,11688,4,33731,426,4,664,7,3984,33732,12450,13,1205,19,821,9,33733,8,3,170,1460,3,5,256,667,3,261,625,65,183,66,17342,110,667,5,5211,822 1,1,1,1,1,1,1,1,1,1,1,1,1,1,1,1,1,1,1,1,1,1,1,1,1,1,1,1,1,1,1,1,1,1,1,1,1,1,1,1,1,1,1,1,1,1,1
28,20,33734,43,3125,121,1081,10,2695,15,2169,7,14207,355,13,4015,35,28,20,15,500,591,2339 1,1,1,1,1,1,1,1,1,1,1,1,1,1,1,1,1,1,1,1,1,1,1
6,28,20,221,175,65,1676,12,6,230,17,1440,27,821 1,1,1,1,1,1,1,1,1,1,1,1,1,1
197,19,6,33735,10,6154,6,28,2505,12,6,1127 1,1,1,1,1,1,1,1,1,1,1,1
6,28,90,233,234,5,38,15,44,413,241,5,177,5,20,261,163 1,1,1,1,1,1,1,1,1,1,1,1,1,1,1,1,1
28,20,27,33736,89,5,135,757,55,3,6,28,20,31,922,3916,3,33737,148,33738,3,588,2616,3,718,231,42,19,658,405,40,1551 1,1,1,1,1,1,1,1,1,1,1,1,1,1,1,1,1,1,1,1,1,1,1,1,1,1,1,1,1,1,1,1
313,3,757,146,128,33739,7,1274,3,224,538,139,558,435,3,405,40,255,3,33740,6,28,33741,115,19,24,2133 1,1,1,1,1,1,1,1,1,1,1,1,1,1,1,1,1,1,1,1,1,1,1,1,1,1,1
135,1960,28,14,344,11723,3916,5,170,33742,27,472 1,1,1,1,1,1,1,1,1,1,1,1
1157,27,472,3,11,199,1157,3,11,3649,26,4187 1,1,1,1,1,1,1,1,1,1,1,1
7,55,3,28,14,198,17,43,491,5,2734,6071,33743 1,1,1,1,1,1,1,1,1,1,1,1,1
6,28,82,150,21,1499,12121,849,12,6,80 1,1,1,1,1,1,1,1,1,1,1
28,810,344,598,336,27,472 1,1,1,1,1,1,1
491,146,28,21,68,724,1248,27,163,3,51,14,3106,223,571,267,255,7,484,3984,408 1,1,1,1,1,1,1,1,1,1,1,1,1,1,1,1,1,1,1,1,1
28,14,503,17,6380,1560,5,28,14,4618,10,52,1198,139,2398,17,40,540 1,1,1,1,1,1,1,1,1,1,1,1,1,1,1,1,1,1
230,438,4,28,14,52,162,17,1642 1,1,1,1,1,1,1,1,1
28,21,472,44,701,3,96,1965,3,28,21,31,2488,319,26,1639,33744,12,230 1,1,1,1,1,1,1,1,1,1,1,1,1,1,1,1,1,1,1
241,413,31,390,35,359,1023 1,1,1,1,1,1,1
230,331,258,177,111,11,199,490 1,1,1,1,1,1,1,1
579,4,232,1059,3,11,249,3,28,21,68,2581,13,233,39,135,491 1,1,1,1,1,1,1,1,1,1,1,1,1,1,1,1,1
11,263,26,1585,3,11,33745,446 1,1,1,1,1,1,1,1
674,4,1319,7561,821,9,292,3,7947,3,3865,8,10363,33746,33,27,17342,3,11,646,1946,3,333,1651,19,33747,33748,9,3318,8,33749,384,1957,3,209,33750,33751,256,697,254,4,176,947,478,547,22,25,105,178,1212,141,22,25,105,195,9043,180,22,25,105,253,6580,782,108,22,25,105,346,1893,782,231,22,25,69,460,218,171,22,25,105,652,10092,1571,36,298,25,105,833,2071,171,22,25,1350,995,6935,2534,22,25,1392,233,4,790,1144,4,245,13,491,9,3989,8,121,1007,9069,198,29,775,10,582,33752 1,1,1,1,1,1,1,1,1,1,1,1,1,1,1,1,1,1,1,1,1,1,1,1,1,1,1,1,1,1,1,1,1,1,1,1,1,1,1,1,1,1,11,11,1,1,1,1,1,20,1,1,1,1,1,1,1,1,1,1,1,1,1,1,1,1,1,1,9,9,1,1,1,1,1,13,1,1,1,1,1,1,1,1,1,1,1,1,12,1,1,1,1,1,1,1,1,1,1,1,1,1,1,1,1,1,1,1,1,1,1,1,1,1,1,1,1,1,1
1022,4,11,150,403,7,1460,26,697,545,4,701,4,292,853,364,1490,33753,231,42,658,207,4,60,197,3,480,227,4,412,4,1852,3,665,1653,4,2596,2638,3,11,685,26,261,136,4,320,632,910,155,4,751,1069,3,11,15704,130,4,455,3,17343,3,11,1099,214,4,152,3,8038,3,1289,3,11,1128,114,4,217,15705,133,3,11,33754,3,70,248,12,4015,149,4,33755,705,2152,3,592,2078,3,869,967,9,59,8,3,769,180,9,83,8,3,392,680,3,888,16973,9,83,8,3,1680,1214,9,59,8,3,870,4927,9,83,8,5574,705,3695,9,294,8,3,592,1944,3,869,2060,9,294,8,3,769,1695,3,392,2136,9,294,8,3,888,13794,9,294,8,3,1680,141,3,870,9556,9,294,8,5574,705,3583,9,294,8,3,592,3669,9,294,47,8,3,869,1914,9,294,8,3,769,1695,3,392,2136,9,294,8,3,888,12486,9,294,47,8,3,1680,141,3,870,669,9,294,8,5965,705,1952,3,592,1888,3,869,853,3,769,1716,3,392,1299,3,888,10098,9,294,47,8,3,1680,1214,3,870,5409,9,294,8,5965,592,33756,1568,33757,1568,33758,1568,33759,1568,33760,6366,9225,9,294,8,5574,6366,5896,9,294,8,5965,6366,5132,9,294,8,5965,6366,7934,9,294,8,5965,6366,8092,9,294,8,10161,399,2811,9,59,8,3,1077,1701,3,1506,4209,3,1388,2545,9,59,8,5574,399,2902,3,1179,1880,3,1388,2545,9,294,8,5574,399,3529,3,22,33761,279,11835,3829,9,294,8,5965,399,33762,1565,929,3,1527,625,3,1566,5870,9,83,8,3,1077,33763,897,1299,9,59,8,3,1336,154,31,582,3,3169,33764,9,4705,8,10161,349,5038,3,734,33765,9,59,8,3,560,3289,9,47,59,8,3,333,5654,9,47,59,8,3,653,2054,3,786,6684,9,59,8,3,823,5170,9,59,8,3,536,7191,9,47,8,5574,349,33766,3,734,17307,9,294,8,3,560,2902,9,294,8,3,333,5654,9,294,8,3,653,33767,3,786,4675,9,294,8,3,823,5502,3,536,33768,349,33769,9,294,8,3,734,33770,9,294,8,3,560,2931,9,294,8,3,333,6108,9,294,8,3,653,33771,3,786,10689,9,294,8,3,823,6121,9,294,8,3,536,4881,9,47,8,5965,349,33772,9,294,8,3,734,33773,9,294,8,3,560,2714,9,294,8,3,333,4855,9,294,8,3,653,16972,3,786,5363,9,294,8,3,823,5122,3,536,2647,9,294,8,10161,795,33774,9,83,8,5574,795,15101,9,294,8,5574,795,12315,9,294,8,5965,795,12315,9,294,8,10161,42,1209,9998,9,83,8,3,42,847,3289,9,83,8,3,42,830,829,3,42,864,1701,3,42,6057,4044,9,59,8,5574,42,7103,519,3,42,7856,1106,9,47,8,3,42,6057,1299,3,42,2323,17344,42,33775,1787,33776,42,7857,141,9,294,47,8,3,42,7858,36,3,42,7859,17344,1661,5406,3,1577,13272,3,1971,33777,1661,433,3,16854,217,3,1577,433,3,1971,433,3,33778,217,3,8872,33779,79,6105,9,294,8,3,1074,1715,9,294,8,3,1067,17345,9,294,8,5574,79,4044,9,294,8,3,1074,1715,9,294,8,3,1067,33780,9,294,8,5965,79,5655,9,294,8,3,1074,1715,9,294,8,3,1067,17346,9,294,8,264,4,177,4,924,3,547,1815,3,11,199,1373,1780,9643,241,413,4,339,4,176,11,199,2244,448 1,1,1,1,1,1,1,1,1,1,1,1,1,1,1,1,1,1,1,1,1,1,1,1,1,1,1,1,1,1,1,1,1,1,1,1,1,1,1,1,1,1,1,1,1,1,1,1,1,1,1,1,1,1,1,1,1,1,1,1,1,1,1,1,1,1,1,1,1,1,1,1,1,1,1,1,1,1,1,1,1,1,1,1,1,1,1,1,1,1,1,1,1,1,1,1,1,1,1,1,1,1,1,1,1,1,1,1,1,1,1,1,1,1,1,1,1,1,1,1,1,1,31,31,1,1,1,1,1,1,1,1,1,1,1,1,1,1,1,1,1,1,1,1,1,1,1,1,1,1,1,1,1,1,1,1,1,1,1,1,1,31,31,1,1,1,1,1,1,1,1,1,1,1,1,1,1,1,1,1,1,1,1,1,1,1,1,1,1,1,1,1,1,1,1,1,1,1,1,1,1,1,1,1,1,31,31,1,1,1,1,1,1,1,1,1,1,1,1,1,1,1,1,1,1,1,1,1,1,1,1,1,1,1,1,1,31,31,1,1,1,1,1,1,1,1,1,1,1,1,1,1,31,31,1,1,1,1,31,31,1,1,1,1,31,31,1,1,1,1,31,31,1,1,1,1,31,31,1,1,1,1,1,1,1,1,1,1,1,1,1,1,1,1,1,1,1,1,1,1,1,1,1,1,1,1,1,1,1,1,1,1,1,1,1,1,1,1,1,1,1,1,1,1,1,1,1,1,1,1,1,1,1,1,1,1,1,1,1,1,1,1,1,1,1,1,1,1,1,1,1,1,1,1,1,1,1,1,1,1,1,1,1,1,1,1,1,1,1,1,1,1,1,1,1,1,1,1,1,1,1,1,1,1,1,1,1,1,1,1,1,1,1,1,1,1,1,1,1,1,1,1,1,1,1,1,1,1,1,1,1,1,1,1,1,1,1,1,1,1,1,1,1,1,1,1,1,1,1,1,1,1,1,1,1,1,1,1,1,1,1,1,1,1,1,1,1,1,1,1,1,1,1,1,1,1,1,1,1,1,1,1,1,1,1,1,1,1,1,1,1,1,1,1,1,1,1,1,1,1,1,1,1,1,1,1,1,1,1,1,1,1,1,1,1,1,1,1,1,1,1,1,1,1,1,1,1,1,1,1,1,1,1,1,1,1,1,1,1,1,1,1,1,1,1,1,1,1,1,1,1,1,1,1,1,1,1,1,1,1,1,1,1,1,1,1,1,1,1,1,1,1,1,1,1,1,1,1,1,1,1,1,1,1,1,1,1,1,1,1,1,1,1,1,1,1,1,1,1,1,1,1,1,1,1,1,1,1,1,1,1,1,1,1,1,1,1,1,1,1,1,1,1,1,1,1,1,1,1,1,1,1,1,1,1,1,1,1,1,1,1,1,1,1,1,1,1,1,1,1,1,1,1,1,1,1,1,1,1,1,1,1,1,1,1,1,1,1,1,1,1,1,1,1,1,1,1,1,1,1,1,1,1,1,1,1,1,1,1,1,1,1,1,1,1,1,1,1,1,1,1,1,1,1,1,1,1,1,1,1,1,1,1,1,1,1,1,1,1,1,1,1,1,1,1,1,1,1,1,1,1,1,1,1,1
178,504,4421,696,3018,84,195,100,1619,5696,6545 1,1,1,1,1,1,1,1,1,1,1
873,4,382,87,302,522,13,170,1460,5,1205,61,13,267,500,3621,255,7,33781,3,44,12,1226,255,3,5,13,15,301,805,185,3,223,956,7,472,3,13,15,2830,177,5,897 1,1,1,1,1,1,1,1,1,1,1,1,1,1,1,1,1,1,1,1,1,1,1,1,1,1,1,1,1,1,1,1,1,1,1,1,1,1,1,1,1,1,1
47,8,272,33,885,921,367,413,241,193 1,1,1,1,1,1,1,1,1,1
4100,2624,1900,411,1900,553,33782,701,325,1900,626,7,33783,144,1251,3,506 1,1,1,1,1,1,1,1,1,1,1,1,1,1,1,1,1
33784,144,33785,103,2836,123,58,481,220,33786,3,216,2085,12,272,10,2351,367,611 1,1,1,1,1,1,1,1,1,1,1,1,1,1,1,1,1,1,1
791,163,33787,9761,35,33788,3624,47,8,1205,19,821,33,41,2754,153,7,33789,6380,890,35,33790,153,254,47,8,142,33,791,2002,3,8147,3,1534,47,8,151,33,6328 1,1,1,1,1,1,1,1,1,1,1,1,1,1,1,1,1,1,1,1,1,1,1,1,1,1,7,1,1,13,1,20,1,9,1,1,4,1,1
41,4235,17,2414,2510,47,8,1460,33,791,3122,254,47,8,1927,33,153,353,9,1198,139,2748,8,3,5668,353,13,2280,3030,3,1687,3,105,149,47,8,2665,33,676,521,726,4,6934,660,13,150,4443,4,3989,10427,3,4321,3,33791 1,1,1,48,48,1,1,1,1,1,1,1,1,1,1,1,1,1,1,1,1,1,1,1,1,1,1,1,1,1,1,1,1,1,1,1,1,1,1,1,1,1,1,1,1,1,1,1,1,1,1,1,1,1
