67,54,4,15396,33688,3,33689,3,12529,6,28,20,221,19,33690,13,64,33691 1,1,1,1,1,1,1,1,1,1,1,1,1,1,1,1,1,1
6,28,20,1187,5,101,43,271 1,1,1,1,1,1,1,1
385,82,55,20,81,5,660 1,1,1,1,1,1,1
104,7,198,20,235 1,1,1,1,1
395,122,385,82,55,17,402 1,1,1,1,1,1,1
30,7,61,328,4,1656,3,40,14,15,4957,428,13,30,7,2644,71,5,2584,153,76,121,61,10,318,499,139,62,255,7,1242,424,13,15,63,366,12,6,1412,10,1428,9,135,1766,8,5,922,10,5844,4129,13,44,944,161,748,953,12,6,230 1,1,1,1,1,1,1,1,1,1,1,1,1,1,1,4,4,1,1,1,1,1,1,1,1,1,1,1,1,1,1,1,1,1,1,1,1,1,1,1,1,1,1,1,1,1,1,1,1,1,1,1,1,1,1,1,1,1,1
19,268,30,3,92,753,37,6,28,1343,24,712,228,7,165,40,495,5,5512,1429,51,2087,3059,5,2235,517,7,15,16157,12,6,11395,37,38,33692,24 1,1,1,1,1,1,1,1,1,1,1,1,1,1,8,1,1,1,1,1,1,1,1,1,1,1,1,1,1,1,1,1,1,1,1,1
18,21,38,169,255,7,1292,424,13,5076,911 1,1,1,1,1,1,1,1,1,1,1
376,3,18,21,68,190,60 1,1,1,1,1,1,1
11,95,84,12,39 1,1,1,1,1
80,39,30,4,71,3,106,3,1234,3,12841,3,5,2584,153,76,9,17337,8 1,1,1,1,4,1,7,1,1,1,1,1,1,1,1,1,1,1,1
39,4,165,3,1812,3,2162,3,12530,3,3247,3,5,1839 1,1,8,1,20,20,1,1,1,1,1,1,1,12
102,101,4,980,3,410,3,983,115,12,859,3,5,724,2204 1,1,1,1,1,1,1,1,1,1,1,1,1,1,1
11,199,342 1,1,1
807,4278,3,133,14,547,3,1481,680,3,63,94,15776,3,5,133,4772,231,42,19,702,737 1,1,1,1,1,1,1,1,1,1,6,6,6,1,1,1,1,1,1,1,1,1
612,77,4,145,156,5,239 1,1,1,1,1,1,1
155,57,91 1,1,1
214,14,152,5,396 1,1,1,1,1
196,14,617,5,60,1070 1,1,1,1,1,1
273,4,410,5,642,1200,5,2214 1,1,1,1,1,1,1,1
457,532,4,177,4,97,325 1,1,1,1,1,1,1
696,785,2714,3,63,345,1942,3,347,2636,3,456,1618,3,5,663,13867,224,339,4,1292,12,481,7,153,371,250,31,81,43,262,331,250,104,4,10,194,596,228,66,180,10,279,189 1,1,1,1,1,1,1,1,1,1,1,1,1,1,1,1,1,1,1,1,1,1,1,1,1,1,1,1,1,1,1,1,1,1,1,1,1,8,1,1,1,1,1,1
451,3,64,17338,20,5674 1,1,1,1,1,1
6,28,41,96,115,13,201,19,3896 1,1,1,1,1,1,1,1,1
497,8599,3,12529,107 1,1,1,1,1
487,4,17339,292,4,17339,533,43,4,8599,3,12529,746,33693,1608 1,1,1,1,1,1,1,1,1,1,1,1,1,1,1
