67,54,4,33799,6429,224,112,79,4,2517,7700,54,7,112,4,33800,732,1240,4,33801,2474,4,17349,13,674,7,317,645,151,3,287,3,280,3,4515,5575,3,5,301,505,7,2605,61,10,6429,17,513,112,684,4,36,8,151,29,58,8,142,29,117,8,4515,5575,210,8,17350,34 1,1,1,1,1,1,1,1,1,1,1,1,1,1,1,1,1,1,1,1,1,1,1,1,1,1,4,4,4,1,15,15,23,1,1,1,1,1,1,1,1,1,1,1,1,1,1,1,1,1,1,1,4,1,1,1,7,1,1,1,1,1,1,1,1,1
282,4,694,403,10,52,81,43,1231,483 1,1,1,1,1,1,1,1,1,1
36,8,151,4,372,95,1284,19,17351,4,2777,9,467,66,3838,8 1,1,4,1,1,1,16,16,16,16,16,16,16,16,16,16
2517,146,772,588,12,6,8130,5,8899,588,33802,33803,82,3,51,109,31,2283,144,24,1386,19,15,145,1721 1,1,31,31,31,31,31,1,1,1,1,1,1,1,1,1,1,1,1,1,1,1,1,1,1
1005,37,24,1386,143,1197,681,365,9,442,669,8,186,18,20,49,6,5185,17,24,2605 1,1,1,1,1,1,1,1,1,1,1,1,1,1,1,1,1,1,1,1,1
18,488,6,5185,3906,7,571,185,1386 1,1,1,1,1,1,1,1,1
86,10,49,2424,707,2010,32 1,1,1,21,21,1,1
90,88,255,7,1292,3,51,2040,7,284,116,5,731,10,1107,7346,13,24,27,233,85 1,1,1,1,1,1,1,1,1,1,1,1,1,1,1,1,1,1,1,1,1
749,1335,19,33804,5,190,37,24,353,21,265,159,40,4239 1,1,1,1,1,1,1,1,1,1,1,1,1,1
86,10,52,334,308,3,321,15,1629,27,24,2746,9,2178,8,5,27,163 1,1,1,1,1,1,1,1,1,1,1,1,1,1,1,1,1,1
58,8,142,4,86,10,49,218,378,32,29,148,416,185,27,99,112,27,33805 1,1,7,7,1,1,1,13,1,1,1,29,29,29,29,29,29,29,29
104,10,390,148,144,89,5,134,464,185,10,118,218 1,1,1,1,1,1,1,1,1,1,1,1,13
90,48,34,3,307,3,109,3,634,93,3,760,3,739,3,95,678,84,3,418,3,26,555 1,1,1,1,1,1,1,1,1,1,1,1,1,1,1,1,1,1,1,1,1,1,1
21,68,4883,4568,19,15,145,1721,97,307,26,48,34 1,1,1,1,1,1,1,1,1,1,1,1,1
117,8,4515,5575,4,2517,95,492,33806,438,7,2404,17,15,2290,7,24,1230 1,1,1,1,1,1,1,1,1,1,1,1,1,1,1,1,1,1
12,80,3,343,13,33807,5,4462,29,313,3,2517,537,37,394,1749,602,915,13,85 1,1,1,1,1,1,1,1,1,1,1,1,1,1,1,1,1,1,1,1
98,343,13,1999,75,20,982,1603,1086,3021,1896 1,1,1,1,1,1,1,1,1,1,1
190,37,199,2956,14,476,3,51,464,13,472,3,1097,170,2956,3,261,3,5,34 1,1,1,1,1,1,1,1,1,1,1,1,1,1,1,1,1,1,1,1
38,68,221,43,207,164,12,6,80,121,537,37,18,160,10,52,221,43,4499 1,1,1,1,1,1,1,1,1,1,1,1,1,1,1,1,1,1,1
20,503,10,122,4499,12,278,3,51,20,933,37,18,38,10,5420,33808,17,112,744,693,18,20,770,198,5,550,31,7055,40 1,1,1,1,1,1,1,1,1,1,1,1,1,1,1,1,1,1,1,1,1,1,1,1,1,1,1,1,1,1
86,10,157,3846,2303,4323 1,1,1,1,1,1
90,249,3,459,3,421,970,3,26,1473 1,1,1,1,1,1,1,1,1,1
210,8,17350,34,4,2517,20,95,221,12,2259,198,19,33809,13,1268,717,618,34,5,2099,123,58,113 1,1,1,1,1,1,1,1,1,1,1,1,1,1,1,1,1,1,1,1,1,1,1,1
2259,198,2351,158,15,72,3218,3,3653,3,5,44,13610,8099,444,3,51,5433,20,33810,42,9,44,602,306,1293,8 1,1,1,1,1,1,1,1,1,1,1,1,1,1,1,1,1,1,1,1,1,1,1,1,1,1,1
221,43,64,6088,12,4998,121,242,31,190,37,18,38,15,484,33811,33812,4811,408,51,482,4100,158,2605,5,3548,1013 1,1,1,1,1,1,1,1,1,1,1,1,1,1,1,1,1,1,1,1,1,1,1,1,1,1,1
268,1948,158,15,72,17352,3,44,6490,3,5,15,72,33813 1,1,1,1,1,1,1,1,1,1,1,1,1,1
16,126,24,19,5185,10,265,24,391,3,51,2517,488,1086,185,588 1,1,1,1,1,1,1,1,1,1,1,1,1,1,1,1
109,190,37,265,391,173,265,24,116 1,1,1,1,1,1,1,1,1
147,317,58,71,287,256,4977,1234,256,3752,1022,3594,373,4,573,3,4299,3,5,848,1095,106,280,39,33814,707,755,22,25,32,3,49,36,45,15,65,6425,1455,58,42,2303,9,6425,2397,58,42,8,36,2180,9,58,42,1455,9,1681,8,8,1140,305,2997,3146,2303,1140,69,123,1299,65,3,395,2107,956,15,65,10,1246,548,3846,36,42,4323,2303,1140,69,123,1299,65,3,395,2107,10,1246,548,956,15,65,1223,9,6428,8,36,298,9,12447,45,8,25,1869,167,34,123,180,65,3,191,31,1418,4477,1605,1602,17353,477,19,254,35,368,810,360,7682,218,125,22,9,549,45,49,36,8,25,32,123,180,65,1052,9,736,8,125,22,9,549,45,49,36,8,25,276,123,180,65,3,134,360,387,762,34,26,323,3,488,6,357,1442,5,454,844,1622 1,4,4,4,15,1,1,1,1,1,1,1,1,1,1,1,1,1,1,1,18,7,23,1,21,21,1,1,1,1,1,1,1,1,1,1,1,1,1,1,1,1,1,1,1,1,1,1,1,1,1,1,1,1,1,1,1,1,1,1,1,1,1,1,1,1,1,1,1,1,1,1,1,1,1,1,1,1,1,1,1,1,1,1,1,1,1,1,1,1,1,1,1,1,1,1,1,1,1,1,1,1,1,1,1,1,1,1,1,1,1,1,1,1,1,1,1,1,1,1,1,1,1,1,1,1,1,1,13,1,1,1,1,1,1,1,1,1,1,1,1,1,12,12,12,12,1,1,1,1,1,1,1,1,1,1,1,1,1,1,1,1,1,1,1,1,1,1,1,1,1,1,1,1,1,1
127,2188,33,2816,3,545,4,33815,3126,382,625,207,4,1821,522,29,197,422,1250,27,427,3,51,3040,299,19,101,3666,227,4,797,3,665,3,863,3,1536,3,687,33816,48,4,17354,13,232,737,656,720,4,455,3,1270,3,11,1099,362,4,280,3,152,3,2938,3,1289,3,531,4,11,93,3663,4,59,442,442,187,1068,13,173,1039,1233,5,474,13,225,685,3,377,1280,1129,10,99,112,3,600,464,173,246,10,691,1008,29,53,2200,13,377,685,5,1280,3,600,464,914,173,1039,1233,3,474,3,5,131,1280 1,1,1,1,1,1,1,1,1,1,1,1,1,1,1,1,1,1,1,1,1,1,1,1,1,1,1,1,1,1,1,1,1,1,1,1,1,1,1,1,1,1,1,1,1,1,1,1,1,1,1,1,1,1,1,1,1,23,23,1,1,1,1,1,1,1,1,1,1,1,1,1,1,1,1,1,1,1,1,1,1,1,1,1,1,1,1,1,1,1,1,1,1,1,1,1,1,1,1,1,1,1,1,1,1,1,1,1,1,1,1,1,1,1,1,1,1,1,1,1,1
873,4,17349,13,674,7,317,645,151,3,287,3,4515,5575,3,5,301,505,7,2605,29,873,10,52,235,43,1231,1149,483,4,36,8,151,4,1097,4625,317,645,151,13,1284,7,2777,29,41,86,10,3646,17,601,539 1,1,1,1,1,1,4,4,4,1,15,15,1,1,1,1,1,1,1,1,1,1,1,1,1,1,1,1,1,1,1,1,4,1,1,1,4,4,4,1,16,16,16,1,1,1,1,1,1,1,1
56,56,3601,1284,89,29,482,118,2424,707,66,755,10,647,760,295,3,839,601,539,42 1,1,1,1,1,1,1,1,21,21,1,1,1,1,1,1,1,1,1,1,1
56,56,86,252,1026,32,56,56,1175,86,140,314,29,773,2517,10,1107,33817,3229,10,81,27,441,112,56,56,3601,1836,3,336,9740,89,29,890,99,112,3,51,11,295,1003 1,1,1,11,1,1,1,1,1,1,1,1,1,1,1,1,1,1,1,1,1,1,1,1,1,1,1,1,1,1,1,1,1,1,1,1,1,1,1,1,1
56,56,118,218,66,378,10,549,17,151,148,839,7,601,3245,56,56,660,295,7,3284,77,27,441,112,56,56,582,151,322,77,27,441,112,9,89,90,837,3,2313,3,26,314,7,511,8,29,235,1511,7,232,322,198,5,8797,3194,5701,56,56,138,185,3515,9,2902,8,5,580,1123,27,839,9,1183,8,3,41,118,1052,66,378,10,549,276,58,8,142,4,464,914,148,270,151,839,7,601,3245,9,3126,8,56,56,118,218,10,549,32,56,56,3601,33818,12,33819,13,218,228,118,117,8,4515,5575,4,56,56,41,33820,814,164,684,4,2374,6187,9,1101,10,2175,55,66,112,8,56,56,41,98,732,4499,10,235,2446,17,15,540,37,14,91,31,12534,56,56,479,223,284,1794,10,1976,2185,3,51,160,10,343,597,312,2173,591,516,29,9,11011,2296,17,4639,17,553,2956,29,933,2517,37,18,38,10,454,271,10,2046,271,731,134,18,160,10,157,92,3,51,479,3906,99,85,18,20,775,10,299,10,6429,597,2956,334,170,8,210,8,150,30,7,3594,373,4,1610,150,30,7,3594,373,9,848,3,573,3,5,4481,1681,233,583,66,3594,373,8,29,356,503,10,122,64,8649,27,12535,19,33821,3,51,79,636,370,1089,3406,3906,2417,84 1,1,1,13,1,1,1,1,1,4,1,1,1,1,1,1,1,1,1,1,1,1,1,1,1,1,1,1,4,1,1,1,1,1,1,1,1,1,1,1,1,1,1,1,1,1,1,1,1,1,1,1,1,1,1,1,1,1,1,1,1,1,1,1,1,1,1,1,1,1,1,1,1,1,1,1,12,1,1,1,1,1,1,1,7,7,1,1,1,1,4,1,1,1,1,1,1,1,1,1,1,13,1,1,1,1,1,1,1,1,1,1,13,1,1,1,1,1,1,1,1,1,1,1,1,1,1,1,1,1,1,1,1,1,1,1,1,1,1,1,1,1,1,1,1,1,1,1,1,1,1,1,1,1,1,1,1,1,1,1,1,1,1,1,1,1,1,1,1,1,1,1,1,1,1,1,1,1,1,1,1,1,1,1,1,1,1,1,1,1,1,1,1,1,1,1,1,1,1,1,1,1,1,1,1,1,1,1,1,1,1,1,1,1,1,1,1,1,1,1,1,1,1,1,1,1,1,1,1,1,1,1,1,1,1,1,1,1,1,1,1,1,1,1,1,1,1,1,1,1,1,1,1,1,1,1,1,1,1,1,1,1,1,1,1,1,1,1,1
56,56,12536,1089,13,365,341,3594,373,224,27,6,12535,108,8,699,2389,4,429,6,1511,7,699,2389,10,2517,17,24,130,3,373,341,3,350,436,3,5,1057,436 1,1,1,1,1,1,1,1,1,1,1,1,1,1,1,1,1,1,1,1,1,1,1,1,1,1,1,1,1,1,1,1,1,1,1,1,1,1,1
18,2893,1015,1751,12,334,238,89 1,1,1,1,1,1,1,1
56,2752,510,10,17355,4813,17,238,2389,2160,56,33822,4661,1662,3,3958,3,2314,3,51,2517,537,37,18,1081,10,527,10,488,97,2600,17,132,29,41,482,571,2076,3,134,7877 1,1,1,1,1,1,1,1,1,1,1,1,1,1,1,1,1,1,1,1,1,1,1,1,1,1,1,1,1,1,1,1,1,1,1,1,1,1,1,1,1
320,8,33823,618,34,4,56,56,41,439,13,4998,64,6088,539,8,367,697,4,235,484,487,4634,17356,408,511,37,99,17,435,5,286,538,1075,10,169,697,13,1203,29,636,2123,10,271,29,41,160,10,439,116,5,273,987,27,441,112 1,1,1,1,1,1,1,1,1,1,1,1,1,1,1,1,1,1,1,1,1,1,1,1,1,1,1,1,1,1,1,1,1,1,1,1,1,1,1,1,1,1,1,1,1,1,1,1,1,1,1,1,1,1,1,1
615,8,4068,4,56,56,1238,1787,4,79,3462,17,1238,29,711,465,773,10,1493,138,170,34,1086,1230,29,41,86,10,2865 1,1,1,1,1,1,1,1,1,1,1,1,1,1,1,1,1,1,1,1,1,1,1,1,1,1,1,1,1
56,56,1402,4,503,19,170,3266,3,51,636,564,29,12536,89 1,1,1,1,1,1,1,1,1,1,1,1,1,1,1
56,56,520,4,17351,4,9575,4,1369,29,2444,4,1369,29,926,4,215,29,33824,56,56,86,10,1018,17,843,5,4148,444,4,72,89 1,1,1,1,1,1,1,1,1,1,1,1,1,1,1,1,1,1,1,1,1,1,1,1,1,1,1,1,1,1,1,1
79,10,1521,12,117,2302,26,2110,35,160 1,1,1,1,1,1,1,1,1,1
79,20,61,10,5,104,235,13,7287,3,64,33825,10922 1,1,1,1,1,1,1,1,1,1,1,1,1
1426,17357,4238,1054,3,107 1,1,1,1,1,1
