67,54,4,33826,6429,224,112,79,4,2517,7700,54,7,112,4,33827,2474,4,17358,13,317,645,151,3,142,3,280,3,10162,5575,3,4312,1648,3,5,2605,61,10,6429,17,439,112,684,4,36,8,151,3,58,8,33828,33829,29,117,8,2442,154,29,210,8,53,489,34,5,10,205,115,17,2436,3229 1,1,1,1,1,1,1,1,1,1,1,1,1,1,1,1,1,1,1,1,4,4,4,1,7,7,23,1,1,1,1,1,1,1,1,1,1,1,1,1,1,1,1,1,1,1,4,1,1,1,1,1,1,1,1,1,1,1,1,1,1,1,1,1,1,1,1,1,1,1
282,4,694,403,10,52,81,43,1149,483 1,1,1,1,1,1,1,1,1,1
36,8,151,4,372,95,1284,17359,4,3715,42,9,356,3315,8,5,336,9740,4,17360 1,1,4,1,1,1,16,16,16,16,16,16,16,16,16,1,1,1,1,1
6115,2015,539,1043,9,705,4,1840,3,592,4,1967,3,11980,4,17361,8,3,870,4,17362,272,1386,4,33830,29,58,552,315,7402,33831 1,1,1,1,1,1,1,1,1,1,1,1,1,1,1,1,1,1,1,1,1,1,1,1,1,1,1,1,1,1,1
1970,58,255,135,129,834,18,190,2685,3,6655,5,21,10,724,29,21,31,144,1386,27,85,7,255,29,538,13,25,1278 1,1,1,1,1,1,1,1,1,1,1,1,1,1,1,1,1,1,1,1,1,1,1,1,1,1,1,1,1
768,1041,2087,911,29,31,724,1429 1,1,1,1,1,1,1,1
86,10,768,118,308,444 1,1,1,1,1,1
58,8,10162,5575,4,510,10,207,2792,64,6288,27,99,112 1,1,1,1,1,1,1,1,1,1,1,1,1,1
2517,749,64,6288,19,33832,121,537,37,138,6,4120,4631,7,6,53,1797,858,3,18,237,606,899,1722,5,2895,3,5,166,4803,2378,2446 1,1,1,1,1,1,1,1,1,1,1,1,1,1,1,1,1,1,1,1,1,1,1,1,1,1,1,1,1,1,1,1
16,3,1241,3,510,24,10,4499,164 1,1,1,1,1,1,1,1,1
190,37,18,160,2185,465,3906,7,118,1280,5,685 1,1,1,1,1,1,1,1,1,1,1,1
2900,21,68,372,575,95 1,1,1,1,1,1
356,587,5,72,17,3044 1,1,1,1,1,1
89,3,90,249,3,459,3,1909,3,1171,3,118,34 1,1,1,1,1,1,1,1,1,1,1,1,1
117,8,2442,154,4,2517,95,146,37,24,6038,1037,38,933,24,37,16,38,2358,477,677,143,4024,51,636,933,24 1,1,1,1,1,1,1,1,1,1,1,1,1,1,1,1,1,1,1,1,1,1,1,1,1,1,1
12436,2358,2654,72 1,1,1,1
492,268,2442,154,27,99,112,5,8197,3,11571,3,12457,3,5,2954,143,72 1,1,1,1,1,1,1,1,1,1,1,1,1,1,1,1,1,1
464,46,31,68,449,10,144,7418,5,5912,3906,2517,190,18,368,31,1410,2281,77,138,1230,12,1068,548 1,1,1,1,1,1,1,1,1,1,1,1,1,1,1,1,1,1,1,1,1,1,1,1
90,88,2108,261 1,1,1,1
31,137,2159,308 1,1,1,1
210,8,17363,34,4,122,55,66,17359,17,296,403,402 1,1,1,1,1,1,1,1,1,1,1,1,1
38,679,503,17,12468,51,775,10,530,868,1086,33833 1,1,1,1,1,1,1,1,1,1,1,1
5052,17,1436,679,19,17364,75,18,20,449,10,492 1,1,1,1,1,1,1,1,1,1,1,1
46,31,1702,370,2820,7,295 1,1,1,1,1,1,1
108,8,34,33834,2436,3229,4,517,7,34,1086,170,1230,5,132,59,489,3,2517,21,68,49,1223,6392,662,210,552 1,1,1,1,1,1,1,1,1,1,1,1,1,1,1,1,1,1,1,1,1,1,1,1,1,1,1
81,6798,17,2436,3229 1,1,1,1,1
81,341,5,1255,7,2436,157,3,158,7275 1,1,1,1,1,1,1,1,1,1
768,145,2836,73,5,11,147,13,648,12,15006,7,105,2436 1,1,1,1,1,1,1,1,1,1,1,1,1,1
147,317,58,71,287,256,4977,1234,256,3752,1095,106,280,256,4515,33835,1022,3594,373,1445,4,573,3,4299,3,5,848,39,6425,1455,58,42,2303,9,6425,2397,58,42,8,36,2180,9,58,42,1455,9,1681,8,8,1140,305,2997,3146,2303,1140,69,123,1299,65,3,395,2107,956,15,65,10,1246,548,1999,4049,9,16487,16488,2053,628,8,36,298,25,32,123,180,65,4462,10104,9,16952,10104,8,16799,22,9,33836,45,8,25,69,123,856,65,348,945,22,9,846,45,49,58,8,25,69,123,180,65,3,126,13,846,36,298,7341,135,65,29,454,10,235,118,12,36,3314,913,279,22,9,799,45,49,36,8,25,32,123,180,65,17365,9,6273,8,58,1455,9,58,42,1455,9,1681,8,8,1140,69,3,2107,10,1246,548,956,15,65 1,4,4,4,15,1,1,1,1,1,18,7,23,1,1,1,1,1,1,1,1,1,1,1,1,1,1,1,1,1,1,1,1,1,1,1,1,1,1,1,1,1,1,1,1,1,1,1,1,1,1,1,1,1,1,1,1,1,1,1,1,1,1,1,1,1,1,1,1,1,1,1,1,1,1,1,1,1,1,1,1,1,1,1,1,1,1,1,1,1,1,1,1,1,1,1,1,1,1,1,38,1,1,1,1,1,1,1,1,1,1,1,1,1,1,1,1,1,1,1,1,1,1,1,1,1,1,1,1,1,1,28,1,1,1,1,1,1,1,1,1,1,1,1,1,1,1,1,1,1,1,1,1,1,1,1,1,1,1,1,1,1,1,1,1,1,1,1,1
1052,9,736,8,382,22,9,1632,45,49,36,8,25,276,123,180,65,3,134,360,387,762,34,26,323,3,488,6,357,1442,5,454,844,1622 12,12,12,12,1,1,1,1,1,1,1,1,1,1,1,1,1,1,1,1,1,1,1,1,1,1,1,1,1,1,1,1,1,1
2424,707,9,1286,707,8,755,22,9,2010,298,1541,4220,49,36,8,25,32,2781,9,6637,8,846,45,49,36,45,9,73,8,25,892,123,856,65,2404,9,1723,8,501,22,9,846,45,49,36,8,25,32,123,856,65,2900,9,3978,8,501,22,9,846,45,49,36,8,25,69,123,856,65,3846,36,42,4323,2303,1140,69,123,1299,65,3,395,2107,10,1246,548,956,15,65,33837,9,33838,117,42,8,108,1633,1140,32,123,180,65,218,171,22,9,549,45,49,36,8,25,32,123,180,65,1223,9,6428,8,12447,45,25,1869,167,34,123,180,65,3,191,31,1418,4477,1605,1602,17353,477,19,254,35,368,810,360,7682,1405,9,1986,8,829,22,9,2400,45,49,36,8,25,69,167,17366,3,49,175,45,956,105,35,160,17,4312,1648,127,2188,33,2816,3,545,4,316,205,148,33839,3,364,1490,3,655,6457,948,207,4,280,719,3,197,3040,914,656,7,489,227,4,797,3,1536,3,11,910,1213,4,1304,13,232,737,656,720,4,455,3,6375,3,11,1099,362,4,280,3,152,3,2938,3,1289,3,11,969,857,531,4,11,634,93,3,59,489,914,1682,1693,1086,34,29,329,118,685,5,131,1280,66,59,2200,873,4,17358,13,317,645,151,3,142,3,280,3,10162,5575,3,4312,1648,3,5,2605,29,873,10,52,235,43,1149,483 21,21,1,1,1,1,1,1,1,1,1,1,1,1,1,1,1,1,1,1,1,1,1,1,1,1,1,1,1,1,1,1,1,1,1,1,1,1,1,1,1,1,1,1,1,1,1,1,1,1,1,1,1,1,1,1,1,1,1,1,1,1,1,1,1,1,1,1,1,1,1,1,1,1,1,1,1,1,1,1,1,1,1,1,1,1,1,1,1,1,1,1,1,1,1,1,1,1,1,1,1,13,1,1,1,1,1,1,1,1,1,1,1,1,1,1,1,1,1,1,1,1,1,1,1,1,1,1,1,1,1,1,1,1,1,1,1,1,1,1,1,1,1,1,1,1,1,1,1,1,1,1,1,1,1,1,1,1,1,1,1,1,1,1,1,1,1,1,1,1,1,1,1,1,1,1,1,1,1,1,6,6,6,1,1,1,1,1,1,1,1,23,1,1,1,1,1,1,1,1,1,1,1,1,1,1,1,1,1,1,1,1,1,1,1,1,1,1,1,1,1,1,1,1,1,23,1,1,1,1,1,1,1,1,1,1,1,1,1,1,1,1,1,1,1,1,1,1,1,1,1,1,1,1,1,1,1,1,1,1,1,1,1,4,4,4,1,7,7,23,1,1,1,1,1,1,1,1,1,1,1,1,1,1,1,1,1
36,8,151,4,372,95,1284,416,270,839,7,601,539,9,3715,8,5,118,66,169,1284,12994,1403,118,1284,3136,95,2389,7,348,75,2517,20,31,449,10,572 1,1,4,1,1,1,1,1,1,1,1,1,1,1,1,1,1,1,1,1,1,1,1,1,1,1,1,1,1,38,1,1,1,1,1,1,1
135,24,146,3,772,272,1386,197,372,185,3,600,2926,2023,144,27,99,20,17362,773,2517,10,1107,15,3229,7,24,1386,3,144,772,3,58,552,8289,3,5,276,1386,19,1755,65 1,1,1,1,1,1,1,1,1,1,1,1,1,1,1,1,1,1,1,1,1,1,1,1,1,1,1,1,1,1,1,1,1,1,1,1,1,1,1,1,1,1
56,56,118,2424,707,755,22,32,10,647,32,5,508,49,27,421,138,185,772,1386,3,5076,1429,51,5167,2235,3,5,4016,255,7,1885,1292 1,1,1,21,21,1,1,1,1,1,1,1,1,1,1,1,1,1,1,1,1,1,1,1,1,1,1,1,1,1,1,1,1
56,56,711,465,81,6,1511,7,145,3,381,911,138,2424,29,235,482,1668,10,9953,2424,2517,73,416,1108,1199,1278,10,1358,1764,255 1,1,1,1,1,1,1,1,1,1,1,1,1,21,21,1,1,1,1,1,21,1,1,1,1,1,1,1,1,1,1
41,482,1668,27,441,112,5,13,81,7,1386,3229 1,1,1,1,1,1,1,1,1,1,1,1
56,56,773,2517,10,144,1386,405,255,7,6655,29,41,160,10,450,976,138,95,126,7,1534,5,479,37,92,208,2609,923,2747,235,40,914,2517,5,711,465,4870,1511,7,145,911,19,2424 1,1,1,1,1,1,1,1,1,1,1,1,1,1,1,1,1,1,1,1,1,40,1,1,1,1,1,1,1,1,1,1,1,1,1,1,1,1,1,1,1,1,1,21
56,56,86,252,1026,32,3,218,549,32,56,56,6115,336,9740,4,17360,3,270,839,7,601,180,5,166,290,10,828,185,148 1,1,1,11,1,1,1,13,1,1,1,1,1,1,1,1,1,1,1,1,1,1,1,1,1,1,1,1,1,1
1190,475,63,94,1325,89,9,784,707,8,5,41,3601,33840,711,148,845,476,179 1,1,1,1,1,1,1,40,40,1,1,1,1,1,1,1,1,1,1
6115,11980,4,17361 1,1,1,1
56,56,41,582,151,322,77,27,441,112 1,1,1,1,4,1,1,1,1,1
2517,90,88,837,26,1507,7,114,27,40,85 1,1,1,1,1,1,1,1,1,1,1
56,56,148,464,31,27,151,839,7,601,3245,29,1190,784,707,799,32,10,780,279,32,5,218,171,32,56,56,12436,9,17367,8,4,9575,4,3472,29,926,4,1897,3,2444,4,4265,3,580,4,2337,29,19,736,1632,276 1,1,1,1,1,1,4,1,1,1,1,1,40,40,40,1,1,1,28,1,1,1,13,1,1,1,1,1,1,1,1,1,1,1,1,1,1,1,1,1,1,1,1,1,35,35,35,35,1,12,1,1
580,416,270,151,839,7,601,231,3,51,2517,21,159,1101,10,118,288,5,724,266,1978,3,266,393,353 1,1,1,4,1,1,1,1,1,1,1,1,1,1,1,1,1,1,1,1,1,1,1,1,1
827,520,1134,89 1,1,1,1
56,56,3284,4,41,160,10,660,1089,27,439,112,58,8,10162,5575,4,56,56,41,660,1430,10,4499,5,503,134,1936,56,56,1367,438,7,2900,138,5046,2956,9,602,306,356,2290,8,19,77,89 1,1,1,1,1,1,1,1,1,1,1,1,1,1,1,1,1,1,1,1,1,1,1,1,1,1,1,1,1,1,1,1,1,1,1,1,1,1,1,1,1,1,1,1,1,1
117,8,2442,154,4,95,4781,3,2954,3,33841,3,5,2358,193 1,1,1,1,1,1,1,1,1,1,1,1,1,1,1
464,31,449,10,154,17,33842,3,51,11,923,73,27,40,85,10,508,411 1,1,1,1,1,1,1,1,1,1,1,1,1,1,1,1,1,1
41,86,10,2865,3,51,465,2517,1574,138,173,1068,1230 1,1,1,1,1,1,1,1,1,1,1,1,1
56,56,420,4958,1244,5,1758,2517,3008,33843,8,53,17363,34,4,1403,3384,1086,284,2378,2496,1373,3,2724,2481,3,5,4301,33844 1,1,1,1,1,1,1,1,1,1,1,1,1,1,1,1,1,1,1,1,1,1,1,1,1,1,1,1,1
2865,1202,1050,27,99,112,3,51,2517,1574,5,86,10,1574 1,1,1,1,1,1,1,1,1,1,1,1,1,1
56,56,41,454,223,679,295,5,482,516,760,33845,8,34,33846,3229,4,138,118,157,7,9953,1223,3,126,9615,1010,3436,3473,69,5,1175,157,7,1223,17,33847,34 1,1,1,1,1,1,1,1,1,1,1,1,1,1,1,1,1,1,1,1,1,1,1,1,1,1,1,1,1,1,1,1,1,1,1,1,1,1
11,1805,914,648,27,40,85,3,51,5673,2517,7,118,341,138,105,157,7,2436,5,1175,1959,5,118,4888,1278 1,1,1,1,1,1,1,1,1,1,1,1,1,1,1,1,1,1,1,1,1,1,1,1,1,1
98,81,2436,3229,4347,5,534 1,1,1,1,1,1,1
2517,14,2040,7,534,5,826,35,60,35,8881,7,209,2436,516 1,1,1,1,1,1,1,1,1,1,1,1,1,1,1
18,740,10,357,154,89,35,60,35,233,534,768,12,4347 1,1,1,1,1,1,1,1,1,1,1,1,1,1
56,56,144,336,357,154,89,9,2517,15533,157,7,4111,5,1223,27,33848,8,320,8,142,4,464,270,839,7,601,3245,5,13,5046,33849,19,6115,336,154,19,780,799,32,5,218,549,32 1,1,1,1,1,1,1,1,1,1,1,1,1,1,1,1,1,1,1,1,7,1,1,1,1,1,1,1,1,1,1,1,1,1,1,1,1,28,1,1,1,13,1,1
41,1457,784,707,799,32,89 1,1,40,40,1,1,1
235,284,33850,158,590,3,1626,84,3,2314 1,1,1,1,1,1,1,1,1,1
56,56,503,439,13,1203,12,6449,10,3601,148,5,523,29,482,118,228,134,464,31,27,839,5,523,572 1,1,1,1,1,1,1,1,1,1,1,1,1,1,1,1,1,1,1,1,1,1,1,1,1
41,98,192,17,387,7,88,5792,27,37,112 1,1,1,1,1,1,1,1,1,1,1
56,56,10,191,4,81,391,1274,579,27,441,112,5,41,160,10,33851,238,2389,539,8,185,3282,4,1403,1086,3839,1012,9,185,12263,660,361,1085,5,3413,914,5046,3839,1012,8,5,33852,27,40,85,29,86,3653,3620,9,655,314,3,2933,520,179,8 1,1,1,1,1,1,1,1,1,1,1,1,1,1,1,1,1,1,1,1,1,1,1,1,1,1,1,1,1,1,1,1,1,1,1,1,1,1,1,1,1,1,1,1,1,1,1,1,1,1,1,1,1,1,1,1,1,1
41,3601,12,320,2302,9,33853,8 1,1,1,1,1,1,1,1
482,361,1776,134,173,185,26,116 1,1,1,1,1,1,1,1
615,8,4312,1648,4,86,1972,868,1326,9,6905,5,4111,167,8 1,1,1,1,1,1,1,1,1,1,1,1,1,1,1
56,56,660,439,1089,914,1326,27,441,112,929,8,7060,7,3594,373,9,573,3,848,3,4481,1681,583,7,3594,399,8 1,1,1,1,1,1,1,1,1,1,1,1,1,1,1,1,1,1,1,1,1,1,1,1,1,1,1,1
21,38,311,356,503,1089,10,122,365,341,224,27,12535 1,1,1,1,1,1,1,1,1,1,1,1,1
465,2865,10,12536,17,24,3,51,2517,1645,37,18,38,6,1397,5,20,530,10,5052 1,1,1,1,1,1,1,1,1,1,1,1,1,1,1,1,1,1,1,1
773,24,10,454,271,13,54,10,660 1,1,1,1,1,1,1,1,1
141,8,699,157,4,2517,146,334,27,99,112,51,89,5154,7,238 1,1,18,18,18,18,18,18,18,18,18,18,18,18,18,18
660,37,18,38,1494,3,1970,210,7725 18,18,18,18,18,18,1,1,1
41,160,10,235,268,27,441,112,5,711,465,81,14160,1692,7,238,2389,17,24 1,1,1,1,1,1,1,1,1,1,1,1,1,1,1,1,1,1,1
996,8,4068,56,56,33854,520,1134,4,9,17367,8,4,9575,4,3472,29,926,4,1897,3,2444,4,4265,3,580,4,2337,29,827,89 1,1,1,1,1,1,1,1,1,1,1,1,1,1,1,1,1,1,1,1,1,1,1,1,1,35,35,35,35,1,1
56,56,1238,1787,4,79,3462,17,1238,29,711,465,773,10,1493,138,170,34,1086,1230,29,41,86,10,2865,29,235,808,479,641,86,17368,7,1238,5,6,341,37,40,16278 1,1,1,1,1,1,1,1,1,1,1,1,1,1,1,1,1,1,1,1,1,1,1,1,1,1,1,1,1,1,1,1,1,1,1,1,1,1,1,1
2517,258,37,18,1535,341,51,190,37,77,237,52,9586,138,34 1,1,1,1,1,1,1,1,1,1,1,1,1,1,1
56,56,1402,4,503,19,170,3266,3,51,636,564,3906,7,34 1,1,1,1,1,1,1,1,1,1,1,1,1,1,1
2517,464,190,37,101,237,52,9586,138,1230 1,1,1,1,1,1,1,1,1,1
41,86,10,235,5,285,10,299,516,17,24,1230 1,1,1,1,1,1,1,1,1,1,1,1
2893,808,479,641,86,17368,7,1402,5,341,17,373 1,1,1,1,1,1,1,1,1,1,1,1
2517,258,37,18,1535,341,51,5698,190,37,92,237,52,9586,138,444,7,34 1,1,1,1,1,1,1,1,1,1,1,1,1,1,1,1,1,1
50,2865,10,745,24,34,39,51,18,464,109,31,190,37,18,550,1410,40,154,1702 1,1,1,1,1,1,1,1,1,1,1,1,1,1,1,1,1,1,1,1
41,86,10,235,13,24 1,1,1,1,1,1
56,56,843,1018,4,72,89,29,16812,465,12,16813 1,1,1,1,1,1,1,1,1,1,1,1
356,256,1229 1,1,1
41,86,10,1018 1,1,1,1
56,56,399,5,1628,487,4,1758,24,6429,79,2160,9369,641,105,606,56,56,6775,4,329,157,56,56,1042,4,81,1042,3653,27,441,112,10,191,4,56,56,41,160,10,81,356,3284,461,29,2517,2123,37,24,33855,2123,3023,50,546,731,29,773,24,10,299,2174,1397,470,50,368,454,201,10,461,319,1146,18,14,510,10 1,1,1,1,1,1,1,1,1,1,1,1,1,1,1,1,1,1,1,1,1,1,1,1,1,1,1,1,1,1,1,1,1,1,1,1,1,1,1,1,1,1,1,1,1,1,1,1,1,1,1,1,1,1,1,1,1,1,1,1,1,1,1,1,1,1,1,1,1,1,1,1,1,1,1
79,10,1521,12,36,2302,26,2110,134,160 1,1,1,1,1,1,1,1,1,1
41,454,2517,13,295,7,679 1,1,1,1,1,1,1
79,20,61,10,5,104,235,13,7287,3,64,3041 1,1,1,1,1,1,1,1,1,1,1,1
1426,17357,4238,1054,3,107 1,1,1,1,1,1
