67,54,4,33962,28,4,5970,3,33963,542,4,33964,4563,262,4,7639,162,54,4,33965,426,4,3205,34,282,4,293,5970,14,15,17382,13,317,645,151,2234,71,1082,3,1205,19,821,3,100,3149,3,5,142,121,61,13,3205,34,1634,65 1,1,1,1,1,1,1,1,1,1,1,1,1,1,1,1,1,1,1,1,1,1,1,1,1,1,1,1,1,1,1,1,4,4,4,1,1,1,1,1,1,1,1,1,1,1,1,7,1,1,1,1,1,1,1
293,5970,20,221,12,6,230,6,65,169,10,168,13,6,1122,234,7,301,788,3205,34,3,75,20,1925,3,1169,584,3,5,372,34,13,5292 1,1,1,1,1,1,1,1,1,1,1,1,1,1,1,1,1,1,1,1,1,1,1,1,1,1,1,1,1,1,1,1,1,1
16,146,37,27,40,85,3,16,21,128,131,226,7,184,13,6,788,7,6,34,3,600,40,20,538,43,6,85,16,20,221,12,6,230 1,1,1,1,1,1,1,1,1,1,1,1,1,1,1,1,1,1,1,1,1,1,1,1,1,1,1,1,1,1,1,1,1,1
16,242,31,640,7,88,48,34,3,418,26,33966,27,37,85,3,600,16,242,46,128,300,5,375,711,12,6,230 1,1,1,1,1,1,1,1,1,1,1,1,1,1,1,1,1,1,1,1,1,1,1,1,1,1,1,1
28,14,60,374,10,6,230,66,169,168,3,5,27,37,85,23,34,20,537,10,52,1086,10,33967,33968,1086,10,23,71,3,313,4580,7,34,3,241,214,20,582,27,37,85,3,75,242,31,275,88,199,33969,10,1509,23,34 1,1,1,1,1,1,1,1,1,1,1,1,1,1,1,1,1,1,1,1,1,1,1,1,1,1,1,1,4,1,1,1,1,1,1,1,1,1,1,1,1,1,1,1,1,1,1,1,1,1,1,1,1,1
16,20,261,10,163,27,37,85,13,818,34,39 1,1,1,1,1,1,1,1,1,1,1,1
28,146,37,34,242,31,265,3,5,20,31,60,179,13,818,34,33970,27,163,3,470,16,15489,61,10,6,230 1,1,1,1,1,1,1,1,1,1,1,1,1,1,1,1,1,1,1,1,1,1,1,1,1,1,1
16,109,31,146,88,249,26,459,3,226,7,184,3,263,3,188,34,3,26,634,474 1,1,1,1,1,1,1,1,1,1,1,1,1,1,1,1,1,1,1,1,1
28,14,13269,5,21,68,262,820,135,23,712,6421,1078 1,1,1,1,1,1,1,1,1,1,1,1,1
19,61,10,6,230,3,28,20,1130,3,148,33971,3,523,3790,3,880,231,42,19,658 1,1,1,1,1,1,1,1,1,1,6,29,29,1,1,1,1,1,1,1,1
16,20,138,247,1720,17,23,34,3,5,247,33972,17,300,9,16,21,38,15,33973,33974,771,19,169,168,75,21,68,915,343,40,1767,8 1,1,1,1,1,1,1,1,1,1,1,1,1,1,1,1,1,1,1,1,1,1,1,1,1,1,1,1,1,1,1,1,1
28,146,27,37,85,37,16,38,31,38,15,326,656,12,117,65,3,5,37,16,44,21,175,909,174,65 1,1,1,1,1,1,1,1,1,1,1,1,1,1,1,1,1,1,1,1,1,1,1,1,1,1
779,77,242,31,275,88,554,12,6,6234,3,5,241,570,66,6,65,169,242,31,111,2039,554,26,202,7,756,26,4893,4014 1,1,1,1,1,1,1,1,1,1,1,1,1,1,1,1,1,1,1,1,1,1,1,1,1,1,1,1,1,1
313,3,28,20,138,3848,2328 1,1,1,1,1,1,1
16,20,162,10,297,17,268,172,5,34,179 1,1,1,1,1,1,1,1,1,1,1
674,4,2606,3,801,125,87,183,3,698,43,1082,108,87,183,3,1383,108,87,183,3,5,100,3149,615,87,183,1205,19,821,3,126,821,108,87,183,3,19,6421,503,27,7327,1002,124,100,2713,17,108,87,1086,71,1082,106,287,17383,110,100,3149,615,87,183,3,698,43,2267,7,70,322,12,2923,5,3318,110,1487,127,4,790,163,39,4,947,478,547,22,9,547,22,45,49,36,8,25,32,47,231,45,9,73,8,1212,141,22,9,141,22,45,49,36,8,25,32,123,180,65,47,180,45,9,73,8,9043,180,22,25,276,47,180,45,9,73,8,2789,1701,22,25,69,5567,9,9991,8,125,22,9,378,568,609,49,36,8,25,69,47,335,568,9,73,8,12380,818,279,22,25,9652,12547,167,2338,3,1219,1367,6421,13,820,3,21,68,49,305,13,911,2131,456,231,22,25,69,47,231,568,9,73,8,9360,6784,9,33975,8,9161,189,33976,1580,17384,320,1337,247,13,820,3,13,820,3896,3,2735,5,3291,47,36,129,9,73,8,1918,17384,320,22,9652,12547,3,745,13,821,165,3732,2391,4182,625,189,521,608,47,36,129,9,73,8,1918,165,3732,2391,4182,279,189,521,605,47,36,129,9,73,8,1918,165,2775,175,25,69,47,36,129,9,73,8,1918,33977,558,1681,25,69,3,19,1169,820,65,33,4189,14336,9672,33978,11,5792,33979,33980,47,36,129,9,73,8,1918,218,171,22,25,32,3,19,33981,65,344,3166,9,5239,5542,8,1173,1681,9,7800,33982,1308,8,25,32,167,648,3,1231,1173,1681,228,10,52,12548,12,615,4368,7,1599,123,558,65,47,558,228,10092,1571,36,298,25,32,47,388,45,9,73,8,1118,125,22,9,125,22,568,609,49,36,8,25,32,47,388,568,9,73,8,2176,9,4180,782,8,108,22,9,108,22,45,49,36,8,25,1392,167,300,3,648,123,180,65,47,388,45,9,73,8,3552,7220,22,25,69,167,648,6935,17385,22,9,4119,45,49,117,8,25,305,736,125,22,9,378,45,49,36,8,25,276,47,388,45,9,73,8,784,707,9,610,2223,912,964,8,850,22,9,231,22,2299,2402,49,36,8,25,32,3,49,36,1746,7,231,22,5,36,1746,215,22,17,486,7,850,22,47,335,2299,150,30,4,573,5,4299,13,151 1,1,4,1,1,1,1,1,1,1,1,1,1,1,1,1,1,1,1,1,1,1,1,1,1,1,1,1,1,1,1,1,1,1,1,1,1,1,1,1,1,1,1,1,1,1,1,1,1,1,1,1,7,15,1,1,1,1,1,1,1,1,1,1,1,1,1,1,1,1,1,1,1,1,1,1,1,1,1,1,11,11,11,11,1,1,1,1,1,1,1,1,1,1,1,1,1,1,1,20,20,20,1,1,1,1,1,1,1,1,1,1,1,1,1,1,1,1,1,1,1,1,1,1,1,1,1,1,1,1,1,1,1,1,1,1,1,1,1,1,1,1,1,1,1,1,1,1,1,1,1,1,1,1,1,1,1,1,1,1,1,1,1,1,1,1,1,1,1,1,1,1,1,1,1,1,1,1,1,1,1,1,1,1,1,1,1,1,1,1,1,1,1,1,1,1,1,1,1,1,1,1,1,1,1,1,1,1,1,1,1,1,1,1,1,1,1,1,1,1,1,1,1,1,1,1,1,1,1,1,8,8,1,1,1,1,1,1,1,1,1,1,1,1,1,8,8,1,1,1,1,1,1,1,1,1,1,1,1,1,1,1,1,1,1,1,1,1,1,1,1,1,1,1,1,1,1,1,1,1,1,1,1,1,1,1,1,1,1,1,1,1,1,1,1,1,1,1,13,13,13,13,13,1,1,1,1,1,1,1,1,1,1,1,1,1,1,1,1,1,1,1,1,1,1,1,1,1,1,1,1,1,1,1,1,1,1,1,1,1,1,1,1,1,1,1,1,1,1,1,1,1,1,1,1,1,1,1,1,1,1,1,1,1,1,1,1,1,1,1,1,1,1,1,1,1,1,1,1,1,1,1,1,1,1,1,1,1,1,1,1,1,1,1,1,1,1,1,1,1,1,1,1,1,1,1,1,1,1,1,1,1,1,1,1,1,1,1,1,1,1,12,12,12,1,1,1,1,1,1,1,1,1,1,1,1,1,1,9,9,9,9,9,9,9,9,1,1,1,1,1,1,1,1,1,1,1,1,1,1,1,1,1,1,1,1,1,1,1,1,1,1,1,1,1,1,1,1,1,1,1,1,1,1,1,4
206,30,4,9,135,55,66,356,168,17386,8,1219,66,12545,2579 1,1,1,1,1,1,1,1,1,1,1,1,1,1,1
245,13,23,573,12,17387 1,1,1,1,1,1
636,920,3,11,727 1,1,1,1,1
699,4,334,615,87,183,3,157,10,238,1576,1333,485,4,334,615,87,183,3,157,10,52,15,1602,4393,1113,4,636,77,19,168,4,292,1130,3,523,1273,3,148,12793,3,716,581,3,2573,1183,42,658,814,4,3559,1438,3,980,3,410,3,2484,13,77,3,131,342,196,4,617,5,683,29,170,33983,243,3,33984,227,4,1172,3,1121,3,2713,3,1239,91,3,1561,1313,1110 5,5,5,5,5,5,5,5,5,5,5,5,1,1,1,1,1,1,1,1,1,1,1,1,1,1,1,1,1,1,1,1,1,1,1,1,1,1,6,6,1,1,1,1,1,1,1,1,1,1,1,1,1,1,1,1,1,1,1,1,1,1,1,1,1,1,1,1,1,1,1,1,1,1,1,1,1,1,1,1,1,1,1,1,1,1,1,1
48,4,1304,644,4,576,1063,10,192,1086,1768,2928,29,145,239,3,33985,213,1718,1586,225,7519,362,4,280,3,152,3,741,246,10,1046,225,1177,12,6,3205,3,11,1482,3,11,1641,3,588,61,51,6052,531,4,617,3,100,17381,3,443,133,777,3,1842,53,3029,13,777,3051,352,4,2214,149,19,168,4,33986,705,1952,3,592,1880,3,869,1183,9,294,8,3,769,1413,3,392,1958,9,294,8,3,888,33987,9,294,8,3,1680,929,257,36,259,3,870,5347,9,294,8,12549,1568,33988,7101,1293,9,47,8,12549,399,3344,3,1077,1649,3,1506,3708,3,1388,2221,3,1938,2037,3,2289,33989,1565,1713,9,294,8,3,1527,900,3,1566,2401,9,294,8,3,1077,33990,349,11220,3,734,12241,9,294,8,3,560,4807,9,294,8,3,333,6671,9,294,8,3,653,13425,3,786,8170,3,823,5122,3,536,33991,795,8988,9,294,8,12549,42,4878,12407,3,42,4879,11397,3,42,5113,3337,3,42,5114,1853,3,42,5115,33992,5116,10646,3,5757,17388,3,5758,9245,3,5759,14231,3,5760,33993,1661,5406,3,1577,5406,3,2599,329,3,1971,329,3,16975,329,257,36,259,257,36,259,295,1445,4,78,986,29,108,42,3261,221,19,33994,33995,3309,10105,414,241,570,214,968,1462,4856,4,241,570,7,6,214,5,2617,143,582,13,818,1462 1,1,1,1,1,1,1,1,1,1,1,1,1,1,1,1,1,1,1,1,1,1,1,1,1,1,1,1,1,1,1,1,1,1,1,1,1,1,1,1,1,1,1,1,1,1,1,1,1,1,1,1,1,1,1,1,1,1,1,1,1,1,1,1,1,1,1,1,1,1,1,1,1,1,1,1,1,1,1,1,1,1,1,1,1,1,1,1,1,1,1,1,1,1,1,1,1,1,1,1,1,1,1,1,1,1,1,1,1,1,1,1,1,1,1,1,1,1,1,1,1,1,1,1,1,1,1,1,1,1,1,1,1,1,1,1,1,1,1,1,1,1,1,1,1,1,1,1,1,1,1,1,1,1,1,1,1,1,1,1,1,1,1,1,1,1,1,1,1,1,1,1,1,1,1,1,1,1,1,1,1,1,1,1,1,1,1,1,1,1,1,1,1,1,1,1,1,1,1,1,1,1,1,1,1,1,1,1,1,1,1,1,1,1,1,1,1,1,1,1,1,1,1,1,1,1,1,1,1,1,1,1,1,1,1,1,1,1,1,1,1,1,1,1,1,1,1,1,1,1,1,1,1,1,1,1,1,1,1,1,1,1,1,1,1,1,1,1,1,1,1,1,1,1,1,1,1,1,1,1
11,2786,1462,20,3647 1,1,1,1,1
2371,4,1306,141,3,6158,461,4,406,172,7,6,155,649,722,301,381,100,997,792,13,2320,4692,2413 1,1,1,1,1,1,1,1,1,1,1,1,1,1,1,1,1,1,1,1,1,1,1,1
74,14,15,381,3369,860 1,1,1,1,1,1
214,4,6,33996,1012,3,3033,3,3333,3,2691,3026,57,44 1,1,1,1,1,1,1,1,1,1,1,1,1,1
6,861,57,5894,100 1,1,1,1,1
6,28,14,161,315,1487 1,1,1,1,1,1
74,14,11,173,291,26,2281,908,26,770,633 1,1,1,1,1,1,1,1,1,1,1
2617,4,33997,3443,7,381,5,742,326,57,44 1,1,1,1,1,1,1,1,1,1,1
6,33998,14,44 1,1,1,1
74,14,886,717,931,766,1390 1,1,1,1,1,1,1
6,623,5,6570,5688,57,44 1,1,1,1,1,1,1
74,57,11,1963,7088,26,11114,243 1,1,1,1,1,1,1,1
74,57,131,1920,84,7,6,1083 1,1,1,1,1,1,1,1
339,4,176,11,241,5285,17,6,28,82,53,194,2168,34 1,1,1,1,1,1,1,1,1,1,1,1,1,1
178,3369,860 1,1,1
195,717,931,766,1390,3,886,159,10042,873,4,293,5970,14,15,17382,13,317,645,151,2234,71,1082,3,1205,19,821,3,100,3149,3,5,142,121,61,13,3205,34,1634,65 1,1,1,1,1,1,1,1,1,1,1,1,1,1,1,1,1,4,4,4,1,1,1,1,1,1,1,1,1,1,1,1,7,1,1,1,1,1,1,1
47,291,34,33,885,921,3,51,11,202,7,199,1704,19,241,214,359,6,65,169,10,168,29,4100,158,648,3,604,3,4664 1,1,1,1,1,1,1,1,1,1,1,1,1,1,1,1,1,1,1,1,1,1,1,1,1,1,1,1,1,1
11,202,7,411,27,40,85 1,1,1,1,1,1,1
34,14,244,741,5,246,10,1046,3,810,3698,801,753,602,166 1,1,1,1,1,1,1,1,1,1,1,1,1,1,1
5043,291,77,33999,326,389,8584,1720,17,34,3,600,41,527,10,406,138,284,2279,10,648,2298,5567,17,71,604,34000,47,71,33,28,19,1686,27,163,17389,5,4053,477,2362,47,1205,33,19,820,12547,2298,163,153,254,34001,820,1191,12,6,272,47,300,34002,1392,167,8584,7465,47,206,33,28,13,15,1397,7,206,483,3,158,39,2458,5,575,27,163,3,600,109,46,163,436,4066,34003,206,285,121,46,96,201,12,6,80,47,2665,34004,676,15050,726,4,296,4443,4,573,5143,6563,3,229,7873,3,281,297,710,34005 1,1,1,1,1,1,1,1,1,1,1,1,1,1,1,1,1,1,1,1,1,1,1,1,1,1,1,1,4,1,8,8,8,8,8,1,1,8,1,1,1,1,1,1,1,1,1,1,1,1,1,1,1,1,1,1,1,1,1,1,1,1,1,1,1,1,1,1,1,1,1,1,1,1,1,1,1,1,1,1,1,1,1,1,1,1,1,1,1,1,1,1,1,1,1,1,1,1,1,1,1,1,1,1,1,1,1,1,1,1,1,1,1,1,1,1,1,1,1
