67,54,4,34091,3793,14,15,447,1446,428,121,1268,2120,34092,123,36,65 1,1,1,1,1,1,1,1,1,1,1,1,1,1,1,1,1
13,965,817 1,1,1
4439,1166,263 1,1,1
11,407 1,1
11,307 1,1
3500,11,48,34 1,1,1,1
11,307 1,1
11,418 1,1
11,2685 1,1
11,760 1,1
11,739 1,1
11,725 1,1
12339,3975,5,5150,51,207,265 1,1,1,1,1,1,1
5926,11,300 1,1,1
11,375 1,1
11,3728 1,1
11,992 1,1
11,3043,34 1,1,1
11,446 1,1
11,648 1,1
11,1366 1,1
11,2052 1,1
377,1059 1,1
6939,11,1235,29,11,796,29,11,1206,29,11,2041,29,11,34093,448,432 1,1,1,1,1,1,1,1,1,1,1,1,1,1,1,1,1
147,71,324,317,58,106,1498,10165,4,125,87,183 1,4,4,4,4,7,1,1,1,1,1,1
1906,486,384,938,4,70,39,218,515,45,49,36,45,9,73,8,25,32,6855,9,5523,1400,8,36,894,2094,69,17192,9,34094,2873,42,8,2094,608,2671,9,2359,965,1318,8,36,1318,2530,32,622,558,22,9,647,45,49,117,8,25,32,348,2827,22,9,3345,45,49,36,8,25,305,236,9,800,8,515,45,49,36,45,9,73,8,25,32,3024,9,5180,3324,17402,279,22,8,36,568,25,32,10082,34095,22,9,34096,45,49,58,8,25,32,1118,125,22,9,378,568,609,49,36,8,25,32,274,799,45,49,36,45,9,73,8,25,32,127,1339,33,874,316,205,148,34097,3,364,231,3,716,680,3457,3,3566,3,480,832,78,4922,2289,5,3958,34098,1110,29,11,685,29,11,1296,29,11,243,4334,332 1,1,1,1,1,1,1,13,12,12,12,12,12,12,12,12,12,12,1,1,1,1,1,1,1,1,1,1,1,1,1,1,1,1,1,1,1,1,1,1,1,1,1,1,1,21,21,21,21,21,21,21,21,21,21,21,17,17,17,17,17,17,17,17,17,17,17,12,12,12,12,12,12,12,12,12,12,12,12,12,12,28,28,28,28,28,28,28,28,28,28,28,28,1,1,1,1,1,1,1,1,1,1,1,1,1,1,1,1,1,1,1,1,1,1,1,9,9,9,9,9,9,9,9,9,9,9,1,1,1,1,1,1,6,6,1,1,1,1,1,1,1,1,1,1,1,1,1,1,1,1,1,1,1,1,1,1,1,1,1,1,1,1,1,1
11,910 1,1
11,222 1,1
11,2341 1,1
11,879,4439,11,2264,762,157 1,1,1,1,1,1,1
6941,44 1,1
7602 1
6942 1
3500,1752,6943 1,1,1
1270,44 1,1
11,561 1,1
11,502 1,1
1710,5590,4000 1,1,1
5543,44,588,29,152,13,11,969 1,1,1,1,1,1,1,1
11,240 1,1
11,246,34099,29,66,29,11,34,29,5121,93,29,1032,5121,53,29,10050,70 1,1,1,1,1,1,1,1,1,1,1,1,1,1,1,1,1,1
34100,44,34101,988,70 1,1,1,1,1
13441,2856,34102 1,1,1
295,12553,2585,34103,3,2452,193,3,2736,193,3,2635,565,3,2920,16173,3,2372,217,3,1838,3025,3,2858,442,1508,12553,3185,193,3,2453,193,3,1886,193,3,5714,193,3,2567,2121,34104,3,3354,5005,3,3186,16841,3,3355,565,12553,7423,433,3,3676,433,3,8873,193,3,8253,193,3,7860,193,8515,4,367,3043,116,290,10,118,2856,156 1,1,1,1,1,1,1,1,1,1,1,1,1,1,1,1,1,1,1,1,1,1,1,1,1,1,1,1,1,1,1,1,1,1,1,1,1,1,1,1,1,1,1,1,1,1,1,1,1,1,1,1,1,1,1,1,1,1,1,1,1,1,1,1,1,1,1,1,1,1,1,1,1,1,1,1
1235,7363,34105,3,560,398,3,836,3,118,274,10,799,69 1,1,1,1,1,1,1,1,1,1,9,9,9,9
791,174,254 1,1,1
439,167,295 1,1,1
41,2051,40,1240,10,1448,3,609,17403 1,1,1,1,1,1,1,1,1
