67,54,4,34106,34107,3,34108,3,5255,40,14,15,4013,112,13,385,3,64,34109 1,1,1,1,1,1,1,1,1,1,1,1,1,1,1,1,1,1,1
30,7,61,328,4,1656,3,40,14,15,10319,522,13,15,80,30,7,2644,71,3,3489,3,817,130,371,13,62,891,1138,7,1188,42,3,803,3,5,10165,61,425,13,128,207,323,159,1023 1,1,1,1,1,1,1,1,1,1,1,1,1,1,1,1,1,4,4,1,1,1,1,1,1,1,1,1,1,1,1,1,1,1,1,1,1,1,1,1,1,1,1,1,1
18,21,11,741,1030 1,1,1,1,1
18,38,11,667,3,11,249,3,11,48,34,3,11,226,7,184,3,11,291,34,3,11,300,3,11,375,3,5,11,446 1,1,1,1,1,1,1,1,1,1,1,1,1,1,1,1,1,1,1,1,1,1,1,1,1,1,1,1,1,1
18,14,449,10,1127,13,15,2515 1,1,1,1,1,1,1,1
18,90,555 1,1,1
18,20,190,60,597,1023 1,1,1,1,1,1
18,38,11,95,39,84 1,1,1,1,1,1
18,21,209,194,114,93,3,53,1470,306,70 1,1,1,1,1,1,1,1,1,1,1
18,21,211,34110,739 1,1,1,1,1
18,14,96,43,64,8886,7,528 1,1,1,1,1,1,1,1
18,49,289,382,22,956,105,13044,174,39,5,6,161,20,211 1,1,1,1,1,1,1,1,1,1,1,1,1,1,1
18,38,15,44,103,429,154,620,210,129,183 1,1,1,1,1,1,1,1,1,1,1
102,101,4,18,61,13,15,130,156,7,1437,3,386,156,7,680,3,63,94,417,7,34111,3,589,94,377,10,3828,97,516,226,139,953,3,5,1133,1045,7,1035,42,19,702,737,13,807,7,34112,18,14,980,5,410 1,1,1,1,1,1,1,1,1,1,1,1,1,1,1,1,1,6,6,6,6,6,6,1,1,1,1,1,1,1,1,1,1,1,1,1,1,1,1,1,1,1,1,1,1,1,1,1,1,1,1,1
18,14,12,11,199,342 1,1,1,1,1,1
18,21,1110,1561,1313 1,1,1,1,1
24,136,14,332,13,296,471,7,759 1,1,1,1,1,1,1,1,1
18,21,131,2788,1114,2349,3,75,18,258,14,302 1,1,1,1,1,1,1,1,1,1,1,1
18,21,91,5,877,184,327,100,5,11,386,342 1,1,1,1,1,1,1,1,1,1,1,1
130,14,145,97,213 1,1,1,1,1
18,21,152,3,396,7096 1,1,1,1,1,1
18,21,6015,194,114,93,13,7872,2215,93,10,6,53,5,433,2215,93,10,6,70,3,75,18,258,14,209,5,886,66,472 1,1,1,1,1,1,1,1,1,1,1,1,1,1,1,1,1,1,1,1,1,1,1,1,1,1,1,1,1,1
18,21,1006,628,783 1,1,1,1,1
18,21,11,2947,2350 1,1,1,1,1
18,14,449,10,1127,13,15,2515 1,1,1,1,1,1,1,1
457,532,4,3368,457,154,111,62,569,836,5,5011 1,1,1,1,1,1,1,1,1,1,1,1
15,481,7,103,1989,111,15,805,7,5990,3,75,14,377,66,24,372,95,472,3,75,21,68,185,225,6,80,170,129 1,1,1,1,1,1,1,1,1,1,1,1,1,1,1,1,1,1,1,1,1,1,1,1,1,1,1,1,1
24,2130,20,11380,24,1425,20,569 1,1,1,1,1,1,1,1
24,177,20,15,2856,239 1,1,1,1,1,1
48,738,20,569 1,1,1,1
318,499,438,4,6,28,20,235,13,64,8886,121,420,6,28,52,162,10,6,1642,189,17,1033,481,7,103,1989,10,3659,805,35,60,35,1642 1,1,1,1,1,1,1,1,1,1,1,1,1,1,1,1,1,1,1,1,1,1,1,1,1,1,1,1,1,1,1,1,1,1
16,41,122,6,28,12,6,495 1,1,1,1,1,1,1,1
134,6,28,82,3659,481,7,103,1989,57,31,118,5,18,190,60,2643,10,530,163,3,18,41,166,52,261,139,64,8886,122,24,5,810,88,39,1237,37,57,1936 1,1,1,1,1,1,1,1,1,1,1,1,1,1,1,1,1,1,1,1,1,1,1,1,1,1,1,1,1,1,1,1,1,1,1,1,1,1,1
747,505,4,106 7,7,7,7
507,505,4,207,323 1,1,1,1,1
566,4,1642,189 1,1,1,1
497,4742,3,5255,107 1,1,1,1,1
487,4,12554,292,4,12554,533,43,4,4742,3,5255,746,34113,1608,250,31,81,43,262,331,250 1,1,1,1,1,1,1,1,1,1,1,1,1,1,1,1,1,1,1,1,1,1
