67,54,4,34218,12560,318,1141,112,2988,3,8717,34219,112,54,4,34220,6,28,20,221,5,101,43,271 1,1,1,1,1,1,1,1,1,1,1,1,1,1,1,1,1,1,1,1,1,1,1,1
30,7,61,234,4,40,14,15,16468,498,13,15,30,7,106,5,71,3,3808,206,30,14,569,3,121,21,15,72,81,7,182,3,5,121,21,11,30,7,88,591,540 1,1,1,1,1,1,1,1,1,1,1,1,1,1,7,1,4,1,1,1,1,1,1,1,1,1,1,1,1,1,1,1,1,1,1,1,1,1,1,1,1
16,61,13,15,1414,19,6,70,518,7,6,136 1,1,1,1,1,1,1,1,1,1,1,1
16,61,10,6,318,499,13,15,2859,1432,7,1111,19,6,70,518,7,6,136,5,2859,152,1233,474 1,1,1,1,1,1,1,1,1,1,1,1,1,1,1,1,1,1,1,1,1,1,1,1
6,3038,14,1017 1,1,1,1
6,4979,14,1017 1,1,1,1
74,14,11,2065,6980 1,1,1,1,1
74,57,11,2065,234 1,1,1,1,1
102,101,4,11,2222,84 1,1,1,1,1,1
6,2065,14,883,5,204 1,1,1,1,1,1
6,155,57,91,3,13,11,407 1,1,1,1,1,1,1,1
6,101,111,15,4843,1414,7,6,70,518,7,6,136,3,13,11,7494,5,11,34221,7,6,196 1,1,1,1,1,1,1,1,1,1,1,1,1,1,1,1,1,1,1,1,1,1,1
340,1598,12,230,4,6,28,370,15,3534,1902,5,20,221,43,6,1414,594 1,1,1,1,1,1,1,1,1,1,1,1,1,1,1,1,1,1
16,20,1777,13,8358,5,261,163 1,1,1,1,1,1,1,1
16,20,10,96,115,12,1897,552,1123,17,15,827 1,1,1,1,1,1,1,1,1,1,1,1
6,1414,594,1864,205,650,19,201,3,13,11,160,17,513,3,51,138,40,20,23,136,5,344,4843,3,50,773,201,10,369,425,17,513 1,1,1,1,1,1,1,1,1,1,1,1,1,1,1,1,1,1,1,1,1,1,1,1,1,1,1,1,1,1,1,1,1
603,505,4,4843,1414,7,6,70,518,7,6,136 1,1,1,1,1,1,1,1,1,1,1,1
566,9,158,534,748,261,8,4,16,14,261,13,8358,3444,5,11076,3,5,14,10,96,115,12,1897,552 1,1,1,1,1,1,1,1,1,1,1,1,1,1,1,1,1,1,1,1,1,1,1,1,1
6,28,82,534,19,261,14,211 1,1,1,1,1,1,1,1
1218,34222,1265,17421,3,107 1,1,1,1,1,1
17422,34223,34224,533,43,4,1265,17421,3,107 1,1,1,1,1,1,1,1,1,1
17422,250,31,81,43,262,331,250 1,1,1,1,1,1,1,1
