67,54,4,34286,281,297,168,55,28,414,4,2988,3,8717,542,9,4705,8,4,34287,262,4,64,7863,426,283,19,70,6082,322,123,58,65,282,2381,87,302,498,13,2237,71,5,604,61,10,4705,230,17,70,322,283 1,1,1,1,1,1,1,1,1,1,1,1,1,1,1,1,1,1,1,1,1,1,1,1,1,1,1,1,1,1,1,1,1,1,1,1,1,1,1,1,4,1,1,1,1,1,1,1,1,1,1
28,146,37,58,65,183,3,186,16,2026,23,764,3,16,1005,15,5995,7,196,7587,66,23,70,6082,322 1,1,1,1,1,1,1,1,1,1,1,1,1,1,1,1,1,1,1,1,1,1,1,1,1
16,1004,6,196,5,2026,6,774,13,541,5938,5,1777,13,11157,4066 1,1,1,1,1,1,1,1,1,1,1,1,1,1,1,1
16,242,31,55,88,1373,10,23,322,3,242,31,461,88,6033,3048,12,23,2768 1,1,1,1,1,1,1,1,1,1,1,1,1,1,1,1,1,1,1
16,109,1773,37,108,65,183,3,23,491,10040,15,34288,51,16,242,31,2307,19,92 1,1,1,1,1,1,1,1,1,1,1,1,1,1,1,1,1,1,1,1
6,441,65,3,16,1005,70,1068,34,5,537,15,3446,12,6,548 1,1,1,1,1,1,1,1,1,1,1,1,1,1,1,1
6,70,322,1749,34289,5,312,34 1,1,1,1,1,1,1,1
16,313,90,88,459,3,249,3,4187,26,990 1,1,1,1,1,1,1,1,1,1,1
16,21,68,801,13,151,17,312,306,125,87,3,20,19,165,5,38,2550,365,63,345,9,78,840,29,1327,8,372,7,6,85,397,6,1730,556,164 1,1,1,1,1,4,1,1,1,1,1,1,67,67,67,1,1,1,1,1,1,1,1,1,1,1,1,1,1,1,1,1,1,1,1,1
16,21,604,17,312,306,141,87 1,1,1,1,1,1,1,1
16,38,5897,10479,19,34290 1,1,1,1,1,1
23,140,1261,66,34291,842,397,6,923,10,8972,842 1,1,1,1,1,1,1,1,1,1,1,1
16,14,11,1810,19,165 1,1,1,1,1,67
137,1764,389,158,348,2827,22,105 1,1,1,1,17,17,17,17
99,398,20,602,306,652,16,146,683,263,5,16,1762,10,218 1,1,1,1,1,1,1,1,1,1,1,1,1,1,13
12,230,3,16,20,138,1720,17,34,5,1433,247,17,411 1,1,1,1,1,1,1,1,1,1,1,1,1,1
63,587,781,397,138,907 1,1,1,1,1,1
674,151,280,110,10479,70,153,373,110,1355,3112,142,71,604,150,30,4,153,371,12,661,1215,90,238,3,7174,3,334,320,87,183,206,485,90,3817,357,206,30,4,2686,1109,1495,7968,920,3,245,13,8485,5,727,39,3782,2038,487,9,34292,8,9,512,2576,329,752,487,9,11217,8,8,36,298,25,69,1893,782,1142,22,9,1801,45,49,36,8,25,69,123,388,65,47,1847,45,9,73,8,289,9,932,8,382,22,9,382,22,45,49,36,8,25,69,47,36,129,9,73,8,1918,218,125,22,9,125,22,45,49,36,8,25,32,47,45,9,73,8,6425,2397,58,42,3146,36,2180,9,58,42,3146,8,1140,305,47,36,129,9,73,8,34293,125,22,9,125,22,568,609,49,36,8,25,69,47,335,45,9,73,8,127,1339,33,277,579,72,708,55,12,282,102,101,316,4,148,34294,3,523,1733,3,187,581,3,292,1035,3,718,880,1035,7243,737,28,14,12,11,758,342,3,232,2067,10,5617,5,1768,2928 1,4,23,1,1,1,1,1,1,1,1,7,1,1,1,1,1,1,1,1,1,1,5,5,5,5,5,5,5,5,5,1,1,1,1,1,1,1,1,1,1,1,1,1,1,1,1,1,1,1,1,1,1,1,1,1,1,1,1,1,1,1,1,1,1,1,1,1,1,1,1,9,9,9,9,1,1,1,1,1,1,1,1,1,1,1,1,1,1,1,1,1,1,1,1,1,1,1,1,1,1,1,1,1,1,1,1,1,1,1,1,1,1,1,13,13,13,1,1,1,1,1,1,1,1,1,1,1,1,1,1,1,1,1,1,1,1,1,1,1,1,1,1,1,1,1,1,1,1,1,1,1,1,1,1,1,1,1,1,1,1,1,1,1,1,1,1,1,1,1,1,1,1,1,1,1,1,1,1,1,1,1,1,1,6,6,1,1,1,1,1,1,1,1,1,1,1,1,1,1,1,1,1,1,1,1,1,1,1,1,1,1,1,1,1
642,10,1150,3,469,5,85 1,1,1,1,1,1,1
280 23
1626,44,5,999,10,2345 1,1,1,1,1,1
412,4,665,227,4,1806,136,4,34295,910 1,1,1,1,1,1,1,1,1,1
687,14,777,13,44,978,5,543 1,1,1,1,1,1,1,1
386,4,463,7,155,275,91,155,1412 1,1,1,1,1,1,1,1,1
612,4,130,463,275,44,304,5,310,5,11,213 1,1,1,1,1,1,1,1,1,1,1,1
214,4,214,152,3,396,3,326,327,61,3,11,777,240 1,1,1,1,1,1,1,1,1,1,1,1,1,1
273,101,4,11,741,1030 1,1,1,1,1,1
2329,1043,114,77,4,34296,322,4804,283,13,70,322,685,3,617,5,246 1,1,1,1,1,1,1,1,1,1,1,1,1,1,1,1,1
70,1068,985,5,246,577,638,10683,705,592,869,769,4553,1840,1853,231,180,9,83,8,434,392,888,1680,870,4553,900,9,83,8,34297,9,83,8,78,840,29,335,7483,9,83,8,434,1568,4553,615,434,399,1077,1506,1388,4553,2902,1792,3332,2221,434,1565,1527,1566,1077,4553,141,558,2337,1792,434,34298,4553,72,434,349,734,560,333,4553,4054,9,83,8,12486,9,59,8,5491,9,59,8,7296,9,59,8,434,653,786,823,536,4553,1490,6516,9,59,8,5337,9425,434,795,4553,4359,434,42,1209,42,847,42,830,42,864,4553,34299,9,83,8,1967,1932,1649,434,42,6057,4553,4047,9,59,8,434,2585,3606,2452,2736,4553,1706,91,72,72,434,5866,2372,1838,2858,4553,13067,72,1944,565,9,83,8,434,3185,2453,1886,4553,1492,72,72,177,4,924,27,1652,1815 1,1,1,1,1,1,1,1,1,1,1,1,1,1,1,1,1,1,1,1,1,1,1,1,1,1,1,1,1,1,1,1,1,1,1,1,1,1,1,1,1,1,1,1,1,1,1,1,1,1,1,1,1,1,1,1,1,1,1,1,1,1,1,1,1,1,1,1,1,1,1,1,1,1,1,1,1,1,1,1,1,1,1,1,1,1,1,1,1,1,1,1,1,1,1,1,1,1,1,1,1,1,1,1,1,1,1,1,1,1,1,1,1,1,1,1,1,1,1,1,1,1,1,1,1,1,1,1,1,1,1,1,1,1,1,1,1,1,1,1,1,1,1,1,1,1,1,1,1,1,1,1,1,1,1,1,1,1,1,1,1,1,1,1,1,1,1,1,1,1,1
11,563,185,506,4,11,1984,70,322,738,4,11,34300,508,2267,192,4,2381,87,302,358,13,2237,151,5,71,604,61,13,301,788,70,322,283,5,70,1068,577,638,985 1,1,1,1,1,1,1,1,1,1,1,1,1,1,1,1,1,1,1,1,1,1,1,4,1,1,1,1,1,1,1,1,1,1,1,1,1,1,1,1
349,14,185 1,1,1
16,166,21,71,322,283,5,322,1266 1,1,1,1,1,1,1,1,1
738,228,31,508,2267 1,1,1,1,1
104,4,47,36,8,71,322,283,5,1266,4,138,23,341,17,15464,411,3,41,1495,13,4120,7098,907,17,3582,5,5217,2038,3044 1,1,1,1,1,1,1,1,1,1,1,1,1,1,1,1,1,1,1,1,1,1,1,1,1,1,1,1,1,1
12400,36,1681,247,105,34301,2105,1681,247,1750,3212,63,587,11221,355,8584,1909,447,16685,47,58,8,151,3,60,179,13,348,139,1730,556 1,1,1,1,1,1,1,1,1,1,1,1,1,1,1,1,1,1,1,1,1,1,4,1,1,1,1,17,1,1,1
3947,348,17389,108,1034,521,69,12563,1024,2510,34302,4147,117,47,8,142,3,19,218,5,387,683,263,7146,218,3,126,1262,215,22,105,2298,1893,1801,69,3947,289,971,1155,726,296,34303,9244,3,107 1,17,1,1,1,1,1,1,1,1,1,1,1,1,1,7,1,1,13,1,1,1,1,1,13,1,1,90,1,1,1,1,9,1,1,1,1,1,1,1,1,1,1,1,1
