67,54,4,34326,7874,4,386,1695,15417,1073,34327,8148,3,241,34328,34329,5966,3,5303,17433,34330,793,505,4,155,240 1,1,1,1,1,1,1,1,1,1,1,1,1,1,1,1,1,1,1,1,1,1,1,1,1,1
30,7,61,328,4,5303,14,15,4218,428 1,1,1,1,1,1,1,1,1,1
18,21,344,15,244,2091,30,7,238,3,238,31,27,233,139,6,440,7,5906,12,871,1306,3,18,20,1410,15,1078,102 1,1,1,1,1,1,5,5,5,1,5,1,1,1,1,1,1,1,1,1,1,1,1,1,1,1,1,1,1
27,37,85,3,18,146,18,38,128,131,140,314 1,1,1,1,1,1,1,1,1,1,1,1
313,3,18,38,68,527,10,1516,140 1,1,1,1,1,1,1,1,1
18,38,11,386,116,7,437,26,263 1,1,1,1,1,1,1,1,1
15,48,738,20,564,3,75,275,15,320,632,53,155,240 1,1,1,1,1,1,1,1,1,1,1,1,1,1
6,28,866,38,15,241,570 1,1,1,1,1,1,1
6,241,570,275,15,210,123,320,155,240,12,6,789,34331,7,6,70,473,1443 1,1,1,1,1,1,1,1,1,1,1,1,1,1,1,1,1,1,1
74,143,128,4756,985,4433,638,3,51,233,998,58,632 1,1,1,1,1,1,1,1,1,1,1,1,1
18,21,128,4305,3971,108,643,635,12,394,155 1,1,1,1,1,1,1,1,1,1,1
6,28,14,510,43,24,747,198,331,3,64,10053,17,268,172 1,1,1,1,1,1,1,1,1,1,1,1,1,1,1
6,28,21,11,30,7,155 1,1,1,1,1,1,1
18,21,11,30,7,1234,26,127 1,1,1,1,1,1,1,1
18,21,31,38,88,30,7,2676,26,15,269,1333 1,1,1,1,1,1,1,1,1,1,1,1
18,208,46,38,128,131,3322,1543,186,18,285,12,15,11938,6650,3,75,38,3322,3509,14745 1,1,1,1,1,1,1,1,1,1,1,1,1,1,1,1,1,1,1,1,1
18,21,11,30,7,1759 1,1,1,1,1,1
18,21,11,34332,1543,10,34333,26,34334 1,1,1,1,1,1,1,1,1
80,39,30,4,158,4,176,131,354,1460 1,1,1,1,1,1,1,1,1,1
178,106 1,7
195,287 1,15
253,71 1,4
346,1220 1,1
460,330,354,76 1,1,1,1
652,494 1,1
833,153,120,260,13,131,153,371 1,1,1,1,1,1,1,1
995,216,120,260 1,1,1,1
39,4,2950,1421,1337,15,65,3,423,447,22,15,65,3,4641,141,22,15,65,3,932,125,22,15,65,3,1919,388,22,15,65,3,3973,125,22,15,65,3,610,279,22,15,65,3,512,3,2415,141,22,15,65,3,752,487,3,2162,36,22,15,65,3,3797,2862,3,203,547,22,15,65 1,1,1,1,1,1,1,1,26,26,26,26,26,1,1,1,1,1,1,1,1,1,1,1,1,1,20,20,20,20,20,1,12,12,12,12,12,1,9,9,9,9,9,1,1,1,62,62,62,62,62,1,1,1,1,1,1,1,1,1,1,1,1,1,11,11,11,11,11
127,4,1339,5,3340,5,1111,3078,47,346,206,30,4,18,245,13,24,1037 1,1,1,1,1,1,1,1,1,1,1,1,1,1,1,1,1,1
18,109,31,728 1,1,1,1
18,21,15,244,2091,238,30,12,24,8287,5,871,8080 1,1,1,1,5,5,5,5,5,5,5,5,5
150,30,4,2101 1,1,1,1
81,7,182,4,376,3,72 1,1,1,1,1,1,1
102,101,4,18,14,12,11,342 1,1,1,1,1,1,1,1
24,718,1045,14,1137,42 1,1,1,1,1,1
24,63,94,14,3811,3,24,133,14,34335,413,5,136,77,4,18,14,1172,5,1121 1,1,1,1,1,1,1,1,1,1,1,1,1,1,1,1,1,1,1,1
24,14189,57,97,261 1,1,1,1,1
1239,13,3253 1,1,1
18,21,11,685,26,1296 1,1,1,1,1,1
136,14,332,97,1189,3,879,3,26,222 1,1,1,1,1,1,1,1,1,1
24,4410,14,13645 1,1,1,1
18,21,44,7953,5,1051 1,1,1,1,1,1
24,155,57,91 1,1,1,1
103,77,4,11,910,3,304,3,310,97,1162,3,1094,3,26,213 1,1,1,1,1,1,1,1,1,1,1,1,1,1,1,1
214,14,152 1,1,1
114,46,11,743,3,750,3,26,93 1,1,1,1,1,1,1,1,1
18,21,1486,7,354,164,12,24,248 1,1,1,1,1,1,1,1,1
18,21,416,1441,330,133 1,1,1,1,1,1
457,532,4,6174,14,44 1,1,1,1,1,1
689,264,4,15,48,241,14,35,55 1,1,1,1,1,1,1,1,1
339,5,104,4,15,4218,13,15,742,70,155,240 1,1,1,1,1,1,1,1,1,1,1,1
40,14,166,10,52,1759,3,600,15,34336,1178,26,3548,1178,57,2091,284 1,1,1,1,1,1,1,1,1,1,1,1,1,1,1,1,1
27,40,802,3,50,272,530,10,510,24,17,15,2029,241,570 1,1,1,1,1,1,1,1,1,1,1,1,1,1,1
24,381,635,12,24,155,1412,100,57,233,3971,10231,5,208,31,52,422,10,40,1759 1,1,1,1,1,1,1,1,1,1,1,1,1,1,1,1,1,1,1,1
18,109,46,4756,985,4433,638 1,1,1,1,1,1,1
50,272,530,10,510,24,10,2068,164,17,1631,7,15,9228,5,1399,1300 1,1,1,1,1,1,1,1,1,1,1,1,1,1,1,1,1
18,237,166,606,103,3364,397,40,237,957 1,1,1,1,1,1,1,1,1,1
18,368,96,115,13,271,139,24,164,134,40,5273,10,52,62,3548,155,935 1,1,1,1,1,1,1,1,1,1,1,1,1,1,1,1,1,1
376,3,18,41,96,115,13,2694 1,1,1,1,1,1,1,1
134,18,20,5686,31,10,52,62,999,591,2339,3,1275,517,7,2024,76,26,517,7,3758,3,18,550,46,40,243,862,1696,15,6505,3267,1834 1,1,1,1,1,1,1,1,1,1,1,1,1,1,1,1,1,1,1,1,1,1,1,1,1,1,1,1,1,1,1,1,1
497,7241,13957,3,107 1,1,1,1,1
746,34337,3667,2449,426,4,34338,10053,107 1,1,1,1,1,1,1,1,1
34339,124,34340,17429,1418,6854,2579,3,241,3,17430,2820,4,3389,4,806,4,12564,825,4,12564,843,4,12564 1,1,1,1,1,1,1,1,1,1,1,1,1,1,1,1,1,1,1,1,1,1,1,1
