67,54,4,34374,79,425,17,301,451,5,439,19,311,483 1,1,1,1,1,1,1,1,1,1,1,1,1,1
39,2669,9,5319,3340,8,58,1681,4093,276,4,2797,175,2180,296,27,12566,7884,286,956,135,113,1262,9,2031,8,686,3,36,45,9,73,8,25,69,274,686,3,829,45,9,73,8,25,32,1405,9,1986,8,2400,3,36,45,9,73,8,8636,32,622,647,3,36,45,9,73,8,25,32,127,1846,33,361,1896,1765,33,277,294,218,33,263,1339,33,277,294,780,33,1790,147,71,324,33,10979,99,3416,27,15,8159,3,51,372,366,34375 1,1,1,1,1,1,1,1,1,1,1,1,1,1,1,1,1,1,1,1,1,1,27,27,27,27,27,27,27,27,27,27,27,27,27,9,9,9,9,9,9,9,9,9,9,1,1,1,1,1,1,1,1,1,1,1,1,1,21,21,21,21,21,21,21,21,21,21,1,1,1,1,1,1,1,1,1,1,1,1,1,1,1,1,1,1,1,1,4,4,1,1,1,1,1,1,1,1,1,1,1,1
99,34376,9121,20,15,129,183,3,5,24,34377 1,1,1,1,1,1,1,1,1,1,1
20,377 1,1
18,208,46,484,1542,408 1,1,1,1,1,1
18,464,21,31,454,24,412,1622,17,62,1089 1,1,1,1,1,1,1,1,1,1,1
3143,1520,4720 1,1,1
336,1573,409 1,1,1
865,3556,42,106,33,242,31,118,274,35,1260,43,609,16136 41,41,41,7,1,1,1,1,9,1,1,1,1,1
24,163,4084,57,5468,3,51,24,133,14,2209,12,6,3535,3,75,14,3208,18,14,49,344,1576,7,274 29,29,29,29,29,1,1,1,1,1,1,1,1,1,1,1,1,1,1,1,1,1,1,1,9
153,373,4,4403,4690,3,110,3112,3331,4,367,1086,1628,487,1874 1,1,1,1,1,1,1,1,1,1,1,1,1,1,1
687,635 1,1
52,172,43,609,8718,3,1144,1596 1,1,1,1,1,1,1,1
313,3,6,99,85,18,1031,10,2572 1,1,1,1,1,1,1,1,1
18,20,933,18,242,31,46,62,1089 1,1,1,1,1,1,1,1,1
18,21,31,2324,1603,1033,12,6,4201 1,1,1,1,1,1,1,1,1
18,636,38,6,687,2772 1,1,1,1,1,1
99,399,409 1,1,1
51,1179,266 1,1,1
17438,83,2692,4,775,10,572,11747,3,17439,3,4293,26,12094,5,4293 1,1,1,1,1,1,1,1,1,1,1,1,1,1,1,1
18,21,2121 1,1,1
3728,3,17,75,18,49,167,1835,3,200,1761 1,1,1,1,1,1,1,1,1,1,1
7,55,3,95,1084,269 1,1,1,1,1,1
18,38,15,838,2476,3,75,111,15,1271,5,2181 1,1,1,1,1,1,1,1,1,1,1,1
544,87,439,2324 1,1,1,1
79,21,68,4684,10,5052,3143,20,31,6602,34378,6,99,85,5,38,15,1629,7,34 1,1,1,1,1,1,1,1,1,1,1,1,1,1,1,1,1,1,1,1
1683,11619,33,538 1,1,1,1
5188,33,7128 1,1,1
1144,33,920 1,1,1
1037,21,128,39,147,3,51,14,449,10,1418,24,19,233,24,10305,3,35,18,109,31,34379 1,1,1,1,1,1,1,1,1,1,1,1,1,1,1,1,1,1,1,1,1,1
11,4507,3,485,3,2159,308 14,14,1,1,1,1,1
18,21,210,727,5,929,2263 1,1,1,1,1,1,1
24,723,20,2129,43,15,3077,128,87,183,3,5,2116,413,1297,3,132,12,1224,245 1,1,1,1,1,1,1,1,1,1,1,1,1,1,1,1,1,1,1,1
18,14,244,429,233,6,85,3106,223,201 1,1,1,1,1,1,1,1,1,1
18,1749,2093,2483,271,223,40 1,1,1,1,1,1,1
4124,4128,5,262,24,34380,1915 1,1,1,1,1,1,1
579,33,329,17,841,314,3,1257 1,1,1,1,1,1,1,1
220,1002,422,10,429,5,958,223,723,3,35,270,12,1149,4894,3,2121 1,1,1,1,1,1,1,1,1,1,1,1,1,1,1,1,1
648 1
193 1
376 1
104,4,15149,1603,39,5,1144 1,1,1,1,1,1,1
34381,10,609,8718,3,3389,609,8718 1,1,1,1,1,1,1,1
1657 1
79,82,6281,223,373,3796 1,1,1,1,1,1
18,258,37,18,237,1081,10,52,343,134,18,38,399,3,5,1241,740,10,473,5,194,2572 1,1,1,1,1,1,1,1,1,1,1,1,1,1,1,1,1,1,1,1,1,1
134,50,1066,18,370,2141,13123 1,1,1,1,1,1,1
439,58,2106 1,1,1
148,31,359,89,3143,18,1749,1896 1,1,1,1,1,1,1,1
6796 1
41,160,15,2287,148,254,3,51,31,5999 1,1,1,1,1,1,1,1,1,1
1534 1
1426,2640,7644,3,107 1,1,1,1,1
