67,54,4,34341,67,31,1382,425,17,96,115,19,151,3,5,142,191,60,3,11,301,147 1,1,1,1,1,1,1,1,1,1,1,1,4,1,1,7,1,1,1,1,1,1
11,1542,79,242,31,1606,588,940 1,1,1,1,1,1,1,1
272,1738,4,1273,3,2152,9,139,1429,8,140,4,1001,842,288,4,2633,11,238,4,11,1264,147,14,188,5,384,34,19,5,650,3,984,13,3012,8342,3,11,474,3,34342,575,142,4,12565,27,163,3,11,529,3,11,307,553,1091,4,11,796,3,11,2216,39,2669,9,5319,3340,8,58,1681,4093,276,2797,175,2180,296,27,12566,7884,286,956,135,113,1405,9,1986,8,2400,36,45,9,73,8,8636,32,622,647,36,45,9,73,8,25,32,1262,9,2031,8,686,36,45,9,73,8,25,32,147,71,324,106,127,1339,277,1846,361,1896,1765,277,294,218,263,545,4,148,4,3654,523,4,1273,48,4,91,130,4,1752,3,409,304,3,310,362,4,152,3,1169,246,1714,4,11,93,34343,4,151,4,15,9,398,8,3,682,9,63,94,8,5,872,9,393,8,2112,4870 1,1,1,1,1,1,1,1,1,1,1,1,1,1,1,1,1,1,14,14,14,1,1,1,1,1,1,1,1,1,1,1,1,1,1,1,1,1,1,1,1,1,7,29,6,29,29,1,1,1,1,1,1,1,1,1,1,1,1,1,1,1,1,1,1,1,1,1,1,1,1,1,1,1,1,1,1,1,1,1,1,1,1,1,1,1,1,1,1,1,1,1,1,1,21,21,21,21,21,21,21,21,21,27,27,27,27,27,27,27,27,27,27,27,27,1,4,4,7,1,1,1,1,1,1,1,1,1,1,1,1,1,6,6,6,1,1,1,1,1,1,1,1,1,1,1,1,1,1,1,1,1,1,1,1,1,1,1,1,1,1,4,1,1,1,1,1,1,1,1,1,1,1,1,1,1,1,1,1,1
353,4,11,2924,3,266,1978,353,3972 1,1,1,1,1,1,1,1,1
3063,1430,359 1,1,1
2516,1430,359,6360,1430,359,288,1175 1,1,1,1,1,1,1,1
144,588,956,15,65,3,4235,1485,467,5,1606,3229,5501,233,112 1,1,1,1,1,1,1,1,1,1,1,1,1,1,1
827,398,397,441,112 1,1,1,1,1
254,4,791,818,1325,3,1122,228 1,1,1,1,1,1,1,1
252,462,22,32,34344,3,359 60,1,1,1,1,1,1
63,94,4,14,365 1,1,1,1,1
41,2053,1262,228,10,215,69 1,1,27,27,27,27,27
144,2015,539,580,393,4,19,2112 1,1,1,1,1,1,1,1
791,1122,1972 1,1,1
827,6790,12,854,5921,89,96,115,12,117,129 1,1,1,1,1,1,1,1,1,1,1
1402,890,119,242,31,4875,13,1083,2048,3,67,57,31,1382,5,50,191,31,2903,1146,119,242,223,92 1,1,1,1,1,1,1,1,1,1,1,1,1,1,1,1,1,1,1,1,1,1,1,1
41,8003,483,441,112,436,936,492,102,77,17434,567,77,17434,359,163,345,450,5266,1292,6687,5266,3959,1538,5266,890,1573,5266,1573,5266,890,1335,1430,5266,1430,359,3991,77,5266,34345,359,174,838,5266,2865,3,18,41,704,223,92,554,1084,5266,554,1553,34346,174,1980,5266,359,2516,77,5266,1430,359,1512,1244,34347,393,34348,5453,1951,4,602,286,669,1402,34349,9707,1238,1787,34350,122,146,12,295,238,161,17435,636,15,1095,2705,34351,72,865,34352,9536,4592,4035,1018,17435,193,6265,17436,852,7430,3,107 1,1,1,1,1,1,1,1,1,1,1,1,1,1,1,1,1,1,1,1,1,1,1,1,1,1,1,1,1,1,1,1,1,1,1,1,1,1,1,1,1,1,1,1,1,1,1,1,1,1,1,1,1,1,1,1,1,1,1,1,1,1,1,1,1,1,1,1,1,1,1,1,1,1,1,1,1,1,1,1,1,1,1,1,1,1,1,1,1,1,14,14,14,1,1,1,41,41,41,1,1,1,1,1,1,1,1,1,1,1
