67,54,4,34407,1180,682,281,162,55,414,4,8716,12568,509,47,4,17440,54,4,34408,451,4,34409,4319,352,4,5928,4683,426,4,667,13,3216,282,4,79,14,15,1973,379,428,13,15,674,173,17,311,103,341,709,3,158,2606,3,13,15,865,7,4961,2082,40,129,3,142,3,287,3,3808,165,228,20,118,117,113,183 1,1,1,1,1,1,1,1,1,1,1,1,1,1,1,1,1,1,1,1,1,1,1,1,1,1,1,1,1,1,1,1,1,1,1,1,1,1,1,1,1,1,1,1,1,1,1,1,1,1,1,1,4,1,1,1,16,16,16,16,16,16,1,7,1,15,1,1,8,1,1,1,1,1,1
24,63,366,46,866,68,266,3,2971,6,3535,19,170,3266 1,1,1,1,1,1,1,1,1,1,1,1,1,1
27,571,85,3,18,2233,990,5,616 1,1,1,1,1,1,1,1,1
6,79,1343,24,495,165,35,712,3,5512,24,44,1429,3,5,27,34410,20,321,10,6,5419,186,18,1344,616,5,537,24,248,3249,10,9194 1,1,1,1,1,8,1,1,1,1,1,1,1,1,1,1,1,1,1,1,1,1,1,1,1,1,1,1,1,1,1,1,1
18,537,2317,667,3,17452,319,10,24,723,5,5773,19,24,53,303 1,1,1,1,1,1,1,1,1,1,1,1,1,1,1,1
18,1261,2778 1,1,1
24,723,514,24,3984,5,3598,24,375,956,3,8701,3,16580,5,1516,931,3436 1,1,1,1,1,1,1,1,1,1,1,1,1,1,1,1,1,1
18,4758,2778,15,493,435,525,5,20,469,12,62,1127,3,834,24,588,20,514,10,52,15783,18,20,1500,10,6,12570,230,3,834,3914,1793,111,15,822,53,3721,5,15,413,241,20,72,17,432 1,1,1,1,1,1,1,1,1,1,1,1,1,1,1,1,1,1,1,1,1,1,1,1,1,1,1,1,1,1,1,1,1,1,1,1,1,1,1,1,1,1,1,1,1,1
18,90,529,3,307,26,418 1,1,1,1,1,1,1
27,472,3,6,79,14,449,10,321,175,2331,5,2429,544,2645,7,1625,97,307,26,529 1,1,1,1,1,1,1,1,1,1,1,1,1,1,1,1,1,1,1,1,1
1694,4,3521,165,34411,1609,34412,865,4961,9,8767,8,33,71,1082,142,812,1920,618,76,34413,1870,43,678,84,5,53,303,34414,1168,21,68,72,158,216,3771,13,673,76,27,100,3844,5,34415,1193,13,131,53,2115,260 1,1,4,8,4,4,4,16,16,1,1,1,1,1,1,7,1,1,1,1,1,1,1,1,1,1,1,1,1,1,1,1,1,1,1,1,1,1,1,1,1,1,1,1,1,1,1,1,1,1
5597,1168,44,174,306,416,185,961,1159,34416,363,958,34417,2984,3115,2030,9,6381,8,33,110,1355,1300,8538,6146,254,4,252,901,32,2566,378,32,962,378,69,167,2031,672,32,2456,2400,25,69,167,958,2997,3146,69,123,558,65,2997,1455,69,123,558,65,780,279,22,32,930,1801,305,165,1686,382,605,586,608,9,95,118,8,736,125,22,276,127,4,17453,3,218,9,263,8,3,800,9,634,2099,8,2795,4,285,35,34418,27,671,34419,6092,3,90,699,3,598,485,3,90,357 1,1,1,1,1,1,1,1,1,1,1,1,1,1,1,1,1,1,1,1,1,1,1,1,1,1,1,11,11,11,1,1,1,1,1,1,1,27,27,27,1,1,1,1,1,1,1,1,1,1,1,1,1,1,1,1,1,1,28,28,28,28,1,1,1,8,8,8,8,8,8,8,8,8,8,12,12,12,12,1,1,1,1,1,1,1,1,1,1,1,1,1,1,1,1,1,1,1,1,1,1,1,1,14,14,1,1,1,1,1,1
6634,403,4,3521,573,5,661,545,4,1130,3,3089,3,382,3,680,3,853,42,19,658,814,4,480,3,1821,3,410,3,642,10,1150,5,469,3,731,6,87,51,31,6,129,3,226,1892,1002,377,227,4,576,917,3,11,216,222,130,4,455,3,11,213,155,4,751,682,362,4,152,3,979,3,2787,588,531,4,53,303,12,5267,3,133,5,511,204,443,149,4,1840,2912,615,816,1421,4196,7728,816,34420,2628,7197,1792,7728,816,5111,7728,9,5030,12,9537,8,3,409,653,2201,586,3,3514,2470,3,3749,10081,103,898,72,85,175 1,1,1,1,1,1,1,1,1,1,1,1,1,1,1,1,1,1,1,1,1,1,1,1,1,1,1,1,1,1,1,1,1,1,1,1,1,1,1,1,1,1,1,1,1,1,1,1,1,1,1,1,1,1,1,1,1,1,1,1,1,1,1,1,1,1,1,1,1,1,1,1,1,1,1,1,1,1,1,1,1,1,1,1,1,1,1,1,1,1,1,1,1,1,1,1,1,1,1,1,1,1,1,1,1,1,1,1,1,1,1,1,1,1,1,1,1,1,1,1,1,1,1,1
399,2931,3,1179,1853,3,22,1932,2621,44 1,1,1,1,1,1,1,1,1,1
580,5009,3,926,171,972,1646,2007,335,9,34421,8,336,1573,3332,3,34422,9256,13359,3218,193,9,6513,8,264,4,3914,1793,34423,822,868,6,34424,7,6,53,3721 63,63,63,1,1,1,1,1,1,1,1,1,1,1,1,1,1,1,1,1,1,1,1,1,1,1,1,1,1,1,1,1,1,1,1,1,1
74,14,12571,75,550,1282,845,243 1,1,1,1,1,1,1,1
13440,480,413,34425,72,34426,34427,539,34428,11,48,34,3,11,904,84,3,34429,758,1911,574,34430,166,567,34431,34432,34433,559,447,42,3,11,2911,5283 1,1,1,1,1,1,1,1,1,1,1,1,1,1,1,1,1,1,1,1,1,1,1,1,1,1,1,1,1,1,1,1,1,1
15114,34434,2886,34435,192,4,1973,379,428,13,209,365,63,366,3,121,132,3,12,6,481,7,95,118,165,5,266,63,366,3,61,13,667,5,3216,3,166,15,1764,697 1,1,1,1,1,1,1,1,1,1,1,1,1,1,1,1,1,1,1,1,1,1,1,1,8,1,1,1,1,1,1,1,1,1,1,1,1,1,1,1
104,4,34436,372,166,921,1764,697 1,1,1,1,1,1,1,1
138,79,82,1194,185,865,3,63,366,166,244,365,209 1,1,1,1,1,1,1,1,1,1,1,1,1
132,13,1236,2985,179,3,158,63,366,12,6,3535,3,79,166,34437 1,1,1,1,1,1,1,1,1,1,1,1,1,1,1,1
174,3323,921,237,158,17325,21,311,341,709,3,51,11,532,1623,212,9,898,72,3,904,11,84,3,11,16095,7,458,3,11,2911,76,3,11,30,7,2117,8,41,86,826,319,431 1,1,1,1,1,1,1,1,1,1,1,1,1,1,1,1,1,1,1,1,1,1,1,1,1,1,1,1,1,1,1,1,1,1,1,1,1,1,1,1,1,1,1
191,887,704,1165,1936 1,1,1,1,1
98,3,550,52,1699,76,3,600,689,7,2440,5733,21,68,372,44 1,1,1,1,1,1,1,1,1,1,1,1,1,1,1,1
413,241,72,17,432 1,1,1,1,1
41,235,3624,13,79,82,3858,12,272 1,1,1,1,1,1,1,1,1
53,3721,15116,2228,43,3125,12,230 1,1,1,1,1,1,1,1
79,546,391,12,4585,269,9,135,3125,8 1,1,1,1,1,1,1,1,1,1
1223,17,34,179 1,1,1,1
3521,46,2208,79,82,163,165,12,4860,9,191,31,1081,10,1197,1520,266,8 1,1,1,1,1,1,8,1,1,1,1,1,1,1,1,1,1,1
4221,17,475,2446 1,1,1,1
6107,791,4165,4724 1,1,1,1
16726,15107,1054,31,1874 1,1,1,1,1
17454,791,1163 1,1,1
13391,815,3,2393,701,1127 1,1,1,1,1,1
5928,7593,3,229,34438 1,1,1,1,1
