67,54,4,34389,414,4,12568,3,8716,542,4,17440,39,4,135,1960 1,1,1,1,1,1,1,1,1,1,1,1,1,1,1,1
39,962,9,1118,8,378,3,36,568,9,73,8,25,69,2456,2400,3,36,45,9,73,8,25,69,123,180,65,9,73,8,167,167,958,3,115,10,69,34390,4307,49,36,2844,25,662,625,552,167,2566,9,2655,782,8,378,3,58,568,9,73,8,25,32,4517,9,8707,8,17441,3,58,45,9,73,8,25,69,1262,9,2031,8,686,3,58,45,9,73,8,25,32,2840,9,5783,8,799,3,36,45,9,73,8,25,69,123,558,65,9,73,8,12569,9,17442,4474,8,672,3,36,45,9,73,8,25,2384,73,4,9,36,8,28,425,640,7,118,136,34,13,2313,7,24,53,303,5,1507,7,24,2287,5,4420,53,951 1,1,1,1,1,1,1,1,1,1,1,1,1,1,1,1,1,1,1,1,1,1,1,1,1,1,1,1,1,1,1,1,1,1,1,1,1,1,1,1,1,1,1,1,1,1,1,1,1,1,1,1,1,1,1,1,1,1,1,1,1,21,21,21,21,21,21,21,21,21,21,21,21,21,27,27,27,27,27,27,27,27,27,27,27,27,27,1,1,1,1,1,1,1,1,1,1,1,1,1,1,1,1,1,1,1,1,1,1,1,1,1,1,1,1,1,1,1,1,1,1,1,1,1,1,1,1,1,1,1,1,1,1,1,1,1,1,1,1,1,1,1,1,1,1,1,1
40,2209,957,27,6,1182,7,6,113,3,186,21,68,27,6,4644,233,113,5,286,21,10,49,24,2840,5,12569,17,6,441,267,26,544,65,3,949,6,3416 1,1,1,1,1,1,1,1,1,1,1,1,1,1,1,1,1,1,1,1,1,1,1,1,1,1,1,1,1,1,1,1,1,1,1,1,1,1
28,1639,244,7067,641,40 1,1,1,1,1,1
242,31,1107,513,13,64,8052,3,6,10170,18,417,749 1,1,1,1,1,1,1,1,1,1,1,1,1
9,58,8,71,4,28,38,24,671,412,77,1023,13,64,5130,3,121,1466,14,62,34391 1,1,1,4,1,1,1,1,1,1,1,1,1,1,1,1,1,1,1,1,1
16,14,510,24,10,15,3241,4109,3,290,10,15,664,7,34392,3159,93,3,290,10,71,1082,5,128,284,1303,17124,94 1,1,1,1,1,1,1,1,1,1,1,1,1,1,1,1,1,1,1,1,1,1,1,1,1,1,1,1
6,28,14,244,479,641,40 1,1,1,1,1,1,1
14,3106,223,24,130,5,861,3,132,37,18,14,46,147,13,24,412 1,1,1,1,1,1,1,1,1,1,1,1,1,1,1,1,1
14,527,10,2587,10,24,353,3,51,14,3106 1,1,1,1,1,1,1,1,1,1,1
63,366,27,163,46,68,372,12,6,669,82,3,598,365,231,82 1,1,1,1,1,1,1,1,1,1,1,1,1,1,1,1
28,109,31,1606,24,67,13,24 1,1,1,1,1,1,1,1
1117,4,28,1499,10,52,3385 1,1,1,1,1,1,1
148,3,658,983,34393 1,1,1,1,1
155,4,91,10,15,78,364 1,1,1,1,1,1,1
720,4,3282,1183,3,924 1,1,1,1,1,1
269,246,5,3221,10,53,9149,762 1,1,1,1,1,1,1,1
764,4,11,243 1,1,1,1
2367,2245,133,217,100 1,1,1,1,1
873,4,9,36,8,209,136,5,489,34,13,855,2313,3,13,679,111,128,209,1920,84,3,51,98,131,6907,7,6,8453,2618,3,284,744,27,6,1850,27,4514 1,1,1,1,1,1,1,1,1,1,1,1,1,1,1,1,1,1,1,1,1,1,1,1,1,1,1,1,1,1,1,1,1,1,1,1,1,1
11294,235,13,28,641,40,52,209,147,5,160,10,96,115,13,64,8052 1,1,1,1,1,1,1,1,1,1,1,1,1,1,1,1,1
41,510,10,34394,3,31,344,17,340,3,51,98,10,5054,34395,7,24,285,1192,3,35,40,208,575 1,1,1,1,1,1,1,1,1,1,1,1,1,1,1,1,1,1,1,1,1,1,1,1
86,233,174,39,3,13,4076,3,2486,5,163,288 1,1,1,1,1,1,1,1,1,1,1,1
278,13,64,11594,3,121,508,15,4134,189,208,52,575 1,1,1,1,1,1,1,1,1,1,1,1,1
41,235,268,13,28 1,1,1,1,1
9,58,8,3733,4,132,13,71,1082 1,1,1,1,1,1,1,1,1
11294,235,7,125,10,180,435,13,28,641,9512,7,40,3,35,60,35,160,17,476,71,179,3,1540,3,35,11378,71,14,5348,11819,394,24,130,5,24,861,3,35,60,35,24,63,884 1,1,1,1,1,1,1,1,1,1,1,1,1,1,1,1,1,1,1,1,1,1,1,1,1,1,1,4,1,1,1,1,1,1,1,1,1,1,1,1,1,1,1,1
28,753,312,6758,132,10,527,10,3297,10,353,5,288 1,1,1,1,1,1,1,1,1,1,1,1,1
510,10,64,3960,34396,3,15,3241,4109,3,35,2104,35,284 1,1,1,1,1,1,1,1,1,1,1,1,1,1
28,6916,10,191,24,6944,17,24,34397,82,3,772,520,3,3557,3,733,398,3,35,60,35,336,1573 1,1,1,1,1,1,1,1,1,1,1,1,1,1,1,1,1,1,1,1,1,1,1,1
41,96,115,13,64,11594,5,13,271,6322 1,1,1,1,1,1,1,1,1,1
2939,8484,3,5608,34398 1,1,1,1,1
