67,54,4,34439,17443,1713,379,522,425,17,2377 1,1,1,1,1,1,1,1,1,1,1
147,71,324,4,6003,106,3728,4,812,110,8538,6146,136,34,4,679,5497,9,9227,8,2682,3,1657,8629,27,4514,1549,1725,4,176,162,10,12570,12,2975,13,1563,678,84,12,24,53,412,5,3570,525,678,1412,3,1870,43,53,666,3,1788,3,5,53,473,2289,837,4,11,12277,432,19,3374,193 1,4,4,4,4,7,1,1,1,1,1,1,1,1,1,1,1,1,1,1,1,1,1,1,1,1,1,1,1,1,1,1,1,1,1,1,1,1,1,1,1,1,1,1,1,1,1,1,1,1,1,1,1,1,1,1,1,1,1,1,1,1,1,1,1,1,1,1
2612,3,6691,82,3,6772,82,3,103,1165 1,1,1,1,1,1,1,1,1,1
2138,5,679,111,11,1298,1472 1,1,1,1,1,1,1
5597 1
2351,158,44,6483,3,5297 1,1,1,1,1,1
872,9,416,185,1603,8,5,73,3,17445,1016,3,709,1637,8755,3,5,2395,4567 1,1,1,1,1,1,1,1,1,1,1,1,1,1,1,1,1,1,1
178,17446,1914,17447,5,390,1316,5,303,923,82,56,193 1,1,1,1,1,1,1,1,1,1,1,1,1
413,241,3,193 1,1,1,1
12181,8548,3,44,3362,444,3,193 1,1,1,1,1,1,1,1
3218 1
6772,82,13,673,76,27,1345 1,1,1,1,1,1,1
3844 1
6691,82,44 1,1,1
195,172,43,64,5928,4683,3,17448 1,1,1,1,1,1,1,1
71,1082,7775,7776,935,9130,3331,4,7504,56,17449,3,17450,394,185 1,1,1,1,1,1,1,1,1,1,1,1,1,1,1
3721,822,4,16547,3494,59,3721,290,10,4103,290,10,1292,3594,373,4,6134,34440,100 1,1,1,1,1,1,1,1,1,1,1,1,1,1,1,1,1,1,1
34441,2864,6953,1158,240,4,2772,12572,56,367,747,13161,701,3594,1818 1,1,1,1,1,1,1,1,1,1,1,1,1,1,1
14423 1
39,252,9,947,478,8,901,45,49,36,45,9,73,8,25,32,2997,3146,36,2180,9,17455,17456,3146,2189,8,1140,69,123,558,65,2997,1455,36,2180,9,17455,17456,1455,9,1681,8,2189,8,1140,69,123,558,65,1052,9,736,8,125,22,9,378,45,49,36,8,25,276,123,180,65,31,49,2566,9,2655,782,8,549,568,49,36,25,32,123,180,65,2456,1314,45,49,36,25,69,167,167,958,3,115,10,69,31,49,2414,9,165,3732,8,2810,521,305,3,1392,3,8447,17,588,7628,3,34442,17,588,17294,3,11941,17,588,34443,930,9,1868,8,1801,568,49,36,25,305,123,180,65,31,49,4210,180,1633,25,892,167,648,123,180,65,960,9,165,2755,8,335,189,521,605,2031,215,22,9,672,45,49,7386,8,25,32,31,49,8344,7421,42,1455,9,8525,7421,42,974,2303,1140,69,167,303,243,123,141,65,3,157,13,1449,123,2100,421,2997,12427,9,2997,3714,8,141,1633,25,892,1223,9,6428,8,6392,25,1869,167,34,123,558,65,3306,56,367,228,95,126,43,64,10169,3,1326 1,11,11,11,11,11,11,11,11,11,11,11,11,11,11,11,1,1,1,1,1,1,1,1,1,1,1,1,1,1,1,1,1,1,1,1,1,1,1,1,1,1,1,1,1,1,1,1,1,12,12,12,12,12,12,12,12,12,12,12,12,12,12,12,12,12,1,1,1,1,1,1,1,1,1,1,1,1,1,1,1,1,1,1,1,1,1,1,1,1,1,1,1,1,1,1,1,1,8,8,8,8,8,1,1,1,1,1,1,1,1,1,1,1,1,1,1,1,1,1,1,1,1,1,1,1,1,1,1,1,1,1,1,1,1,1,1,1,1,1,1,1,1,1,1,1,1,1,8,8,8,8,8,1,1,1,1,27,27,27,27,27,27,27,27,27,27,27,1,1,1,1,1,1,1,1,1,1,1,1,1,1,1,1,1,1,1,1,1,1,1,1,1,1,1,1,1,1,1,1,1,1,1,1,1,1,1,1,1,1,1,1,1,1,1,1,1,1,1,1,1,1,1,1,1,1,1,1
127,17453,33,874,218,33,263,3,800,33,2099,3,2099,634,82,3,86,19,1760,17,3594,5,1019,1158,373,29,190,60,3,90,88,307,3,529,3,26,84,12,326,29,49,1223,17,34,1230,56,69,35,160,3,2209,170,34444,34,139,34445,1264,2318,14,114,590,13,372,88,308,5,31,190,427,744,139,391,60,1230 1,1,1,1,1,1,1,1,1,1,1,1,1,1,1,1,1,1,1,1,1,1,1,1,1,1,1,1,1,1,1,1,1,1,1,1,1,1,1,1,1,1,1,1,1,1,1,1,1,1,1,1,1,1,1,1,1,1,1,1,1,1,1,1,1,1,1,1,1,1,1,1,1,1
190,706,75,79 1,1,1,1
49,405,1760,575,13,118,2460 1,1,1,1,1,1,1
21,241,7,34446,503,17,40,2441 1,1,1,1,1,1,1,1
59,303,5,248,323,476,13,79,5,942,265,35,60,9,20,2224,3487,8,29,367,1019,419,35,646 1,1,1,1,1,1,1,1,1,1,1,1,1,1,1,1,1,1,1,1,1,1,1,1
2318,187,384,34,110,667,210,2302 1,1,1,1,1,1,1,1
183,3,753,10,52,299,984,3,6237,13,321,56,49,320,2533,15,65,17,40,34,2897,3733,56,724,2600,18,1081,3,144,588,82,34447,3,372,442,669,82,3,1119,1142,82,3,49,165,35,496 1,1,1,1,1,1,1,1,1,1,1,1,1,1,1,1,1,1,1,1,1,4,1,1,1,1,1,1,1,1,1,1,1,1,1,1,1,1,1,1,1,1,1,1,1,1
650,233,148,254,34448,56,122,64,10169,3,1326 1,1,1,1,1,1,1,1,1,1,1
12,34449,5,21,232,4757,13,201,29,16,95,126,24,19,3306,9,367,228,8,5,79 1,1,1,1,1,1,1,1,1,1,1,1,1,1,1,1,1,1,1,1,1
190,681,476,13,40,12,475,10,24,3306 1,1,1,1,1,1,1,1,1,1
17451,79 1,1
12,232,3983,600,34450,684,7139,1499,10,52,3385,51,21,1375,1627,19,140,5,197,60,148,3089,140,56,1499,155,56,91,10,15,78,364,720,56,3282,56,231,924,634,82,56,187,34451,474,3,1111,26,34452,29,66,3,34453,10,1046,2004,1385,295,7729,705,2401,9,59,8,3,592,2953,3,869,853,9,59,8,3,769,5994,3,392,625,3,888,2416,3,870,34454,9,83,8,7729,399,3529,3,22,1932,3,1077,1701,3,1506,3708,3,1388,2221,3,1938,2037,7729,1565,2059,9,83,8,3,1527,180,3,1566,382,3,1077,1701,7729,349,4209,3,734,9823,9,59,8,3,560,4047,3,333,7351,9,59,8,3,653,1137,3,786,5401,3,823,5111,3,536,5813,7729,795,12037,9,83,8,7729,34455,4414,257,36,259,3,11282,1173,257,58,259,99,34456,34457,873,36,8,34458,1158,373,13,1818,10,1012,19,241,6194,56,1623,1657 1,1,1,1,1,1,1,1,1,1,1,1,1,1,1,1,1,1,1,1,1,1,1,1,1,1,1,1,1,1,1,1,1,1,1,1,1,1,1,1,1,1,1,1,1,1,1,1,1,1,1,1,1,1,1,1,1,1,1,1,1,1,1,1,1,1,1,1,1,1,1,1,1,1,1,1,1,1,1,1,1,1,1,1,1,1,1,1,1,1,1,1,1,1,1,1,1,1,1,1,1,1,1,1,1,1,1,1,1,1,1,1,1,1,1,1,1,1,1,1,1,1,1,1,1,1,1,1,1,1,1,1,1,1,1,1,1,1,1,1,1,1,1,1,1,1,1,1,1,1,1,1,1,1,1,1,1,1,1,1,1,1,1,1,1,1,1,1,16,16,16,1,1,1,1,1,1,1,1,1,1,1,1,1,1,1,1
684,839,3,79 1,1,1,1
82,34459,14,7604,5,290,12,2878,5,79 1,1,1,1,1,1,1,1,1,1
237,166,10,4124,24,2433,8569,17,484,7322,408 1,1,1,1,1,1,1,1,1,1,1
2377,35,104,13,64,6953 1,1,1,1,1,1
58,8,3733,56,31,3297,10,353,75,14,31,11060,132,17,79 1,1,4,1,1,1,1,1,1,1,1,1,1,1,1
5,724,14,1107,24,140,115 1,1,1,1,1,1,1
242,1260,128,15867,5,79 1,1,1,1,1,1
14,2040,7,406,5,41,86,13,165,117,8,142,56,148,557,12,232,471,650,254,210,8,187,384,34,110,667,210,2302 1,1,1,1,1,1,1,1,1,1,1,7,1,1,1,1,1,1,1,1,1,1,1,1,1,1,1,1,1
183,56,144,187,384,1793,3,79 1,1,1,1,1,1,1,1
41,191,470,27,1033,65,290,10,241,1089 1,1,1,1,1,1,1,1,1,1
1260,49,1223,6392,1014,662,4160,2987 1,1,1,1,1,1,1,1
17,40,34,35,60,3022,7,320,2533,35,3021,432,284,13,118,252,157,56,301,2296,17,1223,1007,47,1491,9001,108,8,59,518,323,5,942,2224,681,265,367,419,3,86,13,79,35,104 1,1,1,1,1,1,1,1,1,1,1,1,1,1,1,11,1,1,1,1,1,1,1,1,1,1,1,1,1,1,1,1,1,1,1,1,1,1,1,1,1,1,1,1
2377,13,64,4319,35,104,12151,2110,134,147 1,1,1,1,1,1,1,1,1,1
1426,2939,4877,8484,3,5608 1,1,1,1,1,1
