67,54,4,36005,5624,1191,278,55,54,4,36006,414,4,7672,4834,542,4,17758,1066,594,4,297,404,17,278,4,71,3,2392,282,4,36007,428,13,11378,151,801,3124,5,256,2392,3,1082,3,1383,3,330,604,3,5,13,311,112,5,544,95,168,17,36008,4,208,36009,1225,36010,3,1102,4832,24,361,116,1196,12,1387,3,6338,2308,1730,3428,43,3182,297,264,3,13,929,42,3428,27,335,435,5,1716,42,3428,27,388,435 1,1,1,1,1,1,1,1,1,1,1,1,1,1,1,1,1,1,1,1,1,1,1,1,1,1,4,1,1,1,1,1,1,1,4,4,1,1,1,1,1,1,1,1,1,1,1,1,1,1,1,1,1,1,1,1,1,1,1,1,1,1,1,1,1,1,1,1,1,1,1,1,1,1,1,1,1,1,1,1,1,1,1,1,1,1,1,1,1,1,1,1,1,1,1,1,1
1219,3,18,38,68,19,818,39,5,21,68,19,165,159,3225,3,417,19,596,69,5,286,1668,10,960 1,1,1,1,1,1,1,1,1,1,1,1,8,1,1,1,1,1,8,1,1,1,8,8,8
139,24,168,1225,2333,3,18,20,469,188,19,596,66,1146,38,68,960,171,1034,276,329,348,945,69 1,1,1,1,1,1,1,1,1,1,1,8,1,1,1,1,8,1,1,1,1,17,1,1
865,20,4047,3,36011,3,312,95,92,21,68,5101,12,36012,5,4442,19,36013 16,16,16,16,16,16,16,16,16,16,16,16,16,16,16,16,16,16
19,24,99,112,10,122,271,12,71,1331,620,141,65,183,3,2392,20,845,232,179,97,300,26,375 1,1,1,1,1,1,1,1,4,1,1,1,1,1,1,1,1,1,1,1,1,1,1,1
2985,179,3,313,3,20,500,3,5,92,20,91,10,271,37,18,20,31,5137,3647,15,1315,1024,3,5,40,20,1520,1549,17,24 1,1,1,1,1,1,1,1,1,1,1,1,1,1,1,1,1,1,1,1,1,1,1,1,1,1,1,1,1,1,1
1427,3,5,12,922,10,170,1943,5,15,733,398,270,141,3,119,84,24,36014,10,596,1686,9855,69 1,1,1,1,1,1,1,1,1,1,4,4,4,4,1,1,1,1,1,1,8,8,1,1
24,374,71,698,158,1082,13,169,36015,3,1383,13,3603,3,604,13,855,837,5,1507,27,421,12,764,3,5,11,374,36016,76 1,1,1,1,1,1,1,1,1,1,1,1,1,1,1,1,1,1,1,1,1,1,1,1,1,1,1,1,1,1
2392,208,52,6,6729,7,500,2985,179,26,2376,3891,604,3,51,14,2209,3384 1,1,1,1,1,1,1,1,1,1,1,1,1,1,1,1,1,1
18,20,7652,10,6,2501,19,36017,139,46,58,65,7,300,3,375,3,5,2753 1,1,1,1,1,1,1,1,1,1,1,1,1,1,1,1,1,1,1
18,20,775,572,88,818,1959,12,6,230,3,5,20,162,17,355 1,1,1,1,1,1,1,1,1,1,1,1,1,1,1,1
19,36018,5,30,3,18,146,37,18,38,68,49,24,301,1686,165,3,215,189,69 1,1,1,1,1,1,1,1,1,1,1,1,1,1,1,8,1,1,1,1
366,38,68,1197,4794,3,233,6,85,4794,3,11,476,26,984 1,1,1,1,1,1,1,1,1,1,1,1,1,1,1
300,135,24,146,1196,1719,19,3291,744,36019,5,1344,2122,984 1,1,1,1,1,1,1,1,1,1,1,1,1,1
137,300,21,6223,3,51,291,34,828 1,1,1,1,1,1,1,1,1
1679,344,17,165,1315,1024 1,1,1,8,1,1
345,36020,19,168,13,1568,2548,7,125,37,976,1435,13,1959 1,1,1,1,1,1,1,1,1,1,1,1,1,1
674,4,36,8,151,9,66,36021,8,58,8,2392,117,8,1082,9,110,2430,1571,36022,8,210,8,1383,108,8,142,320,8,110,1487,539,8,110,7679,233,4,1223,254,4,36,8,165,1686,36023,9485,69,58,8,252,462,32,117,8,218,171,22,605,210,8,274,215,22,32,108,8,2176,141,22,36024,320,8,4427,515,32,539,8,950,672,69,615,8,3166,7800,32,929,8,815,171,22,32,141,8,1405,16951,305,996,8,2814,5172,69,625,8,913,1214,8,729,108,32,856,8,6430,558,8,348,501,32,1550,115,10,945,69,9,126,19,99,112,3,18,21,31,943,92,1702 1,1,1,1,4,1,1,1,1,1,1,1,1,1,1,1,1,1,1,1,1,1,1,1,1,1,7,1,1,1,1,1,1,1,1,1,1,1,1,1,1,1,8,8,8,8,8,1,1,11,1,1,1,1,13,1,1,1,1,1,9,1,1,1,1,1,1,1,1,1,1,1,1,1,1,1,1,1,1,1,1,1,1,1,1,1,1,1,1,1,1,1,1,1,1,1,1,1,1,1,1,1,1,28,1,1,20,1,1,1,1,1,1,1,17,1,1,1,1,1,1,1,1,1,1,1,1,1,1,1,1,1,1,1
1144,4,245,1272,12,36025,3,66,12652,3,848,12,7653 1,1,1,1,1,1,1,1,1,1,1,1,1
285,35,6979,27,5943,1022,4,573,3077,1875,3,661,1248,27,440,1273,3,1020,151,27,440,6920,16808,4,699,4,200,485,4,200,5066,4,200,102,77,4,701,4,292,8041,364,36026,148,36027,718,231,42,658,1921,4,11720,4482,3,17767,7075,207,4,328,197,3,3040,227,4,643,1104,683,3,9475,13,7251,136,4,332,3,576,223,17768,3,687,44 1,1,1,1,1,1,1,1,1,1,1,1,1,1,1,1,1,1,4,1,1,1,1,1,14,14,14,1,1,1,1,1,1,1,1,1,1,1,1,1,1,1,6,6,1,1,1,1,1,1,1,1,1,1,1,1,1,1,1,1,1,1,1,1,1,1,1,1,1,1,1,1,1,1,1,1,1,1,1,1
48,4,91,574,1910,4,17769,3801,13,4105,589,891,213 1,1,1,1,1,1,1,1,1,1,1,1,1
362,4,152,3,979,3,34,319,7,6068,10,77 1,1,1,1,1,1,1,1,1,1,1,1
1714,4,617,3,11,93,352,4,1493,532,4,17770,36028,17771,36029,36030,1284,12706,9,83,8,17748,9,83,8,36031,9,83,8,36032,9,83,8,6800,8752,6369,13054,7379,17770,17771,8608,16646,6697,4678,36033,9,83,8,36034,9,83,8,6400,36035,9,83,8,36036,9,83,8,36037,1579,1947,9,292,8,2444,7127,926,2073,9,83,8,580,1942,9,292,8,4168,2282,9,292,8,10201,10201,10201,10201,36038,36039,36040,36041,705,2152,1952,592,1853,2316,9,59,8,4617,9,83,8,869,2616,2229,9,59,8,769,36042,6913,392,1245,900,888,1492,1857,870,36043,9,83,8,12939,9,83,8,36044,9,83,8,399,3968,1179,3453,9,83,8,22,2044,4376,4,1207,4273,4594,702,737,9769,3703,9,83,8,9770,1294,9771,36045,13017,1469,9,59,8,1251,4,2585,1706,3606,91,2452,1508,2635,1508,2920,36046,9,83,8,2372,217,1838,1944,6106,1508,339,17661,13,500,179,317,645,151,5,374,604,3,1383,3,1082,5,2392,3,390,168,17,300,3,375,3,500,1335 1,1,1,1,1,1,1,1,1,1,1,1,1,1,1,1,16,16,16,16,16,16,16,16,16,16,16,16,16,16,16,16,16,1,1,1,1,1,1,1,1,1,1,1,1,1,1,1,1,1,1,1,1,1,1,1,1,1,1,1,1,1,1,1,1,1,1,1,1,1,1,1,1,1,1,1,1,1,1,1,1,1,1,1,1,1,1,1,1,1,1,1,1,1,1,1,1,1,1,1,1,1,1,1,1,1,1,1,1,1,1,1,1,1,1,1,1,1,1,1,1,1,1,1,1,1,1,1,1,1,1,1,1,1,1,1,1,1,1,1,1,1,1,1,1,1,1,1,1,1,1,1,1,1,1,1,1,1,1,1,1,1,1,1,1,1,1,1,1,1,1,1,1,1,1,1,1,1,1,1,1,1,1,1,1,1,1,1,1,4,4,4,1,1,1,1,1,1,1,1,1,1,1,1,1,1,1,1,1,1,1
514,10,52,4348,6652,19,168,13,2023,7,36047,13,1568,2548,7,3084,1435,976,1568,2548,10,141,13,1959,1272 1,1,1,1,1,1,1,1,1,1,1,1,1,1,1,1,1,1,1,1,1,1,1,1,1
291,34,368,52,3384 1,1,1,1,1
50,191,887,3107,37,40,14,372,166,1943,13,424,9790,10734,3,51,1154,158,381,326,695,9,34,14,2173,319,7,6068,10,77,5,753,14673,8,3,3748,76 1,1,1,1,1,1,1,1,1,1,1,1,1,1,1,1,1,1,1,1,1,1,1,1,1,1,1,1,1,1,1,1,1,1,1,1,1
13,44,1568,2548,3,50,3107,37,40,14,937,76,7,6,9790,3,51,381,326,695,14,464,15,284 1,1,1,1,1,1,1,1,1,1,1,1,1,1,1,1,1,1,1,1,1,1,1,1
420,4,36,8,2392,208,52,12,1678,290,10,500,2985,179,3,119,160,10,2941,476,2985,179,10,575,13,1730,6677 1,1,1,1,1,1,1,1,1,1,1,1,1,1,1,1,1,1,1,1,1,1,1,1,1,1,1
852,237,31,659,916,1640,165 1,1,1,1,1,1,8
126,596,5963,69,3,228,134,1198,1028,477,1198,3,46,4712,1197,12,1687,711,1921,894,998,669,3,1540,711,596,126 8,8,1,1,1,1,1,1,1,1,1,1,1,1,1,1,1,1,1,1,1,1,1,1,1,8,1
134,18,160,1687,27,15,2156,156,3,360,1317,1197,6682,27,36048,1291,13,1909,26,1909,27,7195,156,14,160 1,1,1,1,1,1,1,1,1,1,1,1,1,1,1,1,1,1,1,1,1,1,1,1,1
1159,86,1315,1024,165,1750,186,1198,3,4147,5,276,186,724,3,51,84,5383,10,8259,2446,35,96,4,2945,1921,601,850,3,519,189,29,12600,210,189,29,7705,320,189,29,10168,615,189,29,12601,141,189,3,442,4256,625,189 1,1,1,1,8,1,1,1,1,1,1,1,1,1,1,1,1,1,1,1,1,1,1,1,1,1,1,1,1,1,1,1,1,1,1,1,1,1,1,1,1,1,1,1,1,1,1,1,1,1,1,1
1830,126,12425,165,9,91,659,477,1198,8,7,5880,145,17280,5,8899 1,1,1,8,1,1,1,1,1,1,1,8,8,1,1,1
659,134,1198,26,25,1278,500 1,1,1,1,1,1,1
18,41,160,1435,10769,66,40,802,711,724 1,1,1,1,1,1,1,1,1,1
2231,11,348,17,132,138,361,1896 1,1,17,1,1,1,1,1
58,8,740,13,174,340,17,2392,35,18,38,68,19,35,62,1201,3,158,1405,3,2176,3,2814,167,3,6430,3,3166,3,950 1,1,1,1,1,1,1,1,1,1,1,1,1,1,1,1,1,1,1,1,1,1,1,1,1,1,1,1,1,1
117,8,17,36049,1593,7,500,3478,10,9790,360,550,1347,15,4461,444,5,144,554,1084 1,1,1,1,1,1,1,1,1,1,1,1,1,1,1,1,1,1,1,1
838,5,8324,77,143,44,2082,40,87,3,51,40,109,31,2955,381,326,695 1,1,1,1,1,1,1,1,1,1,1,1,1,1,1,1,1,1
264,7,4292,237,52,509,1531,26,241,1531,7,291,884 1,1,1,1,1,1,1,1,1,1,1,1,1
50,191,31,704,40,14,4032,27,40,802,3,51,937,381,326,546,557,19,6,1154 1,1,1,1,1,1,1,1,1,1,1,1,1,1,1,1,1,1,1,1
210,8,13,17769,3801,5,1267,3,237,144,972,3,693,40,14,2586,1338,290,10,8022,5,36050,922 1,1,1,1,1,1,1,1,1,1,1,1,1,1,1,1,1,1,1,1,1,1,1
941,360,17,6,278 1,1,1,1,1
119,41,96,13,360 1,1,1,1,1
395,454,13,88,664 1,1,1,1,1
41,1933,12,272 1,1,1,1
5028,1194,36051,3,229,3,2055,710,47,36052 1,1,1,1,1,1,1,1,1,1
