67,54,4,35969,361,1191,278,55,79,4,4834,3,7672,542,4,17758,54,7,55,4,35970,27,35971,404,17,278,4,300,5,2120,34,510,229,4,64,2474,4,10062,13,151,110,95,1487,17,300,425,13,553,3803,282,4,79,13,151,61,13,320,113,7,1473,3,1783,19,17759,186,18,38,3008,3032,3,286,291,34 1,1,1,1,1,1,1,1,1,1,1,1,1,1,1,1,1,1,1,1,1,1,1,1,1,1,1,1,1,1,1,1,1,1,1,1,1,1,1,4,1,1,1,1,1,1,1,1,1,1,1,1,1,4,1,1,1,1,1,1,1,1,1,1,1,1,1,1,1,1,1,1,1
20,221,12,230,27,1779,5,781,163 1,1,1,1,1,1,1,1,1
18,86,10,375,3,1031,10,1033,124,834,18,1216,17,15,113,3,5,38,15,1487 1,1,1,1,1,1,1,1,1,1,1,1,1,1,1,1,1,1,1,1
18,537,476,27,163,17,210,65,139,261,3,51,38,553,375,3,188,10,230,3,162,465,5,261,139,15,35972,1216 1,1,1,1,1,1,1,1,1,1,1,1,1,1,1,1,1,1,1,1,1,1,1,1,1,1,1,1
18,132,468,10,2501,139,939,255,7,3032,1023 1,1,1,1,1,1,1,1,1,1,1
79,146,855,8123,34,3,75,627,70,397,15,5324,7,3032,3,286,583,467,139,6,3032 1,1,1,1,1,1,1,1,1,1,1,1,1,1,1,1,1,1,1,1,1
34,109,31,584,29,79,31,449,10,3621,1206,3,2630,3,26,3847,7,6,34 1,1,1,1,1,1,1,1,1,1,1,1,1,1,1,1,1,1,1
11,1375,4757,1226,34,5,25,1278 1,1,1,1,1,1,1,1
12,1226,255,7,375,3,18,190,118,1432,7,6318,12,24,1431,37,18,21,10,15395,319 1,1,1,1,1,1,1,1,1,1,1,1,1,1,1,1,1,1,1,1,1
90,88,1654,26,4287 1,1,1,1,1
11,1366,26,2841 1,1,1,1
38,38,648,3,75,538,13,9115,3,312,95,46,58,35973 1,1,1,1,1,1,1,1,1,1,1,1,1,1
18,109,31,1773,6,1168,27,1779,51,704,18,208,46,38,2211,5,838,1803,3,75,18,146,242,31,111,88,448 1,1,1,1,1,1,1,1,1,1,1,1,1,1,1,1,1,1,1,1,1,1,1,1,1,1,1
579,4,11,249,26,421,970 1,1,1,1,1,1,1
11,4287,26,1654 1,1,1,1
11,277 1,1
11,529,3,307,3,634,93 1,1,1,1,1,1,1
1059,20,232,5,11,140,84,397,17759,29,159,286,3,18,14,4684,10,724,5,21,1261,140,5,190,323,674,151,142,110,1487,19,35974,11,2676,26,1543,10,2676,254,137,1088,2176,1405,950,252,233,4,1223,361,1896 1,1,1,1,1,1,1,1,1,1,1,1,1,1,1,1,1,1,1,1,1,1,1,1,1,1,4,7,1,1,1,1,1,1,1,1,1,1,1,1,13,1,1,1,11,1,1,1,1,1
2795,4,245,1272,485,4,200,699,4,636,357,4,636,2555,4,11,361,1759,26,17760,545,7347,35975,1914,581,853,42,19,658,207,4,5723,428,3,2280,3,12,128,342,12,6,11172,7,375,3008,3030,196,4,11,2432,29,11,277,227,4,703,1042,48,4,751,100,574,103,4,455,3,409,304,78,310,362,4,152,3,280,3,31,1747,3,131,717,246,97,1641,26,1482,3,1012,3350,31,777,3,232,588,779,4,1493,29,79,12,11172,7,375,29,230,385,242,779,77,1023,111,409,5402,5062,1256,5,5126,6939,554,114,4,11,330,93,352,4,980,5,410,5,999,149,4,35976,35977,456,9,578,149,8,2401,59,9,1305,8,351,663,9,578,149,8,2628,59,9,1276,8,351,835,9,578,149,8,2616,9,1310,8,351,769,9,578,149,8,4806,9,1450,8,351,392,9,578,149,8,680,9,1311,8,219,347,9,578,149,8,1774,9,1601,8,219,345,9,578,149,8,12512,83,9,1359,8,219,17761,15593,486,961,3358,9,2602,8,654,1461,2078,9,2464,8,654,2013,1888,83,9,2385,8,654,496,1131,1389,9,2386,8,219,486,1131,1160,9,2995,8,219,1981,1982,1273,9,3589,8,721,2509,625,9,3696,8,721,2083,2421,83,9,3378,8,3590,1941,3116,83,9,3591,8,3592,2423,558,9,3965,8,721,17761,35978,349,6359,9,1312,8,524,333,14658,9,2437,8,42,560,5179,9,2531,8,1451,734,35979,9,2615,8,1785,536,1142,9,1589,8,1381,653,2054,9,1360,8,1227,786,5994,9,1479,8,1588,823,5111,9,1480,8,654,795,3528,9,1424,8,42,1542,1973,9,1739,8,42,577,2021,9,1786,8,42,847,210,9,1740,8,42,830,36,9,1832,8,42,864,36,9,1691,8,42,362,241,4,6,1012,3,3033,3,3333,3,2691,3026,5,861,57,569,19,40,17705,3374,74,14,2181,7,6,2968,895,97,241,202,7,2759 1,1,1,1,1,1,1,14,14,14,1,1,1,1,1,1,1,1,1,1,1,1,1,1,1,1,1,1,1,1,1,1,1,1,1,1,1,1,1,1,1,1,1,1,1,1,1,1,1,1,1,1,1,1,1,1,1,1,1,1,1,1,1,1,1,1,1,1,1,1,1,1,1,1,23,1,1,1,1,1,1,1,1,1,1,1,1,1,1,1,1,1,1,1,1,1,1,1,1,1,1,1,1,1,1,1,1,1,1,1,1,1,1,1,1,1,1,1,1,1,1,1,1,1,1,1,1,1,1,1,1,1,1,1,1,1,1,1,1,1,1,1,1,1,1,1,1,1,1,1,1,1,1,1,1,1,1,1,1,1,1,1,1,1,1,1,1,1,1,1,1,1,1,1,1,1,1,1,1,1,1,1,1,1,1,1,1,1,1,1,1,1,1,1,1,1,1,1,1,1,1,1,1,1,1,1,1,1,1,1,1,1,1,1,1,1,1,1,1,1,1,1,1,1,1,1,1,1,1,1,1,1,1,1,1,1,1,1,1,1,1,1,1,1,1,1,1,1,1,1,1,1,1,1,1,1,1,1,1,1,1,1,1,1,1,1,1,1,1,1,1,1,1,1,1,1,1,1,1,1,1,1,1,1,1,1,1,1,1,1,1,1,1,1,1,1,1,1,1,1,1,1,1,1,1,1,1,1,1,1,1,1,1,1,1,1,1,1,1,1,1,1,1,1,1,1,1,1,1,1,1,1,1,1,1,1,1,1,1,1,1,1,1,1,1,1,1,1,1,1,1,1,1,1,1,1,1,1,1,1,1,1,1,1,1,1,1,1,1,1,1,1,1,1,1,1,1,1,1,1,1,1,1,1,1,1,1,1,1,1,1,1,1,1,1
74,14,11,202,7,326,756 1,1,1,1,1,1,1
74,14,15,1076,7,3347,5953,722,1390,766 1,1,1,1,1,1,1,1,1,1
11,173,2542,3548,84 1,1,1,1,1
74,14,664,1390,7,6,1730,5,637,5366,766,75,208,284,52,290,10,845,1453 1,1,1,1,1,1,1,1,1,1,1,1,1,1,1,1,1,1,1
74,14,11,202,7,770,737 1,1,1,1,1,1,1
74,14,11,4622,3,6222,26,1726,908 1,1,1,1,1,1,1,1,1
873,4,10062,13,151,13,1062,113,7,553,3008,3032,5,8123,34,97,291,1453,26,4396,26,241,205,7,756 1,1,1,1,4,1,1,1,1,1,1,1,1,1,1,1,1,1,1,1,1,1,1,1,1
664,7,6588,1390,5,1730,1390,9,51,208,197,37,1767,344,290,10,35980,8 1,1,1,1,1,1,1,1,1,1,1,1,1,1,1,1,1,1
35,135,79,3,18,21,38,2211,5,838,27,1779,1803 1,1,1,1,1,1,1,1,1,1,1,1,1
237,508,564,67,66,35981,124,671,397,1771,641,390,2351,425 1,1,1,1,1,1,1,1,1,1,1,1,1,1
1168,208,10871,1730,3428,570,10,192,17,2392,3,2211,5,838,10,172,17,1759,26,17760,3,1329,689,10,1593,3206,1178 1,1,1,1,1,1,1,1,1,1,1,1,1,1,1,1,1,1,1,1,1,1,1,1,1,1,1
368,86,10,527,2176,515,115,10,892 1,1,1,1,1,1,1,1,1
41,1933,13,64,4212,10158,525,89 1,1,1,1,1,1,1,1
35982,17762,35983,3,107 1,1,1,1,1
