67,54,4,36231,28,414,4,191,3,6433,3083,29,542,4,17790,533,19,4,36232,43,17792,12090,3,107 1,1,1,1,1,1,1,1,1,1,1,1,1,1,1,1,1,1,1,1,1,1,1,1
629,6433,3083,191,14,62,15434,3092,696,428,13,14951,3,3094,3,6245,3910,1013,37,20,801,12,2965,3,317,645,9546,71,324,3,354,765,12,24,248,3,330,604,3,841,314,12,24,53,1040,3,70,486,657,4478,164,12,2380,3,70,486,384,4478,164,12,2333,3,53,486,384,4478,164,12,2723,3,15,1365,3399,582,12,5895,5,465,12,9911,3,15,2968,895,1300,12,3614,3,1266,5,2267,858,24,70,322,12,1519,6972,3,15,1416,4569,66,24,70,412,12,5534,3,15,1416,4569,66,24,53,412,12,3614,3,15,1563,937,1648,12,1225,4976,3,5,1266,858,24,248,12,8778,18,369,10,122,271,12,3710,513,27,3710,3,40,495 1,1,1,1,1,1,1,1,1,1,1,1,1,1,1,1,1,1,1,1,1,1,1,1,4,4,4,4,4,1,1,1,1,1,1,1,1,1,1,1,1,1,1,1,1,1,1,1,1,1,1,1,1,1,1,1,1,1,1,1,1,1,1,1,1,1,1,1,1,1,1,1,1,1,1,1,1,1,1,1,1,1,1,1,1,1,1,1,1,1,1,1,1,1,1,1,1,1,1,1,1,1,1,1,1,1,1,1,1,1,1,1,1,1,1,1,1,1,1,1,1,1,1,1,1,1,1,1,1,1,1,1,1,1,1,1,1,1,1,1,1,1,1,1,1,1,1
629,191,21,86,10,49,706,108,22,43,1431,956,105,3,2273,669,22,43,1431,956,105,3,5,4746,5025,22,43,1431,113,3,13,232,179,7,24,618,34,3,474,3,5,2157 1,1,1,1,1,1,1,1,1,1,1,1,1,1,1,1,1,1,1,1,1,1,1,1,1,1,1,1,1,1,1,1,1,1,1,1,1,1,1,1,1,1
18,86,10,46,535,8551,3048,13,24,70,666,3,894,3048,37,57,2066,12,37,666 1,1,1,1,1,1,1,1,1,1,1,1,1,1,1,1,1,1,1,1
18,98,2233,837,12,24,70,3460,5,1103,951 1,1,1,1,1,1,1,1,1,1,1
18,2034,15,36233,427,6439,19,24,70,1788,17,116,37,18,11322,10,70,2538,2017,771 1,1,1,1,1,1,1,1,1,1,1,1,1,1,1,1,1,1,1,1
18,21,5612,31,10,1410,591,516,7,24,70,2835,604,3,139,278,13,64,17793,2698,11002,7,6,666,164,594,27,8345 1,1,1,1,1,1,1,1,1,1,1,1,1,1,1,1,1,1,1,1,1,1,1,1,1,1,1,1
18,21,1204,4082,516,7,24,34,19,9469,231,267,45,943,43,1431,711,105 1,1,1,1,1,1,1,1,1,1,1,1,1,1,1,1,1,1
18,21,86,10,572,4746,340,97,116,7,173,2872 1,1,1,1,1,1,1,1,1,1,1,1
18,21,31,1204,196,277,3,249,3,459,3,1371,12,24,1653,26,1431,3,3277,314,3,263,3,226,7,184,3,300,3,375,3,26,446 1,1,1,1,1,1,1,1,1,1,1,1,1,1,1,1,1,1,1,1,1,1,1,1,1,1,1,1,1,1,1,1,1
18,21,86,10,572,706,340,97,2762,116,174,306,17,11611,7,24,196,5,2927,11186 1,1,1,1,1,1,1,1,1,1,1,1,1,1,1,1,1,1,1,1
18,1204,265,12,24,194,188,453,96,62,2853,4079,1050,10,24,194,188,19,3909,3572,3,12660,18,14,503,10,370,1033,2853,4079,1050,10,24,194,188,19,1374,4426,3,12660,18,21,128,535,1777,2317,3,299,12,5,319,7,859,3,2839,15,296,3281,26,2361,10,24,1431,3,5869,5,683,24,2184,1768,3,3945,467,10,4997,115,7169,66,6,1109,3,5,3249,145,36234,19,5,650 1,1,1,1,1,1,1,1,1,1,1,1,1,1,1,1,1,1,1,1,1,1,1,1,1,1,1,1,1,1,1,1,1,1,1,1,1,1,1,1,1,1,1,1,1,1,1,1,1,1,1,1,1,1,1,1,1,1,1,1,1,1,1,1,1,1,1,1,1,1,1,1,1,1,1,1,1,1,1,1,1,1,1,1,1,1,1,1
18,21,681,535,321,11527,19,917,3334,5,299,12,5,319,7,62,36235 1,1,1,1,1,1,1,1,1,1,1,1,1,1,1,1,1
18,14,775,10,321,267,2331,26,1784,12,7175,26,10118,10,24,166 1,1,1,1,1,1,1,1,1,1,1,1,1,1,1,1
9,36236,1139,2334,8,18,21,681,535,299,15,232,421,82,391,5,18,21,128,535,4875,13,190,7,958,5,363 1,1,1,1,1,1,1,1,1,1,1,1,1,1,1,1,1,1,1,1,1,1,1,1,1,1,1
18,14,2157,783,6,65,5,2233,170,34,5,170,590 1,1,1,1,1,1,1,1,1,1,1,1,1
39,1126,9,2158,8,846,45,49,58,45,9,73,8,25,69,1570,478,1314,45,49,36,45,9,73,8,25,32,252,9,947,478,8,1026,45,49,36,45,9,73,8,25,32,1253,9,906,8,36,568,25,32,13887,1012,2862,36,36237,25,69,512,329,487,9,501,3069 1,1,1,1,1,1,1,1,1,1,1,1,1,1,1,1,1,1,1,1,1,1,1,1,1,1,1,11,1,1,1,1,1,1,1,1,1,1,1,1,1,1,1,1,1,1,1,1,1,1,1,1,1,1,1,1,1,1,1,1,1,1,1
399,8,9,512,1072,3605,22,9,846,3069,399,8,816,1628,487,2217,3325,8,36,298,25,69,6228,9,6949,6784,8,669,1337,521,909,174,113,4746,9,4998 1,1,1,1,1,1,1,1,1,1,1,1,1,1,1,1,1,1,1,1,1,1,1,1,1,1,1,1,1,1,1,1,1,1,1,1
8,5025,22,9,2010,45,49,539,8,25,2634,706,647,45,49,36,45,9,73,8,25,69,809,9,348,8,846,45,49,58,45,9,73,8,25,69,17787,9,9671,36238,8,647,45,49,829,25,32,2125,9,4052,8,3326,45,49,36,45,9,73,8,25,2634,2273,9,5933,8,2022,568,49,36,568,9,73,8,25,69,423,9,1406,8,447,22,25,32,218,515,45,49,36,45,9,73,8,25,32,9387,3714,9,7307,3714,8,36,1681,9,36239,818,5693,49,141,1633,8,25,892,9035,9,7216,8,3473,568,49,1014,25,276,167,1820,127,4,1846,21,646,1583,1896 1,1,1,1,1,1,1,1,1,1,1,1,1,1,1,1,1,1,1,1,1,1,17,1,1,1,1,1,1,1,1,1,1,1,1,1,9,1,1,1,1,1,1,1,1,1,1,1,1,1,1,1,1,1,1,1,1,1,1,1,1,1,1,1,1,1,1,1,1,1,1,1,1,1,1,26,1,1,1,1,1,1,1,13,1,1,1,1,1,1,1,1,1,1,1,1,1,1,1,1,1,1,1,1,1,1,1,1,1,1,1,1,1,1,1,1,1,1,1,1,1,1,1,1,1,1,1,1,1,1,1
1720,21,646,300,5,36240,375 1,1,1,1,1,1,1
102,101,4,316,205,148,16435,3,364,1217,3,716,680,3,1207,4787,719,3,655,3421,948,629,191,20,15,244,787,3,36241,696,428,12,128,342,290,10,34 1,1,1,1,1,6,6,1,1,1,1,1,1,1,1,1,1,1,1,1,1,1,1,1,1,1,1,1,1,1,1,1,1,1,1,1,1
24,196,20,639,17,5152,19,24,114 1,1,1,1,1,1,1,1,1
74,20,15,1064,196,466,19,24,53,194,248 1,1,1,1,1,1,1,1,1,1,1
2554,1039,143,61,225,6,525,1385,7,24,70,657,5,225,6,574,1385,7,1231,384 1,1,1,1,1,1,1,1,1,1,1,1,1,1,1,1,1,1,1,1
74,143,11,196,277 1,1,1,1,1
2783,635,3,543,13,3910,635,3,143,61,225,6,3423,2368,7,394,2150 1,1,1,1,1,1,1,1,1,1,1,1,1,1,1,1,1
24,155,143,91,10,463 1,1,1,1,1,1
24,103,101,275,44,671,5,896,130,327,97,213,26,3665,327 1,1,1,1,1,1,1,1,1,1,1,1,1,1,1
24,1058,101,20,639,17,34,748,4096,5,1558,2378,7,24,53,489 1,1,1,1,1,1,1,1,1,1,1,1,1,1,1,1
74,20,2835,2549,7,6,951,7,24,70,666 1,1,1,1,1,1,1,1,1,1,1
74,20,15,36242,1966,7,24,53,3460,951 1,1,1,1,1,1,1,1,1,1
100,16896,36243,1966,5,36244,415,1966,143,61,19,394,764 1,1,1,1,1,1,1,1,1,1,1,1,1
74,20,296,7085,759,7,233,381,5,742,618,12,394,303,5,248,97,202,7,618,2956,26,7,174,173,618,1966 1,1,1,1,1,1,1,1,1,1,1,1,1,1,1,1,1,1,1,1,1,1,1,1,1,1,1
24,273,101,20,639,17,377,511,10,691,1008,12,6,1950,7,24,70,2835,1093,3,51,20,376,44 1,1,1,1,1,1,1,1,1,1,1,1,1,1,1,1,1,1,1,1,1,1,1,1
24,273,101,20,44,13,44,944,161,3,44,400,7,1411,1093,645,868,2005,3,44,762,628,5,1256,12,394,303,5,248,3,204,511,10,691,1008,783,3,44,2297,3,5,675,1672,2481,1056,13,2439,1683,1056,100 1,1,1,1,1,1,1,1,1,1,1,1,1,1,1,1,1,1,1,1,1,1,1,1,1,1,1,1,1,1,1,1,1,1,1,1,1,1,1,1,1,1,1,1,1,1,1,1,1,1
457,532,4,50,81,6,457,532,12,6,1960,13,629,191 1,1,1,1,1,1,1,1,1,1,1,1,1,1
264,582,27,8345,19,3909,6065,3,8732,3,275,2007,1352,8753,3,3515,4196,5787,3,15,703,1425,3,3218,14451,13,15,8272,1780,7,36245,3,3910,709,4671,36246,3,5,5433,17352,3483,3695,189 1,1,1,1,1,1,1,1,1,1,1,1,1,1,1,1,1,1,1,1,1,1,1,1,1,1,1,1,1,1,1,1,1,1,1,1,1,1,1,1,1,1,1
339,4,176,3094,3,6245,3910,1013,159,2965,3,97,202,7,4811,19,706,108,22,337 1,1,1,1,1,1,1,1,1,1,1,1,1,1,1,1,1,1,1,1
1047,3,2273,669,22,337 1,1,1,1,1,1
1047,3,5,4746,5025,22,337 1,1,1,1,1,1,1
113 1
18,86,10,52,372,406,43,24,70,666,1029,5,70,2835,604,3,51,21,5612,10,343,40,3117 1,1,1,1,1,1,1,1,1,1,1,1,1,1,1,1,1,1,1,1,1,1,1
178,266,188,34,3,343,13,2853,4079,1050,19,3909,3572,3,8732 1,1,1,1,1,1,1,1,1,1,1,1,1,1,1
195,317,645,9546,71,324 1,4,4,4,4,4
253,354,765,12,24,248 1,1,1,1,1,1
346,330,604 1,1,1
460,841,314,12,24,53,1040 1,1,1,1,1,1,1
652,70,486,657,4478,164,12,2380 1,1,1,1,1,1,1,1
833,70,486,384,4478,164,12,2333 1,1,1,1,1,1,1,1
1079,53,486,384,4478,164,12,2723 1,1,1,1,1,1,1,1
1477,1365,3399,582,12,5895,5,465,12,9911 1,1,1,1,1,1,1,1,1,1
1708,2968,895,1300,12,3614 1,1,1,1,1,1
2001,1266,5,2267,858,24,70,322,12,1519,6972 1,1,1,1,1,1,1,1,1,1,1
2218,1416,4569,66,24,70,412,12,5534 1,1,1,1,1,1,1,1,1
2434,1416,4569,66,24,53,412,12,3614 1,1,1,1,1,1,1,1,1
2520,1563,937,1648,12,1225,4976 1,1,1,1,1,1,1
3201,1266,858,24,248,12,8778,420,4,50,235,808,339,13,629,191 1,1,1,1,1,1,1,1,1,1,1,1,1,1,1,1
50,508,37,18,118,24,1206,7,9469,231,228,10,58,45,943,43,1431,909,320,552,3,35,160,17,34,179 1,1,1,1,1,1,1,1,1,1,1,1,1,1,1,1,1,1,1,1,1,1,1,1,1,1
18,41,14302,15,1126,228,3,186,18,49,4861,36247 1,1,1,1,1,1,1,1,1,1,1,1
18,41,86,49,24,174,39,27,2374,61,228 1,1,1,1,1,1,1,1,1,1,1
457,264,41,52,582,89,10,192,24,836,3,349,1154,785,3,430,347,3,2680,3,2532,3,1998,1461,3,2007,3,5,3515 1,1,1,1,1,1,1,1,1,1,1,1,1,1,1,1,1,1,1,1,1,1,1,1,1,1,1,1,1
629,191,41,369,10,122,271,19,1387,996,3,8732,3,27,36248,1532,3,470,37,50,208,192,24,922,10,86,516,5,810,88,1936,84,12,340 1,1,1,1,1,1,1,1,1,1,1,1,1,1,1,1,1,1,1,1,1,1,1,1,1,1,1,1,1,1,1,1,1,1
1426,17792,12090,3,107 1,1,1,1,1
426,4,12659,1830,1414,3,107 1,1,1,1,1,1,1
17793,2698,11002,3,107 1,1,1,1,1
4487,2817,5772,3,107 1,1,1,1,1
629,6433,3083,191,1232,8982,609,14430,3,2106,36249,36250,36251,36252,36253 1,1,1,1,1,1,1,1,1,1,1,1,1,1,1
