67,54,4,36190,17781,318,1141,112,191,3,6433,1637,17782,112,54,4,36191,40,28,20,1187,5,101,43,2503,3,64,12658,3,35,60,35,64,2815,3,19,208,3572,3,36192,395,122,55,17,296,402,3,81,12,296 1,1,1,1,1,1,1,1,1,1,1,1,1,1,1,1,1,1,1,1,1,1,1,1,1,1,1,1,1,1,1,1,1,1,1,1,1,1,1,1,1,1,1,1,1,1,1,1,1,1
61,234,4,248,474,5,34 1,1,1,1,1,1,1
30,7,61,234,4,40,14,15,3794,522,121,14,19,209,706,17,3910,1013,3,121,468,12,13,53,248,474,5,34,530,19,17,267,65,3,5,18,20,781,12,17,172 1,1,1,1,1,1,1,1,1,1,1,1,1,1,1,1,1,1,1,1,1,1,1,1,1,1,1,1,1,1,1,1,1,1,1,1,1,1,1,1,1
74,21,68,11,84,12,471,7,759 1,1,1,1,1,1,1,1,1
18,21,68,449,10,1127,3,51,13,535,5,6857 1,1,1,1,1,1,1,1,1,1,1,1
80,39,30,4,18,109,46,15,30,7,5449,3366,411,7,6,70,518 1,1,1,1,1,1,1,1,1,1,1,1,1,1,1,1,1
18,98,21,5604,71,3,6316,5,604 1,1,1,4,4,1,1,1,1
18,14,161,315,311,618,1605 1,1,1,1,1,1,1
206,30,5,150,30,4,11,699,26,485 1,1,1,1,1,1,14,14,1,1
18,245,1272 1,1,1
150,30,14,2101 1,1,1,1
395,122,6,385,82,55,17,6,427,7,6,402 1,1,1,1,1,1,1,1,1,1,1,1
102,101,4,207,4,980,3,410,3,244,787,522,12,11,758,342 1,1,1,1,1,1,1,1,1,1,1,1,1,1,1,1
316,205,4,24,807,14,8320,24,44,807,14,223,36193,18,14,31,2254 1,1,1,1,1,1,1,1,1,1,1,1,1,1,1,1,1
114,4,24,77,14,639,17,128,14581,10,6,196,3,128,1111,5,128,474 1,1,1,1,1,1,1,1,1,1,1,1,1,1,1,1,1,1
443,8815,204 1,1,1
296,471,7,759,7,24,384,5,595,270,5,998,6,548,27,24,472 1,1,1,1,1,1,1,1,1,1,1,1,1,1,1,1,1
18,109,46,15,486,384,938,19,37,518 1,1,1,1,1,1,1,1,1,1
603,505,4,1266 1,1,1,1
566,9,158,534,748,261,8,4,119,57,479,37,18,208,46,15,971 1,1,1,1,1,1,1,1,1,1,1,1,1,1,1,1,1
119,57,530,10,162,24,10,1025,1642,189,10,745,24,907 1,1,1,1,1,1,1,1,1,1,1,1,1,1
119,41,235,24,1401,13,64,6974,3,24,747,198,331,3,5,166,261,24,12,6,495,13,265,35,916,35,18,109,31,46,15,971 1,1,1,1,1,1,1,1,1,1,1,1,1,1,1,1,1,1,1,1,1,1,1,1,1,1,1,1,1,1,1,1
134,18,21,15,971,119,41,1457,19,2783,6072,10,24,39,389 1,1,1,1,1,1,1,1,1,1,1,1,1,1,1
6,28,14,137,12,2275,534 1,1,1,1,1,1,1
1218,36194,5909,1028,12658,3,107 1,1,1,1,1,1,1
17785,36195,36196,533,43,4,5909,1028,12658,3,107 1,1,1,1,1,1,1,1,1,1,1
17785,250,31,81,43,262,331,250 1,1,1,1,1,1,1,1
