67,54,4,13551,404,17,112,96,115,671,112,12,225,108,129 1,1,1,1,1,1,1,1,1,1,1,1,1,1,1
38,1373,27,285,3,2304,5,1571,70,16066,38,164,5,132,41,46,10,46,489,938,43,64,5472 1,1,1,1,1,1,1,1,1,1,1,1,1,1,1,1,1,1,1,1,1,1,1
1031,868,977,5,21,68,245,13,24,723,12,36262,24,2998,14,52,2799,115,51,166,18,41,1170,517,7,483,13,36263,36264,17,1789,1422 1,1,1,1,1,1,1,1,1,1,1,1,1,1,1,1,1,1,1,1,1,1,1,1,1,1,1,1,1,1,1,1
11,34,483,3,464,21,16365,49,2114,5,950,69 1,1,1,1,1,1,1,1,1,1,1,1
14,479,223,7275,36265,650,2436,51,14,262,705,2784,5,1081,10,299,7,2373,5,36266,166,10,527,930 1,1,1,1,1,1,1,1,1,1,1,1,1,1,1,1,1,1,1,1,1,1,1,1
588,57,15710,19,581,189,165,69,5,21,68,527,10,1516,36267,433,36268 1,1,1,1,1,1,8,1,1,1,1,1,1,1,1,1,1
41,46,3319,19,13354,517,7,837,70,666,5,479,223,3175,1093 1,1,1,1,1,1,1,1,1,1,1,1,1,1,1
41,98,46,3374,18,21,1507,53,2004,951,33,1260,3319,7,37,666,1520 1,1,1,1,1,1,1,1,1,1,1,1,1,1,1,1,1
160,36269,160,10,299,3364,66,5867,12661 1,1,1,1,1,1,1,1,1
207,191,60 1,1,1
157,4521 1,1
81,254 1,1
160,301,1571 1,1,1
588,36270,3,11,36271,39,2124,1895,1491,22,69,1884,1686,17570,69,2373,36272,41,488,218,515,32,56,4084,46,68,365,1253,252,462,22,32,36273,378,32,1628,872,2256,32,610,672,32,289,36274,11,1810,49,4521,127,1545,80,39,30,2804,4,17795,17796,17797,3,11,2866,150,30,1169,5088,17798,723,3,3867,872,11,1022,7,895,373,3,567,373,206,30,238,4,115,10,955,1333,19,3416,485,4,1119,357,4,36275,56,704,223,488,517,92,646,118,12,1059,2352,1229,4,200,3841,254,4,200,353,4,36276,288,4,321,3834,4,705,2455,4,160,1590,1902,285,4,36277,6307,2159,4,17799,3,31,2159,308,4592,4035,4,12,80,2198,3495,157,4,2633,12086,4,2633,245,17800,198,3798,8516,81,7,182,207,4,655,1261,4655,842,159,208,412,4,1752,36278,40,2058,2802,4,11,338,923,3,196,4,11,277,4166,4,11,263,3,307,3,1181,3,1753,644,4,11,529,3,418,3,93,3,739,3,760,361,4,11,300,3,375,3,2161,3,446,3,648,3,1366,3,2841,567,4,1402,56,160,1309,4,11,796,3,1235 1,1,1,1,1,1,1,20,1,1,1,8,8,1,1,1,1,1,1,13,1,1,1,1,1,1,1,1,11,1,1,1,12,1,1,1,1,1,1,9,1,1,1,1,1,1,1,1,1,1,1,1,1,1,1,1,1,1,1,1,1,1,1,1,1,1,1,1,1,1,1,1,1,1,1,1,1,1,1,1,18,18,18,18,18,18,18,18,1,1,1,1,1,1,1,1,1,1,1,1,1,1,1,1,1,1,1,1,1,1,1,1,1,1,1,1,1,1,1,1,1,1,1,1,1,1,1,1,1,1,1,1,1,1,1,1,1,1,1,1,1,1,1,1,1,1,1,1,1,1,1,1,1,1,1,1,1,1,1,1,1,1,1,1,1,1,1,1,1,1,1,1,1,1,1,1,1,1,1,1,1,1,1,1,1,1,1,1,1,1,1,1,1,1,1,1,1,1,1,1,1,1,1,1,1,1,1,1,1,1,1,1,1,1,1,1,1,1,1,1,1,1,1,1,1,1,1,1,1,1,1
5613,4,1761,3970,8177,4,705,1010,4,11,1013,26,618,34,352,4,11,616,3,611,4518,4,11,363,233,174,182,143,81,5,57,72,316,205,63,94,13078,133,1273,140,3511,948,102,77,981,60 1,1,1,1,1,1,1,1,1,1,1,1,1,1,1,1,1,1,1,1,1,1,1,1,1,1,1,1,1,1,1,1,1,1,6,6,6,1,1,1,1,1,1,1,1,1
109,31,5154,7,238,655,2878,4655,842,148,9215,53,303,742,2496,43,271,155,91,130,1270,11,213,11,93,192,176,12366,33,791,137,11670,191,60,178,17328,36279,195,70,489,3494,210 1,1,1,1,1,1,1,1,1,1,1,1,1,1,1,1,1,1,1,1,1,1,1,1,1,1,1,7,1,1,1,1,1,1,1,1,1,1,1,1,1,1
36280,367,367,346,36281,36282,191,60,460,3303,4,36283,897,3,36284,652,36285,211,833,367,36286,995,36287,41,488,2373,5,126,19,1868,672,69,56,442,1801,69,890,1828,78,832,444,36288,444,210,3,1201,112,3,2785,28,17801,540,17802,17803,17804,1120,17805,17806,36,17807,17808,1590,1244,3,2111,3,117,991,78,442,505,36289,160,17,4783,1244,5,36290,3238,1512,36291,71,324,13,273,3623,3,317,645,26,3610,317,3,31,258,35,2756,9896,71,324,97,2123,7,698,3,317,645,26,3610,317,3,31,258,35,2756,16444,3610,1864,106,104,176,39,81,5,10072,178,160,53,3319,195,36292,36,4660,253,301,1571,1679,346,326,389,235 1,1,1,1,1,1,1,1,1,1,1,1,1,1,1,1,1,1,1,1,1,1,1,1,1,1,1,1,1,1,1,1,1,1,1,1,1,1,1,1,1,1,1,1,1,1,1,1,1,1,1,1,1,1,1,1,1,1,1,1,1,1,1,1,1,1,1,1,1,1,1,1,1,1,1,1,1,1,1,1,1,4,4,1,1,1,1,1,1,1,1,1,1,1,1,1,1,1,4,4,1,1,1,1,1,1,1,1,1,1,1,1,1,1,1,1,1,1,7,1,1,1,1,1,1,1,1,1,1,1,1,1,1,1,1,1,1,1,1,1,1
1218,6719,3095,12391,3,229,3,36293,3,36294 1,1,1,1,1,1,1,1,1,1
