67,54,4,36603,30,7,61,328,79 1,1,1,1,1,1,1,1,1
61,89,17,439,7,24,2014,1216,12,6,11526,66,17831,10,36604 1,1,1,1,1,1,1,1,1,1,1,1,1,1,1
18,1031,43,1127,19,17831,186,18,55,2224,942,5,62,2819,700 1,1,1,1,1,1,1,1,1,1,1,1,1,1,1
18,631,92,20,166,18,20,15,12012 1,1,1,1,1,1,1,1,1
18,38,887,68,728,5,38,887,943,26,13865,2600,2203 1,1,1,1,1,1,1,1,1,1,1,1,1
18,20,244,9374 1,1,1,1
11,678,84,26,174,2203,511 1,1,1,1,1,1,1
18,38,887,68,1673,12,88,174,1767,4,11,249,3,459,3,1473,3,26,174,234 1,1,1,1,1,1,1,1,1,1,1,1,1,1,1,1,1,1,1,1
18,537,15,4305,1928,476,5,20,449,10,530,10,6,6002,5,2046,6,6670,12 1,1,1,1,1,1,1,1,1,1,1,1,1,1,1,1,1,1,1
677,144,24,366,4,15954,677,1758,24,128,366,4323,5,24,923,538 1,1,1,1,1,1,1,1,1,1,1,1,1,1,1,1
12,6,1147,3,24,923,242,31,36605 1,1,1,1,1,1,1,1,1
149,143,639,17,588,7,1618,286,3704 1,1,1,1,1,1,1,1,1
9,398,19,36606,20,3116 1,16,16,16,16,16
8,24,13761,20,266,1458,3765,78,1071,29,4227,3,51,40,14,211,17,24 1,1,1,1,1,1,1,1,1,1,1,1,1,1,1,1,1,1
18,38,15,44,3231 1,1,1,1,1
159,286,3,18,21,537,24,712,2847 1,1,1,1,1,1,1,1,1
39,2604,819,9,4162,1400,13492,8,1211,22,9,3019,298,36607,49,36,8,25,276,47,180,45,9,73,8,203,9,947,478,8,547,22,9,1026,45,49,36,8,25,32,2547,9,4845,8,1142,22,9,1801,45,49,36,8,25,32,47,180,45,9,73,8,622,108,22,9,647,45,49,36,8,25,69,123,180,65,47,335,45,9,73,8,1893,782,1142,22,9,1801,45,49,36,8,25,69,123,180,65,47,1847,45,9,73,8,236,9,800,8,141,22,9,515,45,49,36,8,25,276,123,180,65,47,388,45,9,73,8,348,2827,22,9,3345,45,49,36,8,25,305,123,180,65,47,388,45,9,73,8,729,9,1212,8,141,22,9,515,45,49,36,8,25,69,47,335,45,9,73,8,8710,210,22,9,210,22,45,49,36,8,25,35,496,123,180,65,3,49,36,45,9,210,22,8,605,5,117,45,9,625,22,8,276,47,1491,45,9,73,8,10114,3999,9,959,1092,3999,8,58,1222,9,16482,3999,8563,1190,8,1096,1750,167,407,47,36,1092,9,73,8,3072,9,6803,8,215,22,9,686,45,49,36,8,25,276,123,180,65,3,208,49,215,22,312,27,421,35,160,167,828,1820,47,1288,45,9,73,8,736,171,22,9,549,45,49,36,8,25,276,47,180,45,9,73,8,4509,215,22,9,215,22,45,49,36,8,25,32,2823,9,4409,9,2823,8,8,1897,22,25,32,47,180,45,9,73,8,775,10,564,40,290,10,36608,2974,42,9,36609,6402,2974,42,8,36,2180,9,2974,42,11199 1,1,1,1,1,1,1,1,1,1,1,1,1,1,1,1,1,1,1,1,1,1,1,1,1,11,1,1,1,1,1,1,1,1,1,1,1,1,1,1,27,1,1,1,1,1,1,1,1,1,1,1,1,1,1,1,1,1,1,1,21,1,1,1,1,1,1,1,1,1,1,1,1,1,1,1,1,1,1,1,9,9,1,1,1,1,1,1,1,1,1,1,1,1,1,1,1,1,1,1,1,12,1,1,1,1,1,1,1,1,1,1,1,1,1,1,1,1,1,1,1,1,1,1,17,1,1,1,1,1,1,1,1,1,1,1,1,1,1,1,1,1,1,1,20,1,1,1,1,1,1,1,1,1,1,1,1,1,1,1,1,1,1,1,1,1,1,1,1,1,1,1,1,1,1,1,1,1,1,1,1,1,1,1,1,1,1,1,1,1,1,1,1,1,1,1,1,1,1,1,1,1,1,1,1,1,1,1,1,1,1,1,1,1,1,1,1,1,1,1,1,1,1,1,1,1,1,1,1,1,1,1,1,1,1,1,1,1,1,1,1,1,1,1,1,1,1,1,1,1,1,1,1,1,1,1,1,1,1,1,1,1,1,1,12,1,1,1,1,1,1,1,1,1,1,1,1,1,1,1,1,1,1,1,1,1,1,1,1,1,1,1,1,34,1,1,1,34,1,1,1,1,1,1,1,1,1,1,1,1,1,1,1,1,1,1,1,1,1,1,1,1,1,1,1,1,1,1,1,1,1
9,1681,8,8,1140,35,496,3,2107,10,1246,548,956,105,123,558,65,5,286,19,3416,344 1,1,1,1,1,1,1,1,1,1,1,1,1,1,1,1,1,1,1,1,1,1
47,215,1620,9,73,8,1800,1294,42,6830,1294,42,6830,49,36,1140,69,123,180,65,3,395,2107,92,27,1683,1385,7,394,764,36610,15,65,47,36,1862,9,73,8,127,218,33,263,3,913,33,2406,3,81,7,182,269,5,72,35,1003,4364,12,40,36611,205,63,94,3089,133,1437,140,1947,10754,480 1,1,1,1,1,1,1,1,1,1,1,1,1,1,1,1,1,1,1,1,1,1,1,1,1,1,1,1,1,1,1,1,1,1,1,1,1,1,1,1,1,1,1,1,1,1,1,1,1,1,1,1,1,1,1,1,1,1,1,1,1,1,1,1,1,1,1,1,1,1
352,4,700,3,942,5,628,57,928,36612,119,81,24,149,63,154,5,24,36613,71,324,317,58,50,1758,24,1033,1571,17,36614,185,1380,160,7305,17,2823 1,1,1,1,1,1,1,1,1,1,1,1,1,1,1,1,1,1,1,4,4,4,4,1,1,1,1,1,1,1,1,1,1,1,1,34
1626,935,3,17830,2406,494,566,5,104,104,35,270,845,1231,5213,147 1,1,1,1,1,1,1,1,1,1,1,1,1,1,1,1
98,974,36,8,2914 1,1,1,1,1
4100,158,1292,1900,1524 1,1,1,1,1
464,31,492,91,75 1,1,1,1,1
37,1645,3,18,82,191,60,5,37,14,2830 1,1,1,1,1,1,1,1,1,1,1
18,160,10,144,24,366,134,18,21,1033,2914 1,1,1,1,1,1,1,1,1,1,1
17,132,3,119,2559,96,24,976 1,1,1,1,1,1,1,1
58,8,4068,4,1493,89 1,1,1,1,1,1
513,4,1521,35,356,503 1,1,1,1,1,1
