69,49,4,15687,1556,3434,1480,99,141,49,4,15688,1480,4,11207,29,414,4,3964,2,4790,485,46,4,9079,1724,4,58,6780,440,4,2863,15689,384,4,44,34,429,3291,1526,602,1527,30,7,156,360,9,1156,19,141,8,4,64,14,15,1963,292,345,13,216,4209,2,789,2,2469,6792,2,5,438,104,1220,10,50,15690,107,158,10,141,12,3435,5,11208,261,6793,394 3,2,5,10
38,455,20,839,2,48,6,394,1074,170,11209,191 0
16,39,15,540,7,472,115,107,7,141 0
24,147,1126,15691,227,9105,1807,12,2695,5,1846,12,2696,5,9105,6111,12,47,2,2535 0
24,4210,20,66,2,48,3436,1475,20,251 0
239,10,1807,3060,2,30,5,251,1475,84,20,2616,10,247,19,652,5,211,5,60,10,429,282 3,18
429,227,70,2617,1557,13,2776,1964,130,41,2,269,90,2,602,2776,7735,41,505,5,2777,3158,365,41 3
432,678,3602,1528,2,64,39,3291,1526,5,51,15692 0
64,6794,15693,5,20,12,2210,9,280,8,13,5166 0
64,20,321,19,5585 0
64,237,1220,10,3292,422,12,6,5166,5,84,20,2616,10,9106 0
3771,20,346,10,2777,3158 0
15,523,15694,369,20,730,12,2776,602,5,64,39,1619,5,2320,15695,369,20,730 2
19,141,10,1556,2,64,411,12,2210,13,5166,9,1725,74,8 0
16,20,19,5585,1685,2,1318,2,9107,19,473,2,211,2,210,2,4803,5,20,730,19,1650,708 19,18,29,32,31
24,391,7,106,149,44,34,9,31,1140,32,3293,34,107,297,8,1447,10,55,65,9108 0
78,89,30,4,4209,2,5586,2,2469,2,116,2,438,9,103,9109,8,77,19,141,4,211,2,210,105,2,501,196,59,2,1804,2,737,83,33,28,4796,2,1296,59,28,4804,447,59,28,11210,109,22,283,2,9110,244,283,2,4211,1280,33,257,19,1480,4,361,125,3061,11211,77,4,211,2,210,105,2,501,196,59,2,1804,2,737,83,33,28,4796,2,1296,59,28,4804,447,59,28,11210,109,22,283,2,9110,244,283,2,4211,1280,33,137,4,747,128,30,4,128,216,178,179,30,4,11,430,2,11,1881,2,11,2053,163,7,213,4,119,234,137,4,747,128,30,4,128,216,178,179,30,4,11,430,2,11,1881,2,11,2053,163,7,213,4,119,234,1556,408,261,114,4,35,8,2211,710,212,36,19,420,7,141,29,20,321,19,63,11212,1685,32,57,32,5585,15696,5,212,11213,10,764 5,19,13,1,18,29,37,20
11212,1685,32,57,32,5585,20,795,5,1318,20,7736,5,29,21,1558,12,764 19
3062,15697,100,501,32,1620,42,111,842,1808,36,29,21,1558,3972,5,39,15,704,13,585,1529,41,5,541,238,1050,313,36,20,5167,98,51,10,6,2776,602,505,5,20,19,4803,98,7737,158 19
16,20,321,19,473 32
3062,679,473,2,501,2,184,2,210,2,211,51,8,1353,36,29,13,928,30,7,2469,1168,261,438 19,18,29,15,32
16,20,19,4804,2,4796,5,3437,32,4212 0
16,20,201,42,3159,401 0
710,126,4804,5,4796,9,39,15698,542,37,1353,1447,20,218,239,10,4805 0
842,126,3437,283,1050,356,1005,102,8,120,36,67,728,129,2536,251,32,5585,1685,16,20,2536,19,17,2210,7738,15699 0
16,21,1558,19,486,13,2153 25
710,486,2,2153,183,8,3772,36,2537,742,258,261,385,36,125,80,74,2950,99,147,36,2004,13,5166,2,1006,1807,3060,320,4,1963,292,345,13,216,4209,2,789,2,2469,6792,2,5,438,5,178,1530,455,5,15700,514,10,50,602,2776,7735,41,505,5,2777,3158,365,41,9,1651,10,602,5,3771,10,3158,8 5,25,1,10
429,2154,3291,1526,117,3602,3438,5,9111,2004,13,5166 3
114,4,32,9112,12,1556,408 0
3603,15701,195,15702 0
