69,49,4,15796,6122,203,538,6122,378,325,1124,614,9125,1142,9126,2,7758,9127,3782,2,6810,6811,15797,552,3782,774,12,17,241,233 39
18,21,61,12,11236,9128,17,1036,198 0
23,391,14,37,18,21,5179,12,6,44 0
18,113,31,50,87,396 0
18,113,31,99,37,38,14,627,13,639 0
18,113,50,969,627,13,84 0
18,113,31,50,87,255,7,194 0
38,5179,21,61,12,23,44,19,5,664,17,6,97,1036,236 0
18,14,791,1847 0
18,21,15,30,7,1356,5,127 13
18,85,21,254,5,14,537,480,13,210 10,29
23,424,927,21,61,12,1731 0
18,21,1053,39,15,2542 0
18,692,10,50,15,437,1320,346 0
278,2,80,47,221,373,1847,173,23,44,5179 0
93,122,4,23,67,94,14,3065,2,372,145,14,105,5,296,14,9129,112,14,330 0
68,14,11,780 0
44,14,90,10,362,1043,5,452 0
91,73,14,2218,135,13,11,387,2,766,26,711 0
187,14,133,5,375 0
68,14,11,953 0
217,53,90,7,673,2,720,5,79 0
489,467,4,23,397,14,2784,2,1768,53,192,355,667,43,1238 0
1005,14,6812,1321,53,548,27,38,95 0
92,718,23,17,63,1322,2,71,227,43,399,212,13,1535,3170,1278,142 0
92,85,718,23,17,63,352,2059,215,13,5180,267,1508,37,18,1007,10,15,4816,118,145,7,2621,2,18,20,19,6,1811,17,259,606,196,2219 0
18,39,11,160,7,313 0
242,5,114,4,161,44,5179 0
47,221,31,1769,1127,14,3783,38 0
18,176,50,15,763,305,860 0
18,40,55,640,100,13,1089,12,153,223 0
84,14,15798,10,125,37,18,113,31,50,63,1138,352,2059,215 0
165,1356,2,57,425,27,6,156,95 0
126,1140,262,7,1692 0
186,127,2,57,425,3057 13
249,254 10
92,40,887,38,19,23,400,101 0
536,4,3782,2,6810,485,46,4,6811,176,579,2,2276,1357,51,92,40,85,301,10,1384,15,437,1320 0
2785,6813,4817,2,96 0
15799,15800,800,4,11237,827,4,15801,818,4,15802 0
