69,49,4,15803,6122,203,538,6122,378,325,1124,564,9125,1142,9126,2,7758,9127,3782,2,6810,6811,15804,30,7,156,360,4,552,3782,14,3980,17,207,100 39
18,21,39,1450,7,241,534,7,38,9130,466,12,71,23,349,404,621,84,3066,6796,5,237,18,1302,106,94,12,23,44 0
18,1302,15,1234,255,7,194 0
84,5598,154,2219 0
18,1302,32,1262,32,497,26,938,15,107 0
6,1277,21,2,278,2,476,5,18,14,699,419,5,419,2,32,18,5599,10,1882,106,121 0
47,880,121,274,14,781,10,55,2704 0
18,85,14,553,2955,32,18,5599,10,1882,121 0
23,127,21,61,1400,419,338 13
1010,1044,10,55,4221,791,15,2328,12,736,10,6,230 21,19
93,122,4,67,94,14,11238 14
121,21,2705,65,594,10,7759,643 0
372,145,14,3171,296,14,6123,112,14,330 0
68,14,11,780 0
44,14,90,10,1043,5,452 0
91,73,14,2218,135,13,11,387,2,766,26,711 0
187,14,133,5,375 0
68,14,11,953 0
217,53,90,7,673,2,720,5,79 0
489,467,4,1768,53,667,43,1238 0
242,5,114,161,127 13
1961,57,425,19,1010,2400,230 21,19
165,121 0
110,1220,10,1882,106,121,5,699,573,419,32,15,772,7,84 0
186,9130,44,94 0
47,273,31,880,18,21,164,143,76,124,6,352,215 0
12,688,7,38,2,92,40,954,10,338,23,67,94,5,433,23,10,1882,106,121 0
2472,2,38,40,907,13,6,2010,7,23,115 0
2785,6813,4817,2,96 0
11239,15805,775,800,4,15806,827,4,15807,818,4,15808 0
