69,49,4,15860,507,128,424,308,957,30,4,58,9138,5605,204,3989,536,4,2268,4225,11257,1045,46,4,9134,828,11258,4,47,39,6,1068,7,930,2268,4225,12,6,507,441,622,17,15,356,101 39
136,47,97,701,170,2,16,589,10,3792,7,366 0
63,1066,20,66,17,313 0
3793,129,31,2406,6825 0
205,7,6,44,227,15861 0
24,5610,21,61,19,6,3069,663,2,645,16,14,86,160,17,6826,421 0
77,4,172,370,22,33,2,2220,1303,22,33,2,501,244,22,59,2,210,109,22,33,2,184,105,22,33,2,888,204,22,291 19,18,29,15
93,122,4,821,170,10,55,57,1019 0
24,111,14,2960,5,24,118,145,14,284,5,135 0
16,14,4503,643 0
68,14,11,1078,580,1386,5,293,243,53,171,193,86,229 0
24,226,53,90,722,2,5,5600,3968,316,214,1234,4231,27,6,52,1562 0
24,4823,14,2623,57,5,14,185 0
24,1424,2624,14,4232,13,15,610,2160,145,5,212,2,15,43,246,5,253 0
16,21,63,1093,1422 0
11,417 0
24,187,14,599,86,953,2,229,2,26,15,1425,1455 0
68,14,11,904,79,5,806,2104,243,53,171,193 0
147,4,764,13,15,2961,1563,1241,984 0
16,21,15,3794,2,71,14,188 0
320,4,11259,2,103,371,4,281,185 2
165,127,4,1400,199,338 13
11260,4,425,249,366,4,47,1732,16,21,63,6131,7,1626,1037 0
47,40,2283,3451,235 0
1152,329,214,573,17,6,11261,10,2011,12,24,203 0
13,1810,1646,2,2268,1773,3787,2,6097,2,96 0
681,809,42,2268,495,3787,195,19,3775,481,2,15862 0
