69,49,4,15816,2402,467,5,1172,424,29,14,15,474,6815,307,345,104,279,10,58,15817,17,306,7760,15818,19,15819 0
30,7,156,360,6,29,1351,7,15,299 0
7,7760,9132 0
78,545,30,158,162,1128,4,35 0
8,4222,2060,112,693,17,304,2060,112,6124,15820,1400,3786,2,11,1294,51 0
8,300,162,462,831,7761,15821,11,1294,102 0
8,832,15822,105,831,7761,15823,11,1294,183 0
8,15824,831,7761,15825,11,1294,83 0
8,15826,15827,29,346,1400,15828,39,406,304,1076,868 0
128,30,68,12,11,128,30,7,3288,2614,10,224,2473 0
78,89,30,231,89,167,563,4,35 0
8,116,51 13
8,15829,119,29,358,1733,2099,15830,502,102 0
8,299 0
7,7760,9132,183 0
8,789,179,30,309,4,11,554,245,4,11,30,7,2786,245,2474,1240,4,152,163,7,213,77,4,11244,83,15831,12,221,2,462,157,12,1485,15832,33,2157,768,11245,210,15833,7762,138,1932,1770,1883,137,4,9133,562,4,30,7,127,2,11,371,28,88,455,2,1265,2,892,2,754,79,372,4,11,30,7,1284,26,188,409,76,28,88,2100,255,7,194,1030,4,11,30,7,1030,167,1766,4,11,30,7,3448,28,88,1002,4223,4,11,30,7,902,76,28,88,2403,26,1385,6126,4,11,30,7,132,353,28,88,1173,2,807,2,1617,6127,1031,4,88,34,26,4819,7,1129,6816,4,30,7,81,97,105,831,2,789,5182,4,11,30,7,588,2,67,6817,28,11,30,7,2475,2,2158,2,26,993,364,1734,4,11,182,1734,167,73,2706,4,738,41,628,15834,348,15835,15836,15837,6818,75,276,4,199,502,7,721,2,11,342,2,112,1486,919,2,11,229,2278,4,5601,3301,47,26,591,2873,4,12,199,955,226,4,90,193,118,4,135,212,2,11,387,2,5602,2,11,1422,242,211,93,139,4,591,57,5183,17,162,28,11,2100,1446,741,10,89,167 14,18,29,15,37,10
114,4506,4224,4,224,2473,4507,4,3302,34,583,4,6819,5603,67,4,152,5184,4,152,1054,77,4,60,19,107,7,162,77,10,55,2329,19,107,7,162,4,210,381,77,4,3984,10,307,221,131,322,3449,4,1845,17,102,123,297,162,172,4,1845,17,481,123,297,162,1222,4,117,2279,1884,258,31,1509,240,6820,5604,99,47,50,177,38,6128,242,5,2957,13,6,242,5,909,114,13,6,640,6129,4,526,6821,2,15838,3173,2,96 29,25
