69,49,4,15882,11273,2,15883,2,9146,6,29,201,19,15884,13,58,15885 0
427,74,30,20,177 0
29,20,1538,5,755,42,260 0
30,7,156,360,4,6,29,14,15,15886,407,13,30,7,164,76,5,21,39,1024,44,34,191,6,78,183,123,2,15887,42,51,3178,921,922,2,80,1359,117,105,606,13,35,3178 1,28
125,427,74,99,17,241,885 0
6,29,14,34,739,110 0
78,89,30,4,164,76,2,91,369,2,789,2,5,81 2,5,1,10
231,77,4,230,2,1266,2,473,2,172,2,5,310 19,18,29,26,32
125,427,74,99,17,241,885 0
137,4,11,334,624,137 0
179,30,4,78,3795,1055 38
163,7,213,4,11,255,7,194,2,11,272,26,402,2,11,868 0
93,122,4,870,5188,2,67,94,15888,2,296,1887,2,1851,564,2,651,1304,1080,41,19,674,662 0
202,4,1186,2,1125 0
1237,53,1025,2,1967,2,5,1221,10,688 0
2285,2395,175 0
112,4,330,2,11,11274,2214 0
623,4,135,145,5,212 0
226,4,90 0
187,4,318,300,302,2,133,2,375 0
217,4,11,673,2,720,2,26,79 0
899,4,413,5,646,1094 0
1478,1738,53,175 0
731,5,1099,53,175 0
489,467,4,147,20,43,399,212,2,13,11,518,142 0
6,29,20,201,42,58,11275,12,6,303,441 0
6,29,40,55,265,10,6,507,659,17,241,233,17,2477,714 4
321,19,652,12,6,303,441,5,218,91,561,1775 0
125,427,74,99,17,885 0
526,11276,2,9146,96 0
495,4,11277,276,4,11277,597,42,4,11276,2,9146,813,15889,1852,232,31,177,42,240,312,232 0
