69,49,4,15898,6134,9149,15899,1045,11,4,15900,11281,1695,144,2013,325,49,4,1415,723,2,1740,15901,101,17,38,11282,29,7,58,5614,1360,7,153,107,7,668,2546,2,1277,5,4514,422,5,469 0
416,20,1888,97,200,17,3615 0
77,4,1201,2,1692,2,3616,2,2224,2,1803,1397,105,190,11283,2,564,190,1647,2946,137,10,7770,5,2063 17,25
6,29,416,21,252,700,422 0
38,14,31,6,168,34,37,18,39,97,200,13,11284 0
389,9150,298,2,3454,7771 0
634,4828 0
1262,2333,2064 0
2410,2791 0
168,13,11,2014,277 0
11,2792,277 0
1189,191,70,3617,757 0
833,4,9,35,8,2107,1427,12,381,13,30,7,11284,5,11285 5
470,13,58,11286 0
40,1815,13,3309,1776,22,1190 0
98,481,123 0
6,29,1428,10,383,1971 0
808,17,508,2,469,26,168,34 0
9,51,8,70,700,34 0
113,31,2707,741,10,1427 0
3618,5191,22,1190 0
46,109,13,11,1696 0
808,10,308,32,724,15902 0
9151,11287,2,6832,2,6135,15903 0
