69,49,4,16049,378,325,1124,9175,3965,144,581,17,101,1569,292,471,13,120,2,3429,116,2,2631,1781,2,254,2,6160,279,13,1966 2,5,13,10
29,20,12,24,3160,9,3460,851,93,996,915,406,2631,1781,5,1407,8,532,221,7,141 0
16,39,1305,106,264,420,1112,98,51,236,62,250,5,264,613 0
16,85,1305,834,403,16050,348,289,1041,71,16,3791,10,657,16051,16052 0
16,3082,16053,221,13,1160,713,2,1191,16054,16,1007,10,24,2558,2292,1115,27,9208,5,1305,969 0
24,1191,20,2463,2,111,16055,2,492,5632,147,604,2070,6161,261,16056,276,16057,354,52,13,450,1846,4849 0
24,867,5,783,129,318 0
16,20,480,13,211,2,1318,2,1047,2,5,652 18
16,21,61,864,739,136,9208 0
860,1363,9,177,8,9209,825,81,341,825,5204,825,789,825,164,143,76,825,2631,1781,825,478,34,825,381,981,825,1012,825,438,825,132,776,825,713,825,252,168,34,825,255,7,194,825,4525,3625,4253,2293,2338,1002,76,309,139,4,1590,1055,613,424,927,825,167,164,143,76,30,7,178,174,318,1066,16058,9,3307,19,16059,8,28,136,237,39,148,9210,12,9174,2,7814,2,16060,9,48,316,16061,9196,8 1,3
64,19,211,2,4839,13,5211,1462,9,97,797,11357,1462,6098,2,544,3461,8 18,29,11
1194,11350,4,585,1662,41,2,1598,2,149,512,2,11,7815 0
2211,1365,6162,9211 0
833,4,429,548 0
679,211 18
209,887,797,367,5,228,10,210,368,33,17,3812,328,2398,583 29
851,12,245,7,1318,2,1047,13,2631,1781 0
2631,1781,1701,406,6860,2,218,576,10,3624,1037,65,81 0
589,10,1305,618,261,272,13,2233,1488 0
19,6850,16062,2,6163,109,291,2,1890,3600,6164,6848 0
833,4,3631,6861,1269 0
692,6164,6848 0
126,6850,1435,3317,2,176,301,10,1248,6163 0
132,776,29,21,15,216,120,5,1630 5
450,792,9212,65,2003,2,48,1007,32,252,32,2068,12,6,144,13,2559 0
6862,9213,1013,6863,16063,1126,132,76 0
4254,58,11358 0
16,4850,16,1553,259,614,4851,3623,7,1618,33,48,1863,113,841,1656,32,573,32,37 0
833,4,3631,2559,2,2058,261,4007,6864,3083,429 0
529,77,5626,130,22,25,33,2341,35,33,1116,390,25,33,888,683,25,59,739,2419,77,131,3628,405,1200,956,509,2,2114,956,16064,7801,83,25,33,2888,3462,22,25,59,138,6850,1435,22,25,33,51,1366,25,33,1461,446,25,33,3084,850,1512,989,1512,2482,33,11353,109,22,25,33,632,495,2560,4255,25,33,442,2294,16065,25,291,2173,4256,25,513,223,19,9214,3191,13,6165,4851 18,29,25
1618,2,2804,4527,354,9215,3463,6865,25,33,16066,9,16067,33,138,8,32,575,172,370,22,25,33,153,1014,2234,32,575,456,1281,1067,354,46,204,456,1281,1067,354,3632,259,3464,11359,6166,1104,3192,16068,16069,245,32,575,46,204,16070,16071,364,153,1014,215,16072,9,4852,204,2,3632,83,8,36,16073,3966,11360,275,715,163,7,213,66,2638,166,256 0
93,122,870,4853,296,368,67,94,3633,1939,372,145,579,337,73,476,466,569,744 14
224,893,6866,2,3078,345,2,436 0
181,188,580,1570,228,569,16074,2,181,4257,2,2115 0
202,1623,2,725,2,570,2,4258,90,86,733,26,2561 0
11,160,7,1288,6867,26,34,13,1288,721,19,73 0
112,487,5212,28,625,3634,2,171,193,86,229,2,11,3085 0
44,745,569,952,9216 0
187,3086,2,11,1003 0
43,300,302 0
812,73,4531,148,12,6,2420 0
2174,11,720,2,673,2,79 0
31,3600,6868 0
3465,3466,16075,3087,54,478 0
569,1432,775,16076,976,11361 0
1305,757,34,569,4532,5,9217,2,54,478,5,54,9218 0
3635,992,175,569,912 0
476,16077,915,34,569,1432,2,157,16078 0
324,590,569,2295,2,610,851,42,34 0
323,15,75,985,1094,2,951,3193,992,175 0
1355,171,5,863,98,183,217 0
853,569,2713 0
672,918,2,48,3636,2611,915,4008 0
527,569,744 0
242,5,114,161,178,4,1966,2,19,211,2,652,2,1226 18,2
16079,10,247,2,429,548,12,221 0
209,887,797,367,5,228,10,210,368,33,17,3812,328,2398,583 29
55,214,9219,12,245,7,1318,2,1047,13,2631,1781,9,16,21,3429,116,48,14,3460,2631,151,16,6167,100,8 13
36,2211,470,1139,36,9220,98,3194,36,383,1318,28,838,1047,13,548,429 0
36,5633,540,1194,32,119,2211,36,797,1462,548,28,3813,210,10,368,33 29
165,111,4,2631,16080,127,36,855,6163,2,7808,36,111,338,13,1318,9,16,40,31,55,382,10,1418,140,19,38,8,2,219,2016,261,4250,32,865 0
186,1630,4,120,261,188,4854 5
126,2559,13,2058,6864 0
36,4007,2,838,1047 0
249,120,4,19,131,3628,2,1537,16081,2,16082 5,25
126,873,1191,2,2562,32,865 0
5633,9221,1015,5,433,15,1546,470 0
47,221,1847,37,16,14,19,1431,573,135,131,3783,24,9222,5,24,252,6869,27,9208,922 25
16,176,301,10,228,168,10,486,5,135,9,20,1169,12,6,78,915,657,862,5,1012,8 0
351,613,4,5633,383,300,322,9,281,19,3463,261,888,8 0
459,64,470,361 0
16,40,218,301,997 0
4259,17,6,1536,203,3303,47,40,126,10,207,13,329 0
5213,11362,16083,1786,134,258,2175,481,4,16084,36,354,792,7816,16085,4,16086,801,4,3467,354,5634,456,6168,28,1069,449,19,652,867,1344,16087,36,354,16088,4210,276,7817,11357,1462,4,16089,147,16090,4,764 0
492,16091,1846,4849,2,1846,51,2,102,2,1940,464,4,148,681,809,42,5213,11362,195,19,4855,1408,2,11363 0
