69,49,4,16007,581,17,101,4,961,17,381,11341 39,5
1167,286,150,11342,1031,740 0
1649,7,7804,364,5,52,478,1528 0
957,30,4,52,478,1528,20,2978,48,316,97,1396,95 0
1053,15,223,26,393 0
7804,20,9194,1861,48,20,31,382,10,9195,84 0
404,185,5,31,932,136,97,201 0
11343,260,16,14,6154,423,24,77,5,16,14,6155,24,3965,871,173,38 0
11,180,388,26,241,2637,757,849,150,271,1127,20,1802,12,784,498,586 0
468,7,163,7,213,428,869 0
77,4,6,560,7805,14,1140,32,97,95,2,820,17,736,7,16008,110 0
93,122,4,111,11314 0
150,638,918 0
616 0
16009 0
672,4,1581 0
3079 0
6854 0
202,4,16010 0
657,2873,6855 0
226,4,90 0
118,4,483 0
187,73,4,1234,16011,12,7806 0
15,1114,11344,2781,12,217 0
1031,122,4,362,3627,13,851,1596 0
52,478,529,1596,14,504,1323,10,6,97,1745 0
1432,13,16012,74,2214,156 0
4248,428,1035,11345,1563,7,2691,11346 0
502,7,721,12,362,3627,1459,2,268,12,6,52,663 0
16013,7,181,19,6,16014,663,7,1432 0
21,2970,7,7807,2395,7,1432 0
6,468,7,757,122,2,739,7,2715 0
869,65,97,1745 0
320,4,381,11341 5
1167,286,150,11342,1031,740,3974,12,3627 0
3312,42,7804 0
1407,142,7,859,1235 0
139,304,16015,6856 0
251,331 0
1492,4,161,126,7804,100,51,1555,138,631,793,15,107,28,6857,124 0
165,176,539,3451,2879,2,124,24,306,11347,5,5630,132,496,10,11348,364 0
186,2340,961,17,81,203,13,150,5631 0
642,4,961,12,183,198,26,393 0
2785,16016,2979,2,96 0
