69,49,4,16092,11364,11365,424,538,49,4,1452,1143,2,2421,11366,2,4533,414,4,4260,5214,16093,46,4,16094,2950,99,2321,4,4260,14,15,4534,407,104,774,12,17,437,7,23,127 39,13
361,125,23,231,560,1363 0
18,85,21,15,30,7,81 5
191,6,78,451,236,10,153,376,18,21,61,460,1024,70,478,34 0
84,14,932,13,4009 0
6,34,14,12,23,4261,976,5,4535,15,1114,2328,2563,23,412,168 0
84,14,932,108,18,2020,7818,19,23,478,27,420 0
68,14,11,30,7,1328,2,11,112,34,2,11,412,445,803,26,394,820,17,847,52,4536,803 0
6,4536,803,4262,108,18,9223,23,912 0
18,14,85,460,225,475,34,151,18,1404 0
68,14,11,388,26,1205,26,2639,12,23,1389 0
18,39,61,19,3088,17,23,1076,238,48,795,84,490,84,20,31,4221,23,1076,238,34 0
3195,17,23,478,34,18,21,61,290,5635,594,22,51,5,100,10,259,119,107 0
18,826,6,5635,13,1341,26,4537,5,14,31,460,87,339,1648,65,84 0
18,14,460,15,1814,7,9224,13,23,943,2,2882,18,404,176,50,106,859,1702,167 0
24,11367,139,19,24,97,73,20,15,16095 0
278,2,16,3154,2,1975,10,23,2,16096,6169,2,113,31,991,11368,16,5215,2,5,31,32,16097,32,16,1109,10,55 0
16,113,31,991,9101,26,6170,9225,37,18,209,621,170,10,273 0
92,285,37,16,454,1029,15,437,1207,10,125,260,10,540,24,11367,139,73,2,48,37,106,7,472,167,53,31,218,10,55,3318,16098,2,5,37,18,1279,1525,65,5216,16099,10,4010,23,914,5,415,542 0
18,113,433,214,2071,5,1648,27,511 0
18,39,61,3089,290,1286,2718 0
151,18,1302,214,1648,5,11369 0
18,14,85,460,6870,13,23,4538,2,104,295,400,6171,5,21,15,860,13,2474,1240,5,6172,9226,709 0
18,88,44,34,2,702,2,655,2,26,79 0
18,14,19,23,81,560 5
18,4856,781,10,500,490,37,1302,23,286,7,6,1477 0
19,122,4,18,14,15,779,2,16100,407,12,11,180,326 0
23,67,94,962,20,3633 14
117,3468,23,2150,13,23,943,2,23,67,94,20,16101 14
112,330,86,920,26,229 0
226,53,90,86,1056,26,1223 0
91,73,482,15,135,145,5,212,5,43,246,2,253,86,1093,2,970,2,26,387 0
18,21,11,336,79 0
242,5,114,4,9,35,8,127,2,657,338 13
40,383,23,1020,10,130,22,327 15
998 0
23,567,2,9227,2700,104,14,15,11370,1436,2,40,126,10,707,23,67,94 0
9,51,8,70,478,34 0
19,73,18,21,199,502,7,721,7,23,478,5,23,976,590,5,1355,53,175 0
18,319,126,6,5635,2718 0
48,454,60,84,13,16102,26,3196,10,16103,23,3191 0
9,102,8,7819,81 5
92,40,155,23,654,374 0
18,40,207,100,17,23,991,93,12,176 0
3197,3637,2,96 0
16104 0
