69,49,4,16117,1556,141,99,29,414,4,5214,2,4260,512,46,7820,3321,4,378,325,440,4,3637,2,3197,2,96 0
49,7,141,4,16118,384,4,2708,234,4,1887,292,4541,13,120,2,116,2,2553,104,658,13,280,696,44,34,5,255,7,194,5,20,514,10,50,891,2708 2,5,13,10
84,1220,97,3640,2,151,18,1282,6,280,696,7,168,34,2,71,3806,5,20,627,13,255,7,194,42,4858 0
18,1249,1008,2065,19,3641,237,5,5221,4267,18,39,15,928,2099,7,5639,2,71,4859,10,626,7,4542,219 0
18,20,3090,19,1367,12,6,189,17,1387,372,326 0
999,227,891,518,2982,5,15,205,609,7,23,44,20,66,17,87,359,7,541,1619 0
7,99,2,18,20,85,1282,10,50,251,67,728,12,6,11377,12,6,189,13,63,5640,7,105,2,37,1493,423,10,2466,19,3642,9233,2,15,204,41,1622,7,23,6175,20,514,5,16119,32,57,32,5167,13,15,862,4011,2,3817,12,9234,51,1329 3,2,7
23,269,20,514,10,55,861,48,5,23,602,227,1006,5641,100,10,284,41,238,27,373 0
1105,9235,227,786,3198,13,634,287,63,4268,20,730,13,23,1153,11378,1626,1927,5642,12,6,4012,2,71,4543,10,6,3597,7,6876,2,3643,5,6877 0
15,5222,20,730,12,6,429,282,32,57,13,23,1153,4269,1547,32,6878,2,9236,12,6,3818 0
19,1480,10,6,1556,2,18,20,3090,2,6176,2,537,19,219,6876,27,16120,2,3643,27,16121,5,6877,27,16122 0
23,2343,20,5642,32,2983,2,23,7827,1747,13,63,1153,11379,7,16123,23,1157 0
20,11296,2,492,4544,1823,2,11378,1626,111,7,3819,2,71,1487,6879,1352,546,5,204,19,6,107,7,23,141 0
18,11380,15,870,100,10,2344,19,6,1485,7,141,117,18,431,15,262,7,2345,219,12,6,644,7,15,3472,298,100,10,16124 0
9237,20,1704,219,2,71,2872,241,2720,7,23,4545 0
1024,2176,760,9238,3312,10,2404,23,492,423,119,2423,5,9239,23,16125,13,23,5643,6880,1352,16126,5,15,389,2564,1352,154,5,204,5644 0
151,23,7827,4522,10,2644,1013,9240,852,13,63,264,11379,7,16127,2,6,91,1117,20,1008,5,6,1941,20,1074,10,4860,23,6876,32,1620,2,71,20,237,1632,423,10,16128,13,23,6877,460,61,5223,664,5,986,3643,5,9237 0
6,29,20,85,3180,19,9241,5,652,219,17,23,2708 2
1545,4,127,120,311,51,254,889,1705,461,13,64,5224,752,17,363,198,2805,7,1432,36,1393,7828,74,2,6177,74,2,2961,6881,74 5
1076,238,16129,225,4546,4270,740,36,103,225,16130,12,2470,5225,4547,4548,620,1016,36,599,2,5645,7829,137,4,894,36,2297,1703,75,46,410,28,2297,77,158,10,141,4,230,204,22,25,33,1286,684,22,25,291,211,474,22,25,33,888,204,22,25,33,607,521,25,59,1895,2560,22,25,291,3644,109,2023,25,33,235,105,22,25,33,7824,105,22,25,283,184,130,22,25,33,310,823,22,25,59,737,491,25,33,2888,196,22,25,59,1100,4,295,12,11366 19,18,29,15,39,26,30,20
18,14,924 0
18,295,13,23,943 0
648,2291,9242,13,1158,150,48,68,14,11,30,7,4539,3820 0
994,11381,2645 0
990,4,1202,103,620,162 0
11,216,628,2,5226,2,2115 0
499,4,32,166,12,234 0
73,4,638,4,16131,16132,1565,16133 0
16134,3819,16135,16136,16137,41,19,5646,684,224,4,2024,6882,407,2,3090,2,6176,202,4,725,2,16138,12,1083,13,3175,2564,19,252,16139,10,816,9243,112,4,330,2,275,1596,2,11,269,2,11,1824,1597,12,6,112,2339,9,5222,1896,157,1270,8,44,4,745,1097,65,794,2,11,1106,2,942,2,26,5227,1977,4,418,324,246,253,2,11,1058,2,5647,16140,2,4268,12,1083,2,2984,27,16141,340,4,133,2,375,2,324,558,2,11,1592,2,4268,1896,70,1270,2025,4,617,79,1097,2,171,967,243,156,1097,2,619,5,57,2346,323,4,6176,2,31,2889,16142,181,4,11,690,2,2403,26,673,467,4,1942,19,141,129,43,820,2565,2,1825,4861,2,4549,7,11382,2,71,1558,1013,723,19,6,107,7,23,141 0
22,20,1571,316,2,71,20,6178,13,16143,7,22,219 0
1153,358,256,447,2,71,1493,423,10,4013,4550,547,20,3322,19,141,2,71,1493,423,10,3821,27,11383 7
1321,129,316,610,1138,13,43,16144 0
1153,298,1200,2,71,264,10,130,5,237,1936,10,6863,266,4522,65,130,423,10,1865,19,107,7,141,191,934,697 0
5228,129,43,5,185 0
2806,43,820,251,1069,12,644,7,219,652 0
6883,6883,6883,6883,6883,16145,16146,11384,9244,16147,5229,16148,9,2488,8,867,16149,9,72,8,16150,9,72,8,16151,9,72,8,11385,9,72,8,1330,16152,9,72,8,16153,9,72,8,3605,9,72,8,4014,2985,9,72,8,4271,9,72,8,2986,16154,9,72,8,16155,9,72,8,16156,9,72,8,9245,9,72,8,797,945,4,1462,9093,9,276,8,2566,4015,9,72,8,940,2298,9,54,8,544,3296,9,276,8,1153,5230,20,16157,2,71,2230,504,100,10,16158,12,6,1485,7,23,141 3,11
464,4,225,1039,863,11386,9246,4272,362,226 0
38,519,55,79,26,796 0
11,817,1079,2117,26,9247 0
957,959,7,6,239,52,197,1548,707,1597,944 0
9248,2389,5,4244,601 0
4862,2389,10,3191 0
205,16159,75,46,410,28,6884,1811,4,11,160,7,541,1619,2,7830,3822,27,2567,2275 0
225,3323,12,6,1543,7831,7,6,412,5,197,11387,2,557,13,2235,2109,796 0
16160,2962,1866,5,350,225,1079,2117,2,557,13,305,79 0
6179,16161,505,12,6,1782,7,6,4273 0
1225,11388,563,15,3087,5,11389 0
225,132,11390,2,6,4551,7,71,53,557,13,4274,6885 0
6849,620,6180,2,13,2026,7,7832 0
5231,1194,4,11,160,7,16162,976,9249,2,634,512,156,147,12,189,27,16163,4,764,2,2481,12,47,2,591,2,1663,2,2717,2,2489,147,12,189,27,16164,4,4807,2,5639,2,2481,12,47,2,2535,2,2717,2,2489,147,19,1556,141,4,764,27,4004,2,3091,2,52,806,5648,984,2,2347,675,2481,12,6886,2,2003,675,12,591,2,1088,2,1663,540,147,903,697,117,1556,141,4,764,27,1080,2,3091,2,52,806,5648,984,2,2347,675,2481,12,6886,2,591,2,1088,2,1663,3299 0
320,4,1887,292,4541,13,120,2,116,2,2553,104,658,13,891,2708,13,1627,6175,2,103,2714,369,5,14,110,12,7833,5,11391,7834 2,5,13,10
114,4,161,623,1808,4,7833,7834,4,126,16165,5,16166,2720,13,3643,2,6876,2,9237,2,913,10,4860,6876,10,2543,6887,5,383,7827,2,126,10,881,760,9238,2490,32,18,2646,9250,1543,1490,239,10,1748,2886,2,4545,913,256,1211,2,913,10,1454,7827,256,2487,2,356,389,2564,13,913,10,1454,256,244,2,16167,4550,547,165,623,313,4,2708,2,679 2
211,2,473,2,652,2,9241,2,2552,1318,5,1047,12,644,7,1781,2,40,155,1015,186,623,212,4,281,764,2,19,5232,249,11391,7834,4,2235,1588,2006,1490,3324,2,11,160,7,150,2890,1228,2,4016,5233,13,16168,219,124,2615,7,134,950,191,6,78,365,123,2,2620,11392,2,40,50,252,4552,10,11290,2807,241,108,1633,351,116,4,281,4249,2,2552,111,257,459,120,4,2552,310,2,2153,636,2009,4,1222,17,110,13,7835,19,16169,16170,843,1210,4,652,219,2,2568,219,59,1038,715,139,4,275,715,1065,3092,4,548,2010,7,180,89,709,5649,16171,7836,2,195,36,705,46,16172,4863,427,2,441,7,378,325 5,25,13,18,26,32
