67,54,4,18256,112,55,28,414,4,5305,3,4371,542,4,8803,533,54,4,18257,533,43,4,3895,4188,3,107 1,1,1,1,1,1,1,1,1,1,1,1,1,1,1,1,1,1,1,1,1,1,1,1,1,1
54,7,112,4,18258,6,28,14,15,10319,428,13,15,30,7,71,3,106,3,181,120,76,121,468,12,89,17,903 1,1,1,1,1,1,1,1,1,1,1,1,1,1,1,4,1,7,1,10,10,10,1,1,1,1,1,1
395,122,6,95,55,66,528,66,18259 1,1,1,1,1,1,1,1,1
18,14,161,315,251,12,10320,5,10321 1,1,3,3,3,3,3,3,3
315,24,896,540,18,98,38,15,742,1647,75,21,68,2122,538 1,1,1,1,1,1,1,1,1,1,1,1,1,1,1
18,21,317,58,71,5,24,772,366,46,68,244,60,179 1,1,1,1,4,1,1,1,1,1,1,1,1,1
18,14,137,19,348,945,22,1208 1,1,1,1,17,1,1,1
5,622,108,22,1208 1,21,1,1,1
18,14,527,10,1854,24,353,5,2179,1278 1,1,1,1,1,1,1,1,1,1
18,21,31,38,88,116,7,1292 1,1,1,1,1,1,1,1
18,38,1261,128,140,139,24,671,130,1648,51,24,140,21,68,211 1,1,1,1,1,1,1,1,1,1,1,1,1,1,1,1
24,218,20,95,118,43,528 1,13,1,1,1,1,1
18,21,11,380,48,34,3,760,3,739,3,93,3,26,725 1,1,1,1,1,1,1,1,1,1,1,1,1,1,1
18,21,15,30,7,1054,1874,494,5,38,1499,838,12,6,80 1,1,1,1,1,1,1,1,1,1,1,1,1,1,1
27,6,85,7,24,130,1648,18,38,68,2016,5,38,128,3100,3334,55,5,98,606,15,63,1698 1,1,1,1,1,1,1,1,1,1,1,1,1,1,1,1,1,1,1,1,1,1,1
18,21,31,55,88,2120,34,3,291,34,3,1366,3,26,2841 1,1,1,1,1,1,1,1,1,1,1,1,1,1,1
18,109,49,24,1054,1804,5,24,554,57,3087,19,6,1054,1804 1,1,1,1,1,1,1,1,1,1,1,1,1,1,1
50,38,235,13,28,5,491,170,85,37,18,546,299,15,838,10,172,24,1084,1054,1874,494,51,18,86,10,1499,175 1,1,1,1,1,1,1,1,1,1,1,1,1,1,1,1,1,1,1,1,1,1,1,1,1,1,1,1
98,55,19,24,168,20,37,18,38,15,155,635,5,284,1158,240,19,241,66,10320,5,10321 1,1,1,1,1,1,1,1,1,1,1,1,1,1,1,1,1,1,1,1,1,1
18,546,299,15,390,241,12,18260 1,1,1,1,1,1,1,1
18,14,31,46,88,291,34 1,1,1,1,1,1,1
18,21,209,188,34,5,1498,34 1,1,1,1,1,1,1,1
7,55,18,98,38,185,5312,444,12,6,80,51,1499,10,122,5624,1275,12,10322,26,27,189,12815,3874,124 1,1,1,1,1,1,1,1,1,1,1,1,1,1,1,1,1,1,1,1,1,1,1,1,1
395,122,24,39,1003,75,20,81,13,6,28,5,24,491 1,1,1,1,1,1,1,1,1,1,1,1,1,1
102,101,4,18,14,12,11,199,342 1,1,1,1,1,1,1,1,1
63,94,8810 1,1,1
136,4,332,97,910,26,222 1,1,1,1,1,1,1
155,4,91,97,407,3,1065,3,26,1116 1,1,1,1,1,1,1,1,1,1
103,4,156,145,145,3,44,304,5,310 1,1,1,1,1,1,1,1,1,1
11,1162,3,1094,26,222 1,1,1,1,1,1
214,4,131,280,3,152,3,396 1,1,1,71,1,1,1,1
18,464,21,128,1486,1647,1143,24,70,1068 1,1,1,1,1,1,1,1,1,1
18,21,15,53,562,120,222 1,1,1,1,1,1,1
6,1647,21,173,377,12,978,1129,10,169,112 1,1,1,1,1,1,1,1,1,1,1
11,5017 1,1
443,133,204 1,1,1
176,181,120,76 1,10,10,10
18,21,11,116,7,3901,130,371,19,24,137,389 1,1,1,1,1,1,1,1,1,1,1,1
24,63,94,14,60,179,13,6,95,118,12,6,218,66,125,10,171,22,105 1,1,1,1,1,1,1,1,1,1,1,1,13,1,1,1,1,1,1
144,5011 1,1
7070 1
144,903,1184,444 1,1,1,1
317,58,71 1,1,4
24,99,733,398,20,4760,75,14,1349 1,1,1,1,1,1,1,1,1
86,137,39 1,1,1
1054,1874,494 1,1,1
18,546,46,15,838,3536,62,473,2128,51,18,1574,571,540 1,1,1,1,1,1,1,1,1,1,1,1,1,1
18,14,2040,37,119,46,31,826,319,895,373,26,7071,895,1271,26,174,646,17,24,1054,1874,494 1,1,1,1,1,1,1,1,1,1,1,1,1,1,1,1,1,1,1,1,1,1,1
144,836 1,1
30,7,155,635,5,284,1158,240,1992,10316 1,1,1,1,1,1,1,1,1,1
571,143,394,211,19,689,66,10320,5,10321 1,1,1,1,1,1,1,1,1,1
18,160,390,689,12,320,129 1,1,1,1,1,1,1
18,41,96,115,13,271,12,18261,470,119,368,299,15,1590,1902,5,503,571,540 1,1,1,1,1,1,1,1,1,1,1,1,1,1,1,1,1,1,1
4377,3895,4188,3,107 1,1,1,1,1
426,4,2722,4,18262,18263,2074,4,18264,6010,1120,4,18265,6011,1120,4,18266 1,1,1,1,1,1,1,1,1,1,1,1,1,1,1,1,1
