69,49,4,16105,414,4,5214,2,4260,485,4,7820,4260,14,15,4857,407,13,127,2,81,5,1076,238,104,774,12,17,15,93 5,13
18,21,1076,238,32,1283,42,23,158,691,74 0
18,319,1844,974,173,83,606,5,237,3814,34,12,23,5636,5,5217 0
18,21,106,475,34,13,748,2,48,84,14,31,557,5,113,31,2640,117,1396,16106,6871 0
6,1726,5,1382,34,3469,13,468 0
18,113,31,2342,50,168,34,13,6,1726,5,1382,34 0
18,85,21,847,70,891,337,34,37,404,621,63,6173,9228,34,12,23,337 0
18,826,3088,1625,17,37,337,34 0
18,113,31,50,87,7821,26,803,12,23,744,26,1432 0
18,21,11,134,1328,2,596,26,469 0
18,21,11,228,12,23,300,26,876 0
18,21,311,51,81 5
18,21,61,290,607,83,22,327 30
998 0
23,121,14,185 0
18,113,433,1894,3638,9097 0
18,21,15,30,7,127 13
18,21,31,39,87,44,34,2,702,2,655,2,366,19,639,26,79 0
23,67,94,14,578,57,425,151,18,774,17,23,2422,401,2,48,23,567,2,9227,2700,2,15,1436,826,23,67,94,27,140,5,18,267,37,84,14,3815,2960 0
18,14,281,19,11371,1820,3177,51,1366,327 19
641,2,3639,35,347,327 21
641,2,2157,196,22,2865 15
18,21,15,30,7,254 10
18,20,6872,7,210,12,6,78 29
18,21,61,290,6,4263,1481,22,327 24
1190 0
86,1294 0
18,113,31,273,135,592,16107,48,21,31,166,87,342 0
18,14,9229,4264 0
92,285,16108,1033,1864,9230,2,48,18,222,31,1821,10,273,84,27,38,95 0
92,85,285,1023,332,1631 0
17,110,18,16109,10,273,577,6873,98,186,18,21,31,39,87,272,2,402,2,435,2,1463,26,3319,2,263,34,26,121,274 0
361,125,23,991,560,7822,12,6,2116 0
179,30,4,18,14,924 0
18,1553,847,48,31,2786,554 0
18,113,31,1374 37
68,14,11,30,7,4539,1240 0
128,30,4,361,125,128,30,7822,12,6,2116 0
163,7,213,4,66 0
18,21,31,39,15,134,4265,1771 0
93,73,4,18,14,15,214,779,407,12,11,180,326 0
23,67,94,401,14,4540 14
23,112,14,330,86,920,26,229 0
226,53,90,86,856,2,1056,26,1223 0
23,2641,53,86,342,26,1289 0
23,91,73,482,15,135,145,5,212,2,43,246,2,253,86,1093,2,970,26,417 0
187,14,133,2,375,86,953 0
18,14,2981,463 33
23,812,73,14,86,342 0
18,21,11,1076,277,19,1392 0
23,197,445,590,14,1028 0
18,113,31,50,87,336,79 0
23,525,243,53,171 0
23,466,14,175,10,688,1014,12,23,744 0
242,5,114,4,9,35,8,168,34,13,1382,5,1726,34,13,748 0
38,14,1664,239,10,23,1076,238 0
278,2,18,14,27,328,17,756,124,23,81,2,127,5,254 10,5,13
92,40,155,197,445,6174,1148,426,10,1167,286,756 0
18,319,60,6,3088,2718 0
17,23,337,34,71,47,273,31,880,14,741 0
9,51,8,311,51,81 5
18,692,15,654,374 0
23,67,94,7823,454,55,1400,11372 0
18,267,37,84,14,5218,944,37,542,151,23,567,2642,84 0
18,692,32,5219 0
18,21,11,160,17,527,27,38,95 0
9,102,8,424,927 0
18,692,15,4265,1771,71,18,20,124,80 0
40,155,577,6873,98,186,92,285,442,6874,17,1665,2643 0
18,40,207,100,12,1036,198,5,2718 0
18,21,31,39,15,134,4265,1771 0
18,20,124,15,4265,1771,12,6,52,4261,86,1294 0
3197,3637,2,96 0
11373 0
