69,49,4,16205,860,1363,35,8,178,5240,4,11410,4,269,9,717,8,2,1706,1706,546,41,505,28,269,9,751,8,2,1706,1706,368,41,505,16206,9,717,8,2,1706,1706,1204,41,505,52,1869,143,1964,9,751,8,2,1706,1706,1204,41,505,16207,9,2777,8,2,1706,1706,1204,41,505 1,3
70,164,143,1706,1706,1204,41,505,3203,16208,16209,2,2120,10,3328,2,2352,10,269,51,8,2300,399,11411,3203,5241,11410,102,8,421,16210,1280,41,158,10,162 3,2
828,58,11412,4,47,39,6,1068,7,930,287,9264,3825,12,6,562,308,27,6,6892,6893,144,80 0
32,329,871,2,16,14,15,3326,471,104,14,103,555,12,176,7,38,200 2
80,16,14,448,57,16211,24,162 0
24,78,89,30,14,182,17,15,164,143,76,2,139,304,3093,2,2004,2,555,2,5241,2,127,2,254,2,1970,7,63,307,551 2,13,1,10
24,231,77,563,172,474,22,2,1133,83,22,2,16212,130,22,2,3329,109,22,2,933,105,22,2,1266,130,22,2,16213,32,575 19,18,29,20
137,4,11,334,624,137 0
16,295,12,16214,13,24,503,2,567,2,5,16215,5,11413 0
16,113,31,1656,2,1374,26,245,219,840 37
16,14,2536,65,11398 0
128,30,4,2350 0
19,93,122,2,24,118,145,20,284,5,135,2,24,67,94,20,16216 0
625,53,171,2,199,2427,2,11,229 0
1078,580,94,20,919 0
226,53,90,10,452,193 0
16,39,15,135,145,5,212,13,15,1812,653,872,417,27,6,70,412,1494,2027 0
187,20,599 0
11,720,2,673,26,79,7,6,217 0
199,336,243 0
12,1246,2,38,14,15,3326,471,13,164,143,76,2,27,38,95,16,14,9265,591 1
16217,479,15,2328,1131,4834 0
47,40,1495,1047,5,235 15
207,100,12,35,376 0
5649,1707,9261,2,96 0
