67,54,4,18272,12816,3,18273,3,7816,50,749,40,28,13,64,4040,4599 1,1,1,1,1,1,1,1,1,1,1,1,1,1,1,1,1
50,660,37,50,46,1187,5,101,6,28,3,81,6,385,607,19,6,28,82,940,3,5,235,6,172,3,104,7,198,3,5,566,13,6,28 1,1,1,1,1,1,1,1,1,1,1,1,1,1,1,1,1,1,1,1,1,1,1,1,1,1,1,1,1,1,1,1,1,1,1
395,122,6,385,82,55,17,268,402 1,1,1,1,1,1,1,1,1
730,234,4,611,927 1,1,1,1,1
30,7,61,328,4,6,28,14,15,3537,358,13,15,30,7,585,831,17,75,16,14,19,452,3,817,130,371,3,181,120,76,3,106,3,5,169,1563,937,1648,3,121,38,15,611,255,1023 1,1,1,1,1,1,1,1,1,1,1,1,1,1,1,1,1,1,1,1,1,1,1,1,1,1,1,1,10,10,10,10,7,1,1,1,1,1,1,1,1,1,1,1,1,1
35,135,146,3,6,28,537,2685,5,2488,319,477,16,20,7817 1,1,1,1,1,1,1,1,1,1,1,1,1,1,1
6,28,2488,319,477,157,12,6,3538 1,1,1,1,1,1,1,1,1
6,28,20,1466,10328,43,723,397,16,1466,2129,6,1109 1,1,1,1,1,1,1,1,1,1,1,1,1
6,28,242,31,7818,23,413 1,1,1,1,1,1,1
74,20,11,314,7,2778 1,1,1,1,1,1
6,28,286,2957,711,16,20,3154 1,1,1,1,1,1,1,1
6,28,525,537,44 1,1,1,1,1
6,28,258,37,16,242,46,128,10329,990,5,226,7,184,5,284,48,418 1,1,1,1,1,1,1,1,1,1,1,1,1,1,1,1,1,1
6,28,258,37,16,537,166,3023,20,6503,6504,23,1768 1,1,1,1,1,1,1,1,1,1,1,1,1
6,28,109,640,7,128,590,5,3101 1,1,1,1,1,1,1,1,1
6,28,90,46,88,194,114,474,26,34 1,1,1,1,1,1,1,1,1,1
6,28,90,46,88,48,34,27,40,85 1,1,1,1,1,1,1,1,1,1
6,28,242,46,62,1813,1021,12,1306,2489,3,75,111,128,548,7,1911,325,225,6,1950,7,6,53,2075,120 1,1,1,1,1,1,1,1,1,1,1,1,1,1,1,1,1,1,1,1,1,1,1,1,1,1
6,28,6505,1132,66,1306,2489,242,111,128,1562,35,60,35,17,62,891,1138,7,215,42,13,128,2490,2537 1,1,1,1,1,1,1,1,1,1,1,1,1,1,1,1,1,1,1,1,1,1,1,1,1
6,28,20,221,43,23,747,198,331,3,1149,3,64,5626 1,1,1,1,1,1,1,1,1,1,1,1,1,1
6,28,20,1564,10,468,10,6,318,499,17,268,172,5,168 1,1,1,1,1,1,1,1,1,1,1,1,1,1,1
102,101,4,6,28,82,316,205,275,6,96,4,6,28,82,807,20,1035,851,10330 1,1,1,1,1,1,1,1,1,1,1,1,1,1,1,1,1,1,1,1
130,156,1912,1611,135,435,3,386,156,581,184,135,435,3,63,94,14,18274,3,5,1133,1045,20,1855,35,44 1,1,1,1,1,1,1,1,1,1,1,1,1,1,6,6,6,6,6,1,1,1,1,1,1,1
207,4,5627,453,55,3,491,27,4597,3,787 1,1,1,1,1,1,1,1,1,1,1
227,4,6,28,82,413,14,1172,5,1121,3,11,3903,1647 1,1,1,1,1,1,1,1,1,1,1,1,1,1
1561,1313,143,954,683 1,1,1,1,1
789,1239,20,91 1,1,1,1
136,4,332,3,11,910 1,1,1,1,1,1
386,4,91,10,463,100 1,1,1,1,1,1
11,741,1116,3,1065,3,26,407 1,1,1,1,1,1,1,1
612,4,1108,1108,3,1736,130,327,3,11,2173,213,3,502,3,26,561,143,857 1,1,1,1,1,1,1,1,1,1,1,1,1,1,1,1,1,1,1
361,4,214,4,152,3,11,1482,26,1641,3,11,741,246,10,1046,3,11,777,3102,240,857 1,1,1,1,1,1,1,1,1,1,1,1,1,1,1,1,1,1,1,1,1,1
779,77,1493 1,1,1
1309,77,1493 1,1,1
196,4,617,5,683,3,11,277,26,243,143,55 1,1,1,1,1,1,1,1,1,1,1,1
188,4,11,5018,3262,246 1,1,1,1,1,1
74,20,11,18275,93 1,1,1,1,1
114,4,617,5,60,1070,3,565,194,114,93,55,3,11,6015,194,114,93 1,1,1,1,1,1,1,1,1,1,1,1,1,1,1,1,1,1
74,143,11,777,1850 1,1,1,1,1
352,4,6,28,20,410,5,642,1200,3,670,3,628,3,5,511,143,233,928,204 1,1,1,1,1,1,1,1,1,1,1,1,1,1,1,1,1,1,1,1
6,28,82,1411,1093,57,928,204 1,1,1,1,1,1,1,1
50,242,31,1127,6,28 1,1,1,1,1,1
417,339,5,104,4,6,28,14,15,3537,358,13,15,30,7,181,120,76,3,817,130,371,3,169,1563,937,1648,3,5,585,831,17,75,16,14,19,452,3,121,61,13,15,611,255 1,1,1,1,1,1,1,1,1,1,1,1,1,1,1,10,10,10,10,1,1,1,1,1,1,1,1,1,1,1,1,1,1,1,1,1,1,1,1,1,1,1,1,1
6,28,20,781,12,10,6,318,499,17,268,172,5,1168,17,40,611,927 1,1,1,1,1,1,1,1,1,1,1,1,1,1,1,1,1,1
1154,505,27,40,85,158,15,611,927,507,10,2624,1992,2117 1,1,1,1,1,1,1,1,1,1,1,1,1,1
50,191,31,190,37,6,28,38,15,1699,1875 1,1,1,1,1,1,1,1,1,1,1
6,28,41,160,10,46,1018,457,264,5,3005,689 1,1,1,1,1,1,1,1,1,1,1,1
318,499,438,4,748,953,10,6,318,499,3,6,28,38,30,5,102,77,582 1,1,1,1,1,1,1,1,1,1,1,1,1,1,1,1,1,1,1
6,28,286,38,15,4798,177,582 1,1,1,1,1,1,1,1
6,28,4798,177,20,543,13,585,831,13,128,1552,2472,55 1,1,1,1,1,1,1,1,1,1,1,1,1,1
74,143,11,2173,199,937,84,857 1,1,1,1,1,1,1,1
6,28,38,457,264,781 1,1,1,1,1,1
6,28,82,457,264,143,639,17,15,347,7,18276,6,28,109,46,15,30,7,153,765 1,1,1,1,1,1,1,1,1,1,1,1,1,1,1,1,1,1,1,1,1
6,28,82,103,1989,143,72 1,1,1,1,1,1,1
6,28,82,2130,20,185,27,18277,6,28,82,492,63,785,20,44 1,1,1,1,1,1,1,1,1,1,1,1,1,1,1,1
6,28,82,2613,264,143,44,28,2613,264,143,639,17,62,905,7,7819,6,28,286,38,15,6506,413,241,570,582 1,1,1,1,1,1,1,1,1,1,1,1,1,1,1,1,1,1,1,1,1,1,1,1,1,1,1
6,28,6506,413,241,570,295,57,464,401,27,40,85 1,1,1,1,1,1,1,1,1,1,1,1,1
6,28,98,38,15,18278,48,738,890 1,1,1,1,1,1,1,1,1
6,28,48,738,295,57,98,464,401,27,40,85 1,1,1,1,1,1,1,1,1,1,1,1
64,5626,3170,5,2779,749,6,28,425,12,6,318,499 1,1,1,1,1,1,1,1,1,1,1,1,1
16,20,12,5628,13,162,6,28,10,281,297,27,40,85 1,1,1,1,1,1,1,1,1,1,1,1,1,1
6,28,41,52,162,10,15,450,859 1,1,1,1,1,1,1,1,1
6,28,41,160,10,826,319,17,284,199,181,771,26,103,325 1,1,1,1,1,1,1,1,1,1,1,1,1,1,1
6,28,41,160,268,450,17,284,2117 1,1,1,1,1,1,1,1,1
6,28,20,12,5628,13,40,104,17,168,27,40,85 1,1,1,1,1,1,1,1,1,1,1,1,1
747,801,4,176,611,927,3,284,507,10,62,2117 1,1,1,1,1,1,1,1,1,1,1,1
178,585,831 1,1,1
195,153,765 1,1,1
566,4,6,28,20,162,10,281,297,5,10,15,450,859 1,1,1,1,1,1,1,1,1,1,1,1,1,1
534,27,6,85,7,566,4,211,5,2275 1,1,1,1,1,1,1,1,1,1
497,5305,3,7816,107 1,1,1,1,1
487,4,12820,292,4,12820,533,43,4,5305,3,7816,746,18279,3660,250,31,81,43,262,331,250 1,1,1,1,1,1,1,1,1,1,1,1,1,1,1,1,1,1,1,1,1,1
