69,49,4,16218,1326,1250,2,2426,240,99,47,716,15,30,5,1030,122,7,6,29,5,285,24,583,13,6,427 39
47,177,6,427,74,99,5,1061,13,24,1283,584,5,114,7,203 0
6,29,14,15,1749,200,307,471,13,116,2,120,5,344,367,2,5241,19,493,17,2210,2,2711,2,104,658,183,11414,13,157,1188,2698,5,3094,2716,75,879,28,35,1409 10,5,13
20,265,17,1826,2155,5,205,609,20,66 0
745,20,85,43 0
16,39,39,15,1084,656,12,6,9266,12,6,78 0
20,321,19,15,1226,5,211,5,874 18,29
24,503,404,16,176,31,55,37,2492,48,24,1060,20,2987,80 0
84,39,61,51,151,16,1493,12,13,6,1826,75,695,28,6,73,80,227,4,4840,20,16219,4869,5,912,6190,3182 0
52,16220,2301,13,817,16221,4869,5,1006,7849,3182,13,63,16222,4870,1261,1264,6,850,2028 0
70,1188,394,12,6,2325,7,6191,1593,5,553,16223,12,6,5242,48,6192,1025 0
20,31,12,9267,7850 0
731,2,1099,2,672,355,43 0
242,4,139,304,1826,1490,741,10,2210,52,5171,527,13,359,7,188,2169,26,313 0
6,6110,14,268,218,1489,9,1540,136,47,222,31,125,87,693,505,16224,6,54,5171,2467,19,6,205,8,5,14,16225,576,10,2711 0
114,4,177,493,1341,9268,13,170 0
126,211,5,493,5,1226,986,116,5,120,338,40,1014,1562,13,3638,995,6,52,5171,527,808,12,259,198 5,13,18,29
1027,2,3603,16226,2,96 0
6892,6893,144,949,16227,16228,1572,16229 0
