69,49,4,16286,507,6897,1870,144,581,17,101,4,982,1661 0
605,103,91,9281,4559,861,269,369,957,30,4,982,200,307,345,13,15,30,7,116,2,254,2,120,2,5,178 2,5,13,1,10
16,16287,15,1966,19,11424 2
15,429,27,37,95,604,63,1627,751,269,505,2,15,449,41,2777,5253,238,2,15,365,41,16288,238,2,5,15,11450,602,13,15,365,41,238 3
24,2992,20,2124,27,11451,41,13,634,287,16,20,874,140,19,16289,10,16290,17,1378,555 3
16291,16,20,265,10,6898,144,576,10,844,468,34 0
1829,16292,704,4559,634,512,13,11,150,182,3831,1113 0
68,20,3097,52,719,1037,1393,6,2962,2,1424,2,786,2,5,794,11452 0
585,1516,41 0
68,20,3097,70,719,1037,1393,6,1709 0
6,114,20,17,38,29,10,2110,555,28,278,6,3204,503,20,2054,12,15,7866,5662,2,5,13,241,1979,6,1941,20,1074,10,60,170,10,6,429,282,10,2183,3098,393,37,6,29,519,55,13,24,503,32,2076,32,380 3
11453,16,20,1009,10,6,11454 3
751,269,39,15,204,41,1622,117,6,3205 3
6,3205,20,15,350,1261,13,63,2777,2,6904,2,365,41,505 3
6,5253,39,15,284,41,6904,505,37,222,31,2122,1329,3652 3
6,11455,39,15,1204,41,1673,505,12,6,717,2725 3
16,543,1527,7,6,3653,751,269,13,15,11456,16293,758,98,16294,369,13,63,1536,772 2
38,20,453,42,16295,1071,7,6,5663,7,6,2961,2032,5,6,269 0
6,11457,238,20,365,41,13,515,41,2348,238 0
2726,2,1527,7,6,717,2725,7,6,52,3158,20,716,947,15,11456,1654,758,98,16296,5,15,758,98,7867,369 2
6,11457,238,20,1204,41,13,515,41,2348,238 2
27,6,1273,7,6,1533,2,68,20,9234,1088,1329,722,13,11,4560,26,1619 0
6,29,1558,185,722,6,468,7,6,141,13,11,241,44,422 0
16,20,874,140,19,16297 0
136,24,377,16,21,1282,37,16,20,4877,13,1939,919 0
16,21,85,1282,106,939,713,5,366 0
16,658,10,6898,144,17,241,233 0
24,999,227,11,180,142,2,464,557,13,149,421 0
16,21,61,5254,7868,13,1051,12,24,542,7,366 0
16,20,1086,10,11458,17,15,540,91,561 0
429,80,4559,4,4878,861,269,5,11455,1651 3
3654,1071,1331,7,717,3205,861 0
16298,602,13,365,41,717,505,406,2727,13,9282,794,2,1424,2,5,9282,786,3198 0
585,244,41,13,5664,3171,634,1271,2075 0
78,89,30,4,161,7869,885,256,165,120,36,19,607,5,310,186,6894,4517,36,19,2988,5,2224,249,1356,36,19,1692,351,254,459,116,1100,4,1601,231,140,77,4,172,370,22,25,82,1266,130,22,25,506,3991,9,2224,8,6200,509,5,447,22,506,1594,397,9,1692,8,204,1252,25,82,184,758,22,25,82,771,1247,22,25,82,3826,9,2988,8,761,22,25,27,1244,3826,9,2988,8,449,22,25,513,6900,3826,9,2988,8,449,22,25,509,607,521,82,2161,2810,59,473,1541,82,235,390,82,310,778,82,77,19,1480,4,771,3315,82,1266,446,283,473,1541,82,184,1974,82,235,446,219,59,607,521,82,2988,1541,59,13,2810,283,211,1017,82,1692,11425,82,131,1175,923,2224,6200,509,5,778,506,179,30,4,5656,65,11426,12,1589,11427,295,13,503,5,837,74,128,12,6194,2,12 5,19,13,18,29,15,10,26,30,32
994,282,11428 0
88,309 37
2222,430,2,31,98,154,159 0
88,2226,840 0
93,122,4,1669,4,1516,2121 0
145,4,723,2284,2723,4,15,75,1179,28,985,98,186,7870 0
11,900,1479 0
1635,4,70,1270,11,9283,2,11,1867,2,16299,5,64,1671,4,133,2,375,2,1381,1515,4,418,2,43,246,253,2,13,3475,2993,2125,1810,27,6,4879 0
1670,4,2181,1056 0
1751,4,625,395,193,13,43,2427,5,11,229,1978,4,483,1750,4,57,1019,2,2024,11429,345,12,11,1451,372,326 0
1602,4,16300,2302,4,11,690,2,822 0
1786,134,258,4,16301,16302,2,867,1390,2,1827,16303,2,649,2077,2,524,183,2,379,1163,2,2895,1659,2,358,365,2,298,4022,2,266,7871,2,458,5665,2,443,7872,2,64,5665,2,1060,11459,2,1069,6905,242,5,114,4,38,14,15,982,200,307,345,13,15,30,7,116,2,254,2,120,2,5,334,178,103,9284,959,10,24,269,5,52,3158,19,11453,104,20,1086,65,6898,144,17,15,91,561,2,429,80,4559,16304,7,105,2,4878,861,369,36,126,211,5,473,36,126,231,1226,36,492,5,111,57,16305,126,231,5255,5,3478,36,126,219,235,2,64,39,61,855,1510,19,390,25,33,7,235,2,278,2728,608,7854,536,4,734,262,17,855,7873,358,2,126,10,838,310,7874,1492,119,608,7854,6906,7875,1162,6906,7875,2,1162,2495,42,4,6906,7875,681,809,42,6906,7875,2,1162,1655,139,4,678 3,2,5,13,1,10,26,32
