67,54,4,18369,12855,258,124,1111,3,12856,361,278,55,18370,28,414,4,7083,3,7834,542,4,12857,278,262,4,4805,5642,404,17,278,4,2052,3,128,1879,554,282,4,6,28,14,15,1279,87,302,522,19,209,203,340,3,13,1736,30,7,3158,162,13,544,65,7,2052 1,1,1,1,1,1,1,1,1,1,1,1,1,1,1,1,1,1,1,1,1,1,1,1,1,1,1,1,1,1,1,1,1,1,1,1,1,1,1,1,1,1,1,1,1,1,1,1,1,11,1,1,1,1,1,1,1,1,1,1,1,1,1
2488,504,1053,7,12858,949,7084,3,13,128,3506,1879,554,27,6,6514 1,1,1,1,1,1,1,1,1,1,1,1,1,1,1,1
11,8828,554,3,372,1111 1,1,1,1,1,1
126,10,49,18371,5,66,286,19,2488,372,1111,63,13,128,3087,554 1,1,1,1,1,1,1,1,1,1,1,1,1,1,1,1
267,255,1231,65,159,286 1,1,1,1,1,1
537,2685,6,671,65,3,200,159 1,1,1,1,1,1,1,1
1057,3,190,323,3,51,31,10356,11,291,34,26,744,173,1790 1,1,1,1,1,1,1,1,1,1,1,1,1,1,1
11,2120,453 1,1,1
11,300,3,375,3,249,3,459 1,1,1,1,1,1,1,1
11,2203,6515,26,1673,732 1,1,1,1,1,1
137,190,60,3,12859 1,1,1,1,1
49,203,105,3,3179 1,11,1,1,1
12,80,598,1343,2574,17,248,34,3,200,95 1,1,1,1,1,1,1,1,1,1,1
30,7,12860,1730,283,33,544,19,689,264,33,61,13,2039,2688,3,355,39 1,1,1,1,1,1,1,1,1,1,1,1,1,1,1,1,1,1
838,3774,87,183,13,267,381,1271,3,175,5643,3,6035,998,3,31,1913 1,1,1,1,1,1,1,1,1,1,1,1,1,1,1,1,1
11,779,432,159 1,1,1,1
109,46,2288 1,1,1
1059,232,3,140,211 1,1,1,1,1
11,1022,7,361,1759 1,1,1,1,1
674,4,1730,283,4,2965,82,3,11,553,6036,82,131,756,76,106,330,604,1220,110,164,17,3096,254,4,252,9,947,478,8,1026,45,25,32,959,1092,58,1222,1096,892,167,226,7,184,2669,9,5319,3340,8,4603,45,49,36,45,9,73,8,25,2077,3,49,175,45,909,174,1522,9,3177,8,549,45,49,36,45,9,73,8,25,32,2671,9,2359,965,1318,8,1014,1318,2530,32,3,2020,10,8829,915,228,780,9,913,8,686,45,49,36,45,9,73,8,25,32,236,9,800,8,515,45,49,36,45,9,73,8,25,32,1782,9,1712,456,8,10355,45,49,36,45,9,73,8,25,32,4374,9,2541,1341,3772 1,1,1,1,1,1,1,1,1,1,1,1,1,1,1,7,1,1,1,1,1,1,1,1,1,1,1,1,1,1,1,1,1,1,1,1,1,1,1,1,1,1,1,1,1,1,1,1,1,1,1,1,1,1,1,1,1,1,1,1,1,1,1,1,1,1,1,1,1,1,1,1,1,1,1,1,1,1,1,1,1,1,1,1,1,1,1,1,1,1,1,1,1,1,1,28,1,1,1,1,1,1,1,1,1,1,1,1,1,12,1,1,1,1,1,1,1,1,1,1,1,1,1,1,1,1,1,1,1,1,1,1,1,1,1,1,1,1,1,1,1,1,1
8,3544,45,819,49,36,45,9,73,8,25,32,3,49,35,496,218,1675,45,25,32,3,40,938,169,228,233,4,8825,2688,33,18372,4,1012,1144,4,245,1272,3,1609,727,3,2306 1,1,1,1,1,1,1,1,1,1,1,1,1,1,1,1,13,1,1,1,1,1,1,1,1,1,1,1,1,1,1,1,1,1,1,1,1,1,1,1,1,1,1
11,145,485,1022,4,11,1022,361,1759,545,4,701,4,853,3,1130,3546,159,168,3,1106,18373,3,1914,42,658,814,4,197,60,3,51,590,227,4,797,3,1042,91,48,4,751,682,720,4,455,409,304,310,3,11,18374,362,4,152,3,952,3,1465,3,409,588 1,1,1,1,1,1,1,1,1,1,1,1,1,1,1,1,1,1,1,1,1,6,6,1,1,1,1,1,1,1,1,1,1,1,1,1,1,1,1,1,1,1,1,1,1,1,1,1,1,1,1,1,1,1,1,1,1,1,1,1,1,1
7835,978,3547,860,3,396,3,988 1,1,1,1,1,1,1,1
3413,1039,779,4,2288,3,1111,8830,3030,554,110,5320,149,4,434,705,592,869,769,4384,2152,2105,2912,4806,434,392,888,870,4384,171,9,83,8,1293,5022,9,83,8,4384,2021,9,83,8,1492,4385,9,83,8,434,399,1179,22,1077,4384,3328,2966,2905,829,434,1791,1506,1388,1938,4384,1701,3427,1880,2628,434,2967,2289,4384,1907,2078,434,1565,1527,1566,1077,4384,1352,1469,1897,829,434,1791,4384,1701,434,349,734,560,333,8831,4044,9,83,8,12861,9,59,8,3104,9,59,8,6516,9,59,8,8831,5025,9,83,8,12861,9,59,8,2714,9,59,8,10357,9,59,8,4384,18375,9,83,8,8832,9,59,8,5644,9,59,8,6517,9,59,8,4384,5026,9,83,8,10358,9,59,8,4196,9,59,8,6037,9,59,8,4384,4807,9,83,8,8833,9,59,8,4808,9,59,8,5645,9,59,8,434,333,18376,10359,434,653,786,823,536,8831,1183,5321,4605,12862,434,795,8831,4987,434,653,786,823,536,4384,1137,6518,5322,10360,434,795,4384,4386,434,79,1067,4384,4987,9,83,8,5646,434,18377,18378,269,257,36,259,18379,269,257,58,259,838,33,18380,18381,272,175,12863,1271,13,11,432,20,514,12,6,4387,895 1,1,1,1,1,1,1,1,1,1,1,1,1,1,1,1,1,1,1,1,1,1,1,1,1,1,1,1,1,1,1,1,1,1,1,1,1,1,1,1,1,1,1,1,1,1,1,1,1,1,1,1,1,1,1,1,1,1,1,1,1,1,1,1,1,1,1,1,1,1,1,1,1,1,1,1,1,1,1,1,1,1,1,1,1,1,1,1,1,1,1,1,1,1,1,1,1,1,1,1,1,1,1,1,1,1,1,1,1,1,1,1,1,1,1,1,1,1,1,1,1,1,1,1,1,1,1,1,1,1,1,1,1,1,1,1,1,1,1,1,1,1,1,1,1,1,1,1,1,1,1,1,1,1,1,1,1,1,1,1,1,1,1,1,1,1,1,1,1,1,1,1,1,1,1,1,1,1,1,1,1,1,1,1,1,1,1,1,1,1,1,1,1,1,1,1,1,1,1,1,1,1,1,1,1,1,1,1,1,1,1,1,1,1,1,1,1,1,1,1,1,1,1,1,1,1,1,1,1,1,1,1,1,1,1,1,1,1,1,1,1,1,1,1,1,1,1,1
6,1271,20,544,643,12,978 1,1,1,1,1,1,1
7836,20,582,13,15,1585,12864 1,1,1,1,1,1,1
1300,20,492 1,1,1
5643,20,31,359 1,1,1,1
175,12863,1271,13,11,432,20,514,12,6,4387,895 1,1,1,1,1,1,1,1,1,1,1,1
6,1271,20,544,643,12,978 1,1,1,1,1,1,1
7836,20,582,13,15,1585,12864 1,1,1,1,1,1,1
1300,20,492 1,1,1
5643,20,492 1,1,1
2288,13,11,432,143,514 1,1,1,1,1,1
15,493,10361,143,514,12,6,2968,895,5,12,6,1464,18382 1,1,1,1,1,1,1,1,1,1,1,1,1,1
339,4,36,8,1513,1271,33,544,643 1,1,1,1,1,1,1,1,1
492,1004,20,10362 1,1,1,1
117,8,2288 1,1,1
210,8,2181 1,1,1
895,9,4387,8,3,7836,4,1845,548,7,131,199,2956,13,18383,3,8834,18384,763,12,18385,3,5,1119,18386,18387,763 1,1,1,1,1,1,1,1,1,1,1,1,1,1,1,1,1,1,1,1,1,1,1,1,1,1,1
192,5,104,4,1279,87,302,522,13,544,65,7,7085,2052,3,98,146,7,1879,554,3,30,7,3158 1,1,1,1,1,1,1,1,1,1,1,1,1,1,1,1,1,1,1,1,1,1,1,1
1085,7,432,31,91 1,1,1,1,1
1780,372,2230,7,10363,3,166,5647,13,173,1574,12,824,3,7085,3,504,1053,2052 1,1,1,1,1,1,1,1,1,1,1,1,1,1,1,1,1,1,1
740,11,5648,34,17,937,2913,3,693,349,185 1,1,1,1,1,1,1,1,1,1,1
11,249,3,459,3,174,361,116,26,1543,17,2366,2913 1,1,1,1,1,1,1,1,1,1,1,1,1
138,1879,554,3,203,157,3,30,7,3158,3,473,432,98,284,3,693,61,13,1111,63,5,1607,2410,2323,17,40 1,1,1,1,11,1,1,1,1,1,1,1,1,1,1,1,1,1,1,1,1,1,1,1,1,1,1
138,18388,12,317,7,432,3,740,13,394,2211,5,838 1,1,1,1,1,1,1,1,1,1,1,1,1
2211,5,838,40,495,659,203,86,32,2319,134,824,894,268,3,237,1698,1014,189,10,333,7,18389,5323,226,3,229,361,1191,1167,18390 1,1,1,1,1,11,11,1,1,1,1,1,1,1,1,1,1,1,1,1,1,1,1,1,1,1,1,1,1,1,1
