69,49,4,16354,6202,2,6910,46,11469,305,470,42,58,16355,17,583,7,385,47,50,201,5,755,6,29,5,1061,13,6,30,317,234,2,1545,2,257,2,192,2,128,299,2,499,28,11488,2,258,2,426,2,242,5,114,32,119,58,6212 0
1924,2,1333,292,528,13,134,700,805,12,16356,9,31,9296,6921,8,104,222,57,532,102,123,2078,151,18,533,2079,696,455,2,6213,250,5,20,166,10,50,628,1048,7,1653,41 0
12,189,2,29,20,2062,185 0
16357,1811,225,385,62,12,362,1468,1868,62,5,5680,12,1968,818,1557 0
29,20,321,19,6214,652 0
1545,686,17,1966,2,1006,178,2,52,1079,693,453,42,16358,2,670,2,116,2,254,2,1379,493,117,162,154,159,146,257,563,4,2030,2,210,2,669,2,652,1591,196,16359,2,706,614,159,146 2,38,13,1,29,10,21
128,299,686,17,4,837,3824,2499,12,5681,13,67,4563 0
11488,4,3838,1944,41,19,3210,2,276,738,2,289,1333,2,111,16360,157,105,759,1442 14
4258,90,118,418,11,3458,226,476,558,722,516,4,2358,4564,2,839,225,79,258,686,17,4,298,462,4210,5267,16361,447,205,609,306,817,1824,385,62,5,225,412,5,197,1469,28,16362,28,5680,12,52,1063,5,525,5,2358,582,1486 0
704,585,284,41,2,3483,2178,628,4287,2,3211,354,16363,28,1748,5682,2,2818,13,157,6215,9,264,3211,2,628,1118,136,97,704,8,320,4,817,225,385,2,2062,185,160,7,1748,5210,2,251,91,785,2,1827,71,151,5683,1730,29,12,328,2243,17,264,11489,1467,877,2818,13,70,10,52,4870,670,4565,4,1491,16364,4566,6216 0
6922,14,37,6,29,21,1467,5680,12,531,62,5,21,15,2818,13,70,10,52,4870,5,14,27,328,17,798,9,645,6216,40,31,3661,350,4563,65,16365,8,5,37,16366,785,2,1827,2,5,704,1083,29,12,328,2243,17,264,11489 0
273,31,1491,16367,12,37,29,14,2062,185,5,2239,17,3103,6923,1583,2966,12,1082,3764 0
319,228,10,252,16368,121,652 0
5597,2155,247,6217,2,910,17,670,4259,17,2092,1089,10,2011,12,6,203,7,38,29,2,5684,5685,16369,2,705,16370 0
