69,49,4,16344,507,11467,1120,144,828,58,4027,4,1152,329,214,573,17,1034,1549,7,6910,6202,17,233,7,164,143,76,5,15,70,164,143,1440,32,1283,19,205,9230 1
18,14,15,5679,407,13,2701,30,7,671,245,7,1441,271,16345,159,4029,647,4030,159,146 38
18,16346,65,127,2,254,2,358,1214,2,5,1127,479,10,55,15,134,494,7,670 10,13
18,21,2342,61,214,851,12,23,996,6919,65,168,34,2,5,21,578,61,12,87,311,7,135,352,1072 0
18,288,21,1282,366,19,639,191,6,78,248,10,497,198,5,21,61,480,13,363,517,16347,32,57,32,63,910,2483,27,140,5,63,910,1361 0
13,472,4246,2,23,366,504,2,48,209,3481,32,6,1900,129,7885 0
18,113,444,106,534,7,44,5179,2,71,18,1185,32,15,1818,699,12,23,44,2,71,40,97,17,606,27,15,95 0
472,53,31,16348,741,5,53,3765,647,631,119,223 0
18,20,730,19,742,13,106,1051,2,48,113,977,32,108,18,40,411,2801,472,534 0
10,241,1514,23,115,7,1467,250,5,255,7,194,2,18,543,15,205,609,10,1514,17,305,3836 0
38,20,716,19,16349,5,222,31,1035,87,160,7,385,2,278,2,68,20,164,143,3659,13,2816,166,12,6,52,1468,164,143 0
68,20,15,900,903,675,1440,7,6,70,164,143 0
18,20,237,926,10,260,17,241,233 0
78,89,30,4,127 13
254 10
358,1214 0
52,3209,1871,984 0
4885,1574 0
2338,1002,76 0
1356 0
670 0
231,77,4,517,2651,1010,196,22,33,633,749,109,2023,33,184,154,22,33,172,474,22,33,442,4285,1481,22,33,1594,244,1252,33,210,109,22,33,1461,130,22,33,910,1361,28,2817,4,5,2483,1151,137,4,1146,18,267,3337,7876,2813,11485,13,6,3837,7,2403,27,6,95,7,23,2542 18,29,15,21
624,1146,7876,2813,2,71,3338,1385,119,23,444 0
128,30,4,686,17,23,603,13,729,743,27,11486,477,13,403,63,1790,118,2,348,104,587,27,11487,179,30,4,18,706,309,4030,159,146,2,937,1591,248,7886,119,107,17,1212,159 38
18,295,1310,48,23,567,295,256,23,12,6,1140,6210 0
163,7,213,4,18,88,87,182,228,12,121 0
18,21,1024,1274,1359,13,5635 0
18,267,188,250,5,1945,2,71,21,61,504,19,517 0
18,21,255,7,194,13,639,48,88,939,44,34 0
11,197,445,79,2,396,2,26,2574,3660 0
18,267,23,1002,115,53,504,19,23,742 0
18,21,11,30,7,551,2,11,30,7,461 0
18,267,23,728,50,61,333,425 0
355,1380,163,7,213,20,66 0
93,122,4,1669,4,546,1602,4,16350,1750,4,18,14,63,2024,407,12,11,326,5,1442,27,468,2302,4,739,7,690,1978,4,599,1751,4,487,20,27,351,18,39,171,625,86,229,1670,4,226,53,90,86,182,1945,1515,4,135,2,246,5,253,86,387,1671,4,133,13,15,375,4284,2996,832,1635,4,18,39,11,79,12,23,217,13,171,525,243,2723,4,18,14,413,5,646,2497,4,4888,643,147,4,1164,399,212,27,546,13,15,52,3209,1871,984 14
242,5,114,4,6910,6202,21,306,328,811,17,164,76,317,127,2,254,2,15,318,128,30,2,5,1818,671,245,12,6,78 10,9,13
18,3057,21,39,844,6920,7,15,670,2896,2,71,21,61,3971,10,517,5,910,2483,364 0
23,44,205,609,2093,2816,12,6,52,1468,164,143,32,57,32,15,70,164,143,1440 0
47,273,2242,18,692,241,233,523,42,3339,708,2,5,47,40,3340,63,1784,415,215,5,539,91,561,10,241,7785,23,3311,13,23,306,7887,2498,5,1113,32,201,19,23,134,205,609 0
18,40,126,15,1581,2651,13,380,736,7,150,6211,10,338,23,670 0
114,4,161,1784,1149,10,1514,17,313,12,16351,7,6,52,1557,32,57,32,6,602,16352,1636 0
165,522,7,23,5265,32,119,1034,622 0
186,47,40,125,23,428,12,207,100,12,153,376,5,539,91,561,17,241,233 0
249,47,50,2179,23,10,2029,10,6,303,674,13,6,3837,7,87,182,44,34,26,1387,255,7,194 0
142,10,77,38,101,517,2651,1010,196,22,33,633,749,109,2023,33,184,154,22,33,172,474,22,33,442,4285,1481,22,33,1594,244,1252,33,210,109,22,33,1461,130,22,33,910,1361,5,2483,1151,633,4285,109,2023,33,910,2483,84,14,15,1068,10,5157,12,23,203,5,47,40,126,10,1454,329,5266 18,29,15,21
1027,2,4286,5614,96 0
681,809,42,4286,5614,96 0
19,3482,1143,2,16353 0
