67,54,4,18362,18363,224,8824,7832,1418,447,1741 1,1,1,1,1,1,1,1,1,1,1
425,411,19,303 1,1,1,1
267,65,183,7082,3029,19,1925,12853,7,10354 1,1,1,1,1,1,1,1,1,1
2280,4803,7,196,2839,115 1,1,1,1,1,1
2847,343,13,5640,5,18364 1,1,1,1,1,1
55,1111,99,421,5,89 1,1,1,1,1,1
11,249,26,459 1,1,1,1
39,252,9,947,478,8,1026,3,25,32,959,1092,58,1222,1096,892,167,226,7,184,2669,9,5319,3340,8,4603,3,36,45,9,73,8,25,2077,4374,9,2541,1341,3772 1,11,1,1,1,1,1,1,1,1,1,1,1,1,1,1,1,1,1,1,1,1,1,1,1,1,1,1,1,1,1,1,1,1,1,1,1,1,1
8,3544,3,36,45,9,73,8,25,32,4,49,35,496,236,9,800,8,515,3,36,45,9,73,8,25,32,780,9,913,8,686,3,36,45,9,73,8,25,32,218,378,3,36,45,9,73,8,25,32,4,49,35,496,1782,9,1712,456,8,10355,3,36,45,9,73,8,25,32,1522,9,3177,8,549,3,36,45,9,73,8,25,32,127,8825,2688,33,874,4,1012,206,403,2306,2229,3,245,1272,3,1732,36,1333,123,1294,3,1196,1458,996,3,334,6513,2897,3,485,200,3,11,288,3,8826,4,200,3,4382,3,2524,579,4,11,12854,77,292,967,3,60,197,3,4383,787,1246,3,642,123,117,3,2484,48,4,751,3,1080,396,644,4,455,3,409,304,310,531,4,11,1379 1,1,1,1,1,1,1,1,1,1,1,1,1,1,12,1,1,1,1,1,1,1,1,1,1,1,1,28,1,1,1,1,1,1,1,1,1,1,1,1,13,1,1,1,1,1,1,1,1,1,1,1,1,1,1,1,1,1,1,1,1,1,1,1,1,1,1,1,1,1,1,1,1,1,1,1,1,1,1,1,1,1,1,1,1,1,1,1,1,1,1,1,1,1,1,1,5,5,5,5,5,5,5,5,5,5,5,5,1,1,1,1,1,1,1,1,1,1,1,1,1,1,1,1,1,1,1,1,1,1,1,1,1,1,1,1,1,1,1,1,1,1,1,1,1,1,1,1,1,1,1,1,1,1,1,1,1,1,1,1
187,303,13,4989,3,11,84,12,978,3,217,443,133,3663,4,4804,283,59,18365,3,18366,6032,3,18367,4804,283,3,2542,685,8827,210,632,3178,3,11,1111,6493,3,11,309,532,972,1043,4350,1183,580,447,3,345,3650,219,4350,3341,972,18368,10,1197,967,2578,176,1266,110,5580 1,1,1,1,1,1,1,1,1,1,1,1,1,1,1,1,1,1,1,1,1,1,1,1,1,1,1,1,1,1,1,1,1,1,1,1,1,1,1,1,1,1,1,1,1,1,1,1,1,1,1,1,1,1,1,1,1,1,1,1,1,1,1
11,6033,1768 1,1,1
343,13,2781,501,892,123,539,65 1,1,1,1,1,1,1,1
1521,601,36,3314,10,2717 1,1,1,1,1,1
2722,3545,138,89,35,28,368,31,1773,99,3545 1,1,1,1,1,1,1,1,1,1,1
1526,92,14,312,306,108,87,3,5641,1810,183,306,2229,75,14,6,1505,12,6,940 1,1,1,1,1,1,1,1,1,1,1,1,1,1,1,1,1,1,1,1
178,142,4,572,218,378,25,32 1,7,1,1,13,1,1,1
195,1220,4,211,228 1,1,1,1,1
827,972,253,280,4,81,2076,10,2208,3773,3,118,288,7833,6034,852,4604,3,107 1,1,1,23,1,1,1,1,1,1,1,1,1,1,1,1,1,1,1
