67,54,4,13076,1102,6065,3,2868,3458,8941,3,107 1,1,1,1,1,1,1,1,1,1,1,1
18946,10516,3153,10517,3,4640,10518,684,4,3569,3,2869,509,47,7913,882,10519,4,50,749,844,28,3,2869,3569,3,12,6,528,668,89,5,16,753,10,52,191,244,60,66,15,612,2979 1,1,1,1,1,1,1,1,1,1,1,1,1,1,1,1,1,1,1,1,1,1,1,1,1,1,1,1,1,1,1,1,1,1,1,1,1,1,1,1,1,1,1
758,16,21,38,1084,269,554,5,21,2980,15,838,13,6,6086,7,939,1271 1,1,1,1,1,1,1,1,1,1,1,1,1,1,1,1,1,1
544,46,68,1004,5,16,286,38,15,361,432 1,1,1,1,1,1,1,1,1,1,1
40,21,68,3934,5,16,21,68,211 1,1,1,1,1,1,1,1,1
6,4420,1271,41,160,10,52,1004,27,15,525,85 1,1,1,1,1,1,1,1,1,1,1,1
27,40,802,3,23,203,21,68,1285,17,15,1397,7,65,5,6,2620,20,98,1285,758,517,7,118,1012,400,154 1,1,1,1,1,54,54,54,54,1,1,1,1,1,1,1,1,1,1,1,1,1,1,1,1,1,1
23,137,39,1241,158,289,171,22,135,65,3,610,279,22,32,3,1919,707,180,22,32 1,1,1,1,1,1,1,1,1,1,1,9,1,1,1,1,20,20,1,1,1
16,14,2040,7,15,7159,5,8942,511,139,724,51,376,11,380,26,174,422,116 1,1,1,1,1,1,1,1,1,1,1,1,1,1,1,1,1,1,1
16,14,404,308,51,954,406,43,23,725 1,1,1,1,1,1,1,1,1,1
19,77,89,3,16,14,1250,13,15,63,94,7,3811,3,15,130,156,7,1188,5,145 1,1,1,1,1,1,1,1,1,1,1,1,1,1,1,1,1,1,1,1,1
413,5,136,143,569 1,1,1,1,1
48,14,91 1,1,1
103,77,111,11,1161,715,3911,27,180,851 1,1,1,1,1,1,1,1,1,1
1630,14,44 1,1,1
304,5,310,57,44,13,15,2118,2111 1,1,1,1,1,1,1,1,1
74,14,62,1094,5,15,4841,589,891,213,27,6,53,1456,1876 1,1,1,1,1,1,1,1,1,1,1,1,1,1,1
291,77,20,569 1,1,1,1
114,111,11,93,26,750 1,1,1,1,1,1
23,427,4798,1145,722,44,338,239,13,53,1090,2549,5,15,1452,53,6087,2494,2308 1,1,1,1,1,1,1,1,1,1,1,1,1,1,1,1,1,1,1
3458,8941,3,107 1,1,1,1
684,4,3569,3,2869,1102,6065,3,2868,1167,58,50,704,293,3569,14,3368,191,334,60 1,1,1,1,1,1,1,1,1,1,1,1,1,1,1,1,1,1,1,1
92,237,52,7,1738,10,390,62,288,154,159,16,21,31,38,175,159,5364,16,38,673,325,27,37,85 1,1,1,1,1,1,1,1,1,1,1,1,1,1,1,1,1,1,1,1,1,1,1,1,1
74,57,11,116,37,237,2779,103,593,27,40,802,5,119,41,122,1667,16,109,19,6,288,154,13,6,3048,461 1,1,1,1,1,1,1,1,1,1,1,1,1,1,1,1,1,1,1,1,1,1,1,1,1,1,1
134,88,147,387,3,395,191,887,1837,10,732,271 1,1,1,1,1,1,1,1,1,1,1,1
941,360,244,681,17,1301,271,10,575,13,23,198 1,1,1,1,1,1,1,1,1,1,1,1
8943,1150,641 1,1,1
1015,844,3,6088,3802,7914,3,107 1,1,1,1,1,1,1,1
806,4,13077,825,4,18947,843,4,13077,18948,4842,39,599,2008,18949,5066 1,1,1,1,1,1,1,1,1,1,1,1,1,1,1,1
10520,3,4640,10521,250,2412,51,31,81,43,262,1007,250 1,1,1,1,1,1,1,1,1,1,1,1,1
