69,49,4,16536,4582,2,6956,9341,16537,378,325,1124,38,2118,1661 39
769,345,13,127,5,789,1263,17,437 10,13
24,562,163,7,213,5,150,163,7,213,14,3491,66 0
16,826,4299,1565,447,22,25,59,5,3325,83,22,25,59 15,27
16,21,11,849 0
19,122,80,2,24,121,14,9342,727,28,111,14,2960,28,202,73,14,483,28,44,14,90,28,118,482,15,133,1329,417,28,263,122,14,599,28,812,14,1132,66,86,342 0
242,4,6,29,14,12,199,185,424 0
47,40,4902,106,67,968,5,5704,170,15,3433 0
47,40,125,170,12,173,11549,198 0
2999,3492,6237,2,96 0
800,4,9341,827,4,16538,818,4,9341 0
