69,49,4,16602,29,414,4,7924,2,11565,206,485,4,16603,208,49,7,101,4,16604,58,16605,2700,6969,828,16606,2,957,30,4,1256,7924,1936,80,17,437,7,164,143,76,2,304,134,555 1,2
32,329,871,2,23,408,20,1180,42,652,4303,3857,2,5,18,21,61,986,19,493,2305 0
18,21,346,1961,57,12,1859,236,136,162,5,23,2437,542,21,504 0
6,825,2742,115,14,5293,12,6,412,1756,7,6,5707,2,5,63,7925,12,6,197,1756,7,6,2355,71,16607,106,3858,3845 0
18,85,21,15,9360,5,23,386,71,21,2015,2567,2018,10,6,2991,5,1757,106,422 0
23,1417,14,573,419,271,16608,2,5,18,21,39,11,44,34 0
18,21,214,149,2348,366 0
18,21,39,149,79,27,511,2,48,84,21,4799,660 0
18,21,39,11,508 0
163,7,213,4 0
192,7,6,640,53,43,26,66 0
224,4,420,1112,2,508,5,469 0
392,5,112,4,1274,2,3498 0
372,4,250,2,3071,100,67 0
562,4,125,30,256 0
1766,4,1579,2366,26,3859,2,572,2132,2,2126,26,7881,1962,2,3860 0
668,4,1579,2438,27,420,2,668,1946,2245,2,67,12,389 0
899,4,1666,3861,2,1232,2,901,274,12,153,568 0
3219,4,2654,2035 0
181,4,280,690,26,7926,2,657,2623,7,337,4041,2,3220,37,53,3359,1118 0
1713,4,251,67,728,2,620,167 0
1031,4,252,168,34,2,757,1861,2,757,388 0
128,5,179,30,4,128,5,179,30,50,31,1599 39
68,14,11,2830,280,1908,71,21,6099,19,6,231,167 0
93,122,4 0
18,1423,791,57 0
23,67,94,14,3633 14
1824,580,94,14,43,5,226,53,90 0
68,14,149,277,13,11,2184,26,388,191,6,412,1273,7,6,5707,2,5,68,14,15,35,601,12,3207,7925,7,6,2355,27,6,197,1273,2,13,16609,1395 0
226,53,90 0
118,482,135,212,5,47,6244,11,1371,26,417 0
902,14,31,782,5,68,14,11,79 0
68,20,15,350,1273,7,15,9360,65,6,350,386,2355,2,71,47,16610,664 0
1322,4 0
43,399,212 0
794,1807,5294,2,1039,10,3112 0
297,6,4042 0
1172,2,1256,7924,14,504 0
47,963,170,1446,173,380,11566,566,7,23,5707 0
47,40,1729,23,10,16611,1074,10,17,6,545,1159,10,16612,38,2,5,40,237,15,205,609,7,23,44,5,5707,3769,17,87,2655,7,4907 0
47,50,1428,23,10,126,10,55,529 0
23,748,14,851,42,34,2,71,1238,26,352 0
18,21,2052,1936,10,23,16613,500 0
47,1074,11,228,12,23,322,80 0
1082,114,10,125,23,428,15,1450,7,198,5,18,40,126,19,493,2305 0
47,3673,1454,329,16614 0
1027,1928,2,2367,1050,9358,2,96 0
16615,9,16616,8,384,4,58,16617,9145,5183,42,5295,988,6234 0
361,6970,3005,1984 0
