69,49,4,16618,6971,3306,5708,2,96 0
4585,224,144,6181,3356,3674,2,4304,16619,7927,2722,7928,5709,2,2193,5710,7929,2337,312,4,58,11567,2,58,7930,5703,2,4585,224,507 0
2337,494,4,139,304,91,753 0
1167,286,1665 0
234,4,29,14,15,6972,762,13,15,30,7,2255,2,971,12,3113,151,16,658,13,52,2133,2171 0
27,6,95,2,16,20,7931,42,1033,3188,753,71,20,66 0
1092,38,20,15,4305,74,26,16620,74,2255,14,884,10,1089,2,48,16,20,480,13,11568,2,16621,5,517,17,647,2114,236 0
27,37,845,2,16,20,6245,10,55,12,4306,5,4499,12,4306,136,237 0
12,2656,2,6,29,20,523,971,13,81,341,151,16,658,13,1609,2,1949,5,4213,862 5
1487,16,20,480,13,802,2332,2392,17,153,10,248,159,5,136,37,95,21,61,19,131,364,2,281,19,1258,190,7,486,5,1036,7,135,12,6,465,13,154,486,5,1036,7,135,16622 25
16,281,2642,24,67,728,938,511,15,107,5,4307,12,6,16623,502,13,4308,537,173,2077,5,14,453,42,58,7932,5296,7,9361,2,5297,2,24,763,203,1925,2,17,38 0
6,29,74,1294,7,81,341,53,1490,16624 5
68,14,11,336,527 0
68,14,11,3624,527 0
11,3439,76 0
278,2,6,29,113,50,132,76,2,13,450,331,281,7,11569,288,6,29,533,1101,118,353,13,1153,115,12,6,859,4012 0
42,1215,7,3455,2,6,29,39,1701,406,115,1339,3862,5,12,6,2319,7,1231,3455,10,1215,7,2421,2,6,29,1249,39,83,729,5700 2
12,1215,2421,2,6,29,543,11570,91,753,401,27,6,16625,1400,6,203,7,58,5298,16626 0
136,37,95,2,6,29,21,346,214,57,86,160,7,2743,13,1961,199,352,2059,5,13,4890,15,7933,1563,7,115 0
6,29,74,231,77,563,4586,761,1213,793,15,107,28,517,614,1213,15,107 0
11571,1776,1213,15,107,28,6246,761,1213,793,15,107,28,6100,1296,1213,15,107,28,3335,172,631,15,107,28,5711,183,1213,631,15,107,28,5,2582,244,1213,15,107,17,4281,12,24,882 18,20
163,7,213,4,21,39,153,805,7,24,70,4587,1197,37,20,65,15,1328,106,159,146 0
150,78,89,30,1128,30,7,535,1644,5,438,5,6,5299,2632 0
6971,3306,5708,2,96 0
4585,224,144,6181,3356,3674,2,4304,11572,7927,2722,7928,5709,2,2193,5710,7929,1357,51,128,30,4,24,1202,2,9362,1743,2,5,477,2,50,1665,13,24,477,460,1701,406,1665,13,15,43,7,2014,16627,5,106,2467,5274 0
24,603,5,477,50,39,81,341,2,24,603,16628,7,118,76 5
68,14,15,16629,567,104,21,15,30,7,2831 0
68,14,11,30,7,620,76,12,6,128 0
179,30,4,16,281,1230,27,11573,5,21,15,16630,3221,68 0
16,706,309,5,1785,6788,159,146 38
16,21,61,924,17,191,105,159 0
24,163,7,115,604,6,2615,7,339,115 0
68,129,11,2631,115,2,11,714 0
43,2832,496 0
16,1938,87,181,167,26,690 0
16,1938,803,5,1839,12,24,744,2,2162 0
68,14,15,30,7,127 13
150,163,7,213,4,24,2289,21,61,185,27,11574,348,6866 0
93,122,4,67,94,16631 14
118,145,7934,6,29,14,15,2464,762,2,1039,463 0
24,2289,14,11574,348 0
121,6973,727 0
71,14,1249,6247,61,734 0
16,21,15,149,5300,893,13,15,1114,2328,7,806,815,5,2306,2471 0
11575,2646,86,571 0
43,9363,1445 0
24,802,2907,20,1130,86,160,7,3626 0
112,73,4,16,39,15,330,112,13,11,293,229 0
43,620 0
24,44,73,604,90,409,2799,13,43,9364 0
68,20,11,4043,277,26,1113,19,24,168 0
24,91,73,4,16,39,15,133,2,246,2,253 0
91,73,355,483 0
24,187,20,133 0
16,39,106,160,7,131,3471,2,48,11,182,1520 25
16,16632,362,12,24,187,5,16633,13,24,1907 0
24,217,604,839,1570,3625,2,43,243,2,5,129,863 0
11,79 0
4309,16,20,2256,11576 0
16,39,43,10,610,476,3166,466,12,24,2829,853 0
489,73,4,373,134,3675,37,47,519,2956,129,1415,5301,2,7935,397,16634,524,3006,28,749,11266,4549,3171,379,9365,331,2554,28,358,11577,24,867,20,16635,442,16636,1370,2123,28,9366,11578,1813,1850,20,5632,5712,547,3006,28,1042,16637,1005,20,7816,367,16638,1587,11579,24,4586,542,20,12,6,2327,502,27,16639,24,801,604,15,835,7,2463,5,15,769,830,7,3222,16640,13,15,43,1225 0
242,5,114,4,38,14,15,6972,762,13,15,30,7,306,89,167 0
6,153,74,373,2830,10,1089,281,53,6971,3306,5708,2,96 0
4585,224,144,6181,3356,3674,2,4304,16641,7927,2722,7928,5709,2,2193,5710,7929,1357,102,6,1708,37,16,14,9367,2,21,363,328,811,17,1665,2,317,517,245,5,15,128,30,7,1665 0
6,488,1521,7,2069,10,517,302,621,84,14,173,15,16642,26,393,13,2022,15,200,432,24,2158,788,159,146,5,237,173,15,200,136,24,753 0
6,29,74,30,7,578,460,39,3676,2,11,1033,34,2,11,2289,274,5,24,1782,2507,53,557,13,3610,104,1279,55,1039,268,3223,10,1665,271,1262,753,3204 0
278,2,1216,15,1033,1864,708,12,6,29,621,38,3154,2325 0
92,40,1195,1384,15,1076,1033,1864,19,24,207,100,101,2,136,16,319,31,50,153,80,17,11580,4044 0
92,40,85,155,632,495,1733,124,29,74,30,7,132,353,5,6,1708,37,6,153,5190,37,92,1279,55,382,10,273,17,170,14,10,881,170,632,1773,24,442,1269,20,2124,10,55,173,11581,1213,15,107,317,153,4310,7,4537,2,3061,16643,6248,5,153,4310,7,3677,1349,1158,107 0
92,209,55,15,1114,16644,173,1312,2368,1272,7,442,124,24,132,353,2,86,268,1908,173,38,29 0
6,29,74,81,1044,10,55,12,4230,199,955,27,6,6249,13,67,728,1400,1701,199,338,2,16645,621,648,53,12,6,2077,502,598,92,273,841,50,1610,10,654,374 5
124,6,1708,37,84,302,621,16,21,1236,4230,199,203,42,58,5296,2,92,40,31,3105,38,27,6,231,95,2638,963,2,5,92,40,4311,2317,19,6,1033,2150 0
355,2,92,40,125,6,29,168,26,27,1502,6159,10,6971,3306,5708,2,96 0
4585,224,144,6181,3356,3674,2,4304,11582,7927,2722,7928,5709,2,2193,5710,7929,1357,183,6,29,117,92,433,15,1033,1864,5,3986,151,16,400,692,10,55,201 0
526,6971,5708,2,96 0
526,4304,16646,2,96 0
384,4,7932,5296,2,96 0
9361,2,5297,4588,11567,2,96 0
507,4585,224,144,2744,11583,2722,5709,2,2193,5710,7930,5703,2,96 0
507,4585,224,144,3360,11583,2722,5709,2,2193,5710,16647,4,16648,16649,16650,16651,232,2819,48,31,177,42,240,1741,232 0
