69,49,4,16663,1452,5301,2,3362,7932,5296,2,96 39
130,16664,1142,9361,2,5297,536,4,4304,3674,46,7936,828,58,5296,4,47,39,6,1068,7,930,287,3674,12,437,80 0
1172,16,14,1961,185,65,15,91,6252 0
373,11587,2,288,16,20,7940,664,65,24,3221,27,11573 0
16,21,61,791,2250,173,38 0
24,89,322,1128,7937,761,1004,2,517,259,641,2,4589,7938,641,2,6100,5713,1296,641,2,5711,183,22 20
641,2,1985,130,22 29
641,2,6246,761,1004,2,442,2,632,775,5,495,2,7941 0
5714,1776,641,2,2908,1296,641,2,486,131 25
19,93,122,16,20,57,1019,12,11,326 0
16,39,15,67,94,7,11588,13,15,118,145,7,365,2,121,20,7942,643,71,21,264,4030,643,65,1231 0
44,20,90,10,452 0
91,73,604,15,919,487,27,154,1474,2,4232,1457,13,15,43,246,5,253,86,387,2,711,26,766 0
625,53,171,193,86,229 0
187,20,133,2,375 0
68,14,11,1119,2,11,6250,1002 0
217,86,79 0
1322,821,43,399,212,13,15,145,7,5632,1950,7,16665,13,63,1000,7,546,1474 0
38,14,15,43,3112,5,869,65,24,498,3112,19,16666,3674,46,7936,36,51,36,1452,5301,2,3362,1195,2,287,3674,14,185,27,38,95,65,15,91,3486 0
92,40,1029,6,1633,3361,12,24,89,322,1975,10,24,489,457 0
1810,1646 0
1027,2,7930,11584,2,96 0
16667,800,4,11589,827,4,16668,818,4,11589,232,31,177,42,240,312,232 0
