69,49,4,16745,581,17,101,38,14,15,1909,200,307,345,926,10,6,81,583,659,17,1073,425,81,858,391,38,29,14,265,10,6,144,17,70,475,16746,30,7,156,360,6,29,21,15,105,200,30,7,311,51,81 5
16,2536,20,480,13,802,2392,13,657,338 0
281,6,29,14,480,13,1397,462,509,2,2,486,244,1090,5,310,35,16747,33 26,25
6,338,21,61,504,13,134,374,614,41 6
6,29,968,24,67,848,33,26,59 0
352,14,851,490,7,757,167,2,5,6,121,476,109,643,158,10,38,162,6,29,21,31,61,5729,42,1403 0
381,1294,563,1358,13,634,16748 0
29,543,70,488,475,1181,5,16,454,55,1041,2101,3115 0
434,12,6,144,358,1733,50,61,1604,19,5730,1685 0
78,89,30,6266,89,167,563,4,178,2,134,369,2,1018,2659,2,116,2,254,2,765,611,660,2,2805,1567,929,128,30,128,30,14,66,17,81,179,30,6,29,14,281,4915 5,13,1,10
1183,6,29,14,31,15,1055 37
163,7,213,499,4,16749,757,167,404,57,12,224 0
11,1609,2,807,2,1949,2,228,12,300,1183,26,339,326 0
88,115,7,181,2,876,412,372,2245 0
2437,1239,2,535,483,2,1534,185 0
11,396,26,618,2,1274,26,901,115 0
257,235,230,2330,184,210,211,473,16750,489,467,3871,282,467,4,2821,614,41,367,1835,544,1258,331,11622,389,1402,2008,368,93,73,973,111,3009,289,449,16751,181,11,4599,2,11,381,11623,202,11,4247,2,11,5731,6267,112,11,229,2125,11,846,44,90,694,246,2,253,43,2,11,387,340,463,2,11,277,2,11,342,217,11,79,2,11,1346,2493,2293,243,175,2,70,475,162,323,3166,2325,175,4049,1011,175,320,784,320,14,37,16,14,281,2981,425,19,24,231,9384 19,18,29,15,33,17,32
434,12,144,209,247,13,2340,10,24,1054,2657,5,2562,32,865 0
2912,784,1348,53,4,16752,109,509,5,244,283,16753,83,190,1759,16754,1175,923,1759,245,16755,923,10,247,16756,16757,1771,9385,6259,661,6978,2,96 0
