69,49,4,16681,1231,1537,2,3226,58,6978,536,4,2036,2,4911,512,46,16682,828,58,6978,4,58,5717,5,47,701,4911,2036,80,13,2834,10,24,16683,70,475 39
32,329,53,2102,16,14,15,1910,200,307,471,104,14,15,7946,5637,2645 0
16,21,39,15,1814,7,2323,13,24,70,475,191,6,159,2,4594,741,10,7947,6779 0
16,21,39,12,2692,51,159,7,34,110,12,24,70,475 0
84,1236,393,3176,259,198,146,37,16,2213,817,9371,7,1895,10,6255,37 0
84,21,2252,1236,419,136,237 0
27,156,24,1468,860,14,34,12,6,475,71,4594,3111,13,996,48,16,85,21,468,5,420,34 0
16,21,15,5718,748,5719 0
13,2834,10,496,2,16,14,382,10,9372,286,24,500,13,572,5,3636,6219,7,468,12,6,1485,19,3980,140,65,500 0
16,21,1282,24,475,14,6256,2252,268,16684 0
13,2834,10,522,16,21,14,290,135,11599,12,6,3679,7,1165,48,21,288,1282,67,12,24,577,17,71,16,14,781,10,50,15,752,12,6,1787,1378 0
16,21,31,1880,87,16685,5,21,31,39,87,93,364,32,1911 0
19,122,47,99,16,21,225,9373,1389,2,932,19,6,70,271,6,52 0
16,21,63,16686,672,5,1959,9373,16687 0
16,21,15,1959,1205,37,113,31,50,87,3499,388,7948,7,1012 0
16,21,15,83,1563,3008,2691,3227,5,16688,100,10,4544,1474 0
24,9373,3227,14,31,2968,16689 0
16,21,1840,83,6979,3500 0
5152,1892,1959,1715,142,12,24,70,475,13,991,16690,7,757,2980,19,6,70,663 0
47,99,16,85,21,142,12,24,52,475,7948,7,2281,11600,1012,48,24,52,475,14,281,1433 0
92,50,285,6,3228,2353,17,170,71,7949,7,344,2104,16691,2,15,16692,475,1181,2,5,15,488,475,1181 0
27,156,5303,16,31,58,5717,404,37,24,115,53,406,2909,10,11601,3228,1388 0
92,209,1758,7950,454,16,2099,890,2323,12,6,400,451,198,16693,24,475,2,16694,106,6980 0
92,50,1293,170,37,38,40,316,3802,170,13,1396,4595,1853,48,176,4815,170,2909,1853,10,3363,106,748,5,6257,12,63,2183,10,1882,106,121 0
92,50,9374,10,125,170,428,12,4203,376,74,95,27,71,1235,92,40,4025,170 0
454,16,2099,890,2323,12,6,3157,16,6981,1758,4587,100,5,1029,63,1207,10,1297,5,125,1089,5,92,40,9375,6,475,5,16695,106,5720 0
13,4046,1646 0
1928,1027,2,2785,2910,4047,5717,2,96 0
800,4,11602,827,4,16696,818,4,11602,597,42,1707,16697,2,96 0
17,2910,4047,5717,2,96 0
16698,16699,232,31,177,42,240,312,232 0
