67,54,4,19144,281,297,39,3561,162,55,28,4,1265,2747,5082,6101,189,1397,4,13143,54,7,168,4,1374,4826,3,2508,262,331,4,3451,8986,726,161,4,296,1085,4,28,5,940,730,234,4,226,7,184,30,7,6,61,328,4,293,5082,14,15,2059,87,302,498,13,15,30,7,5378,151,3,142,3,209,153,371,5,1464,872,61,13,15,730,234,7,199,788,226,7,184 1,1,1,1,1,1,1,1,1,1,1,1,1,1,1,1,1,1,1,1,1,1,1,1,1,1,1,1,1,1,1,1,1,1,1,1,1,1,1,1,1,1,1,1,1,1,1,1,1,1,1,1,1,1,1,1,1,1,1,1,1,1,1,1,1,1,4,4,1,7,1,1,1,1,1,1,1,1,1,1,1,1,1,1,1,1,1,1
16,20,12,23,712,258,7,436,186,175,113,1676,16,1824,10,5379,1285,23,4647,1662,3,75,16,38,17,544,87,27,1269,17,34,424,13,330,604,5,2392 1,1,1,1,1,1,1,1,1,1,1,1,1,1,1,1,1,1,1,1,1,1,1,1,1,1,1,1,1,1,1,1,1,1,1,1,1
16,95,1824,16,11,1810,1081,10,2034,6,1662,517,16,20,479,223,1150,84,5,518,915,7,6,39 1,1,1,1,1,1,1,1,1,1,1,1,1,1,1,1,1,1,1,1,1,1,1,1
23,451,1564,201,10,2020,6,39,3,1668,201,10,15,215,22,1662,3,51,293,5082,1004,6,1662,97,15,2020 1,1,1,1,1,1,1,1,1,1,1,1,1,1,1,1,1,1,1,1,1,1,1,1,1,1
16,537,1248,17,15,493,65,3,51,1196,10,2233,34,12,23,764,3,634,93,3,1820,5,3689 1,1,1,1,1,1,1,1,1,1,1,1,1,1,1,1,1,1,1,1,1,1,1
19,6,65,7,168,3,16,20,1854,8987,186,16,1204,6,199,788,7,226,7,184,5,48,1236 1,1,1,1,1,1,1,1,1,1,1,1,1,1,1,1,1,1,1,1,1,1,1
16,768,6,48,1236,35,166,3881,983,19,23,187,48,998,23,489,3,13,15,19145,1950,2535,23,473,48,3,855,3,5711,5,954,1307,43,1170,23,187,489 1,1,1,1,1,1,1,1,1,1,1,1,1,1,1,1,1,1,1,1,1,1,1,1,1,1,1,1,1,1,1,1,1,1,1,1,1
40,34,99,3080,435,51,23,226,7,184,828 1,1,1,1,1,1,1,1,1,1,1
6,226,7,184,20,984,13,380,3,31,265,13,427,5,646,23,10,49,1435,4804,184 1,1,1,1,1,1,1,1,1,1,1,1,1,1,1,1,1,1,1,1,1
16,98,1196,10,46,15,6519,263,40,1122,65 1,1,1,1,1,1,1,1,1,1,1
40,20,6,671,85,16,21,3546,1204,40,48,453,5,226,7,184 1,1,1,1,1,1,1,1,1,1,1,1,1,1,1,1
16,90,300,3,375,3,990,3,478,992,511,3,760,3,739,3,249,26,1673,732 1,1,1,1,1,1,1,1,1,1,1,1,1,1,1,1,1,1,1,1
230,438,4,316,4,292,4,4012,148,4,19146,523,4,1437,716,4,1413,880,4,19147,42,19,658,993,4,19148,1909,13144,7944,25,252,901,729,647,25,815,549,25,784,672,25,613,647,247,1720,1547,1314,247,7043,1314,247,264,4,19149,9,10562,19150,8,177,4,122,532,2699,506,4,122,532,2699,80,3437,30,4,71,324,4,1363,581,87,183,3,157,165,12,80,3,21,344,157,17,1014,113,12,80,87,3,99,1284,3453,9,19151,8,3,698,158,330,604,3,3241,76,3,2392,5,2734,634,283,106,4,417,7176,35,4083,106,3,2142,82,2209,12,19152,82,3,19,311,39,389,12,80,209,153,371,4,347,442,955,126,12,13145,1464,872,4,2462,2660,442,19153,12,10563,3,1377,10,52,6102,868,2159,732,3,90,247,357,157,127,4,19154,13146,39,4,780,799,25,32,218,378,25,32,784,707,672,25,32,729,647,25,69,930,2576,25,32,1384,171,22,25,32,165,367,9,79,258,16,21,887,943,165,12,129,8,206,30,4,245,12,19155,3,4408,13,551,5,2374,267,727,3,440,900,5,6103,919,35,10564,6603,27,867,532,139,151,505,581,87,183 1,1,1,1,1,1,1,1,6,6,6,1,1,1,1,1,1,1,1,1,1,1,1,1,1,1,1,1,1,1,11,1,20,1,1,1,1,1,9,1,1,9,1,1,1,1,1,1,1,1,1,1,1,1,1,1,1,1,1,1,1,1,1,1,1,1,1,1,1,1,1,1,4,4,1,1,1,1,1,1,1,8,8,8,8,1,1,1,1,1,1,1,1,1,1,1,1,1,1,1,1,1,1,1,1,1,1,1,1,1,1,1,1,1,1,7,1,1,1,1,7,7,1,29,29,29,29,29,29,1,1,1,1,1,1,1,1,1,1,1,1,1,1,1,1,1,1,1,1,1,1,1,1,1,1,1,1,1,1,1,1,1,1,1,1,1,1,1,1,1,1,1,1,1,28,1,1,1,44,1,1,1,9,9,1,1,1,20,1,1,1,1,1,1,1,1,1,1,1,1,8,1,1,1,1,1,1,1,1,8,1,1,1,1,1,1,1,1,1,1,1,1,1,1,1,1,1,1,1,1,1,1,1,1,1,1,1,1,1,1,4,1,1,1,1
11,238,30,3,1602,728,30,3,488,141,87,183,3,2091,357,30,7,478,5,5380,157 14,14,14,1,1,1,1,1,1,1,1,1,1,1,1,1,1,1,1,1,1
150,30,4,661,38,431,440,1594,81,7,182,4,395,122,2646,269,5,72,12,282 1,1,1,1,1,1,1,1,1,1,1,1,1,1,1,1,1,1,1,1
102,101,4,316,748,953,19,1109,4,292,5712,148,19156,523,1421,716,680,880,2060,42,19,1467,207,33,197,258,440,3,2356,3,118,285,7,184,3,480,227,33,1806,3,863,3,1110,1561,1313,3,3253,473,2525,19157,33,11,875,26,2109,309,3,11,216,222,3,576,4648,350,33,876,27,187,649,3,232,737,656,100,103,33,145,156,5,239,3,44,304,3,2118,2111,7,310,3,11,213,214,33,2045,3,326,327,61,3,152,3,979,3,11,969,3,11,5381,196,33,2734,243,19,634,82,12,3075,1195,7,1064,3,19158,19,473,188,114,33,11,750,26,743,3,565,93,12,634,82,100,3,433,975,133,19,187,3,217,975,133,19,59,273,33,410,3,642,5,999,3,598,10526,19159,2719,2089,19,187,10,194,1346,3,2719,2089,204,19,59,532,4,1290,430,456,2647,9,1305,8,351,430,663,2105,9,1276,8,351,430,835,4242,83,9,1310,8,351,430,1072,1658,8988,59,9,1450,8,351,430,1800,2061,2690,83,9,1311,8,219,430,347,2871,83,9,1601,8,219,103,898,4,7177,7177,7177,7177,19160,19161,6104,13147,897,13148,13149,19162,9,83,8,1336,3940,5083,9,83,8,5083,9,83,8,3766,2334,2949,2557,3169,10565,9,83,8,10566,9,83,8,8989,9,83,8,1185,349,3810,83,9,1312,8,524,333,6037,59,9,1977,8,42,536,5713,9,1589,8,1381,653,1733,9,1360,8,1227,786,6604,9,1479,8,1588,823,5304,9,1480,8,654,795,6105,83,9,1424,8,42,1542,1996,83,9,1739,8,42,577,615,59,9,1786,8,42,847,108,9,1740,8,42,830,36,9,1832,8,42,864,519,9,1691,8,42,714,1209,19163,83,9,2240,8,524,714,577,10567,9,2241,8,524,714,847,10568,83,9,2577,8,524,714,830,7178,9,2242,8,524,714,864,3200,9,2278,8,524,336,7177,7177,19164,7179,2452,72,2635,72,2920,442,6605,2372,122,402,1838,2482,6106,1508,2453,72,1886,72,5714,492,3786,200,7945,3014,3354,3014,3186,3014,3355,72,3676,72,1340,506,10562,4,339,4,131,118,12,5715,1991,166,507,10,2027,93 1,1,1,1,1,1,1,1,1,1,1,6,6,1,1,1,1,1,1,1,1,1,1,1,1,1,1,1,1,1,1,1,1,1,1,1,1,1,1,1,1,1,1,1,1,1,1,1,1,1,1,1,1,1,1,1,1,1,1,1,1,1,1,1,1,1,1,1,1,1,1,1,1,1,1,1,1,1,1,1,1,1,1,1,1,1,1,1,1,1,1,1,1,1,1,1,1,1,1,1,1,1,1,1,1,1,1,1,1,1,1,1,1,1,1,1,1,1,1,1,1,1,1,1,1,1,1,1,1,1,1,1,1,1,1,1,1,1,1,1,1,1,1,1,1,1,1,1,1,1,1,1,1,1,1,1,1,1,1,1,1,1,1,1,1,1,1,1,1,1,1,1,1,1,1,1,1,1,1,1,1,1,1,1,1,1,1,1,1,1,1,1,1,1,1,1,1,1,1,1,1,1,1,1,1,1,1,1,1,1,1,1,1,1,1,1,1,1,1,1,1,1,1,1,1,1,1,1,1,1,1,1,1,1,1,1,1,1,1,1,1,1,1,1,1,1,1,1,1,1,1,1,1,1,1,1,1,1,1,1,1,1,1,1,1,1,1,1,1,1,1,1,1,1,1,1,1,1,1,1,1,1,1,1,1,1,1,1,1,1,1,1,1,1,1,1,1,1,1,1,1,1,1,1,1,1,1,1,1,1,1,1,1,1,1,1,1,1,1,1,1,1,1,1,1,1,1,1,1,1,1,1,1,1,1,1,1,1,1,1,1,1,1,1,1,1,1,1,1,1,1,1,1,1,1,1,1,1,1,1,1,1,1,1,1,1,1,1,1,1,1,1,1,1,1,1,1,1,1,1,1,1,1,1,1,1,1,1,1,1,1,1,1,1,1,1,1,1,1,1,1,1,1,1,1,1,1,1,1,1,1,1,1,1,1,1,1,1,1,1,1,1,1,1,1,1,1,1,1,1,1,1,1,1,1,1,1,1
5084,177,10562,19165,1733,1815,3,924,3,4346,292,804,448,543,7,4610,292,804,12,2473,9,886,66,356,177,19166,8,3,11,202,7,937,84,2578,4,12,1351,3,293,5082,14,15,2059,87,302,498,13,15,30,7,5378,151,3,106,3,209,153,371,5,1464,872,121,61,13,199,788,226,7,184,5,48,1236,12,6,481,7,13150,3818 1,1,1,1,1,1,1,1,1,1,1,1,1,1,1,1,1,1,1,1,1,1,1,1,1,1,1,1,1,1,1,1,1,1,1,1,1,1,1,1,1,1,1,1,1,1,1,1,1,1,4,4,1,7,1,1,1,1,1,1,1,1,1,1,1,1,1,1,1,1,1,1,1,1,1,1,1,1
23,417,103,1989,143,269,3,51,57,2475,10,1855,35,15,205,7,325,12,6,481,7,153,371 1,1,1,1,1,1,1,1,1,1,1,1,1,1,1,1,1,1,1,1,1,1,1
16,21,224,202,7,350,93,5,461,19,506,508,7,2027,93 1,1,1,1,1,1,1,1,1,1,1,1,1,1,1
313,3,23,576,20,31,185,5,16,344,61,13,131,634,93 1,1,1,1,1,1,1,1,1,1,1,1,1,1,1
23,116,7,226,7,184,57,543,13,2788,130,371,3,284,646,43,62,937,927 1,1,1,1,1,1,1,1,1,1,1,1,1,1,1,1,1,1,1
23,199,153,371,21,311,284,921,9,128,7,75,550,957,5064,8,158,458,3,357,2872,9,218,5,2574,8,3,19167,1383,3,209,106,5,153,120,260 1,1,1,1,1,1,1,1,1,1,1,1,1,1,1,1,1,1,1,1,1,1,44,1,1,1,1,1,1,1,1,7,1,1,1,1
147,1003,5,104,4,19168,1236,4,56,86,10,1471,898,17,1593,7180,3282,5,525,10,192,2428,7,350,93,13151,19169,13,289,378,247,13152,515,892,78,1650,4194,647,25,305,7146,218,2298,718,27,1467,3,450,718,880,7830,12,5,319,3,105,140,8990,520,1134,10,192,212,341,709,5,160,17,1163,153,371,4,199,225,209,3,472,1383,290,10,151,5,142,3,30,7,19170,12,336,3,336,4243,19171,3,11,205,7,308,4243,19172,1348,10,1370,6606,7146,218,19173,930,1427,10,153,400,5716,826,319,153,120,260,8990,798,5717,10,172,17,2027,5718,106,4,106,318,482,3,51,1964,10,52,2379,290,10,19174,7,185,2142,27,1075,1738,3,845,516,2298,784,707,672,32,3,729,647,69,19175,2261,515,892,3,1650,4194,647,25,305,7830,148,5,205,5,116,7,2112,2591,3922,976,13150,19176,355,4,13153,167,13154,34,594,151,4,19177,1024,165,8990,165,5,872,13155,444,517,885,134,137,49,165,1155,4,19178,815,25,32,19179,3372,189,521,69,4377,19180,3802,19181,3,8906,1016,710,47,19182 1,1,1,1,1,1,1,1,1,1,1,1,1,1,1,1,1,1,1,1,1,1,1,1,1,1,1,1,1,1,1,1,1,1,1,65,65,1,1,1,44,44,1,1,1,1,1,1,1,1,1,1,1,1,1,1,1,1,1,1,1,1,1,1,1,1,1,1,1,1,1,1,1,1,1,1,1,1,1,1,4,1,7,1,1,1,1,1,1,1,1,1,1,1,1,1,1,1,1,1,1,1,1,1,44,44,1,1,1,1,1,1,1,1,1,1,1,1,1,1,1,1,1,1,1,1,7,1,7,7,1,1,1,1,1,1,1,1,1,1,1,1,1,1,1,1,1,1,1,1,9,9,1,1,1,20,1,1,1,1,1,1,1,65,65,1,1,1,1,1,1,1,1,1,1,1,1,1,1,1,1,1,1,1,1,1,1,1,4,1,8,8,8,1,8,1,1,1,1,1,1,1,1,1,8,1,1,1,1,1,1,1,1,1,1,1,1,1,1,1,1,1,1,1,1,1
