67,54,4,19187,281,297,281,162,55,79,4,1265,5082,509,47,4,13143,54,7,168,4,1225,625,3672,262,4,8986,153,4,609,10570,426,4,249,2327,282,4,2059,832,13,1205,19,821,5,209,2358,61,13,300,3,375,3,4851,446,9,210,255,105,8,123,58,65 1,1,1,1,1,1,1,1,1,1,1,1,1,1,1,1,1,1,1,1,1,1,1,1,1,1,1,1,1,1,1,1,1,1,1,1,1,1,1,1,1,1,1,1,1,1,1,1,1,1,1,1,1,1,1,1,1,1,1,1,1,1
23,2216,126,27,6,1182,7,23,99,821,4239,19,3257 1,1,1,1,1,1,1,1,1,1,1,1,1
89,3,16,20,55,10,46,15,807,7,2327,27,821,5,20,781,10,6,6101,230,17,268,172 1,1,1,1,1,1,1,1,1,1,1,1,1,1,1,1,1,1,1,1,1,1,1
190,323,3,616 1,1,1,1
500,25,1278 1,1,1
11,263,3,11,3689,3,11,529,3,11,307 1,1,1,1,1,1,1,1,1,1,1
11,1673,732,3,11,19188,1199 1,1,1,1,1,1,1
12,6,230,3,6,28,370,1433,36,1620,5,2648,36,1620,3,63,587,143,564,3,506,8908,5,6,28,20,781,10,6,1109 1,1,1,1,1,1,1,1,1,1,1,1,1,1,1,1,1,1,1,1,1,1,1,1,1,1,1,1,1,1
674,4,176,1205,19,821,292,3,7947,3,73,852,862,2508,717,5,3094,71,10571 1,1,1,1,1,1,1,1,1,1,1,1,1,1,1,1,1,1,1
106,354,76,29,1028,256,59,303,1136,1842,12,2508,75,20,503,17,466,441,113,178,2358,195,151,852,220,1082,1028,330,604,253,2392,346,494,33,209,285,115,170,85,135,451,55,460,6107,72,679,17,4058,652,338,19189,921,885,3,2237,833,6511,95,1169,662,804,3942,1086,4649,325,852,409,429,13157,1028,409,559,1912,42,13157,995,256,3752,1079,256,19190,1477,1416,164,19191,254,4,176,596,279,1034,3577,605,178,1893,1582,22,69,195,930,1142,22,69,253,3373,36,25,276,167,346,2986,19192,521,10572,460,2031,231,22,25,32,652,815,125,22,25,32,833,950,3,2114,995,252,462,1079,2162,36,25,32,1477,236,141,32,1708,6542,382,25,892,2001,5086,167,2218,3283,108,22,25,69,2434,10573,2844,25,32,2520,4356,141,1541,25,1750,167,3201,3053,7181,305,233,4,1223,3,2176,1144,4,920,3,2461 7,7,7,1,1,1,1,1,1,1,1,1,1,1,1,1,1,1,1,1,1,1,4,1,1,1,1,1,1,1,1,1,1,1,1,1,1,1,1,1,1,1,1,1,1,1,1,1,1,1,1,1,1,1,1,1,1,3,3,3,3,3,3,3,3,1,1,1,1,1,1,1,1,1,1,1,1,1,1,1,1,1,1,1,1,1,1,1,8,1,1,1,1,1,9,1,1,1,1,1,1,1,1,1,1,1,1,1,1,1,1,1,1,1,1,27,1,1,1,1,1,1,1,1,1,1,1,1,1,1,1,1,1,1,1,1,1,1,1,12,1,1,1,1,1,1,1,1,1,1,1,1,1,1,1,1,1,1,1,1,1,1,1,1,1,1,1,1,1,1,1,1,1,1,1,1,1,1,1,1,1,1
21,58,727 1,1,1
169,256,1602,485,5,1732 1,1,1,1,1,1
256,169,357,157 1,1,1,1
77,4,480,1169,2872,701,4,292,10574,523,382,148,19193,716,581,140,27,821,89,13158,3928,9,6490,683,140,1733,8,227,4,91,136,4,11,118,576,187,3819,445,1169,246,3,11,685,155,4,1304,720,4,455,11,1099,362,4,1289,152,952,1465,1714,4,217,1032,11,93,352,4,980,3,642,3,1169,741,77,149,4,705,2948,9,59,8,592,2037,3669,9,83,8,3453,9,83,8,869,1137,9,59,8,769,6108,392,680,2381,9,83,8,1897,9,83,8,888,3202,9,83,8,3556,9,83,8,3315,9,83,8,870,8752,9,83,8,399,3328,1179,2221,22,1932,1077,1492,1791,829,9,83,8,1506,3920,1388,1646,1853,1938,1880,2967,1247,2289,1853,1565,215,1527,1912,9,83,8,9,211,472,8,1566,2401,9,83,8,1077,1492,1791,829,9,83,8,2984,401,349,3940,734,10575,9,59,8,560,3626,9,59,8,333,10576,9,59,8,653,2060,786,8992,823,6459,536,2421,9,59,8,795,5087,9,83,8,2749,370,1125,1277,42,1209,547,9,83,8,42,577,141,9,59,8,42,847,615,42,830,519,42,864,36,2649,8837,2650,8993,9,59,8,2701,7855,9,83,8,2702,2149,9,59,8,2703,2873,1661,200,1577,200,2599,200,1971,200,79,3127,1067,5720,63,1898,123,58,481,401,506,4,339,4,176,6,2053,7886,70,5721,1489,3347,12,6,70,2629 1,1,1,1,1,1,1,1,1,1,1,1,1,1,1,1,1,1,1,1,1,1,1,1,1,1,1,1,1,1,1,1,1,1,1,1,1,1,1,1,1,1,1,1,1,1,1,1,1,1,1,1,1,1,1,1,1,1,1,1,1,1,1,1,1,1,1,1,1,1,1,1,1,1,1,1,1,1,1,1,1,1,1,1,1,1,1,1,1,1,1,1,1,1,1,1,1,1,1,1,1,1,1,1,1,1,1,1,1,1,1,1,1,1,1,1,1,1,1,1,1,1,1,1,1,1,1,1,1,1,1,1,1,1,1,1,1,1,1,1,1,1,1,1,1,1,1,1,1,1,1,1,1,1,1,1,1,1,1,1,1,1,1,1,1,1,1,1,1,1,1,1,1,1,1,1,1,1,1,1,1,1,1,1,1,1,1,1,1,1,1,1,1,1,1,1,1,1,1,1,1,1,1,1,1,1,1,1,1,1,1,1,1,1,1,1,1,1,1,1,1,1,1,1,1,1,1,1,1,1,1,1,1,1,1,1,1,1,1,1,1,1,1,1,1,1,1,1,1,1,1,1,1,1,1,1,1,1,1,1,1,1,1,1,1,1,1,1,1,1,1,1,1,1,1,1,1,1,1,1,1,1,1,1
178,11,202,7,854,26,350,93 1,1,1,1,1,1,1,1
538,2320,1355,2413 1,1,1,1
538,997,792 1,1,1
195,44,103,5041,5,3886 1,1,1,1,1,1
678,7948,569 1,1,1
177,4,924,1458,388,13,1562,13,211,1865,50,3,2473,3,2445,159,19194 1,1,1,1,1,1,1,1,1,1,1,1,1,1,1,1,1
8994,192,816,104,4,2059,832,13,1205,19,821,13159,61,13,58,65,300,3,375,3,446,9,19195,8,123,58,65 1,1,1,1,1,1,1,1,1,1,1,1,1,1,1,1,1,1,1,1,1,1,1,1,1,1,1
55,10,46,1207,2327,27,821,89 1,1,1,1,1,1,1,1
7949,12,230,55,2327,1458,13160,1085,7,411,158,3819,1334,3083,2462,5382 1,1,1,1,1,1,1,1,1,1,1,1,1,1,1,1
116,372,1287,361,921,600,1334,411,550,646,571,182,2216 1,1,1,1,1,1,1,1,1,1,1,1,1
176,1120 1,1
370,36,2189,2918,36,2189,2648,12,230 1,1,1,1,1,1,1,1,1
86,3260,2185,477,2033,6086,7,1085,7,411 1,1,1,1,1,1,1,1,1,1
506,193,17,1353,3,13161,898,1043,3,1228,27,211,472 1,1,1,1,1,1,1,1,1,1,1,1,1
11,185,349,137 1,1,1,1
852,450,836,5,249,6607,1028,63,587,123,58,481,401,1159,336,19196,5,1898,1830,554,1620,2874,5,1898,3,19197,3,10318,2231,1433,228,43,444,1934,144,2918,444,32,2769,2648,501,22,32,139,820,19,13159,178,142 1,1,1,1,1,1,1,1,1,1,1,1,1,1,1,1,1,1,1,1,1,1,1,1,1,1,1,1,1,1,1,1,1,1,1,1,1,1,1,1,1,1,1,1,1,1,1,1,7
31,106,159,1893,138,27,13160,852,1893,1582,22,25,69,13,659,5383,138,2248,471,2142,89,9,19198,8,1028,659,19,2031,597,5273,821,211,195,1205 1,1,1,9,1,1,1,1,9,1,1,1,1,1,1,1,1,1,1,1,1,1,1,1,1,1,1,27,1,1,1,1,1,1
821,89 1,1
852,86,153,39,35,890,253,494,852,86,2986,346,1155,852,815,3,676,521,460,1927,852,91,35,572,43,300,1028,1496,1571,17,300,13,10577,167,9,2176,1003,35,127,8,652,296,726,2668,2640,6608,229,47,13162 1,1,1,1,1,1,1,1,1,1,1,1,1,1,1,1,1,1,1,1,1,1,1,1,1,1,1,1,1,1,1,1,1,1,1,1,1,1,1,1,1,1,1,1,1,1,1,1,1
