69,49,4,16831,378,325,1124,9393,11640,144,2402,467,5,1172,424,9394,769,345,13,306,89,167,19,964,17,338,7,760,2509,5,127,12,6,644,7,834,132,1037 13
581,17,101,834,70,337,1346,30,7,156,360,1346,166,191,78,376,2,734,1118,2,11,508,56,16832,1694,7,2103,5,891,1694,7,2041,765 0
120,338,2036,860,1363,9,177,8,1385,775,825,81,341,825,461,825,30,7,127,825,399,1257,825,164,143,76,825,139,304,3615,825,30,7,188,132,776,825,1952,868,825,30,7,188,1385,825,30,7,825,167,1385,775,188,56,16833,19,3516,81,341,43,10,252,67,728 1,5,13
2984,173,1604,19,131,7974,486,513,107,5,138,4324,13,1275,461,30,7,38,14,188 25
16,21,39,63,1350,1243,12,6,78,56,16834,239,10,132,76,56,16835,281,19,3873 0
127,428,2,84,14,15,2701,1144 13
1350,1243,66,317,691,7,6,132,1469 0
4609,573,504,110,108,2916,252,56,16836,567,21,19,23,2248,1933,257,1788,27,3665 0
6798,2631,5,4609,197,399,1257,188 0
1187,884 0
38,21,61,156,17,1262,159 0
164,143,76,139,304,134,11661,3514 1,2
43,415,215,5,43,585 0
578,16837 0
1906,42,58,9408,12,6,78,3615,30,7,11,134,6284,188,132,776,110,537,7975,102,123,119,16838,13,1051,12,270,5,111,71,129,6790,10,257,1952,868,30,7,16,1822,4605,138 0
188,1385,30,7,311,1050,16839,11,359,7,825,902,16840,137,1146,231,5,3688,12,9409 0
11,334,624,1146,137,10,560,152 0
624,1566,2307,386,79,48,11,9410,2665,311,690,26,255,7,194 0
529,77,16841,4913,215,2234,172,370,22,33,442,5319,16842,25,291,888,204,22,59,1201,683,25,33,3873,3371,5314,16843,4605,16844,25,33,138,1803,157,245,138,3517,158,10,1275,131,3464,9,16845,8,1875,767,1296,22,59,4922,210,491,25,33,4319,521,25,59,3232,153,25,513,107,960,1296,22,25,59,742,390,25,33,60,11662,297,1794,4923,109,22,25,283,737,521,25,59,486,131,1803,1829,3371,7974,221,5,109,956,852,6285,2234,4829,491,1565,25,513,259,3014,697,138,273,31,4610,473,1541,25,33,517,491,25,33,9400,25,60,35,3324,82,2084,51,11641,59,9399,1668,25,873,16846,3669,2022,25,59,3844,196,22,25,2137,138,34,128,30,686,17,81,2,127,2,5,254 5,25,19,13,18,29,20,17,32
179,30,16,20,937,6,392,9387,7962,17,7963,467,213,17,1262,159,5,110,4915 0
16,14,924,5,21,15,567 0
2370,2,152,511,159 38
554,2,937,1818 0
68,20,15,30,7,498,2226,624,245 0
2370,2,152 0
554,2,1600 0
9411,1631,309,139,4,1590,1055,152,511,159 38
554,245,139,4,11663,1564,5,4064,1551,1291,16847,1772,16848,52,349,163,7,213,16,88,44,34,2,255,7,194,2,26,396 0
24,121,21,3689 0
16,21,2020,2476,121,136,24,950 0
16,21,31,39,87,167,13,435,5,11,668,115 0
4309,2,16,88,87,1991,26,142,12,24,1274,2,71,126,48,2707,10,55,553,1579 0
16,21,39,11,588,3289,26,2654,2035 0
862,476,32,256 0
6,468,7,24,163,7,213,14,66,12,790 0
93,122,67,94,11664,11,3496,228,296,1332,119,1409,121,5320,11,228,224,893,3078,9412,769,345,12,11,1451,326,181,686,17,3004,9413,202,1176,56,7746,70,568,2586,110,573,504,112,620,86,782,1064,2,43,11665,5,1118,2,625,86,4065,229,799,11,815,2,2133,26,1270,1289,1139 0
44,11,3227,2,226,90,694,135,145,5,212,2,11,4065,387,26,6867,187,300,302,43,2,11,782,953,2174,11,720,2,673,2,79 0
171,904,243 0
323,646,511,102,2,1478,1738,43,2,988,43,2,672,43,947,2611,2,275,590,337,73,817,2358,4914,891,1694,70,337,5,2041,765,2,839,1254,7976,568,73,793,3374,13,3690,11666,972,1120,73,9,16849,8,175,86,160,7,914,2,438,2,16850,26,11667,4066,1786,134,258,6286,443,7010,54,2,6286,266,9310,54,2,6286,358,9,510,282,8,3177,72,2,6286,331,9,510,282,8,3118,72,2,6286,379,9,510,282,8,1865,72,2,6286,633,9,510,282,8,2917,242,5,114,337,1346,56,16851,605,2,219,2259,2,3233,314,3181,120,13,486,5,138,4324 5,25
111,14,6287,40,3691,58,11668,7,11669,4325,10,125,287,4600,56,36,3875,26,3375,10,1906,1329,10,337,681,809,42,7960,2,6268,47,19,4326,244,2,3341 0
