69,49,4,16912,11700,144,1327,141,99,64,4,6288,2,7011,512,46,11678,605,49,4,11701,440,4,2751,2,1707,9,16913,144,8,384,4,44,34,234,4,11702,299,120,2,3697,2,116,2,1530,44,34 10,5,13
64,267,460,2269,1933,70,568,901,4840,38,1485,2,1487,1795,5654,2071,5,5326,5,533,44,2246,2563,44,27,542,7,16914 0
2490,39,1929,1861,12,1140,2270,2,7979,7985,12,3488 0
627,272,5,682,11703,2,316,1924,270 0
11,627,1251,2,969,2,26,396 0
1008,567,104,237,1008,9426,144,303,1597,2,237,1008,7986,5,1493,890,2440,303,674,819,16,20,926,10,7024,1087,576,10,44,422 0
115,39,660,42,95,7,537,201,12,7024,1087 0
7,99,2,64,265,10,9414,9,11704,8,17,180,696,16915 0
27,37,95,2,39,66,385,1811,205,5,9210 0
1053,158,10,37,20,265,10,7024,17,1084,115,5,39,66,1619,1811,205,27,37,95 0
27,450,2,1404,100,10,15,4616,86,115,2,85,9427,1965,86,115 0
12,1087,2,973,4,276,2791,2,289,1324,2,111,16916,2,574,564,2,738,41,628 14
1755,211,1017,2,501,768,16917,219 18,19
4200,434,12,1087,5,1086,10,1032,12,185,630 0
637,4,5744,116,685,2920,2805,7,6,929,188,168,34,789,2115,188,132,776,3174,3985,16918,460,2491,12,16919,2,4795,32,460,180,862,16920,2,936,27,7986,16,39,3174,3985,7987,9,11704,8,4,6,999,1338,10,1784,20,11705 10,5,13
6,609,457,1164,11,160,7,313,2109,1791 0
585,1743,41 0
77,4,1372,521,25,59,230,683,25,59,5291,2810,25,33,4612,1674,33,235,390,33,635,390,33,172,9,1053,321,7988,146,8,1809,672,4493,16921,576,10,336,527,137,4,747,1100,4,29,14,3833,5,295,1310 19,18,29,30,17,31
16,706,309,154,159,146,5,88,554,245 38
16,14,15,994,1870,9418 0
334,158,3313,2069 0
990,4,905,73,4,638,276,5188,289,1429,111,16922,574,105,1204,41,1391,759,4,436,2,2071 14
4200 0
15,75,3236 0
202,4,570 0
11,1930 0
1504 0
181,4,11,142 0
112,4,330 0
3634,625,2,11,229 0
44,4,1398 0
1977,4,418 0
1812,859,653,417,2,3812,27,5170,2,11,993,10,625 0
340,4,463,2,7026 33
4239,300,302 0
978 0
2025,4,171,967,243 0
11,79 0
323,4,2269,476,901,4840,7,70,568,2,355,951,3193,175 0
590,1028,722,2,466,175 0
467,4,2056,397,9,510,282,8,3016,9,1298,8,294,633,9,510,282,8,4058,72,9,1259,8,294,6294,2752,749,9,510,282,8,2374,72,9,1299,8,294,689,9,510,282,8,11706,9,1420,8,294,379,9,510,282,8,1963,72,9,1300,8,169,331,9,510,282,8,2500,72,9,1586,8,169,9,450,792,16923,8,358,9,510,282,8,5327,72,9,1354,8,169,442,2796,9,1482,8,169,1531,2987,54,9,1727,8,169,1042,2068,9,1690,8,1421,1103,1096,1891,2644,9,2550,8,1245,1700,1891,1475,9,3186,8,41,1700,2109,3995,1431,252,10,3996,2151,1475 0
2288,456,1858,9,2551,8,1245,1103,1096,2501,9,4068,8,612,1532,298,6296,72,9,1260,8,398,266,7027,54,9,1969,8,41,458,4072,54,9,2216,8,1399,615,16924,54,9,2326,8,1779,443,5328,9,1507,8,1301,530,1470,9,1340,8,1141,665,7028,9,1448,8,1561,698,5278,9,1449,8,550,666,9428,72,9,1383,8,41,1225,1856,431,1307,1081,1192,1658,2515,72,9,1698,8,41,1102,1163,54,9,1780,8,41,1145,51,54,9,1699,8,41,732,51,9,1857,8,41,1193,515,9,1816,8,41,908,4,464,9,11701,8,4,11,180,1460,147,4,764 0
3794 0
3017,2070,16925 0
5329,2481,5292 0
1846,47,2,3997,1807,7029 0
9,11,228,65,158,147,8,320,4,11702,299,120,2,116,2,3697,2,1530,44,34,218,339,741,5,31,91,12,2275 10,5,13
114,4,161,44,34,4,2081,91,12,2275,124,66,147,2,134,43,415,215,2,5,3102,1819 0
218,339,741,32,64,13,682,11703,1013,95,7,44,2246 0
4931,211,2,635,2,230,2,5291,2,5,235,16926,147,12,221,9429,91,785,2,2408,4332,1001,1075,16927,138,165,476,901,4840,4,373,218,834,3174,3985,124,134,188,30,7,115 19,18,29,17
2615,7,34,3154,3439,343,1622,214,2081,2,11,150,1030,115,10,4904,798 0
16928,64,168,10,7986,631,2349,286,17,371,7966,9430,205,108,268,323,115,2801,10,1364,180,551,186,81,4,4332,1001,1075,2,654,374,16929,2,1372,4932,4612,9,31,12,16930,8,249,7989,4,742,2,652,275,715,3018,3603,16931,96 5,30,31
705,16932,750,378,325,1327,12,221,17,64,583,709 0
