69,49,4,16860,16861,2,16862,2,7978,4611,6,29,20,1538,5,755,2317,42,260 0
858,391,4,70,44,816,34 0
30,7,156,360,4,6,29,14,15,3326,345,104,279,10,11670,144,303,441,13,11,11673,30,7,3649,891,44,816,34 0
6,29,416,6,34,14,932,13,1129,317,11674,2,4924,2,5,7979 0
6,29,416,37,29,39,16863,13,15,2750,1618,4067,19,24,70,44,816,17,34,1853,5,39,34,1853,5,20,1147,12,15,3376 0
24,1939,423,19,24,70,663,20,3234,2,5,38,465,2,1048,100,5,434,1216,100,2,4494,6,44,816,34 0
6,29,285,38,34,13,24,763,203,312,432,6,78,51,236,5,104,39,61,12,6189,37,84,14,2107,976,5210 0
6,29,88,87,868,2,901,142,2,5,618 0
88,87,112,34 0
88,87,3872,44,34 0
88,87,272,2,402,2,969,2,26,366 0
88,87,263,34 0
16,21,61,1285 0
11,250 0
78,89,30,4,1128,127,5,5687,1543,81 5,13
6,29,85,21,2069,10,3313,5,3313,142,19,205,609,937 0
179,30,4,78,671,2,78,430,2,11,219,624,1240,2,295,13,24,128,2,5,16,14,994 36
128,30,4,2350 0
163,7,213,4,32,1683,12,6,30,7,156,360,2,355,66 0
77,4,125,1476,99,17,275,1363,7,77 0
137,4,6,29,21,11,334,137,10,77 0
93,122,4,6,29,14,1040,5,413,12,11,180,326 0
870,16864,2,296,7,1569,2,372,145,7,723,2,67,94,16865,2,5,651,1304,1204,41,19,674,662 14
202,14,1125 0
2918,4,11,566 0
2444,14,43 0
112,14,330,5,375 0
372,73,4,44,816,14,1189 0
29,21,9416,2,782,3649,806,891,5,794,891,44,816,277 0
43,194,302,193,2,11,1056,2,1223,2,26,1106 0
91,73,4,135,145,5,212,2,11,417,2,5,43,243,722 0
187,14,133 0
6,29,21,106,839,1521,7,70,412,2209,277,1053,16866,27,6,16867,5321 0
11,1592,26,1739 0
181,14,619,2,682,2,5,175,2,11,571,2,26,690 0
217,53,375 0
43,502,7,721 0
11,720,2,673,26,79 0
899,73,4,1478,1738,591,814,2097,175,193 0
11,731,26,1099,1479 0
489,467,4,182,17,769,830,7,3835,2,835,7,11675,2,2190,7,16868,397,2185,2,633,2129,2,749,7,2884,2,3694,1439,2,379,2356,2,331,2644,2,5,358,7,16869,3081,7,854,2,3190,7,723,2,2446,7,1749,2,5,2309,9417,124,6,1708,37,6,29,39,106,70,412,2209,34,5,34,20,1539,4792,10,6,70,794,1694,2,29,431,15,70,412,2209,1575,2,71,20,66 0
11,160,7,2659,26,7013,142,2,557,13,11676 0
6,29,39,15,44,810,2,71,227,11,280,142,65,158,426 0
11,160,7,232,31,177,42,240,312,232,6,29,431,1640,219,2,5,1487,431,51,1292,1555,2,5,39,2010,7,24,34 0
29,74,1533,20,285,13,58,2751,2,104,14,6,29,74,763,203,312,2,5,104,14,12,6189,10,377,6,29,140,13,34,77,5,976,7014 0
6,29,14,537,874,140,12,2964,630 0
763,494,4,70,44,816,34 0
526,11677,2,7978,4611,96 0
495,4,16870,276,4,16871,597,42,4,11677,2,7978,4611,813,16872,1852 0
