69,49,4,16852,11670,303,1315,101,6288,2,7011,16853,101,49,4,16854,38,29,20,1121,5,480,12,4866,13,15,427 39
47,1736,6,30,5,93,584,32,1283,19,6,7977,69 39
30,7,629,391,4,1924,2,38,14,15,3326,29,13,15,30,7,149,394,5,2654,16855,104,20,1447,10,55,5741,13,15,835,7,244,19,233,27,63,1777,3692 0
16,20,926,401,17,241,233 0
93,122,4,224,893,4,6,29,14,1040,2,413,2,5,12,11,180,326 0
520,359,4,43,2,13,6,3693,7,15,252,1840,870,7,16856,202,4,599 0
226,4,6,194,302,53,90 0
187,4,133,2,375 0
489,233,4,835,14,4318,10,55,7012,147,14,43 0
44,810,482,11,3969,1954 0
4327,9,317,440,8,4,6,29,14,201,12,6,303,441,42,6,9414,312,32,57 0
678,494,4,149,1387,6289,713 0
642,9,317,630,712,377,8,4,6,29,14,3864,874,13,961,17,241,11671,32,63,1287 0
630,712,377,14,185 0
1416,16857,9415,2871,5708,2,96 0
11672,16858,16859,597,42,4,9415,2871,5708,2,96 0
11672,232,31,177,42,240,312,232 0
