69,49,4,17000,1955,2,6303,378,325,1124,2,17001,524,6304,7999,11732,144,2,3162,1032,2,674,4895,11733,2,5211,2,11734,536,4,2512,4618,17002,141,99,384,4,270,234,4,361,1798,10,158,855,11740,9,1589,5,176,2140,8,17,885,7,1545 0
2512,14,15,1678,292,528,65,9446,13,15,134,494,7,305,17003,76,42,2977,12,11741,13,188,4335,19,8008,1161,2,1626,1037,2,116,2,81,2,188,132,776,5,254 10,5,13
18,20,874,65,11730,12,11741,5,39,2251,106,95,27,17004,158,10,37 0
21,61,448,1701,57,27,140,191,6,97,451,198,48,658,13,734,255,7,194 0
88,44,34,2,17005,2,280,655,26,79,26,616,1313 0
18,1510,61,201,2003,236,146,12,6,189,13,1084,115,5,20,3884,480,13,219,235,5,718,140 0
922,18,20,265,10,189,2591,1045,48,490,7,1467,4335,5,1693,18,14,537,17006,10,89,659 0
12,17007,1045,124,219,235,2,910,9,795,4620,1396,2099,7,17008,8 0
1545,4,32,256,2,1063,1440,149,461,9,188,6306,8,3883,103,70,1410,805,77,4,1201,683,25,33,739,2419,77,17009,248,17010,17,651,17011,19,17012,9,17013,8,737,491,25,33,987,823,22,25,59,60,13,1275,632,4333,2560,4255,25,33,235,368,22,25,33,493,758,22,25,506,183,1366,25,283,2307,683,25,873,1342,130,22,25,33,273,31,4610,633,749,5336,25,33,1286,2479,25,17014,138,914,607,521,25,33,60,13,1253,26,523,1794,5755,9449,25,59,635,491,25,506,137,4,11,334,624,1146,128,30,4,603,21,120 5,19,29,26,30,20,17
153,1202,81,603,36,81 5
1202,36,11739,179,30,4,295,12,11737 39
21,153,837,56,288,587 0
2536,65,9446 0
937,2015,32,15,4935,12,7994,7041,2,11738,15,451,831,146 0
19,188,850,9450,1161,27,140,102,11742 0
382,10,433,1013,1477,5,286,1625 0
499,4,355,66,73,17015,759,4,17016,1019,2,31,5337,256,450,17017,2,17018,764,2,11354,2,1204,41,19,17019,2,111,17020,202,4,11,251,112,1486,2,966,90,2,817,1559,112,4,330,11,17021,2,269,44,4,1104,17022,362,1912,9,188,8,11,17023,1977,4,418,11,1058,340,4,17024,2,5756,2,324,558,2,11,693,26,1119,516,4,11,79 33
3239,4,918,1786,134,258,4,1335,397,9,510,282,8,4079,54,2,1335,633,9,510,282,8,2127,2,1335,749,9,510,282,8,2344,2,1335,689,9,510,282,8,8009,2,1335,2447,1653,72,2,1335,2373,1743,72,2,1335,1813,1850,2621,72,2,1335,488,1123,1789,2,1335,2152,1123,1435,2,1335,488,975,3240,72,2,1335,1370,2917,2,1335,1937,2129,2,6307,1103,1096,1258,2,6307,1103,1096,1891,2827,2,6307,1700,1891,1475,2,1335,2446,1725,72,2,6307,442,3380,2,1335,331,9,510,282,8,1624,72,2,1335,358,9,510,282,8,3702,72,2,1335,2309,4271,72,2,6307,1042,2500,2,1335,266,5757,54,2,1335,458,4937,54,2,1335,615,17025,54,2,1335,443,4895,2,1335,530,365,2,1335,665,5660,2,1335,698,8010,2,1335,666,9451,72,2,1335,1225,1856,431,2,1335,1513,395,72,2,1335,1458,152,2,1335,2412,152,2,1335,2486,152,2,6307,64,11304,72,2,1335,1430,2165,17026,72,2,1335,4080,66,2,1335,4081,66,2,1335,4082,3703,4336,2,1335,4083,67,66,2,1335,1679,2080,2,1335,4084,171,2,1335,3885,66,2,1335,1793,2008,66,2,1335,4938,4198,1499,2,1335,5338,1499,2,1335,4939,1499,2,1335,4940,66,2,1335,2333,2064,66,2,1335,732,102,2,1335,1193,515,2,1335,1102,788,54,2,1335,1145,102,54,2,1335,559,732,11446,2,1335,559,1193,2748,2,1335,559,1102,7042,2,1335,559,1145,11743,2,1335,1658,368,72,2,1335,559,2336,7043,2,1335,1307,1081,1192,2,1335,5610,9452,464,4,161,350,225,1079,2117,5,149,1874,305,79,2,557,13,421 0
165,11,8006,160,7,796 0
147,4,11,958,142,320,4,305,17027,17028,76,2,1626,1037,13,149,421,1684 0
23,2736,651,3838,53,168,10,450,5,18,113,31,2122,10,55,12,182,5651,353 0
2555,2,92,273,841,50,573,268,10,5758,23,12,6,2018,7,17029,9,18,21,2878,150,3476,13,17030,8,2,32,38,14,1916,15,4941,360 0
114,4,56,605,10,325,17,241,2591,19,5232 0
56,991,11744,785,56,126,1287,235,262 0
56,2562,8008,1161,32,865,56,17031,997,470,56,64,21,2878,3976,997,2,48,7998,1279,55,3704,32,4212,209,55,2978 0
56,47,40,3886,13,23,536,4,1583,17,17032,203,136,18,21,2878,3976,997,27,97,5,13,38,141 0
38,1279,907,11745,241,17033,13,1084,522,27,140 0
56,126,120,522,174,17034 5
56,7044,855,12,989,123 0
56,5633,5758,1772,108,18,3673,8011,84 0
56,838,493,2,887,1060,9,5633,50,5759,308,4621,99,13,2657,7,493,8,56,11746,10,3376,2,2894,13,2262 0
681,809,42,1955,2,6303,19,4942,51,2,2140 0
