69,49,4,17035,18,74,448,573,419,65,23,3234,157,1188,394,9,314,17036,17037,740,8 39
18,4085,17038,60,2224,2,48,2282,264,23,17039,5,1704,106,7045,4086,2,110,664,472,257 0
23,157,568,403,6308,15,1814,348,2,27,11,2692,95,9,7811,2,31,8012,151,18,74,17040,8,2,5,1625,84,7046,917,17041,18,21,31,533,8013,26,7047,2184,26,377 0
18,21,572,8014,17042,6,157,663,7,23,1414,2,5,5584,18,348,11747,348,1341,12,23,157,8015,28,18,11748,42,8014,19,54,2,5,2132,2334,2,1540,290,4572,5339 0
6,34,21,17043,18,110,316,1302,403,15,9131,348,110,5,237 0
943,21,1282,18,74,31,895,791,32,57 0
23,231,257,563,11749,244,1090,2,4839,105,2,3241,154,59,2,787,17044,2,1943,105,33,2452,1296,33 29,28,20
18,74,9453,10,8016,6,457,7,23,134,67,500,2,317,379,1211,2895,2554,2,266,6309,19,73,2,18,21,2476,121,136,47,97,701,23,28,18,774,12,17045,2755,2,48,14,382,10,60,15,451,3609,13,23,4087,2611,2,5,5587,7795,6,8017,17046,13,316,1026,17047 0
8018,17048,28,2301,31,2445,28,7048,275,86,2586,26,1930 0
17049,53,3634,17050,2,48,18,21,476,17051,6,157,197,1188,5302,9,3330,2,2695,8,28,1536,11750,5,17052,590 0
157,197,1188,394,2,13,553,3969,394,7,17053,17054,28,16,11748,10,2340,6,5592,3020,1667,28,261,5608,74,7049 0
18,5340,1197,1371,27,365,601,19,157,2,546,601,19,54,28,8019,17055,10,6,157,2,48,11751,1643,318,17056,9,7811,2,1759,354,3333,5760,8 0
1559,1052 0
11752,2376,57 0
3526,17057,2,48,17058,90 0
18,21,15,1959,5200,2,13,476,2959,65,17059,10,4248,193,17060,722,2,48,2274 0
590,836,57,9454 0
4252,4,2043,157,5608,74 0
691,227,573,721,2,48,11,3499,1113,17061,126,13,231,583 0
47,1510,17062,6,17063,7,930,23,428,12,173,259,198 0
526,17064,2,17065,2060,2,96 0
