69,49,4,17073,29,414,4,4944,2,11753,28,485,4,11754,597,19,4,17074,42,2512,11755,2,9456,2,4509,30,4,1256,4944,1263,10,308,17,233,5,583,7,15,70,806,754,3527 39
136,23,97,101,10,6,308,2,18,20,1121,42,58,7050,9457,104,265,23,17,15,1394,1992,2,71,604,37,18,39,3169,1608,10,6,754,542,10,7051,6,3527 0
93,122,4,19,93,122,2,1256,4944,21,11756,4257,7,6,525,2022,7,23,225,197,445,13,3004,9458,19,6,794,2991,7,23,52,197,445 0
6,3527,14,19,6,806,1694,7,6,70,754 0
84,4945,1571,601,98,1571,601 0
6,1377,14,1130,1676,3022,1377,2,6,5321,14,90 0
12,6,644,7,11756,4257,2,84,479,37,1256,4944,176,50,63,180,2896,7,23,188,11757 0
114,4,82,1166,203,119,6,640,1811,28,161,43,4337,6908,154,384,98,186,15,3078,11758,7,196,41,11563,3672,3124,41,13,8020,1349,10,6,1166,886,5,6,4266,17075,5321 0
763,3023,40,55,17076,4946,13,9459,9460 0
1256,4944,40,808,10,308,12,51,236,2638,6,1166,886,14,3887,5,237,18,40,207,100,13,58,9457,19,3641,2,1452,17077 0
526,2512,11755,2,9456,2,4509,17078,17079,17080,17081 0
