69,49,4,17146,378,325,674,11789,2822,11790,7069,3532,2,5350,8041,2,1820,8042,11791,9,3167,8,17147,9491,494,4,161,127 39,13
165,904,79 0
186,81 5
234,4,5350,14,15,2017,200,307,407,104,279,17,207,100,7,89,709,32,57,32,17,280,904,79,191,6,78,51,236 0
151,47,701,23,15,451,236,146,2,18,20,214,7070,5,2213,15,1248,12,262,7,23,235,239,10,115,7,3201,32,57,32,15,4096,12,23,331,5,379 0
18,4859,57,10,38,5,237,222,57,17,15,223,26,393 0
237,18,701,58,5770,104,264,23,262,7,235,168,10,105,22,12,6,1485 0
1487,2,18,533,904,79,71,2,27,511,2,14,100,10,23,1389,5,21,61,214,5771,17,23 0
7,99,2,18,321,737,667,6,78,451,198,5,84,20,2230,264,10,109,22,15,107 20
18,267,23,67,728,50,61,1400,1536,338,2,6880,65,17148,1540,191,6,78,1450,7,236 0
18,21,39,15,1450,7,11792,12,6,5352,191,6,78,1450,7,198 0
18,428,21,31,1911,453,100,13,58,11793,4628,32,47,39,909,17,907,13,23,81 5
18,267,23,67,94,12,58,5770,74,622,20,43,32,57 0
18,88,87,655,2,702,2,264,255,7,194,26,366,19,639 0
11,508,26,469 0
3533,163,7,213,66 0
18,113,444,3888,13,1275,37,18,14,7071,1550,928,18,21,39,48,21,166,84,191,6,78,451,198 0
77,4,32,166,12,6,69,5,941 39
137,4,184,1757,250 0
93,122,4,18,14,15,779,407,12,11,180,326 0
23,181,14,214,11794 0
67,94,17149,2,19,540,84,14,5772,2,296,7,1580,2,121,7,761,2,121,14,100,173,259,643,17,23 14
202,667,43,1238 0
112,4,11,920 0
226,90,10,452,193,2,11,942,26,1223 0
562,73,4,43,246,2,253,2,3520,653,417,27,70,1494,2027 0
187,14,599 0
217,4,18,21,5235,2439,904,79,10,751,3534 0
320,5,114,4,2017,200,307,407,13,4,161,280,904,79 0
5773,29,74,134,282,457,2,18,113,50,2592,48,84,14,2020,504,136,6,97,95,84,20,1453,5,85,23,331,21,504 0
47,2242,6,904,79,176,55,741,10,6,737 20
1195,2,47,1293,23,10,1171,6,737,5,18,40,750,260,1775,10,2836,260,871,1550,18,14,448,32,84,176,60,15,451,123,10,3469 20
40,539,734,23,235,1582,19,1550,18,8045,10,9492,6,737,5,23,258 20
40,155,7072,1825,1075,5,1728,32,57 0
165,127,136,9492,737 13,20
40,247,230,12,15,252,262,48,1293,23,31,10,247,38,17,6,400,451,123 19
40,247,27,1247,22,15,107,5,383,10,244,22,15,107,5,18,40,207,100,12,6,400,451,236,17,15,540,67,94,155 0
186,81 5
6,29,14,3853,1428,10,1029,63,1207,13,58,11793,4628,995,6,81,10,125,108,68,14,2916,268,92,319,273,10,228,23,131,322 5,25
6,29,10,207,100,13,260,42,2416,1775,5,355,12,6,400,102,236,17,15,67,94,155,5,3027,108,11,2010,7,23,904,79 0
526,7068,710,11788,2,96 0
384,4,813,17150,800,4,9491,827,4,17151,818,4,9491 0
