69,49,4,17124,17125,303,1315,101,3532,2,5350,15,9484,101,49,4,17126,629,391,4,386,805 0
30,7,629,391,4,38,14,15,3709,2360,407,2,1086,65,4094,144,819,18,658,80,117,7066,12,23,5768 0
18,416,18,1376,23,17127,434,3600,106,344,2103,3068,5,2697,12,15,11778,721,2,9485,63,1219,10,23,337,5,754 0
18,20,201,27,4094,144,819,63,1720,11779,805,20,3245 0
18,1938,87,150,1219 0
18,1938,392,1219,2,112,34,2,168,34,2,26,44,34 0
78,89,30,4,686,17,131,1339,81,5,127,2,32,57,32,132,776 5,25,13
77,4,131,2,1201,2,210,2,235,2,5,17128 17,29,25
137,4,11,334,624,137 0
179,30,5,128,30,4,18,113,605,10,1785,3115,5,19,15,1701,135,1988 39
93,122,4,224,4,413,5,646 0
18,222,50,6,8039,7,554,19,23,194 0
392,4,1125 0
112,4,275,502,7,721,2,978 0
44,4,11780,5,44,129,978 0
226,4,90,10,452 0
118,4,43,246,5,253 0
187,4,133,5,978 0
2636,75,217,4,483,13,6,3693,7,6,70,754,2,71,14,12,15,17129,6778 0
151,1983,8040,20,201,1053,717,10,6,2281,4791 0
68,20,15,43,296,5,4626,1696,12,6,445 0
489,233,4,5152,604,15,805,3304,6,8040,7,6,5351 0
68,20,85,15,525,11169,805,32,57 0
6,17130,2646,175 0
44,810,20,90 0
1322,14,548 0
489,426,227,15,43,801,2,358,7,9486,2,5,331,7,2644,65,6,150,3692 0
364,1958,12,189,4,6,29,40,55,1009,10,6,7920,674,17,17131,5,1720,2864,5,378,11781,746 0
678,494,4,1720,11779,805 0
642,9,317,630,712,377,8,4,6,29,14,3057,12,185,630 0
1416,17132,4095,1023,2,96 0
11782,17133,17134,597,42,4,4095,1023,2,96 0
11782 0
