69,49,4,17164,132,753,141,99,49,38,101,4,17165,1489,7,1136,4,120,4957,49,7,38,1018,753,4,17166,384,4,9497,234,4,1963,1576,600,216,1136,915,120,4957,103,132,1755,11608 39,5
64 0
20,201,12,308,80,13,834,336,79,10,9498 0
18,85,267,834,1265,2,5,106,2095,2094,366,1339,27,1502,51,3287,10,535 0
18,267,834,7,23,115,191,6,78,223 0
18,88,4631 0
11,17167,17168 0
231,5776,4,4349,1456,33,2,4589,626,33,2,517,83,22,1980,150,257,4,771,677,1915,509,2,235,17169,33,2,17170,491,33,2,8047,11581,22,1980,2,17171,5353,22,59,2,1770,495,2560,190,33,2,473,449,22,33,2,2203,2448,2,857,109,190,506,2,211,474,22,33,2,210,105,22,33,2,3358,449,22,33,2,4632,9499,3029,2,2161,2810,59,2,2311,2672,1017,33 25,19,18,29,20,17,32
150,89,167,4,1136,915,120,311,47,103,132,1755,2154,362,11799,5,11800,2743 5
127,254,1385,775,1809,276,17172,566,19,168,17173,36,11,17174,4620,3711,709,17175,42,4901,4958,2134,51,1261,178,13,2378,5,369,17176,17177,1137,11801,18,21,39,83,17178,181,571,1983,12,6,78,83,159 2,13,1,10
73,4,121,17179,727,2,276,6831,17180,2,17181,2142,2,3247,1993,41,19,628,224,4,3349,2,3485,2,5354,2,149,326 0
202,4,1290,90,2,112,330,2,11,269,2,264,920 0
1977,4,418,2,43,2673,2,4959,2993,27,5170,226,4,7074,17182,1056,2,11,1106,2,11,1223,340,4,133,2,375,2,1774,5355,4,375,516,4,17183,225,2439,197,516,79,100,10,9498 0
323,4,15,75,8048,102,2,1534,3866,457,9500,548,80,833,4,552,3532,14,15,1963,1576,600,174,216,1136,915,120,311,47,103,132,1755,2154,362,11799,5,11800,2743 5
18,40,55,265,10,6,132,308,1400,240,5356,17184,17,241,233,5,583 0
161,11802,4350,132,496,48,331,21,61,185 0
40,1729,389,17,934,1719,975,10,1364,3248,740 0
165,17185,679 0
231,322 0
40,207,8049,1733,5,2562,32,865 0
186,11803,9501,2,1229,13,182,336,79 0
11,2058,74 0
40,433,147,2,464,2,704,434,12,1477 0
249,4340,421,4,40,881,235,1915,219,59,17,2674 0
40,540,464,351,9502,132,333,459,9500,801,11804,2,3699,2,3249,2,1370,2,5209,2,4349,542,17186 0
1306,17187,2833,6328,2,5357,132,308,1318,46,17188,1783,99,4,29,201,42,260,4,299,2,7075,2,833,941 0
17189,11777,2,195,2,132,9503 0
