69,49,4,17213,2756,3434,605,99,29,4,7076,2,8050,5777,1045,1316,4,11808,49,7,141,4,11809,240,312,4,11434,440,4,1761,17214,715,139,4,275,858,391,4,44,34 0
234,4,2118,292,661,1530,180,696,270,5,44,34,1013,854,221,19,17215 0
29,3082,38,221,13,3859,5,264,1521,7,7901 0
34,3367,1170,290,742,1832,2,5,264,12,17216 0
106,157,9,31,54,8,912,1839 0
88,17217,349,34 0
9,222,50,52,2971,277,51,123,158,8 0
106,17218,48,11,1642 0
1008,440,622,2,104,2179,170,10,1418,10,10,6,1087 0
29,1008,2065,75,695,28,124,211,42,2065 18
12,6,189,2,492,1470,2,111,17219,2,574,723,5,17220,1347,41,19,628 14
455,8053,2,31,1359,13,3030,1094 28
34,20,1359,42,1640,9,183,2,183,2,51,22,8 0
321,19,652,2454 0
124,501,244,22,25,1519,2,2161,761,22,25,1519,2,5,5778 19
222,31,3153,5779,4351,15,1226 0
11,147,142 0
1153,8054,129,66 0
321,19,652,124,979,5765 0
3162,1501,7,785,686,17,3995,7,2114,5,783,7,11810,507,20,4352 0
2062,185,722,189,1682,28,31,124,87,1971 0
499,4,125,234 0
88,17221 0
11,5358 0
11,9497,2,250 0
11,17222,388 0
19,1765,27,420,17,2455,9,113,31,871,11811,8 0
88,9507 0
188,3479,832,17223,159,28,11,709 0
847,3859 0
1612,1832 0
11,17224 0
11,1030,1479 0
11,17225,1214 0
11,134,3807,26,2842 0
499,14,355,483 0
78,89,30,4,36,2455,28,692,1765,4495 0
36,4794,882,740 0
36,1413,28,453,42,58,9508,2,19,3354,5,9509,36,685,19,2568,36,3479,832,28,156,75,695,28,462,159 0
36,299,7,1638,1137,1842,28,103,306,17226 0
36,103,3505,1219,10,54,337 0
137,4,747,77,19,141,4,36,742,130,22,25,82,36,9509,35,22,25,82,36,5330,83,22,25,82,36,11812,989,7078,25,82,36,172,474,22,25,82 18
128,30,4,36,1343,4,371,27,1174,292,9,51,236,146,8,36,603,4,371,12,3621,2,555,36,477,4,11,178,17227,30,4,36,1616,2,578,924,2,11,726 1
36,578,1591,5,16,1553,989,1553,15,223 37
88,2053 0
36,9510,5359,93,122,4,973,4,276,738,492,449,111,17228,1391,738,41 14
759,4,436,202,4,17229 0
2354,822 0
966,90 0
1504 0
620,43,112,4,625,171,86,229 0
487,183,601 0
44,4,1398,623,4,418,2673 0
118,302,1778 0
11,3458,1139 0
1457,4232 0
340,4,133 0
43,558 0
11,1003 0
4284,2996,832 0
516,4,11,673,2,720 0
617,904,79 0
171,967,1203 0
3384 0
323,4,15,75,1179,28,985,1094 0
2612 0
5174,6117,397,1917,1298,294,1762,4098,633,1862,1259,294,1762,4098,749,2197,1299,294,1762,4098,1688,1689,8055,1420,294,1762,4098,379,462,1300,169,1762,4098,331,6330,4099,169,1762,4098,5360,9,2124,8,75,695,28,284,3535,1762,4098,358,17230,1354,169,1762,4098,1498,2653,854,4294,294,1762,4098,224,2868,442,3897,1482,169,1762,4098,1531,2675,1727,169,1762,4098,1042,2827,1690,1421,1762,4098,1123,9,10,917,1789,3031,169,8056,8057,488,975,2985,2588,550,8056,8057,1370,2917,2513,550,8056,8057,1937,3515,2310,550,8056,8057,91,968,867,1296,4068,612,1762,5361,1330,17231,2550,1245,1762,5361,3989,2,344,17232,917,1267,5362,17233,17234,3249,17235,8058,612,17236,17237,2734,66,148,1762,17238,2288,17239,2551,1245,1762,5361,1001,968,367,3364,11813,169,7079,6331,1587,5252,11814,169,7079,6331,940,367,2812,11815,169,7079,6331,544,367,3785,11816,169,7079,6331,3779,1483,9511,11817,7079,6331,1532,298,4271,1260,398,1762,4961,458,17240,2216,1399,1762,4961,266,11818,1969,41,1762,4961,443,4895,4353,1301,1762,4961,4962,1910,1698,41,1762,4961,1102,2372,1780,41,1762,4961,1145,259,1699,41,1762,4961,732,183,1857,41,1762,4961,1193,515,1816,41,1762,4961,1072,2875,64,3013,5363,1057,1762,9512,1046,1267,1762,9512,1069,17241,5364,1057,1762,9512,1728,1947,36,1311,1676,1676,1762,4100,893,36,1311,90,90,1762,4100,6858,36,1311,66,148,1762,4100,1123,36,1311,66,148,1762,4100,4893,36,1311,66,148,1762,4100,2613,11819,917,6332,4354,1762,4100,67,36,1311,66,148,1762,4100,2898,36,1311,3118,4355,1762,4100,975,36,1311,66,148,1762,4100,9513,917,617,148,1762,4100,9317,36,1311,66,148,1762,4100,298,2008,36,1311,66,148,1762,4100,36,1066,11820,4,7080,6,29,21,43,352,2312,9,481,2754,8 11
6,999,14,66,17,313 0
36,147,11820,32,119,158,99,4,227,2107,160,7,15,78,786,371 0
3091,2,362,280,65,481,159,146 0
36,147,11809,4,764,27,9514,52,1000,2823 0
3091 0
11,17242,4963 0
11,142,65,158 0
833,4,2118,292,661,1530,1966 2
2062,185 0
281,455,739,86,147,142 0
17243,4,679 0
652 0
1222,17,429,12,221 0
679 0
10,1752,785,10,1344 0
36,679,17244,2,247,1226,36,40,301,4803,19,750,10,3098 29
28,1222,17,429,12,221,36,1194,12,221,36,797,945,2,374,12,221,623,1808,4,479,3972 0
679,1318 0
247,1918,32,1620 0
623,212,4,399 0
5232 0
2455,4,679,1765,27,420 0
685,4,679 0
2568 0
3446,4,652,2,211 18
2568 0
2009,4,91 0
4865,9515,3062,17245,195,2,2045,5332,2,378,325,705,46,17246 0
