69,49,4,17247,29,4,7076,2,8050,661,206,11808,9,5777,8,208,17248,7,101,4,17249,1263,17,1072,437 39
1888,11821,13,1966,5,16,74,103,7081,7082,369,10,6,269 2
88,44,34,281,5,16,21,63,1153,1207,13,58,8059,1209,38,223 0
16,7083,10,247,91,997,117,37,101 0
185,355,2,685,14,425,13,17250 0
411,21,1612,98,3454,65,1413,5,16,74,537,453,42,58,3898 0
1198,21,61,251,12,6,78,5,16,74,103,878,911 0
947,1765,17,2455,2,2828,10,228,10,850,17251,65,6,3056 0
103,1062,7,2021,7084,1197,5,6,1197,1230,1104,110 0
16,2828,10,433,6,4958,1291,2,24,5623,24,477,74,4958,5,16,113,841,1821,10,433,4958 0
113,841,871,1092,16,74,39,17252 0
560,17253,346 0
167,3479,832,2338,1002,76,599,2204,1520,7084,1197,4,2021,1197,1638,1137,1842,77,172,9,896,547,8,474,22,9,925,45,60,35,8,25,33,894,368,22,9,1668,45,60,35,8,25,283,11812,9516,9,17254,17255,850,8,989,1512,2482,59,2,1512,890,1158,7085 18,29
46,102,376,9,62,8,2205,742,9,4607,8,130,22,9,446,595,608,60,35,8,25,33,46,365,595,9,62,8,1934,83,22,9,521,45,60,35,8,25,1595,46,130,45,9,62,8,3354,9,5330,9,1413,8,8,83,22,9,521,45,60,35,8,25,33,46,365,45,9,62,8,9509,9,17256,8,109,22,9,491,2924,3194,60,35,8,25,33,46,365,2924,137,1573,520,359,111,5780,289,284,616 0
6118,73,44,4,226,90,694,4,574,75,1179,28,157,2,11,387,26,766,187,4,133,86,1119,26,342 0
17257,832,156,181,4,8060,19,70,386,4799,660 0
833,161,1966,2,103,369,10,269 2
21,507,1207 0
165,254 10
425,19,1226 0
186,2455,2,19,1765,249,685,2,425,13,742,351,1413,2,185 0
459,17258,4955,80,28,8061,108,318 0
1198,2,739,1198,80,1264,13,797,358 0
636,5781,4964 0
5649,11822,5365,5366,2,96 0
