69,49,4,11844,507,8062,3250,538,581,17,101,4,2922,1661 0
605,103,1527,7,751,269,5,3328,957,30,4,361,1798,10,3119,507,99,119,2871,5370,2,177,5,2738,13 0
429,4559,4,70,2617,2,6343,43,2,269,17285,1470,41,5,1211,41,751,1261,2,5,839,7095,3975,17286,368,41,717,238,36,269,839,7095,2,602,154,41,751,1527,7,3653,751,269,20,2794 0
369,2671,2263,36,1537,2,36,1527,7,525,2725,7,751,269,369,2671,2263,36,1537,2,1527,7,717,2725,7,3328,20,2794 0
579,2,369,2671,758,36,564,78,89,30,4,161,2095,777,1085,165,8063,8064,1385,186,396,249,3348,2362,162,12,3386,77,9,941,8,4,172,474,22,25,82,771,677,196,22,25,82,179,30,4,16,14,924,13,248,3032,2,439,1250,5,564,2,362,7,2882,53,12,199,424 18,19
16,1230,32,63,8065,5359,17,8066,8067,3813,12,4220,8068,2,4533 0
1183,4,16,21,578,1109,1142,840 0
16,113,31,1374,671 37
16,1553,259,8069,119,223,5,51,6335,7,2647,119,107 0
93,122,4,1669,4,1697,2121 0
145,4,105,3387,4,1174,12 0
2497,4,3900,727 0
1750,4,11,180,326 0
2302,4,11,690,2,822 0
1978,4,483,1751,4,487,11,1078,580,1386 0
1670,4,90,10,452,1515,4,135,145,5,212,2,43,246,5,253,2,13,11,1093,26,970 0
68,129,11,387,2,2844,26,711 0
1671,4,133,2,375,2,86,1119,26,150,342 0
1635,4,70,1270,11,9283,2,11,1867,2723,4,15,261,985,511,497,2,7870,2,11,900,2953,1602,4,9536,147,4,1786,134,258,4,1825,49,649,524,824,689,379,804,770,335,3388,2397,2123,1080,5785,1163,1506,6143,2618,902,5,1843,785,49,1434,1437,1497,935,1465,1438,3388,4244,4360,474,1659,2593,1893,5371,49,1005,3388,7817,1532,49,266,615,298,443,3388,11839,11840,3322,8073,2875,49,64,1046,3388,4916,1506,1728,49,2456,3251,2194,2676,2747,2136,1679,2677,3034,2195,3388,1676,90,1518,66,11841,66,2983,66,66,66,934,492,389,49,804,3388,1506,150,49,1830,458,530,665,698,666,2443,1793,3388,2057,9532,1653,3605,6342,3013,66,66,242,5,114,4,2922,1661 0
13,11845,5,11846 0
429,80,13,1527,7,24,269,287,5367,14,15,6132,345,13,2095,777,1085,5,313,166,19,134,7094,1149 0
16,14,110,103,429,13,1527,7,269,511,248,5,3328 0
7096,5,473,4931,1318,2,492,5,111,57,425,3538,1495,1226,2,155,797,945,2,450,17287,11847,470,1515,997,470,7873,17,241,534,7,2210,7874,1492,119,608,4103,5373,5786,1162,5373,5786,2,2423,2495,42,4,5373,5786,681,809,42,5373,5786,2,2423,1655,139,4,678 32
