69,49,4,17265,507,8062,3250,538,957,30,4,4636,6334,2,96 0
1680,9521,518,2,46,9522,9523,2,260,9524,828,58,6334,4,47,39,6,1068,7,930,287,3787,5367,12,6,507,659,19,11827 0
16,21,15,30,7,44,34,5,20,1121,27,11828,3537,144,17,6,1140,42,329,5,2,47,2242,2,58,17266 0
16,3385,39,63,704,5,15,3123,215,37,129,17267 0
24,534,7,44,34,53,5782 0
16,404,15,1929,34,17,5668,15,1154,26,248,12,24,44,453,42,2082,396,627,13,106,1288,5293 0
6,396,53,7,2079,696,32,57,32,2079,9525 0
648,129,3765,100,10,153,95,119,107,814,24,950,27,11828,3537,15,1450,7,236,146,5,110,50,2313,19,248,4357,136,377 0
16,14,355,12,1701,199,424 0
78,89,30,4,35,8,8063,8064,17268,51,8,396,102,8,3348,2362,162,12,3386,137,4,11,334,624,1146,77,9,941,8,4,172,474,22,25,82,2046,17269,447,22,25,183,98,107,128,30,4,477,587,27,439,1429,7,15,118,2491 18
16,21,938,2843,2,192,12,199,424 0
179,30,4,16,14,924,13,248,3032,2,439,1250,5,564,2,362,7,2882,53,12,199,424 0
16,1230,32,63,8065,5359,17,8066,8067,3813,12,4220,8068,2,4533 0
1183,4,16,21,578,1109,1142,840 0
16,113,31,1374,671 37
16,1553,259,8069,119,223,5,51,6335,7,2647,119,107 0
163,7,213,4,66,12,790,32,3119,19,24,9526,5,941,432,6,622,101 0
93,122,4,1602,4,4102,1669,4,1662,1823,135,2121 0
145,4,723,2284,2302,4,86,571,26,1064 0
1978,4,570 0
2417 0
2286,53,822 0
3026,11829 0
1657,1405,1130 0
11,9094,571 0
1751,4,625,171,86,229,28,1078,580,94,75,879,28,83,601,7,1618,28,620,86,1064,28,2921,1052 0
1670,4,226,90,10,452,2,6336,10,1043,2,5,863,12,7088 0
1515,4,135,13,15,43,2673,28,11,387,2,711,2,26,766 0
1671,4,133,2,375,2,86,1119,26,150,342 0
1635,4,11,720,2,673,2,26,79 0
2723,4,1355,129,395,28,1478,1738,3193,129,175,28,731,5,1099,9158,129,175,12,192,938,217 0
147,4,11827,4,399,2227 0
355,6,3112,14,667,43,1238 0
242,5,114,4,287,5367,21,4912,396,627,13,106,44,422 0
1863,84,14,1169,17,3204,10,11830,1352,396,5,44,34,119,4965 0
84,176,85,55,37,24,396,4344,24,118,145,10,6,845,819,16,5368,958,2,17270,6,66,415,215,37,16,39,12,6,78 0
92,40,1856,6,1276,7,6,704,5,6,415,215,393,92,319,50,1406,17,1082,17271,401,5,47,50,963,170,10,991,15,11831,1588,11832,5,207,100,13,260,117,37,21,61,1500 0
47,40,1758,1454,329,2925,173,1550,5299,2950 0
1928,11833,2,4358,1050,4103,2,96 0
4358,1050,4103,2,195,2495,42,4,11834,8070,681,809,42,4358,1050,4103,2,195,1655,139,4,678 0
