69,49,4,17288,11848,303,1315,101,5629,2,2911,11849,101,49,4,17289,30,7,629,391,4,6,29,14,15,1963,200,307,762,13,15,78,89,30,7,127,2,1284,2,7097,2,5,127,104,279,1360,7,44,34 10,39,13
6,29,20,201,12,4866,13,6,427,2,58,9537 0
361,125,23,99,17,5374,885,7,6,101 0
6,29,20,12,24,1054,1120,7,424,532,922,2,151,16,1282,734,255,7,194,13,639,2,366,2,5,969,5,39,63,656,7,44,34,1539,10,24,52,112 0
6,656,4361,38,465 0
6,29,658,10,24,763,203,312,2,104,926,170,10,6,303,441,17,233 0
712,658,10,6,303,441,2,6,29,20,4200,5,11850,2,7098,255,7,194,2,596,2,469,2,272,2,26,402 0
93,122,4,520,359,4,43 0
202,4,1186,2,1125 0
112,4,330 0
44,4,90 0
187,4,133 0
489,233,4,147,227,11,182,142,151,1323,10,307,3019 0
68,20,106,1872,995,518,2982,2,48,648,129,239,10,2900,959 0
783,20,17290,1700,20,8074,364,1958,12,189,4,6,29,431,1161,2,4250,2,172,2,5,51,22,7,1640,12,6,303,441,13,991,2010,7,24,115 18,28
678,494,4,1167,286,371 0
642,9,317,630,712,377,8,4,6,29,40,55,265,10,6,144 0
630,712,141,14,199 0
1416,17291,8075,11851,2,96 0
11852,17292,17293,597,42,4,8075,11851,2,96 0
11852,232,31,177,42,240,312,232 0
