69,49,4,17294,11848,303,1315,101,5629,2,2911,11849,101,49,4,17295,201,13,58,2902 0
78,89,30,2,179,30,2,128,30,2,163,7,213,2,77,2,137,4,129,177,5,941 39
361,125,427,99,17,241,885 0
30,4,47,1538,5,755,6,29,2733 0
6,30,1924,14,32,2260 0
38,14,15,2141,2360,345,104,20,288,874,65,6,144,401,117,15,2794,3002,5787,5,9538,959 0
16,658,38,1485,17,15,17296,65,24,9538,2389,71,16,4026,176,50,2098,17297,26,39,2567,3324,1983,151,16,20,1147,19,6,17298,5,1236,100 0
16,21,61,11853,11854,760,136,2085,80 0
16,21,11,508,2,469 0
11,150,849 0
78,89,30,4,1128,81,2,127,2,178,2,344,367 5,13,1,10
77,4,16,826,1010,2,1020,2,17299,2,1266,5,2345 29,15,20,21
137,4,16,21,11,137,10,77 0
163,7,213,4,355,66 0
179,30,4,16,295,13,24,128 39
128,30,4,16,21,11,182,128,30 0
93,122,4,24,870,14,6344,2,118,145,1993,2,67,94,17300 0
16,14,63,1040,5,413,345,12,11,180,326 0
202,36,1186,2,1125 0
1290,90 0
112,14,330 0
44,90,10,452,193 0
562,73,14,135,145,5,212,86,417,2,1371,26,1422 0
187,14,133,2,375 0
829,463 0
181,14,619,5,682 0
52,2792,14,13,106,3299,5290 0
11,2002,3022,760,2,5,6,680,1013,6,9538,3714,14,175 0
24,17301,17302,53,11855,13,11854,760 0
217,86,720,2,673,26,79 0
4309,413,5,646 0
1478,1738,1746,53,175 0
11,731,26,1099,1479 0
4327,4,16,14,201,12,1524,42,6,2047,659,5,24,9099,20,2803,168,5,3324,5375 0
84,14,884,32,38,20,730,42,1554,6823,6,8076,7099,7,6,9099 0
278,2,84,479,10,50,9539,4909,27,38,95 0
642,4,16,14,874,12,2964,630,13,3715,10,808,17,808,7,115,26,17,87,150,1446,2,5,10,750,10,50,207,100,3355,17,859,400,223 0
1416,17303,8075,7100,2,96 0
11856,17304,17305,597,42,4,8075,7100,2,96 0
11856,232,31,177,42,240,312,232 0
