69,49,4,17374,5793,470,99,414,4,9562,4646,512,46,4,11887,49,7,141,10,4647,4,11888,470,49,4,11888,2778,4,284,292,600,17375,5378,2,2402,299,7,2678,2,2845,74,11889,2,685,2,116,5,2379,1530,1006,3797,2,5794,234,4,38,14,15,284,292,600,11414,299,7,2678,2,2845,74,2,685,2,116,2,2379,5,844,1334,104,533,406,34,2,388,5,2757,12,6,8087,2086,7,362,1432,51,4820,146 13
18,687,68,20,962,106,2184,2,11,4110,12,472,2086 0
18,519,31,1720,26,2340,23,1432 0
18,687,6,34,17376,10,8088,192,7,6,2086,12,23,1432,2,4532,2,4248,2,3627,5,1389 0
18,1282,388,12,23,157,475,2,11,388,26,2184,12,150,2086 0
23,2395,53,2256,1189 0
18,3698,1084,976,422,12,158,534,2802,10,2678,2,598,31,32,406 0
18,85,5623,478,5,2971,34,7,1084,48,553,5795,9563,12,4641,434,290,17377,17,3839 0
472,115,660,151,840,129,795 0
18,88,134,596,26,469 0
18,1500,63,614,107,408,7,4968,17,6354,1334,248,123,146 0
5796,18,404,23,1334,21,660,5,18,14,27,23,450,65,15,372,6252,11890,250,5,270 0
18,113,444,106,149,11891,3184,455,136,922 0
18,88,121,274,2,181,142,2,484,2,228,12,4011,2,1642,2,682,1414,2,228,12,862,2,394,2,2793 0
499,261,17,11892,4051,2,568,9564,31,5771 0
990,686,17,477,17378 0
23,115,222,31,5379,10,6355,5,18,658,10,6,1087,17379 0
73,686,17,111,17380,2,492,1951,2,276,738,2,11893,738,41,2,277,17381,12,2295,74,2,157,475 14
298,4883,2,266,11894,2,443,17382,2,2175 0
109,918,2,464,11890,2181,409,6356 0
18,20,265,10,378,325,17,241,233 0
18,267,476,34,13,4108,2,957,1051,12,912,757,17383 0
637,4,2379,4,844,1334,136,11895,2,103,8089,3038,4641,3839,4,522,9565,915,902,353,4641,2465,2154,4560,5,2729,1466,5380,11896,2678,4,1224,7108,151,18,1530,112,2,478,2,700,2,44,816,2,475,5,1288,34,28,453,42,58,4969,1929,27,11897,1952,1274,116,685,3489,5,2996,5381,103,9566,3883,140,257,4,4645,521,33,4644,3669,33,933,390,33,4642,4643,33,4923,1541,33,888,204,59,632,775,261,1883,138,4605,2,6355,2,11882,231,257,4,4923,449,22,283,4642,9567,33,742,390,33,138,4108,192,4,11898,1648,11899,1018,860,11900,1184,3887,2345,2,11901,1100,4,994,6357,2,11,430,2,671,26,840,990,4,477,11902,5378,9,757,34,5,388,2,181,142,2,2845,74,8,2,178,2,120,587,27,1174,292,73,4,638,4,1285,7109,5188,28,111,17384,28,492,1529,28,574,105,202,4,822,2,966,90,11,571,226,4,476,558,27,1912,694,4,418,11,1058,2,487,614,340,4,133,2,875,2,1325,2,4284,832,157,7,1052,7110,4,1959,976,277,10,1392,2,1926,1393,44,2,1907,2,882,28,149,17385,277,1264,3504,929,28,476,891,2,2648,2691,5,2885,7,112,71,18,267,14,450,28,3627,2,4248,5,4532,13,275,1596,2,875,28,1234,1377,17386,314,5382,1393,8087,2086,193,2,1926,54,523,8087,2,11,4110,26,733,28,11,7828,26,6177,1197,757,1113,28,3717,1039,7111,48,11903,1596,28,157,354,54,475,8090,2,275,1596,28,1585,11903,1596,28,590,175,17387,4,11,690,2,5383,2,26,7112,142,258,4,4647,67,17388,17389,1903,46,17390,298,3543,9,1260,8,398,266,8091,9,2484,8,41,458,4363,9,2626,8,1399,615,17391,9,2795,8,1779,443,17392,72,9,1507,8,1301,530,1653,9,1340,8,1141,665,6913,9,1448,8,1561,698,5278,9,1449,8,550,666,3667,9,1383,8,41,2007,1887,72,9,11718,8,9120,357,397,2710,54,9,1298,8,294,357,633,2057,9,1259,8,294,357,749,1080,54,9,1299,8,294,357,1688,1689,6358,9,1420,8,294,442,3467,9,1482,8,169,1531,3515,9,1727,8,169,1042,931,9,1690,8,1421,357,1873,2083,109,9,1300,8,169,357,331,1659,9,1586,8,169,620,11904,5797,17393,9,17394,8,9568,67,1218,36,548,4647,1868,75,6299 14,19,13,37
44,17395,17396,1903,46,17397,678,6,4622,2026,7,6356,27,6,409,1912,2,610,268,2180,271,201,19,2229,462,2,9180,6,2151,4887,7,472,584,4934,63,3304,599,1187 0
278,2,8092,13,205,7,6,44,209,55,6825,17,241,233 0
147,4,764,368,269,1846,11905,1084,10,158,7984,9569,4,284,292,600,17398,2678,5,2379,103,134,6354,1334,1530,1006,3797,2,2297,5,3184,455 0
6,6359,7,2297,2,17399,2,314,8093,2,2845,74,2,685,2,116,5,6160,17400,6,1754,7,5378 13
2759,2,15,8094,7,38,76,319,156,86,181,6109,9,2532,9570,11906,5378,8 0
6,1666,1819,7,23,757,5160,14,1126,380,9571,76 0
6,225,912,2270,14,3596,2,48,1607,10,8088,150,2086,1155,32,6,475,14,31 0
17401,17402,14,983,2429,124,6,8095,2010,7,6,1460 0
23,2297,176,57,2264,3304,2678 0
92,1491,108,1509,2,78,3544,2,3632,2,2007,361,155,3544,2,3632,2,11907,8096,5,7113,2,5712,547,542,2,2031,4970,2761,7,225,1432,2,157,475,1152,329,17,38,5782,470 0
92,40,207,13,329 0
3018,5213,17403,2,96 0
705,17404 0
