69,49,4,6364,507,11931,8108,144,581,17,101,4,1480,65,9578,2,44,34,12,644,7,334,178,957,30,4,3456,407,13,306,89,167,2,5600,178,2,103,602,5,2273,3098,12,6,2954,7,1966,12,1110,2,5387,2,13,808,10,4647,12,1231,2,5387,13,844,44,422 1,2,4
91,561,432,37,101,604,4651,238,12,2273,369,2,3884,5388,13,7081,7082,369,959 2
373,134,17447 0
415,17448,227,11,4277,313,2,149,1424,5,149,4368,11932,31,2159,1777,43,119,444 0
18,5802,85,20,3976 0
17,350,300,1233,162,174,5803,5,1687,11933,7,5803,12,1091 0
21,61,448,57,5,316,290,4605,17,3540,34,513,579,3014,9,239,10,137,10,373,150,34,257,8 0
110,1936,10,9578,189,239,10,11934,4240,1126,937,1898,455,36,1802,32,2448,44,94,4807 4
10,70,349,5,168,37,321,27,11935,221,4023 0
174,102,1160,1837,2,85,39,11936,181,5,4208,4011,117,38,2,1007,168,10,535,237,455,4361,151,100,12,221,660,13,211,12,221,2,237,4361,428,12,17449 18,28
393,1007,10,189,2,416,84,20,4023 0
117,1837,428,48,21,11937,5,11938,136,781,10,189,27,1986,36,1086,10,4647,119,64 28
1856,17,241,1906 0
5,583 0
147,68,174,11,1547,180,17450,27,1986 0
3651,2119,10,55,2519,27,4647,119,64 0
1856 0
19,605,10,378,325,2,64 0
416,21,5804,4240,2,2217,5805 14
219,1837,321,5,17451,2,783,10,55,2519,5,11939 28
147,1565,2,269,17452,3330,2,2695,1126,498,2666,147 0
455,3299,117,219,1837,321 28
78,89,30,4,161,178,2,103,1966,12,1110,2,5387,13,2714,369,959,10,2273,5,602,164,1992,12,1231,2,5387,4,36,4651,238,9,1006,2,9590,41,8,12,6,937,730,2273,369 1,2
36,150,3606,1717,2032,1871,284,41,238,2,70,3158,546,41,36,937,730,602,369,7738,462,41,238 0
36,2273,4651,238,2249,10,55,4975,505,2,5,20,17453,3884,13,5389,98,7867,17454,369 0
165,254,186,127,249,3839,2,498,522,408,11940,239,10,1385,12,4641,351,2379,2,103,70,3131,3038,12,4641,459,2845,74,740,636,2678,843,1952,1274,1038,3489,5,2996,5381,1065,498,2679,1552,3883,1718,498,4115,7116,566,1913,149,895,274,2257,17455,1566,12,11941,2407,685,2466,120,2,19,802,5198,32,63,1287,3117,158,339,1574,564 10,5,13
17456,350,300,1233,545,955,5,5803,5,237,11933,140,89,322,4,161,172,1017,82,165,473,1541,82,186,4642,1820,4643,59,249,17457,1541,82,351,210,1668,82,636,5797,1181,364,33,9,4644,3669,2,4645,521,8,843,1133,109,22,25,33,1038,2745,33,1552,310,3021,59,1718,910,3183,1974,59,1913,888,683,59,2257,4605,138,868,5,513,579,492,138,3540,34,9,136,2665,10,1054,34,257,8,2407,933,105,22,25,59,137,4,1165,21,2927,484,7045,339,1648,1292,339,1648,17458,339,17459,2063,339,1648,2335,9591,3391,9591,2139,484,11942,339,1648,17460,339,1648,17461,21,1047,47,250,3122,905,128,30,4,17462,178,12,477,179,30,4,924,2,295,174,943 19,1,18,29,26,20,9,32
994,6357,1881,4,88,430,4,88,2053,4,88,163,7,213,4,125,957,30,93,122,4,11943,4,1285,1669,4,1332,2121 37
145,4,723,1750,893,4,11,180,326 0
2302,4,619,2,682,2,11,5806,26,571,1978,4,483,1751,4,625,171,86,229 0
487,11,1078,580,1386,1670,4,90,10,452,5,1043 0
1515,4,11,6901,26,6365,2,4232,5,1706,1457,2,135,1268,2,11,9272,2,11,711,26,387 0
1671,4,43,300,302,2,133,2,978,2,340 0
2355,57,2623,2,11,733,26,17463,2,11,342,26,1119,1635,4,11,1270,1867,26,229,2,582,243,5390,193,2,3827,243,5390,193,2,11,197,445,79,1602,4,11944,2723,4,15,75,1179,28,985,1094,2,951,3193,992,175,1786,134,258,4,548,320,4,2118,1661 14
528,174,17464,178,32,3119,256 1
13,11934,455,1126,498,455 0
4023 0
174,1837 28
3651,548 0
147,174,11,228,65,498,2666,147 0
58,17465,4016,17,58,8099,38,11945,4352,7,4921 0
141 0
1752,3651,5,3019,17466 0
19,211,2,473,2,1226,2,1318,2,219,1837 18,32,28
1454,140,1362,4642,1820,239,10,4921 19
1262,9307 0
167,174,137,32,256 0
2665,10,1047,47,5,3122 0
11946,114,429,19,8109 0
838,19,652,2454,2638,864,8110 0
707,558,2,138,1175,923,131 25
838,310,11947 26
4007,11947,1817 0
155,945,2,1321,12,221 0
333,470,1817 0
539,3721,11948 0
64 0
416,18,21,285,38,174,58,8099,12,6,78,5,648,50,2738,17,84,4976,126 0
1222,117,3863,9592,218,17,429,1048,241,4565 0
119,58,8099 0
11949,2594,11950,705,46,17467,681,809,42,11949,2594,11950,1655,139,4,678 0
