69,49,4,17481,605,99,58,11957,3549,552,4977,14,15,4656,2393,368,2253,307,9594,2645,1086,65,11958,10,7120,17,233 0
299,17482,65,158,2116,586,5,7124,13,189,5631 0
23,637,14,686,17,116,2,685,2,380,178,2,883,2,380,2678,13,334,8103,2465,13,2930,2,103,3714,12,7125 1,13
18,21,61,19,4120,8114,1337,17,1262,236 0
124,23,11959,17,4980,5,23,5810,5,2402,11959,17,162,2,18,21,61,480,2995,5,5811 0
18,20,27,11958,5,20,19,17483,2,4657,5,802,3391,17,23,2465,5,20,17484,10,7120,189,17,314,4121,988,2,228,12,916,2,272,5,263,34 0
12,189,2,63,340,205,346,227,280,634,816,1866,12,4884,8115,4370,1023,13,4885,76 0
15,392,205,20,483,5,1975,10,158,586,12,948,2,128,17485,549,23,988,14,450 0
257,4,742,130,22,59,2,960,1639,22,59,2,2847,105,22,291,2,1266,105,22,33,2,4319,758,22,33,2,211,370,22,33,2,17486,83,22,33,2,4657,1481,22,59,2,3012,823,22,219,33,2,3391,447,22,25,291,2,184,109,22,33,2,556,449,22,59,2,4632,7126,190,405,513,376,5,2311,1345,370,22,291 19,18,29,15,28
1573,2516,4,70,9139,12,4981,990,4,11960,27,38,95,1100,4,11,430,5,985,17487,245,499,4,355,66 37
19,73,2960,2,7127,2,574,788,2,296,1211,18,479,1442,187,14,133,5,375,2,11,17488,65,4658,1914 0
90,226,17489,13,1329,417,11,79,2,1459,336,243,323,73,14,851,2,18,319,207,3715,9,47,3886,106,4656,8,5,3521,192,17490 0
988,14,15,2328,4121 0
672,31,2415 0
70,349,4,11,160,7,1254,65,219,17491 0
467,4,17492,764,1182,2,1535,276,1278,17493,12,17494 0
298,17495,2,266,5785,2,443,17496,1307,4,1887,41,11961,2,1143,41,897,2,102,41,4943 0
649,5252,9,299,7,188,2565,8,2,524,1862,2,3722,17497,2,358,7128,1370,3509,2,43,1321,2,2446,2,2309 0
4252,4,368,200,307,13,116,2,883,2,380,178,2,2678,13,8103,2465,5,110,834,3199,1866,19,340,205,434,19,4120,8114,1337 1,13
18,21,2878,162,12,78,5,428,2878,162,922,12,189 0
40,2320,126,231,1337,2,4199,775,1307,65,577 0
4332,889,1733,7129,1150,2202,7,5391,2394,10,2869,17,5391,313,9,883,2,116,2,178,2,2162,8 1,13
4932,664,19,752,17,110,124,328,17,4560 0
9429,91,2066,2,126,17498,5,9595,322 0
11638,339,5,507,108,979,4488,3481 0
526,11957,3549,2,96 0
46,17499,384,4,58,4653 0
