69,49,4,17564,162,141,99,384,4,279,17,409,753,234,4,287,5393,14,15,6384,471,13,3381,409,76,239,10,4125,305,2548 39
16,20,265,10,6,5394,65,17565,10,9627,13,4664,372,353,1339,9248,4988,5,141,10,6,89,3551 0
432,37,141,16,20,3688,17,409,3028 0
16,20,874,10,15,997,3692,5,237,10,140,248,123,146 0
16,1263,110,17,1616,409,753,65,15,2694,5820 0
637,4,4125,305,2548,1617,535,1644,178,9,97,91,429,17566,8,2095,777,1085,81,685,11996,8128,1427,1050,11997,5677,225,9247,1339,44,2389,70,337,1593,239,10,2433,5401,2467,4228,2516,4,3906,4,11998,9628,2,8129,2,70,5816,13,306,70,2240,4269,7141,9,58,2680,8,17567,4,52,44,2389,77,9,941,17568,19,141,8,4,2019,491,25,7142,501,626,25,291,517,491,25,33,633,749,9277,1062,17569,25,33,2146,4377,25,33,1116,446,25,33,2381,2448,35,347,25,33,8130,17570,25,283,8131,9629,9,2848,8,4378,22,25,59,2765,1456,25,283,138,2039,210,390,25,33,8132,105,41,9,594,6385,8,25,1481,22,2241,888,204,291,2084,25,51,347,59,138,613,4601,9,2135,8,8133,244,17571,17572,2063,1674,25,11999,2,17573,2,17574,2,9630,2063,4127,25,17575,2,12000,2,12001,2,17576,131,486,1629,405,1537,190,297,1253,131,135,405,183,190,297,3133,896,547,9,172,8,25,370,22,33,8123,6136,314,262,405,497,511,2764,2745,35,347,25,33,137,4,747,4,11,334,624,137,73,4,638,4,7143,2,1645,135,2,17577,2,12002,2,738,41,19,17578,224,4,779,471,12,436,19,850,1161 5,25,19,1,18,29
6386,15,451,4989,27,15,95 0
401,13,24,128 0
112,4,330,2,11,920,226,4,1778,2,90,2,7088,863 0
118,4,418,86,4665,3801,340,4,133,2,375,2,1774,1368,4,9631,28,12003,13,214,350,4898,17579,7144,4,680,7,2184,191,6,7144,13,133,181,48,11,181,4315,2,1395,2,26,5402,2025,4,3384,2,261,617,7040,720 0
7112,11760,2587,13,3634,4626,1696 0
242,4,6384,471,13,3381,305,2548,2,265,110,17,409,753,114,4,17580,258,5,426,317,17581,17,109,190,1158,3552,2,9632,2,2190,17582,17,409,753,28,545,2989,681,5,19,948,17583,257,12,26,119,58,7145,9,1817,28,12004,941,8,17584,536,12003,17585,2681,12005,2740,17586,2,195,5394,162,3546,17587 0
