69,49,4,17555,9610,5393,2,2979,1452,105,2,2547,9621,156,360,4,963,10,125,38,1662,200,307,471,13,7136,2,971,12,3238,2,63,141,10,5394,97,376,13,796,2,104,658,13,4373,1387,372,326,97,223,5,20,265,3090,10,6,6380 0
16,32,480,13,344,262,9622,5,13,1337,2,5,14,2043,4374 0
16,14,8127,5,21,4126,10,1838 0
81,20,971,788,159,146 5
16,20,480,13,4612,1280,22,33,2,310,6381,22,12,9623,1272,5,15,11990,532,1415,7,38,200,2,151,6,11990,20,5375,13,131 25,26,30,31
17,7946,13,24,2842,1384,2,24,131,21,61,1397,6327,42,3192,2,13,154,956,297,1253,5,130,956,297,2101 25
16,968,24,558,297,1253,5,2101,316,5,267,37,2,136,16,21,61,268,4006,13,24,333,288,2,648,50,61,12,6,252,204,62,5,751,204,62,2,5396 0
24,654,374,20,4375,41,15,376,146 6
981,4,16,14,239,17,24,3374,1207,13,24,3880 0
11,981,12,6,78 0
1358,4,3722,17556,80 0
11,9136,1483,12,5397 0
527,4,16,21,847,2793,12,24,744 0
91,4,16,14,103,369,17,164,143,76,173,9611,159,146 1,2
343,4,11,756 0
24,7136,14,480,13,4007,5,8123,6136,2,71,16,11991,10,2272 0
78,89,30,4,162,4,164,369,409,911,27,95,7,494,7,7136,89,4,127,254,685,137,4,11,334,624,137 10,2,13
309,30,4,11,554,30,4,11,128,30,4,68,14,15,182,128,30,7,81,2,317,24,477,2,3910,4376,2,153,7,24,83,2843,2,5,106,5398,7137,32,57 5
179,30,4,295,13,24,503,5,2440,5399,837,2,104,14,15,9510,5359 0
5295,5,7138,17557,17,224,17558,2,4016,614,416 0
24,3221,17559,2842 0
163,7,213,4,256,2583,4,149,895,274 0
163,7,213,14,355,66 0
93,73,4,214,779,2,17560,17561,471,12,11,326 0
111,4,11992,289,4,1332,2,135,276,4,7139,616,4,9624,42,30,2488,4,83,2436,42,30,202,4,822 14,25
275,5400,74 0
2301,4,31,755 0
625,4,43,243,2,86,229,620,4,31,782,44,4,451,1056,1876,2,54,354,157 0
118,4,43,246,28,3156,253 0
11,766 0
11,387,187,4,11,953 0
11,342 0
11,277 0
11,782,2787 0
217,4,11,79 0
967,171,157,2,1849,2060,64,171,2,1365 0
199,337,203 0
1030,4,7765,395,2,1365,2,13,43,7140 0
3611,5,114,4,1662,200,307,471,13,311,51,81,110,19,1900,17,7136,2896,2,281,423,10,1951,22,2137,2,124,27,4987,5,3863 5
460,177,24,134,467,2,209,1208,37,92,228,24,231,131,10,4,486,130,1067,135,11993,923,509,297,1253,135,11993,923,506,297,2101,486,154,27,1244,873,135,1175,923,472,1153,1272,40,301,10,55,4001,1582,19,3292,5,19,87,142,12,6,2414,1272 25
47,50,11,11994,10,17562,24,4612,2,26,17563,6951,434,16,14,401,2,32,928,32,329,273,31,977,37,1131,2509,14,4663,87,4491,12,24,6382 31
47,209,4624,31,10,2296,6,310,434,14,27,328,17,180,372,6382,13,328,7,4861 26
209,228,6,2414,2657,10,9625,2,614,852,2,6383,37,92,319,85,247,10,2543,6,1272,2,852,523,2,108,380 0
16,479,10,50,63,461,37,21,27,1502,15,3059,7,889,1705 0
108,329,1061,2,209,247,889,11995 0
9,99,37,12,736,10,6,889,426,2,24,530,2,645,411,43,2,21,1297,423,191,95 0
8,4259 0
2740,1647,9626,2,1885,2,3612 0
