69,49,4,17616,1110,1408,2,2143,828,58,5298,5822,552,5405,4668,20,265,10,7150,1695,144 39
47,50,1717,15,2001,144,1246,944 0
15,275,377,1246,454,55,718,10,329,4129 0
7150,1695,144,141,49,4,1110,723,2,2143,377,49,4,1110,1408,2,2143,224,325,659,4668,2,5405,9,17617,8,2515,200,307,407,13,30,7,670,2,116,2,2434,104,658,13,255,7,194,5,225,904,79 5,13
552,4668,20,124,235,13,15,199,1338 0
23,255,7,194,660 0
23,147,20,43,5,23,91,785,129,919 0
84,20,549,37,18,39,17618,13,1309,3531,5,17619,480,13,2927 0
18,40,126,19,23,12012,5,2414,2651,17,23,3304,670 0
287,4668,20,874,19,1110,1408,2,2143,207,100,206,208,1287,704,1152,329,17,2092,1089,10,60,203,7,1034,29 0
1027,1928,2,9642,8138,2,195,17620,12013,240 0
