69,49,4,17621,622,99,4260,2594,8139,2,7151,2,1162,536,4,4668,2,5405,17622,1231,1163,2,2143,581,17,101,4,3852,1207 39
234,4,5405,14,63,17623,528,104,19,1110,1250,2,2143,543,63,17624,17,958,300 0
248,236,158,10,23,1464,10,6,7150,1695,144,18,543,15,369,959,10,23,3822 0
117,369,959,18,20,874,10,997,2,5,237,1936,10,6,303,674,1360,7,406,2079,696,7,70,197,2209,34 0
205,609,7,6,187,227,9643,1866,13,2471,7152,5823 0
18,1487,20,1009,10,6,7920,674 0
23,3852,408,20,6390,5,18,20,874,10,17625,144,819,18,39,1558,532,176 0
23,849,80,563,106,613,2,71,18,14,11544,10,889,1269 0
18,14,781,10,245,106,577,12014,5,106,4537,7,9609,17,38 0
18,85,21,106,969,27,12015,2,71,18,267,21,2313,158,10,23,950 0
163,7,213,4,355,2,80,18,88,508,2,469,2,44,34,2,255,7,194,2,272,2,402,2,435,2,263,34,2,26,1382,34 0
93,73,4,19,93,73,18,14,2958,1019,12,11,1451,326 0
18,14,2625,80,42,23,567 0
23,121,14,4822,643 0
23,520,359,53,17626,2,546,2,723,2,12016,23,187,14,133,2,375,5,1774 0
23,1052,2355,14,57,2182,13,11,160,7,832 0
320,4,958,9644 0
114,4,29,20,201,80,42,58,4611,3306,2979,5,4260,2594,8139,2,1162 0
92,40,1729,191,10,23,763,203,312,6,3228,2,1994,2,5,377,11740 0
5405,113,31,301,10,808,10,308,2638,241,545,709,9645 0
4260,2594,8139,2,7151,2,1162,4611,3306,2979,2,96 0
384,4,5298,9646,2,96 0
17627,89,538,17628,11585,1142,7153,2,1141,17629,17630,4,17631,28,17632,28,17633,28,17634,28,17635,232,31,177,42,240,312,232 0
