69,49,4,17674,17675,1120,144,378,325,414,4,4668,2,5405,512,46,4,9647,384,4,1529,292,600,13,263,4035,2,34,2,5,12030 0
234,4,1529,292,600,2,13,334,5391,313,2,104,20,288,1888,17676,13,1551,15,2,4919,91,313,2,5,63,2391,4131,1427 0
18,20,874,10,140,19,17677,5,20,448,140,532,102,123,2,151,18,166,6,696,7,263,4035,13,353,10,6398,577,5,17678 0
191,6,97,248,123,2,18,21,166,6,696,7,2366,2,272,86,402,28,191,6,97,153,107,2,18,21,166,6,696,7,263,34,2,71,18,1185,32,3610,17679,23,2,1006,2,1632,19,2317,42,1488,2,5,31,627,13,1341,1269,9,645,18,21,39,214,1114,10,1838,191,6,97,497,123,8 0
1844,2,18,12031,577,17680,239,10,23,450,613,2,71,14,1848,660,13,5169,28,27,6,231,95,2,15,9655,5,5169,2,13,1853,7,350,1521,7,577 0
18,88,596,2,469,2,455 0
18,6116,450,270,5,450,613 0
18,6116,37,18,2225,10,156,3027,490,18,113,31,1821,15,2459 0
1545,4,178,2,1626,421,9,704,17681,4,11,9533,2,11,512,2,11,269,11,32,2,11,7758,2,324,1105,1118,13,585,1516,41,5,11,3720,2,617,2178,2,11,2504,2,3211,2017,2142,2,11,1748,4287,2,324,1748,17682,2,1706,412,2962,1520,86,5827,1233,8,2,311,51,120,2,116,2,883,2,670,2,461,17683,4,12032,13,2679,9,9656,2,2979,2,637,28,1994,4,9657,5406,7,9644,5,3724,13,4560,5,180,9658,2,218,958,7158,12,1819,8,2,12033,1878,9,12034,8,2,3822,369,9,12035,8,2,569,582,7155,2,569,293,4992,2,1720,1601,257,4,9,65,134,377,8,12036,474,1213,25,82,17684,758,1213,25,4993 1,5,13
17685,449,1213,25,82 0
17686,130,1213,25,82 0
17687,370,1213,25,82 0
12037,196,1213,25,1190 0
17688,204,1213,25,1190 0
17689,138,192,4,7770,2,3390,2,669,2,5826,2,2063,2,2520,2,2927,2997,4,3833,2,837,20,288,971,13,1957,1843,332,28,4669,35,1860,17,1262,206,905,208,159,17690,481,159,158,28,11,430,98,788,159,385,4,11683,4926,1645,17691,564,17692,204,628,759,4,2024,650,104,14,1451,422,202,4,3519,28,2354,53,822,44,4,476,558,2256,13,1006,4831,5,3719,856,28,11,17693,623,4,418,12038,340,4,4369,5,2088,2,2256,1189,10,1392,2,2317,17694,2,3237,2,5,6399,86,17695 38,14
7074,558 0
3039,545,2928,9,1052,6400,2,2965,2,5,569,1270,8 0
11,160,7,17696,26,1613,5381,645,829,1189,27,6,54,1613,4132 0
43,812,1419,86,160,7,342,28,11,577,12,6,6401,10,1132 0
516,4,569,531,53,619,5,3914,13,792,456,51,1057,842,967,171,19,157,2,395,19,54,258,4,649,2811,9,54,8,524,2127,824,1653,9,54,8,689,7028,379,154,9,72,8,804,2231,9,72,8,770,5407,9,72,8,335,6402,1178,2186,22,2827,935,684,1712,1517,1437,3347,9,72,8,1434,2129,1830,4022,9,72,8,3100,2232,2496,1982,1465,462,1438,934,1497,3819,9,72,8,867,1408,9,54,8,2986,456,1858,298,4334,615,12039,458,3443,266,8145,530,1987,665,11478,698,5349,443,12040,666,9659,2914,431,1081,1192,41,1753,1470,9,72,8,41,897,109,9,54,8,41,1637,183,41,732,35,41,1675,515,2584,17697,9,72,8,2585,12041,9,54,8,2661,8146,2662,4812,2663,1858,1513,152,1458,152,2664,152,2130,152,4807,4,6199,464,4,839,9435,2557,12,6,52,197,1548,71,176,2264,4117,2258,26,3323 0
17698,4117,2258,7,6,70,409,1912 0
7835,944,6,9660,12042,4,3040,4670,638,17699,17700,12043,114,4,1529,292,600,2,1737,13,63,4670,2,218,239,10,17701 0
27,38,95,2,6,29,14,2062,185,86,6403,359 0
18,113,31,50,15,3904 0
161,605,10,6,3915,162,659,165,17702,2,7835,17703,186,3554,17704,249,2580,263,3916,351,108,6,29,113,31,50,2010,12,17705,492,2,92,1491,205,12044,10,1514,1233 0
108,18,1737,17706,2,92,1491,17707,11881,459,40,838,473,5,211,12,1588,7,3228,746,3915,162,9661,224,144,17708,144,17709,17710,6973,17711,17712,17713 0
