69,49,4,17758,414,4,4673,2,2932,485,4,9676,2932,774,12,80 0
16,21,61,699,4230,57 0
2406,21,11,280,849 0
16,411,21,83,984,756,12,24,5217,5,16,589,10,1374,15,2022,1854,119,107 35
24,527,14,3689,5,24,728,50,61,199,17,6,373,1756,12,6,7168,502,19,131 25
24,121,21,61,185 0
16,21,39,11,255,7,194,26,44,34,5,24,163,7,213,14,355,66 0
1183,4,4669,173,15,2022,1854,119,107 35
113,31,1656,2,31,2406,1216,573,352 0
24,882,12062,316,151,16,1404,191,83,4382 0
84,113,841,12062,151,16,14,1544,12,6,17759,8154 0
93,73,4,16,1423,57 0
24,67,94,14,12063 14
24,296,14,1182,5,135 0
1851,53,2466,226,53,90 0
11,3810,181,571 0
11,229 0
395,625 0
187,14,133,5,375,2,11,953,2,11,3200,342,2,11,229 0
476,243,12,6,744,5,476,4626,1696,5,476,466,7,2959,5,1104,1014 0
242,5,114,4,9,35,8,81 5
40,155,24,654,374,10,125,819,92,4843 0
126,19,24,231,322 0
1428,170,10,383,24,352,5,2891,24,333 0
16,21,63,568,73,724 0
24,744,2869,3866,2,645,92,40,50,10,55,4006,124,24,527,5,336,343,76 0
9,51,8,756 0
631,428,2,4827,10,287,4673,173,6,559,2189,7,4029,309 0
16,14,781,10,954,947,6,3616 0
1931,170,15,1948,17,46,6150,16,40,60,153,15,107,17,2347,123,5,237,1418,100,10,35,327 0
1190 0
16,21,11,12064 0
47,85,1428,170,10,245,6,2135 0
2472,2,92,40,55,382,10,433,170,664,6,2370 0
47,85,1428,170,10,974,532,84,7169,27,1502,2347,98,15,107,10,954,5,17760,24,882 0
9,102,8,127 13
1082,913,14,10,433,24,67,94,423,173,6974,40,383,6,12060,10,793,15,107 15
9,183,8,254 10
57,425,19,210 29
887,24,945 0
9,83,8,527 0
185 0
16,113,841,977,6,301,17,87,560,17,84 0
9,259,8,17761 0
40,155,24,1132,2211 0
16,14,31,3353,12,15,3671 0
16,21,39,15,1772 0
29,40,207,100,13,260,12,102,198 0
6407,8153,2,96 0
12061 0
