69,49,4,17752,414,4,4673,2,2932,485,4,9676,287,4673,774,12,80 0
16,21,61,699,4230,57,645,16,14,17753,27,24,17754,121,1313 0
24,728,129,12,6,9677,297,1312,6,131 25
136,16,321,6,131,2,24,728,50,1297,423,4374 25
24,797,728,50,61,12,6,7167 0
24,2556,728,50,61,12,6,17755 0
16,39,15,451,2332,534,859,19,48,21,31,39,106,12,3020,15,376 0
150,271,37,2,16,2406,21,11,280,849 0
16,14,411,31,309 37
16,14,411,19,6,2135 0
24,527,21,31,3726,87,932,5,16,1886,16,319,1171,6,960,110 0
16,21,31,39,87,255,7,194,2,250,26,79 0
163,7,213,4,32,256 0
11,339,115,2,11,1368,115,5,11,280,181,115,2,11,9228,849 0
1183,4,31,309,26,1785 37
31,1216,573,352,110 0
93,73,4,24,67,94,14,3009,19,6,52,2,3851,19,6,70 14
24,296,14,1332,5,135 0
1851,53,2466,226,53,90 0
118,4,135,145,5,212,2,66,1058 0
11,229,2125 0
17756,483 0
187,14,599 0
16,21,1459,243,48,199,4626,1696,12,6,744 0
6,1254,19,6,52,754,14,1667,660 0
16,21,106,527,7,6,744,13,476,2325,10,2959,12,362,744,2,48,24,466,10,4049,14,175,19,362,744 0
242,5,114,4,9,35,8,81 5
40,155,24,654,374,80 0
84,176,411,55,15,1114,2328,344,32,16,21,3668,15,2282,3634,228,136,1312,24,131 25
47,1428,170,10,155,24,728,15,1450,511,15,223,2,1540,12,6,2556 0
108,16,589,10,433,252,728,2,40,2803,168,19,24,465,131,10,1212,190 25
16,14,781,10,2404,12,15,3679,17,17757,3068,124,24,527,5,14,453,1831,42,2766 0
16,39,63,568,73,2085,38,200,13,58,12059 0
9,51,8,127 13
40,383,24,12060,10,183,22,15,107 15
9,102,8,254 10
887,945,5,3788,80 0
9,183,8,178,2643 1
16,335,841,60,172,393,92,40,247,473,449,22,15,107 32
9,83,8,9229,4994 0
16,692,15,1772,3655,684,384,20,124,12,6,52,4261 0
6407,8153,2,96 0
12061 0
