69,49,4,17857,622,99,7176,2,7177,46,12099,1231,105,2,2276,552,7176,1263,640,729,743,13,1527,746,12,1415,7,38,200 2
18,589,10,273,57,5,39,63,544,7,365,12,1110 0
92,40,887,84,428,80 0
18,21,11,182,44,422,5,14,448,192,7,23,2874 0
18,21,11,892,26,2095,2094,366 0
18,14,2571,23,77,791,57,5,14,3000,13,23,2950 0
27,140,18,826,23,67,94,5,84,74,1916,1013,5220 0
231,77,53,153,172,119,107,32,57,32,2847,105,22 18,28
2763,2,1875,1639,22 19
2763,2,737,2436,22 20
641,2,210,368,1213,998 29
5,1372 30
18,21,31,1109,3178,921,598,18,21,38 0
23,67,94,80,14,12101,5,23,118,145,14,196,5,135 0
44,14,90 0
91,73,821,15,3520,52,1494,2027,653,872,417 0
187,14,133,5,375 0
217,53,739,7,79 0
552,7177,7176,14,448,57 0
92,40,155,23,544,428,80,10,1029,1769,84,222,31,1592,10,15,2368,542,640,23,729,743 2
92,40,85,155,23,902,496,215,490,7,23,1226,364 0
92,176,12,6,1378,301,10,2562,23,3308,10,15,268,17858,631,119,107,322,2,48,23,231,2150,14,393,185,37,92,40,4621,23,77,32,14 0
6412,4894,7180,2,96 0
17859,800,4,12102,827,4,17860,818,4,12102,232,31,177,42,240,312,232 0
