69,49,4,17861,280,29,101,858,391,7,4,3162,3764,30,7,156,360,4,1182,292,661,104,774,10,6,622,12,17862,7,15,1154,3764,173,24,203,27,6,17863,1476,140,12,17864 39
16,21,15,299,7,878,335,971,12,6322,27,6,4999,5,39,63,12103,4129,4204,27,6,4999 0
1249,24,1994,227,17865,2885,5,16,431,3540,2206 0
1249,2,16,21,1558,76,739,136,38,95,532,15,1198,20,1453,38,78,1426,71,20,17866,16,416,37,16,39,31,39,24,1198,1453,17,15,451,159,297,38,2,17867,2112,490,16,39,3259,3305 0
6,17868,27,6,4999,50,136,1453,15,1033,609,5,263,205,609,2,192,7,71,129,66 0
16,21,6,267,401,13,170 0
6,1033,609,113,1035,63,1954,27,3394,2,48,13,467,65,4970,2761,38,479,10,31,55,557,13,15,3558,505 0
16,85,21,39,844,167,13,588,65,9690,993,12104 0
38,3111,631,866,451,198,26,393,5,14,31,281,5000,170 0
16,416,37,16,14,724,10,50,15,3923,27,6,4999,400,223,2,278,2,14,7071,108,16,21,39,15,389,9691,346 0
320,4,12,5773,6,29,74,851,1276,37,16,4385,5,24,30,2,84,479,37,16,21,39,6,1239,203,27,6,4999 0
47,50,5833,170,7,38,2,5,50,1683,37,16,454,1053,1029,1769,37,15,389,9691,14,85,1453,5,37,15,540,1198,55,716,12,6,1787,1378 0
47,85,2925,170,37,16,40,218,301,17869,364,12,6,1378,17,241,522,7,24,878,335 0
16,176,207,100,13,260,108,16,21,1135,12,6,1378 0
4095,2254,5001,2,195,2047,36,12105,1695,144,17870,89,6413,17871 0
