69,49,4,17956,581,17,101,1894,93,73 39
167,592,1842,62,4,6,64 0
14,1859,159,103,4390,3395,4681,2,13,102,7,788,799,2054,2,13,15,1073,5841,12135,1842 0
18,74,61,19,8183,109,1213,1190 0
136,37,95,5,14,537,453,42,58,12136,7191 0
17,6,78,363,159,18,21,61,19,105,1213,7,8183,1190 0
985,4,3039,54,4390,3395,4681 0
11,2133,586,166 0
157,592,479,43 0
64 0
1302,1072,6420,19,6,157,592 0
15,4,103,52,3395,4681,17,335 0
7,6,592,2,13,11,160,7,2033 0
289,4,11,241,364,1683 0
1407,62,4,64 0
826,5011,2490,17,34,12,23,3717,5,1432 0
18,21,15,928,30,7,1407 0
985,4,839,1715,757,76,2,142,12,1432,5,882,2,13,106,6421,7,6,1389 0
15,4,149,2113 0
289,4,5011,20,5012 0
1229,118,76,62,4,64 13
21,61,480,17,127,136,6927,151,18,1493,10,260,12,3260,18,1510,61,19,4136,83,1213,15,107,2,48,23,111,20,5805 14,15,13
136,37,95,2,1170,6,3867,7,15,6125,7,6372,2,23,111,21,2759,61,43,5,18,9706,37,23,111,14,15,496,7,460,1297,10,6,1925 0
985,4,111,5805 14
118,14,764,2,86,387,2,766,2,2844,26,4093 0
147,482,11,1598 0
2301,1035,106,3696,7,6,12137 0
15,4,769,17957,127,314,289,4,64 13
936,37,92,549,84,20,4056,10,197,23,111 0
18,14,19,4136,105,1213,5,12138,1893,1213,82 17,15
18,2726,17958,1082,560,10,2308,23,560,10,12138,1258,5,4136,130,1213,82 17,15
92,40,155,23,111,12,497,236 0
520,359,296,4,1347,121,4,2397,643,2289,4,1662,3542,67,94,4,5805,93,73,202,225,5282,17959 14
1237,5688,1365,10,688 0
2301,1035,149,3696,7,6,12137 0
2444,14,90 0
64 0
21,412,5,197,3369 0
2583,66 0
112,11,1289,26,846 0
11,229 0
592,157,592,14,739,7,1064,26,799 0
8184,739,7,586 0
18,21,15,54,4390,3395,4681,13,3039,1791 0
44,44,14,90,10,289,75,15 0
3561,118,14,764,2,86,387,2,766,2,2844,26,4093,2,27,1347,119,1409 0
187,11,902,2,3139,26,150,5842,26,342 0
11,277,26,1739 0
445,839,2805,142,12,23,1389,5,1432 0
199,336,243 0
11,673,26,720 0
1030,9707,5,672,2,1478,1738,5,2261,74,53,192,667,43,1238 0
642,5,1492,67,2519,17,801,2,275,1835,5,1005 0
1728,482,15,817,1521,7,769,2064,28,38,20,718,17,1218 0
147,14,918,2,27,204,119,1409 0
64 0
14,10,808,12,497,236,17,15,111,155 0
