69,49,4,17997,507,9714,1476,538,581,17,101,4,963,42,325,1159,10,125,38,1580,292,407,104,279,13,5845,903,495,117,786,17998,3098,10,17999,957,30,4,552,9712,14,15,1580,292,174,216,178,2,1336,2,5,1899,2,104,20,265,109,495,146,13,63,786,2708,12,6,644,7,18000,5,455,2,104,1487,431,4011,1651,10,6,18001,5,751,602 2,5,1,10,4
473,20,18002,17,35,223,12,38,644 32
18,20,874,10,15,997,3692,12,18003,3537,18004,17,4381 0
27,6,997,3692,18,533,5014,5,20,265,10,6,325,659,97,420,17,5845 0
18,88,18005,27,156 0
18,113,31,50,1702,7,6,5014,534,2172 0
18,2213,106,12149,10,6,2150,4339,10,23,12150 0
78,89,30,4,161,178,4,3203,3098,7,3158,3548,17,1080,41,505,12,644,7,3678,2,103,3098,7,1080,41,269,505,12,3238,85,12,644,7,3678,2,2348,1105,496,43,952,900,3720,12,9715,786,2708,7772,239,10,1787,1622,7,4391,3817,12,4011,10,4391,5,751,602 3,1,2
165,18006,118,76,4,2282,1169,10,338,116,2,6113,306,2392,10,6108,1787,43,10,344,43,1927 13
39,15,199,111,1338,10,18007,48,3338,18008,1563,7,2565 0
111,85,741,10,6,1563,7,188,252,168,34,2,5,20,7038,419,17,259,198,117,5622,522 0
1229,735,7917,2317,32,336,79,2,2669,42,737,2,504,19,2767 0
186,1899,249,4209,351,18009,4517,459,438,636,3336,843,1407,1038,216,877,12151,1065,592,335,1347,18010,18011,18012,148,592,335,103,54,3395,4681,2,2206,2,5,8183,98,109,159,1552,844,1427,1718,668,1196,1913,30,7,2808,4138,318,3238,128,30,4,68,14,15,30,7,18013,562,5,3474,76,4,23,603,587,7,15,551,12,24,4012,2,23,477,39,1101,118,353,2,5,15,1343,39,63,371 10
23,150,2843,50,4684,890,2440,4012 0
179,30,4,18,21,31,1591,2,5,1822,554,316,2759 37
18,295,27,140,13,23,18014,567,2,18015 0
983,567,2,12144,2,21,61,85,214,2054,12,23,477,74,203 0
163,7,213,4,32,256,2,355,66,12,790 0
93,122,4,1669,4,1697,2121 0
145,4,723,1671,4,133,875,5,1325,2,11,953,2,11,3200,342 0
2723,4,15,261,646,10,3206,2,692,7106,10,3321,5,2954,1635,4,617,197,445,79,2,395,1203,64,243,2,171,1410,243,1670,4,18016,10,452,1876,86,942,26,856,1751,4,487,31,251,2,11,6272,2,11,293,229,1978,4,1623,2,13,149,2586,7,52,5592,65,304,9716,142,1750,893,4,15,3349,2,3485,2024,407,12,11,180,326 0
18017,1135,18018,2,48,1339,12149 0
1602,4,18019,147,4,764,2,18020,307,3093,2,18021,2,11,182,228,320,4,1580,292,407,13,1350,178,30,2,116,5,1336,288,321,19,802,2392,2,110,279,13,5845,12,644,7,473,1380,18022,7,761,33,98,35,223 5,14,13,1,32
1061,13,7196,473,10,449,33,17,110,12,3396,13,252,262,211 18,32
1170,252,542,91,12152,1471,68,14,1114,1208,63,9096,164,740,281,12153,6,5845 0
209,954,10,126,5846,364,17,15,7933,7,154,123,2,5,9495,17,365,123,12,6,644,7,288,730,7081,7082,1651,2,108,8188,65,15,7884,5,18023,3486 0
1061,13,5732,10,1396,4595,2049,2314,2,5,2552,235,17,110,124,1451,1131,8189 19
126,344,262,1226,2,3122,2,5,252,262,7197,17,111,338 17,29,20
108,5845,589,10,18024,209,4624,10,2712,19,5847,2314,2282,271,2568,10,2880,18025,13,5846,364,13,473 32
40,207,13,329 0
18026,710,9717,2,195,1655,139,4,5180 0
