69,49,4,18035,378,325,1124,8190,7198,144,2402,467,5,1172,424,763,203,312,2,8192,531,2,195 39
825,167,892,3647,656 0
62,4,6,29,6386,18036,13,851,5015,5,14,401,13,24,503,104,2925,260,37,648,53,401,17,15,961,101,117,63,2887,950,27,32,1810,32,47,519,4836,84,20,8193,144 0
6,29,14,19,306,77 0
278,113,31,50,15,1363,7,24,77,2,5,1975,10,6,69,2,6,29,14,19,230,2,737,2,1010,2,1020,2,310,2,5,210 19,29,15,39,26,20,21
6,29,404,57 0
11,255,7,194 0
11,44,34 0
11,844,3647,534 0
985,4,125,93,122 0
15,4,6,29,13,185,127,2,81,2,5,251,367 10,5,13
289,4,92,40,155,258,80 0
92,40,12159,6,29,21,15,293,1575,724,2,5,6,29,14,724,10,207,100,13,58,531,12,1110,8194,176,808,10,308,138,108,865 0
93,122,296,1258,67,94,4947,70,349,4947,44,226,90,10,452 0
293,2,1959,1059,19,6,70,99,2495,42,1777,659,3005,1984,176,55,156 0
681,809,42,3100,12160,19,3482,154,2,2656 0
