69,49,4,18073,9728,303,1315,101,3140,2,9729,2391,9730,101,49,4,18074,6,29,20,201,42,260,5,755 0
1924,2,6,30,14,32,2260 0
30,7,629,391,4,6,29,14,15,2922,2360,2126,345,13,306,91,328,811,317,131,1543,81,2,127,2,5,789,2,104,110,279,17,233,7,44,34 5,25,13,10,4
6,29,416,16,533,2544,44,94,38,1960,27,647,903,9734,2,627,13,272,2,255,7,194,2,969,2,5,1848,394 4
16,416,6,422,20,15,2544,2246,86,993 0
27,6,156,95,16,416,6,34,14,647,8053,12,3043 0
7,99,2,6,29,39,15,415,215,346,19,1326,259,2,2044,2,3302,2268,2,17,71,16,7200,481,606,2,154,2219,5,795,576,10,713 0
16,1007,1182,4316,7,3382,5,533,11,115 0
6,215,604,11,160,7,313 0
78,89,30,4,32,166,256 0
77,4,501,2,4314,2,172,2,131,2,921,4661,2,6427,2,184,2,5,1266 25,19,18,29,15,28
137,4,11,334,624,137 0
179,30,5,128,30,4,6,29,88,309 37
93,122,4,224,4,2790,2,2963,2,779,345,12,11,180,326 0
520,359,4,870,980,2,67,94,12175,2,296,368,2,372,145,564,2,651,1304,980,4316,19,674,662 0
202,4,1657,1405,129,1130,86,571 0
112,4,330,86,1078,580,4035 0
226,4,90,10,452 0
118,4,135,145,5,212,86,387,2,711,26,766 0
187,4,133,2,978,5,2170 0
217,4,11,720,2,673,26,79 0
11,1382,277 0
66,7201,74,2214 0
899,4,1040,2,413,5,646,511,497,2,2612 0
489,233,4,801,4,769,830,3222,2,835,9735,2,2190,18075,1700,20,18076,2,3436,18077,7202,20,667,43,1238 0
91,783,20,6830,147,227,43,399,212,13,1535,1807,142 0
68,20,15,12176,1807,12,1511,35,5,2535,2,71,14,869,1323,13,158,3112,5020,1326,259,2,5849,364,1958,12,189,4,6,29,20,480,12,6,303,441,13,651,2,248,3128,1896,850,4686,2,921,3218,3178,511,497,2,501,244,22,11973,2,5,172,370,22,327 18,28,19
6,29,1795,4200,5,1558,2062,185 0
678,494,4,44,34,2,1167,286,729,743 4
642,9,317,630,712,377,8,4,6,29,40,55,265,10,6,89,659,17,241,233,5,583,2,317,1054,1167,286,729,743,1811 0
16,20,265,12,185,630 0
1416,18078,2911,5691,2,96 0
12177,18079,18080,597,42,4,2911,5691,2,96 0
12177,232,31,177,42,240,312,232 0
