69,49,4,18061,9728,303,1315,101,3140,2,9729,2391,9730,101,49,4,18062,629,391,4,38,29,14,15,9731,345,37,279,10,18063,1695,144,441,7,303,325,13,849,7,6230,15,350,1521,7,67,19,24,9258,38,1960,30,7,629,391,4,16,85,166,15,1084,1716,27,18064,697,80,434,27,500 39
16,88,87,596,2,469,2,16,88,87,2409,26,2546,19,2438,2,16,88,460,15,280,2832,6142 0
16,88,7,460,15,78,89,30,7,38,860 0
78,89,30,4,81,136,9732,77,4,131,17,81 5,25
137,4,152,334 0
93,122,4,202,4,1186,2,1125 0
1237,4,1025,2,1967,2,1221 0
2301,318,17,1241,8202 0
112,20,330,2,11,920 0
44,20,90,10,452,5,1043,2,11,1056,2,1945,2,26,1223 0
118,4,43,246,2,253,2,11,1093,2,970,2,11,417 0
187,20,133,2,599,2,375,86,342,2,1739,2,1592,2,26,1119 0
217,4,992,667,43,1238 0
6,29,20,166,10,50,66,2792,34 0
122,7,6,9733,166,15,9631,345,2,68,129,11,9074,2,12169,2,26,7790,377,166 0
68,20,11,277,166 0
68,20,11,67,166,27,6,5792 0
489,233,4,6,29,39,15,1311,346,12,6,189 0
6,1311,20,166,10,55,66 0
278,2,84,20,318,17,171,358,48,84,20,66,17,67 0
6,29,85,39,15,1501,7,1768,346,10,707,1018,496,5,16,20,514,10,50,15,358,7,6827,2,379,854,2,331,7,1789,2,397,7,1604,2,633,1982,2,749,2197,2,5,15,689,7,8203,678,494,4,3499,1173,2,660 0
642,9,317,630,712,377,8,4,6,114,14,10,377,6,29,140,2,10,1083,170,19,2381,35,347,327 0
1190 0
5,50,170,453,100,42,24,12170 0
630,19,377,14,2964 0
1416,18065,2254,3316,12171,2,96 0
12172,18066,18067,597,42,4,2254,3316,12171,2,96 0
12172,232,31,177,42,240,312,232 0
