69,49,4,18068,9728,303,1315,101,3140,2,9729,2391,9730,101,49,4,18069,29,201,5,1121,13,58,12173 39
47,1061,13,58,12173,74,99 0
30,7,629,391,4,6,29,14,15,2141,200,307,345,13,15,30,7,15,508,191,6,97,248,123 0
16,21,39,106,2450,115,5,734,358,1339,264,131 25
508,7,2197,80 0
16,21,39,15,250,1877,7,106,8204,1309,48,11,6918,255,7,194,2,11,807,2,11,2546,2,11,1277,2,11,435,2,11,1463,2,11,4813,1711,67,119,3518,2,11,272,26,402 0
78,89,30,4,81 5
77,4,119,6,427,74,99 0
137,4,119,6,427,74,99 0
179,30,5,128,30,4,119,6,427,74,99 0
93,122,4,57,2265,2,57,533,345,2,610,2851,962,2,12,11,180,326 0
181,4,619,5,682,86,484 0
202,4,1186,2,1125,2,1290,90 0
112,4,330,2,275,502,7,721 0
226,4,90 0
118,4,135,145,5,212 0
187,4,133 0
489,233,4,44,810,90 0
678,494,4,5018,2,2442,740 0
642,9,317,630,712,377,8,4,114,14,910,5,3685,2,961,13,12170 0
630,19,377,14,185 0
1416,18070,5019,5703,2,96 0
12174,18071,18072,597,42,4,5019,5703,2,96 0
12174,232,31,177,42,240,312,232 0
