69,49,4,18091,414,4,7204,2,9737,485,4,12185,167,4,9,35,8,8206,4,7205,23,943,12186 39
23,128,14,3431 0
9,51,8,1236,1401,1291,19,1452,102 0
9,102,8,127,4,11,44,34,2,255,7,194,2,386,388,26,713 13
77,4,172,6429,2,1255,2,442,2,230,244,22,327 18,19
998 0
93,73,4,121,4,1951,643 0
67,94,4,18092 14
29,1423,1916,6,1140 0
11,920 0
11,229 0
226,90 0
118,4,246,2,253,2,135,145,5,212,2,11,387,2,711,26,766 0
187,4,133,2,1774,2,375,2,11,953,2,11,342,2,43,300,302 0
217,4,11,336,79 0
243,171 0
242,5,114,4,9,35,8,127,4,256,913 13
264,230,10,196,22,327 19
641,2,46,365,13,102,3670 0
155,2868 0
85,945,2,797 0
9,51,8,1320,1817 0
9,102,8,8206,4,3704,2720 0
9,183,8,121,274,4,373,7,84,2313,151,23,943,587 0
21,2020,61,185,288 0
155,801 0
258,32,256 0
9,83,8,6,29,40,207,100,12,15,451,198 0
5850,3141,2,96 0
18093 0
