69,49,4,18094,414,4,7204,2,9737,485,4,12185,167,4,9,35,8,18095,12139 39
5304,1931,23,15,9738 0
39,15,18096,95 0
9,18,1632,260,15,6430,18097,3303,8 0
9,51,8,127,4,11,44,34,2,255,7,194,2,386,388,26,713 13
9,102,8,272,319,2640,989,3014 0
103,327 0
11,3563 0
3453,3320 0
11,627,44,34,26,270 0
14,8207 0
11,2303,26,1463 0
11,150,864,28,2833,9,183,8,781,10,6311,9555,18098 0
3066,19,12187 0
9,83,8,8206,943,587,51,831 0
146,2,19,12188 0
18,7205,170,2,48,14,18099 0
9,259,8,11,18100 0
18101 0
11,250,2,1265,2,702,2,270,2,79 0
11,3024 0
2714 0
11,264,5420,26,12189 0
11,1702,142,26,274,7,2852 0
11,150,323,864,74 0
1041,5,2538,57 0
77,4,172,6429,2,1255,2,442,2,230,244,22,327 18,19
998 0
93,73,4,121,4,5021,643 0
67,94,4,11883 0
29,1423,57 0
7206 0
18102 0
275,181,18103,3024 0
571 0
112,4,11,920,2,2839,2,799,2,26,229 0
226,90 0
118,4,246,2,253,2,135,145,5,212,2,11,387,2,711,26,766 0
187,4,133,2,1774,2,375,2,11,953,2,11,342,2,43,300,302 0
217,4,11,336,79 0
967,5,64,243,171 0
592,73,4,43,1203 0
592,1377,28,11,18104 0
693,26,4393,855 0
755,3599,5,3429 0
323,4,792,4,1746,175 0
11,1930 0
43,1197,1841,2,2082,3768,912,2,5,1104,731 0
12190,5,475,2261,74,171,1203 0
853,2713 0
43,18105,688,1014 0
43,2971,2,2042,2,475,2,5,754,18106 0
590 0
43,672 0
242,5,114,4,275,385 0
9,35,8,127,4,199 13
155,2868 0
454,433,147,108,152,346,288 0
9,51,8,592,73,43 0
216,18107,18108 0
2977 0
18109,346,18110,43 0
9,102,8,254,177,945,65,97,101 10
10,954,241,10,2543,1462 0
119,333 0
338 0
9,183,8,272,113,31,2707,91 0
302,1126,685 0
285,2643,5,583 0
266,12,6,1111,20,43 0
9,83,8,18111,251,1995,358,11,864,74 0
21,61,43,7207 0
9,259,8,224,275,385,346 0
32,256 0
181,18112 0
3470,18113 0
10,273,577,1132,2,8208,1643,314,108,209,273,2916,10,2155,3024 0
772 0
7072,323,73,6287,9,481,8,11,241,616 0
274,7,6146 0
801,20,1691,97,101 0
18114,29,40,207,100,12,15,451,198 0
5850,3141,2,96 0
