69,49,4,18167,12217,167,4,161,5428,3085 0
165,18168,1543,81,341 5
186,381,981 0
249,30,7,309 0
77,4,2341,2,35,641,2,1692,2,684,1213,998 18
29,21,31,61,290,12,102,198,117,2984,286,7,1948 0
18169,83,1213,998 30
2622,7221,1213,998 0
234,4,1256,5859,1263,17,23,437,101,17,23,81,5,5428,3085 5
18,687,37,18,21,11,280,849,136,6,97,101 0
18,88,87,534,7,9319,2,366,2,121,274,26,121,1313 0
18,88,87,255,7,194,2,44,34,5,754,79 0
18,21,201,23,3880,363,198,146,5,21,983,101,80 0
93,73,4,67,94,14,18170 0
68,53,11,280,142,19,73 0
320,5,114,4,161,2013,696,81,341 5
29,74,654,374,12,12218,20,18171,40,887,654,19,38,101,32,57,32,6,1311,4893,5,654,631,18,836,251,19,6,156,262,7,2600,40,539,734 30
165,5428,3085 0
29,74,70,18172,21,869,19,73 0
18,21,61,664,7,23,1692,17,102,198 0
92,40,1696,23,1948,5,4025,23,3085,117,259,198,7,522 0
186,381,981 0
3638,437,80 0
249,309,30 38
29,706,309,12,12218,117,947,15,18173,2135,5,21,31,1591,136 38
351,7097 10
29,39,63,251,367,7,8220,5,1587,7,18174,598,472,129,31,797,1733 12
84,14,4688,6,29,40,301,10,50,77,10,338,23,1403 0
40,1501,23,100,13,6,1546,441,17,110,17,15,4390,333 0
12217,459,251,67,94 13
67,94,14,1295,27,38,845 0
40,887,5,50,6,29,9751,10,23,12219,2236,333 0
29,40,207,100,12,18175 0
40,750,6,29,108,23,2600,262,692,10,55,264 30
18,40,50,63,1207,13,6,3046,12,1731,10,247,15,12219,2236,5,252,367,333 0
3136,5669,9752,2,96 0
1325,4,18176,18177,18178,18179,232,2819,48,31,177,42,240,1741,232 0
