69,49,4,18180,8221,378,325,1124,5859,2,12220,9753,12221,234,4,552,5859,14,15,18181,307,407,104,21,15,30,7,5428,3085,139,304,15,18182,481,159,146,2,5,5186,81,341,17,6,78,109,159,1180,42,381,981 5
18,85,21,39,15,6320,5,14,19,2622,1181 0
18,21,39,316,153,158,101,12,378,325,153,200,146,13,58,5669,9752,2,5,136,237,21,61,201,17,1362,3670,42,1436,5429 0
18,21,39,11,2613,849,2,21,61,1961,2492,13,23,3001,598,23,3774,7,23,76,1460,479,10,55,851 0
18,281,14,290,2600,109,1213,15,107,2,63,172,15,107,2,5,2622,18183,1213,15,107 18,30
18,1185,1024,115,7,2820,2,598,18,2260,23,67,728,13,389,12222,5,687,37,648,50,61,2984,12,6,18184,502,373,2291 0
18,21,31,39,87,280,901,8222,2,2786,1949,26,1609 0
18,21,31,61,290,23,1692,560,17,6,78,200,136,18,97,701,58,9752,2,136,18,2876,286,7,6,560 0
18,21,1074,11,3770,10,433,15,1696,19,38,2,5,21,31,1282,87,182,6800 0
18,88,2786,713,2,396,2,613,2,26,5272,2,1911,18,18185,80,173,8223,5860,38,325 0
18,21,11,150,2613,849 0
18,21,15,199,2437,542 0
179,30,4,18,1230,27,18186,5,295,13,23,837 0
137,4,152 0
1183,4,18,113,31,1656 0
18,39,706,309,15,200,146,2,48,21,61,309,38,78,223,239,10,106,9224,27,140,2,5,14,2788,19,3721,38 35
93,73,4,67,94,18187 14
296,546,5,135 0
202,73,821,15,782,70,620,1548,5,63,1849,52,620,1548,86,2613,6356,26,277 0
18,21,11,1289 0
23,1290,14,90 0
23,44,14,90,10,452 0
91,73,4,135,145,5,212,2,246,2,253,2,86,387,26,711 0
23,187,14,463,2,133,5,978 33
18,21,1138,9754,2563,23,181,2,317,23,18188,5,23,12223,7,23,744,2,5,11,336,79 0
2797,4,35,8,81,341 5
40,126,19,2600,109,1213,15,107,2,155,15,654,374,2,5,1729,23,10,6,568,1925 30
92,50,4827,173,199,337,6855,2,5,18,40,126,10,155,23,389,12222 0
51,8,30,7,5428,3085 0
47,40,1729,15,1005,80,10,1021,23,8221,378,325,1124,5859,2,12220,1357,51,9753,12221,301,17,1692,1181 0
102,8,1072,424,1631 0
18,113,31,301,15,1108,1568 0
18,21,39,15,6320,28,278,2,47,40,2949,15,1320,19,23,80 0
18,40,1297,168,5,125,260,12,153,376,10,433,6,457,7,472,968,2,5,92,40,1029,522,6169,27,37,95 0
3136,3728,18189,2,96 0
405,4,18190,18191,18192,18193,232,2819,48,31,177,42,240,1741,232 0
