69,49,4,18301,287,5434,1263,10,308,497,159,640,70,3131,3038,17,8231,8232 39
16,14,15,9731,471,86,1972,849 0
16,88,87,7183,2,1106,2,1877,250,2,255,7,194,2,1919,26,508 0
16,39,15,134,44,205,609,71,20,7,1693,10,170 0
19,93,73,80,2,6,29,479,791,57 0
202,122,482,11,920,26,846 0
11,2306,2,815,26,2133,1289,14,166 0
24,67,94,80,14,18302,2,13,15,135,118,145,5,212,7,8234,246,5,253,53,667,43,1238,28,68,14,11,417,2,1371,26,1422 14
24,2736,651,1304,14,738,41,19,674,662,2,13,15,372,145,7,723,119,1409 0
24,870,14,4364,2,5,24,121,14,6119,643 0
44,122,821,90,194,302,193,10,1043,5,18303,122 0
16,21,199,44,816,7229,5,11,160,7,1106 0
16,113,31,50,87,7016 0
24,187,14,133,2,1774,5,375,2,86,953,28,5,24,217,1035,11,160,7,79,2,673,26,720 0
6,545,1166,14,3039 0
68,14,11,160,7,3786,2033 0
6,44,205,609,482,248,350,1064,37,273,31,2122,10,50,2237,1599,124,6,8235,17,1131,9090 0
6,680,7,24,498,1466,482,11,5865,7,2033 0
12,1246,2,287,5434,21,248,350,305,1113,37,53,31,1926,1905,7,844,76 0
47,1061,13,58,2602,74,114,10,540,6,205,609,12,938,198 0
4403,2410,9774,2,96 0
