69,49,4,18341,378,325,141,99,29,4,5434,6450,2,4404,2,2045,485,4,12255,605,49,4,176,244,2,18342,440,4,8072,8153,2,195,240,312,4,2512,1854,2,195,1026,4,12256,12257,9,503,8,18343,9,72,8,2,18344,9,650,8,1228,29,2,89,69,858,391,44,34,30,7,6,156,360,58,5434,6450,14,15,1662,292,13,178,2,116,2,5,1336,104,279,13,497,123,7,44,422,5,127 5,13,1,4
24,115,321,19,3641,2556,2,497,123,146,2,434,1544,12,6,6451 0
16,1185,2544,44,94,37,9781,5,9782,12,3043,2,48,21,61,3932,136,2567,696 4
84,113,31,6345 0
84,20,627,13,75,46,2838,28,18345,75,46,2667,28,621,75,46,2838,28,4208,7133,75,46,2667,28,12,24,44,27,2567,696,2,48,38,21,136,660 0
84,20,932,434,1147,12,6,3435,26,9783,2648,26,9784,2,48,31,13,11778 0
16,21,31,39,87,134,2450,115 0
1165,3320,60,6,4405,664,7,24,422 0
16,21,61,3933,24,111,27,140,2,5,191,6,78,451,123,84,21,6879,10,12275,9090,5749 14
16,267,2577,13,24,77,86,134,142 0
16,21,39,2669,366,19,639,2,4515,37,16,519,974,395,3129,153,223,146,2,48,519,316,4010,6452,4616,80 0
16,3242,19,248,3287,13,11,142,2,5,16,88,531,79 0
24,3293,4233,1128,1288,5,112,34,5,149,2544,44,94,86,993,10,24,1907,28,16,416,24,231,115,53,31,557,13,24,714 4
16,1008,58,18346,2,24,1724,2,5,20,936,10,383,24,235,18347,10,105,22,59 0
16,20,1428,10,1297,10,6,5027,189,17,24,115,124,24,30,7,178,9,944,8 1
19,1367,2,6,520,359,129,276,6831,2,289,1749,2,111,18348,2,574,564,2,1048,980,41,628 14
16,39,66,18349,3651,5,11,147,142 0
16,431,1837,1094,86,573,1853,5,211,27,140 18,28
78,18350,30,36,18351,4,4240,9,18352,8,1539,10,52,12276,13,1184,18353,9,6444,8,28,147,4,2070,4849,2,396,28,867,1344,7235,2,783,3044,9,5027,8,36,18354,4,9233,9,5027,8,4,269,149,2,12277,117,6175,406,2,2776,6175,406,2,9785,406,2,149,786,3198,2,2992,196,41,2,12277,12278,675,8239,2,6175,12278,675,8239,2,9785,18355,675,8239,36,18356,4,704,9,5027,8,4,1820,3010,6315,2812,6316,854,4089,854,2992,1910,41,2,5424,1455,2108,36,18357,4,1066,9,6444,8,4,492,18358,9,1987,41,9530,36,19,771,8,2,111,18359,2,147,4,764,2,614,606,2,11,455,2,11,313,19,415,36,18360,4,1066,9,8240,144,8,4,66,36,12279,4,5029,46,51,103,3395,5414,6453,455,27,468,9,751,1494,10,18361,478,13,969,8,28,1008,7238,10,5027,1087,4,147,1846,7777,36,12279,4,704,9,5027,8,4,1820,2822,2,6315,2922,2,6316,109,2,4089,109,2,2992,130,41,2,149,512,2,1241,5764,3855,13,3078,8241,704,9786,1126,18362,75,46,898,28,62,18363,2,5424,1455,2372,2,3720,18364,11452,2,2992,130,41,2,280,3720,1323,10,12280,36,18365,4,3375,9,18366,18367,8,4,6343,861,2,269,130,41,2776,27,3205,2,3205,196,41,2,12281,1470,41,2,18368,154,41,2,18369,154,41,2,602,9,2617,8,9785,546,41,27,369,18370,2,1204,41,18371,2,4011,3158,18372,675,2,12281,4011,18373,675,5,18374,675,78,89,30,178,9,32,256,8,103,3395,5414,9,12282,8,103,8089,1466,17,8232,2377,9,2601,8,103,11568,1522,9,2134,8,5,2206,9,3260,8,17,6445,1643,76,1336,116,685,103,2679,9,3854,8,103,475,162,9,5435,8,77,19,141,896,547,9,172,8,370,22,25,33,894,9,210,8,368,22,25,33,607,83,22,25,59,297,1253,5,297,2101,184,105,22,25,59,310,823,22,25,59,297,1253,5,297,2101,18375,130,22,25,33,1116,105,22,25,33,4802,1503,9,3567,8,83,22,25,283,4797,2614,2520,75,46,410,28,484,28,9133,128,30,600,75,46,410,28,495,2,1767,2,371,9,2812,8,2,555,1832,18376,495,2,1529,8236,75,46,898,28,62,76,2,120,569,75,46,410,28,555,1832,2,421,9,3818,8,179,30,295,12,12260 3,5,19,13,1,18,29,15,4,26,30,9
924,13,497,4692,726 0
14,63,4935,27,12259,104,18377,1331,5868,88,309,2,214,847,554,245,2,11,2226,624,245 37
163,7,213,2050,75,46,410,28,11,121,274,2,1313,28,11,596,2,469,2,26,420,1112,28,11,713,202,75,46,410,28,11,901,142,2,11,895,142,28,11,3508,28,11,4697,28,11,3498,28,11,780,2,11,112,34,305,75,46,410,28,11,250,2,11,366,2,11,1106,2,11,1919,91,75,46,410,28,125,234,1766,75,46,410,28,11,272,2,402,2,435,28,11,613,28,11,2403,28,11,5014,2,3319,2,1463,28,11,1920,28,11,142,12,1077,28,11,263,34,3934,75,46,410,28,11,807,2,11,1277,2,11,3731,2,11,1196,28,11,1173,1031,75,46,410,28,11,3718,34,2,11,757,34,445,75,46,410,28,11,197,445,79,181,75,46,410,28,11,3810,690,26,571,899,75,46,410,28,11,868,2,11,5869,2,11,142,12,590,26,466,28,11,803,26,1839,28,11,1217,996,93,122,973,4,276,7239,289,1749,111,18378,574,564,1048,204,41,628,224,75,46,410,28,1040,2,413,2,1147,100,12,886,2,11,326,202,75,46,410,28,1186,2,1125,28,725,2,570,28,2286,822,2,11,5030,1528,28,1290,2587,5,1130,86,733,2,2561,2,26,571,112,36,11,780,28,43,620,86,342,28,487,919,28,293,243,171,193,28,11,293,229,28,6,2921,14,1052,44,75,46,410,28,90,10,452,193,2,13,11,942,26,856,1139,28,978,91,75,46,410,28,43,145,28,135,212,28,43,246,5,253,28,3475,18379,653,417,27,4879,2,11,1371,26,1422,28,171,243,12,6,217,193,187,75,46,410,28,133,28,2170,28,978,28,43,300,302,28,11,342,26,953,445,75,46,410,28,619,5,3914,28,11,720,2,673,2,26,79,899,75,46,410,28,11,900,1479,181,75,46,410,28,11,1628,571,972,139,75,46,410,28,413,5,646,1094,3675,6454,4,2185 14
