69,49,4,18398,4407,378,325,1124,3144,2,5871,5032,18399,234,4,552,3144,14,15,18400,407,13,81,104,774,12,17,15,135,437 39,5
242,5,114,4,161,81 5
18,1660,18,21,61,448,57,2,18401,10,23,333,2,21,39,11,2332,534,2,5,37,23,3517,50,61,6880,1352,1725,5,3177,2,578,256,5,578,944 0
38,14,11929,286,42,23,97,654,374,19,18402,71,20,12291,18,9788,113,50,199,338,2,5,18,14,1544,2539,32,23,121,14,423,10,6458,946,65,18403,19,18404,18,39,15,134,654,374,5,389,6177 0
18,2,278,2,14,239,17,63,568,73,32,18,21,11,39,153,17,191,15,200,5,14,4678,10,1418,2,393,47,926,23 0
18,85,692,10,125,15,4146,32,18,21,31,201,153,28,18,40,1418 0
165,424,927 0
29,113,31,1821,15,1401,1771 0
355,2,18,14,100,10,49,820,17,15,1108,1568,2,48,18,39,23,567,13,23,393,963,108,18,519,50,23,1108,1568,19,23,400,101 0
92,40,273,393 0
186,1952,1274 0
18,1660,18,21,39,153,866,107,288 0
38,14,932,271,23,1054 0
6,3399,20,31,4221 0
47,1195,1788,18405,5,2517,10,23,12292,1550,10,245 0
454,38,31,907,2,18,40,1357,260,32,18,2633,1550,10,273 0
47,40,125,23,168,2076,10,1029,1769,38,14,1216,419 0
249,754,34 0
29,21,188,754,34 0
18,1007,10,63,8244,104,936,23,15,434,168,10,1882,121,5,125,108,84,1236,419 0
18,21,61,2252,4205,121,13,11,1051,5,209,621,10,1418,168,10,6,8244 0
47,1195,926,23,27,23,1856 0
3136,8242,6328,2,96 0
1191,4,18406,18407,18408,18409,232,2819,48,31,177,42,240,1741,232 0
