69,49,4,18521,2047,141,99,32,119,58,11358,75,46,898,28,62,99,2,3119,944,2,287,4411,14,15,1324,2360,345,13,4400 0
16,543,3923,2,12335,18522,2,225,9812,18523,2,52,18524,2,2324,5787,2,3930,6467,2,369,2,5,876,7141,19,18525 0
18526,16,1898,668,3493,5,15,1914,20,730,86,572 0
16,20,1293,16,519,6468,808,140,2,48,16,20,4700,5,24,503,4983,326,191,3769,117,6,1914 0
16,20,1195,265 0
30,7,156,360,4,1324,292,345,166,10,50,15,18527,525,52,9813,3930,432,63,233,17,3499,1173 0
11,30,7,668,1946,2245,5,498,2659 0
78,89,30,4,178,36,91,1651,98,102,2,1472,2,116,2,254,2,685,2,70,1373,162,77,4,230,196,22,2,3358,1953,2,473,449,22,2,211,370,22,2,1116,105,22,2,2525,2266,22,2,635,105,22,137,4,747,179,30,4,924,13,51,726,113,31,1374,11,554,245,8159,12,9804,2505,128,30,4,11,30,7,2659,477,36,587,7,307,439,603,36,587,7,1319,2377,11,2843,13,332,163,7,213,4,11,255,7,18528,11,618,11,901,142,11,396,261,5028,11,7148,137,11,670,11,1284,11,796,11,371,11,9533,26,118,676,167,11,4701,611,76,11,2338,1002,11,461,11,588,1168,11,81,11,620,167,11,551,26,1030,167,3934,163,7,213,261,1018,2659,11,668,1946,2245,93,122,4,520,359,4,57,2265,2,2790,224,122,4,112,330,226,1398,562,73,418,12129,73,4,11,5653,4278,277,187,4,133,2,875,217,4,11,1382,277,26,79,1030,4,1404,86,2262,181,4,43,3727,1368,4,1914,12,1083,13,6350,18529,8265,389 2,19,13,1,18,29,37,10,17,32
18530,215,1745,772,1904,1412 0
502,190,2056,2762,797,357,397,3622,9,1298,8,294,357,633,3777,72,9,1259,8,294,357,749,2884,9,1299,8,294,357,1688,1689,8266,9,1420,8,294,357,1498,2653,903,9,4294,8,294,442,4329,9,1482,8,169,357,1873,2083,1439,9,1300,8,169,357,331,12336,9,4099,8,169,1578,1910,3535,1138,108,75,879,28,284,3535 0
108,29,14,8267,2,6469,6,772,42,9814,357,358,2811,72,9,1354,8,169,18531,1198,12337,18532,75,1179,28,18533,75,1179,28,18534,18535,444,4,4330,4,205,7,6,187,5,2636,13,5,86,3525,1641 0
2145,129,986,890,6,2636,10,1514,6,6470 0
2666,4,205,44,5020,18536,2,205,609,5020,9815,584,4,197,4615,4,68,14,15,183,675,7134,1016,1393,6,891,1636,70,3131,1548,9,3936,183,2,4406,102,8,2,185 0
68,14,15,18537,1016,1393,6,18538,7,6,52,197,1548,9,3936,183,2,4406,1439,8,2,185 0
68,14,15,8268,7134,1016,1393,6,806,1638,1636,70,197,1548,9,3936,183,5,4406,2744,8,2,280,65,6,158,708,2,48,71,176,2264,12338,142 0
149,2181,1543,142 0
4223,4,6,902,2093,829,18539,6361 0
11,900,6917,571 0
11,5036,5037,3217 0
3139,4,149,4323,27,4519,601 0
4273,4,11,900,342,26,5037,3217 0
18540,4,11,2853,1064 0
18541,4,11,4702 0
68,14,15,6120,8269,12339,5880,1393,6,197,5442,7,6,52,1018 0
68,14,15,109,98,83,675,18542,3659,12,6,2339,7,6,52,525,9816,27,6,12340,4691,2,185,136,9815,2,5,557,13,15,8269,525,2938,5880 0
68,14,15,259,675,7832,1393,6,18543,2339,7,6,52,1018,71,14,1431,350,8270 0
68,14,15,18544,12341,4311,1393,6,197,5442,6,70,1018,7,1451,9,3936,51,2,4406,1893,8,2,185,5,1490,7252,15,18545,3087 0
68,14,7915,8271,1393,6,412,5442,7,52,1018,5,197,5442,70,1018 0
2290,18546,4,6,878,6180,14,1790 0
12342,1067,7253,4,11,739,662,26,760 0
897,799,4,11,780 0
2394,4,68,14,149,2919,3659,1393,6,1455,5,2567,18547 0
339,1946,4,11,1386,26,816,1866 0
3004,2729,9294,86,160,7,2465 0
5038,5,133,5415,4,68,53,1715,142,1393,6,2445,929 0
68,53,11,2315,8272,26,9817,571 0
320,4,8269,109,675,525,52,2938,5880,27,6,12340,4691,2,869,136,9815 0
6120,8269,12339,5880,1393,6,197,5442,6,52,1018 0
225,305,1064,3933,100,10,481,675,2,317,15,259,675,70,197,1548,1016,280,65,6,158,708,2,48,71,176,2264,12338,142 0
15,437,205,609,44,14,909,12,102,198 0
320,4,1324,292,345,103,3923,2,2324,5787,2,3930,2730,2,5,1651,13,2681,668,3493 0
36,126,2741,36,2220,36,855,140,18548,18549,195,2,9818,705,18550 0
