69,49,4,18459,62,4,1390,292,471,774,10,308,1305,12311,98,9800 0
7169,24,54,1373,151,16,18460 0
404,34,1264,157,663,7,24,112,151,7792,24,392 0
11,250,2,469,2,1112 0
11,1945,2,270,2,44,2246 0
11,1652,2,1188,34,2,18461,2,2138,1184 0
1184,404,682 0
11,713,26,1077,142 0
1095,1055 37
167,81,341,77,985,4,1157,4364,111,7246,202,4,725,2,2354,2,2839,74,18462,760,1203,2,3735,875,2,11,3508,2,4258,599,4,11,733,26,2597,2,11,269 5,14
226,4,12312 0
574,723,118,4,1714,1268,2,11,1058,833,4,2450,2,7247,2442 0
18463,2,18464,2,18465,138 0
1542,108,864,8254 0
