69,49,4,18590,378,325,141,99,29,4,4149,18591,485,4,9819,49,4,9832,95,4,18592,440,4,58,18593,8276,240,312,4,58,4095,12353,18594,1026,4,858,391,4,75,46,2838,28,47,1493,10,6,144,3730,47,50,796,75,46,2667,28,234,4,38,14,15,12354,13,178,103,12355,555,12,3906,104,279,1896,1480,65,6479,2652,203,117,15,44,4150,227,796 1,2
6,29,523,658,10,6479,19,8282,13,1351,7,394,2,713,2,476,1077,5,225,478,34,17,15,451,236 0
16,1938,366,2,44,34,26,94,2,1877,250,2,2138,1184,26,5444,1841 0
16,20,166,10,50,15,508,7,12356,27,6479,48,1938,150,3058,596 0
24,567,39,288,61,1888,13,796,48,16,21,11,150,2300,2815 0
27,6479,258,129,2519,2,15,44,4150,20,346,5,16,20,124,3399,5,1165,5,718,140 0
16,1936,17,207,100,6,400,107,699,11,419 0
24,258,177,15,3904,5,180,1018,1219,5,24,44,4150,227,15,5041,796 0
16,20,718,10,6,3401,17,241,233 0
19,1464,10,6,189,27,11383,19,9833,2,24,638,129,2791,2,1767,2,9834,2,980,41,19,12357 0
16,1236,9835,7,2176,2,2345,7257,25,98,51,2,3390,7258,219,98,51,1272,2,24,140,1272,7,1921,2,5330,5,473,5,718,10,6,1032 0
712,1367,10,6,1032,16,20,12,11,326 0
12,736,10,6,256,2,16,1938,134,402,2,435,26,8283,7,803,26,618 0
16,21,39,553,1077,288 0
16,1938,1219,26,1328,10,24,478,71,16,1660,39,61,5000,170,268,5,268,17,6,78,102,236 0
163,7,213,4,32,119,234 0
150,213,177,129,66,12,790 0
78,3828,30,139,304,2920,4,1356,1217,1168,741,10,5883 0
9821,52,4489,5883,254,336,343,76,1665,2787,103,955,12,12358,28,178,103,183,1261,555,4,6305,385,432,950,12,12358,461,9,889,9836,8,4,9837,318,2,81,4,311,8284,333,425,8285,2,185,4,119,608,6480,18595,75,46,410,28,1154,1563,118,984,134,1394,426,4954,429,9,12359,8,1394,18596,1246,4,161,70,118,561,36,43,3547,1927 2,5,1,10
5249,4,12360,35,2,1748,18597,2,1108,18598,2,12361,259,2,2343,18599,165,1748,911,20,716,947,15,18600,3366,814,70,378,1078,1107,3737 0
186,15,488,7,183,911,1156,2,3008,12,18601,5,718,10,1994 0
12362,12360,165,4101,415,18602,7080,6,999,14,66,17,313 0
6,3939,7,12363,518,1636,142,17,9838,178,14,851 1
1105,18603,496,14,43 0
6,1608,18604,1035,15,817,680,7,149,313,1393,6,2506,5,786,4592,1194,4,12364 0
585,284,41,2,18605,512,5,786,816,721,1113 0
77,19,141,9,1228,7,1908,8,211,9,896,547,8,1017,82,6427,9,5445,8,109,22,82,888,9,2074,397,8,683,595,25,291,1921,9,6471,8,683,595,25,291,5330,9,1413,8,83,22,25,283,2220,9,7990,8,1659,22,25,33,18606,850,8286,41,51,1512,2482,59,3452,12365,45,25,33,9,4572,2686,12366,8,1151,35,595,25,33,46,154,737,9,1133,8,758,22,8,25,33,3437,9,4211,8,462,22,25,283,98,154,123,2,27,1244,2016,1303,22,9,921,3218,9,1303,22,8,8,35,347,1160,98,102,138,1266,390,45,25,283,4797,2614,4,747,179,30,4,295,27,140,13,503 18,29,28,20
994,65,18607,18608 0
78,671,30,48,706,154,831,146 38
1938,430 0
2300,2815,32,1802,256 0
11,5446,27,140 0
93,122,973,4,4926,2,1204,2,18609,2,564,2,980,41,12357,224,75,46,410,28,436,2,1939,12,886,181,75,46,410,28,86,484,202,75,46,410,28,1623,2,570,2,11,802,571,2,920,919,897,799,75,46,410,28,11,794,815,26,2306,799,305,75,46,410,28,408,5227,70,1562,2,11,18610,2,11,7980,7017,91,75,46,410,28,418,2673,11,3458,187,75,46,410,28,133,2,875,2,1325,1381,2,11,1119,2,57,2182,1052,1791,445,75,46,410,28,11,79 14
18611,193,2,11,720 0
11,478,277,10,1392,193 0
275,1596,949,75,46,410,28,951,3193,175,5,863 0
590,1028,412,5,197,217,193 0
466,863,193 0
3675,215,414,3401,3401,3401,9832,5447,7259,12367,6481,5361,649,1604,2185,3016,524,2200,2127,2917,824,2374,9,72,8,2363,2658,689,8287,6915,9,54,8,8288,9,54,8,379,244,1893,9,72,8,1537,9,72,8,804,12368,7817,9,72,8,18612,9,72,8,1578,2812,9,276,8,1893,9,276,8,2356,9,276,8,770,7010,9,72,8,7982,9,72,8,4356,9,72,8,1498,259,854,788,215,414,3401,3401,3401,9832,5447,7259,12367,6481,5361,335,6936,9,54,8,3467,3347,935,684,1303,1437,4704,9,72,8,4704,9,72,8,1434,2186,2186,1830,4022,9,72,8,4022,9,72,8,215,414,3401,3401,5447,7259,6481,5361,1465,1163,788,1438,1143,564,1497,474,1470,935,684,1303,215,414,3401,3401,3401,5447,5447,7259,18613,6481,5361,5229,18614,9,2488,8,867,1182,2163,9,54,8,1330,66,2383,66,2986,75,879,28,1858,75,879,28,1858,9,276,8,215,414,3401,3401,5447,7259,6481,5361,298,12369,9,72,8,9839,9,72,8,615,12370,9,54,8,12371,9,54,8,458,5262,9,54,8,9840,9,54,8,266,7027,9,54,8,4705,9,54,8,530,1080,980,665,4706,6938,698,4705,4398,443,9841,5261,9,54,8,666,5676,3879,1081,1192,1192,41,1753,1653,9,72,8,1470,9,72,8,41,897,259,9,54,8,903,9,54,8,41,1637,83,259,41,732,515,515,41,1675,515,515,2584,18615,9,72,8,18616,9,72,8,2585,18617,9424,2661,12372,7042,2662,1858,9,54,8,1858,9,54,8,2663,2748,3346,1513,152,152,1458,152,152,2664,395,9,72,8,152,2130,152,152,215,414,3401,3401,5447,5447,18618,12373,2456,1676,1676,3251,90,4892,2194,66,66,2676,66,66,2443,66,66,5448,4336,9,276,8,12374,2136,395,395,1679,2983,2635,2677,395,395,3034,66,395,2195,66,66,1793,66,318,3370,2939,4384,3230,3454,2939,3511,451,451,18619,1600,3683,451,451,4060,3454,2939,6999,2939,2939,8289,156,6482,156,156,8290,125,790,5887,426,44,4150,4,9246,2557,12,6,70,197,1548,9842,13,180,796 0
350,70,1079,1205 0
478,4150,4,11,160,7,180,3224,805,2,6483,26,1033,9843 0
147,4,764,1572,8233,1234,269 0
43,1950 0
52,777,2171 0
6156,3091,9,201,12,3330,8,11,518,1636,142 0
314,513,1672,12,1088,5,1663 0
999,19,8282,482,12375,591,118,984 0
242,5,114,4,12354,13,178,103,555,279,13,3648,2,713,5,478,34,98,102,236,2,514,10,50,5041,796,19,44,4150 1,2
16,21,61,185,136,3256,10,6,1032 0
1144,46,35,4,3324,4,218,5799,563,18620,2,3102,2245,1155,32,2254,12376,2,12377,26,6484 0
2442,1757,53,85,380 0
32,14,18621,13,63,18622,621,11491,6924,108,16,21,1551 0
36,2345,4378,1980,98,481,488,1272,36,40,155,67,1314,2,1309,1218,2,6484,668,7157,36,40,1167,286,17,1551,5,1454,19,18623,5888,36,2399,651,3838,17,75,695,28,1347,41,1144,46,51,4,18624,4,218,4854,8291,32,21,504,13,2058,124,12,189 0
36,1126,219,2559,13,43,4337,36,40,3105,1243,108,331,836,251 0
1144,46,102,4,178,4,11,849,7,164,115,2,999,482,334,12375,591 1
40,7260,89,5819 0
1827,251,48,11,150,115,7,1131,2509 0
36,1126,1226,2,172,36,4833,17,2217,75,879,28,2077,12,38,381,13,178 1,18,5
1126,737 20
36,40,1495,2157,4707,291,5,2399,10,913,124,381,13,2592,36,119,307,440,586,2,29,14,31,15,2380,17,5255 5,15
40,356,38,1144,13,440 0
36,40,887,221,1827,5,838,192,2058 0
36,707,19,5232,1144,46,183,4,81,4,2995,2431,27,140 5
18625,7142,13,2153 0
381,333 5
1144,46,83,4,1217,1168,4,1126,1921 0
40,155,542 0
2009,4,381,333 5
1210,339,4,152,877,4,18626,300,4,888,715,4,275,18627,18628,2,195,89,427,705,46,18629 0
