69,49,4,18551,414,4,12343,2,4149,485,4,9819,38,14,15,5443,471,104,774,12,13,15,858,391,7,52,1382,34 39
38,3111,117,748,173,153,984,5,34,14,7957,10,3661,170,65,748,241 0
16,40,237,1171,2,34,40,12344 0
16,40,126,748,27,71,95,84,40,2640,27,173,6,1140,5719 0
68,14,11,468,34 0
6,34,39,61,156,17,15,1450,7,198,598,84,21,61,734,12,3488 0
78,89,30,4,14,182,17,2634,1574,576,10,63,1241,7254 0
16,2424,162,27,37,95,27,18552,144,5,21,346,57,19,1921,86,87,1232 0
68,21,61,11,241,1574,26,860,65,38,7254 0
16,85,21,480,1356 0
16,14,139,304,2920,2,1601,2,5,2679 0
16,113,50,15,188,914,1168,17,71,16,14,19,1286,2490 0
16,85,21,18553,2115 0
77,4,1921,1481,22,119,107,2,71,8273,24,542,27,173,636,27,472,1733,16,21,39,11,1232 0
16,14,85,19,1692,27,18554,119,107 0
93,122,4,16,14,15,2271,18555,471 0
68,14,15,3649,2781,71,21,61,156,136,24,2634,1574 0
112,330 0
67,94,14,27,3009 14
121,12345,118,145,14,27,7189,68,53,11,293,229 0
226,53,90 0
118,14,135,86,1422,26,417 0
263,73,36,11,693,2,277,2,26,1119 0
68,53,306,2928 0
68,14,15,1059,191,6,70,582,143,13,15,476,9273,68,1323,10,6,52 0
68,14,11,296,782,944,1063,19,6,70,663 0
68,14,11,3459,958,228,7,6,70,386 0
6,52,582,14,18556,2,5,68,14,15,782,2493,2293,19,37,663 0
320,4,336,343,76,2,1664,70,5410 0
16,40,2110,18557,426 0
16,40,85,55,730,19,172,27,474,22,119,107 18
12,736,16,14,4126,19,210,109,22,119,107,17,254 10,29
16,40,207,100,640,37,343,708 0
38,233,20,85,12346,10,23,567,2,6813,2,490,7,6,3970,18558 0
7255,8274,2,96 0
18559 0
