69,49,4,18630,12378,224,144,1012,538,2822,12379,12380,3593,2751,2,3197,9844,2,8292,12381,8293,12382,18631,161,3943,74 39
165,81 5
231,77,4,131,2,4561,2,6308 25
234,4,14,5449,15,682,250 0
21,166,84,191,6,97,1450,7,198 0
84,21,61,1024 0
11,508 0
947,8294,6308 0
31,947,8295 0
81,2,18,267,2,1400,1536,338 5
278,2,14,4708,10,1882,121 0
11,12383,115,110 0
93,122,4,121,18632,802,3894,682 0
112,4,330,86,1289 0
226,4,90 0
91,73,4,11,387 0
187,4,133,2,375,2,86,3139,5185 0
2086,4,11,529,5382 0
717,976,590,43 0
242,4,161,763,3943,74,2,185 0
165,81 5
114,4,161,6308,5,8295 0
165,2441,1269,1428 0
186,1033,1864,490,18,14,27,328,17,1665 0
249,442,5,4561 0
351,108,250,4510,2,125,763,312,17,44,810 0
459,437,259,198,2,48,18,40,750,260,117,1033,1864,10,163,457 0
526,3141,1940,6485,2,96 0
18633,4,18634,18635,18636,18637,232,31,177,42,240,312,232 0
