69,49,4,18682,378,325,1124,18683,1695,144,30,7,156,360,916,2751,20,1888,18684,117,629,10,1087,13,52,478,34,37,9859,10,63,12400,1539,10,23,44,5,3334,2,627,13,272,2,969,2,618 4
12,6,1087,2,6,34,20,4795,32,3040,2,48,20,85,1359,42,18685,9,71,278,5893,1781,2,3070,10,7264,8 1,28
147,227,316,314,1234,12401,7,450,3017,518,1471,12,2695,2,2696 0
18,20,5894,5,265,10,2756 0
1364,42,2580,2066 0
91,429,19,6,107,117,141,227,15,2629,602,9,13,884,4800,10,794,313,201,19,158,415,8 0
18,14,110,103,2671,369,2,13,1492,17,27,1502,497,198,7,473 2,32
150,709,4,36,1098,2519,432,622,101,20,4033 6
36,1427,2,12402,2391,4131,77,1704,27,377,1717,2139,98,102,495,2,473,5,1255 32
1362,1363,21,61,5266,10,5895,377,6491,944 0
1133,9,737,8,109,22,25,33,2525,2266,22,25,33,894,9,210,8,109,22,25,33,1151,9,1255,8,35,347,25,33,172,1721,1722,9,211,1721,1722,8,370,22,25,33,1828,9,473,8,449,22,25,33,230,244,22,25,33,184,130,22,25,33,2139,447,22,25,33,98,102,123,131,3050,9,857,8,788,190,405,283,456,4085,354,825,167,81,341,15,4,36,119,29,2,30,7,311,47,81,36,453,27,6,12394,89,538,2,58,18686,9,4708,18687,8,36,19,857,5,15,2203,1175,923,9,2642,23,67,728,27,140,873,8,36,21,15,4146,5,63,12124,5,14,453,2218 5,25,19,18,29,15,20,32
21,1425,568,73,724,17,4712,36,97,458,374,9860,411,251,18688,36,97,389,1402,2008,18689,66,15,4,36,9861,4,64,267,37,23,221,728,50,61,2984,344 6
23,857,21,61,264,42,6,7262,1783,65,903,956,10,579,956,10,788,956,9,32,7,363,123,146,8,36,8301,1098,4033,289,4,8302,4,12403,376,1098,434,31,4986,522,4313,28,836,19,857,788,956,283,36,8301,4,64,21,356,1207,27,7262,19,18690 25,6
40,85,5758,1549,10,9854,81,538,17,12404,356 5
127,15,4,36,12405,4,1229,19,230,244,33,5,184,105,33,151,201,42,58,6492 13,15,19
16,909,6,18691,9858,9862,12406,17,140,111,1649 0
21,5287,15,2940,7,67,1927,2,5,1582,19,6,467,2,23,184,20,264,10,130,22,33,5,669,1247,22,33,20,1704,42,58,6492 15,21
36,18692,4,373,134,7265,227,3596,111,74,18693,2,492,12407 0
4371,12,622 0
222,841,1821,10,383,669,532,2728,1724,36,18694,4,1768,918,19,669,28,669,264,42,58,6492,36,18695,4,669,855,1510,2,1133,321,27,83,22,124,1684,7,11770,36,18696,4,1558,1229 13,21,20
2728,58,6492,5,264,1133,10,109,22,33,36,9861,4,111,3065,13,492,284,80 20
119,58,6492,308,99,65,18697,2,11769,27,140,18698,13,492,3621,36,8301,4,11,182,3513,201,19,263,9863,289,4,8302,4,1126,231,322,4,184,130,2,737,109,2,230,244,36,8303,4,64,20,2179,10,1384,304,377,111,155,12,622,164,143,76,15,4,36,328,811,563,81,341,2,116,2,2222,671,2,6493,36,7987,18699,4,999,1338,10,5454,415,20,318,17,313 5,19,38,13,1,15
6,1608,2435,53,1905,7,15,350,680,7,149,794,313 0
36,1194,18700,4,1425,1820,2,149,10,634,512,2,1295,863,1598,2,11,7815,2,585,1749,41,2,634,2178,2,3211,2017,2142,8302,4,11,44,34,26,270,36,265,13,52,478,34,18701 0
1364,42,2066 0
429,6494,227,6158,12408,1627,602,71,20,3098,1510,13,15,2671,369,9,6,1261,20,19,6,7023,663,5,20,11797,8,32,57,32,5253,5,18702,76,31,12409,19,490,350,2453 2
289,4,36,8301,4,473,98,102,198,1704,10,231,322,7,211,2,210,2,230,2,184,2,1133 19,18,29,15,20,32
29,85,9864,12,2808,429,708,5,40,301,540,2808,4955,5,2526,4902,19,9865,5,18703,304,429 0
150,167,892,15,28,267,847,5705,3660,136,12410 0
39,63,1350,2155,27,18704,119,29 0
314,381,1358,2177,8101,18705 0
21,31,39,2033,136,23,97,308,101,12,1231 0
36,12411,4,201,42,323,28,1187,836,884 0
11,182,343,505,19,11807,745 0
307,798,4688,1582,19,73,2,317,1006,18706,5,1188,4247 0
2901,9,15,8,5,3398,918 0
36,9861,4,11,241,18707,2,48,411,1847,173,460,2862,392,1219,289,4,18708,65,9854,13,1492,17,15,4637,6337,36,431,15,3433,65,18709 0
9866,6492,7,6,91,1045,104,701,552,2751,19,12405 0
16,267,37,457,7,23,1588,707,604,11,4583 0
16,12412,37,23,534,3733,621,648,176,55,741,10,12413,534 0
36,12411,4,356,1319,691,5,4207,724,42,323,36,8303,4,1008,29,5,177,37,18,40,301,10,5848,23,691,124,23,280,369,9,12414,236,8,461,15,4,479,10,50,39,266,1611,1212,2,530,1611,18710,17,354,109,159 0
119,29,2,21,18711,9867 0
119,64,2,21,39,66,752 0
8302,4,1227,20,918,9860,2,48,889,426,129,18712,36,8303,4,43,889,426 0
530,5342,18713,2372,27,855,65,450,1611,9365,289,4,12415,4,356,540,258,65,2808,708 0
3857,1167,286,15,4,12415,4,450,443,830,4307,252,18714,3173,855,830,2197,2,11185,980,432,141,2,71,1717,2001,11858 0
289,4,36,8303,4,356,457,65,2808,708,668,1946,566,139,304,15,4,36,12416,4,354,7164,12402,2391,4131,65,6494,389 0
2031,65,37,49,13,3454,298,2,318,7248,2,1262,4828,2,451,11525,289,4,36,12416,4,6495,11279,408,7,2139,529,77,1151,35,347,25,33,2144,5042,2139,447,22,25,33,12417,9868,5042,473,1541,25,33,2144,5042,131,3050,9,18715,2275,8,1528,788,956,405,283,1788,42,7262,184,130,22,25,33,230,244,22,25,33,172,474,22,25,33,894,109,22,25,33,1133,12418,491,25,33,2525,2266,22,25,33,2536,1788,42,58,6485,2,5793,228,12,2511,5,3011,1151,35,347,25,33,2144,5042,247,4,9869,2139,447,22,25,33,12417,9868,5042,247,4,9869,473,1541,25,33,2144,5042,247,4,9869,1564,3002,12419,164,1071,139,304,2704,717,602,238 25,19,18,29,15,20,32
18716,675,18717,2,237,2827,675,18718,18719,2,237,18720,675,2671,369 2
12420,1329,6326 0
1786,134,258,5896,1587,365,2,5896,344,1864,3529,2515,2,5896,252,1864,3529,1678,2,9870,889,2621,2,9870,889,12421,2312,8304,2,9870,3450,1332,2,5896,3885,66,2,5896,4939,354,204,2,5896,4940,1262,2,18721,654,374,18722,72,2,5896,3398,488,3261,681,809,42,6450,3524,7266,195,2,2045,19,2758,2114,2,3570 0
