69,49,4,18647,12378,224,144,1012,538,2744,12379,12380,3593,2751,2,3197,9844,2,8292,12381,8293,9,18648,8,12382,9850,161,3943,74 39
165,81 5
234,4,14,110,1216,23,81,203,814,6,7262 5
214,12296,42,2440,790 0
14,1216,419,338,17,67,848 0
14,1216,93,364,17,23,475,819,18,21,378,8296 0
14,3600,15,6367,71,479,10,907,23,4003 0
5449,106,422,1393,23,744 0
21,15,30,7,1148,776 0
836,19,2525,2266,119,107,17,7261,5,21,39,11,844,534 0
3943,74,6,1140,2,11,228,12,115 0
93,122,4,2113,7,6177,5,7828,2086,5,9708 0
11,529,5382,7,8087,2086,2,4532,2,4248,2,3627,2,26,3717 0
70,475,4,350,3650,1205,2,4003,166,2,6979,18649,166 0
52,475,4,275,721 0
1585,5,744,375 0
717,976,590,43 0
336,243,1459,2,1926,52,337,2,175,70 0
242,4,161,3943,74 0
165,9847,13,2107,7261 0
186,81 5
249,378,8296 0
351,343,776 0
114,4,161,3335,172 18
165,692,763,203,1925 0
186,18650,2590 0
249,2525,10,984,241,534,7,7261 0
351,437,1036,198 0
2785,3141,1940,6485,2,96 0
800,4,9850,827,4,18651,818,4,9850,12387 0
