69,49,4,18781,18782,2,18783,2,2910,6,29,20,201,42,260,19,18784,13,58,18785 0
427,74,30,20,177 0
6,29,20,1538,5,755,42,260 0
30,7,156,360,4,6,29,14,15,6436,471,288,971,13,2465,2,480,13,4671,5,3391 0
16,21,39,263,34,17,6,78,183,123,2,5,20,874,65,6,144 0
16,1351,7,52,2792,34 0
16,21,11,263,34 0
34,14,6505,12,1819 0
125,427,74,99,17,885 0
78,89,30,4,2187,2,81,2,1584,703,2,5,164,143,76 1,5
231,77,4,3309,5,3391 0
125,427,74,99,17,885 0
137,4,11,334,624,137 0
179,30,4,16,88,840,26,554 0
16,88,3795,309 37
163,7,213,4,11,44,34,2,11,255,7,194,2,5,11,508 0
93,122,4,870,1080,2,67,94,18786,2,296,1993,2,1851,564,2,5,651,1304,738,41,19,674,662 14
202,4,1186,5,1125 0
1237,53,1025,2,1967,2,5,1221,10,688 0
2285,2395,53,175 0
112,14,330 0
11,11274,359 0
623,4,135,145,5,212 0
226,4,90 0
187,4,318,300,302,2,133,2,5,375,10,1392 0
168,4,11,7187 0
217,4,11,673,2,720,2,26,79 0
899,4,413,5,646,1094 0
1478,1738,53,175 0
731,5,1099,53,175 0
489,467,4,18787,1883,830,3347,2,835,3010,2,5,2190,18788,331,2231,5,358,12446,1728,14,548 0
263,205,609,1121,65,18789,821,15,259,98,614,675,3930,12,6,52,9816,2,4702,2,5,4070,7152 0
303,441,408,4,6,29,12,6,303,232,31,177,42,240,312,232,34,13,185,520,359 0
16,20,201,42,2047 0
16,40,55,265,10,6,2047,659,17,241,583 0
494,4,132,6505,1018,3930 0
526,12447,2,2910,96 0
495,4,18790,276,4,18791,597,42,4,12447,2,2910,813,18792,1852 0
