69,49,4,18760,18761,663,303,1315,101,3571,2,4094,9882,101,49,4,18762,6,29,20,201,13,6,89,427 0
38,14,15,2001,2531,10,6,948 0
47,50,285,583,13,6,378,325,427,104,701,6,29 0
30,7,629,391,4,1924,2,38,14,15,762,104,14,139,304,409,162,104,1351,7,699,2572,2,13,149,255,7,194,5,596,191,6,97,1450,7,123 0
16,21,166,106,1395,5,2184,7,24,545,1331,19,6,52,663 0
16,21,39,11,868,2,44,34,2,263,34 0
16,21,39,829,4208,1962,5,549,2572,5,1039,9181 0
24,503,267,37,16,39,61,2825,2172,117,290,24,77 0
6,29,416,37,38,4867,97,420,5,21,110,660 0
78,89,30,4,32,1283 0
179,30,5,128,30,4,32,1283 0
6,29,14,15,78,1055 38
16,21,15,128,30,7,371 0
93,122,4,224,893,4,6,29,14,829,3262,2,12,11,180,326 0
520,359,4,67,94,14,12437,2,372,145,564,2,296,962,7,4367,2,870,18763,202,4,1186,2,1125 14
112,4,330 0
44,4,90 0
610,4417,19,6,52,663 0
16,21,2358,2184,1264,6,545,2355,1331,13,1395 0
118,4,135,145 0
187,4,133,2,375 0
217,4,375 0
899,4,16,14,646,98,183,5,1239,2,13,15,43,899,73 0
4327,9,317,440,8,4,205,162,21,61,1976 0
678,494,4,38,14,15,762,13,508,5,1395,65,24,545,1331 0
642,9,317,630,712,377,8,4,6,29,40,55,265,17,219,1337 0
15,205,7,6,44,14,548,27,6,95,7,38,5156 0
630,19,141,14,185 0
1416,18764,3787,6502,2,96 0
12438,18765,18766,597,42,4,3787,6502,2,96 0
12438,232,31,177,42,240,312,232 0
