69,49,4,18755,1326,154,2,3924,18756,842,12431,2,195,4074,663,144,2012,162,2040,7270,1142,6499,2,2193,18757,536,4,4094,3571,512,46,12432,828,58,12431,4,47,39,6,1068,7,930,1034,29,287,4611,3571,12,1524 0
32,329,871,16,14,15,3456,762,13,15,30,7,81,2,344,67,94,5,565 33,5,13
288,2,16,543,233,158,10,12433,703,162,12,71,16,543,3643,415,6500 0
6,1134,604,1933,52,719,1037,13,872,1177,7,1212,10,130,4316 0
68,20,11,160,7,313 0
16,1487,543,164,561 0
47,273,31,50,3403,457,2,48,16,6395,37,16,20,936,37,16,39,11,1148,12434 0
5796,2,16,14,2237,1396,7,194,13,839,639 0
16,21,2802,38,10,24,121 0
16,20,321,19,63,1047,1836,5,2767,2,598,16,21,31,61,290,1375,7,472,77 15
158,10,24,561,15,44,810,604,15,931,601,1016,12,6,52,412,1548,7,6,409,37,20,31,156,12,4826,38,20,941,1487,19,205,609,2,3925,37,38,20,373,218,15,763,409,2475 0
16,14,1195,724,17,8129,13,329 0
24,78,89,30,14,3048,17,81,2,127,2,252,168,34,2,5,565 33,5,13
231,77,563,987,823,22,25,641,2,5455,368,22,25,641,2,1461,109,22,25,641,2,960 26
11,624,137,128,30,14,3048,17,118,76,12,24,603 0
179,30,4,16,1230,32,15,4889,12,6,6499,680 0
16,1591,17,130,159,48,706,647,497,159,146 38
16,1553,2759,2,598,7271,6501,12,6,78 0
536,4,4094,3571,512,46,12432,3351,1326,154,2,3924,163,7,213,14,3048,17,255,7,194 0
16,88,1766,849 0
19,93,73,16,14,463,48,57,1019,13,15,67,94,7,7246,5,15,296,7,368,5,135 33,13
202,14,483,2,112,330,86,846,2,11,1078,580,1386,2,625,275,86,229,2,44,90,10,452,5,18758,73,4,135,145,5,212,2,1457,2428,2,43,118,302,2,11,387,26,711 0
187,599,375,86,953,26,798,277 0
11,720,673,26,79 0
243,275 0
320,4,287,3571,21,160,7,476,52,719,496,42,1134 0
42,444,16,21,11,160,7,164,143,76,2,598,47,50,31,201,38,444,2733 0
108,3909,84,14,8007,37,16,21,11,164,143,76,2,237,784,12435,14,37,38,4297,15,763,2727,26,2727,576,10,24,81,26,1242,24,30,7,554,1240 5
12,87,1533,2,38,9880,1406,27,264,328,17,63,4042,2,598,1664,553,393,271,108,16,39,182,164,76 0
47,125,11,581,3707,329,454,31,2029,13,6,911,37,14,3145,2073 0
158,10,24,4042,2,16,454,55,730,19,1047,1836,5,2767 15
47,3673,55,3000,10,126,10,125,170,454,16,203,10,1480,24,203,10,4074,663,144 0
1027,1928,2,4588,4416,9881,2,96 0
2785,9881,2,4588,800,4,12436,827,4,18759,818,4,12436,232,31,177,42,240,312,232 0
