69,49,4,18850,3374,101,2118,292,471,13,883,5,670 0
108,16,21,10,974,15,928,5719,1302,63,5293,34,12,6,52,1382 0
4422,14,18851,19,37,663 0
21,61,3071,17,15,376 0
1676,1309 0
21,31,2705,19,1900 0
866,200,38,5870,631 0
2503,14,1544,1863,27,196,1863,27,3816,1249,1033,9902,222,31,50,6,18852,772,7,24,5902,505,48,16,3993,38 0
637,4,16,21,15,928,299,7,958,611,7,6,1154,765,7,6,70,337 0
16,20,265,10,6,343,659,19,18853,5,39,63,12466,37,227,991,1622,7,6,2589,13,8158,7,6,1063,5,1616,1261,2099,664 0
24,4874,147,3808,6,1754,7,307,6828,598,84,20,869,17,15,1316,7,159 0
16,543,3643,1149,71,227,15,634,680,7,406,313,12,6,269,2453 3
24,1105,20,43,13,585,7,1662,41 3
16,543,429,71,227,991,1622,7,6,269,13,3383,65,15,1701,817,2032,37,85,39,15,2629,238 3
68,129,197,1840,9897,12,6,602,2453,5,6,2273 0
16,39,61,1433 0
6,269,505,20,928,5,12467,5,31,549,10,55,4348,10,1071 0
68,129,11,5247,10,50,170,2110,555,393,6,1941,20,1074,10,2378,6,2032,505,10,1723,1329,10,6,794,816 2
16,1620,38,57 0
77,4,4419 0
4825 0
3325 13
2525 0
12469 0
910 0
2503 0
172 18
137,4,152 0
128,30,4,603,587,27,2163,117,24,9898,371 9
16,39,24,523,153,27,439,12470,477,39,15,551,12,23,859,3818 0
24,1343,2,12471,2,587,15,12472,2947,13,844,2,12473,9899,332 0
179,30,4,924 0
589,10,500,32,15,6506,18854 0
16,21,63,5399,4421,2,7281,104,14,110,462,5,448,214,57,32,63,18855,3682 0
18,14,781,10,6,4053,7287,17,6,18856 0
16,706,309,5,1785,15,1316,7,159,146 38
499,4,11,44,1861 0
188,255,7,194 0
11,300,167 0
11,876,167 0
664,352,136,805 0
6,468,7,6,163,7,213,20,66 0
385,4,224,4,1423,57 0
1605,520,359,1605,67,94,4,4575,206,52,349,2,1147,208,296,4,1333,206,135,2,1410,208,121,4,5690,206,643,208,181,4,11,8318,423 0
202,4,570 0
12474 0
11,981 0
11,2699,2055 0
599,2444 0
112,4,11,780 0
11,846 0
11,12475,229 0
226,4,476,194,302 0
11,856 0
694,4,487,14,43 0
1457,14,31,3224 0
118,302,9900,4065,820,12,7806 0
11,387 0
11,766 0
340,4,43,300,302 0
11,3373 0
11,4323 0
11,342 0
11,277 0
217,4,11,904,79 0
9903,70,582,296 0
773,10,6507,19,6,52 0
11,812,342 0
11,878,1064 0
8319,66,577 0
1605,167,1605,883,185 0
356,13,58,9615 0
1033,505,185 0
670,3071,98,35,376 0
1676,1309 0
1730,170,19,2139 0
1472,11,825,6466 0
127,1536 13
3072,419,19,6,2503,27,204,1213,224,39,3484,3345,12,12478,752,12,9904,155,367,5,940 0
155,1198 0
526,5001,2,5898,6509,2,96 0
