69,49,4,12454,622,99,5457,2,3573,512,46,12455,7280,15,207,100,101,7,15,9888,769,345 0
2555,2,16,2418,934,697,2061 0
16,14,2230,4584,65,15,134,2896,7,24,670 0
38,321,13,63,412,372,566 0
16,1008,191,6,3620,5,20,321,19,517 0
16,986,10,50,15,7230,408,191,6,408,7,37,640,223,5,1493,10,2652,203,6,640,3620 0
68,16,20,480,13,6393 0
16,267,37,80,16,20,2726,382,10,18815,4952,19,24,1344,1329,9889 0
16,14,411,8310,100,5458,7,12456 0
24,1472,21,61,18816 0
77,4,910 0
8311 0
2525 0
3325 15
137,4,152 0
179,30,4,924 0
24,18817,7,15,11177,12457,12458,7281,21,61,18818 0
16,14,8159,32,15,6506,9890,5,37,3636,15,1814,7,4009,5,11806 0
16,706,309,497,5,15,2022,159,146 38
16,1553,11,554 0
93,122,4,1423,57 0
24,121,14,4153,643 0
24,67,94,14,18819 0
296,5342,202,4,570 0
11,2699,2055 0
11,780 0
24,226,53,1667,90,5582,5,1876 0
1778,118,302,86,87,4065,387 0
599,187,86,87,3373 0
11,812,342 0
43,878 0
1132,66,577 0
11,904,79 0
1161,1304,19,674,662,14,980,4316 0
1344,1329,14,18820,320,4,161,670 0
92,285,38,27,4018 0
47,880,6,12459,3059,10,24,522,40,55,10,7044,151,16,14,781,10,50,15,2896,5,5899,4113,12,15,12460,7850 0
92,40,50,170,155,24,1344,9891,27,6,1140,95,866,107 0
151,16,14,699,57,24,1344,9891,53,2342,12,6,4952,502,5,16,267,37,648,578,1418,10,8312,151,84,18821,1296,16,454,750,260,26,108,84,14,6,3620,2,16,454,247,2073,19,517,130,22,15,107 0
165,1472 0
448,57,19,2525 0
186,127 13
57,425 0
47,40,155,15,331 0
249,224,424 0
92,40,155,15,367 0
24,18822,50,61,199,12,6,78,48,16,21,15,610,252,940 0
5457,2,3573,512,46,12455,7280,1357,51,5898,1050,5001,2,96 0
800,4,7280,827,4,18823,818,4,7280,18824,232,31,177,42,240,312,232 0
