69,49,4,18865,414,4,6134,7288,485,4,12480,858,391,4,961,7,81 39,5
3058,4,6134,416,37,27,140,23,67,728,42,2683,3815,1007,1013,12451,18,404,57 0
18,14,31,460,87,44,1861,26,396 0
18,14,453,42,507,27,9909,2,58,9910,12481 0
23,231,77,563,230,244,22,327 19
998 0
5,1020,105,22,327 15
998 0
1264,13,5459 0
18,404,37,6,230,14,3783,106,663,1806 19
3849,4,479,2958 0
67,94,12482 0
11,180,326 0
43,487 0
226,90 0
483,118,302 0
11,336,79 0
242,4,161,81,13,4077,338 5
165,127,13,199,338 13
186,380,663,1806,19,230 19
114,4,161,3216,230 19
165,3363,501,244,22,1380,1062,35,327 0
998 0
186,155,358,5,9911,5,2562,77,32,865 0
2367,3173,9907,2,1885,2,9908 0
18866,12479,4,18867,800,4,18868,827,4,18869 0
