69,49,4,18934,378,325,141,99,29,4,6519,485,4,18935,605,49,4,18936,240,4,5214,2809,1327,4,12515,715,139,4,275,384,4,270,234,4,1569,292,661,174,78,89,30,7,1271,676,4031,2,5463,2,5,309,279,174,51,236,1387,255,7,194,19,639,2,702,2,197,445,79,2,5,655 35
191,6,78,248,236,2,16,319,11,1735,974,268,271,15,984,2,9932,12,6,78,16,519,974,75,695,28,204,6520,9,5,119,24,567,2,32,2468,32,16,3067,8 0
16,416,37,27,420,16,6521,100,1396,7,194,5,21,10,18937,24,744,664,6,663,7,6,886,2,151,16,1282,648,129,791,2721 0
3389,2,16,21,2323,1939,19,24,168,2,5,21,10,1375,9933,19,24,663,26,18938,2272,100,2,71,14,280 0
16,113,31,444,87,44,34,2,26,30,7,371 0
16,21,39,15,250,98,989,236,32,57 0
12,6,189,24,18939,973,129,2210,18940,5047,564,1080,41,628,5,16,431,1165,2,910,2,3084,2,15,153,5818,2709,2,5,787,105,219,98,51,2,1951,22,219,9622,2,5,24,1827,1936,27,18941,16,39,15,464,1508,18942,5,305,79 0
499,4,18943,882,98,2347,123 0
77,19,141,4,152,89,30,4,18944,676,4031,98,1212,159,704,4157,2140,1508,1425,1105,2,3483,10,406,512,2,5,585,1211,41,430,1240 0
127 13
889,1705,461 0
620,1016 0
305,1016 0
545,30,4,1720,2864,5,378,11781,7,6,525,11729,5,70,1154,12516,757,805,137,4,747,128,30,4,4091,179,30,4,4669,153,1860,2,18945,7878,119,223,2,97,1656,83,123,146,93,73,4,973,4,1080,41,204,18946,1347,41,1391,759,75,46,898,28,54,4,436,2,8337,202,4,1504,2,11,2699,2055,112,4,330,2,11,269 35,13
487,579,601,174,6250,1002,11,293,229,118,4,418,2,43,246,2,253,2,9934,653,417,1539,10,6,2541,409,4,942,75,46,3900,28,2018,100,2,5048,1945,340,4,133,2,978,2,2170,2,2749 0
11,1003 0
11,342,2,1592 0
516,4,3384,2,11,79,323,4,5344,98,102,28,951,1746,992,175,28,731,4,1028,569,6489,28,466,992,175,10,688,1014,2,18947,175,2,75,46,3215,28,2868,4,215,1745,772,1904,1412 0
502,190,357,397,2811,54,9,1298,8,294,357,633,2123,9,1259,8,294,357,749,1204,54,9,1299,8,294,357,1688,1689,12517,9,1420,8,294,357,1498,2653,854,9,4294,8,294,442,2796,9,1482,8,169,1531,2034,9,1727,8,169,1042,2487,72,9,1690,8,1421,357,1873,2083,1250,9,1300,8,169,357,331,18948,9,4099,8,169,1578,75,695,28,284,3535,1138,108,75,879,28,284,3535 0
108,29,14,8267,2,6469,6,772,42,9814,357,358,18949,72,9,1354,8,169,75,46,3215,28,91,785,4,215,414,4157,4157,4157,4157,4157,5908,5908,5908,5908,5908,12518,18950,12325,18951,12519,5229,18952,9,2488,8,867,7751,9935,1330,3322,2985,9,72,8,125,790,66,4014,758,2263,2383,66,66,2986,75,879,28,1858,75,879,28,1858,75,46,3215,28,1532,4,215,1745,772,1904,1412 0
502,190,298,2635,9,1260,8,398,266,9936,9,1969,8,41,458,5324,9,2216,8,1399,615,12200,9,2326,8,1779,443,4895,9,4353,8,1301,530,1987,9,1340,8,1141,665,9937,9,1448,8,1561,698,4398,9,1449,8,550,666,5676,9,1383,8,41,1225,1856,431,1307,1081,1192,1658,1767,72,9,1698,8,41,1102,109,54,9,1780,8,41,1145,51,54,9,1699,8,41,732,35,9,1857,8,41,1193,515,9,1816,8,41,559,2336,18953,9,2166,8,398,559,1102,18954,54,9,2167,8,398,559,1145,6963,54,9,6935,8,9938,559,732,3510,54,9,2168,8,398,559,1193,3555,9,2228,8,398,1513,152,9,152,8,1458,395,72,9,152,8,2412,152,9,152,8,2486,152,9,152,8,75,46,3215,28,2806,4,215,414,4157,4157,8338,8338,8338,8338,5908,5908,18955,18956,18957,18958,5909,12519,12520,18959,18960,12521,64,7162,9,72,8,2424,9,276,8,3667,4519,9,220,8,3658,9,220,8,5676,1046,931,2424,9,276,8,1506,1267,1571,9,220,8,1267,1069,7810,6314,9,46,8,9316,9,220,8,12522,9,220,8,7753,75,46,3215,28,1728,4,66,75,46,3215,28,1554,4,464,4,320,4,149,1874,305,79 0
3613 0
75,46,3215,28,147,4,135,145,2,399,212,2,6179,2177,70,1000 0
1579,8339,2,794,513,1672,2,2233,4905,242,75,1179,28,114,4,1390,292,661,174,218,280,696,421 0
124,24,73,2,47,209,5464,653,118,353,75,695,28,1626,118,353,2,598,16,21,2498,781,17,362 0
2498,781,17,653,53,24,4878,3224,1457,5,6,1708,37,16,39,15,829,1425,1105,19,63,704,12,8340,47,880,16,373,218,21,1425,2727,915,1271,2075,2,71,20,634,10,406,12,8340,24,417,14,791,12523 0
983,1754,14,5581,2727 0
313,14,31,286,7,6,1970,124,24,439,5,328,811 0
16,14,85,15,1055 35
983,1754,14,1626,353,124,24,127,5,218,81 5,13
161,421,75,46,410,28,411,791,1131,4834,19,73 0
40,881,983,262,7,235,130,219,3115 0
247,2157,4707,4806,10,85,338,111 15
540,704,12,6,221 0
3554,12524,2,760,4158,2,252,2471,2,252,2236,333 0
108,585,14,2250,2,40,247,2049,2314,2,539,5910 0
165,2474,1240,75,46,410,28,40,1150,3140,997,470,17,554,5,2370 0
186,116,75,46,410,28,1073,425,2,2157,249,251,67,848,75,46,410,28,40,1150,797,18961,5,70,17,1175,923,131 15,13
40,1150,1098,351,254,75,46,410,28,544,3461,12,5225,40,247,1226,5,155,797,1001,1075,12,221 10
459,4794,386,740,75,46,410,28,218,915,889,1705,461 0
40,4402,4159,3450,75,695,28,196,297,7093,636,889,1705,461,75,46,410,28,40,247,889,1345,2,887,3450 0
6490,4,252,2236,2,252,12525,333,1210,4,339,4,152,877,4,2537,300,4,12526,715,4,275,9939,7296,12515,195,3546,705,46,18962 0
