69,49,4,18963,18964,2,18965,2,5049,201,5,1121,13,427,2,58,9940 0
47,50,177,23,99,5,242,5,114,2,5,47,1061 0
47,50,201,5,1121,6,29,2733 0
30,7,156,360,4,6,29,14,15,6436,762,13,78,89,30,7,5463,2,32,57,32,438 0
16,21,39,15,12527,1233,12,6,78,32,57,32,555,1832,2,7297,2,5,344,367,2,110,629,10,6,303,674,12,6,644,7,460,61,8341,65,24,9941,7,462,159,576,10,24,2786,554,245,5,1785,214,6501,191,6,97,223 10,2
16,20,514,12,15,18966,18967,2,5,712,2065,1367,1989,37,16,3067,907,13,24,1785,860,32,57,32,6,1708,37,16,20,2250,86,87,3617,26,5211 0
16,14,85,4515,37,16,21,31,1009,87,1341,12,6,97,223,2,1053,554 0
163,7,213,4,16,14,7098,87,44,34,2,255,7,194,2,87,272,2,402,2,435,2,87,868,26,4213,862,26,87,1111,26,1328 0
78,89,30,4,32,256 0
78,545,30,4,32,256 0
77,4,16,14,19,905,77 0
137,4,11,334,137 0
137,4,231,1818,554,245 0
179,30,4,113,1374,2370,2,48,113,31,245,2226,840 35
16,14,15,994,18968,2645,2,5,16,20,937,1308,13,24,9941,2,48,21,110,61,1308,1310,17,6,97,223 0
93,122,4,151,16,658,2,16,39,15,118,145,7,1211,2,372,145,7,723,2,111,7,18969,2,5,7840,1080,41,19,674,662 14
16,20,1285,27,18970,16,20,413,2,4160,2,1239,2,1039,4121,988,2,48,1931,15,199,30,7,359,5,115 0
202,73,4,16,14,4148,13,682,1657,1405 0
118,20,135,212,2,11,387 0
226,129,90,10,452,193 0
187,20,133,5,3762,2256,1189 0
16,39,11,160,7,1328,5,34,10,1392,12,24,217 0
242,5,114,4,38,14,15,29,13,406,554,1240,2,110,629,12,6,644,7,63,554,7244,13,11,327 0
1341,1269 0
92,222,1729,489,426,686,17,63,251,769,830,7,903,32,57,32,2565,27,3819,2,423,65,3522,937 0
361,125,6,427,99,17,275,885 0
24,554,542,20,18971,303,441,408,4,92,222,1815,6,29,13,219,760,32,57,32,5911 0
92,222,881,170,15,327 0
333,401,12,6,303,441,5,92,4502,170,17,4603,359 0
12,736,2,92,4666,179,500,17,907,13,24,554,18972,2,5,16,40,55,265,10,6,9942,17,241,583,7,24,2565,32,57,32,24,554,1240 0
92,85,480,170,13,1151 0
2494,4,161,554,8342,165,554,9943,186,438 0
249,2565 0
526,12528,2,5049,195,495,4,12529,276,4,12529,597,42,4,12528,2,5049,813,18973,8343,232,31,177,42,240,312,232 0
