69,49,4,19010,93,73,4,384,4,234,4,401,17,356 0
19011,403,57,348 0
11,2332,534,1547 0
2492,13,1755 0
4143,10,9955,13,333 0
31,3981,27,192 0
411,309 35
134,101,10,592,332,538,13,58,12567 0
88,121,274,2,228,12,1077,2,167,2538,2,420,1112,2,596,2,1274,2,901,142,2,1920,2,255,7,194,2,655,2,702,2,250,2,44,34,2,197,445,79,2,263,34,2,272,2,402,2,435,2,613,2,67,12,577,2,2126,577,2,807,2,1612,2,668,26,5002,1196,2,690,2,228,12,3220,2,757,34,2,26,2250,1534 0
11,2188,377,2,11,2290,34,2,11,8345 0
167,81,341,311,51,4,31,19,87,257 5
438,914,4,124,1889,12,1087 0
535,4493,4,2039,309,4,321,130,159,146 35
127,3805,1319,1219,103,5662,4,8346 13
254,381,337,611,19,70,2829,765,4,2652,1549,10,2766,5,1730,19,2814 10
2592,52,412,1548,409,1016,4,102,376,207,100,205,609,724,17,12541 0
3231,216,592,332,4,103,993,1755,2,19012,592,2247,9709,12568,4097,5037,1842,2,12569,2,6416,36,2,12570,2,23,12571,103,5613,5,19013,9280 0
103,52,293,9956,4050,77,9947,3672,9,12542,9948,1673,12543,8,9949 0
9,1800,8,965,59,2,2208,10,765,59,32,575,12572,12572,965,291,98,105,123,2,2208,3078,11758,7,3945,10,522,680,2003,511,119,107,1889,35,22,9,1456,45,60,35,8,25,33,2,3333,19014,153,2686,866,579,3014 0
184,130,22,9,446,45,60,35,8,25,33,2,17,344,67,94 15
153,2686,866,107,12,6,465 0
2267,767,390,45,25,248,3392,33,2,60,248,3392,119,107 0
210,9,894,8,105,22,9,390,45,60,35,8,25,283,2,6524,12544,12545,12546 29
12547,5914,8347,8348,12548,1820,12549 0
211,9,896,547,8,474,22,9,925,45,60,35,8,25,33,2,5914,8347,8348,7300,12550 18
2375,9,1372,8,83,22,9,521,45,60,35,8,25,59,2,17,81 5,30
153,2686,793,119,107 0
442,2294,9,447,22,6525,6220,8,5353,22,25,291,2,17,1665 0
35,2686,13,1275,102,12551 0
669,9,1010,8,1247,22,9,3315,595,60,35,8,25,33,2,6524,1820,12552,1829,12553,3617,4965,12554,12555,12556,12557,7298,12558,3524,1241,12559,15,9950,661,12560,12561 21
310,447,22,9,778,45,60,35,8,25,291,2,17,81 26,5
2173,9,5039,8,4256,45,60,35,45,9,62,8,25,3029,2,6524,1820,1665 0
153,2686,631,119,223 0
3172,2804,4527,17,27,1502,154,1902 0
117,290,84 0
108,167,2132,2,34,2,3191,34,2,361,2836,1034,1925,871 0
4425,9,9957,8,35,22,9,1456,45,60,35,8,25,33,98,154,123,137,1573,179,299,4,261,671 35
11,554,2,26,624,245 0
88,4539,3820 0
1822,3944,4152 0
385,4,520,359,111,4,19015,19016,759,4,436 14
202,4,11,2055,226,4,745,193,623,4,418,187,4,133,2,978,217,4,11,1505,181,4,11,690,323,4,869 0
992,2359 0
258,4,457,315,649,524,824,689,6526,3522,4022,738,9,54,8,12573,9,1298,8,9,1259,8,9,1299,8,9,1420,8,315,379,804,770,6526,579,1789,19017,9,72,8,9,1300,8,9,1586,8,9,1354,8,315,335,935,1437,1434,6526,3467,1435,3118,3509,9,54,8,9,1482,8,9,3031,8,9,2588,8,9,2513,8,315,1830,6526,2057,9,2310,8,315,1465,1438,1497,935,6526,2593,9,72,8,2141,9,72,8,365,1435,9,3705,8,9,4151,8,9,3530,8,9,3031,8,315,1098,5881,6526,19018,9,72,8,12070,9,7752,8,1554,73,1316,4,19019,444,139,4,678,311,4,19020,315,4,19021,12574,73,715,4,19022,4524,1741,4,9958,2,3823,30,4,1072,1631,444,225,1320,6,156,708,14,1323,10,498,2761 6
68,53,3004,19023,9786 0
68,14,12575,6421,5,181,5,19024,1866,1393,6,52,592,37,53,557,13,304,522,142 0
68,14,11,160,7,280,26,844,76 0
11,2315,693,2,3780,26,12575,6421,53,3245,12,6,70,592 0
15,19025,5,3780,53,166,12,6,412,5686,2209,65,158,599,3002,911 0
68,14,11,12576,160,7,2475,12,6,70,592 0
320,304,522,142,1393,6,52,592,13,11,160,7,280,26,844,76 0
11,12576,160,7,2475,12,6,70,592 0
19026,12577,51,599,5216,7303,4,8353,4,3440,2,12578,47,3440,2,12578,47,320,5,114,4,35,8,2855,120,4,15,2328,504 5
110,13,19027,2627,2271,12,252,4013 0
40,383,10,823,22,506,136,23,221,2627,2707,10,55,19028 0
4040,40,301,10,55,19,3812,1272,7,310,9,19029,22,33,8 26
2332,1588,583,177 0
411,13,1579,2441,9955,2,1155,32,1041,6430,5,12579,19,135,1988 0
51,8,333,5158,177 0
102,8,19030,4,31,6875,425 0
40,1495,230,17,110 0
6922,17,38,177,13,64 0
679 0
1918,5,2562,400,95,1582,19,1402 0
937,926,10,132,17,1906 0
183,8,1665,4,185 0
679 0
2173 0
12580,7304,19031,7,1618,5,5919,4527,17,27,1502,154,606,117,290,2686 0
83,8,309,4,83,4161,119,107,119,64 35
2239,5,2353,285 0
6379,2670 0
259,8,216,592,332,4,185 0
356,13,3823,9958,19032,5,19033,12581 0
481,8,1138,1321,4,887,12,15,1450,7,198 0
614,8,216,3231,4,177,12,790,13,64 0
403,9959,1384,7,4290,348 0
6379,2577 0
5917,130,1902 0
268,271,1973,7,84,12,1444,10,1444,163,7,257,2,19034,173,120,583,2,6922,17,89,322,2,116,2,2577,709,2,309,2670,5,256 35,13
1306,5918,3173,12566,2,96 0
