69,49,4,18993,93,73,4,384,4,234,4,11,1035,498,511 0
1390,1576,528,13,52,592,335,2,406,52,293,238,2,120,2,18994,2,70,337,611,2,2162 5,13
18995,2,401,17,207,100 0
21,31,61,201,12,15,451,198 0
411,309,403,15,451,18996,119,107,348 35
416,18,40,706,400,223 0
724,17,162,12540,17,52,3487 0
3071,15,1814,1540,12,221 0
11,508 0
88,121,274,26,1313,2,228,12,1077,2,167,2538,2,420,1112,2,596,2,1274,2,901,142,2,1920,2,255,7,194,2,655,2,702,2,44,34,2,197,445,79,2,263,34,2,272,2,402,2,435,2,613,2,67,12,577,2,2126,577,2,807,2,1612,2,668,26,5002,1196,2,690,2,228,12,3220,2,757,34,2,26,2250,1534 0
11,2188,377,2,11,2290,34,2,11,8345 0
167,81,341,311,51,4,31,19,87,257 5
438,914,4,124,1889,12,1087 0
535,4493,4,2039,309,4,321,130,159,146 35
127,3805,1319,1219,103,5662,4,8346 13
254,381,337,611,19,70,2829,765,4,2652,1549,10,2766,5,1730,19,2814 10
2592,52,412,1548,409,1016,4,102,376,207,100,205,609,724,17,12541 0
77,3920,1345,35,2072,8133,59,2,3920,1349,2,2208,10,2829,765,59,9947,3672,9,12542,9948,1673,12543,8,9949 0
9,1800,8,965,59,2,2208,10,765,59,32,575,2814,9,7299,8,447,22,9,778,595,60,35,8,25,59,2,46,105,59,310,447,22,9,778,45,60,35,8,25,59,2,17,81 26
153,2686,866,579,3014 0
184,130,22,9,446,45,60,35,8,25,33,2,17,344,67,94 15
153,2686,866,107,12,6,465 0
2267,767,105,22,9,390,45,60,35,8,25,33,2,60,153,2686,119,107,17,248,236 0
4204,2,60,248,3392,119,107 0
210,9,894,8,105,22,9,390,45,60,35,8,25,283,2,6524,12544,12545,12546 29
12547,5914,8347,8348,12548,1820,12549 0
211,9,896,547,8,474,22,9,925,45,60,35,8,25,33,2,5914,8347,8348,7300,12550 18
442,2294,9,447,22,6525,6220,8,5353,22,25,291,2,17,1665 0
35,2686,13,1275,102,12551 0
669,9,1010,8,1247,22,9,3315,595,60,35,8,25,33,2,6524,1820,12552,1829,12553,3617,4965,12554,12555,12556,12557,7298,12558,3524,1241,12559,15,9950,661,12560,12561 21
2375,9,1372,8,83,22,9,521,45,60,35,8,25,59,2,17,81 30
153,2686,793,119,107 0
1889,35,22,9,1456,45,60,35,8,25,2137,2,153,2686,866,579,3014 0
32,865 0
137,1573,128,299,4,11,142 0
179,299,4,11,671,2,554,2,26,624,245 0
88,4539,3820 0
1822,3944,4152 0
295,42,2719 0
1230,153,107,119,223,27,18997,18998,1124 0
385,4,520,359,616,3461,946,111,4,2960,9951,759,4,779,528,1055,12,436 0
202,4,725,2,11,2055,26,2699,1528,966,4,90,2,11,733,26,2597,112,4,330,2,11,897,799,2,11,846,2,11,620,1064,2,11,342,226,4,745,193,9952,4,11,815,780 0
118,4,418,2,11,3801 0
625,2,1410,2,967,243,171 0
261,12562,52,293,1059 0
11,263,229 0
187,4,133,2,978,2,2170,2,558,156,2,11,342,217,4,11,1505,181,4,18999,765,611,57,2182 0
261,4050 0
11,690,2,11,2160,3220,323,4,570,2,951,1746,175,2,2295,5,531,1355,171,5,2274 0
8349,2,7301,2,5,974,53,43 0
258,4,457,315,649,524,824,689,5915,1604,2123,2197,4936,9,1298,8,9,1259,8,9,1299,8,9,1420,8,315,379,804,770,5915,579,2451,6903,9,72,8,9,1300,8,9,1586,8,9,1354,8,4424,3364,9,72,8,9,1354,8,315,335,5915,4329,9,1482,8,315,1438,1497,5915,1143,474,9,4151,8,9,3530,8,315,1098,5881,4424,9240,9,72,8,1764,9,7752,8,315,298,615,458,266,5915,3240,12563,3443,12564,9,1260,8,9,2795,8,9,2626,8,9,2484,8,4424,8299,19000,7211,19001,9,72,8,9,1260,8,9,2795,8,9,2626,8,9,2484,8,315,530,665,698,443,5915,2693,8266,8350,7302,9,1340,8,9,1448,8,9,1449,8,9,1507,8,4424,365,5916,6207,8220,9,1340,8,9,1448,8,9,1449,8,9,1507,8,315,666,5915,5665,9,1383,8,4424,5452,9,1383,8,315,1081,41,1753,41,897,41,1637,4424,1192,1307,1569,244,102,9,54,8,9,1698,8,9,1780,8,9,1699,8,315,41,732,41,1675,4424,183,35,9,1857,8,9,1816,8,315,2584,2585,2661,2662,4424,19002,19003,12565,9953,9,72,8,9,2166,8,9,2167,8,9,2485,8,9,2168,8,315,2663,4424,3346,9,2228,8,315,1513,1458,2664,2130,4424,152,152,152,152,315,2007,4424,105,9,19004,8,320,5,114,4,35,8,5037,592,335,4,162,1730,19,838,490,7,12540,52,3487 6
51,8,406,52,293,238,4,32,256 0
102,8,120,4,2855,12,78 5
155,1015,400,95 0
209,5466,2629,338,434,12,144 0
679 0
156,322,17,110,32,18,113,31,3802,260,13,87,467,17,1998,338 0
18,222,31,2404,87,7,23,257,26,19005,8351 0
18,416,18,40,400,95 0
183,8,116,4,425 13
679 0
156,322 0
83,8,309,4,6379,2670,428 35
2239,5,2353,285 0
259,8,5643,4,106,160,7,403,386,19006,348,117,748 0
40,1798,10,343,282,17,500,100,7,5643,12,531 0
481,8,914,4,1889,4147 0
614,8,670,4,185 0
5466,1996,305,19007,2,19008,9954 0
903,8,8352,17,19009,6187,286,5,124,10,64 0
5917,1280,1902 0
268,271,1973,7,84,12,1444,10,1444,163,7,1276,2,2737,2,2685,2,2903,7,203 0
1306,5918,3173,12566,2,96 0
