69,49,4,19035,378,325,1327,141,99,29,4,3738,2,4286,485,4,9841,2812,105,605,49,4,19036,95,4,12000,240,4,608,19037,12582,5,58,5467,19038,440,4,58,5918,19039,9960,2,19040,1026,4,19041,3738,2,9,5690,8,19042,26,9,9961,8,19043,837,19044,3738,12583,2,837,715,139,4,275,715,9,285,13,29,5,128,8,1228,4,29,2,29,69,384,4,116,5,270,234,4,552,19045,14,15,7305,528,13,15,30,7,421,9,585,130,41,2,11,140,651,8,2,120,311,51,2,116,2,3248,740,2,5,8354,157,3142,4719,629,65,9962,1476,140,13,270,5,116 5,13
18,20,874,65,12539,10,997,19,8354,117,4719,7,15,70,4395,805 0
18,404,37,18,21,61,448,1701,27,997 0
19,6,1485,158,10,141,2,278,2,18,39,106,914,37,660,117,3337,1286,65,23,1436 0
18,237,20,382,10,1111,5814,48,19046,27,11214,13,969,5,270 0
18,1938,44,34 0
18,20,9963,10,5,23,111,20,19047 14
18,20,124,51,1160,1837,2,651,2,5,235,2,117,71,23,270,1039,504,48,23,116,986 28,13
18,85,1351,7,15,188,250,37,14,1877,7,19048,1309 0
18,88,3259,77,2,142,12,333,2,2933,2236,10,1275,9,598,18,14,27,997,5,23,333,1731,14,884,8 0
27,38,95,2,18,88,455,2,270 0
189,408,4,973,712,1367,10,6,189,129,276,8355,492,3681,111,19049,574,1893,3360,1048,1529,41,628 14
73,20,686,17,1257,2,1056,27,6,19050,2,245,7,2521,2395,2,5,531,79 0
258,129,686,17,251,298,5,1827,2,19051,2031,2,5,160,7,305,79,19,464 0
18,431,235,446,219,1832,2,19052,2,4250,2,211,925,2,310,447,2,635,130,2,2196,196,2,184,130,2,2091,105,2,442,2294,2,5,501,7306,18,9964,11824,384,389 19,18,29,15,26,28,17
712,855,65,6,189,2,111,20,19053,5,651,1048,20,204,41,19,1391 14
3875,129,548 0
499,224,4,318,17,969,5,713 0
11,121,274,26,1313,28,11,596,2,469,2,892,202,4,11,901,142,2,11,895,142,28,11,112,34,305,4,11,1106,2,11,1919,91,4,318,17,655 0
1822,51,4683 0
11,44,34,2,11,396 0
11,702 0
1766,4,318,17,613 0
11,272,2,402,2,435,28,11,2403,28,11,340,34,2,11,5050,3934,4,318,17,3813,668,4426,9,188,8,48,11,807,2,3731,2,11,1196,28,11,1173,445,4,197,445,79,949,4,11,1652,2,11,5869,2,11,142,12,12584,28,11,803,26,1839,28,11,1217,996,89,30,161,81,341,311,51,4,97,374,20,19054,9,12585,8,2,97,389,5838,19055,9,12585,8,36,2154,132,353,2,216,381,337,611,165,127,186,254,249,958,6454,56,1194,9,9965,8,227,585,130,41,2,1105,816,1037,56,1784,1149,9,9965,8,4,3008,19056,4119,5,11,2892,313,26,147,142,351,132,19057,4,2701,3248,502,2592,21,3367,1170,19058 5,13,6,10
3808,1446,173,5468,1460,12,736,10,19059 0
20,5645,19,19060,56,911,227,4529,19061,9397,56,450,792,2451,10,1789,459,3805,1319,1219,103,19062,12,8346 0
636,216,54,592,332,4,19063,56,2247,9709,12568,4097,5037,1842,103,5613,2,4266,4222,2,3540,2206,56,12569,2,6416,36,2,12570,2,23,12571,843,52,293,9956,1038,52,412,1548,409,1016,1065,5851,7277,157,3142,545,112,3740,103,3040,1111,19,19064,1552,438,1718,914,1913,2039,2257,4050,77,19,141,4,161,2128,7307,1674,9,1165,46,102,8,35,347,25,1834,138,165,1042,9966,9,4537,7,9609,8,154,1496,25,33,138,613,186,5920,83,22,25,33,138,613,249,1151,9,1255,8,35,347,25,33,351,2074,397,9,888,8,594,22,25,33,138,613,459,896,547,9,211,8,474,22,25,33,636,9957,9,4425,8,35,22,25,33,843,19065,196,22,25,33,1038,442,2294,5353,22,9,447,22,5022,335,8,51,347,25,291,1065,2267,767,130,22,25,33,1552,2173,9,5039,8,25,3029,1718,1010,9,669,8,244,22,25,33,1913,19066,130,22,25,33,2257,2196,196,22,25,59,2407,310,447,22,25,153,347,509,2,35,12586,2,51,1366,12,1485 19,18,15,26,21,17
2466,635,130,22,25,283,3117,1372,9,2375,8,83,22,25,59,297,1253,5,297,2101,3992,2128,6374,22,25,1595,138,5377,1889,35,22,25,2137,137,4,747,128,30,477,4,421,603,4,878,5,1023,332,2843,4,152,179,30,6,29,295,12,9960,1310,48,21,61,12,997,17,23,4395,805 29,30
18,1492,10,808,140 0
83,3032 0
994,7995,12587,671,4,706,8354 38
6527,136,8356,554,4,152,2226,840,4,6,29,88,78,5,156,245,7,2226,840 38
93,73,973,4,19067,4,7143,492,4,1429,111,4,19068,574,4,723,3247,4,2040,41,3210,1742,759,75,46,898,28,54,436,2,8337,1019,2,5344,98,102,202,3519 14
19069 0
570 0
112,330,2,11,846,26,269 0
625,53,171,193,86,229 0
487,7856,118,418 0
43,246,2,253 0
11,1058,409,1223,5,942,27,1912,1203 0
11,1945 0
168,43,929,19070 0
11,4567,277 0
11,798,277 0
340,4,133,2,978,2,2170 0
529,558 0
516,3384,3975 0
171,2439,79,10,5636 0
323,4,413 0
646,10,2902,2,1083,2,95 0
951,1746,992,175 0
466,992,175,10,688,1014,5,2959 0
2868,8357,12588,357,397,2397,357,633,2123,357,749,738,54,357,1688,1689,5469,72,442,2618,1531,2034,1042,2487,72,357,1873,2083,105,357,331,1789,357,358,12589,72,5610,19071,72,19072,12,19073,91,785,8357,19074,5,12373,221,1103,1096,1891,66,1832,27,12590,5,9678,2734,66,1832,27,12590,5,9678,1532,8357,12588,298,19075,72,266,19076,458,3994,615,12591,443,12592,72,530,1347,665,5921,698,7308,666,7021,1430,64,4883,1430,1046,1506,1430,2165,6157,1307,1081,1192,1658,368,72,1102,1163,54,1145,183,732,51,1193,35,559,2336,19077,72,559,1102,12593,559,1145,19078,72,559,732,9967,72,559,1193,6963,1513,152,1458,395,72,2412,152,2486,152,1728,8357,19079,2456,1676,6528,90,4082,3703,6332,1679,2687,1793,2008,66,3885,66,4080,617,4081,66,9513,66,3988,66,4083,67,171,5338,7309,4939,1499,4940,66,4938,4198,3454,2333,2064,66,4084,1518,3135,4,152,1554,161,464,4,226,4,6,226,53,19080,12594 0
68,14,734,5275,7,6,9968,5,12595,19081,151,1323,10,6,158,708,557,13,957,3837,7,421 0
545,12596,53,428,166,19082,191,6,52,197,9969 0
11,4277,900,3323,14,1164 0
7310,4,68,14,11,3927 0
6,19083,53,214,610,553,7267,271,19,6,2666,708 0
38,519,55,741,10,6,696,7,6426,142,7,421,2,48,519,85,55,741,10,15,350,1521,7,1079,760 0
320,4,584,557,13,421 0
165,225,3875,4,11,160,7,582,26,1063,1744,580,1797,7,1375,386 0
147,4,43,399,212,27,9757,43,1000 0
43,2504,2,2331,2,4905,1950 0
11,518,2982,26,2579 0
314,513,1672,12,3330,2,2695,2,2696,48,85,176,55,19084,297,6,19085 0
278,280,136,19086,242,75,1179,28,114,1256,3738,14,15,19087,13,15,30,7,421,9,585,130,41,2,11,140,651,8,2,120,311,51,2,116,2,12597,740,2,5,19088,157,3142,4719,629,65,9962,1476,140,13,270,5,116 5,13
23,73,5,908,14,557,13,305,79,2,32,18,21,39,12,6,78 0
6,19089,7,23,3913,305,79,14,553,90,2,278 0
18,1185,5706,100,4086,1396,7,194,5,20,514,10,55,9970,1229 13
84,14,380,37,116,915,15,228,12,23,333,26,760,1269,27,997,2,313,2,9971,19090,2,26,150,1489,4543,10,3913,305,79 13
9972,2,278,2,421,176,50,5893,23,116 13
161,255,7,19091,4,160,7,1131,2509,42,73,5,908 0
385,85,19,6,1225,48,1044,553,218,124,1051,7,2215,139,2,66,3875 0
56,235,446,219,110,56,3554,19092,56,82,6279,56,6529,6199,56,5248,651,1048,707,28,2408,2,91,707,56,6529,91,785,56,211,370,33,56,40,881,501,244,4806,5,2157,196,4806,17,110,48,176,301,10,7950,6,1318,108,421,553,7922 18,19
56,910,5,3084,17,380,670,3059,124,671,30,56,539,1194,12,221,56,539,3793,165,3904,4,566,638,415,1338 0
29,279,13,251,298,13,368,41,5798 0
2890,2147,21,1717,2031,37,14,66,17,566 0
464,113,31,1035,160,7,900,3323,2,278,176,55,19093,42,305,79 0
972,139,27,450 0
47,221,2315,17,1334,124,23,444,7,1877,250,19094,273,31,977,8252,10,1815,27,38,95,32,18,14,7206 0
56,679,10,207,508,7005,5,298,56,6529,6199,56,539,736,7,2259,17,9973,108,508,2,6199,1628,56,6529,67,1314,5,1309,1314,56,6529,775,1307,186,127,4,140,116,322,14,230,626,33,2,669,244,2048,2,184,130,2048,2,2196,196,59,56,247,19095,196,22,4806,5,501,244,4806,5,2399,100,32,865,12598,2629,111,338,56,91,707,249,120,311,51,4,140,322,14,19096 5,19,13,15,21,17
56,855,802,2392,5,247,131,2448,650,59,558,351,19097,19,2031,4,19098,13,158,2031,459,592,335,4,679,4425,9,5797,1755,8,636,2553,4,679,1226,843,438,4,679,2091,1038,671,245,4,679,5051,684,22,25,2048,1065,914,4,1286,138,27,140 10,25,38
1552,2009,4,252,1462,2,252,1048,2471,2,6808,333,13,11,1704,2236 0
679,1770,19099,442,1718,1210,4,339,4,31,1683,877,4,652,3684,190,405,59,300,4,12526,138,1913,715,139,4,275,715,9,285,13,29,8,3743,19100,276,8059,195,2,19101,705,46,19102 0
