69,49,4,18974,18975,3738,46,18976,234,4,12530,600,4954,279,13,3805,1319,1219,103,537,12531,42,3435 39
18977,392 0
18978,2,110,3701 0
6,29,88,87,627,30,7,394,2,9944,2,18979,862,2,274,7,901,2700,2,895,18980,2,1809,2,3860 0
637,4,88,192,4,747,257,4,88,73,4,759,4,4847,407,12,436,202,4,1623,2,1504,2,966,90,112,4,330,2,65,323,4,413,2,3971 0
646,10,2902,2,1083,2,95 0
6522,18981,2,13,2002,9945,1702,274,2,9852,1135 0
988,2775,2,5164 0
5905,2,5461,2,5906,43 0
1478,1738,4,12532,2,9887,2,570,2,314,149,52,324,3060,2,18982,731,4,43,2780,5,1419,2,11,2970,2,6523,2,2781,3521,412,217,10,9922,2,275,590 0
11,3165 0
3521,197,217,10,9922,2,275,590,2951,4,3246,1281,475,754,3729,5912,3266,18983,246,157,51,51,51,35,423,54,51,51,51,35,423,1099,4,225,412,2,197,217,175,10,688,1014 0
258,4,298,6296,2,266,18984,2,5228,8344,2,2806,18985,2,2031,18986,2,1942,686,17,770,12533,2,18987,148,205,9,9430,8,4,18988,52,12534,13,4070,8077,320,4,12530,528,13,12535,3805,1319,1219 0
73,557,13,18989,115 0
35,8,126,10,707,899,73,36,205,609,2073,108,972,139,26,899,73,142,51,8,114,17,540,205,609,12,221 0
102,8,1921,3438,12536,98,35,262,219,2,237,683,25,291 0
126,17,154,123 0
183,8,712,377,2,6,29,454,207,100,13,5465,12537,8200,42,12538,18990,17,63,1207,12,153,376,13,15,540,392,3516,83,8,6,144,7298,18991,40,207,432,38,141 0
1533,285,13,58,1955,4718 0
1152,329,17,38,470 0
9939,3257,2410,9946,2,195,2,2045,12539,5913,18992 0
