69,49,4,19275,378,325,1124,12643,1473,144,2402,467,5,1172,424,38,14,15,3456,471,139,304,132,1137,335,5,164,143,76 39,1
581,17,101,961,306,89,167 0
825,167,164,143,76,6,29,39,19276,12,176,4577,154,41,238,27,6,369,19,6,269 1,2
16,21,1006,76,2,355,13,199,5933 0
24,352,2059,215,12,176,227,1536,352,2059,2,48,318,2435,5,318,6329,17,313 0
24,19277,1066,7092,20,19278,2,48,24,1608,2435,227,634,12621,12,6,786,12651,13,3008,2087,1876 0
16,39,19279,3198,13,63,585,7,1280,41 0
84,14,85,166,37,24,67,94,2697,2,48,7899,432,352 0
6,29,21,61,185,532,97,363,236,151,16,21,166,106,197,1288,115,1876 0
16,21,11,44,8378,2,112,8378,2,26,1288,34,2,48,68,14,63,9997,466,1400,6,5031,2873 0
16,12652,38,13,352,2,48,31,5218 0
16,85,1625,404,38,27,468 0
16,14,382,10,974,11508,5,19280,15,296,7,5632,16,14,1544,448,1818,19281,12,6,9998,2,2889,2,5,19282 0
84,14,31,90,37,38,4297,714,2,48,92,40,2836,58,3745,871 0
16,14,930,58,3745,12,497,10,938,236 0
5471,4 0
6,29,21,61,2043,6247,136,24,97,141,17,555,12,1452,8359,16,416,24,352,2059,14,6247,2043,5,16,14,382,10,974,51,3129,27,15,145,7,1143,606,119,4616,86,366,26,713 2
16,21,11,44,34,26,396 0
16,113,9725,173,2227,5,416,24,556,7,196,22,59,176,55,1431,573 19
16,21,61,19283,2022,10,275,262,12,6,9999,151,16,5584,24,243,173,5437,16,21,11,115,7,10000,2,618,2,26,274,7,3473 0
16,113,50,1621,217 0
68,14,11,121,1313,2,121,274,2,26,655 0
16,836,19,2049,2314,2,210,2,2330,2,1010,2,2146,2,5,1855 17,29,21
16,14,11,1735,19,473 32
16,21,11,3784 0
19,73,2,16,14,1039,1229,2,48,226,53,199,5,68,14,11,251,487 0
24,147,482,5697,1241,984,5,47,50,963,170,10,2404,37,10,58,3745,74,622,80 0
15,4,185 0
289,4,126,3001,32,648,53,490,7,1295,67,94,80 0
92,209,31,19284,251,67,94,6,29,14,19,2330,2,1010,2,5,556 19,13,21,17
16,416,24,67,94,27,140,14,1844,791,199,5,16,404,84,14,3971,10,1884,6870 0
47,50,963,170,10,880,2539,173,12653,3403,6870,65,24,3507,12,1731,10,2712,424 0
254,6,29,836,19,130,22,7,210 10,29
84,21,61,15,200,136,92,50,1453,24,1536,457,5,92,40,155,80 0
16,21,61,797,17,579,697 0
889,1705,461,92,40,887,24,12654,80 0
16,14,31,2955,26,3310 0
132,1842,6,29,39,540,691,5,205,12,1091,27,6,19285,144 0
472,129,1796,32,185,5,16,692,11,1388,150,271,986,1649,27,19286,1950 0
16,14,791,5833,42,38 0
4525,7320,6,29,14,3767,17,233,42,6541 0
16,21,363,19287,5934,32,57,32,1073,5742,571,557,13,19288 0
47,50,926,170,10,6541,80 0
399,2789,1067,19289,75,695,28,19290,10001,2,11,1373,12400,2,11,2138,1184,2,11,6542,2,469,9,701,58,47,50,5034,6,19291,7,290,106,850,2414,27,1090 0
2305,6,29,14,2968,4967,7321 0
529,77,172,474,22,25,33,2146,5055,22,25,33,2330,266,12655,25,33,2311,1345,370,22,25,291,13,5791,547,12656,2487,22,210,130,22,556,196,22,59,8379,9516,12657,850,33,989,12658,28,3216,117,10002,108,11,1051,2596,2606,19292,965,12659,2208,10,3495,680,9,62,8,1855,83,22,83,22,83,123,5,2436,51,123,5314,228,12,2511,5,3011,1855,83,22,83,22,83,123,5,2436,51,123,5314,247,4,19293,556,196,22,59,247,4,7322,210,130,22,247,4,7322,473,449,22,35,347,25,33,247,4,7322,1273,4,5471,36,2458,3096,767,761,22,35,347,25,33,247,4,7322,1273,4,5471,36,2458,172,474,22,25,33,247,4,7322,5056,368,22,33,247,4,19294,1273,4,5471,36,2458,12656,2487,22,1997,1760,247,4,19295,1010,1247,22,35,347,25,33,247,4,12660,1273,4,5471,36,2458,1943,3856,284,22,509,5,35,2022,506,247,4,12660,1273,4,5471,36,2458,8379,9516,12657,850,33,989,12658,28,3216,117,10002,108,11,1051,9868,4722,1760,247,4,19296,2146,5055,22,25,33,247,4,5471,2330,266,12655,25,33,247,4,5471,179,30,6,29,836,27,140,5,21,986,10,19297,24,7040,19298,5935 19,18,29,28,21,17,32
16,589,10,5812,2272,12,19299,19300 0
16,416,16,14,31,32,529,32,158,10,24,555 2
16,88,438 0
1564,5,4064,1551,1291,70,4261 0
1814,46,19301,2,19302,19303 0
163,7,213,11,44,34,2,396,2,255,7,194,13,366,19,639,2,26,655 0
1962,53,43 0
11,67,26,2126,1962 0
2438,14,1104,86,807,26,1277 0
16,21,106,70,754,5,475,34,48,14,8188 0
16,21,39,533,106,7311,5,14,537,453,42,58,4165,8380,27,6539,128,4431,538 0
93,122,67,94,12661,2,2304,42,260,6340,121,5829,643,2289,19304,3542,224,893,57,533,5,57,2265,12,11,1451,326,181,306,4525,5934,191,6,44,5,168 14
68,53,363,3102,5934,32,57,32,106,5742,2,3109,19305,191,6,44 0
16,21,181,8381,19,6,112,5,5013,12662,7323,19,6,5242,202,1290,2,43 0
11,571 0
895,175 0
570 0
725,112,330 0
625,171 0
11,229 0
620,43,44,90,10,12167,694,246,5,253 0
11,417,2,766,2,26,711,187,300,302,318 0
133,5,375 0
11,953,812,73,1132,66,2724,577 0
878,14,350,2,919,2,5,316,2000,73,14,380,13,6,8017,1197,3342,5879,2,43,9631,8181 0
43,6418,86,1706,1016,26,693 0
11,1613,832,6425,2174,11,720,2,673,2,26,79 0
11,967,26,64,243,6425 0
853,57,2346,48,3650 0
4092,171,27,6,7324,2,515,27,6,19306 0
853,193,2713 0
672,14,43,1786,134,258,147,177 0
68,14,5697,1241,984,2,3093,2,5,891,1807,142,37,53,188 2
145,20,5437,242,5,114,1916,185,91 0
132,1137,332,86,1607 0
132,496,10,55,1121,80 0
3918,1018 0
2305,185 0
92,40,1729,1060,80 0
67,94,519,55,419,425 0
99,2495,42,1777,659,3005,1984,176,55,156 0
681,809,42,12636,2,5930,19,2758,1865,2,3924 0
