69,49,4,19249,12643,1473,144,19250,2,12644,339,470,99,19251,29,4,12635,2,8370,1045,46,4,12631,3321,4,19252,854,2337,240,4,3745,581,17,470,4,2303,234,4,6,29,14,15,1429,200,307,345,13,30,7,178,103,1651,7,269,505,12,1415,3113,19253,13,44,34 1,2
27,6,95,7,38,1527,2,16,39,488,1622,7,24,19254,5,751,1869,13,3383 0
16,658,13,844,455,12,176,2,5,16,543,15,1154,429,37,604,861,269,13,369 0
38,141,16,39,15,7766,1409,656,7,44,5,1288,34,13,1257,5,127,42,140,1649 13
6,34,660,13,248,3178,9600 28
16,1007,10,19255,6539,1124,819,16,20,730,19,652 0
12,6,644,7,652,2709,13,19256,354,761,2,16,39,153,656,2,634,1131,7,6209,812,588 0
136,1480,2,411,19,652,2,16,39,11,241,588,2,4351,4531,318,577,532,80 0
38,465,16,3824,15,817,2724,300,1129,71,20,4531,66 0
640,38,2,117,3980,10,886,2,16,39,15,350,1521,7,7172,7,67,65,24,3518 0
16,39,11,263,34 0
11,241,588,136,38,465 0
16,21,578,39,812,588,937,19,172,5,473 18,32
24,752,12,3104,604,2187 0
16,14,281,19,172,2,473,2,652,13,2327,1069 18,32
637,4,178,127,789,1630,225,7319,36,103,54,3577,2,157,19257,2,2206 10,1,13
119,132,99,85,21,305,1064,2,71,53,5313,1957,7319,2,48,29,416,158,1906,31,557,13,3558,76 0
257,4,211,370,473,652,2454,771,1342,210,669,2330,1255,192,4,747,1100,4,1230,32,63,19258 19,18,29,39,21,17,32
990,4,11,2830,990 0
385,4,638,4,5334,1211,12645,1080,41,628,224,4,479,57,2,436,112,4,11,3406,202,4,966,682,2,19259,324,44,4,745,569,91,4,418,2,324,246,2,253,2,11,387,2,711,26,766,187,4,875,2,1325,2,324,558 0
11,3373 0
11,2223,422,812,4,350,1884,3336,2,375,2,67,1013,9990,217,4,11,79,2,43,243,181,4,11,2403,2,11,690,258,4,357,397,1917,9,1298,8,19260,357,633,2200,9,1259,8,9991,357,749,2197,9,1299,8,9991,357,1688,1689,12646,9,1420,8,9991,357,1873,2083,2356,72,9,1300,8,8377,357,331,2675,72,9,1586,8,8377,298,4699,9,1260,8,19261,266,8162,54,9,1969,8,41,458,4363,54,9,2216,8,19262,615,19263,54,9,2326,8,19264,443,5327,9,1507,8,19265,530,1653,9,1340,8,1141,665,9605,9,1448,8,19266,698,9992,9,1449,8,550,666,3846,9,1383,8,41,64,3658,72,9,7163,8,1057,1046,931,775,1430,2165,19267,72,9,2969,8,1057,19268,9993,19269,12647,12647,12648,12648,456,83,456,83,266,8162,9,54,8,12649,9,54,8,6540,9,54,8,4706,9,54,8,5673,9,54,8,4706,9,54,8,5931,9,54,8,11,4980,434,12,6,144,19270,2396,2812,3987,6148,9994,2710,752,1215,3104,36,817,19271,2187,12,6,2729 0
11,158,2573,36,39,63,2918,73,27,6539,128,4431,242,5,114,4,1429,200,307,345,13,178,13,44,34,10,55,1121,42,91,429,13,6209,2303,640,15,817,300,1129,80,12,6,644,7,652,2,172,5,473 1,18,32
38,588,20,839,5,9995,2,373,218,7,19272,2275,2,2282,271,4885 0
16,113,50,106,328,7,844,812,588,19,472,67,19273,2,48,6,588,14,218,10,126,10,55,851 0
68,14,11,11988,10,91,9281,26,2628,472,4056,77 0
68,14,85,11,1388,92,519,273,110,10,2562,6,328 0
209,1491,6197,10,91,9281 0
11,12650,12,77,2213 0
5932,9996,2,96 0
339,1117,36,1357,19274 0
