69,49,4,19220,29,414,4,12630,2,8370,3062,28,485,4,12631,597,27,4,19221,42,7241,3407,9987,2,195,207,100,99,494,4,132,1137,1842,2,5313,1957,10,4957 39
957,136,19222,993,364,10,19223,4957,10,15,262,7,19224,7317,4,497,198 0
2377,139,4,31,1509 0
43,1377,139,4,11,572 0
957,30,4,287,12630,14,1916,448,57,13,11,6382,5,106,1051,12,24,5160 0
16,110,21,1625,1839,12,24,744,5,1432,2,71,14,1490,1084,10,297,26,553,393 0
16,85,21,106,806,112,1839,2,1664,741,10,106,2318,26,996,5,13,4009,121 0
16,21,11,394,12,87,217 0
24,1612,21,476,65,497,10,153 0
24,1432,977,15,1114,403,19225 0
348,6,19226,2,71,16,21,39,17,106,95,53,1490,419,26,6,1140,2,411,15,1114,932,19,6,52,912,271,6,70 0
93,122,4,19,93,122,16,1423,57 0
24,121,14,100,10,4998,643 0
16,21,11,19227,4043,277,722 0
24,187,14,3491,66,2,393,14,24,2355 0
320,4,1737,1490,610,504,2,1758,11,160,7,1607 0
114,4,47,40,1150,15,540,44,5,2012,929,205,2,32,57,32,15,1033,609 0
6965,37,472,53,31,7948,7,241,1607,2,47,114,10,125,170,12,1072,207,100,12,938,10,1036,198 0
58,4163,209,621,106,67,968,2519,19,170,2,71,47,40,3000,10,3340,151,47,6244,6823,1127,648,53 0
58,6985,14,411,930,170,2334,5,4662,170,737,5,230,17,24,67,94 19,20
2785,7241,3407,9987,2,195,384,4,19228,6985,2,195,19229,19230,2,195,4420,12632,2,195,5929,9988,2,96 0
5930,4163,2,195,19231,19232,19233,19234 0
