69,49,4,19330,1615,6193,2,2134,4911,3492,12669,2,96 0
858,2,753,19331,441,7,162,128,4431,12670,536,4,3928,3946,8383,46,4,5937,828,58,12669,4,47,20,963,10,3802,15,19332,233,19,1256,3946,13,15,5057,19,23,19333,10,55,3688,32,15,7329,17,15,19334,132,753 0
12,1246,2,18,14,15,2593,200,307,407,104,21,61,63,131,1543,381,136,6,439,7,1865,5,21,61,19,2508,136,5775,42,444,2,23,150,1294,17,81,563,981,2,336,527,2,5,336,343,76 5,25
12,19335,23,156,30,2,18,1230,12,6,12671,19336,19337,12672,7220,441 0
23,497,511,15,223,19338,53,6390 0
18,113,2,278,2,3292,847,44,94,13,2874,5,19,1600,4357,21,39,2094,714 4
472,534,53,1359,42,921 1
1256,3946,21,85,166,37,13,748,18,40,1625,433,1396,7,194,71,14,1359,42,5058,423 0
12,736,10,81,5,127,71,20,156,316,19339,2,18,21,61,5,589,10,55,15,1055 35,5,13
23,367,42,153,444,20,6119,169 0
47,273,841,50,19340,5,23,128,30,14,905 0
15,444,7,63,1134,65,1589,7,2421,2,482,149,719,1520,12,6,2867,7,1271,776,2,3114,1105,1118,5,496 0
18,39,63,352,2059,215,12,1415,7,6265,19,15,4390,1811,2,18,1007,17,553,271,183,1973,606 0
38,14,4233,10,31,1242,6495,1235,35,7,6,3302,2268 0
13,37,2,18,222,2801,44,34,5,39,51,675,7,518,438 0
37,708,20,2625,42,362,3008,5,2892,19341,1608,142,12,6,6362,557,13,158,19342,1484,13,352,4303,313 3
32,20,1451,10,3403,2054,2,1242,6,19343,4312,1310,20,3810,17,344,1840,164,76,5,4543,10,6,2912,17,15,91,561 1
37,708,20,346,12,12673,144,5,27,38,95,2,47,316,50,6,444 0
278,2,65,38,444,2,68,20,3114,1105,496,13,794,891,3198,5,617,512,37,14,557,13,6,704,5,6,7330,426 0
164,1677,227,42,444,2,1006,2886,7,717,8384,86,2613,900,238,532,63,368,41,10012,269 3
6,1869,20,85,2256,5938,5,68,20,15,1706,238,12,6,751,6994,7,15,817,3069 3
6,70,164,143,20,2256,5938,13,15,1706,238 3
27,37,95,2,6,2912,20,10,126,89,364 0
23,89,364,27,38,95,14,5843,1181,13,12674,758,22,631,15,107,2,11736,244,22,33,2,172,153,866,150,107,12,736,10,23,4497,5059,2,889,5,793,82,131,364 18,25,19
12,19344,286,23,89,30,2,23,545,1564,50,2054,6,2508,1610 0
18,21,39,153,7888,1537,159,146,86,1294 0
47,85,8385,15,30,7,106,900,349,394,5,847,4141,7,988 0
38,20,1169,10,5624,423,2,48,14,7,106,1693 0
19,73,2,23,67,94,20,3851,675,4723,2,296,365,135,2,23,121,1204,727 14
23,2508,4870,14,19,6,52,349 0
68,20,15,70,293,1059,2,112,1486,129,31,2088 0
226,129,90,2,1457,20,3224,5,2862 0
68,20,63,970,2,11,1093,5,68,20,15,19345,653,417,27,6,1709 0
187,20,599,2,582,243,129,175,2,217,129,86,79 0
6,1322,227,399,212,2,1006,9700,142 0
68,129,11,9327,513,1672 0
598,6,4311,7,38,233,20,2536,17,753,12675,2,47,221,1847,173,23,231,91,139 0
18,14,15,3607,381,407,2,1972,7,362,255,7,194,5,44,34,5,19,352,215,2,21,851,3339,2312 5
6,164,1677,821,15,2867,7,12676,76 0
1242,86,930,6,763,467,71,47,3290,10,273,12,6,400,223,2,84,209,55,2081,37,18,209,55,63,1071,2380,2,124,6,657,457,12,19346 5
1195,2,164,3095,17,23,209,55,164,143,703,162 0
5472,2,47,209,621,10,163,6,2761,523,2,5,3886,13,58,10007,995,19347,7,23,12677 0
47,209,85,621,10,1495,1703,27,38,95,2,1312,13,316,109,22,5,1150,4279,426,7,6,625 0
32,1683,2,598,6,4311,7,38,233,20,23,19348,17,3028,2,6,1144,7,12384,1972,164,143,76,12,38,3607,407,1795,268,8386 1
47,2869,2648,10,1544,13,329,5,6,150,5631,12,23,203 0
1027,2,5298,3316,3140,2,1885,2,4509,5298,3316,3140,2,1885,2,4509,800,4,12678,827,4,12678,818,4,19349,19350,4,19351,384,4,19352,5936,2,1885,2,19353,10003,1411,2,5876,2,1755,7325,10013,6202,2,1885,2,128,4431,12670,9866,10007,2,1885,2,19354,1870,144,2,19355,19356,7069,2,19357,2,1755,19358,4911,2769,12679,2,1885,2,12673,144,2,19359,19360,3710,2,5876,2,1755,7325,232,2819,48,31,177,42,240,1741,232 0
