69,49,4,19361,8383,303,1315,101,3946,2,3928,157,5937,101,49,4,19362,629,391,4,6,29,14,15,6972,528,104,21,39,15,1018,753,32,57,32,63,1350,91,30,104,774,12,1360,7,713,5,255,7,194 0
30,7,629,391,4,18,20,201,2317,42,58,3941,7331 0
18,85,1351,7,3184,44,34,5,15,250 0
78,89,30,4,53,32,1283,12,6,1901,948,42,58,7331 0
77,4,53,32,1283,12,6,1901,948,42,58,7331 0
137,4,53,32,1283,12,6,1901,948,42,58,7331 0
179,30,5,128,30,4,53,32,1283,12,6,1901,948,42,58,7331 39
93,122,4,23,870,14,12680,23,150,520,359,53,185 0
23,651,1048,14,1347,41,19,674,662 0
23,73,14,32,166,12,6,1901,948 0
7,99,2,19,23,562,73,4,18,21,15,135,145,5,212,13,15,1812,653,417 0
6,226,1035,52,197,1548,942 0
489,233,4,53,686,17,15,769,67,1137,830,7,1247,5,15,835,7,19363,44,810,482,63,3843,12,6,3352,1636,7,6,52,412,1548 0
678,494,4,38,14,15,6972,528,139,304,15,1018,753,104,110,21,15,52,412,1548,796 0
642,9,317,630,712,377,8,4,6,114,14,10,605,6,29,17,219,1337 0
630,19,141,14,2964 0
1416,19364,12681,12682,2,96 0
12683,19365,19366,597,42,4,12681,12682,2,96 0
12683 0
