69,49,4,19367,8383,303,1315,101,3946,2,3928,157,5937,101,49,4,19368,6,29,20,201,12,6,303,441,13,58,5939,2,30,119,58,5939 39
629,391,4,1373,34,5,484 0
30,7,629,391,4,6,29,14,15,2744,200,307,528,13,78,89,30,318,17,134,753,2,127,2,131,1543,81,341,2,5,164,143,703,3536,104,658,10,6,303,441,13,70,1373,34,17,6,97,223,110 2,5,13
18,110,21,15,10014,484,12,6,8387,680 0
18,21,11,596,2,469,2,250,2,1328,2,26,150,849 0
163,7,213,4,32,1283,42,58,5939 0
78,89,30,4,32,1283,42,58,5939 0
77,4,32,1283,42,58,5939 0
137,4,32,1283,42,58,5939 0
179,30,5,128,30,4,32,1283,42,58,5939 0
93,122,4,6,29,14,12,11,180,326 0
23,67,94,14,12684,2,296,368,5,135,2,1851,723,2,6,29,14,1285,13,1161,1304,980,41,19,674,662 14
122,7,23,70,662,482,318,4713,7278,5,1970,7,10015,12685 0
355,23,2278,14,861 0
23,112,14,330,86,1078,580,4035,2,799,2,26,229 0
23,226,53,90 0
23,118,821,15,135,145,5,212,86,417 0
23,187,14,133,2,318,19369,484,19,6,52,1694,7,6,8388,2,31,3808,2,11,2926,26,277,191,6,593 0
11,1592,2,1739,2,26,3179 0
23,217,50,11,4685 0
899,122,14,1095,900 0
6,468,7,6,93,122,14,483 0
489,233,4,991,67,830,482,15,769,67,1137,830,7,4724,2,835,19370,1768,53,667,43,1238 0
379,14,19371,13,331,12686,364,1958,12,189,4,6,29,20,201,12,6,303,441,42,2918,5,42,6,753,659 0
678,494,4,4713,7278,5,10015,12685,10,6,1373 0
251,379,5,331 0
642,9,317,630,712,377,8,4,6,29,20,265,17,241,233,5,522 0
18,20,265,12,185,630 0
1416,19372,19373,19374,597,42,4,905,4416,19375,2,96 0
19376,232,31,177,42,240,312,232 0
