67,54,4,22514,14328,612,2855,3417,22515,2059,14334,469,4324,3,6176,11244,3,4408,22516,22517,9,4782,8,22518,9462,40,28,20,221,12,2411,13,64,22519,10948 1,1,1,1,1,1,1,1,1,1,1,1,1,1,1,1,1,1,1,1,1,1,1,1,1,1,1,1,1,1,1,1,1,1,1
23,55,3136,1025,618,192,5,104 1,1,1,1,1,1,1,1
30,7,61,328,4,1656,3,629,4324,14,15,5036,522,13,71,3,106,3,776,3,121,21,374,181,120,76 1,1,1,1,1,1,1,1,1,1,1,1,1,1,4,1,7,1,15,1,1,1,1,10,10,10
18,38,62,288,154,12,3225,17,128,6804,116,3,75,20,269,3,5,3897,10,103,593 1,1,1,2,2,2,2,2,2,2,2,2,2,2,2,1,1,2,2,2,2
40,593,275,335,42,309,243,3,215,42,671,1809,3,335,42,614,3,5,15,586,42,2250,243 2,2,2,2,2,2,2,2,2,2,2,2,2,2,2,2,2,2,2,2,2,2,2
18,20,1515,19,39,355,13,493,116 1,1,1,1,1,1,1,1,1
18,21,68,1261,10,903,66,528,224 1,1,1,1,1,1,1,1,1
18,21,630,6,99,113,387,118,116,13,673,380 1,1,1,1,1,1,1,1,1,1,1,1
18,526,15,429,154,12,75,18,20,449,10,288,17,320,435,5,929,896,19,6,2344,1638 1,1,1,1,1,1,1,1,1,1,1,1,1,1,1,1,1,1,1,1,1,1
18,2941,1942,42,7,22520,2774,130,156 1,1,1,1,1,1,1,1,1
27,210,435,3,18,387,58,643,563,1076,363,12,6,574,1036,424,13,48,453 1,1,1,1,1,1,1,1,1,1,1,1,1,1,1,1,1,1,1
18,14,15,6804,3747,3,51,21,31,38,91,427,3240,116 1,1,1,1,1,1,1,1,1,1,1,1,1,1
102,101,4,19,102,101,3,18,14,131,280,696,522 1,1,1,1,1,1,1,1,1,1,23,1,1
18,21,11,1161,715,1453 1,1,1,1,1,1
24,216,57,217 1,1,1,1
24,130,111,44,304,5,310 1,1,1,1,1,1,1
74,14,15,1710,3211,213,27,6,1503 1,1,1,1,1,1,1,1,1
155,57,91 1,1,1
214,14,703 1,1,1
114,111,11,750,26,93 1,1,1,1,1,1
1145,111,44,338,239,3,44,1090,5,694 1,1,1,1,1,1,1,1,1,1
74,14,11,202,7,325,26,490 1,1,1,1,1,1,1,1
192,4,629,4324,14,15,7852,71,428,13,626,3240,116,13,374,504,6660,181,120,76,66,210,87,183,13,27,1376,504,341,3,269,429,154 1,1,1,1,1,1,1,4,1,1,1,1,1,1,1,1,1,10,10,10,1,1,1,1,1,1,1,1,1,1,1,1,1
139,235,13,64,10948,3,1025,104,41,52,86,24,19,203,3,2213,3,5,15,3885,1176,1707,868,24,389 1,1,1,1,1,1,1,1,1,1,1,1,1,11,1,4,1,1,1,1,1,1,1,1,1
18,1499,10,49,15,8076,1325,290,10,356,479,13,2099 1,1,1,1,1,1,1,1,1,1,1,1,1
18,41,52,510,17,103,593,630,6,441,170,65,13,15,839,10,476,5001,24,181,3524,17,6,284,7,2506,181,993,1992,103,556,164 1,1,1,1,1,1,1,1,1,1,1,1,1,1,1,1,1,1,1,1,1,1,1,1,1,1,1,1,1,1,1,1
497,11245,9463,3,229,533,43,4,11245,9463,746,22521,7094,806,4,9462,825,4,22522,843,4,9462 1,1,1,1,1,1,1,1,1,1,1,1,1,1,1,1,1,1,1,1,1,1
