69,49,4,19399,520,359,111,10022,2,1157,5423,600,2,616,4822,946,439,19400,1743,200,307,528,279,10,437,134,950,17,164,1992 39
88,44,34,2,270,2,48,14,4166,34,27,6,1331,7,6,1914,12694,17,23,1992,5,369,959 0
6,34,14,393,2299,37,18,319,31,4843,5,974,17,1735,271,15,451,606 0
68,14,11,4257,27,6,1331,2,48,6,34,14,15,2409,34,36,32,108,3610,19401,554,19,6,4508 0
34,7335,423,6,70,386,1625,404,422,12,362,5217,151,748,17,15,928,5719,290,77,32,575,48,21,31,61,382,10,433,23,3711,10,6486,17,3268 0
290,184,36,11,250 15
9,39,15,250,13,2157,12,6,78,8,638,32,166,436,625,171,2274,44,90,10,6545 0
574,579,91,43,2673,11,10023,492,546,1714,217,11,336,79,967,5,64,275,193,1160,277,27,70,582,143,2,10024,680,12695,10,819,6,422,5599,11,4110,2,760,2655,2,5290,177,192,467,65,134,950,242,36,562,139,36,185,1364,336,143,76,114,1551,1291,119,2423,6857,19402,7,3268,17,259,236 0
40,155,797,945,5,3081 0
108,4881,2,40,1026,23,3711,17,158,12696,4279,1148,426,7,197,217,126,322,119,560,1363,1748,19403,3433,17,500,3407,10025,2,195 0
