69,49,4,19377,12687,303,1315,101,4163,2,5807,12688,101,49,4,19378,30,7,629,391,4,38,29,14,15,1963,200,307,528,104,434,1544,27,140,248,123,146,1282,34,5,388,7,6,52,5060,1197 39
6,29,20,85,166,10,3792,7,34,2,733,5,15,1234,1521,7,4907,7,6,5060,1197,7,6,52,912 0
18,88,87,150,849 0
68,14,11,508,2,11,469,2,11,272,26,402 0
78,89,30,4,18,21,15,30,7,131,1543,81,341 5,25
77,4,131,17,23,81 5,25
137,4,11,334,137 0
93,122,4,870,7,1080,2,296,7,1347,2,372,145,7,723,2,67,94,14,19379 14
122,7,6,5060,1197,166,4907,5,733,7,6,10016,2991,7,6,5060,1197,7,6,52,912 0
18,20,166,10,50,275,502,7,721,7,6,5060,1197,7,6,52,912 0
364,1958,12,189,4,4907,20,8389,65,6,1166,2,647,1973,384,7,4907 0
6,29,20,124,5866,35,1990,219,19380 0
642,9,317,630,712,377,8,4,18,20,874,140,19,2814,1776,22,327 0
7332 0
98,4028,123 0
18,20,85,124,15,4265,1771 0
630,19,377,185 0
1416,19381,1773,12689,12690,2,96 0
12691,19382,19383,597,42,4,1773,12689,12690,2,96 0
12691,232,31,177,42,240,312,232 0
