69,49,4,19384,622,99,5807,4163,512,46,12688,1110,105,2,2682,552,4163,14,15,9731,2,7890,407,13,7939,131,1543,81,2,789,2,5,15,30,7,671,245,2,104,543,15,134,91,561,17,15,318,415,215 3,5,38,10
27,561,18,39,15,717,284,41,505,12,23,602,32,57,32,15,751,6409,41,602,505,2,4903,3069,505,7,284,41,2,5,63,269,751,505,7,284,41 3
27,6,95,84,20,2616,10,126,89,364,19,552,4163 0
136,23,91,561,647,248,236,146,2,18,21,39,11,844,115,7,44,34 0
18,589,19,23,3001,317,4263,447,22,1004,2,230,2,172,2,5,3178,921,32,865,2,32,57,32,23,802,2332,3001 24,19,18,28
93,122,4,18,14,63,463,2,769,528,12,11,180,326 33
23,520,359,53,185 0
226,53,90,10,452 0
91,73,821,135,145,5,212,2,43,246,5,253,28,11,387,2,711,26,766 0
18,21,11,336,79 0
1322,482,15,43,399,212,27,15,145,7,546,2,1000,7,173,2593,2,5,68,53,11,180,3170,142,166 0
3578,4,92,40,126,552,4163,19,23,231,91,322 0
18,21,6544,164,143,76,2,19385,12,1819 1
32,928,32,18,836,1433,19,23,231,89,322,2,92,40,126,10,207,23 0
18,40,808,17,15,437,101,12,647,497,198 0
6813,19386,2,96 0
800,4,12692,827,4,19387,818,4,12692,19388,232,31,177,42,240,312,232 0
