69,49,4,19404,5061,36,1824,12697,308,378,325,49,4,1589,1250,2,19405,12698,19406,2,8391,11724,414,4,4725,7336,5061,46,4,19407,2950,99,2321,4,19408,30,7,156,360,4,38,14,15,8392,762,13,78,89,30,182,19409,1168,2,4107,2,1601,2,52,349,805,2,188,713,2,12699,2,4525,3625,2,4433,2,254,2,104,1263,17,15,437,7,210 10,39,29
16,795,290,38,325,1859,123,146,151,6,1948,2876,286 0
16,416,37,16,222,31,4836,37,84,519,55,4147 0
16,88,44,34,2,255,7,194,2,272 0
16,166,11,5062,26,263,34,13,24,560 0
163,7,213,4,355,66 0
78,89,30,4,32,256 0
77,4,2091,2,184,109,641,2,2941,2,172 18,15
137,4,11,334,624,137 0
424,203,927,4,577,2211,239 0
4064,231 0
93,73,4,6,29,14,12,11,180,326 0
67,94,19410 0
121,14,19411,296,14,368,5,135 0
226,4,90,10,452,193,86,856,2,1223,26,1056 0
91,4,135,145,5,212 0
242,5,114,4,9,35,8,6,529,709,80,14,254 10
797,367,14,10,55,2519,1775,32,57,32,902,496,968,28,278,2,16,21,61,664,6,325,17,1859,10,4028,123,5,84,176,55,251 0
47,2517,10,170,6,2189,7,2577,13,38,325,5,47,909,37,16,126,290,84,19,15,135,1988 0
9,51,8,13,2834,10,3250,927,709,2,16,20,124,577,2211,80,5,16,40,50,15,991,93,191,6,4053 0
4064,53,231 0
3941,1773,10026,2,96 0
19412 0
