69,49,4,19467,2756,3434,605,99,29,4,4725,7336,512,46,4,12700,605,49,4,19468,240,4,12710,440,4,19469,715,139,4,275,384,4,12721,234,4,19470,661,103,134,5061,950,117,460,15,7743,1526,27,6,6258,19,12722,2,13,9108,98,83,12,6,2700,9,19471,42,19472,2,5,6423,42,2065,8 0
64,11213,10,764,12,6,2700 0
16,20,3689,27,19473,1477,2,237,1086,10,5061 0
27,5061,2,29,39,19474,429,2,71,227,8398,76,5,58,12723,62,1159,20,1976 3
32,64,20,11548,103,1526,2,16,20,1086,10,19475,89,538,19,19476,2,819,16,20,19477,5,24,972,139,504 0
27,8399,2,24,5065,129,6261,9,235,105,22,36,354,130,22,8,2,5,3159,7130,12,19,24,19478,6548 0
16,14,1086,168,10,5061,80,12,4629,17,555,2,3145,19479 0
637,4,19480,1526,19,12722,239,10,406,178,406,164,143,76,2,12724,127,254,3299,19481,1526,4664,6548,30,7,309,2469,1168,438,3746,216,1138,3457,632,1227,1705,6371,4,2824,4433,4,7744,3625,4,4525,188,713,740,3142,805,4,54,349 38,13,1,10
103,1111,4107,216,6183,1981,4,3564,2768,13,344,1840,12707 0
181,332,4,1638,1137,335 0
54,8015 0
103,10028,2,5380,77,4,161,2937,204,22,27,1244,165,5473,109,22,27,886,186,2537,10038,190,4346,19482,82,249,235,130,22,82,351,10039,204,35,45,25,5064,697,138,34,459,5473,45,83,22,8400,697,138,914,5,3569,636,501,244,22,19483,697,843,2596,2606,12725,10,6,1270,5,181,8394,59,1038,3744,19484,684,22,1206,12012,5064,697,138,255,7,194,1065,910,2483,758,22,5064,697,138,255,7,194,1552,632,1227,2,3929,823,1252,25,82,1718,210,368,22,25,82,1913,1165,6374,22,25,8400,697,138,2257,1042,9966,5,19485,9966,462,1496,5064,697,138,613,2407,2084,51,1555,25,59,613,2466,5920,9655,109,22,2504,138,613,3117,888,204,22,25,59,3992,5475,19486,2186,19487,25,82,27,1244,137,4,747,990,4,603,587,7,12726 29,19
1100,4,295,1310,1881,4,706,10032,158,430,4,847,2053,4,905,499,4,125,234,2,4291,66,12,790 38
73,4,638,4,276,8401,289,12407,111,19488,574,564,2706,1944,41,628,759,4,436,2,12727,2,4160 14
15,75,3236,9,8402,5061,2,200,2,19489,1032,2,414,2,48,1110,6193,8,202,4,725,2,2354,90,2,966,90,112,4,330,2,11,269,44,4,199,12728,722 0
2181,1056 0
11,856 0
623,4,418,2,11,3458 0
324,246,2,253 0
340,4,133,2,8176 0
2749 0
11,342 0
516,4,3384 0
11,1505 0
323,4,951,1746,5,183,445,590,992,175 0
467,4,1532,790,17,7336,2,4725,8399,12729,12730,1903,46,19490,4,19491,215,1745,772,1904,1412 0
502,190,298,4088,46,9,19492,8,10040,615,12731,54,9,19493,8,11520,654,4937,54,9,19494,8,12732,835,5673,54,9,19495,8,41,530,11645,9,19496,8,1141,665,10041,9,19497,8,8376,698,6342,9,19498,8,550,2526,830,2287,9,19499,8,7897,19500,19501,9,19502,8,41,12733,12734,9,19503,8,41,6549,4360,9,12735,8,41,732,41,2985,72,9,12736,8,41,1675,41,1789,9,12737,8,41,19504,46,3830,8399,12729,12730,1903,46,19505,4,19506,215,1745,772,1904,1412 0
502,190,379,105,9,19507,8,169,331,1792,9,11516,8,169,397,3622,9,9777,8,1421,633,1982,9,1259,8,1421,749,2363,9,19508,8,1421,1688,1689,1680,9,19509,8,1421,215,1745,772,1904,1412 0
502,190,2456,1676,9,1676,8,6528,90,9,90,8,4080,66,9,148,8,2676,66,9,148,8,4081,66,9,148,8,4082,3703,19510,9,4354,8,4083,67,66,9,148,8,1679,2635,9,4355,8,4084,66,9,148,8,8403,66,9,148,8,3885,66,9,148,8,1793,2008,66,9,148,8,19511,293,3881,161,225,839,19512,41,238,7,6,378,293,1469 0
165,11,182,238,12,6,1884,293,1469,193 0
186,7315,1329,12,362,2014,1469 0
1554,4,7344,2339,139,1072,10042,3264,816,721,9,43,8,9,1500,316,108,3024 0
8,1271,676,3024,1636,1562,751,1709,52,3229,3024,1820,1963,9,9465,8,1241 0
9466 0
5343,3024,5344,2356,9,9467,8,794,52,4623 0
3024,6315,1909,9,9468,8,9469 0
5256 0
628 0
9470 0
3706,8028,2038,9471 0
4950 0
5762 0
7059,3706,6316,1163,9,6317,8,9472 0
70,4623 0
3706,4089,854,9,6317,8,786,9473 0
4089 0
3706,9474 0
1673,9475,585,1212,41,9,354,196,41,8,9476 0
8029,9477,891,7060,3706,816,721,12738,4,12739,12740,12741,12742,10043,19513,195,2,19514 0
581,178,28,103,555,28,314,1105,6550,28,314,676,6306,28,8404,1947,4,1316,4,19515,4,36,708,4114,4,183,1947,1329,1681,1194,19516,1169,19517,4346,4140,9271,2435 1
1271,676,68,14,3659,7,6,806,1271,7061 0
68,14,11,160,7,1271,676,4031 0
68,14,11,160,7,1271,2075,42,1947,5,3125,1681 0
52,3229,6,52,3229,14,1425 0
541,676,2,1455,2,5343,306,541,5764,53,3855,48,68,14,11,238 0
6,541,676,14,2371 0
68,14,160,7,617,541,776,42,1947,5,3125,1681 0
52,2037,6,52,719,3894,1118,14,1425 0
6,52,719,653,496,14,2981,4350 0
6,52,2037,14,2256,5682,13,3264,12743 0
6,2124,872,1177,14,1212,41 0
2371,676,36,4566,2,3243,68,14,1947,5,3125,1681,160,7,617,2371,776 0
305,676,2,8229,2,8230 0
68,14,63,12744,2371,2075,1681,1835,10,5259,63,1748,653,94 0
70,2037,6,70,2037,14,31,1425 0
6,70,719,653,496,14,667,43,1238 0
3244,76,5,8030,342,68,14,11,160,7,3244,1205 0
19518,52,118,429,35,8,497,1261,164,143,76 3,1
6,52,1468,14,817,5,21,316,149,7095 3
6,269,14,2256,5938,9,154,36,130,41,8,5,21,15,525,368,41,238 3
6,52,1964,14,5004,1627,6,2273,7274,4622,3383,65,6,269,19519 3
6,3328,1871,21,1006,76,13,15,368,41,717,238,5,15,546,41,751,238 3
6,602,14,1627,5151,5,68,53,70,10,70,3383 3
68,53,368,41,751,5,368,41,525,3606,12,6,602 3
51,8,1105,1990,482,585,7,154,41,2,13,19520,7345,5,786,3198 0
102,8,70,2617,1557,147,4,141,9,11,134,147,1509,17,2666,712,605,8,764,1572,1390,2,269,2,7118,9,2331,3681,8,13,2000,3794,6361,2,8262,2,1535,19521,142,9,4906,47,2,591,2,54,8 0
320,4,19522,661,13,216,7743,1526,5,406,12724,2,1086,168,10,5061,65,8399,12,4629,17,555,3145,19523 0
114,4,623,265,17,555,313,4,126,1318,2,2399,32,865,2,1226 0
64,31,19,211,9,855,495,432,97,950,8,2,40,6145,12,221 18
3523,2147,119,91,162,12,4629,17,555 0
1808,4,12745 0
40,126,235,130,22,5,1318 0
3554,19524,2,82,19525 0
212,4,679,1318 0
4402,1942,138 0
1369,1106,432,134,950,9,314,91,8,2,5,309,299 38
56,10044,138,1070,1285,2,11,3904,2,1311,148 0
56,707,17,5395,12746,8405,56,679,2596,2606,32,865,7910,103,4664,6548 0
216,3176,2,438,2,3746,56,679,2937,5,5473,283,2,5473,138,19526,56,2552,7045,10,3003,972,19527,8405,2,5,5066,5621,2009,56,12745,56,707,1942,56,679,1255,2,1227,2,91,333,3446,56,2990,9,40,6145,12747,7,162,5,838,5372,8,56,300,322,56,2568,4381,4,2119,1610,4,8406,219,1971,4,152,2408,4,5248,10045,4,152,5888,4,152,715,139,4,275,642,4,114,17,555,19,7346,10046,19528,12748,2,195,705,46,19529 0
