69,49,4,19555,4718,3409,303,1315,101,1935,2,5476,4929 39
5946,30,7,629,391,4,6,29,14,15,6384,528,104,14,139,304,132,753,13,30,7,127,5,81,104,279,1360,7,844,255,7,194 5,13
18,39,15,132,753,12,2547,13,30,7,188,132,776 0
18,20,97,265,401,19,1415,1439,17,255,7,194 0
6,29,21,39,2138,1184,5,2450,115,110,17,15,451,123 0
11,272,5,402 0
11,3888 0
11,44,34,26,618 0
78,89,30,4,1180,42,127,2,81,2,904,527,2,832,2,5,2542 5,13
77,4,2622,2,131,2,933,2,517,2,5,397,3694 25
18,14,85,19,235,2,2307,2,5,19556 0
93,122,4,18,14,1285 0
520,359,53,43 0
1161,1304,980,41 0
1153,67,94,14,19557 14
6,1154,67,94,14,12766 14
202,4,43 0
91,4,11,387,26,711 0
226,4,942,193,2,48,11,1106 0
187,4,133,5,375,13,199,300,302 0
217,4,617,904,79,395,722 0
323,4,175 0
489,233,4,1768,401,53,43 0
331,14,4230,199 0
18,20,2917,19,1415,6997,18,14,3099,110,2,393,18,21,504,12,331 0
769,830,14,3013,5,835,7,12182,147,227,399,212,27,980,2,307,52,719,1520,2,5,11,180,142 0
44,810,482,264,188,305,79,5,307,350,70,1079,760,201 0
4327,9,317,440,8,4,6,132,1117,14,401 0
6,1533,21,61,285,13,6,132,1117 0
2809,494,4,1101,118,353,5,127 13
642,9,317,630,712,377,8,4,6,29,14,781,10,55,265,10,6,132,659,2,265,10,58,8412,7352 0
265,12,185,630 0
1416,19558,8413,2594,3140,2,96 0
8414,19559,19560,597,42,4,8413,2594,3140,2,96 0
8414,232,31,177,42,240,312,232 0
