69,49,4,19561,4718,3409,303,1315,101,1935,2,5476,4929 39
5946,101,49,4,19562,629,391,4,255,7,194 0
30,7,629,391,4,38,14,15,1662,200,307,528,104,279,10,1089,13,255,7,194,3115 0
18,21,61,4137,255,7,194,110,13,272,5,402,80 0
68,14,11,30,7,596,2,11,469,2,5,11,263,34 0
18,113,3792,7,106,149,2792,34,48,3307,182 0
18,21,39,188,168,34,17,159 0
78,89,30,4,6,29,21,15,182,78,89,30 0
30,14,182,17,127,2,81,2,5,1101,118,353 5,13
18,14,139,304,488,263,2542,5,225,19563,5,139,304,5478,3580 0
77,4,6,29,14,19,306,77,317,235,2,184,2,517,2,2622,2,1606 15,20
93,122,4,401,6,29,8205,829,3262 0
67,94,20,19564,2,1161,1304,20,1080,4316,2,5,118,145,20,7354,67,94,21,1558,185,136,18,21,61,401 14
202,122,20,43 0
1237,129,1221,2432,193 0
1290,20,90 0
112,20,829,463,13,11,1078,580,1386 0
68,129,199,293,2427,2,11,1059 0
226,39,106,942,19565,7,6,2018,100,5,106,1056,27,6,1912,2,6555,2018,100 0
91,122,604,246,5,253,2,1039,2851,2,13,15,1812,417 0
187,39,306,7018,5,20,133,5,978,2,13,199,300,302 0
68,129,199,243,722 0
217,129,43 0
489,233,4,1768,401,129,43 0
67,848,20,43 0
769,830,20,788,2,835,19566,1153,867,20,1604,2,783,10054,44,810,227,634,1205,5,15,350,52,1205 0
29,74,97,1134,227,63,872,1177,7,284,4316 0
38,1134,20,346,12,1415,7,19567,18,85,39,15,1154,1134,12,1589,7,2601,71,227,63,872,1177,7,1516,4316,2,13,634,287,147,401,227,518,438,12,2489,5,106,476,276,74,12,2849,5,2535 0
399,212,19,147,19568,173,3816,364,1958,12,189,4,12,6,303,441,6,29,20,5894 0
18,20,730,19,1161,2,124,63,172,2,5,730,19,15,921,1685 18,28
18,85,431,106,4250,401 28
18,85,431,15,22,7,1640 0
10047,507,20,2102,7,6,29,74,783,7,2675,2,7355,37,18,39,15,729,743,26,519,411,55,9807,15,729,743,401 2
18,431,219,235,284,22,401,5,4859,214,57 0
18,20,10055,8225,5,23,255,7,194,2646,10,55,573,419,271,151,18,2418,401,12,6,303,441 0
678,494,4,1101,118,353,13,729,743,2,10055,57,5,5899,10,77 2
642,9,317,630,712,377,8,4,6,29,20,265,10,6,1556 0
10047,14,2102 0
18,836,12,185,630,401,5,14,781,10,55,1086,100,10,1556,12,15,1114,434 0
630,27,38,95,14,2964 0
1416,19569,8413,2594,3140,2,96 0
8414,19570,19571,597,42,4,8413,2594,3140,2,96 0
8414,232,31,177,42,240,312,232 0
