69,49,4,12749,1452,723,2,2140,12750,3407,928,2,96 39
4718,3409,89,2243,4718,3409,8407,12751,2,2343,12752,536,4,5476,1935,512,46,5946,828,58,928,4,1152,329,17,2337,552,5476,1935,10,6,132,3137,308 0
47,39,6,1068,7,930,23,19,1452,723,2,8340,361,4815,260,10,8408,23,30,17,1082,1276 0
552,1935,14,15,4293,477,7,4030,13,188,132,353,7,905,1187 0
18,14,1036,159,139,304,2542,17,8409,432,71,63,5395,19530,20,4638 0
18,21,63,1350,30,7,3742,2,565,2,5,127 33,13
18,39,153,19531,5477,2,153,3285,5477,2,5,497,5164,12753 0
10047,1276,53,9876,27,38,95 0
23,77,563,2622,7221,33,2,2798,4112,33,2,787,130,22,33,2,4839,105,22,33,2,7347,2201,1252,33,2,6962,1296,22,33,2,632,1883,1639,190,33,2,4296,2826,33,2,5,2814,1776,22,873 29,20
19,93,122,552,1935,14,15,4293,407,12,11,326 0
23,121,14,19532,10048,2,26,7284,727 0
870,14,43 0
296,14,1580,2351,119,1409 0
67,94,14,19533 14
68,14,19534,10049,5,7348,5947 0
68,14,15,7349,7350 0
6,226,1035,3004,1106 0
562,73,14,43 0
68,53,19535,7,6,181,2563,6,112,2,412,217,2,5,4995,71,53,19536,48,31,3808 0
6,187,14,463,86,782,342 33
68,14,15,2996,832,1744,12,6,197,1756,7,6,187 0
6,217,1035,617,79 0
68,53,363,2026,7,2358,5383 0
12,1246,2,38,4293,407,21,188,132,353,7,884,1187 0
18,113,444,63,656,7,197,445,388,12,4490,13,63,656,7,3742 0
19537,1935,512,46,5946,3351,1452,723,2,2140,6465,6,1754,7,15,19538,7351,110,12,15,188,5900 0
150,1394,6551,563,150,6431,7,188,7351,317,2532,2156,12754,124,6,30,7,5164,12753 0
8410,2,47,1061,37,1018,911,14,31,1683,27,38,95,124,6,4726,1819,7,23,76,5,6,264,328,239,10,23,1782,2507 0
47,285,363,2353,12,132,1181,364,13,552,1935 0
598,18,21,11,89,4488,71,209,19539,19540,26,10050,1018,3028,2,23,565,5,358,1214,1264,13,6,30,7,3742,1029,3028,15,553,19541,4966 33
47,50,1428,552,1935,10,2183,15,6552,121,274,1763,12,1731,10,1723,23,6257,158,10,1375,964,26,3028 0
8410,2,23,893,14,791,11280,7,19542,74,76,2,5,38,454,55,2015,100,108,84,21,31,61,716,937 0
47,50,3355,63,12755,5360,10,268,1831,8411,23,1018,496,5,15,437,1207,12,248,198,1643,95,10,6218,13,3409,19543,5,539,6553,7,15,3653,1241,2199,26,959,7,15,593 0
1152,329,631,428,17,1034,4046,1549 0
12756,2,8412,1647,7352,2,96 0
2833,9696,12757,2,96 0
4718,3409,89,2243,368,5678,518,12751,2,2343,12752,800,4,10051,827,4,19544,818,4,10051,19545,384,4,4675,5366,2,96 0
4435,4977,1287,538,12758,12759,1411,10052,2,2343,12760 0
