69,49,4,19597,6556,378,325,1124,6557,2,5670,8417,12774,234,4,6,29,14,15,3709,200,307,471,13,15,30,7,5687,1543,81,2,127,2,565,5,2474,1240,104,47,4728,80,20,288,265,17,1744,580,1797,5,14,629,17,207,100,7,24,877 5,13,39,33
6,29,74,231,89,167,563,4,161,134,877 0
6,29,20,265,1352,6,123,7,19598,5,19599,576,10,6,3837,7,15,70,197,445,877 0
6,29,936,260,37,16,39,61,448,57,5,1938,87,498,1328,10,24,386,26,150,19600,811,1155,32,928,3435,26,19601,12775,5,16,1989,16,39,61,32,529,32,937,191,6,134,451,236 0
6,29,1989,16,3082,12,6,465,7,6,10058,5,166,2246,12,24,70,6979,5,70,1382 0
16,1209,533,1387,388,7,6,386,5,1195,658,10,6,12776,303,441 0
16,39,197,445,12777,716,71,941,6,2867,7,15,70,197,445,877 0
16,20,265,5,5894,5,237,19602,158,10,377 0
6,29,19603,15,30,37,24,567,39,15,877,27,6,95,7,23,7888,5,1195,15,10059,2147,20,718,664,71,20,66 0
6,29,281,1263,10,260,1360,7,241,70,1382,34,5,388 0
16,416,37,16,20,3353,12,93,364,48,416,37,37,222,31,2640,432,24,144,408 0
6,29,20,85,9828,5,1648,37,47,39,31,7357,170,432,24,144,1682 0
47,2517,10,170,37,47,39,31,61,4352,7,24,141,26,7,24,303,441,101 0
47,1008,192,7,6,19604,8418,17,24,141,10,90,6,1872,37,39,2313 0
165,127 13
6,29,74,937,61,19,7358,317,184,2,2555,6,29,21,31,1620,1047,5698,576,10,15,406,250,5,1195,472,129,2191,288 15
13,15,6560,7,24,1785,2,6,29,74,67,1927,50,61,1400,573,419,338 0
186,2013,696,81,341 5
47,288,321,6,29,19,131 25
16,20,724,17,15,207,100,101,48,2555,222,31,1029,24,101 0
24,131,262,20,4001,432,24,134,950,5,24,231,7786,14,1212,190,7,486,12,6,465,5,462,190,7,135 25
12,6,1485,16,826,109,190,7,486,5,109,190,7,135 25
6,29,113,31,1911,50,15,140,5948 0
92,40,3340,17,38 0
12776,378,325,1124,6557,2,5670,1357,51,8417,12774,93,122,4,520,359,227,15,118,145,7,5632,67,94,4,19605 0
372,145,4,788,5,2284 0
202,4,1237,1025,2,1967,5,1221,10,688,2,2285,1445,175,2,1290,90 0
1657,1405,1130 0
91,4,135,145,5,212,2,43,246,2,253,2,11,387,2,711,2,26,766 0
226,4,90,10,19606 0
187,133,2,375,13,529,300,302 0
217,4,68,20,686,79,7,24,70,197,445,13,182,34,5,15,318,7201,74,2214 0
320,4,35,8,877 0
124,24,231,93,122,2,5,2364,7,134,64,155,136,95,7,377,19,6,10010,2,47,221,4054,15,510,64 0
47,1428,6,29,10,7842,6,386 0
784,699,14,37,6,877,21,31,3884,61,480,5,37,218,24,64,14,31,2327,27,6,156,95 0
47,50,3355,17,6,29,10,207,100,13,12778,2,6,378,325,1436,2,19,3269,17,15,540,155,7,24,64 0
47,52,3715,37,47,454,55,1008,2073,712,3337,6,64,4036,2,47,85,3355,17,6,29,10,6218,13,6,93,19607,17,6,19608,7,15,2611,10,907,13,3283 0
51,8,2013,696,81 5
47,40,887,15,654,374,4036,27,24,400,622,101 0
15,1197,4409,12,6,622,647,497,697,117,1041,14,12779,47,977,38,14,411,1431,251 0
47,40,1195,2562,24,131,262,151,47,125,170,400,223 25
47,40,207,100,13,6,29,400,223,5,1029,87,1633,3361,12,24,77,27,37,95 0
3136,1955,4646,2,96 0
10060,4,19609,19610,19611,19612 0
