69,49,4,19626,150,507,19627,36,1327,605,99,19628,674,4,240,4,6101,9,507,8,440,4,19629,9,378,325,8,19630,4,6101,9,507,8,858,391,1138,415,19631,7,156,360,12791,661,13,15,30,7,3411,2,127,2,254,2,1136,9,19,735,8,2,216,877,9,318,2156,7756,8,2,1407,20,724,17,4516,700,162,19632 5,13,10,39
17,24,4874,2147,2,6,29,39,15,415,2148,73,19,19633,37,20,686,17,15,12792,2087,7,634,3043,12,6,751,5,1638,786,5,4368,4592,37,20,2892 0
32,15,772,2,6,29,20,926,10,58,6101,104,701,6,29,12,308,19,6221 0
124,6,29,74,328,811,5,318,415,215,2,6,29,20,724,17,70,5,52,118,561,19,6,107,7,141,13,6,114,10,3983,24,700,162,108,16,3636,15,369,5,1687,473,364 3,32
19,6,1485,158,10,24,561,2,16,39,964 0
6,29,1007,10,6,429,282,819,16,20,514,10,50,63,368,41,505,7,6,19634,393,15,7086,369,20,730 3
117,429,2,6,29,20,321,19,211,1017,25,82,5,473,9107,13,2881,25,98,35,237,1541,25,82,4204 18,32
16,20,85,124,1855,5026,25,98,35,17,63,1060,7,19635,7,213,66,820,32,19636,89,30,161,3411,9,374,3297,2,527,8,165,127,186,254,249,1136,9,19,735,2,103,1663,8,351,216,877,98,51,75,1179,28,385,98,35,9,318,2156,7756,8,459,1407,636,216,876,332,480,42,403,19637,348,843,565,1038,685,1065,103,181,593,65,700,10,337,17,3505,1552,103,2936,7,248,853,19,157,337,17,19638,211,925,25,82,2089,547,1456,25,82,6990,2881,25,59,131,857,8419,405,506,210,1668,25,506,131,3148,19639,1759,3232,5276,25,82,1606,1087,1674,25,82,3686,12793,25,291,1342,446,25,82,19640,11761,25,873,138,6373,2503,683,25,138,3268,491,25,82,771,677,768,25,82,19641,2063,2,10063,2,19642,30,14,3048,17,603,27,474,159,7,439,104,21,39,592,5,878,332,268,271,462,159,146,5,21,188,409,76,281 24,5,23,25,19,13,18,29,6,10,20,33
24,477,587,27,1678,159,7,439,117,63,3228,1388 0
248,3664,50,61,19643,42,5192,2,153,42,6487,2,5,153,42,63,905,19644 0
6,29,267,460,109,726,5,1250,2841,2,497,7,24,726,50,19645,30,994,19,3926,5,937,2015,17,8391,8420,4062 0
16,14,31,924,48,21,61,1308,13,24,19646,503,17,2372,19647,1881,4,430,4,2053,4,520,359,276,492,111,574,651,1048,19648,73,224,893,436,2,779,2,463,202,1623,2,725,2,570,2,5282,6233,2,966,90,2,19649,330,2,11,269,2,11,920,2,11,229,2,171,625,44,199,4831,3770,2,1398,2,11,10064,3561,418,2,246,253,2,11,1058,2,11,19650,1381,2,5756,2,11,3373,2,11,4323,10065,19651,11,1505,2,171,8421,2,171,967,2,171,19652,15,75,1179,28,985,98,102,9,1083,2,2902,2,95,8,2,1444,863,2,2775,988,2,2889,192,217,2,466,992,19653,11,3499,1113,10066,11,19654,12794,1060,1624,6221,19655,2,335,2796,3081,1163,2,3190,462,2,935,1710,2,1497,3167,867,6827,19656,75,695,28,8422,75,879,28,19657,1060,19658,1011,147,4,764,19659,2,11,3170,142,9,869,65,158,8,415,2148,4,6,29,74,19660,215,457,53,1138,5,557,13,15,9289,4283,2339,7,634,9335,4303,19661,2087,12,6,2270,7,63,3132,164,19662,5,114,12791,661,13,15,30,7,565,2,81,2,127,2,254,13,15,318,4874,415,215,110,103,91,561 5,13,10,39,33
46,623,9,47,8,4,6,29,39,63,1138,415,215,5,14,110,103,91,429 3
36,2408,36,945,5,374,12,221,36,211,2,473,2,1226,2,1318,36,539,6,736,7,63,1918,1540,124,30,7,81,46,1136,4,19,6,1485,158,10,429,6,29,39,735,5,40,50,735,1775 18,32,5
36,132,2102,36,126,3686,2,3232,46,120,4,97,374,20,3297 5
36,155,374,12,221,36,857,19663,405,506,2,3947,5480,405,1759,2,3947,2448,1759,261,1090,46,127,4,36,126,1606,5,556,46,254,4,36,155,945,12,221,36,126,210,2,3268,2,19664,46,1407,4,4516,162,110,2119,136,29,14,103,369,5,19,1633,473,36,1292,138,36,19665,138,46,216,877,4,281,19,493,48,8281 24,23,25,19,13,29,10,20,32
6,29,431,5026,25,98,35,12,6,429,282 0
36,207,1060,82,36,126,140,493,46,2009,4,36,19666,333,46,3446,4,36,19667,8182,19668,12795,9,182,150,8,19669,139,275,715 0
