67,54,4,22665,7474,281,297,424,7475,3,4805,14387,30,7,61,328,4,40,20,6,671,281,297,224,112,17,40,22666,1879,358,13,15,30,7,4069,1048,71,801,15,87,183,3,1515,19,8882,108,1249,946 1,1,1,1,1,1,1,1,1,1,1,1,1,1,1,1,1,1,1,1,1,1,1,1,1,1,1,1,1,1,1,1,1,1,4,4,4,1,1,1,1,1,1,1,21,1,1,1
98,13,15,30,7,1303,106,356,19,913,279,1249,946 1,1,1,1,1,7,7,1,1,39,1,1,1
17,6,99,87,3,75,16,1285,99,3097,3,121,132,468,12,517,225,6,99,267,10,544,113,16,21,68,46,1805,13,118,616,5,555,3,5,16,14,4684,37,23,366,14,115 1,1,1,1,1,1,1,1,1,1,1,1,1,1,1,1,1,1,1,1,1,1,1,1,1,1,1,1,1,1,1,1,1,1,1,1,1,1,1,1,1,1,1
16,258,37,225,6,99,267,26,544,113,3,16,299,10999,5,14388,5,1770,22667,7,691,96,43,131,555 1,1,1,1,1,1,1,1,1,1,1,1,1,1,1,1,1,1,1,1,1,1,1,1,1
16,631,37,6,678,84,57,712,1870,43,6,555,3,5,6,555,14,712,1307,13,7295,12,108,435,10,62,552 1,1,1,1,1,1,1,1,1,1,1,1,1,1,1,1,1,1,1,1,1,1,1,1,1,1,1
16,109,162,10,15,30,7,1725,51,258,37,12,6,80,23,1725,46,68,681,312,170,306,40,3,693,6,678,9114,14,244,1075,10,23,356,1725,9114 1,1,1,1,1,1,1,1,1,1,1,1,1,1,1,1,1,1,1,1,1,1,1,1,1,1,1,1,1,1,1,1,1,1,1,1
16,258,37,16,20,221,12,6,318,702,19,22668,3,27,75,85,677,242,15,951,2587,75,20,223,1847,3,5,677,933,201,10,468,10,40,987,27,40,85 1,1,1,1,1,1,1,1,1,1,1,1,1,1,1,1,1,1,1,1,1,1,1,1,1,1,1,1,1,1,1,1,1,1,1,1,1,1
16,90,88,249 1,1,1,1
16,109,46,15,95,279,948,140,1001,5,16,162,10,301,1408,7,1684,85,15,421,225,6,99,544,113 1,1,1,1,1,1,1,1,1,1,1,1,1,1,1,1,1,1,1,1,1,1,1,1,1
16,98,21,68,640,7,446,267,26,544,85,15,113,225,6,99,267,10,544,113,3,75,14,4851,12,1692,97,88,63 1,1,1,1,1,1,1,1,1,1,1,1,1,1,1,1,1,1,1,1,1,1,1,1,1,1,1,1,1
16,21,11,300,26,375,26,88,249,3,5,16,21,636,38,147,13,446,166,40,12,6,80 1,1,1,1,1,1,1,1,1,1,1,1,1,1,1,1,1,1,1,1,1,1,1
23,80,39,30,14,376,703 1,1,1,1,1,1,1
1215,4,16,109,46,15,30,7,2952,1229,3,5,477,16,20,770,649,223,175,87,183,3,16,1295,949,6,318,702,13,48,34,5,20,933,37,40,20,507,10,2291,7,1133,10,23,130,66,6,2952,3,159,75,85,16,21,68,157,2952,681,602,1041 1,1,1,1,1,1,1,1,1,1,1,1,1,1,1,1,1,1,1,1,1,1,1,1,1,1,1,1,1,1,1,1,1,1,1,1,1,1,1,1,1,1,1,1,1,1,1,1,1,1,1,1,1,1,1,1,1,1,1,1
16,90,88,699,157,3,5,16,728,541,206 1,14,14,14,14,1,1,1,1,1,1
16,14,137,6307,5,245,13,23,573 1,1,1,1,1,1,1,1,1
16,14,2159,308,13,175,2159,4776,5,90,88,174,341,709 1,1,1,1,1,1,1,1,1,1,1,1,1,1
150,30,4,23,150,30,14,639,17,15,4299,13,71,5,106,3,573,13,130,76,5,661,13,30,7,567,399,3,121,14,137,299,584,340,425 1,1,1,1,1,1,1,1,1,1,1,1,4,1,7,1,1,1,1,1,1,1,1,1,1,1,1,1,1,1,1,1,1,1,1
23,13928,1020,583,7,1073,4035,5,23,5392,1020,14,3138,5,60,97,88,39,147 1,1,1,1,1,1,1,1,1,1,1,1,1,1,1,1,1,1,1
102,101,29,16,14,15,131,280,1879,358,12,11,199,342,13,140,7,5376,842 1,1,1,1,1,1,1,23,1,1,1,1,1,1,1,1,1,1,1
63,94,9272,12,6,70,303,5,22669,12,6,53,303 1,1,1,1,1,1,1,1,6,6,6,6,6
133,145,27,223,3293,227,20,639,17,44,2447,97,88,202,7,71,1082,26,106,1082 1,1,1,1,1,1,1,1,1,1,1,1,1,1,1,1,1,1,1,1
1239,20,91 1,1,1
16,38,11,879 1,1,1,1
23,48,20,91 1,1,1,1
23,567,111,11,240,26,261,3,5,23,14387,130,327,143,44 1,1,1,1,1,1,1,1,1,1,1,1,1,1,1
23,214,20,280,3,152,3,396,3,97,88,1128 1,1,1,23,1,1,1,1,1,1,1,1
3188,4,44,3,13,100,2880,154,3,5,23,779,77,20,44,1256,13,2626,565,1883,269,554 1,1,1,1,1,1,1,1,1,1,1,1,1,1,1,1,1,1,1,1,1,1
273,77,20,204 1,1,1,1
192,5,104,4,176,4069,1048,71,13,284,116,7,118,366,27,40,85 1,1,1,1,1,4,4,4,1,1,1,1,1,1,1,1,1
41,144,15,772,63,366,1560,495,35,60,35,15,733,398,3,5,208,118,23,8882,10,141,1249,946 1,1,1,1,1,1,1,1,1,1,1,1,1,1,1,1,1,1,1,21,1,1,1,1
16,41,52,510,10,15,3063,17,353,179,35,60 1,1,1,1,1,1,1,1,1,1,1,1
178,106,4,1303,106,27,40,85,650,254 1,7,1,7,7,1,1,1,1,1
50,41,827,23,63,94,12,15,113,10,267,113,3,5,134,92,14,464,1303,27,37,85,3,41,96,344,13,15,10732,353 1,1,1,1,1,1,1,1,1,1,1,1,1,1,1,1,1,1,1,1,1,1,1,1,1,1,1,1,1,1
195,565,1883,269,554,4,208,52,66,23,446 1,1,1,1,1,1,1,1,1,1,1
50,41,299,15,554,587,5,1117,78,364,159,6,446,14,828,17,267,10,544,113,3,5,96,92,27,40,85 1,1,1,1,1,1,1,1,1,1,1,1,1,1,1,1,1,1,1,1,1,1,1,1,1,1,1
253,28,1066,2954,154,4,5,2954,1331,20,138,27,40,802,3,5,15,154,41,52,2543,3,5,50,41,745,201,6,295,186,92,14,188,3,693,50,190,37,16,14,244,266,341,27,40,85 1,1,1,1,1,1,1,1,1,1,1,1,1,1,1,1,1,1,1,1,1,1,1,1,1,1,1,1,1,1,1,1,1,1,1,1,1,1,1,1,1,1,1,1,1,1
2860,22670,3681,3,107 1,1,1,1,1
1227,4,22671,22672,22673,22674 1,1,1,1,1,1
