69,49,4,19670,19671,2,19672,2,3412,30,7,156,360,4,6,29,14,15,4293,345,13,15,30,7,3381,132,76,19,2508,2,30,7,164,143,76,2,81,2,127,2,5,877,19,493,104,774,12,10,6,1087,490,16,21,288,3259,964,1207,5,16,404,264,263,5068,5,255,7,194 1,5,13
16,1660,37,24,603,21,61,2300,2,393,16,21,61,10067,15,182,1521,7,95,4221,170,5,490,7,37,39,15,1396,964,19,3269,5,3259,24,3917,964,2099 0
80,14,3640,5,16,1916,1302,964,19,3640,32,57 0
151,47,963,108,16,21,61,460,44,34,2,16,687,16,21,31,39,44,34,2,48,16,222,50,15,10068,12,24,44,37,2731,2219,5,20,31,9736,13,87,969,26,993,7,6,34 0
1242,16,20,4630,890,6,189,2,16,39,11,44,34,151,16,20,8215,2272 0
16,113,977,610,264,255,7,194,5,932,151,16,1404,1013,2,48,16,1886,37,490,7,264,1971 0
16,21,39,11,596,26,469,2,11,1251,2,11,272,2,402,5,11,435 0
78,89,30,4,3381,132,76,19,2508,2,164,143,76,2,254,2,1407,2,81,2,877,19,493,2,127,2,876,332,2,2474,1240,5,685 1,5,13
78,545,30,4,1241,2199,12,12796 0
179,30,4,11,671,2,1600,554,5,847,2883,245 37
128,30,4,592,332,5,878,332 0
163,7,213,4,32,2632,12,234,2,355,66 0
77,4,177,2,361,125,6,1363 0
137,4,563,19673,5,635 0
93,122,4,870,7143,2,118,145,2040,2,372,145,1537,2,67,94,19674,5,651,1304,204,41,19,674,662 14
6,29,14,1040,2,413,2,4154,12,991,4581,2,479,10,55,829,3262 0
2918,4,1125 0
112,4,43,10,5481,2,330 0
44,4,90,10,452,193,2,11,1056 0
562,4,135,145,5,212,2,11,387,2,711,2,26,766 0
187,4,839,1386,2,133 0
11,900,277 0
181,14,175 0
217,4,11,197,445,388,26,79,2,11,1382,277,193 0
5069,4,646,1094 0
1478,1738,591,814,2097,2415,5,175 0
11,731,26,1099,1479 0
672,14,43 0
303,441,408,4,6,29,431,63,147,2,71,227,43,399,212 0
11,182,518,26,276,1113,2,11,182,5715,276,1672,53,557,13,24,498,147 0
1868,891,44,810,227,11,160,7,180,4511,4237 0
316,258,71,4717,962,129,801,2,71,227,15,835,7,5674,2,2190,19675,5,769,830,7,19676,92,1074,1026,13,6,132,1117,104,909,37,92,2029,964,434,6,964,1045,411,1720,5,92,549,37,84,20,4677,17,38,29 0
24,633,20,31,168,27,6,95,37,16,52,6,441,2,278,2,16,20,57,1019,5,39,11,4583,19,6,707,5,92,880,37,24,10068,44,466,14,214,3102,17,91,3734,2,31,537,2,393,92,40,4025,151,16,774,168,5,218,155,15,1154,783,10,55,1769,37,38,14,2081,10,55,180,164,740 0
117,16,52,6,441,2,1317,258,1493,168,563,1060,7,3080,5,15,5219,1508,15,397,7,3116,2,15,633,7,3322,2,15,749,7,2197,2,3694,7,1250,2,379,7,2501,2,331,19677,2,358,7,9093,2,867,7,5723,2,783,7,553,271,3510,2,442,4088,2,1531,7,3006,2,5,1042,7,2987,5,7848,1008,6,132,1117,104,20,2102,7,6,251,633,5,50,6,29,19,6,707,12,6,964,1045,5,2738,10,1815,170,68,4086 0
428,117,6,964,2,6,29,40,808,10,6,303,441 0
92,40,4025,108,115,5,125,1550,16,404,2,155,15,1154,91,785 0
108,16,404,2237,504,5,16,589,10,50,11,44,34,2,92,977,37,24,115,53,218,3102,17,180,164,740,5,92,85,1008,37,38,20,31,180,164,740,108,248,4045,53,31,251,5,16,40,55,382,10,207,100,5,2296,24,135,964,1384 0
763,494,4,1131,2509 0
576,494,4,3381,132,76,2,19,2508 0
642,4,548 0
361,125,189,99,17,241,189,408 0
38,20,15,10069,101,13,427,312,2,58,19678,19679 0
526,8423,2,3412,96 0
495,4,12797,276,4,12797,597,42,4,8423,2,3412,813,19680,1852,232,31,177,42,240,312,232 0
