69,49,4,19712,507,12798,424,538,581,17,101,4,44,34,2,13,334,2273,505,605,17,91,429,12,221 3,4
957,30,4,449,2253,307,345,104,14,265,13,280,696,44,34 4
64,21,15,299,7,182,2787,955,12,19713,6297,971,19714,1843,332 0
432,233,7,1843,332,2,205,604,5483,7,541,593 0
297,247,7,2158,2,64,543,545,955,7,5483 0
19715,64,39,2794,545,955,7,6,5483,2,1180,42,15,10076,1966,13,15,1344,783,7,10077 2
19716,704,346,1508,585,7,546,41 0
19717,429,4559,6343,43,2,269,130,41,238,117,3205,2,1204,41,238,27,5663,7,3205,5,2273,368,41,27,6,9926,7,5253,13,546,41,2777,5253,505,2,5,602,11450,13,11,182,76 3
490,64,20,31,460,87,115,7,714,2,6,1941,20,1074,31,10,9106,19,6,2273,505,5,10,415,6,64,27,15,1209,49 0
281,64,14,10,3363,522,7,24,1843,332,13,2158,5,993 0
80,64,20,10,50,24,523,522,2,48,1312,460,44,34,5,20,718,10,6,1087,17,241,233 4
288,17,6,78,497,123,2,64,267,19,5,664,44,34,2716,3063,697,13,19718,10,1288,5,52,349,27,468,5,19719 4
11,19720,115,7,270,26,969 0
64,1447,16,20,460,2366,115 0
12,6,1087,2,147,227,149,891,518,438,12,9674,2,1153,783,148,5,44,34,1359,13,153,1160,12806 28,4
652,321,5,64,1086,34,739,10,507 0
712,1367,2,64,39,153,656,7,44,34,2,147,227,11,180,142,2,44,34,1359,13,153,1160,12806 28,4
78,89,30,4,2434,1076,238,1018,2659,116,2787,955,19721,1601,878,332,19722,2,5414,409,332,5041,19723,2,3038,77,27,140,4,607,491,59,184,521,82,211,925,82,556,768,59,1266,390,82,473,1541,82,137,4,1146,219,19724,388,624,1146,19725,19726,1214,128,30,4,603,587,9362,1909,409,332,477,587,9362,1749,1202,587,7,1018,353,179,30,4,924,5,994,9197,19727,4557 5,19,13,18,29,15,30,32
21,1859,4692,726,5,497,2841 0
1591,17,1893,159,2,6527,5,706,12,6,105,74 38
88,87,430 0
163,7,213,4,88,87,1274,2,551,2,901,19728,2,892,26,1232 0
88,87,44,34,2,270,2,618,2,26,9309 4
19729,87,270,2,250,2,26,572,1417 0
88,87,340,34,2,272,26,402,2,2126,26,4731,1962 0
88,87,19730,13,2438 0
88,87,394,2,803,2,26,1839,12,6,12807 0
93,122,4,1602,4,12275,1669,4,284,2121 14
145,4,105,738,41,19,1391,1742,5951,4,2791,1750,4,11,180,326 0
2302,4,11,690,2,822 0
1978,4,483,1751,4,625,171,86,229 0
487,11,1078,580,1386 0
1670,4,90,10,452 0
1515,4,135,145,5,212,2,43,246,5,253,2,13,11,1093,26,970 0
68,129,11,387,2,2844,26,711 0
12808,429,166,10,6,70,19731 0
1671,4,43,300,302,2,133,5,375,2,13,11,953,26,342,1139 0
1635,4,11,673,2,720,26,79 0
171,582,243,86,229 0
225,6400,6443,166,13,12809,2234,2,775,2,495,2,47,13,11,2184,5,11,4908,26,229,166 0
171,904,243 0
2723,4,15,75,985,1094,2,7870 0
147,4,11,180,518,142,2,43,1000,13,199,157,1278,1607,5,456,19732,518,438,12,2717,5,2489 0
1786,134,258,4,1825,49,649,524,824,689,379,804,770,335,1178,22,5952,1604,2123,2197,5693,1200,1571,5310,3897,3509,2231,91,785,49,2383,5952,66,902,5,1843,785,49,1434,1437,1497,1712,935,1465,1438,3249,3100,2496,5952,2127,3261,1580,1435,1303,1680,1893,1211,2361,19733,2784,1532,49,266,615,298,443,41,8433,2585,41,1637,41,732,41,1675,5952,8434,19734,3101,6827,19735,259,259,515,10078,903,2875,49,64,1046,1069,5952,5886,1789,1049,150,49,458,530,665,698,666,2914,41,4732,41,4733,1513,1458,5952,4363,1580,10041,4705,7211,431,152,152,10078,19736,4916,49,2664,2130,12810,41,897,2662,2663,2661,41,1753,2584,1081,5952,152,152,2601,934,11650,2748,19737,1258,7043,1192,10078,242,5,114,4,449,2253,307,345,13,19738,1843,332,104,14,103,5483,955,5,13,2273,505,104,14,460,2477,714,2,1153,783,66,5,605,17,91,429,12,221 4
114,4,605,10,507,281,19,211,5,473,2,40,126 18,32
126,1047,2,379,5,1103,918 0
126,1318,2,492,5,111,57,425 0
40,1752,91,785 0
1222,17,91,429,12,221,2,64,40,3602,1146,2,40,3083,19739,13,25,517,5,10008 0
64,13,134,545,955,7,5483,13,225,19740,7,582,1469,2,1970,7,19741,3737 0
1341,5,1546,470 0
40,126,652,5,2448 0
64,21,12808,429,2,40,55,10079,119,1811 0
7,99,2158,4021,795,12,1087,5,1808,166,27,5231 0
58,12811,8435,640,17,1843,332 0
241,6491,119,240 0
19742,12812,2,2423,681,809,42,8436,12812,2,2423,1655,139,4,678 0
