69,49,4,19681,12798,424,538,303,441,69,29,4,4170,2,2462,485,4,19682,2321,4,19683,3716,4,661,4729,315,4,19684,19685,852,1741,4,3662,10070,95,29,201,19686,858,391,773,10,2894,98,51,123,234,449,345,774,12,1360,7,406,34,12,24,52,700,5,1726,13,572,650,2894 39
416,6,34,14,393,3176,16,14,773,10,974 0
16,21,15,30,17,878,332,13,2107,19687,10,6,409 0
20,201,42,24,440,38,223,32,57,32,42,949,16,21,61,1501,100,17,63,691,17,400,4730,48,6,34,14,573,932,80,2,16,774,401,17,233 0
16,88,87,876,26,300,1037,16,88,87,1328,10,24,168,26,882 0
21,39,105,946,616,274,288,1545,120,2,251,367,2,127,2,8424,2787,955,2,878,332,2,409,3038,2,132,2659,2,2292,162,257,210,2,607,2,184,2,172,1146,152,499,2050,11,825,121,274,26,1313,2,713,2,508,2,469 5,13,18,29,15,10,30
3413,11,901,142,2,571,2,1274,5482,11,895,274,2,2540,2,1809,2,3508,2,3498,2,572,2132,2,802,571,2,2757,2856,11,3071,2,1106,2,366,562,11,44,34,2,396,2,702,2,655,8425,125,234,181,11,690,2,3121,323,11,3861,2,10071,2,93,73,224,436,2,413,646,2050,125,1476,586,2856,90,10,452,5,1043,2,11,942,2,856,26,1223,562,135,145,5,212,2,43,246,75,253,2,11,387,2,766,26,711,4436,133,375,1031,168,12799,11,277,2,382,10,273,2648,2691,10,365,7173,2,6299,2691,10,105,7173,2,773,10,2103,765,974,19,54,386,2,19688,10,882,175,2,2261,74,5390,6561,286,2,12800,148,2,773,10,616,8426,19,54,386,239,10,19689,34,2,812,73,324,1419,5,466,36,12801,181,11,484,2,11,571,7,6146,810,3903,700,2,2636,4970,2761,54,700,2,5070,2,2636,2,7800,929,36,7992,1796,11,19690,3578,54,386,34,36,285,13,240,2,299,5,73,1208,5204 0
34,425,12,6,1087,13,1640,5,1895 0
16,267,16,209,31,1897,15,3887,691,3115,1242,13,5865 0
68,53,11,1711,1904,3115,17,12122,19691,5,40,377,13,34,560,5,207,100,13,24,1384,7800,929,691,12,1720,3595,19,19692,6406,3662,3898,189,240,312,99,234,125,1162,99,17,275,885 0
1924,2,38,29,21,30,7,168,34,2,54,3138,5,386,34,17,71,16,21,61,724,17,63,4212,1720,691,400,223 0
6,34,20,932,12,6,97,451,123,1155,37,16,21,39,572,748,239,10,34 0
16,113,31,50,87,394,26,803,11,274,7,338,7,300,26,876 0
11,3747 0
21,299,7,878,335,71,1758,9880,170,27,328,17,929,2754 0
499,355,148,973,125,1476,586,385,125,1162,99,17,275,73 0
899,73,4,15,75,985,1094,2,951,3193,175,2,731,1028,192,516,2,466,175,10,688,1014,722,2,324,672,2,43,7914,193,2,148,3441,3165 0
64,267,37,117,460,431,34,560,16,14,110,382,10,974,2,9932,16,20,841,2085,38,1485,151,16,523,2418,490,16,20,12,1431,573,34 0
89,1941,2505,189,408,19693,19694,19,188,252,168,5,52,3138,34,2,110,504,117,34,560,12,6,189 0
6,29,21,11,899,1479,27,38,95,5,14,382,10,974,86,2262 0
124,6,29,74,30,7,878,335,2,16,1758,692,241,8006,233,7,24,929,10,1514,17,2754,5,454,2110,691,10,1021,17,2028,76,32,57 0
64,20,3704,691,80,2,278,16,14,8427,16,319,31,1897,15,19695,3887,691,9,16,21,1880,297,13,77,8 0
124,37,6,29,113,31,50,87,899,1479,2,84,14,4677,17,170,10,55,874,140,19,63,504,34,322,13,577,12014,32,57,5,356,13,24,2052,724,4212,1720,691,400,223 0
64,5,128,4836,10,808,108,64,3814,87,899,115 0
630,19,377,185,2494,168,34,163,2762,47,50,3402,201,5,755,6,29,5,941,6,427,74,122,2,177,5,1061,13,6,427,74,2105,7,30,2,5,285,6,233,2,114,7,203,5,642,7,6,29,13,6,427 0
38,99,21,61,809,681,42,3662,10070,2,195,19696,19697,852,979,1783,3581,12,6,189,99,563,4,5949,5429,9,62,8,3662,10070,2,195,19698,12801,2,1162,19699,7348,2,1162 0
