69,49,4,19700,1091,244,2,8428,9,1153,622,99,8,2462,4170,4,16,14,15,449,200,307,471,104,14,926,42,58,19701,12802,7,19702,17,1524,995,15,911,8429,2603,12,6,392,7,6,4273 0
16,1249,533,106,9131,311,34,12,24,70,412,2209,71,16,1185,32,12803,259,26,481,236,146 0
2147,237,2054,908,13,15,205,609,71,47,177,48,273,31,50,6,1901,444,19 0
38,482,15,693,12,6,392,7,6,4273,19703,5,2112,19704,6,8430,1107 0
16,21,31,39,87,2403,5,113,31,50,87,228,12,24,300,10072 0
15,1687,8431,1575,122,6516,6,693,12,6,392,7,6,4273,13,2498,7,8430,1107,12804 0
1104,3265,2235,21,941,2603 0
6,693,4901,14,173,51,601,12,3207 0
24,128,30,113,31,563,87,1843,332,48,24,603,39,409,332 0
16,88,309,2,1785,48,2590,42,748,173,83,123,15,223 37
24,78,545,30,1128,15,1466,7,63,541,1440,12,7338,2,1601,12,7338,2,5414,17,332,12,6847,5,1466,7,15,409,332,12,11323,24,231,77,563,210,446,15,107,2,607,521,497,511,15,107,9,16,21,61,290,84,17,259,481,159,8,2,184,521,15,107,5,15,3335,172 18,29,15,30
16,14,1660,10,55,2665,10,19705,5,6,3602,1109,17,4793,2145,9,6,6110,20,1249,19706,6180,388,19,6,107,640,15,4793,609,36,36,84,14,884,1092,6,248,53,741,8 0
24,163,7,213,85,1128,3270,2659,5,1076,238 0
16,21,39,106,149,134,121,274 0
16,88,115,7,118,76,2,899,76,26,372,76 0
24,163,7,213,14,355,483 0
47,880,16,14,31,15,2380,17,2934,545,1466,27,38,95 0
13,6,584,557,13,8430,1107,12804,2,16,454,523,55,480,13,5950 0
16,176,55,15,2380,17,1687,162,2,1664,31,1466,48,2112,19707,993,364 0
47,19708,2517,38,10,170,2,24,503,5,567 0
117,3468,6,3286,12805,92,50,2738,10,50,170,1121,12,6,19709,332,308,17,522,2788,17,5950,2,13,2429,7,1687,10073 0
16,774,65,8432,6539,5,1664,209,4624,10,50,24,522,19710,286,27,6,8432,6539,424,538,12,2903,13,1089 0
38,1044,791,2401,5,92,40,2029,10,1501,37,100 0
47,40,85,433,15,10074,80,5,114,10,125,170,27,6,6310,7,24,5950 0
47,2251,1280,606,12,1524,5,2903,7,203 0
19711,4416,10075,2,96 0
