69,49,4,19872,12851,121,538,1280,12852,1142,2,19873,1032,7367,2,1691,12853,2746 0
12854,3271 0
12855,1153,89,1524,437,926,42,4,58,8451,8452,2,12856,2,9,440,14,1707,6567,2,6969,8,17,5044,233,7,565,5,2429,7,522,2353 33
29,14,537,1121,7894,42,15,3046,5,15,10112 0
12857,234,4,29,14,15,1324,200,307,345,2,13,121,4,10126,9,5328,5830,8,727,2289,4,1174,3542,3036,4,173,1212,36,354,12937,5,13,8453,1294,32,3688,944 33,34
1468,1446,173,121,563,4,403,47,221,12858,5,335,841,1171,348 0
64,687,16,335,841,1171,1041,117,2347,852,2,1302,12859,2,1996,2,2071,2,4794,2,9,20,124,9770,5,1286,138,17,38,2,5,21,504,1039,12860,41,8,2660,1973,12861,7,3677,1349,119,107,2,2660,32,5254,32,16,404,2,2742,17,931,831 0
5067,16,40,273,3196,1996,2,5,1822,12862,15,403,12863,348,10,907,12864,2272 0
21,2469,2,14,12,403,2945,1120,348,110,2,13,12865,7,362,10113,5,5486 0
21,12866,195,2,4440,24,1923,741,10,403,1344,1713,7368,348 0
39,7244,1785,534,4159,51,831,146 0
7271,17,51,123,151,5732,890,5486 0
4728,10,245,8454 0
4728,10,10114,5486,3256,19,2,8247,2,553,301,17,535,2,12867,988,2,10067,9226 0
503,3312,3506,38 0
12868,781,12869,2,12870,10,12871,2,748,2,4154,10,5257 0
6568,108,8454,1081,319,500,17,1041 0
15,1583,1081,14,10,245,614,4851,1618,26,12872,6430,71,50,2015,10,12873,24,5487 0
4728,12874,14,7297 0
4023,10,12875,42,477,27,439,1913,12876,2,12877,2,12878,12 0
89,12879,1029,170,977,6,1140,2018 0
21,21,39,4154,364,17,430,2,578,17,7297 0
1886,16,176,301,364,13,616,274,1763 0
280,299,4,448,57,13,19874,1353,5,1546,9,177,586,8 0
151,2250,1822,1341,17,9607 0
2556,403,12938,348,7292,4,866,107,12939,852,1302,3377,2,19875,2,1996,2,5487 0
19876,119,19877,37,3559,403,286,7,9722,348 0
1880,1889,2,19878 0
2660,11864,12940 0
209,621,3196,10,2543,1077,432,37,95 0
21,1880,5458,7,1618,27,6,95,2,176,500,17,170 0
134,19879,4359,17,1567,168,34 0
6139,19880,10,907,17,12941,831 0
549,403,621,15,280,471,348,8465 0
20,936,84,14,110,1691,10,352,2,21,321,352,27,5753 0
3123 0
12,19881,10,748,4667,9,31,4076,8,51,3129,793,15,107 0
110,51,913,14,102,511,15,223 0
85,12942 0
206,158,208,321,3844,2,1886,84,74,4221,12880,24,5487 0
40,50,4359,746,17,34 0
121,30,4,696,7,12881,4,12882,12883 0
1818,4159,3117,8455,121,4,12884,354,6351,9,2942,1224,1510,13,3239,2156,5,124,517,8,408,2,12885,5,12886,7,121,1313,4,12887 0
1376,616,12,7369,2,12888,27,6569,46,2,38,616,4159,12889 0
616,1313,696,174,3840,2,64,12890,2,362,6570 0
5458,7,7947,5,996,191,6,159 0
553,95,17,6239,996,32,1236,12891,42,24,859,3818 0
2476,1212,46,19,517,98,183,831 0
2476,105,46,191,97,931,831,174,12892,1041,32,256 0
128,121,299,4,600,20,12893,621,64,2,661,738,46,5,519,403,12894,87,471,5,578,2476,616,348 0
1041,1183,4,12895,314,420,1041,314,2786,5487,314,11,404,4625,314,2369,1838,78,275,314,2369,275,885,119,5479,99 0
4172,12896,7,1041,4,125,234,352,4,1090,10115,12897,2,7369,8456,2,12898,8456,2,481,8457,2099,2,9886,17,105,831,174,503 0
281,1404,4667,183,3129,15,107,2,403,31,27,4076,7964,348 0
158,77,12899,616,1313,9,81,2,12900,2,1900,2,1734,8,4,517,183,159,3286,1353,9,4593,2,3225,2,4804,2,2091,8,36,11,616,1313,2802 5
3841,27,121,274,4,403,40,3500,5,10116,100,6,352,348 0
12901,1510 0
885,119,5479,99 0
121,274,77,4,12902,1376,105,46 0
5479,4,11 0
637,36,565,1294,4,178,2,2477,714,51,534,2,1651,98,51,27,4008,12903,21,39,1243,27,9912,308 2,1,4,33
211,10117,81,311,51,2,8458,374,12904,131,249,12905,558,9542,310,9913,334,4173 5,25,18,26
80,1483,14,8459,9,324,456,154,8 0
116 13
4136,3171,535,1644,2,149 15
11,2613,1522 0
85,4794,882,740,2,3312,42,2765 0
789 10
210,1065,12906,2942,168,34 29
12907,2,7370,5301,2,7371,1012 0
6114,3471,27,34,308,2,97,989,198 0
39,12908,4426,4359,19882,71,21,39,10127,457,36,11,168,34,110 0
2113,1389 0
54,5955,8458,1018,2659,98,165,335,10118 0
5787 0
411,21,12943,85,6885 0
12909,876 0
795,5956,1820,249,1243,2742 0
3931,36,150,4,1356,12910,1594,3816,2469,591 0
962,9859,65,2071,438,696,13,2156,2,12911,6566,8312,2765,8460,291,3239,2156,36,658,13,1673,2000,1217,7,4489,1548,2,1224,2942,321,10,125,58,4420,4513,12912,2,27,4008,12,6325,2,124,12913,9,1209,5375,13,4425,8,9,12914,6571,36,354,4644,12915,8,71,1074,2156,1418,890,4306,2,12916,795 0
4425,35,22,3943,74,7372,216,777,12917,12918,2,183,534,2,6348 0
3713,4689,1413 19
103,2920,1832,9,579,1143,8,103,2679,2857,276,75,15,77,4,1255,2,1770,775,6566,4425,12919,3713,4136,210,310,795,5956,1820,2765,2,2479,25,291,211,2,925,25,33,2128,447,12920,138,1652,795,12921,12922,290,6242,119,495,1362,137,4,2520,36,2926,128,30,4,119,4687,948,179,30,4,11,671,12,6,78,12923,7,12924,174,696,7,5486 19,18,29,15,37,26
11,3865,840,295,13,503 0
51,2013,726 0
500,4,39,5748,5935,532,2156,494 0
3682,10119,286,7,9916 0
163,7,1294,7,12925,4,81,4,11,1609,2,11,1949,2,11,3163,862 5
562,76,4,11,455,174,639,2,11,1265,2,11,396,2,11,79,2,11,756 0
305,4,11,1945,2,11,188,250 0
685,4,11,2366,2,11,2075,2,11,12926,4960,2,11,2223,34 0
7013,4,11,2965,34,26,12927,741,422,117,1041,4441,4062 0
902,76,4,11,30,26,328,811,150,271,565 33
1031,4,11,700,34,181,4,11,690 0
11,1254 0
323,4,11,21,2,11,216,392,1328,8461,13,565,696,2,11,5761,2,11,5705,5072,2239,4,314,11,216,7119,2,11,4982,1486,332,1631,314,1023,314,93,73,4,973,4,111,4,7376,9,7373,8,9,687,2368,12,6,5958,8,492,4,284,9,1390,8,112,10120,779 33,14
275,502,7,2111 0
1848,149,565 33
822 0
5947,43 0
966,90 0
2376,31,6572 0
11,112,229 0
11,7349,7350 0
11,846,26,1064,418,11,12928 0
226,745,1203 0
11,340,7018 0
875 0
2749 0
11,1003 0
157,7,1052,6400,1791 0
11,531,79 0
11,2721,2086 0
11,690 0
11,4599,7374 0
323,2359 0
43,672,5,988 0
467,4,9,1786,258,5,426,8,206,158,208,1015,4724,770,1767,797,131,183,1402,1483,8459,9,324,456,154,8,8462,4,1324,1661 25
345,13,565,2,3036,1365,1212,36,354,12937,2,13,334,1294,32,3688,256 33
1757,7,38,29,74,565,563,8360,12929,2,78,77,9,517,2,5193,314,8,2,12930,1041,741,10,12931,5900,7,2469,360 33
64,2628,5044,1763,7,12932,5957,2737,7375,1794,12933,2,4312,338,2,1341,6353,2,2162 0
5,10121,2685,7375,4172,10122,10,1041,5,121,1313 0
930,3257,8463,5281,2,5,8464,4862,2,2045 0
1376,564,46,12,183,198,9,35,6777,15,223,8,393,2468,13,5957,228,2,352 0
19883,64,19,7729 0
64,40,126,352,9,1404,183,8457,2,5753,51,9,781,10,102,8,511,15,223,17,63,1719,2,12934,8 0
490,7,6,2556,2319,16,1185,32,537,621,15,403,12938,348,9,12939,852,8,2,47,909,16,245,38,95,17,352,2282,271,17,24,150,2,268,4512,2,2874 0
27,15,1209,95,92,319,539,560,9,12,38,1533,2,10123,8 0
281,2950,14,1536,86,6113,84 0
1022,251,111,13,440,2,176,301,2368,262,7,1918 0
356,174,260,51,36,758,2207 0
354,196,41,7,6,12936,101,20,2251,2685,6,29,173,6,1583,10125,7,565,5,8453,4488,2,5,6,256,522,114 33
192,1135,6196 0
7365,9946,2,195,384,4,58,8451,8452,9,3130,8,440,2,58,1707,6567 0
