69,49,4,19815,9,19816,8,19817,6565,3134,144,1415,1143,2,8448,58,7251,19818,26,12834,536,4,3415,2,3573,485,4,10102,828,58,7251,4,1152,329,17,5484,260,10,125,287,3415 0
29,687,16,20,971,32,460,5069,2156,12,2942,27,6,10103,144,42,58,7365,4438,5,20,480,13,1900,27,6,95 0
84,74,31,90,1127,3239,26,5069,19819,16,39,27,6,95 0
490,7,1673,2000,1232,16,20,201,42,58,19820,27,6,12835,10104,104,926,170,10,58,4513,27,6,12835,10104,104,1660,37,24,4644,542,20,12,6,4012 0
24,4734,20,100,48,1509,4734,20,423,393,16,20,1730,19,12836,5,10105,71,16,1660,8449,664,6,2156,5,8449,664,24,1232 0
1660,16,20,448,1104,532,1013,51,236,146,151,16,549,37,24,2156,4361 0
16,1660,24,112,549,275,5,619 0
24,392,549,621,84,20,781,10,19821 0
16,39,2540,2,5260,8295,2,16,549,37,24,197,1288,20,19822,5,151,16,9933,19,24,4683,24,112,549,621,84,20,841,70 0
85,173,6,95,16,533,15,1621,13,5444,1841,5,8450,1685 0
282,500,19,1415,614,227,15,43,801,2,389,2,5,19823,9,12,2942,24,3544,20,318,27,19824,48,47,273,841,50,87,150,457,8 0
16,74,39,11,596,2,11,690,150,271,15,12837,19,24,882 0
11,280,860,13,392,2,2583,2,1176,2,1841,2,1184,2,2873,26,7195,820,37,16,21,10,4317,24,3623 0
288,39,106,2873,1983 0
21,15,8450,1685,13,15,1114,2328,7,15,250 0
11,150,19825,167,48,826,4439,17,149,127 15,13
11,339,167 0
21,668,1277,239,10,1612,4282,51,697,2,239,10,599,2204,1520,5,288,39,15,12838 0
58,7251,536,4,3415,2,3573,485,4,10102,1415,1143,2,8448,1357,51,15,1198,21,61,43 0
78,30,7,1018,2659 0
16,74,2665,10,2046,2,12839,2,2452,5,9082,19826 0
21,15,78,30,7,494,7,1472,2177,7261 0
3242,1104 0
11,30,7,3676 0
316,4042,14,15,488,475,1181,19,6,52,17,1012,5,2679 0
7077,3318,2,2334,21,1274 0
21,61,971,32,537,2469 0
2590 0
134,691,557,13,15,403,9328 0
348,128,30 0
477,587,7,1023,332,27,1429,2,1591 0
603,587,27,1429,7,118,2491,2,551,5,131,1543,81,2,85,1591 0
16,14,63,316,4421 0
179,30 0
113,841,1374 37
151,16,74,2250,16,5368,15,7244,5877 0
2590,151,16,74,31,2250 0
16,74,994,136,12840,20,15,1235,2645 0
93,73 0
1039,1799,762 0
67,94,20,3633 0
296,20,1580,5,135 0
181,2,15,10106,7,19827,19828,19,9355,2,5,15,1450,7,5345,3579,19829,1013,24,1389 0
153,350,2523,12,6,52,663,7,24,112 0
1414,5,1184,20,90 0
225,850,1981,268,19,6,70,271,52 0
1373,19830,1104 0
895,1104,9,19831,19832,12,6,3131,7,6,5242,20,2125,12,6,5242,8 0
44,90 0
11,798,277 0
118,4,11,387 0
187,2,11,5842,2,342,2,277,48,463 0
445,2,757,73,1104 0
1030,1104 0
47,273,31,880,37,24,2156,21,12841,100,48,880,373,7,24,231,115,519,55,2517,42,63,412,372,1946,566 0
278,2,47,1732,16,1279,50,6,12842,4955,740,5,1195,50,2415,170,17,37,2,5,85,17,19833,542,10,85,3809,2156,5,5954 0
4890,47,936,170,10,60,2967,793,15,107,532,24,10107,12,6,1373,4997,100,5,8450,1685,4997,100 0
12,6,3157,126,19,6,6566,204,22,793,15,107,32,15,12843,2,12844,2201,22,119,107,32,15,1534,12843,2,6,10105,196,22,183,511,15,107,10,383,6,12004,7,4734,2,6,12836,9,19834,4640,8,196,22,119,107,10,1248,4644,2,3452,196,1252,793,15,107,2,4439,109,22,793,15,107,995,127,2,5,1895,2560,22,793,15,107,17,252,168,34 15,13
29,85,1931,260,51,19835,7,586,1084,10,1127,16,39,317,2762,995,264,1077,2,476,1702,2,58,7251,536,4,3415,2,3573,485,4,10102,1415,1143,2,8448,1357,102,476,5922,496,2,476,2852,2,713,2,476,895,2,15,30,7,293,399,2,11985,2,1970,7,19836,6563,167 0
85,454,55,166,37,15,1814,7,24,115,19837,13,290,4037,10,1723,24,1702 0
1379,84,17,109,123,5,21,841,1009,84,17,51,236,48,24,115,3367 0
1152,329,428,17,5484,260,10,125,170 0
361,2836,260,871,108,47,319,55,7,241,2262 0
1027,1928,2,3141,12845,2,96 0
19838,4,108,329,519,881,260,106,1908,7,1127,160,68,20,37,16,39,2532,2156,5,5069,2156,168,12,2942,27,6,10103,144,2,17,19839,6,377,1246,65,6,10103,144,2,37,209,55,1139 0
19840,4,19841,19842,19843 0
