69,49,4,19953,378,325,1124,6577,224,144,581,17,101,2450,30,7,156,360,64,21,2450,13,250,17,363,236 0
6,10138,7,38,244,1409,101,20,2251,12,2685,173,19954,1785 0
825,167,81,341,9,2013,696,8,11,864 5
7378,374,20,199,97,376 0
254,21,321,210,86,860,173,15,376,146 10,29
31,797,80 0
150,167,250,64,39,2450,173,15,376,146 0
16,21,986,10,50,19955,250,117,180,115,660 0
16,1185,250,932,12,1621,662,2,1312,117,16,1302,890,6,8473 0
11,19956 0
11,30,7,1284 0
11,3429,864 0
73,148 0
3704,12958,1361,5,2179,10,245,19957,17,2107,1224,7,1621,4303,1284 0
438,19958,1493,100,536,5484,173,1785,9,1583,8474,10,250,8 0
16,7271,6501,117,19959,9,2700,1436,8,5,39,438,27,37,95 0
16,39,3617,173,564,198,146 0
110,930,19960,9,1522,8,5,5076,19961,9,1755,8,19962,14,19,248,840,2908,5,983 0
416,648,12959,1489,170,10,5421,108,16,1553 0
416,1553,248,19963,5,333,4735,15,420 0
1886,16,454,1171,28,285,28,692,10,2404,38,100,13,24,1755 0
31,3617,110,2,416,1534,185 0
228,12,2511,5,3011,7379,248,2457,7380,873,5960,12960,1760,247,4,19964,138,1183,554,245,139,4,825,93,122,296,546,67,94,4371,121,4218,6118,643,224,893,57,533,2,57,2265,2,12,11,180,326,181,90,202,1176,2,4148 39,14
1841,90 0
2444,43 0
2583,43,112,11,342,44,226,53,90,694,135,212 0
246,5,253,43 0
11,417,2,1093,2,26,970,870,7139,642,808,12,248,198,28,1150,797,945,297,237 0
681,809,42,19965,2,4443,157,19,2758,1865,2,3570 0
