67,54,4,22930,281,297,424,7489,207,124,30,7,61,328,6,28,14,15,22931,358,369,17,71,5,172,7,474,12,23,70,7091 1,1,1,1,1,1,1,1,1,1,1,1,1,1,1,1,1,1,1,1,1,1,4,1,1,1,1,1,1,1,1
16,20,221,19,22932,3,138,2404,17,22933,1992,7894 1,1,1,1,1,1,1,1,1,1,1,1
6,28,1343,6,297,5,20,221,43,1795 1,1,1,1,1,1,1,1,1,1
43,6,85,3,16,749,1795,19,22934,3,6,474,38,372,538 1,1,1,1,1,1,1,1,1,1,1,1,1,1,1
6,28,21,11,34,3187,798,116 1,1,1,1,1,1,1,1
336,587,20,72 1,1,1,1
16,190,1248,27,40,85 1,1,1,1,1,1
11,1393,26,1968 1,1,1,1
11,48,34,26,226,7,184 1,1,1,1,1,1,1
793,147,3017,1920,1013,287,71,324,9,1609,788,8,84,12,340,5,2081,2079,167,1731,210,22,36,298,32,3754,501,22,69,167,1839,125,22,32,203,462,22,36,298,32,2404,501,22,25,32,11323,9520,4627,126,4,22935,1182,4,22936,33,2332,102,101,63,94,22937,140,9225,624,207,197,11,199,342,48,155,91,720,145,239 1,1,1,1,1,15,4,4,4,4,4,4,1,1,1,1,1,1,1,33,1,1,1,1,1,1,1,1,1,1,12,1,1,1,11,1,1,1,1,1,1,1,1,1,1,1,1,1,1,1,1,1,1,1,1,1,1,1,6,6,6,1,1,1,1,1,1,1,1,1,1,1,1,1,1
304,5,310,44 1,1,1,1
11,213,3,1162,3,26,1094,214,152,5,396 1,1,1,1,1,1,1,1,1,1,1
11,240,3188,7091,3,44,978,100 1,1,1,1,1,1,1,1
11,34,26,11,474 1,1,1,1,1
11,860,114,11,93,192,5,104,7894 1,1,1,1,1,1,1,1,1
538 1
369,134,116,2991,317,58,71,324 1,1,1,1,4,4,4,4
144,733,398 1,1,1
86,1731,287 1,33,15
86,1839,566,369,12,544,129 1,12,1,1,1,1,1
55,2687,43,1987,594,3197,1861,208,52,61 1,1,1,1,1,1,1,1,1,1
205,867,43,3615,8341,19,4788,141,3,2641 1,1,1,1,1,1,1,1,1,1
