69,49,4,20094,507,5025,9998,203,538,99,4,68,14,63,2531,17,38,99,9,13011,8,581,17,101,4,287,5608,14,63,474,200,307,345,13,134,555,2,110,265,1896,2420,13,1387,255,7,194,5,4335,17,241,233 2
957,30,4,16,21,306,91,328,811,5,15,30,7,178,13012,168,10,1589,20095,27,37,845,2,16,166,734,44,94,5,366,19,839,639 1
640,15,318,415,215,2,16,20,265,17,91,561 3
164,1677,604,406,7393,1261,178 3,1
16,39,63,4268,730,5,543,91,545,233 2
293,4279,426,604,15,634,70,293,505,13,149,52,293,76 0
16,543,15,183,1261,555,42,58,8490 2
24,593,3311,1128,15,2352,10,6,269,2,2120,10,6,3158,5,4391,5,15,2120,10,6,3132,1871 0
16,2213,20096,17,588 0
16,85,39,777,1085,13,15,2082,719,1338,2,480,13,2212 0
24,4268,20,1983,15,451,123,304,20097 0
16,533,280,794,518,142,2,5,63,1134,604,15,1959,4886,12,24,1105,496,65,1390,41,10,1408,41 0
16,20,1009,7394,10,6,91,561,282 0
164,1677,604,15,4878,861,2120,10,3132,2,15,154,41,2777,505,12,6,2120,10,6,3158,5,4391 0
6,2352,20,861,2,48,68,20,11,1329,890,6,525,269 0
16,543,1527,7,6,2352,5965,890,6,269,13,15,7959,98,12146,2,7959,98,7867,5,7959,98,7867,8239,1651 2
24,304,91,545,408,20,241,1180,42,15,13013,796,5,15,1666,834,132,496 0
16,85,2213,1494,20098,17,1494,4003 0
16,20,453,42,58,10161 0
24,2808,3553,20,1295,66 0
16,20,85,514,10,50,15,2398,4444,1705,2,5,20,480,13,10162 0
197,445,4279,426,604,15,157,806,2104,877,2,5,16,20,874,19,20099 0
15,207,100,1134,604,63,872,1177,7,2298,41,13,1424,7345,2,13,316,149,1271,2075 0
16,20,874,10,997,19,304,3228,107,3171,16,20,874,65,997,19,1215,2021 0
19,1215,20100,16,20,5238,5,514,10,55,4249,42,6,3748 0
24,653,1927,129,1333,10,365,2142,2,5,24,184,20,476,5,24,235,262,20,2803,12,2022 0
16,88,87,44,422,2,1184,26,349,422,26,396 0
16,88,87,702,2,48,21,61,2538,12,15,144,886,13,6,392,251,1280,1474 0
6,128,5266,6,622,2085,38,465,36,51,6777,121,1313,5,255,7,194 0
24,235,20,264,10,130,22,59 0
278,2,151,201,42,3748,2,24,674,662,1304,20,1332,41 0
7238,20,1008,5,16,20,1632,10,20101,189,17,233 0
78,89,30,4,13014,32,1802,2,127,2,311,591,120,98,462,20102,13,1358,2,527,5,981,2,149,132,776,2,883,2,293,76,2,2398,4444,1705,2,1413,2,895,274,2,632,1227,1705 5,13
2516,4,555,13015,2,2292,4869 2
142,10,137,1573,4,11,334,137,36,1566,4,206,177,208,77,9,941,8,4,172,925,25,82,36,1379,183,38,221,230,768,25,59,13016,521,405,82,607,521,25,82,235,446,25,59,1042,5714,2560,22,25,291,1151,35,347,25,82,1116,390,25,82,473,1541,25,82,633,749,3832,25,82,135,131,1175,923,405,291,635,1668,25,506,2937,626,98,1973,347,25,27,1244,632,1227,823,1252,25,82,128,30,4,600,2694,13,2727,27,1258,28,661,2694,13,335,27,1743,28,35,569,27,1470,13,798,28,35,62,27,1767,13,421 25,19,18,29,30,32
179,30,4,924,2,259,2013,726,2,994,20103 0
671,4,706,2913,28,430,4,152,28,3907,4,989,10163,28,352,4,214,851,136,377 38
163,7,213,4,66,17,4,1579,1274,2,134,901,142,2,1826,2,798,2,892,2,1284,2,902,76,2,461 0
318,17,4,32,1989,2,2324,522,2478,1589,980,2,299,7,6298,2,2222,3448,2,5072,1168,2,883,36,13,225,756,27,35,984 0
93,122,4,1669,4,1333,2121 0
145,4,105,204,41,19,1391,1750,4,15,75,1179,28,985,2,57,533,2,2955,1019,2024,345,12,436 0
2302,4,3310,2,619,5,682 0
1978,4,1623 0
918 0
1670,4,409,302,1459,12,1912,193,13,1104,942,6452,100 0
11,1945 0
751,1494,2355,57,20104,2,86,1395 0
12809,2234,175 0
1515,4,43,246,5,253,2,13,15,3475,653,417,27,10164,86,1093,2,26,970 0
11,1371 0
1671,4,133,2,978,13,529,558 0
11,342,26,229,1139 0
1635,4,7008,395,193,86,229 0
525,243,13017 0
171,79 0
11,782,4555 0
2723,4,15,75,1179,28,985,2,992,2612 0
1602,4,20105,147,4,43,399,212,27,1987,1823,13,12332,20106,2,47,5,2535 0
1786,134,258,4,1825,49,649,524,379,804,7395,5494,2080,1439,20107,91,785,49,1330,2383,5229,7395,66,66,20108,902,5,1843,785,49,2496,7395,196,1532,49,266,298,443,7395,6938,2985,5495,2875,49,64,1046,1069,7395,4397,1571,6206,242,5,114,4,13014,36,13,134,555,5,164,1527,2,110,265,1896,6,2420,13,366,5,4335 2
1153,91,12249,2008,14,66,2,48,1827,2269,251 0
1582,19,73,2,1732,15,3396,7,421,5,1079,2117,9,2767,560,20,31,537,1009,27,1788,262,20109,8 0
40,605,17,2674,2,108,182,1205,31,2043,13,5065,2,176,301,10165 0
108,111,13018,2,40,2296,252,262,1918,1775 0
155,1134,10,1021,585,5,3244,1205 0
126,172,5,473 18,32
134,877,36,19,13016,36,361,126,5,3691,58,10161,10,125,434,10166,9,334,10,170,8 0
120,36,126,231,322,2,207,5,3181,32,865 5
3409,2410,10167,13019,2,1162,681,809,42,3409,2410,10167,13019,2,1162,2531,4,13011,29,201,5,755 0
1533,2728,10167,2,1162 0
1061,13,242,5,114 0
12,2001,2,474,661,13,134,555,265,17,734,270,13,702,5,655,2,1664,915,1079,1205 2
19,9198,19,979,359,7,52,118,353 0
114,4,464,2,2674,2,3645,1079,6902 0
10158,8491,2,195,705,46,20110,681,809,42,10158,8491,2,195,1655,139,4,678,13,2531 0
