69,49,4,20032,5025,7385,203,36,10145,12974,207,100,116,5,81 39,5,13
404,57 0
12975,1203,912,803,12,221,74,26,108,20033,19,4248,6270,5256 0
11,731,1479,2,11,12976,912 0
11,988,572,4351,672,572 0
2571,257,944 0
56,56,56,56,56,56,56,167,56,56,56,56,56,7386,5934,8480,178,1413,4253,10146,127,81,895,4124,56,56,56,56,56,56,56,77,56,56,56,56,56,230,768,35,45,9,62,8,25,33,184,446,35,45,9,62,8,25,33,3639,35,595,25,33,310,778,35,45,9,62,8,25,33,607,521,35,45,9,62,8,25,33,211,9,896,547,8,925,35,45,9,62,8,25,33,10147,3124,41,1349,965,59,56,56,56,56,56,56,56,137,56,56,56,56,56,747,56,56,56,56,56,56,56,520,359,56,56,56,56,56,12977,492,368,112,4,395,1203,293,3560,2,11,293,229,623,4,1778,2,418,2,11,1058,44,4,1778,2,745,516,4,11,337,1346,2,1432,86,10148,2214,2,199,5963,590,1099,175,56,56,56,56,56,56,20034,56,56,56,56,56,56,56,56,10149,4058,97,101 5,19,13,1,18,15,26,30,21
21,841,2304,136,237,2895,1295,344,56,56,56,56,56,56,20035,56,56,56,161,81,4,1701,199,338 5
1015,80,5,358,718 0
1126,231,257,165,116,4,199,338 13
1126,231,257 0
155,2175,481,80,2,176,301,10,1845,20036,9,12449,1973,2048,8 0
707,2895 0
186,912,803,4,373,218,4546,4270 0
2517,37,21,106,328,17,293,76,2,48,10150,1203,115,3154,293,76,553,218,5607,17,912,803 0
1293,2042,20037 0
750,622,2073,108,4282,403,12976,912,348,26,108,10151,42,20038,572 0
249,3565,4,93,12,102,198 0
356,3690,58,20039,400,223 0
