69,49,4,20078,91,162,5025,7385,203,538,49,7,659,4,13004,13005,9274,9275,4,6882,3541,4,8490,2,20079,1783,1724,4,8491,2,10158,30,7,629,360,474,345,13,15,928,30,7,756,5,2813,94 0
16,39,61,748,17,1859,3129,15,107,532,173,15,200,146,2,151,16,1220,10,3292,268,115 0
16,14,3057,382,10,433,115,13,839,639 0
16,39,63,352,415,215,2,71,20,318 3
16,543,15,91,429,80,2,71,1164,406,52,1468,12,736,10,497,1261,164,143,76 1
16,39,63,13006,3654,1808,730,5,91,162,20,1976,17,164,143,703,3536 2
5247,164,143,76,4874,328,811,121,9,946,8,2289,9,12,8,4,546,1055,81,311,4,81,341,311,591,81,338,4,802,1899,2558,331,4,13007,127,336,343,76,336,1148,76,4,756,158,623,3476,150,78,3828,30,789,127,336,343,76,9,883,8,52,1441,271,70,2426,426 5,13,1,10
305,20080,2145,97,537,20081,632,1227,1705,461,20082,6298,4701,611,76,1413,20083,188,132,776,981,137,1573,4,11,334,137,141,77,152,231,77,8132,105,41,9,594,6385,8,1481,22,25,59,7166,397,9,5866,8,823,22,219,2241,20084,9,8492,8,6963,41,9,13008,661,20085,8,154,1496,8492,19,750,10,26,652,823,5657,219,652,1175,923,219,59,556,1503,9,501,8,1247,22,25,2241,10159,9,8020,8,35,2072,965,59,1116,130,22,25,82,635,109,22,25,82,2558,91,139,3829,5249,5,1394,1011,429,444,5025,7385,203,538,52,1468,406,28,52,794,4370,546,41,28,1964,2777,76,28,70,164,143,634,10,406,28,4391,20086,10,20087,704,548,293,4279,708,548,179,30,150,586,4,3665,1374,2913,2,924,2,994,17,105,159,2,11,430 3,29,19
128,30,163,7,213,224,4,88,596,2,469,2,134,121,1313,26,274,202,4,88,868,2,2138,1184,2,3508,2,572,2132,91,4,119,234,305,4,88,250,2,1919,339,4,88,1002,2,272,2,402,2,613,2,435,1368,4,88,807,2,1173,2,1196,323,4,88,892,2,551,2,1826,2,1217 0
7392,4,88,1012,2,8493,2,5794,2,134,3676,13009,4,88,2654,2035,2,461,2,1744,1107,1797 0
343,4,261,756,93,73,224,4,11,180,326,2,6386,12,275,4581,5,382,10,4872,3429 0
12990,13,895,13010 0
2873,4,11,529,566,2,7192 0
112,4,330,2,11,920,623,4,135,212,2,11,1371,2,11,417,2,261,13006,3654,1808,302,1369,4,90,193,13,3429,73 0
181,4,11,571,26,690,11443,4,619,2,11,79,340,4,133,2,978,2,11,1119,812,4,1132,66,323,4,413,5,646 0
570,2,2417,2430,1107,4,1691,193,19,3429,73,640,4268 0
296,395,722 0
229,4,152,12,187,26,625 0
44,810,548,373,134,258,9,136,141,8,56,801,56,2607,8494,36,298,917,3146,398,2607,8494,36,458,917,4974,1399,2607,8494,36,266,917,8375,41,9,54,8,2607,8494,36,443,917,4627,1301,56,3699,56,2607,3272,36,289,649,917,1049,294,2607,3272,36,289,524,917,1049,294,2607,3272,36,289,824,917,1049,294,2607,3272,36,289,11445,917,1049,294,2607,3272,36,289,379,917,1049,169,2607,3272,36,289,804,917,1049,169,2607,3272,36,289,770,917,1049,169,2607,3272,36,1178,917,1049,169,2607,3272,36,22,917,1049,1421,2607,3272,36,1005,917,1049,9568,56,20088,56,2607,3272,36,3788,917,1049,612,2607,3272,36,3789,917,1049,612,2607,3272,36,4528,1178,917,1049,612,2607,3272,36,935,917,1049,169,2607,3272,36,1712,917,1049,169,2607,3272,36,1434,917,1049,550,56,91,56,2607,3272,36,1700,917,1049,612,56,2806,56,2607,10160,36,64,917,3443,1057,2607,10160,36,1046,917,1267,2607,10160,36,2165,917,20089,1057,9,72,8,167,5,1492,35,4,178,114,17,164,143,703,3536,19,4268,2,20090,49,17,20091 1,2
1134,548,10,1906,17,3831,76,5,585 0
108,692,676,162,2,16,14,7192 0
50,7037,17,362,548,457 0
261,134,211 0
19,652 0
51,4,5250,548 0
21,299,7,8366,76,12,2426 0
102,4,305,216,6298 0
2580,205,74,4577,1064 0
285,457,13,608,8490 0
114,10,2029,13,162,17,110,2,5,20092,304,966 0
183,4,132,1630,166 0
2112,576,10,184,26,585 15
64,5,128,2102,7,380,301,17,964 0
83,4,81,341,311,591,3057,802,338 5
259,4,2558,709,36,258,548,36,91,162,2989,1500,17,164,143,703,3536,3645,676,162,548,1134,457 2
681,42,12567,20093,1868,19,13004,13005 0
