69,49,4,20040,5025,7385,203,36,10145,325,5829,12974,2722,1332,1661 39
471,401,17,356,120,5,116 5,13
97,420,39,106,34,12,157,2792,117,8481,8482 0
34,7114,97,420 0
300,1129,922 0
3773,38,221,6287,11,44,34,26,12978 0
11,299,7,132,2659,2,11,1173 0
167,8480,70,12979 0
9,58,12980,2,12981,8,4253,10146,4253,8483,127,12982,5828,2,4540,8484,2,12983,5492,2,10009,10152,2,3009,8485,2,8486,8487,895,4124,113,841,4317,10153,239,10,4737,8245 14,13
7386,7320,1841,3834,470,5828,2,70,5592,505,8485,12984,3834,599,2204,1520,88,7387,115,565,527,3072,28,336,343,76,28,293,238,9444,86,1059,81,311,165,314,2276,2,5331,802,2332,2578,10154 33
797,358,1604,12985,2,7378,10155,12986,9,10156,8,2,12987,7043,12988,2,2985,10157,2,3261,8484,2,3687,12989,1358,77,10147,3124,41,1349,965,59,230,768,2,35,45,9,62,8,25,33,184,446,2,35,45,9,62,8,25,33,607,521,2,35,45,9,62,8,25,33,211,9,896,547,8,925,2,35,45,9,62,8,25,33,3639,35,595,25,33,137,747,73,111,4947,2,616,5690,946,97,101,111,3633,9,97,101,111,20041,8,362,1907,80,2,492,284,135,413,5,646,98,102,2,610,12990,2,503,156,17,101,202,4,966,90,2,2839,74,90,2,476,895,10,1197,1371,27,102,744,181,4,11,9797,181 14,19,18,15,6,30,21,7
11,1346,44,4,1778,226,302,48,90,10,452,5,1043 0
623,4,1778,118,302,2,418,43,246,253,2,11,387,2,711,2,766,340,4,133,2,875,2,2749,2,11,2792,277,2174,4,395,525,243,744,2,657,582,243,2,11,229,2,11,340,342,2,11,1289,2,11,673,2,720,2,26,79 0
11,337,1346,467,2688,20042,66,1015,7054,12,2758,12991,2,4271,12992,2895,931,2758,12991,2,540,2895,931,12992,2797,161,340,34,4,660,38,221,4,380,4885,76,5181,100,2,2813,1861,2,3869,132,3930 6
64,3646,752,27,38,95 0
1729,577,20043,102 0
165,116,4,1536,80,136,5331,3639 13,21
2895,14,185 0
64,10,383,25,1971 0
887,10149,5,2895,80 0
186,81,341,2,311,51,13,20044,4,2036,338,2,1015,3472,610 5
616,274,5,352,32,1620 0
249,132,776,4,218,20,4854,65,3639,12,78 21
2296,3639,2,1656,268,1971 21
707,2895 0
351,756,4,64,5964,10,1845,545,1388 0
1126,352,32,1620 0
356,20045,2,3027,108,20046,459,40,1729,17,1784,1149,124,306,91,328,811,317,120,2,116,2,883,5,6195,439,88,115 5,13
1729,20047,945,80 0
20,918,6580 0
9939,3941,3062,9883,2,96 0
