69,49,4,20130,3051,30,29,279,17,63,1894,73 0
201,451,236,146,17,3579,20131 0
2732,36,1886,173,51,159,136,97,2319 0
460,106,8188,2750,4174 0
97,701,608,10170,7,2732,12,20132,2,1108,1568,346,237 0
1307,73,576,10,2018,9559,20133 0
352,36,321,748,27,500,428,82,35,4616 0
85,6270,333,110 0
167,990,592,332,4,2232,292,62,10171,3709,990,729,743,4,477,587,1390,292,127,20134,80,36,155,2175,481,2,257,5012,3562,4568,4,2449,2913,36,10,437,13,2732 13
411,2707,869,309,4,706,4712,103,371,36,411,31,309,3303,1295,81,341,4,6582,1951,2,207,5862,36,20,5943,12,5491,2,887,6869,5,374,80,7397,4,2857,36,1066,227,4426,3736,74,2,5926,5,8495,2,8496,17,313,36,88,4445,26,618,164,143,76,4,103,4242,5966,261,369,269,4712,2,608,3948,2,1066,7396,5491,36,148,609,17,313 38,1,2
11,455,74,2,4445 0
701,608,3948,80 0
664,473,17,6,97,363,198,71,20,1127,608,3948,13024 0
18,20,403,5864,348,13,4703 0
620,1016,4,2857,2,2750,2,207,1005 0
40,887,80 0
21,1115,13,608,6583,12,1589,10,1022,522,7,6,20135,8499,36,47,209,5464,38,124,30,7,178,2,149,20136,12,78 1
254,4,4430,149,1462,2,4161,2,116,2,2575,5,334,299,178,12,64 10,1,13
155,1321,5,367,80 0
1007,168,19,210,17,6,97,102,236 29
113,99,15,2328,7,13025,12,882,2,31,1769,108,741,10,84,26,31,36,40,2836,1089,871,108,393 0
77,211,9,896,547,8,1017,2,35,45,9,62,8,25,33,210,9,894,8,491,2,35,45,9,62,8,25,33,921,3218,9,1303,22,8,35,347,1160,1519,138,138,455,737,9,1133,8,521,2,35,45,9,62,8,25,33,1020,9,184,8,446,2,35,45,9,62,8,25,33,230,626,2,35,45,9,62,8,25,33,669,9,1010,8,768,2,35,45,9,62,8,25,33,137,10168,9,7398,8,36,484,128,30,603,4738,2,1333,110,10172,2,371,27,1697,5,1429,36,587,237,10173,2726,587,65,592,335,117,183,200,10174,2,1224,439,2232 19,18,29,15,28,20,21
481,3187,36,153,13,120,2,5,51,3664,36,1691,11,228,136,498,1894 0
179,30,1544,17,10175,32,10176,2,924,2,153,837,36,2114,292,104,295,13,1406 0
163,7,213,6,640,213,129,177,80,5,129,66,2638,1683,355,12,6,30,166,256,4,2050,2,202,2,592,2,1977,2,339,2,2732,2,181,2,1031,2,323,2,1353,2,372,2,5,2665,93,73,520,359,20137,1211,3542,121,20138,423,51,727,136,97,200 0
224,4,479,57,202,4,570,2,725,2,966,43,181,4,11,2315,571,112,4,11,846,2,11,229,799,4,11,815,2,2133,2,26,2306,780,592,36,11,4393,377,26,8500,2,11,2617,342,44,4,90,10,452,2,11,1223,26,1945,694,4,135,246,2,253,2,11,387,2,711,26,766,340,4,133,2,875,2,11,1003,26,342,1031,4,11,733,2,388,2,26,277,516,4,11,4554,2,323,4,992,2612,424,927,1551,1291,5967,367,5967,8237,1320,13026,8501,9,6969,8,1108,1568,6586,125,444,12,457,2688,6586,66,1015,20139,20140,2630,3655,20141,1587,5967,1909,3575,5967,5853,266,9,835,8,13027,8145,3576,5967,2141,458,9,654,8,13027,3667,242,5,114,161,424,927,36,1108,1568,13,2732,2076,2,3344,36,214,3365,36,4410,692,10,273,38,428,5,7400,2,577,2211 11
2878,3345,17,110,48,7400,10,880,173,84 0
165,4264,36,442,2,539,6587,151,31,7401,13,4703,5079,36,573,4624,18,10177,19,6,4290,2,1108,1568,5,3344 0
468,7,709,36,125,256 0
437,259,198,6585,8498 0
