69,49,4,20120,3051,30,29,279,17,2450 0
1404,13020 0
3365,17,437,42,102,198 0
321,97,223 0
399,94,2,304,850,1685,2,868,2,2583,6950 0
11,596 0
1234,769,850,20121 0
290,5635,399,316,3320,5891 0
31,1216,419,26,932 0
11,44,115,36,3071,20122,1236,1401,1771,2052 0
167,990,592,332,4,2232,292,62,990,729,743,4,477,587,1390,292,127,3562,4568,4,2449,2913,309,4,706,4712,103,371,254,4,4430,149,1462,2,4161,2,116,2,2575,5,334,299,178,12,64 2,38,13,1,10
1295,81,341,4,6582,1951,2,207,5862,7397,4,2857,36,1066,227,4426,3736,74,2,5926,5,8495,2,8496,17,313,164,143,76,4,103,4242,5966,261,369,269,4712,2,608,3948,2,1066,7396,5491,36,148,609,17,313 1,2
620,1016,4,2857,2,620,609,3104,557,13,2750,1016,5,7003,5428,3085,2,701,608,6583,2,207,1005 0
77,211,9,896,547,8,1017,2,35,45,9,62,8,25,33,921,3218,9,1303,22,8,35,347,1160,1519,138,138,455,737,9,1133,8,521,2,35,45,9,62,8,25,33,473,9,1828,8,449,22,25,33,230,626,2,35,45,9,62,8,25,33,210,9,894,8,491,2,35,45,9,62,8,25,33,669,9,1010,8,768,2,35,45,9,62,8,25,33,1020,9,184,8,446,2,35,45,9,62,8,25,33,137,10168,9,7398,8,36,484,93,73,520,359,6584,2791,1423,57,2,4562,3735,36,375,2839,74,90,966,36,66,86,2561,3949,330,86,264,799,226,36,90,86,1106,19,20123,8497,1977,36,20124,242,5,114,161,2450,36,11,160,7,13021,399,566 19,1,18,29,15,28,20,21,32
692,20125,48,209,621,10,1845,13022,20126,124,30,178,5,4093,12,78 1
40,245,12310,2,20127,2,850,13022,1512,17,102,123 0
750,108,596,2,7399,26,4510 0
165,2750,620,1016,36,20,610,2368,97,101,36,40,1798,10,608,6583,17,1979,536,7093,38,110,1540,124,23,30,7,91,4598,12,6,97,1450,7,159 0
186,67,94,36,610,251,256,1127,209,1821,84 0
40,887,19,437,71,40,55,2076,249,20128,40,155,13023,400,101 0
1321,3866,12,1215,239,17,1894,36,40,1384,400,20129 0
6585,8498,195 0
