69,49,4,12092,3051,30,29,279,17,63,1894,73 0
21,61,448,1916,57,2,15,2328,4410,32,983,1202,1224,13,592,335,97,200 0
2732,36,11,2188,588,2,31,4569,529 0
352,36,152,2,167,990,592,332,4,2232,292,62,10171,3709,2,1154,1202,1224,439,2141,990,729,743,4,477,587,1390,292,127,20154,80,36,290,192,23,257 13
40,247,448,106,352,5,1634,10,1882,121 0
1302,84,1453,27,500,5,20155,192,6,95,42,6,1436,68 0
20,20156,288,13,608,13037,74,104,514,37,3447 0
40,155,5,948,84,5,108,75,695,28,1604,10,1542,3027,3562,4568,4,2449,2913,13029,201,608,10170,136,3104,151,1169,10,1150,23,1108,1568 0
92,129,382,10,433,84,13,572,12,3113,309,4,706,4712,103,371,36,411,31,309,3303,1295,81,341,4,6582,1951,2,207,5862,36,20,13030,12,13031,2,2230,3472,2,887,6869,5,374,80,7397,4,2857,36,1066,227,4426,3736,74,2,5926,5,8495,2,8496,17,313,36,88,4445,26,618 38,2
113,1625,977,15,2131,1154,4739 0
826,15,1744,194,5,84,3066,2499 0
11,627,115 0
404,84,2759,164,143,76,4,103,4242,5966,261,369,269,4712,2,608,3948,2,1066,7396,5491,36,148,609,17,313 1,2
11,455,74,2,4445 0
701,608,13037,20157,104,5081,268,1996,367,5082,10,544,75,879,28,7189,264,23,210,10,368,22,598,18,21,841,346,38,1911 29
620,1016,4,2857,2,2750,2,207,1005 0
480,13,13032,1415,7402,97,1005,1453,13033,5,20,12,6,43,502 0
10,125,58,6583,1647,200,2,598,214,3365,36,411,21,841,2705 0
40,1029,63,1115 0
155,1005 0
254,4,4430,149,1462,2,4161,2,116,2,2575,5,334,299,178,12,64 10,1,13
40,383,10,368,22,7,210,5,237,12,35,376,155,1321,5,367,797,27,13038,144 29
40,4833,17,544,553,271,546,77,211,9,896,547,8,1017,45,60,35,45,9,62,8,25,33,921,3218,9,1303,22,8,35,347,1160,1519,138,138,455,737,9,1133,8,521,45,60,35,45,9,62,8,25,33,5496,1349,684,41,9,5496,7403,684,41,8,965,59,138,210,9,894,8,446,45,25,33,1020,9,184,8,446,45,60,35,45,9,62,8,25,33,230,626,45,60,35,45,9,62,8,25,33,669,9,1010,8,768,45,60,35,45,9,62,8,25,33,137,7398,36,484,2,128,30,603,4738,2,587,1987,7,1584,335,10172,2,371,27,1697,5,1429,36,587,237,10173,2726,587,65,592,335,117,183,200,10174,2,1224,439,2232 19,18,29,15,28,20,21
3162,1202,1224,592,335,439,2141,36,403,1996,36,2206,5,3566 0
481,3187,36,153,13,120,2,5,51,3664,36,1691,11,228,136,498,1894 0
179,30,1544,17,10175,32,10176,2,3833,3113,2,153,837,36,154,292,3711,2578,163,7,213,6,640,213,129,177,80,5,129,66,2638,1683,355,12,6,30,166,256,4,2050,2,202,2,592,2,1977,2,339,2,2732,2,181,2,1031,2,323,2,1353,2,372,2,5,2665,93,73,520,359,111,20158,2,289,1174,2,2488,1258,12,2,616,7215,946,36,100,903,727,651,1048,980,3036,9310,224,4,479,57,202,4,570,2,725,2,966,43,181,4,11,2315,571,112,4,11,846,2,11,229,799,4,11,815,2,2133,2,26,2306,780,2641,36,11,4393,377,26,8500,2,11,2617,342,44,4,90,10,452,2,11,1223,26,1945,694,4,135,246,2,253,2,11,387,2,711,26,766,340,4,133,2,875,2,11,1003,26,342,2290,36,2251,109,1902,6251,10,273,1108,1568,36,5269,14,4842,214,344,5,4242,2,335,841,433,13039,12,1083,10,433,84,1880,306,2637,20159 34,14
355,2,11,277,4927,2,43,20160,5,10179 0
1031,4,11,733,2,388,2,26,277,11,168,13040,10,4445,2,65,2,65,7,6,52,700,757,516,4,11,4554,2,323,4,992,2612,424,927,8503,13036,66 0
3576,5968,2922,3575,5968,1993,20161,1088,11440,7,544,367,9,169,8,4,75,879,28,204,4140,13041,1787,20162,4140,13042,1295,344,13043,344,1365,26,75,695,28,3364,214,344,367,5968,4015,752,13034,125,444,12,457,5360,9,2124,8,5968,20163,190,4,20164,1015,5968,4322,266,9,835,8,8502,7404,458,9,654,8,8502,3443,1551,1291,5967,1320,20165,125,444,12,457,1108,1568,5080,125,444,12,457,2630,3655,5080,1587,5968,2141,43,4,75,879,28,761,169,1295,344,4,13044,169,344,4,13045,169,214,344,4,75,695,28,26,1365,447,169,1005,5968,20166,2688,6586,66,389,1218,6586,125,444,12,457,242,5,114,161,424,927,36,1108,1568,56,773,10,433,38,95,428,2,20,382,10,273,84,3113,2,40,1729,168,10,2732 6
3344,20167,8504,2,752,1104,3386,36,540,5849,10,383,352 0
165,4264,36,442,2,632,495,285,36,20,854,2824,151,31,290,87,4017,2,6178,2,237,927,909,2,222,60,84,17,8147,237,795,198,146,2,40,2283,5,40,155,542,12,15,20168,6587,151,31,7401,13,4703,5079,186,535,2,415,36,1044,10,55,448,1916,419,110 0
183,848,20169,251,2,887,374,83,197,1567,6243,6508,422,12,52,197,1567,680,151,1216,286,7,15,3376,316,17,6,97,223 0
1044,557,13,15,3718,5210,2,700,1044,6287,1542,108,115,3481,2,228,26,6588,17,241,233 0
468,7,709,36,125,256 0
257,4147 0
40,50,797,258,27,13038,144,12,35,376,2,8504,1115,13,608,6583,5,2732 0
437,259,198,6585,8498 0
