67,54,4,25145,528,11693,198,599,404,17,112,4,439,7,181,76,5,106 1,1,1,1,1,1,1,1,1,1,1,1,1,1,10,10,1,7
694,30,4,4367,86,10,190,60 1,1,1,1,1,1,1,1
16,21,31,943,754,17,320,129 1,1,1,1,36,1,1,1
16,288,17,279,435,117,65,135,113,19,6,2497,5,109,31,299,48,34 1,1,1,1,1,1,1,1,1,1,1,1,1,1,1,1,1,1
16,109,86,10,1001,140,517,7,2113,5808,6144 1,1,1,1,1,1,1,1,1,1,1
16,14,31,46,88,93,26,739 1,1,1,1,1,1,1,1
150,30,4,1020,21,68,801,13,623,373 1,1,1,1,1,1,1,1,1,1
102,101,4,1665,4,11,199,342 1,1,1,1,1,1,1,1
2251,4,11,277,3,797 1,1,1,1,1,1
1877,4,569,1674,4,216,217,97,222 1,1,1,1,1,1,1,1,1
576,11,1161,715,1453 1,1,1,1,1
1613,4,91,10,463,5,1051 1,1,1,1,1,1,1
1502,4,53,692,2399,1744,5,2321 1,1,1,1,1,1,1,1
145,156,5,239,3,44,304,5,310,3,13,11,1162,11689 1,1,1,1,1,1,1,1,1,1,1,1,1,1
74,143,11,213,3,2443,26,502 1,1,1,1,1,1,1,1
1595,4,11,750,3,743,26,93 1,1,1,1,1,1,1,1
217,562,133,97,222 1,1,1,1,1
217,975,133 1,1,1
2540,4,15,78,1117,1200,3,925,2960,928,204 1,1,1,1,1,1,1,1,1,1,1
1614,4,44,326,327,3,152,5,21,131,2120,246,3,13,11,1128,26,240,857 1,1,1,1,1,1,1,1,1,1,1,1,1,1,1,1,1,1,1
1546,4,25146,1612,4,2470,2182,4,4606,842 1,1,1,1,1,1,1,1,1,1
2793,4,177,4,338,239,3,6087,2494,1472,3,500,25147,626,3,886,66,356 1,1,1,1,1,1,1,1,1,1,1,1,1,1,1,1,1,1
339,4,4367,86,10,191,60 1,1,1,1,1,1,1
50,235,13,201,6,404,17,23,828,269,429,154,5,6,7580,9713,52,422,10,6,2075,1449 1,1,1,1,1,1,1,1,1,1,1,1,1,1,1,1,1,1,1,1,1,1
74,14,232,2511,10,40,1961,5,50,933,4367,16,160,10,86,10,288,10,5649,115,2450,2511 1,1,1,1,1,1,1,1,1,1,1,1,1,1,1,1,1,1,1,1,1,1
119,41,390,15,429,154,19,201,441,1826,10,810,1671,16,21,31,38,626,7,76,12,23,174,120 1,1,1,1,1,1,1,1,1,1,1,1,1,1,1,1,1,1,1,1,1,1,1,1
426,4,3068,1028,7089,3,229,7,15165,25148,205,867,43,8835,662,6918,229,19,2806,558,3,2165 1,1,1,1,1,1,1,1,1,1,1,1,1,1,1,1,1,1,1,1,1,1
