67,54,4,25225,281,297,404,17,25226,19,380,48,453,7,380,1371,994,263,30,7,61,25227,28,14,425,934,37,18,21,7585,15,4819 1,1,1,1,1,1,1,1,1,1,1,1,1,1,1,1,1,1,1,1,1,1,1,1,1,1,1,1,1,1,1,1
18,21,68,1204,48,453,5,25228,13,437,19,380 1,1,1,1,1,1,1,1,1,1,1,1
6,116,197,186,18,14,19,6,2497,5,99,170,435,139,18,488 1,1,1,1,1,1,1,1,1,1,1,1,1,1,1,1
18,14,3106,223,92 1,1,1,1,1
18,98,640,7,1371,994,5,263 1,1,1,1,1,1,1,1
39,25229,11697,927,345,1098,13,315,7402,1943,287,106,6262,875,1498,4948,4611,1235,13,72,285,115,280,39,1212,108,22,32,610,707,215,22,32,3992,780,15185,22,800,125,22,203,547,22,32,348,501,22,69,436,936,15189,99,1238,1787,2260,44,99,1402,3370,99,9718,3133,99,838,3133,44,99,25230,2364,99,9578,874,99,196,77,874,99,506,2260,99,904,2260,99,1011,2260,2455,115,10,54,25231,206,25232,7,4157,15190,385,15186,3,25233,161,15191,2084,25234,15187,25235,25236,3891,341,709,5,25237,238,200,541,1278,206,3,78,986,29,117,728,135,113,25238,3834,504,584,1543,25239,8383,1543,200,124,200,12,99,25240,1698,200,5531,1543,25241,157,2633,2198,3495,157,2633,238,25242,25243,504,3817,357,200,1373,341,266,10,25244,341,25245,5,1229,31,15,137,483,150,25246,15,1460,661,15,71,1020,519,848,36,8485,15,727,58,373,519,71,329,719,329,832,644,76,519,419,519,81,7,25247,8319,25248,249,3,300,3,375,3,446,3,48,34,3,437,3,25249,84,225,99,87,25250,25251,25252,25253,90,174,173,147,13,96,2591,26,182,4,196,3,413,3,412,3,1653,3,994,3,136,3,1596,3,567,3,130,3,155,3,1583,3,861,3,798,3,5863,3,1058,3,273,3,63,3,4061 1,1,1,1,1,1,1,1,1,1,15,7,1,1,1,1,1,1,1,1,1,1,23,1,20,1,1,1,9,9,1,1,1,27,27,1,1,12,1,1,11,1,1,1,17,1,1,1,1,1,1,1,1,1,1,1,1,1,1,1,1,1,1,1,1,1,1,1,1,1,1,1,1,1,1,1,1,1,1,1,1,1,1,1,1,1,1,1,1,1,1,1,1,1,1,1,1,1,1,1,1,1,1,1,1,1,1,1,1,1,1,14,14,1,1,1,1,1,1,1,1,1,1,1,1,1,1,1,1,1,1,1,1,1,1,1,1,1,1,1,1,1,1,1,1,1,1,1,1,1,1,1,1,1,1,1,1,1,1,1,1,1,1,1,1,1,1,1,1,1,1,1,1,1,1,1,1,1,1,1,1,1,1,1,1,1,1,1,1,1,1,1,1,1,1,1,1,1,1,1,1,1,1,1,1,1,1,1,1,1,1,1,1,1,1,1,1,1,1,1,1,1,1,1,1,1,1,1,1,1,1,1,1,1,1,1,1,1,1,1,1,1,1,1,1,1,1,1,1,1,1,1,1,1,1,1,1,1,1,1,1,1,1,1,1,1,1,1
90,8336,26,1808,147 1,1,1,1,1
102,77,1973,379,3251,1150,12,480 1,1,1,1,1,1,1,1
2928,25254,140,382,25255,3632,25256,1651,316,205,4,5460,25257,25258,25259,625,944,25260,3,642,123,25261,25262,3,1110,3,11,750 1,1,1,1,1,1,1,1,1,1,1,1,1,1,1,1,1,1,1,1,1,1,1,1,1,1,1,1
3194,11698,3,2475,3,2498,3,11,25263,6373,25264,330,25265,33,1709,2638,3,11,1296,3,25266,91,3,25267,877,25268,3,11,25269,33,5207,1313,2837,3,204,3,691,3136,25270,33,965,2596,1111,3,11,93,3,25271,33,789,5532,766,1111,3,315,965,25272,33,687,339,31,2837,3,3038,1017,5,3061,3,11,25273,675,25274,10,463,100 1,1,1,1,1,1,1,1,1,1,1,1,1,1,1,1,1,1,1,1,1,1,1,1,1,1,1,1,1,1,1,1,1,1,1,1,1,1,1,1,1,1,1,1,1,1,1,1,1,1,1,1,1,1,1,1,1,1,1,1,1,1,1,1,1,1,1,1,1,1,1,1,1,1,1
25275 1
25276,5,239,25277,7,1811,802,304,5,310,3,11,213,3,11,25278,330,133,675 1,1,1,1,1,1,1,1,1,1,1,1,1,1,1,1,1,1,1
11,621,3,216,26,153,25279,3,11,25280,152,3,1169,246,3,11,1482,246 1,1,1,1,1,1,1,1,1,1,1,1,1,1,1,1,1,1
11,1128,3,11,240 1,1,1,1,1
1051,7,5018,3262,14,1169,246 1,1,1,1,1,1,1
11,120,133,5764,868,291,766 1,1,1,1,1,1,1
3188,522,1493 1,1,1
8920,5,3109,1493 1,1,1,1
25281,3467,186,4928,3,11,3414,8318,19,2051,2471 1,1,1,1,1,1,1,1,1,1,1
489,27,744,444 1,1,1,1
1510,8286,27,744,444 1,1,1,1,1
114,675,12,197 1,1,1,1
762,628,675,3,3117,100 1,1,1,1,1,1
618,1169,246,3,11,6783,3,11,2443,3,11,406,3,471,7,759,3117 1,1,1,1,1,1,1,1,1,1,1,1,1,1,1,1,1
273,1411,1093,1544,928,204 1,1,1,1,1,1
700,2297,5,744 1,1,1,1
3243,154,72 1,1,1
1435,1755,656,2297 1,1,1,1
15192,2141,3,11,3622,3,11,2771 1,1,1,1,1,1,1,1
25282,5,25283,511,204 1,1,1,1,1
1672,2481,1056,675,217,12,233,114 1,1,1,1,1,1,1,1
2993,205,1688,100 1,1,1,1
595,7479,1688 1,1,1
192,5,104,48,94,5,437 1,1,1,1,1,1,1
6,28,21,374,181,11697,927,17,75,18,21,278,13,528 1,1,1,1,1,1,1,1,1,1,1,1,1,1
6,116,37,18,768,508,284,1496,103,325 1,1,1,1,1,1,1,1,1,1
18,38,15,472,904,89,12,808,668,37,20,44 1,1,1,1,1,1,1,1,1,1,1,1
50,46,1564,6,28,10,96,115,13,528,17,268,192,5,62,1011 1,1,1,1,1,1,1,1,1,1,1,1,1,1,1,1
50,41,2970,13,64,11699 1,1,1,1,1,1
6,2097,7,116,191,31,508,2312,695 1,1,1,1,1,1,1,1,1
345,1098,13,315,7402,1943 1,1,1,1,1,1
86,348,3,60,572,3,865,1066 1,17,17,1,1,1,1,1
287 15
19,800 1,12
2112,580,78,986,29,586,3,301,1738,1066 1,1,1,1,1,1,1,1,1,1
106 7
211,3,86,137,39 1,1,1,1,1
4611,1235,13,72,285,115 1,1,1,1,1,1
3796,1251,5,9258,1066 1,1,1,1,1
25284 1
3816,5,2359,417 1,1,1,1
7766,732,1240,1007 1,1,1,1
2728,732,1240,1007 1,1,1,1
1083,9718,1066 1,1,1
149,1066 1,1
96,115,139,154,26,12,6585,129 1,1,1,1,1,1,1,1
25285,8484,3,107 1,1,1,1
