69,49,4,20335,1110,1439,2,2276,20336,13091,2,96 39
20337,140,144,2163,20338,1411,20339,2,5500,20340,536,4,8516,2,10200,485,4,13092,828,58,13091,4,1152,329,17,2337,1034,29,2,10200,8516,2,17,23,860,7,164,313 1
32,329,871,2,552,8516,14,15,2744,200,307,407,13,938,159,7,3922,127,5,149,1899,104,14,6493,5,21,1282,734,115,7,44,2246,627,13,639 10,13
15,415,1149,10201,708,1817,42,329,1164,4368,751,5,1638,786,313,557,13,15,52,1869,2270 3
6,885,7,6,708,563,63,352,1811,17,71,6,29,7200,17,481,606,5,462,2219,17,3222,2754,2,13,63,383,12,118,145,65,1182,10,5440,9,71,14,1944,41,7,3382,1344,118,145,8,2,5,383,12,67,94,65,8486,10,20341,9,13,15,145,94,10202,7,20342,8 0
6,215,20,795,239,10,713,5,2981,406,44,34 4
147,1164,12641,7,20343,438,12,591,2,1088,2,600,5,12327,2,5,68,129,11,166,4583 0
23,78,89,30,14,355,483,5,23,231,77,563,5843,2,2622,2,4432,2,5,2771,9567,998 20
15,134,1001,1075,1164,15,488,367,7,6474,2,544,7,3116,2,5,63,940,7,9365,19,93,122,2,18,14,1442,2,57,1019,407,13,15,121,7,5972,643,2,296,1174,2351,119,1409,5,135,2,67,94,6584,12,6,52,349 11
1078,580,94,20,647,20344,7,1618 0
625,2093,43,3560,13,11,229 0
44,122,20,90,10,452 0
118,122,1164,15,43,246,2,318,970,2,3213,2131,253,2,11,387,26,711 0
263,122,20,536,4,8516,2,10200,485,4,13092,1357,51,1110,1439,2,2276,483 0
336,122,1164,11,336,122,5,171,225,336,243 0
147,1164,43,399,212,5,355,43,147 0
47,177,6,584,1905,7,63,1617,164,505,12,6,52,1869,2270,5,6,9808,7,23,460,1616,1261,164,143,76,32,6,4975,17,23,44,34 3,1,4
92,177,6,2353,71,563,89,364,2109,164,1677,5,380,1071 0
47,1074,11,4394,1348,17,23,2,48,1805,37,6,1071,3737,20,15,1961,252,328,3737,71,176,2900,10,20345,6,1617,505,32,9531,10,89,364,2,71,209,85,55,15,57,9239,1941,2,5,47,177,6,160,10,1208,89,522,7,1616,1261,76,113,31,20346,153,74,3507,20347,5,316,13093,6,4114,7,3507,4910,19,6,3734,2059 0
18,5,23,943,53,781,10,5895,19,472,1348,5,433,168,10,260,42,6,1273,7,6,223 0
108,18,113,3986,10,2110,164,1677,5,380,1071,2,92,40,1384,23,2073,12,507 0
47,50,724,437,12,153,376,6807,10,125,23,12,6,622 0
361,273,31,2899,10,1026,260,108,47,319,55,7,87,241,2262 0
13,619,1646,2,2367,6959,2,96 0
20348,232,31,177,42,240,312,232 0
