67,54,4,25221,281,297,404,17,112,287,140,355,1235,30,7,61,328,6,28,14,425,17,96,115,19,311,483 1,1,1,1,1,1,1,1,1,15,1,1,1,1,1,1,1,1,1,1,1,1,1,1,1,1,1
18,14,464,1204,255,48,453 1,1,1,1,1,1,1
24,63,94,21,68,27,2112,25222,105 1,1,1,1,1,1,1,1,1
18,190,244,60,51,2271,27,85 1,1,1,1,1,1,1,1
18,21,1261,140,19,348 1,1,1,1,1,17
39,30,345,1098,13,315,7402,1943,287,106,212,6262,875,1498,4948,4611,1235,13,72,285,115,280,137,254,1212,108,22,610,707,215,22,3992,780,15185,22,800,125,22,1406,447,22,32,348,501,22,69,81,7,182,90,300,3,375,3,446,3,48,34,150,5,206,30,469,7,4157,25223,163,385,15186,3926,161,920,8483,2084,1037,2686,15187,4952,149,5,689,81,77,316,6674,1217,625,227,665,3,1709,2638,3,1040,91,3,965,2596,2638,3,11,4260,3,11,338,246,3,11,315,965,1685 1,1,1,1,1,1,1,1,15,7,10,1,1,1,1,1,1,1,1,1,1,23,1,1,20,1,1,9,9,1,1,27,27,1,1,12,1,1,26,1,1,1,17,1,1,1,1,1,1,1,1,1,1,1,1,1,1,1,1,1,1,1,1,1,1,1,1,1,1,1,1,1,1,1,1,1,1,1,1,1,1,1,1,1,1,1,1,1,1,1,1,1,1,1,1,1,1,1,1,1,1,1,1,1,1,1,1,1,1,1,1
136,14,332,3,11,910,3,11,687,15188,3,11,6373,638 1,1,1,1,1,1,1,1,1,1,1,1,1,1
4410,7584,675,3,91,10,463,100 1,1,1,1,1,1,1,1
612,304,5,310,13,145,239,5,156 1,1,1,1,1,1,1,1,1
11,213 1,1
214,14,152,3,1169,246,3,11,777,240,26,1061 1,1,1,1,1,1,1,1,1,1,1,1
114,57,675,13,11,93 1,1,1,1,1,1
273,77,14,928,1169,741 1,1,1,1,1,1
192,5,104,212 1,1,1,10
6,28,41,96,115,13,528,17,268,192 1,1,1,1,1,1,1,1,1,1
18,86,49,1406,5,237,166,10,731,134,18,368,1668,10,203 1,1,1,26,1,1,1,1,1,1,1,1,1,1,1
50,2123,10,6,28,37,50,41,1493,40,1771,10,6,528,1180 1,1,1,1,1,1,1,1,1,1,1,1,1,1,1
345,1098,13,315,7402,1943 1,1,1,1,1,1
19,348,3,60,572,3,865,1066 1,17,1,1,1,1,1,1
140,355 1,1
6,28,21,1261,5973,842 1,1,1,1,1,1
18,14,244,25224 1,1,1,1
50,46,1260,10,86,348,5,41,126,288,105 1,1,1,1,1,17,1,1,1,1,1
287 15
19,800 1,12
2112,580,78,986,29,586,3,301,1738,1066 1,1,1,1,1,1,1,1,1,1
106 7
1738,27,2112,3,86,137,39 1,1,1,1,1,1,1
4611,1235,13,72,285,115 1,1,1,1,1,1
3796,1251,1066 1,1,1
96,115,12,4160,129 1,1,1,1,1
3361,8484,3,107 1,1,1,1
