67,54,4,25309,528,11704,1569,124,404,17,112,4,509,6190,369,17,903,7,23,181,76 1,1,1,1,1,1,1,1,1,1,1,1,1,1,1,1,1,1,1,10,10
694,30,4,16,20,95,688,12,1135,10,6,8487,139,61,10,6,5234,124,4727,13,15,1169,563,1076,185,431,12,6,4267,4565 1,1,1,1,1,1,1,1,1,1,1,1,1,1,1,1,1,1,1,1,1,3,3,3,3,3,3,3,3,3
16,526,1156,5,251,7,23,637,309,157,15,755,123,1214,643,2514,357,11705,251 1,1,3,3,3,3,3,3,3,3,3,3,3,3,3,3,3,3,3
16,21,11,116,7,48,34,26,94,3,11,418,437,26,739 1,1,1,1,1,1,1,1,1,1,1,1,1,1,1
16,21,1001,128,140,5,160,10,285,19,37 1,1,1,1,1,1,1,1,1,1,1
80,39,30,4,176,212,4,5629,9719,4,382,42,2522,614,260,220,2829,3,3342,3338,260,3,91,1757 1,1,1,1,1,10,10,2,2,2,2,2,2,2,2,2,2,2,2,2,2,2,2,2
1038,1620,559,1483,42,3,44,759 2,2,2,2,2,2,2,2
5629,8488,4,2528,637,3335,243 2,2,2,2,2,2,2
614,13,637,171,42,243,3,883,614,251 2,2,2,2,2,2,2,2,3,3
883,53,1264,3,1362,309,13,1035,42,243,13,9720,2511 2,2,2,2,2,2,2,2,2,2,1,1,1
9721,1294,42,794,243 1,1,1,1,1
44,6030,3,11,35 1,1,1,1,1
8445,8489,42 1,1,1
11706,13,256,614,251,3,885,834,540,20,359,5,28,775,10,1773,402 1,1,1,3,3,1,1,1,1,1,1,1,1,1,1,1,1
178,142,195,287,39,9,660,8,4,2533,462,22,25,105,236,1632,25,105,754,1160,22,1104,909,108,435,167,48,34,423,1269,25,105,784,707,215,22,22,25,69,2823,9724,25,105,150,30,4,573,4,3006,12,335,82,13,3939,661,4,899,212,3,13,671,431,12,215,82 1,7,15,15,1,1,1,1,1,11,1,1,1,1,12,1,1,1,25,1,1,1,1,1,1,1,1,1,26,1,1,1,9,9,1,1,1,1,1,34,1,1,1,1,1,1,1,1,1,1,1,1,1,1,24,24,24,10,24,24,24,24,24,24,24
38,431,7586,3,583,12,3790 24,24,24,24,24,24,24
206,30,4,16,1197,5914,1422,3,15,8490,163 1,1,1,1,1,1,1,1,1,1,1
16,21,256,9722,1229,51,90,123,279,87 1,1,1,1,1,1,1,1,1,1
16,14,31,920,3,11,727 1,1,1,1,1,1,1
699,4,329,17,171,87,9723 18,18,18,18,18,18,18
81,7,182,4,74,57,11,301,461,708,35,270 1,1,1,1,1,1,1,1,1,1,1,1
233,6,96,15,44,26,72,4,207,4,11707,140,1001,26,140,314,3,421,970,249,26,459 1,1,1,1,1,1,1,1,1,1,1,1,1,1,1,1,1,1,1,1,1,1
413,5,136,4,555,3,616,2914,2419 1,1,1,1,1,1,1,1,1
386,4,263,407,3,1181,1166,3,1753 1,1,1,1,1,1,1,1,1
612,4,122,30,270 1,1,1,1,1
1583,4,1041,2161,26,4074,3,535,1475,3,300,375,2432,3,2203,648,26,446,3,1879,26,3832,554 1,1,1,1,1,1,1,1,1,1,1,1,1,1,1,1,1,1,1,1,1,1,1
798,4,1041,336,27,421,3,798,411,3,861,1419,3,63,12,6,336 1,1,1,1,1,1,1,1,1,1,1,1,1,1,1,1,1
273,4,1563,4075,3,697,3,314,7,889,12,175,412,3,837,26,1507,12,6,764 1,1,1,1,1,1,1,1,1,1,1,1,1,1,1,1,1,1,1,1
1185,4,2927,1368,3,553,411 1,1,1,1,1,1,1
196,4,301,277,26,7925,3,500,1064,7,322,1371,3,3280,84,12,978,26,1677 1,1,1,1,1,1,1,1,1,1,1,1,1,1,1,1,1,1,1
1596,4,1393,3,1968,3,2486,26,1585,1098 1,1,1,1,1,1,1,1,1,1
1058,4,266,188,34,3,618,34,3,618,474 1,1,1,1,1,1,1,1,1,1,1
102,101,4,5850,4,1130,1612,4,335,2102 1,1,1,1,1,1,1,1,1,1
156,4,856,1665,4,11,199,342 1,1,1,1,1,1,1,1
2251,4,11,277,3,797 1,1,1,1,1,1
1877,4,569,1674,4,216,217,97,222 1,1,1,1,1,1,1,1,1
576,11,1161,715,1453 1,1,1,1,1
1613,4,91,10,463,5,1051 1,1,1,1,1,1,1
1502,4,53,692,2399,1744,5,2321 1,1,1,1,1,1,1,1
145,156,5,239,3,44,304,5,310,3,13,11,1162,26,1094 1,1,1,1,1,1,1,1,1,1,1,1,1,1,1
74,143,11,213,3,2443,26,502 1,1,1,1,1,1,1,1
1614,4,44,326,327,3,152,5,396,3,13,11,1128,26,240,857 1,1,1,1,1,1,1,1,1,1,1,1,1,1,1,1
1595,4,11,93 1,1,1,1
217,79,100,1546,4,3089,177,4,44,338,239,13,4051,70,3105,1528,893 1,1,1,1,1,1,1,1,1,1,1,1,1,1,1,1,1
74,57,244,381,4043,12,1036,2712,2611,3651,5,2773,6,565,14,886,1664,95,149,4,12,1604,96,23,99,112,23,486,393,20,2030,3,1380,586,3,926,171,5,580,5175,8198,20,25310,192,5,104,4,16,14,191,334,60,27,40,802,5,21,11,116,16,41,557,19,23,61,39,5,50,41,122,201,465,12,1033,87 1,1,1,1,1,1,1,1,1,1,1,1,1,1,1,1,1,1,1,1,1,1,1,1,1,1,1,1,1,1,1,1,1,1,1,1,1,1,1,1,1,1,1,1,1,1,1,1,1,1,1,1,1,1,1,1,1,1,1,1,1,1,1,1,1,1,1,1,1,1,1,1,1,1,1
3498,1028,6922,3,229,710,47,11708,426,4,25311,9725,107 1,1,1,1,1,1,1,1,1,1,1,1,1
205,867,43,3498,1028,6922,3,229,607,161,4,603 1,1,1,1,1,1,1,1,1,1,1,1
