69,49,4,20555,507,8531,3430,308,581,17,101,4,44,34,957,30,4,1749,292,345,13,116,2,254,2,120,2,13159,1615,2140,71,20,2154,3285,593,353,7,6,2120,10,269,279,13,734,1277,7,52,1288,34,5,44,34,17,6,78,183,3937 10,5,13
117,24,555,2,16,543,3771,7,218,2256,5938,2,7423,269,12,20556,239,10,844,714 2,4
16,237,543,176,1944,5,429,1164,406,3653,76,13,15,8384,505,71,20,480,13,13160,369 3,2
16,39,1972,1853,532,8545,151,16,1220,10,3292,939,422,5,366,71,21,110,3806,10,115,27,468,1170,63,1996,89,322 0
16,237,543,540,429,12,5087,71,604,12,369,5197,7,158,269,369,5,20,5167,13,15,5389,98,1163,675,2671,369 3,2
16,267,991,1972,1853,117,24,369,12,5087,5,16,20,44,34,739,532,173,15,376,146,151,16,166,3872,44,34,5,52,1288,34,37,20,1084,10,24,91,44,34,12,6,78 0
6,34,20,362,939,5,8207 0
16,85,166,2230,834,939,366,32,57,2,645,16,21,2271,61,4512 0
16,88,87,655,2,702,2,386,79,26,396 0
16,21,61,2492,13,192,77,2,317,211,5,473 18,32
16,14,281,44,34,739 0
78,89,30,4,120,116,254,178,10228,98,102,1615,2140,7422,9,2352,10,4333,2,2120,10,602,2,2120,10,269,8,103,3098,2776,269,2758,2547,2,103,5726,369,10,269,8544,2,103,2671,369,10,751,269,5087,91,429,5087,4,1006,102,1261,178 3,2,5,13,1,10
861,2352,10,3205,2,861,2120,10,602 3
1627,2120,10,269,32,498 3
284,41,4651,5197,7,751,269 3
685,103,72,2599,8533,363,159,146,52,3348,2362,1219,103,555,914,832,955,77,4,910,1361,3273,1206,32,575,8003,172,9,172,8003,8,370,22,9,370,22,45,60,35,8,25,33,46,45,9,62,8,4024,130,22,9,130,22,45,60,35,8,25,33,46,45,9,62,8,4742,2,20557,9,20558,6609,8,594,22,9,594,22,595,60,35,8,25,33,2,60,13,1341 18,2,24
46,595,9,62,8,787,105,22,9,105,22,45,60,35,8,25,33,46,45,9,62,8,1943,3856,9,1565,8,284,22,9,284,22,2924,3194,60,35,8,25,33,46,2924,20559,9,2649,1581,1062,347,8,25,46,45,9,62,8,210,9,894,8,130,22,9,130,22,45,60,35,8,25,283,46,45,9,62,8,556,1503,3462,22,9,244,22,45,60,931,8,25,59,46,45,9,62,8,737,9,1133,8,109,22,9,109,22,45,60,35,8,25,33,46,45,9,62,8,3417,130,22,9,130,22,45,608,60,35,8,25,33,46,45,9,62,8,473,9,1828,8,449,22,9,449,22,45,60,35,8,25,33,46,45,9,62,8,7424,9,7432,1087,8,25,59,46,2924,10243,13161,9,20560,13161,8,51,2411,1206,59,142,10,137,1047,1836,36,1566,4,250,206,177,208,310,36,1566,4,339,1214,206,177,208,7431,36,1566,4,5794,206,177,208,635,36,1566,4,2297,206,177,208,5056,36,1566,4,713,206,177,208,128,30,4,603,261,178,179,30,4,295,13,503,12,8534,2,8535 19,1,29,28,20,32
994 0
1590,1818,10229,98,154,831 38
1600,430 0
163,7,213,4,66,12,790,150,271,2632,12,234,93,122,4,1669,4,1182,2121 0
145,4,564,1080,41,628,1635,4,11,673,2,720,26,79 0
171,582,243,86,229 0
171,904,243 0
1671,4,43,300,302,2,133,5,375,2,13,11,953,26,342,1139 0
1515,4,52,719,2624,1706,5,2428 0
135,145,5,212,2,43,246,5,253,2,13,11,1093,26,970 0
68,129,11,387,2,2844,26,711 0
1670,4,90,10,452,1876,1751,4,171,293,243,13,43,2427,2,11,229,2,487,3935,601,1978,4,1186,2,822,2302,4,11,690,2,822 0
1750,4,11,180,326 0
1602,4,20561,2723,4,15,75,1179,28,985,1094,2,951,3193,992,175 14
147,4,764,27,20562,2,269,2,3091,2,11,180,8415,1278,142 0
11,142,1323,10,158,999,426 0
1786,134,258,4,1825,49 0
