69,49,4,20550,507,8531,3430,308,581,17,101,4,103,164,1992,13,959,2671,369,10,269,957,30,4,6,29,14,15,546,292,345,13,15,30,7,116,2,254,2,120,2,178,5,555,1615,2140,71,20,2154,3285,593,353,7,6,2120,10,269 2,5,13,1,10
91,561,20,716,12,2758,1993,5,543,3771,7,218,2256,5938,2,7423,269,2,48,578,2406,504 3,2
16,20,265,10,10225,12,176,1944,5,429,1164,406,3653,76,13,15,8384,505,71,20,480,13,20551,5726,369 3,2
16,39,1972,1853,532,173,153,376,146,151,16,1220,10,3292,939,422,5,366,71,21,110,3806,10,115,27,468,1170,63,1996,89,322 0
16,658,80,17,429,71,604,15,280,238,525,10,6,158,269,369,71,20,861 3
6,505,20,5167,13,15,5389,98,1163,675,2671,369 2
16,14,110,265,10,6,507,441,17,304,746,1649,5,2418,10,13157,308,34,739,5,2062,185 0
78,89,30,4,120,116,254,178,10228,98,102,1615,2140,7422,9,2352,10,4333,2,2120,10,602,2,2120,10,269,8,103,3098,2776,269,2758,2547,2,103,5726,369,10,269,8544,685,103,72,2599,8533,363,159,146,52,3348,2362,1219,103,555,914,832,955,142,10,137,1047,1836,36,1566,4,250,206,177,208,310,36,1566,4,339,1214,206,177,208,7431,36,1566,4,5794,206,177,208,635,36,1566,4,2297,206,177,208,5056,36,1566,4,713,206,177,208,179,30,4,295,13,503,12,8534,2,8535 2,5,13,1,29,10
994 0
1590,1818,10229,98,154,831 38
1600,430 0
163,7,213,4,66,12,790,150,271,2632,12,234,93,122,4,1669,4,2121 0
145,4,3387,4,1569,12 0
2497,4,3702,727 0
1750,4,11,180,326 0
2302,4,11,690,2,822 0
1751,4,171,293,243,13,43,2427,2,11,229,2,487,3935,601,1670,4,90,10,452,1876,1515,4,52,719,2624,1706,5,2428 0
135,145,5,212,2,43,246,5,253,2,13,11,1093,26,970 0
68,129,11,387,2,2844,26,711 0
1671,4,43,300,302,2,133,5,375,2,13,11,953,26,342,1139 0
1635,4,11,673,2,720,26,79 0
171,582,243,86,229 0
171,904,243 0
1602,4,5951,4,9985,923,9,515,10,109,8,4,515,147,4,7861,1572,1516,2,269,2,3091,11,180,142,1786,134,258,4,20552,298,7054,2,266,1280,2,5228,10242,649,3622,2,524,2127,2,824,2501,2,379,1143,2,792,1571,320,4,546,292,345,13,178,103,555,13,859,269,593,353,103,269,1527,8544,110,13,844,115,514,10,50,15,280,269,238,37,20,2671,5167,80 1,2
242,5,114,4,623,4,34,739,5,2062,185,2,492,5,111,12,199,502,126,231,89,322,5,707,120,4,333,425,2,707,13158,5,3181,32,865,241,1492,119,608,6607,560,1363,941,36,1133,12418,109,22,25,82,36,172,1721,1722,9,211,1721,1722,8,370,22,25,82,36,894,130,22,25,506,36,1828,20553,449,22,25,82,36,7913,130,22,25,82,36,4742,594,22,25,82,36,787,105,22,25,82,36,1943,3856,1380,1062,284,22,25,82,36,2649,1581,1062,347,109,2023,25,82,36,556,1503,1247,22,25,59,36,921,7858,9,1710,22,8,35,347,1160,513,83,5616,98,102,1272,138,36,3417,130,22,25,82,36,7432,823,22,25,82,7433,2060,8070,2,1162,705,46,20554,2495,42,4,7433,54,8070,681,809,42,7433,2060,8070,2,1162,1655,139,4,678 24,5,19,18,29,28,20,32
