69,49,4,20563,8546,10244,101,64,4,5088,3898,49,7,101,4,20564,384,4,2576,2211,2,116,2,254,2,120,234,4,136,1082,97,101,2,701,507,536,23,112,5,1288,34,650,639,2,58,4743,104,404,37,18,21,185,714 5,13,10,4
16,909,37,18,7260,23,89,583,42,734,23,1318,5,7197 19
27,38,845,2,18,21,264,23,1318,10,51,3392,6423,119,107 19
18,404,1691,19,38 0
11,1251,26,618 0
18,14,85,781,10,247,3308,32,2076,32,648,13162,56,1833,1674,33 28
411,460,13163,1288,422,748,100,1965 0
11,44,94,26,1288,422,27,468 0
18,21,31,2476,87,616 0
278,2,21,31,61,382,10,383,23,857,3333,18,20,31,718,6,4900,1521,5,209,2099,286,108,18,20565,10,937,909,262 25
85,321,13164,136,1082,97,101 29
21,31,1282,87,976,3732,26,1848,394 0
21,316,61,19,38,17,51,236,645 0
11,1403,28,199,2437,28,699,57,1172 0
1185,699,94,2,4625,12,52,1373,28,1234,1248,12,895 0
167,81,341,3212,2377,7,668,876,4,1235,35,2,110,103,8547,522,2,453,42,2047,1229,1168,565,3439,7434,4,103,955,58,7270,77,172,9,896,547,8,474,22,9,925,45,60,35,8,25,33,46,365,45,9,62,8,1201,9,2196,8,196,22,9,626,45,60,35,8,25,59,2,3572,1070,46,10245,46,2287,45,9,62,8,1010,244,22,9,768,45,60,35,8,25,33,2,3572,1070,46,5502,46,365,45,9,62,8,1833,1087,9,1943,3856,9,1565,8,8,154,22,9,154,22,2924,3194,60,35,8,25,33,46,365,2924,857,9,131,3050,8,204,4744,3053,1496,405,32,575,2,13165,297,1253,5,109,190,27,420,3572,1070,46,5502,46,102,376,9,62,8,2205,310,823,22,9,3021,45,60,35,8,25,59,46,2287,45,9,62,8,556,1503,196,22,9,626,45,60,35,8,25,33,32,575,2,51,25,509,5,35,25,506,46,2287,45,9,62,8,737,9,1133,8,83,22,9,83,22,45,60,35,8,25,33,98,365,123,46,365,45,9,62,8,1523,13166,405,1759,32,575,2,5480,297,1253,2,5480,297,3133,2,6141,297,2005,46,462,5975,10246,153,1014,6166,215,2234,35,405,59,46,102,376,9,62,8,2205,1703,105,22,9,390,45,60,35,8,25,283,46,365,45,9,62,8,4745,5975,8548,857,131,3192,1211,190,405,33,2,3572,1070,46,5502,46,102,376,9,62,8,2205,8061,9,7116,1291,4275,9,8173,8,8,35,3053,405,1519,98,9961,123,2,161,9683,5,8549,35,3053 5,25,19,13,18,26,28,20,33,21,17
13167,412,349 0
165,361,1655,1291,3867,12,6,2116,10205,13168,9,26,5071,6,4431,12,5897,108,11,2116,1610,8 0
46,35,3053,137,2927,36,905,1047,1836,36,250,2,1881,4,706,7313,28,1591,6472,98,462,831,430,4,152,20566,840,4,152,1100,4,2536,65,8550 38
924,17,2822,159,10,10247,2,1185,3840,32,199,2,4677 0
21,51,726,5,614,2841 0
21,51,10248,2,35,295,12,10017,5,35,12,10249 0
11,5446 0
10250,10251 0
943,21,13169,878,335 0
990,4,9,11,334,8,216,2079,2947,2,254,261,120,12,603,9,10252,12,24,6409,8,261,4746,650,551,9,10253,12,10254,477,20567,98,51,13,3514,9,1611,10255,9,11,334,8,216,6610,2,3267,2,620,2,5503,2,592,2,878,261,1023,332,12,23,477,2,1224,1510,10256,9,11,334,8,216,10257,1033,274,9,11,334,8,216,1023,1981,2,10258,7323,9,11,334,8,216,385,2,877,2,6799,2,588,3289,9,261,8,216,2711,12,10259,9,11,334,8,216,438,2,5872,2,3746,261,1122,12,23,477,20568,12,51,20569,261,2469,273,12,4538,638,4,20570,1332,5901,738,41,628,1776,727,20571,224,4,20572,1019,600,12,436,202,4,822,2,725,2,570,2,1504,28,1169,10,1021,487,2,54,2839,650,3973,7435,4713,28,157,650,324,2839,5,688,2951 10,5
1369,4,1398,650,199,662,1129 0
11,856,2,1223,2,26,942,694,4,418,2,20573,2,11,1058,516,4,3384,2,11,79,833,4,1909,292,600,13,637,7,116,2,254,2,120,2,565,2,876,332,629,17,2576,7,306,89,709 5,13,10,33
35,8,120,4,1224,1510,1611,5380,2,2154,381,981,103,2324,1755,5,218,527 5
373,134,20574,1098,4,2687,41,2,214,1787,913,7,75,879,28,2687,41,5,2043,1323,10,3044,41,136,383,12,857,262 25,6
222,31,2404,1191,2940,80,48,589,10,444,37,23,797,358,12,221,411,2291,256,913,5,37,23,4551,1794,5,301,17,20575,14,27,2005 0
937,909,1312,59,2657,7,857,5,2933,109,190,12,852,2,48,31,382,10,1150,1911,65,13170,28,285,37,17,106,10260,84,262,31,97,17,934,697,8115,37,648,433,419,358,338,650,59,2657 25
285,37,18,40,218,301,10,1248,23,852,262,7,1523,56,56,887,1098,1611,5976,56,56,126,310,3021,59,2,857,20576,509,5,1523,1397,48,85,2933,109,190,7,857,12,852,56,56,126,358,1649,17,218,301,17,241,3361,10,322,56,56,13171,389,13172,4,10261,256,913,7,75,879,28,154,28,50,1074,142,10,111,322,5,111,110,667,913,28,40,887,956,8551,12,5976,56,56,3690,4,13173,42,608,5504,28,267,5977,56,56,8552,4,64,650,218,381,527,5,5767,13174,28,20577,10,8552,17,241,203,5,1649,27,498,101,56,56,111,4,667,913,19,669,2,13175,2,556,5,737,56,56,5387,544,4,3681,256,913,7,75,879,28,204,2,31,19,1226,28,321,635,71,20,3665,1510,915,2297,5,1848,394,9,324,1321,5,867,8,28,64,21,321,13164,5,479,10,55,448,57,19,38,56,56,13176,8553,6502,56,56,285,1546,1549,28,64,2878,48,1492,19,13177,4074,6611,333,56,56,285,2189,7,616,274,28,64,10,954,4074,6611,333,28,56,56,1772,4,5387,56,56,1401,13178,4,1401,1771,5977,28,3337,8554,80,51,8,116,4,1224,1510,12,1611,13179,111,214,1787,913,80,19,231,322,7,669,768,33,2,1201,626,59,2,556,683,59,5,737,83,22,33,71,479,10,55,6612 25,19,13,29,26,20,21,17,11
40,31,1029,87,1317,142,136,64,14,2788,19,2933,1833,1674,32,2076,32,18,431,84,65,13170 28
20578,2175,481,2,132,6550,2,335,918 0
56,56,10262,252,649,333,2,616,274,56,56,126,669,768,33,2,1201,626,59,2,5,556,683,59,2,5,737,83,22,33,56,56,177,10263,17,71,18,454,5165,3642,89,2405,102,8,1899,4,13171,544,3681,256,913,7,75,879,28,204,124,120,5,218,178 5,19,1,10,20,21,17,11
64,650,2001,51,223,2390,7,635,13180,1510,915,2297,5,1848,394,48,324,13181 0
64,110,19,1703,98,51,236,5,479,10,55,6612,2320,2468 21
428,177,380,663,1806,5,18,2633,10,750,650,87,1446,26,1135,56,56,126,1703,390,283,28,13182,380,663,1806,5,2179,10,750,650,1446,56,56,64,2179,37,18,40,301,540,945,5,1321,12,1611,6165,236,117,1312,20579,28,40,155,27,400,101,56,56,909,252,367,333,183,8,218,185,13183,28,110,103,507,2,470,650,58,4743,104,404,37,979,1464,1126,185,13183,5,21,909,2390,7,20580,89,583,650,3308,5,20581,17,110 1,21
177,470,4565,13,29 0
278,2,108,38,113,31,500,2,40,539,380,20582,215 0
64,479,10,55,2571,383,12,1318,5,21,31,1911,321,1833 28,19
134,544,256,913,48,1053,3870,1226,393,40,301,2576,10264,12,1611,183,236 0
56,56,126,211,474,22,33,28,264,556,683,59,2,3122,2,5,1703,390,283,56,56,2576,1115,650,608,4743,12,1611,35,223,56,56,64,10,1495,1833,1674,32,2076,32,5411,65,8555,83,8,52,1373,7278,4,52,2839,650,3973,1667,7435,4713 19,18,28,21,17
13184,1373,650,275,2730,5,20583,7,324,2839,304,6908 0
64,6516,991,2010,7,3372,650,808,7,324,895 0
64,549,57,304,6908,650,11,618 0
20584,380,618,5,18,40,4821,12,10265,674,17,15,434,5,1029,1769,37,18,113,31,3292 0
259,8,4032,4,56,56,20585,1401,1771,56,56,40,881,8554,80,56,3538,881,8556,80,10,273,28,56,56,2576,19,1320,56,2510,10,1022,6613,64,10,1542,12,1611,35,2207,26,3027,108,865 0
