69,49,4,20718,3898,2,5088,20719,20720,7208,7436,2,96 39
10267,3035,144,2,378,325,1347,13217,1411,2,4075,12592,20721,13218,2,8550,20722,828,7208,2,47,39,6,1068,7,930,38,29,12,6,507,308,27,6,10267,3035,144 0
136,47,97,701,552,3898,2,18,543,15,7334,164,143,703,162,2,378,9350,10,6,52,794,4370,143,2,739,70,1410,593,10,6,4903,3069,1871,7,6,52,1869,2,5,5284,2430,1107,593,10,6,806,4370,1871,7,6,70,164,143 2
18,1620,6,162,791,57,5,39,15,1396,997,1682 0
281,2,18,14,448,106,748,2,48,14,411,699,791,2948,5,15,2328,20723 0
278,2,23,1417,113,977,419,271,158,10,6,162 0
18,21,106,2348,1494,1166,34,2,48,84,21,504,136,23,377 0
231,77,4,161,172,370,22,82 18
165,20724 0
186,2798,1296,22,327 20
2865 0
249,787,130,22,327 0
82 0
351,3644,105,2023,327 0
82 0
459,5505,758,22,82 0
636,771,204,22,327 19
1190 0
843,1703,105,22,327 29
82 0
1038,787,130,22,327 0
82 0
1065,888,2,2311,1345,2,1895,2,2084 0
3288,560,2614,4,161,2927 0
165,1047,1836,2,250 0
186,8561,2,9591 0
19,93,122,2,118,145,474,2,67,94,20725,2,5,121,7,12702,12,224,2,18,14,57,1019,2,12,11,1451,326 0
1078,580,94,14,259,601,7,1618 0
625,53,171,2,11,229 0
6,44,14,90,10,452,5,1043,2,15,3039,6615,4823,2,135,145,5,212 0
11,182,387,2,766,2,26,711 0
187,4,133,2,375,2,1774,2,11,342,2,229,2,1119 0
217,4,5235,79 0
163,7,258,5020,20726,2,633,2123,2,331,1789,2,3081,723,2,3190,723,2,488,367,1951,2,1587,2501,2,940,2277,2,5,544,9129,12,1246,2,6,29,14,15,8392,407,139,304,555,2,448,57 2
18,113,2122,10,55,829,1131,4834,80,2,1195,47,40,1029,6,640,560,3361 0
32,2468,32,23,91,257,2,648,40,228,10,172,474,22,82,2,633,105,2023,82,2,235,130,22,327 18
1004,2,556,2461,204,22,327 19
82,2,5,1703,105,22,327 29
82 0
47,40,2399,23,235,19,63,1287,1988,10,50,23,1882,20727,643,10,1723,23,255,7,194,32,57,32,23,79 0
92,40,3691,3748,10,4902,258,32,57 0
47,40,125,23,428,12,51,236,1643,95 0
361,977,739,10,1026,260,13,87,1135 0
20728,1646,2,526,5089,4743,2,96 0
813,20729,4019 0
