69,49,4,20815,1415,244,2,20816,5365,6212,2,96 39
20817,378,325,7039,35,20818,20819,536,4,2367,531,485,4,20820,2321,4,20821,20822,4,20823,828,608,6212,2,287,2367,531,808,17,437,12,6,949,308,80 0
16,411,21,182,572,748,2,5,16,14,7066,2334,27,140 0
16,21,31,2862,87,182,6779 0
16,21,803,5,2793,7,24,744,2,48,68,21,61,11,957,228,12,24,115,136,24,97,101,12,1452,13251,77,4,960,1953,291,2,235,446,82,2,172,2,230,626,82,2,3268,491,2,1703,390,2,742,5,7393,5059 23,19,18,29
122,4,821,37,590,1011,12,6,882,14,43 0
16,21,1849,1744,3074,1355,7,6,1585,2,617,10,395,27,6,1389 0
3442,74,215,14,318,2,5,6,29,21,572,1488,86,2262 0
1170,6,1563,7,1099,2974,2,16,14,411,382,10,977,2318,2325,27,6,13252,2086,12,24,744 0
2959,5,7439,466,53,1459 0
467,163,4,6,29,113,50,15,1467,252,5057,7,7441,975,12,6,1581,8123,2339 0
38,14,869,1323,10,6,498,708,346,12,1415,13251,38,373,218,14,15,8285 0
320,5,2912,4,6,29,21,1073,425,81,2,1180,42,5200 5
6,7441,975,14,63,7294,5216,5,14,1664,31,10240,17,24,336,527 0
124,37,6,7441,975,21,31,1599,12,5057,26,9563,47,273,31,2242,37,68,14,15,301,17,1317,1011,27,38,1235 0
16,40,126,13,960,10,4010,24,4387,115 0
47,50,6379,170,10,954,5,2712,199,381,338 0
437,12,259,198,1027,2,6509,11723 0
