69,49,4,20885,1452,4818,2,3362,5508,6621,2,96 39
5092,378,325,1124,5092,6617,144,1080,6907,1411,7442,2,1141,7443,536,4,3557,2,5093,485,4,7445,828,5508,4,47,1053,39,6,1068,7,930,552,3557,17,15,207,100,562,122 0
18,21,61,3350,185,136,47,701,23,97,12,1231 0
18,21,39,363,534,7,44,422,4795,32,15,2246,71,21,61,791,1666 0
6,1277,21,61,553,271,153,95,119,376 0
6,97,2313,922,434,18,20,748,12,15,6170,6258 0
18,986,10,974,5,23,3734,660 0
18,21,31,39,87,627,255,7,194,26,969 0
18,21,39,11,115,7,562,313,2,7098,1666,7447,2,20886,2,26,11720,11721 0
18,88,756,48,113,605,10,168,34,2,225,700,34,13,748 0
18,411,586,2793,7,362,744 0
18,589,10,55,5729,42,2540,32,57,32,1274 0
23,231,89,322,1128,2196,449,22,327 17
1004,2,1606,677,284,22,327 20
641,2,172,370,22,327 18
641,2,894,130,22,327 10
641,2,556,1247,22,327 19
1004,2,1692,314,83,1252,1859,123,119,223,5,5672,1252,248,123,119,223,2,787,105,22,327 0
998 0
4661,2,2923,1345,8570,22,327 0
7733 0
9,17,4281,8,2,921,4661,2,5826,462,22,327 28
20887,2,1889,462,22,327 0
5769,2,1042,5714,1776,22,327 0
998 0
5,3096,761,22,327 0
2718 0
19,122,18,479,57 0
121,14,3116,643 0
67,94,14,8571 0
118,145,14,196,5,135 0
112,1486,53,259,601,256,6,751,70,3229 0
68,53,225,293,229 0
226,53,6336,10,1043,5,90,10,452 0
19,91,73,6,1457,14,12,6,5060,10280,2980,27,6,9199,1597 0
68,14,15,395,52,719,6901 0
6,523,118,3733,14,43 0
6,1154,3557,2,5093,485,4,7445,1452,4818,2,3362,3351,14,2131,3213 0
68,14,15,1840,1812,751,653,417,27,6,1709,5,15,1840,1812,653,872,417,1264,6,52,1494,2027 0
68,14,15,6226,118,3733,27,6,1709 0
263,122,821,11,342,2,11,953 0
217,53,686,17,171,225,582,243,2,782,225,2104,143,703,593,243,2,1849,225,1063,243,2,395,70,2493,2293,2,1849,70,806,2104,5,1849,52,904,243 0
23,1322,482,399,2227,13,523,1563,1241,984,5,584,1905,7,15,158,3905,729,743 2
68,21,61,11,1394,228,136,1231,564,2,7411,293,3881,1575,122,716,19,1426,2298,2,3362,227,15,1516,41,238,7,6,70,378,293,143,5,15,196,41,238,7,6,52,378,293,143 0
6,4933,7,6,70,378,293,143,5,6,1687,12490,7,238,20,553,271,84,39,61,12,1415,7411,593,2145,1156,19,1426,2298,2,3362,1164,861,52,13269,2104,143,703,593,13,264,9439,557,13,15,1441,271,449,41,238,27,6,751,1726,542,5,38,20,264,65,15,708,7,2229,5308,2,7411,6,70,20888,2293,1148,703,593,20,861,13,11,160,7,182,3606 0
12,1246,2,23,167,3871,10,38,101,563,4,161,164,143,76 1
139,304,164,143,703,162 2
2352,10,6,269,5,10298,10,6,2032,5,7408,52,719,1871 0
18,21,847,5,214,1666,534,7,714 4
47,50,1805,2628,23,231,89,322 0
32,166,937,2,47,4624,10,4010,23,2995,2638,23,115,3481 0
165,293,143,76 0
18,14,1433 0
47,1491,9100,4104,13,293,1575 0
186,336,1148,76 0
362,4300,53,861,48,6,52,13269,703,593,479,42,1575,10,50,15,182,238 0
47,50,963,23,10,1022,38,5216,13,329,241 0
3557,2,5093,485,4,7445,1452,4818,2,3362,7285,249,789 10
15,1001,1835,40,55,1453,80 0
351,653,417,5,13270,2929,1210,17,4206,1564 0
47,221,9370,23,387,2,71,129,5313,541,9570,5,1271,2075,2,13,63,1134 0
1027,2,4420,20889,2,96 0
384,4,9989,4362,20890,2,96 0
343,162,5092,6617,144,105,6907,1411,7442,2,1141,7443,20891,232,31,177,42,240,312,232 0
