69,49,4,13267,1452,5681,2,2134,5508,6621,2,195,5092,378,325,1124,5092,6617,144,2744,6907,1411,7442,2,1141,7443,536,4,3557,2,5093,485,4,10293,828,5508,4,47,39,6,1068,7,930,153,7,1034,3204,2,552,3557,2,12,784,562,308,80,17,437,139,304,164,143,703,162 39,2
32,329,871,2,552,3557,21,61,460,15,10297,78,376,13,734,534,7,2544,44,422 0
153,656,2313,432,20880,151,18,20,797,5,983,2313,434,18,20,12,15,12240 0
362,7,472,534,129,1359,13,3178,3982 28
47,221,1847,173,23,422,490,7,63,2085,6622,1149,708,1508,7446,8510,19,23,215,5,6,1708,37,84,20,1359,42,3982 28
281,18,88,87,702,2,655,26,44,422 0
18,589,10,50,168,5,225,700,34,5,21,61,290,5720,13268,17,37 0
19,93,122,2,18,14,63,2071,2,1847,2,2024,407 0
67,94,14,5772,12,6,52,349 14
1078,580,296,14,31,3882 0
18,21,225,293,229 0
44,73,14,90 0
91,73,482,63,970,1422,2,15,43,246,2,15,3213,2131,253,5,15,1812,653,417,27,6,52,1494,2027 0
263,73,14,599 0
336,73,482,617,904,79 0
147,482,399,2227,27,15,145,7,196,2351,119,1409 0
68,53,513,1672,12,3330,814,3629,2,557,13,63,307,3905,371 2
6,3112,20,355,869,1323,13,498,6329 0
536,4,3557,2,5093,485,4,10293,36,51,36,1452,5681,2,2134,320,4,47,880,92,454,1384,552,3557,17,15,6622,7330,215,32,2076,32,380 0
108,18,319,352,19,38,215,2,37,209,55,1242,419 0
151,6,457,53,168,2,47,40,433,168,329,995,241,1348 0
784,3290,14,37,92,40,31,50,10,20881,23,428 0
108,92,273,2,47,221,6383,10,273,393,13,1583,1071,5,1527 0
12,6,3157,2,47,50,3501,23,65,1266,130,22,10,210,130,22,15,107,12,6,7083,7,20882,23,544,367,10,6,280,7104,7,3816,23,498,544,367,20,20883,47,85,1805,10,23,12,6,3157,10,2803,423,19,23,93,2874,532,92,871,6,457,7,6,7330,215,5,85,10,11745,153,656,7,23,2414,1528,17,23,168 29
361,2836,260,871,108,329,50,87,241,1135,26,1446,995,38,29 0
428,2,1152,329,17,2337,23,10,1082,308 0
13,619,1646,2,8240,1647,7444,2,195,20884,232,31,177,42,240,312,232 0
