69,49,4,20892,507,8572,89,538,581,17,101,4,287,8573,14,201,12,207,100,17,6828,2,535,1644,2,164,328,811,2,358,1214,2,565 33,39,2
957,30,4,6,29,5460,37,16,74,61,699,3350,57 0
16,1351,7,1251,151,16,7818,423,71,14,2716,316,2219,5,20893,6,20894,16,9880,24,392,19,24,4683 0
16,1379,153,2016,191,6,78,259,198,17,3859,621,466 28
16,113,841,50,87,939,740,10,1208,714 0
11,892,2,11208 0
11,396,2,11,134,121,274 0
179,30,4,589,10,500 0
3769,2648,10,2470,500,12,24,9998 0
228,12,2511,5,3011,211,370,22,25,33,247,4,5509,473,1541,25,33,247,4,5509,771,677,768,25,33,247,4,5509,210,491,25,33,247,4,5509,184,109,22,25,33,247,4,5509,933,390,25,33,247,4,5509,1833,154,22,1565,25,33,247,4,5509,235,491,25,33,247,4,5509,163,7,213,4,373,134,1198,20,12665,11,150,280,709 19,18,29,15,28,32
93,122,4,1602,4,11238,1669,4,449,2497,4,1776,1750,4,11,180,326 14
2302,4,1234,1395,65,505,19,412,168 0
11,484 0
1978,4,483,1751,4,625,171,86,229 0
487,11,1078,580,1386 0
1670,4,90,10,452,5,1043 0
1515,4,246,253 0
133,52,1494,2027,5,1424,417,1840,989,86,993 0
1671,4,43,300,302,2,463,2,133,5,375,2,13,11,953,26,342,1139 0
1635,4,395,79,193 0
20895,3466,4,66,2723,4,2775,2,1025,731,2,863,1478,1738,825,167,4,729,743,9,2506,8,30,7,1424,12714,535,1644,30,7,565,358,1214,30,7,242,5,114,4,287,8573,14,448,3350,57 33,2
47,880,84,209,55,2401,10,1150,15,415,215,490,16,14,31,2237,529,2,21,358,1214,5,454,55,13271,13272,17,164,143,76,1607 0
544,913,454,55,13273,5,210,14,264,10,390,1090,12,38,2834 29
111,913,454,55,1725,653,5,184,14,264,10,390,65,491,12,38,2834,2 15
16,14,3853,1428,10,3105,13274,38,2470 0
356,259,198 0
1066,297,101 0
147,4,399,212,2,1295,52,1000,2823,2,70,3209,1871,984,13,2506,371,2,11,180,142,384,4,2740,7448,2,195,681,809,42,5932,289,10299,195,19,176,1163,2,2276 2
