69,49,4,20922,507,4750,4751,144,581,17,101,4,44,34,957,30,4,1724,4,3275,287,10304,14,15,1956,1576,471,13,216,178,103,269,1527,9,5726,13286,20923,8,12,20924 1,2,4
192,150,2394,39,316,839,7095 0
136,37,95,2,16,21,39,316,149,44,422,71,14,2342,1359,13,921 28,4
38,465,2,16,39,15,268,406,656,7,44,34,2625,42,270,5,969,37,321,151,748,10,6,20925,117,1312,24,20926 4
6,34,20,2317,12,24,168,2,1084,10,24,714,158,10,1527 0
6,34,2731,17,647,154,1902,1170,1160,1837,2,598,222,1418,2499,4040 28
16,39,969,2,270,2,5,4213,862,627,13,6,34 0
16,20,1632,10,6,189,42,24,128 0
19,1367,2,16,20,34,739 0
289,284,111,4102 0
16,20,480,13,211,5,501 18,19
147,20,483 0
248,3630,7,2066,129,66 0
16,14,265,10,991,1167,286,371,5,241,1394,1011 0
16,281,88,34,5,404,168,10,24,450 0
16,88,655,2,702,2,531,388,2,261,847,396,2,11,20927,892 0
78,89,30,4,178,32,3119,256,670,36,453,42,58,20928,2,288,480,17,72,12376,1334,116,254,1413,77,9,941,8,4,4716,10305,1206,873,4128,683,25,59,98,788,123,2341,1017,25,82,787,390,25,82,1943,3856,154,22,1565,25,59,524,13283,5336,25,82,184,390,25,82,921,1303,22,1160,866,83,606,138,44,34,473,1541,25,82,3354,521,25,82,635,1668,25,506,4180,491,25,82,2689,109,22,25,59,771,677,244,22,25,82,137,4,11,334,624,1146,128,30,4,20929,179,30,4,924,2,83,726,2,1590,1055,36,706,12,4676,2,847,430,163,7,213,4,261,188,250,2,261,1413,864,2,355,66,12,790,2638,2632,12,234,93,122,4,3127,4,5634,463,2,344,328,1669,4,284,2121 34,19,38,13,1,18,29,15,10,4,28,33,32
145,4,564,1993,41,19,628,3387,4,1258,12 0
2497,4,594,727 0
1750,4,11,180,326 0
1978,4,483,1751,4,625,171,86,229 0
487,11,1078,580,1386 0
1670,4,451,1273,3719,856 0
355,2,745,193,1515,4,970,13,15,43,246,5,253,2,48,11,1093,26,387 0
11,920 0
293,3560,14,3634,193 0
1671,4,2749,2,463,2,133,2,875 33
1635,4,11,79,2,51,967,5,64,243,2,171,582,243,86,229 0
1602,4,20930,5951,4,5188,147,4,764,2,20931 14
869,1323,10,158 0
1786,134,258,4,1825,49,649,524,824,689,379,804,770,335,1178,22,8578,2837,2123,3167,10306,934,1267,3889,3347,2263,931,91,785,49,1330,2383,8578,66,66,1532,49,266,298,443,8578,5634,4069,4891,2875,49,64,1046,1069,8578,5886,1789,7747,150,467,4,464,4,90,226 0
242,5,114,4,287,10304,279,13,15,1616,656,7,44,34,2,1084,10,48,268,406,271,24,1054,714 4
24,147,14,869,2,5,24,91,2066,53,66 0
114,4,161,20932,36,126,10,1167,286,13,2725,1501,7,2066,28,126,211,2,473,2,8107,2,1226 18,32
2408 0
1222,117,2279,17,380,415,215,12,221 0
165,461,36,1132,1962,2,461,258,2,1729,67,7031,3700 0
186,116,36,239,17,852,184,262 15,13
126,140,257,249,670,36,479,27,450 0
126,140,257,241,1492,12,221,119,58,3275 0
13287,842,13288,2,195,705,46,20933,681,809,42,13287,842,13288,2,195,1655,139,4,678 0
