69,49,4,20954,1231,4078,2,2824,3257,5984,2,96 0
20955,6906,1870,144,1653,4170,3214,6892,13292,2,7451,20956,536,4,5094,3418,512,46,5511,828,58,5984,4,1256,3418,658,10,6,622,80,17,15,1154,3764,995,23,231,91,630 0
32,23,30,14,57,334,10,329,2,47,40,540,84,1924,17,1082,1276 0
1256,3418,14,15,8392,407,13,15,2701,30,7,164,143,76 1
117,363,20957,12,6,3208,74,71,2225,10,1655,182,164,143,76,9,346,17,233,7,44,34,8,2,1992,12,1231,7,3386,227,634,1869,164,143,76,17,71,18,20,2431,2995 1,3,4
278,2,18,2931,15,10311,1278,729,743,19,1415,7,3924,27,71,95,18,543,91,561,110,1508,1387,164,143,76,5,1195,543,15,12676,164,703,593,4042,317,15,52,378,9350,143,10,23,269,5,5284,2430,1107,4300,10,23,3158,2,3205,5,4903,3069,1871 1,3,2
18,543,540,561,12,1415,7,2897,27,6,20958,308,71,227,1006,3653,76,48,1249,11,182,703,593,1994 0
18,543,540,91,561,12,176,7,2824,490,7,15,231,714,5,27,38,95,18,39,160,17,15,284,41,717,269,238,2,15,717,406,1869,143,238,13,11,1622,27,6,2275,27,15,523,4903,3069,1871,5,15,546,41,238,12,6,751,70,164,143 3,4
6,2430,1107,593,10,6,2032,1871,20,861,13,15,182,238,27,2567,525,5,20959,1331,2,15,2430,1107,593,10,6,1154,4903,3069,1871,20,861,32,20,6,2430,1107,593,10,6,7408,1871 3
6,52,13293,143,10,6,269,20,15,350,1261,86,1706,3606 0
52,9235,1164,15,634,680,7,806,1638,7345,13,15,2893,872,1177,7,284,41 0
18,1195,20,1086,10,6,10312,20960,538,12,859,1215,819,18,543,2794,2378,7,23,1107,593,10,23,2032,143 0
18,1620,38,11558,5,20,3418,2,5094,512,46,5511,3351,1231,4078,2,2824,874,5,136,237,21,31,39,182,939,44,422 0
23,763,391,14,153,7,713,5,149,939,366 0
18,21,3668,1350,305,233,12,6,78,317,305,496,968,71,50,604,63,4985,7,1792,71,14,1662,41,3382,2,5,63,5817,7,931,71,14,85,1516,41,3382,4662,23,15,1923,557,13,5903,2282,271,1617,305,76 0
12,736,2,18,21,15,30,7,15,1217,1168,2,81,2,127,5,15,1535,336,527 5,13
77,27,156,4,486,131,284,190,4346,513,509,2,4324,131,154,190,4346,513,509,2,486,131,284,190,4346,513,506,2,1721,1722,172,153,347,25,641,2,230,196,22,25,1004,2,2157,244,22,25,2763,2,1133,83,22,25,641,2,635,109,22,25,641,2,921,138,2,6829,13294,22,17,7452,697,7,15,10313,1719,2319,2,960,1296,22,153,347,25,2763,2,13295,153,1593,2478,641,2,20961,153,1593,2478,4347 25,19,18,29,15,28,20
5,910,6211,248,2457,7332 0
138 0
2370,36,152,27,156 0
93,73,821,15,2963,829,1799,407,12,11,180,326 0
67,94,70,349,1147,7246,2,118,145,449,5,135,2,1851,579,5,2284,2,121,4891,643 14
6,112,14,330 0
487,919 0
625,53,171,86,182,229 0
44,14,90,13,15,617,70,4169,1223 0
91,73,482,15,43,246,2,3213,2131,253,5,15,9347,653,872,417,1539,65,6,1709,10,6,1562,2,11,182,1626,417,26,1371 0
6,187,14,599,13,300,302,57,2125 0
217,86,4665,79 0
336,243,53,175 0
68,14,395,10314,79 0
1322,482,399,212,27,15,145,7,9514,2504,957,7,13296,2,2331,10309,2,4905,20962,2,1000,9351,1474 0
68,14,160,7,15,52,777,1954,5,657,157,1278,1607,12,1511,3330,814,2696 0
320,4,1256,3418,14,15,8392,407,13,182,5641,2,81,5,110,15,858,391,7,7728,939,366,5,713 5
18,88,87,529,44,422,5,1249,23,134,1071,20,2794,27,8257,6,44,34,740 4
6,1276,1509,10,260,4904,37,68,14,11,986,7453,10,13297,23,2049,2314,364,278,12,6,78,38,39,2900,10,63,1684,7,23,714 4
278,2,110,37,18,14,139,304,23,2378,84,14,380,18,110,428,40,1897,2049,2314,2864,5,1195,2,47,1805,18,1248,23,230,10,196,22,25,998 19
18,40,50,23,67,94,1453,667,6,400,363,123,5,6965,18,836,1433,2,47,40,3418,2,5094,512,46,5511,7285,1231,4078,2,2824,85,954,20963,23,1133,12,1756,490,7,336,79,5,12,1756,490,18,176,11,1735,301,38 20
355,2,47,50,1074,11,2613,13298,10,23,89,322,820,10,3631,23,10,126,23,4076,996,542,32,1810,18,319,5,2891,23,10315,2471,5,367,1269,5,1682,12,2340,1026,13,329,454,23,44,34,740,27,192,8110 4
47,209,55,3000,10,3003,12,23,583,12,87,2018,329,20964,1239 0
1027,1928,2,10316,8529,2,96 0
13299,1695,144,244,6479,518,8217,3077,2,7451,13300,800,4,13301,827,4,20965,818,4,13301,13302,232,2819,48,31,177,42,240,1741,232 0
