69,49,4,20974,8334,303,1315,101,3418,2,5094,5511,101,49,4,20975,629,391,4,44,34 0
30,7,629,391,4,6,427,74,99,20,177,2,5,6,29,201,5,755,19,1367 0
38,14,15,5095,528,139,304,306,7155,5,369,959 2
18,39,2033,7,23,3596,714,27,140,2,1379,497,921,13,839,1853,2,5,9162,6,7238,1557 28
23,20976,1322,482,15,350,1521,7,518,438,2,2112,35,675,2,5,3060,4849 0
38,14,9436,10,15,498,1322,12,1426,2,71,176,50,61,23,373,134,1464,13,313 0
18,20,124,172,5,921,2,5,986,10,50,34,12,6,303,441 18,28
6,488,2998,7,34,20,647,248,697 0
93,122,4,23,520,359,1558,185 0
489,233,4,23,1153,785,129,919 0
364,1958,12,189,4,18,14,537,1009,10,6,91,561,489,17,63,2652,708,10,1167,286,180,164,740 0
678,494,4,1167,286,2477,714 0
642,9,317,630,712,377,8,4,6,29,14,1009,10,6,91,561,489 0
6,630,27,6,95,7,38,5156,14,20977 0
1416,20978,8192,10006,2,96 0
13306,20979,20980,597,42,4,8192,10006,2,96 0
13306,232,31,177,42,240,312,232 0
