69,49,4,20966,1326,4078,2,2824,3257,5984,2,96 0
6119,4170,3214,8217,3077,2,7451,13303,536,4,5094,3418,512,46,5511,828,58,5984,4,1256,3418,1263,17,1072,437 0
281,2,18,1351,7,149,939,713,5,1600,939,44,422 0
12,736,2,18,416,37,18,21,11,2437,5,20967,37,23,164,143,1994,21,1936 0
18,267,1625,290,3178,921,17,44,422,48,38,14,19,63,20968,1988 28
18,836,19,15,20969,7,77,317,486,131,1258,190,4346,513,509,1264,13,2372,190,4324,4346,513,509,5,1174,190,486,4346,513,506,2,1721,1722,172,153,347,25,641,2,2157,244,22,25,2763,2,235,130,22,25,1004,2,635,109,22,25,641,2,1133,83,22,25,641,2,960,7273,22,25,2763,2,230,196,22,25,641,2,5843,3124,7454,513,497,123,5,15,6829,13294,22,119,10313,697,71,18,5716,17,7452,191,10313,1719,2319 25,19,18,29,15,28,20
93,73,821,15,2963,407,12,11,180,326 0
67,94,70,349,1147,3009,2,118,145,1470,5,135,2,1851,579,5,2284,2,121,4356,643 14
6,112,14,330 0
487,919 0
625,53,171,86,182,229 0
44,14,1667,90 0
91,73,482,15,43,246,2,3213,2131,253,5,15,9347,653,872,417,1539,65,6,1709,10,6,1562,2,11,182,1626,417,26,1371 0
6,187,14,599 0
217,86,4665,79 0
336,243,53,175 0
1322,482,399,212,27,15,145,7,9368,2504,957,7,13296,2,2331,10309,2,4905,20970,2,1000,9351,1474 0
68,53,149,1006,1535,3170,1278,142,32,57,32,160,17,52,719,1520 0
1323,10,23,97,1322,2,23,118,145,14,13304,5,23,3170,1278,142,53,553,2180 0
3418,2,5094,512,46,5511,3351,1326,4078,2,2824,320,4,1256,3418,21,281,3701,65,23,20971,2378,5,369,959,364 2
281,84,14,31,90,10,260,37,23,115,53,576,10,844,313,2,278,47,40,50,23,2110,63,352,2059,215,9,1784,1149,8,10,907,10,241,1514,38 0
12,736,2,47,40,1150,1072,67,426,317,63,20972,654 0
84,14,1758,380,37,23,713,5,1848,2325,7,2364,7,2437,14,65,15,8317,1489 0
548,163,7,472,282,426,278,2,47,50,31,3494,23,156,322 0
18,40,1026,329,26,2733,454,23,44,34,740,27,192,2950,12,2858,7,3488,26,2998 0
1152,329,214,573,17,2092,260,10,3003,12,23,203 0
1027,1928,2,10316,8529,2,96 0
13299,1695,144,2812,6479,518,8217,3077,2,7451,13300,800,4,13305,827,4,20973,818,4,13305,13302,232,2819,48,31,177,42,240,1741,232 0
