69,49,4,21013,8534,303,1315,101,5985,2,3941,21014,101,49,4,21015,38,29,20,1538,5,755,42,260,11857 0
629,391,4,44,34 4
30,7,629,391,4,38,29,14,15,5986,345,104,21,334,2919,164,118,76,11198,42,729,743,647,1859,159,146 1,2
16,85,21,1101,118,353,13,63,872,1177,7,244,41,2,5,38,14,1447,10,55,239,10,5581,2727,124,15,5333,30,7,554,8582 0
191,6,78,363,198,2,16,21,795,290,24,325,490,16,519,31,433,10,24,1925,5,549,16,519,31,9851,6,325 0
191,6,78,248,236,2,16,21,61,21016,42,396,5,366,19,639,32,57,32,396,27,468 0
163,7,213,4,16,21,39,11,402,2,969,2,993,7,6,34,2,228,12,300,1183,26,87,250 0
192,7,6,213,53,66 0
78,89,30,4,16,21,39,11,182,2106 0
179,30,5,128,30,4,16,21017,554,610,2,631,1591,12,6,78,2,48,113,31,87,1735 0
16,295,13,24,128 0
93,122,4,224,4,93,122,482,15,29,104,14,1040,2,413,2,7101,5,646 0
16,14,12,11,326,27,6,95,7,122 0
1176,4,16,39,11,2699,2055 0
112,4,68,20,11,1289 0
24,620,20,31,782 0
44,4,24,44,20,90 0
562,4,24,562,73,227,15,135,145,5,212 0
187,4,24,187,20,133,5,375 0
217,4,24,217,227,11,720,2,673,26,79 0
181,4,16,39,11,484 0
323,4,899,73,20,3156 0
489,233,4,1322,227,1257,5,1807,5294,2256,2,71,20,869,65,158,1322 0
24,867,5,783,129,483 0
24,783,20,1267,2,71,20,1084,10,15,498,141 0
364,1958,12,189,4,6,29,20,480,13,2049,2314,5,172,12,6,303,441 18,19
678,2494,4,161,714,13318 4
165,127 13
186,1257 0
642,9,317,630,712,377,8,4,6,29,20,265,10,6,89,659,17,241,233 0
16,20,265,12,2964,630 0
1416,21018,2367,13319,2,96 0
13320,21019,21020,597,42,4,2367,13319,2,96 0
13320,232,31,177,42,240,312,232 0
