69,49,4,20997,1070,36,1569,292,661,134,4456,5,6297,971,421 2
234,36,1569,292,661,775,216,116,2,1818,430,245,2,5,309,104,658,19,20998,10,20999,775,455 35,13
111,19,605,20,21000 14
64,2349,12,775,1344,867,13314,775,3436,1177,7,13315,11,147,142 0
704,604,585,11451,41 0
64,20,321,19,1932,2,230,2,235,2,184,2,1133,5,1009,664,669,5,2689,9,278,679,1510,10,60,2689 19,18,15,20,21
8,429,604,839,602,3606 0
136,237,21,39,11,268,455 0
1305,1265,117,35,984,7,748,2,819,2003,2193,74,146,16,20,382,10,974,354,105,4382 0
261,51,4683,655,2,261,702,2,36,531,388 0
21,795,1785,430,5,2803,423,19,4161 35
111,42,21001,4,9441,9,6535,8,5,7382,9,8282,8,637,36,116,2,430,2,4161,2,670,2,1413,21002,36,152,257,36,230,204,33,2,1932,370,33,2,235,105,33,2,184,130,33,2,1133,83,33,2,2689,183,33,2,1255,2,3942,2,1804,385,36,3065,2,368,487,481,418,246,253,2,11,1093,839,2181,1056,2088,340,48,687,21,31,1599,288,2,11,760,21003,2,875,11,531,388,2,619,5,57,2346,833,36,1569,292,661,775,216,116,2,1818,430,245,5,309,104,658,775,421,12,644,7,4456 2,14,19,13,18,15,35,20
373,218,39,4737,7,21004,6454,4086,2669,42,476,91,496,21005,10,4456 2
4931,1510,1318,2,1918,2,1932,2,235,5,1133,36,1293,64,10,1171,290,5580,984,13316,3699,80,10,707,132,496,5,524,775,134,736,7,1918,5,235,36,40,838,664,6627,100,532,457,53,168 18,20
13316,1321,5,1001,1075 0
321,64,19,1266 29
13317,10,1546,17,7283,536,2236,5,760,1269,13317,10,91,997,21006,21007,7,309,2670,5,986,21008,7,430,36,2878,8022,2135,8581,40,356,775,58,2391,3419,5,58,21009,12,153,223 35
526,5768,2,5512,2,96 0
2605,3343,74,99,2605,1569,292,13,134,4456,5,1224,6454,2,85,216,1881,2,670,2,1413,2,116 35,2,13
136,371,2,21,61,448,57,19,230,2,211,2,235,2,184,2,5,21010 19,18,15,20
111,3065,2,492,4689,411,309 35
3984,536,4,309,2670 35
40,155,945,32,64,218,10,1525,65,1226 0
155,1942 0
1798,10,91,997 0
39,61,290,2689,2,40,1171,37 0
16,40,356,400,223,2,108,111,100,319,383,230 19
21011,21012 0
