69,49,4,21035,29,414,4,5985,2,3941,206,485,4,13321,208,49,7,101,4,7456,30,7,156,360,13324,75,289,8583,13,6514,156 0
13325,120,2,116,2,178,2,421,9,178,638,430,8,2,670,2,251,1198,2,401,17,1072,437,1207 1,5,13
35,8,157,354,54,13326,34,13327 0
11,13328 0
201,12,189,13329,2,514,10,50,214,350,4284,832,5,13330,876,693,42,2449,9,13331,2,13332,1562,7,876,2,876,638,878,8 0
64,21,306,3632,74,17,876,335,4,309,2,430 35
85,39,39,216,1413,2,251,1198,2,13,353,10,356,10,2047,4290 0
1198,4,13333,2,13334,2,13335,2,13336,2,13337,2,13338,2,13339 0
64,416,16,39,878,911,27,3583,13340,146,2,71,20,1249,66 0
50,963,64,10,1150,472,1276,19,306,4357,2,48,16,21,31 0
701,2047,17,1153,101,7457,28,136,237,21,3259,102,437,3305,17,878,911 0
51,8,116 13
64,1229,80 0
64,265,712,950,6629,37,16,39,31,61,290,24,257,2,416,16,14,290,1406,110 0
102,8,178 1
91,3632,74,4,120,2,116,2,309,2,439 35,5,13
88,4,455,2,270,2,531,79,2,655,2,702 0
453,42,608,8584,9,507,8 0
1149,10320,4,1439,41,2,83,2754,2,148 0
4456,7458 2
429,7458,4,154,41,602 0
148,1066,13341 0
183,8,421 0
1888,6629,17,421 0
88,4,455,2,270,2,531,79,2,655,2,702,136,855,140 0
6629,4,585,7943,41,2,2893,4591,2,617,4106,2,617,512,2,617,2178,2,5962 0
464,13342,4,403,305,343,13343,86,6826,305,79,2,314,8271,6531,348,7882,74,7457,4,13344,708,2,13345,9,1697,41,8,2,13346,9,1390,41,8,2,13347,41 0
83,8,120 5
13348,12,308,80 0
124,421,5,734,792,2,855,310,27,97,101,2,64,281,316,19,607,521,33 26,30
797,221,1191,10321,2,21,31,61,2620,8365,1191 0
259,8,430 0
64,416,16,14,1785,1973,13349,7,13350,5314 0
909,37,16,1248,38,1521 0
285,784,1693,37,24,430,20,4418,10,24,118,76 0
167,81,341,127,178,4456,1101,118,353,430,670,309,1413,2,251,1198,2204,1016,9294,2113,7,1567,929,876,693,424,927,367,6628,3889,9,2518,456,594,2,344,354,4112,8,3576,6628,2463,3575,6628,546,752,21036,64,2424,991,93,73,7456,331,8585,1789,147,21037,21038,678,1015,6628,3118,266,9,835,8,8585,10189,458,9,654,8,8585,5096,140,358,1649,7456,797,221,4,10321,1403,8586,7456,88,1551,1291,21039,64,431,1401,1291,119,440 2,5,13,1,35
1814,46,21040 0
5470,1483,8587,6630,190,1365,22,13351,804,1320,21041,5987,225,1402,8587,2263,5053,73,7456,1115,21042,7459,1772,21043,10322,1291,5078,12,54,4261 0
1772,7460,1814,21044,8497,21045 0
2766,73,13323,918,3671,21046,21047,444,309,139,8587,13352,21048,231,1055,10323,4,8587,577,1132,21049,577,1132,148 35
98,102,2211,1587,6628,1645,2688,8585,148,77,910,9,1361,8,5617,1206,873,1133,491,25,33,230,626,35,45,9,62,8,25,33,3084,1361,9,3744,1361,8,5617,1206,873,1932,9,172,1721,1722,8,1017,25,33,1804,9,2089,547,8,1456,25,33,607,521,35,45,9,62,8,25,33,184,446,25,33,1255,9,1151,8,13353,25,33,3942,767,683,25,33,10324,390,51,45,9,62,8,25,33,137,747,152,520,359,67,94,4,10325,52,349,121,4,10326,643,93,73,224,893,436 14,19,18,15,30,20
181,21050,680,4,682,181,2,11,21051 0
187,133,2,875,2,1325,2,2749,2,11,1003 0
445,171,3827,243 0
11,1505 0
10065,214,350,157,1613,832 0
149,277,19,21052,7,54,12955,2,8180,31,21053 0
114,13324,75,289,8583,13,6514,156 0
13325,120,2,116,2,178,2,421,9,178,638,430,8,2,670,2,251,1198,2,401,17,1072,437,1207 1,5,13
35,8,157,354,54,13326,34,13327 0
11,13328 0
201,12,189,13329,2,514,10,50,214,350,4284,832,5,13330,876,693,42,2449,9,13331,2,13332,1562,7,876,2,876,638,878,8 0
64,21,306,3632,74,17,876,335,4,309,2,430 35
85,39,39,216,1413,2,251,1198,2,13,353,10,356,10,2047,4290 0
1198,4,13333,2,13334,2,13335,2,13336,2,13337,2,13338,2,13339 0
64,416,16,39,878,911,27,21054,13340,146,2,71,20,1249,66 0
50,963,64,10,1150,472,1276,19,306,4357,2,48,16,21,31 0
701,2047,17,1153,101,7457,28,136,237,21,3259,102,437,3305,17,878,911 0
2652,1549,10,2047,17,3923,2,314,878,2977 0
51,8,116 13
64,1229,80 0
64,265,712,950,6629,37,16,39,31,61,290,24,257,2,416,16,14,290,1406,110 0
1696,21055,2,383,1133,10,491,33 20
155,6301 0
102,8,178 1
91,3632,74,4,120,2,116,2,309,2,439 35,5,13
88,4,455,2,270,2,531,79,2,655,2,702 0
453,42,608,8584,9,507,8 0
1149,10320,4,1439,41,2,83,2754,2,148 0
4456,7458 2
429,7458,4,154,41,602 0
148,1066,13341 0
1696,211,2,230,2,184 18,15,19
797,945,918,10327,9,21056,8,2,64,222,31,155,27,97,101,2,155,38,2779 0
183,8,421 0
1888,6629,17,421 0
88,4,455,2,270,2,531,79,2,655,2,702,136,855,140 0
19,385,2,21057,9,100,13354,8,2,48,487,919,2,226,745,569,2,11,531,79 0
6629,4,585,7943,41,2,2893,4591,2,617,4106,2,617,512,2,617,2178,2,5962 0
464,13342,4,403,305,343,13343,86,6826,305,79,2,314,8271,6531,348,7882,74,7457,4,13344,708,2,13345,9,1697,41,8,2,13346,9,1390,41,8,2,13347,41 0
539,44,205,2,1549,17,4511,1011 0
1696,230,2,184,2,10324 15,19
83,8,120 5
13348,12,308,80 0
124,421,5,734,792,2,855,310,27,97,101,2,64,281,316,19,607,521,33 26,30
797,221,1191,10321,2,21,31,61,2620,8365,21058,170,10,273,38 0
1696,607 30
97,21059,12,10327,2,64,222,31,155,27,97,101,2,155,38,2779 0
389,1402,456,154,12,7457,2,540,27,400,101 0
64,21,3638,1115,400,376 0
259,8,430 0
64,416,16,14,1785,1973,13349,7,13350,5314 0
909,37,16,1248,38,1521 0
285,784,1693,37,24,430,20,4418,10,24,118,76 0
126,10,207 0
1696,3942,2,1804,2,21060 0
481,8,424,927 0
64,428,2424,752,2,10328,10,273,577,2211,117,97,101,2,1729,64,140,428,13,577,21061 0
1401,1771,124,38,21062 0
614,8,1542,12,989,198,17,101 0
526,8395,10319,2,96 0
