69,49,4,21095,7461,2,10332,10333,21096,5512,8589,2,96 0
3140,128,862,203,21097,13361,2722,10330,2,5500,10331,828,58,8589,4,84,20,1082,1068,10,203,17,287,7461,10,907,13,24,5651,118,353 0
16,20,265,19,21098,2,153,376,117,498,141,17,263,34 0
12,12961,2,37,141,176,50,61,741,12,1756,10,339,115,7,118,353 0
16,1493,12,1360,7,986,339,422,2,655,2,197,445,79,2,5,903,643,7,121,1313,13,734,263,5068 0
24,77,27,6,95,7,141,1717,5441,5,1047,5698,17,127,2,13,11,5065 15,13,19
432,24,950,2,16,543,2436,10048,7,2674,13,2010,7,24,1078,580,94,65,647,244,601,10,614,601 0
24,1134,227,63,872,1177,7,647,105,41,13,1105,13366,7,3006,2,1790,70,2037,13,149,1248,12,1748,496,2,48,406,1748,94,2509,13,2124,1868,94,368,2400,6,70,777,94 0
117,16,39,24,2674,2,16,543,70,118,561,2,71,604,15,70,777,94,7,614,2,305,4626,4269,94,7,564,2,1868,94,7,21099 0
16,543,15,2390,13,219,921,2,237,13,7389 28
6,219,921,476,24,4690,1927,316,42,647,13367,675,48,16,166,15,241,1051,12,24,366 28
68,20,11,90,1051,13,6,7389,12,1375,24,115,26,5249 0
24,91,2564,13368,1352,2361,5,2127,19,192,6,77 0
6,1941,20,1053,10,1730,170,19,802,921,12,736,10,6,150,3302,118,353,77 28
16,85,543,15,1149,3769,17,87,160,7,529,313,2,71,68,20,152 0
27,6,95,7,377,2,16,14,748,3318,86,13369,228,26,115 0
24,77,53,2847,109,2763,2,235,130,22,327 28
1190 0
16,14,19,3329,1247,82 19
24,184,20,476,65,130,22,10,105,22,2,48,454,16,50,87,167,13,1781,2,38,519,1758,55,476,241,10,109,26,1242,83,22,108,1633,10,4815,170,1442,3283 15
16,14,19,473,449,22,82,32,57,5,635,6596,24,377,67,94,14,21100,2,1078,580,94,14,9611,601 32,29
24,331,14,1792,13,15,379,7,3010,2,835,130,2,769,67,830,3684,2,633,2034,2,397,21101,84,21,61,784,1560,1068,10,2011,12,24,203 0
16,14,1634,214,2539,10,8016,1550,10,4010,24,76,27,140,2,13,6,907,7,24,128 0
92,50,6377,31,316,6,2236,4158,48,85,15,760,4158,10,51,3128,15,107,2,71,1128,192,1971,2,92,209,3631,170,10,2296,24,82,352,1155,32,748 0
16,21,63,1207,10,125,58,9256,19,21102,2,5,14,3769,2648,10,3980,10,1034,203 0
47,209,55,3000,10,5945,87,241,1135,173,84 0
1027,2,526,3412,1955,8490,2,195,813,21103,4019,384,4,13370,2410,9256,96 0
1439,21104,2722,562,3356,21105,2,5500,21106,800,4,10336,827,4,10336,818,4,10336 0
