69,49,4,21071,21072,89,538,13360,128,308,21073,13361,2722,10330,2,5500,10331,7461,2,10332,10333,21074,38,29,14,201,401,12,437,7,6,640,89,167,4,167,4,161,164,143,76,139,304,164,143,703,9,2430,1107,8,12,3924 1,2
165,305,3836,2824 0
186,4125,127 13
3058,4,16,14,3491,1433 0
16,21,11,391 0
163,7,213,4,66 0
68,14,11,44,34,2,255,7,194,2,250,2,336,79,2,655,26,702 0
192,6,150,163,7,213,14,66,32,57 0
77,4,16,589,19,184,109,22,641,2,1010,244,22,641,2,230,196,22,641,2,5,473,449,22,998 19,15,21,32
3849,4,19,122,80,2,6,29,479,57 0
16,14,10334,5,21075 0
67,94,8113,12,6,52,349,2,1147 0
121,3702,643 0
1424,296,145,4689,91,212,14,135,86,417,2,1422,2,1371,26,6867 0
194,302,53,90,10,1043,5,452 0
11,1078,580,4035 0
11,336,79 0
242,4,161,280,4750,118,4490,3339,21076,21077,2,139,304,555 0
165,5980,127 13
114,4,161,231,322 0
165,361,99,37,210,20,1704,10,24,322,27,24,97,101,17,789 10,29
540,367,9,71,39,61,9452,8,14,110,12446,16,40,126,6,210,32,57 12,29
186,16,14,10,808,158,10,24,3145,8315,21078,12,6,5650,10335,12,1326 0
4611,7462,2,96 0
19,4,21079,28,21080,28,21081,28,21082,28,21083 0
