69,49,4,21084,520,359,111,21085,2,289,1174,2,616,4891,946,1324,200,307,345,1263,13,567,5,4538,17,437,7,81,5,127 5,13
16,20,201,401,363,236,146,117,15,183,376,2615,151,16,20,12,6,9266 0
1098,5,331,129,1453,27,6,95,2,5,111,20,10,55,5696,32,84,20,31,6875,425 0
6,29,1263,699,57,2,88,44,34,2,255,7,194,2,702,2,655,2,228,12,352,2059 0
16,14,290,77,32,575 0
567,416,37,16,701,63,568,1925,12,21086,21087,12,7463,2,39,24,1237,1425,2,20,1453,17,120,2,20,936,4703,20,1104,5,16,454,808,12,35,200,638,32,166,44,90,10,6545 5
574,579,91,43,2673,11,10023,492,1697,1714,11,336,79,1098,3118,9,476,65,3222,12,7463,8,331,185,27,2068,242,36,504,381,338 5,6
132,496,185 0
4077,111,338,17,381,13,30,7,178,28,2052,5942,19,230,196,22,33,114,36,126,231,322,13,6,3693,7,184,36,40,383,10,390,33 5,19,1,15
64,21,385,724,21088 0
111,887,27,37,95,11,3638,1549,20,1074,32,16,479,10,55,100,10,49,13,568,203,2594,4163,2,195 0
