69,49,4,21196,167,424,927,438,4,119,567,2,438,182,3059,7,168,34 0
64,74,140,20,10350,140,158 0
42,128,444,64,13399,18,319,403,8118,348,21197,65,10350,140,245 0
1665,685,116,1874,5312,216,2532,2156,13386,4,971,2421,13,3544,261,2,13387,7290,1923,28,13388,13389 13
263,34,216,164,143,76,4,103,602,2378,13390 1,2
81,341,311,51,6635,5516,1233,4,263,205,36,1425,21198,13400,5,2433,6635,5516,941,42,2965,1575 5
19,7471,36,10351,13401,28,13402,1169,2,5260,13403,20,716,28,3504,5036,1557,4679,1425,13,8596,3933,13404,675,2,11,3547,4119,201,28,350,1521,7,21199,20,1983 0
5260,13403,20,1380,5,6,13401,21200,2,1905,7,21201,7,2659 0
3051,30,401,17,356,7,306,89,167 0
12,2001,2,1180,284,292,600,174,5226,2,178,2,116,2,120,2,306,21202,7,757,34 1,5,13
18,110,267,18,39,15,7472,7,9761,173,15,376,146,5,136,237,21,39,15,403,13405,348,466,667,23,717,802,6601,2980 0
18,586,4697,71,18,21203,10,6,717,3352,1184,5,1185,537,6572,136,6,696,472,115,15,376,146 0
18,88,13406,48,21,39,15,466,7,850,2789 0
18,88,250,2840,26,432,1041,2,596,2,420,1112,2,3648,2,26,1652 0
18,21,15,466,7,112,4625,19,6,52,663,5,88,5449,87,900,388,2,484,2,26,4110 0
18,1886,18,21,63,1024,3200,34,27,6,1562,7,23,2873,37,14,1848,10,6,412,1288 0
68,14,11,1642,2,263,34,2,435,26,1463 0
12,736,2,18,9432,23,3339,139,10,55,27,450 0
18,88,44,34,2,270,2,1265,2,655,26,702 0
23,639,14,851,10,3283 0
18,88,3797,2,280,690,2,26,2297 0
18,267,1536,5789,10,77 0
137,5993,36,270,4,403,37,6512,23,1284,348,77,172,9,896,547,8,474,22,60,35,45,9,62,8,25,33,442,2672,778,45,60,51,45,9,62,8,25,1519,632,495,9,4748,8,25,33,1342,9,3417,8,446,45,3405,60,35,45,9,62,8,25,33,98,154,123,210,9,894,8,390,45,60,35,45,9,62,8,25,33,98,365,123,5099,1915,45,60,35,45,9,62,8,25,59,98,154,123,8131,9629,823,22,9,778,45,60,51,8,25,59,98,154,123,517,491,45,60,35,45,9,62,8,25,33,98,154,123,1372,83,22,9,521,45,60,35,8,25,59,230,768,45,25,33,2267,767,105,22,9,390,45,60,35,8,25,33,889,9,2311,1345,8,370,22,9,370,9,1211,8,22,45,60,35,8,25,33,888,9,2074,397,8,204,22,9,683,45,60,35,8,25,2137,184,109,22,9,491,45,60,35,8,25,33,163,7,213,66,12,790,820,32,166,12,3051,256 19,18,29,15,30
520,359,67,94,21204,296,982,372,145,462,121,6410,946,93,73,5300,2507,174,7348,5947 14
2111,10334,28,57,8567,80 0
202,36,725,2,570 0
2286,822,2,3026,3310 0
18,21,399,277,13,1392,7,13407,3735,2,1539,10,412,1288 0
68,53,11,342,12,112 0
54,1694,7,112,14,21205,2721,1264,2027,7,717,13408 0
68,14,277,151,8386,6,4755 0
68,14,11,900,680,7,627,5402,2,4394,693,2,733,2,26,4110 0
44,36,745,842,694,36,418 0
324,246,2,253,2,1778 0
11,3801 0
487,259,601 0
340,36,2749,2,7465,1916,13,149,94,2,11,1739 0
516,36,11,79,2,673,2,720 0
65,842,181,36,610,21206,1126,188,2414,245 0
424,927,1551,1291,21207,592,73,7470,6153,9974,893,86,2617,693,26,4393,377 0
11,2133,780,26,13392 0
11,181,142 0
367,8597,5047,2518,4,456,594,5470,1483,10352,6636,1320,21208,125,444,12,457,1108,1568,13393,125,444,12,457,2688,13409,21209,718,10,2244,282,17,1317,1011,389,1218,13409,125,444,12,457,2630,3655,21210,2630,4004,5451,10,2782 0
1587,8597,365,3575,8597,1429,2518,4,456,2077,1402,10352,2361,1033,1864,13395,125,444,12,457,266,9,835,8,13410,10353,3576,8597,2232,5855,9,10354,8,21211,1865,458,9,654,8,13410,4458,1015,10352,13394,242,5,114,161,21212 6
6359,7,115,1628,17,693,1716,1393,133,1377 0
4524,112,205,8598,10,5994,17,11328,1460 0
108,8191,209,2029,10,4693,3574,10,1514,4697,5,3498 0
18,40,126,231,333,32,864,273,31,12140,13,8170 0
165,116 13
188,860 0
47,2191,2847,288 28
319,383,184,10,109,38,101,5,2399,4204 15
47,209,5464,736,7,2767,2,669,2,17,1317,583,5,7044,111,5082,40,2413,241,10355 0
18,14,3980,19,13411,5,40,50,1162,101 0
186,1031,21213 0
1686,5204,21,660,1701,4105,2,32,222,6,13412,1464,2,86,1388 0
18,692,10,21214,2,383,502,7,721,5,93,2312,12,1731,10,1723,10356,5,590 0
18,21,6838,31,10,207,814,13,64 0
249,178 1
679,211,2,1226,2,1318,2,1047 18
351,120 5
679,1372,28,126,1047,47,32,256 30
1998,1951,80 0
459,2156,5312 0
792,185 0
18,21,963,260,10,13396,21215,2392,48,47,209,621,10,4226,10,5793,659 0
636,4032 0
185 0
6559,528,1741,10,2949,21216 0
724,17,13411 0
11722,4149,2871,5991,2,195,240,99,4,64,285,13,608,5991,2,5,1061,13,24,233,5,114 0
112,864,32,1802 0
47,273,841,977,15,693,26,1289,2,48,5995,241,233,13,205,2,4693,3574,108,864,6588 0
111,692,419,338,2,913,3065,2,736,2767,5,383,12,3478,1239 0
2410,12353,195 0
