69,49,4,21107,21108,3537,144,10337,1011,680,30,75,93,122,5,2473,242,8590,21109,2,5097 0
13371,4225,2,5097 0
21110,3571,2,5097 0
7050,1647,10338,2,96 0
89,10339,1091,1680,2,3548,89,69,1316,4,21111,21112,2,7464,746,4,6,29,14,15,4293,13372,528,724,17,5988,1601 0
162,14,724,19,1091,1537,2,3548,42,58,1707,13373,2999,21113 0
858,391,75,156,360,4,29,1924,1121,19,13374,32,1756,7,3829,233,17,15,5988,1601,237,724,17,13375 0
191,6,78,200,29,21,39,572,13,70,412,2209,34,32,57,32,2223,34 0
472,534,13040,10,8305,268,2334,117,18,21,39,15,9810,1794 0
150,115,37,2313,563,272,5,402 0
29,88,2403 0
80,2,29,416,37,18,411,21,106,263,277,21114,27,6,70,7413,5321,5,1539,890,70,2792 0
27,6,95,7,233,19,13374,3204,39,115,7,2450,5,10340 0
18,1547,21115,1309,2,149,255,7,194,5,264,245,7,23,4538,74,1361 0
117,1524,13,58,10338,84,20,2616,37,29,454,55,1121,42,23,763,203,1741,17,241,522,7,23,372,1946,566,5,237,437,13,3541,10,5848,23,162 0
29,267,37,18,1007,10,21116,144,5,68,648,480,23,13,1337,5,1361 0
2555,29,14,773,10,2570,6,414,7,6,2929,26,6,1361 0
281,18,88,87,115,7,1309,3531,2,250,2,255,7,194,2,26,1106 0
85,88,508,2,469,2,272,2,402,2,5,435 0
29,113,50,15,30,7,164,143,76 1
18,14,139,304,63,371,11541 2
29,39,91,561,27,1986,21117,37,3385,227,15,2704,751,70,505,5,15,149,52,1468,5,52,794,4370,505 0
21118,29,543,91,561,27,6631,5,15,2378,20,346 2
29,222,57,532,9334,151,18,20,265,10,6631,13,115,7,44,277,2,52,349,34,2,1257,2,396,2,969,2,682,1414,2,255,7,194,2,618,2,5,9182,7,5098 4
29,222,1167,286,17,371,42,2580,785,5,68,53,11,142,201,19,23,999 2
29,88,87,572,13,44,34,26,52,349,34,136,37,95 0
18,21,39,534,7,255,7,194,13,639,278,2,472,2707,268,741,10,23,372,139,2282,271,23,91,76 0
415,215,346,10341,227,15,43,352,2312,9,21119,8,2,999,5989,17,313,5,6,1608,2435,129,1905,7,794,313,598,1782,2507,851,6,3903 0
78,89,30,4,182,89,167,563,4,161,127,165,178,2,139,304,371,3455,2,139,304,2378,3455,186,1284,9,11,3862,26,10342,8,249,1012,351,2532,2156,12754,9,13,979,6109,7,8493,2,7465,5,15,344,389,21120,8,459,188,252,168,34,2,30,7,6841,4808,636,438,78,545,30,4,158,162,1128,4,161,139,304,91,561,5,2378,2,13376,165,139,304,495,75,775,576,10,2233,7891,588,186,139,304,7466,5990,249,139,304,276,75,15,128,30,4,68,14,11,128,30,7,3288,2614,10,224,2473 1,2,13
1343,4,3410,2,178,1343,4,3410,2,1018,76,51,3664,4,362,3410,2,81,1202,4,2694,439,2356,2,592,335,77,4,2908,105,22,998 1
230,244,22,998 19
517,109,22,998 0
5099,998 0
1606,5100,284,22,998 20
1943,109,22,2865 28
1284,1361,9,29,773,10,2570,414,8,172,137,4,1573,88,1341,5,10343,137,179,30,4,309,4,88,554,245,4,88,2474,1240,4,88,8440,2069,9,67,21121,8,4,152,12,97,102,198,352,4,781,100,5,423,1965,1844,2,255,7,194,2,21122,8591,151,18,8216,27,6,965,7,6,21123,5,1553,1618,28,382,10,273,688,12614,3477,4,6357,4720,139,4,3663,2,938,726,163,7,213,4,224,4,66,202,4,281,2,10340,115,50,660,5,29,404,573,419,562,4,125,234,372,4,29,267,15,494,7,1284,278,23,763,203,1741,9,58,21124,21125,8,104,21,201,29,17,248,159,113,31,2570,29,460,87,494,7,1284,1030,4,7419,29,265,10,6631,13,3857,12385 18,37
2931,15,2976,2783,13,743 0
115,27,6,95,7,141,129,406,868,2,1188,803,2,5,1188,2698,32,57,32,21126 0
3204,543,357,21127,1822,5,1795,4086,4664,5,4249,1339,8592,4988 0
20,549,37,29,74,115,26,576,10,15,4553,1566 0
11,2348,115 0
1766,4,66,4223,4,66,6126,4,66,1031,4,1012,6264,1432,2,5,3717,2,1389,2,1585,2,5,4248,336,343,4,66,6816,4,30,7,5226,5182,4,66,1734,4,66,181,4,66,520,359,4,111,4,21128,675,4723,289,4,1909,1823,2706,4,738,41,1157,4,2791,1474,600,2215,4,723,21129,2488,4,1258,3542,616,4,21130,643,73,4,224,4,57,533,2,57,2265,528,6818,75,276,4,7349,7350,2,2036,502,7,721,2,11,342,2,112,1486,919,2,11,229,2278,4,5601,3301,47,2873,4,12,199,955,226,4,90,10,452,118,4,135,212,2,11,387,2,5602,2,11,1422,187,4,1006,263,277,13,264,277,10,1392,27,7413,5321,70,412,2209,5,1539,890,2792,2,133,2,31,2088,2,43,300,302,2,11,1119,26,782,342,10344,4,11,798,277,6632,4,11,780,336,343,4,625,4,171,225,11,229,8421,4,171,225,1030,4,1478,1738,4,1746,992,175,217,4,11,79,2,197,217,181,4,11,1346,26,690,3882,242,4,211,93,139,591,4293,528,13,15,30,7,178,2,5226,2,127,2,1012,2,1284,5,188,252,168,34,279,17,5988,1601 1,14,13
29,2536,724,17,162,19,13375,278,490,7,10340,162,20,21131 0
29,573,504,2,226,90,2,11,1106,2,11,255,7,194 0
84,21,316,61,21132,136,23,566,5,1195,264,2278,13377,176,55,63,1144 0
58,4513,2517,38,10,29 0
58,4513,85,177,13,29,77,10,60,158,10,162,21133 0
281,2,29,88,87,115,7,91,313 0
113,50,188,44,21134,71,14,9416,42,1392 0
29,416,37,38,14,31,23,403,91,34,348 0
114,4,4506,4224,4,224,4507,4,3302,34,583,4,802,5603,67,4,152,5184,4,415,2414,2657,1054,77,4,2908,2,230,2,517,2,5099,2,1606,2,3618,2,1943,2,1284,1361,2,172,77,10,55,2329,19,107,7,162,4,5099,2,3618,2,172,381,77,4,31,9506,3449,4,40,1171,32,7,13378,172,4,40,1171,32,7,13378,1222,4,117,2279,6,1485,297,162,8593,426,4,548,13379,13371,1647,4225,2,7151,2,2423,2,13380,13381,89,10339,99,4,47,50,177,38,6128,242,5,2957,13,6,242,5,909,114,13,6,640,6129,4,681,4,21135,240,3541,5604,99,4,47,50,177,6,256,30,5,93,73,5,1061,13,6,584 19,18,28,20
1317,2762,4,681,4,21136 0
