69,49,4,21137,1159,569,1327,141,99,414,4,21138,2,7464,485,4,21139,49,7,141,4,6633,440,4,58,4149,5991,9,427,36,6631,21140,3250,538,8,150,6631,5992,4,58,12297,4457,36,4830,2809,1327,4,3728,2254,6473,2,195,1159,4,569,384,4,64,14,15,1662,200,307,528,13,216,5226,2,1874,5312,2,685,2,216,318,415,103,602,1071,3455,2,5,188,263,34,104,279,13,1305,248,236,7,1024,44,34 3,2,4
234,4,64,962,658,10,23,440,19,107,7,141,13,15,391,7,51,236,7,1024,44,34 4
64,1547,37,34,21,61,2716,7282,65,105,1902,10,35,1719,5,37,84,21141,65,6,54,1494,2027,13,993,10,54,891,4615,5,993,10,54,349,2,2625,42,13382,12,54,4753,261,1625,70,4753,2,32,57,32,423,6,54,386 0
12,6631,189,2,64,1185,6,34,32,621,15,588,1791,5,416,784,118,14,12048,814,23,567,104,12841,32,23,6514 0
18,267,37,6,34,2,27,84,74,6112,14,7985,2,48,21,504,10,8446,117,1837,5221,4267,10,6,189,5,631,12,6,189 28
18,21142,272,5,969,13383,34 0
34,21,11,4800,10,2318,26,996,56,21,2313,432,1147,2,3283,2,5,10345 0
64,295,19,6,1154,5765,7,23,6210,5,21,166,37,748,100,1965,21,61,61,268,1169,191,6,78,248,236,576,10,1382,5,754,34,2,54,354,157,2,207,42,44,34 0
64,21,31,39,10,245,268,3287,12,6,78,248,236,151,2538,2,5,267,11,228,12,6,1316,7,511,119,223,37,18,6521,100,1396,7,194,2,71,21143,1352,153,10,248,511,119,223 0
64,88,264,388,12,217,191,6,78,248,236,26,383,12,121 0
137,220,2221,36,270,4,403,37,6512,23,1284,348,77,172,9,896,547,8,474,22,2,35,45,9,62,8,25,33,442,2672,778,2,51,45,9,62,8,25,1519,632,495,9,4748,8,25,33,921,3218,9,1303,22,8,35,347,1160,4,138,3088,9,7467,8,768,2,35,45,9,62,8,25,33,138,386,34,1606,9,1380,1062,8,7468,2,35,45,9,62,8,25,33,5099,1915,2,35,45,9,62,8,25,59,98,154,107,9,62,8,230,626,2,35,45,9,62,8,25,33,1342,9,3417,8,446,2,35,45,9,62,8,25,33,98,154,107,9,62,8,517,491,2,35,45,9,62,8,25,33,98,154,107,9,62,8,1943,4875,1674,2,35,45,9,62,8,25,33,179,30,64,2536,65,21144,2,21145,6424 19,18,28,20
18,21,61,924,17,1439,831,5,281,295,13,23,943,5,153,4538 0
18,21,183,726 0
18,14,21146 0
21147,5844 37
11,554,26,840 0
18,113,31,500,7231,48,222,500,12,8514,2643 0
128,30,603,5,5513,2843,13,216,118,76,48,64,5066,32,10,6,439,7,696,26,1819,7,118,76,42,189,444 0
163,7,213,2050,36,11,7232,121,274,2,3648,2,26,3025 0
64,267,264,3888,15,420,5,432,6,107,2,32,57,32,713,71,21,61,15,928,1488,1144,13,64 0
623,36,44,34,32,119,234,28,11,228,12,655,2,702,2,26,270,27,468 0
1369,36,11,250,2,1106,2,270,27,468 0
340,36,188,263,34,28,11,2303,2,1463,2,613,2,228,12,2714 0
516,36,11,531,79,7110,36,306,188,350,21148,34,2,3974,7828 0
93,73,4,973,4,276,4926,111,21149,492,1910,574,1200,1048,1080,41,19,1391,7,651,1896,1742,224,4,57,1019,2,3079,2,11,180,326,181,4,11,690,26,571,166,202,4,725,2,1504,2,966,952,733,26,2561,112,4,330,2,11,21150,920,2,11,293,229,372,4,745,193,2,199,662,21151,44,4,34,10,1392,27,54,1494,2027 14
623,4,418,2,13,43,246,2,253,2,11,1093,2,970,2,1812,2993,1810,2125,27,4879,340,4,133,13,1006,277,2,48,86,10346,1739,26,1592,277,2,318,300,302,2,11,1003,2,217,4,3384,2,171,1410,2,967,5,64,243,2,1968,13,1382,5,3534,277,10,1392 0
258,4,13384,21152,1903,46,21153,298,2436,9,1260,8,398,266,13385,9,2484,8,41,458,9659,9,2626,8,1399,443,11480,9,1507,8,1301,13384,21154,1903,46,21155,215,1745,772,1904,1412 0
502,190,357,397,4754,9,1298,8,294,357,633,2034,9,1259,8,294,357,749,2501,9,1299,8,294,357,1688,1689,6912,9,1420,8,294,442,4458,9,1482,8,169,1531,2186,9,1727,8,169,1042,2500,9,1690,8,1421,357,1873,2083,1408,9,1300,8,169,357,331,1789,9,1586,8,169,488,975,4383,9,2588,8,550,1370,2129,9,2513,8,550,1937,1747,9,2310,8,550,2152,1123,1435,9,2514,8,169,488,1123,1517,9,3876,8,169,1813,1850,365,9,3530,8,612,2447,564,9,3705,8,612,1103,1096,3378,758,9,2550,8,1245,1700,1891,1475,9,3186,8,41,1700,2109,3995,1431,252,10,3996,2151,1475 0
2288,456,1858,9,2551,8,1245,2373,244,9,4151,8,612,1103,1096,1390,9,2952,8,612,6633,21156,1903,46,21157,215,1745,772,1904,1412 0
502,190,1103,1096,3378,66,9,148,8,2734,66,9,148,8,6633,21158,1903,46,21159,215,1745,772,1904,1412 0
502,190,2446,2397,72,9,3890,8,3891,2309,3778,72,9,3892,8,3893,1554,4,1619,1811,205,7,6633,4,821,11,160,7,541,1619 0
1673,3087,667,6,3139 0
3562,4568 0
1715,2028,76 0
464,7,6633,4,6,226,53,90 0
68,14,11,160,7,3927 0
6,118,1118,14,43 0
6,5038,53,483 0
147,4,6633,4,399,3070,13,15,145,7,647,5437,43,1000 0
43,1950 0
11,518,2982,26,2579 0
513,1672,12,1511,591,2,1088,5,1663,1126,158,786,1484 0
513,1672,12,2717,2,2489 0
199,157,1278,1607 0
11,777,26,719,2171,166 0
11,228,65,158,999,74 0
1784,1149,21160,4,6,999,1338,10,5454,415,20,66,17,313 0
6,729,1608,2145,1035,15,350,1118,2,149,3043,2,2317,3008,4368,2087,557,13,158,1484,13,5333,2348,7469,12651,48,316,839,415,4303,313 3
1323,10,6,708,7,21161,13,3123,352,9,21162,21163,8,6,937,166,794,816,2087,14,553,1451,12,6,156,73 0
91,429,7,21164,4,2794,2378,7,6,751,602,13,15,2263,675,3654,13,105,10,154,119,21165,2348,2816,5,15,21166,557,13,380,350,1619 2
64,926,42,58,21167,2,543,561,17,2477,714,2,15,318,352,2419,5,134,729,743 3,2,4
746,3002,12419,164,1071,20,716,19,6,751,602,947,15,4816,3654,1118,7,2263,675,4726,814,15,21168,21169,1914 0
242,4,64,14,15,1662,200,307,528,13,216,5226,2,1874,5312,2,685,2,216,318,415,103,602,1071,3455,2,5,188,263,34,104,279,13,1305,248,236,7,1024,44,34,9416,712,1392,104,14,265,10,1167,286,371,13,153,1501,7,66,91,785,5,11,147,142 3,2,4
114,4,161,44,34,4,218,1031,12,1819,124,21170,7,34,19,1392 0
278,2,124,64,74,91,30,2,40,1150,248,268,3630,7,91,2066 0
1784,415,215,724,17,1960,13,1134,548,2,32,57 0
64,74,21171,3501,10,501,432,141 19
64,21172,1599,10,2847 28
2628,140,257,7,1606,5,211 18,20
64,10,55,1222,117,2279,17,221,91,1011 0
165,5226,4,2628,140,262,7,517,2,32,57,32,5059,775,5,1773,40,5071,58,4457,37,64,14,12248,119,1856,7,440,2,10,2739,108,87,241,4830,2155,14,1633 0
186,339,4,40,540,2446,5,2309 0
517,14,15,334,1489,7,4433,5,64,74,986,263,849,176,55,1843,12,2275 0
598,2081,32,1471,14,839 0
3728,2254,6473,705,21173 0
