69,49,4,21272,6637,1228,7,38,99,14,6,8603,303,1315 0
1908,1557 0
192,5868,454,6638,12,4459 0
4181,3140,1473,13421,441,69,36,2545,5650,2591,99,75,906,75,906,75,906,75,906,75,906,75,906,75,906,75,906,4459,99,139,4,13422,4,8599,2,8600,75,906,75,906,485,4,8601,2321,4,8602,3716,4,13423,315,4,21273,9119,189,2591,99,2591,141,99,99,139,4,681,189,5519,49,95,4,8611,13438,38,99,21,61,809,681,42,13439,7479,2,1162,8611,21274,979,1783,3581,12,6,189,99,563,4,13439,7479,2,1162,206,2609,208,315,7,21275,21276,206,2609,208,858,391,4,44,34,206,2609,208,30,7,156,360,4,21277,4736,104,658,10,6,189,13,44,34 4
16,20,12,24,10364,532,38,221,151,16,166,52,349,2,52,44,2,52,386,34,32,57,32,52,2240,868,2,16,21,11,270,26,969 0
6,34,3111,2490,31,3327,627,13,639 0
16,21,11,250,26,1621,2,11,508,26,469 0
206,2609,208,5997,4,371,98,51,3362,2,3906,116,6594,6000,775,78,1734,299,4,21278,5,9796,9943,9,2883,2,554,8,119,1353,233,12,6,78 10,2,13
267,3862,27,21279,2,5,69,6508,150,3862,317,13440,19,21280,2,8579,21281,10365,2,13440,13441 0
206,2609,208,257,4,21282,823,12,6,221,2,447,297,2101,230,196,22,25,33,310,447,6396,59,894,109,6396,283,206,2609,208,1146,4,1573,9,8,206,2609,208,128,299,4,21283,27,2593,371,2,21284,21285,206,2609,208,179,299,4,64,14,65,6639,48,21,4684,12,6,13428,680,17,6,78,109,159 2,19,29,26
1616,2,578,924,2,11,726 0
3951,53,2694 0
64,21,13429,12,6,680,17,2720 0
64,416,16,21,4684,13,8563,17,78,102,159 0
16,14,281,373,21286,5919,15,10366,8371,1477 0
64,21,30,7,1308,12,13430 0
29,1822,554 0
29,1822,840,2,2883,97,1109,259,198,146 0
29,4669 35
206,2609,208,163,7,213,4,2050,4,11,182,584 0
3413,4,11,182,584 0
5482,4,11,182,584 0
2856,4,11,182,584 0
562,4,125,234 0
5518,4,11,182,584 0
8612,4,11,182,584 0
10367,4,11,182,584 0
181,4,11,182,584 0
323,4,11,182,584 0
1353,4,125,234 0
206,2609,208,499,5,8608,32,166,256,5,12,6,189,69,17,38,5917 0
192,150,213,355,66 0
93,73,4,973,4,21287,9,4063,8,21288,2609,224,4,29,14,1040,5,413 0
29,14,646,1094 0
29,14,4562,1019 0
29,14,15,57,533,2,57,2265,2,345 0
206,2609,208,3413,4,6,392,14,1186,5,1125 0
3404,50,11,7849 0
2354,53,822 0
206,2609,208,2918,4,29,74,2278,14,175 0
6,1657,1405,53,1130 0
206,2609,208,112,4,6,112,14,330 0
206,2609,208,2856,4,6,226,53,90,10,452,193 0
372,3770,14,43 0
206,2609,208,562,4,6,118,302,50,15,43,2673 0
6,118,21,15,135,145,5,212 0
68,14,11,417 0
91,1422,12,31,156 0
91,1371,14,31,156 0
206,2609,208,4436,4,6,187,14,375,5,1774 0
187,14,133 0
463,206,2609,208,1031,4,29,113,31,50,79 0
29,21,11,720 0
29,21,11,673 0
206,2609,208,181,4,6,29,74,181,14,175 0
206,2609,208,899,4,21289,56,206,2609,208,215,457,4,282,457,4,315,649,524,824,689,3584,2185,1982,2658,7480,4182,9,1298,8,9,1259,8,9,1299,8,9,1420,8,315,379,804,1578,770,3584,1163,13442,75,695,28,284,206,35,208,3681,9,72,8,4182,9,1300,8,9,4099,8,9,1354,8,315,1498,3584,481,4182,9,4294,8,315,335,1178,22,3584,2796,2129,931,4182,9,1482,8,9,1727,8,9,1690,8,315,1330,2383,3584,66,66,21290,9,148,8,9,148,8,315,298,615,458,266,3584,5892,9,72,8,13443,5665,9,54,8,21291,9,54,8,4182,9,1260,8,9,2326,8,9,2216,8,9,1969,8,315,530,665,698,443,3584,449,9,54,8,6915,9,54,8,5738,9,54,8,13444,4182,9,1340,8,9,1448,8,9,1449,8,9,4353,8,315,666,3584,8374,9,72,8,4182,9,1383,8,315,1081,41,1753,41,897,41,1637,3584,1192,546,9,72,8,1200,259,4182,9,1698,8,9,1780,8,9,1699,8,315,41,732,41,1675,3584,51,515,4182,9,1857,8,9,1816,8,315,2584,2585,2661,2662,3584,21292,9,72,8,21293,10368,10369,4182,9,2166,8,9,2167,8,9,6935,8,9,2168,8,315,2663,3584,3510,4182,9,2228,8,315,1513,1458,2664,2130,3584,395,9,72,8,1518,9,72,8,152,171,9,72,8,4182,9,152,8,9,152,8,9,152,8,9,152,8,206,35,208,772,2382,4,1138,108,75,879,28,284,3535 0
108,29,14,8267,2,6469,6,772,42,9814,1554,3584,13445,8603,1554,708,414,44,51,4415,1903,46,13446,139,678,73,1316,4,13446,444,139,4,678,311,4,44,51,4415,315,4,3584,13445,73,715,4,21294,4524,1741,4,10370,2,8038,650,195,2045,30,4,455,2,5633,1021,17,21295,36,444,3049,5,891,4415,7,6,44 0
2666,4,21296,584,4,10045,4,152 0
226,4,252,409,4520 0
3004,2258 0
11,305,79 0
7310,4,68,14,11,1079,1205,26,3927 0
118,5,4236,4,6,118,5,6,4236,53,185 0
5038,4,6,2012,7970,14,483 0
320,4,252,409,4520,1248,3939,17,9838,1994 0
3004,2258 0
11,900,3323,26,305,79 0
2912,4,1868,5,891,4415,7,6,44,13,199,4831,3770,151,6,29,14,382 0
7303,4,8353,4,13447,2,13448,2594,240,13447,2,13448,2594,240,206,2609,208,147,4,43,399,212 0
11,180,958,142 0
206,2609,208,89,1941,21297,4736,13,13449,13,52,2240,44,2,349,386 0
392,34,34,739,110,21298,1388,17,91,2066,2,2580,785,2,64,1431,817,27,4891,4063,17,1149,2,40,21299,27,13450,56,21300,1608,2148,609,27,1890,2,21301,20,66 0
206,2609,208,2591,240,99,99,139,4,681,189,5519,49,95,4,8611,13438,38,99,21,61,809,681,42,4727,4416,6567,2,4756,8611,21302,979,1783,3581,12,6,189,99,563,4,4727,4416,6567,2,4756,206,13451,208,240,195,586,4,38,29,14,15,21303,345,13,13427,1168,1351,7,52,44,34,1539,10,24,52,112,2,1288,2,5,1444 4
16,687,37,16,39,44,34,97,376,5,20,265,10,5774,1473,308,819,16,1007,890,15,13452,17,248,123,5,20,3090 4
16,39,180,3514,12,3362,5,7353,16,20,724,10,50,15,415,21304,21305,144,38,78,223,48,52,8604 0
6,34,12,24,52,44,21,61,68,17,6,78,102,697,21306,4,436,2,44,90,2,118,8277,417,2,3045,4,133,463,2,323,4,2359 0
54,1444,4,51,42,51,601,5902,693 0
15,4,64,650,299,7,3514,2,314,134,91,1526,2,306,178,21307 0
10,2591,17,10308,371 2
40,301,63,1784,1149,32,47,3869,16,319,3123 0
47,50,755,6,29,5,285,13,6,1436,5521,6,29,74,203,5,1061,13,6,114 0
206,13451,208 0
