69,49,4,21226,3140,1473,140,303,441,69,29,4,8599,2,8600,485,4,8601,2321,4,8602,3716,4,661,4729,315,4,21227,21228,221,1741,4,2911,5517,95,29,201,21229,858,391,386,34,234,13416,216,334,178,2,134,141,17,455,2,216,116,2,5586,2,120,2,1530,386,34,5,85,1305,455,2,939,136,922 5,13,1,10,4
11,21230 0
222,31,1305,455,27,5433,26,10,1476 4
11,21231,34 0
216,9796,1240,2,4143,10,430,80 0
1545,178,120,116,5586,2164,8424,88,257,230,196,22,25,33,310,447,6396,59,894,109,6396,283,4142,5191,22,25,59,1292,5996,259,21232,21233,314,368,22,82,1146,747,128,299,1742,179,299,430,2,2883,2,4669,21234,831,2,21235,13,7137,499,2050,11,825,121,274,26,1313,2,713,2,508,2,469 5,19,13,1,29,10,26
3413,11,901,142,2,571,2,1274,5482,11,895,274,2,2540,2,1809,2,3508,2,3498,2,572,2132,2,802,571,2,2757,2856,125,234,562,125,234,5518,11,34,2,272,2,402,2,435,2,1463,2,588,2,2366,8425,125,234,181,11,690,2,3121,323,11,274,7,8606,2,1232,2,3861,2,10071,2,11,892,2,7473,1353,11,438,2,914,2,2100,415,93,73,2050,29,14,15,57,533,2,463,2,413,345,2,11,180,326,2,11,2002,422,973,21236,21237,21238,13417,21239,3413,1623,2,1237,53,1025,2,1967,5,5688,2432,10,688,2,5400,74,53,275,2,11,7047,377,2,3404,43,2918,68,14,11,850,377 33,14
2839,74,90,2,7337,4132,86,571,2,11,13418,571,2,199,3512,2,4798,1052,2,13419,5,2444,86,2715,26,2561,112,275,502,7,721,2,11,2757,26,277,2,620,43,1118,86,6356 0
293,243,53,175,193,86,229,2,11,780,2,11,342,2,11,112,1107,1386,2856,90,10,452,5,1043,2,11,942,2,856,26,1223,562,135,145,5,212,2,43,246,75,253,2,11,387,2,766,26,711,4436,463,2,133,2,43,300,302,2,375,2,11,10358,342,26,953,1031,11,673,2,720,2,79,2,26,757,388,181,11,484,2,11,571,7,6146,899,725,2,570,2,1478,1738,175,2,972,139,2,988,5,1702,43,2,590,2,466,2,1355,5,672,43,1734,11,901,26,7337,10359,2,31,3598,2,31,13420,147,307,54,21240,2,11,958,142,2,869,65,158,3578,13416,104,279,2334,2,1249,286,7,257,2,455,27,450,5,11,999,142,2,8054,148,2,113,31,301,1364 33,4
2995,4997,5,10,55,201,42,10360,17,2474,709,5,1734,1906 0
855,140,26,10,10360,17,241,1906 0
189,240,312,99,89,1276,177,2369,234,130,200,307,345,279,13,44,5,386,34 0
472,50,61,188,167,17,170 0
16,21,15,30,7,430,245 0
31,290,87,7,24,77,27,38,95 0
11,508,2,469,2,402 0
34,14,3932,2,123 0
1095,1539 0
499,192,213,177,5,66,820,32,256,973,125,1476,586,385,759,4,21241,2,1040,2,7474,392,4,1623,112,4,330,275,1596,226,4,745,1203,623,4,418,11,1058,340,4,133,875,1325,516,4,11,3227,323,4,3521,192,217,89,1941,2505,189,408,163,7,1276,36,498,2422,17,1140 0
16,21,134,1149,37,14,66,5,134,605,17,91,1167,286 0
401,2,999,14,869,65,307,36,11,241,91,1243,865,12,6,189,27,38,95 0
801,2,6301,2,5,1321,53,599,2,32,14,3445,2008 0
114,44,810,2,3159,470 0
16,14,2995,90,17,642,32,119,3159 0
630,19,377,185,2494,44,34,163,2762,47,50,3402,201,5,755,6,29,5,941,6,427,74,122,2,177,5,1061,13,6,427,74,2105,7,30,2,5,285,6,233,2,114,7,203,5,642,7,6,29,13,6,427 0
38,99,21,61,809,681,42,2911,5517,2,195,21242,21243,221,979,1783,3581,12,6,189,99,563,4,5949,5429,9,62,8,2911,5517,2,195,150,5992,5871,7475,2,195 0
