69,49,4,21404,29,414,4,4460,2,1955,206,485,4,21405,208,49,7,101,4,21406,343,162,470,99,4,47,221,963,10,5994,287,4460,5,2382,19,134,205,584,7,15,21407,2087,12,6,70,4321,143 0
637,1067,2516,4,161,178,36,103,13477,555,664,1808,12,13478,165,10375,585,2356,41,2,149,512,2,2256,5682,1105,174,1424,1440,2,3211,13479,2,412,1636,2962,1520,952,160,7,1233,19,1194,19,10376,186,116,249,254,351,4209,459,7481,450,6641,14,1352,8614,77,4,473,449,22,33,172,370,22,33,210,368,22,33,184,758,22,33,230,244,22,33,2267,109,22,33,137,4,747,512,4460,14,15,1645,292,762,153,223,286,65,2934,959,7,70,4321,21408,1180,42,2001,1148,8624,2,7902,2730,7,6,1148,1914,5,2794,2169 2,5,19,13,1,18,29,15,10,32
3881,12600,117,2169,227,11,160,7,15,5483 0
15,745,346,922,10,1514,24,620,20,1796,32,4,348,1867,1013,70,4321,143 0
3696,7,6,143 0
1451,3547,2087,2,373,218,21409 0
108,2783,14,7,979,1693,2,412,445,1575,176,55,1156 0
348,19,93,122,2,16,21,149,1095,9680,1867,7,6,70,44,816 0
24,70,912,14,619,5,57,2346,2,13,395,1410,5,3331,243 0
68,53,11,5783,26,229 0
784,163,7,1148,8625,7,6,205,1035,6,640,4,35,8 0
21410,10,55,8083,51,8 0
1006,1148,21411,13490,6,4201,10,1796,1127,14,26,14,31,12,6,11651 0
102,8 0
580,1641,2709,9772,19,6,70,21412,13490,1082,4201,10,21413,6,3311,12,6,680,7,6,4321,143 0
183,8 0
1641,2709,4052,10,2382,19,1148,3311 0
1582,19,24,979,73,2,5,6,1708,37,16,14,19,63,7756,2,15,207,100,4321,143,1575,122,14,12,1731 0
38,215,454,55,21414,6931,21415,1092,68,14,87,160,7,15,5483 0
108,68,14,63,21416,3547,2087,2,47,209,31,3105,84 0
16,14,4967,5,24,349,14,7469 0
68,53,11,10386,7,13491 0
2911,710,1707,2,195 0
