69,49,4,21308,13218,663,1327,8011,99,29,4,4460,2,1955,485,4,13453,49,7,141,4,21309,440,4,58,6509,8613,9,6640,8,240,4,9515,21310,13454,384,4,44,34,234,4,17,275,885,2,361,125,2756,141,99,7,21311,5,2756,1480,99,7,21312 4
12,2001,2,6,29,14,15,474,1576,471,13,1630,2,311,591,120,5,127,104,20,12,24,3160,532,4730,1485,2,151,16,533,2544,44,34,1013,21313,2,627,13,366,2,48,11,993,969,2,272,2,402 5,13,4
6,34,2731,647,6788,606 0
2065,20,1008,2,104,1632,170,10,6,5522,189,2,819,16,20,514,10,55,5337,2,13,63,651,7,1470,41 0
24,34,20,5953,13,219,1837,2,5,3155,504,24,651,1304 0
16,20,514,10,50,63,9585,3848,3983,5,15,318,783 0
16,20,4126,19,172,2,501,2,235,2,652,2,5,10371,5,718,10,6,429,282,2,819,16,20,514,10,50,7334,76,31,4348,10,3002,3476 18,19
16,20,718,10,6,2756,2,819,16,20,321,19,235,21314,59,5,15,555,3523,1243,20,4126 0
136,141,10,6,2756,2,16,21,61,185,2,13,1536,628,3838 0
24,2288,5715,27,13455,5,20,1581,10,808,10,43,2,10372,19,97,4902,80 0
16,20,7868,5254,5,1086,10,6,1032,13,11,1161,4331,2,460,11,44,34 4
19,6,1032,2,16,20,185,48,39,15,13456,9995,2099,7,13457,2,24,111,20,5780,5,16,20,1433,2,13,11,44,34,26,366 4
16,20,124,183,1800,219,7,13458,2,284,2023,7,2649 0
540,91,785,2519,27,6,95,129,182,17,15,2288,7,10373,48,13,15,867,7,3296,9,13459,8,5,1330,7,3146,9,10374,8 0
78,89,30,4,178,10375,585,2356,41,19,1194,19,10376,21315,184,297,141,21316,607,297,141,7481,450,6641,14,1352,8614,77,19,1480,4,501,1247,22,25,59,2157,4707,22,25,59,210,368,22,25,33,2161,196,22,219,2137,888,204,22,25,291,131,2448,211,370,22,25,33,235,284,22,219,33,652,219,2448,192,4,747,1100,4,29,706,671,154,159,146,2,1591,51,1860,98,2372,831 25,19,38,1,18,29,15,30
88,13460 0
994,13461,6781,2,295,12,13462,13,503 0
990,4,603,587,27,2118,2,477,27,1324 0
51,3187,2,35,1343,2,3410,2,153,1343,6796 0
11,334,178,2,2079,91,2947,2,421 1
93,73,4,276,9433,25,289,368,111,21317,574,105,651,980,41,628,759,4,779,471,2,1147,100,12,886,2,12,436,202,4,725,2,570,2,2354,822 0
112,4,330,2,11,846,2,11,293,229,2,487,919,799,4,11,815,26,2306,2384,694,4,418,246,2,253,324 0
5280,5659,1572,4879 0
11,8615 0
11,1093,2,970 0
847,3285,2351 0
44,4,2181,942,37,90,13,3071,2,90,10,452,355,187,4,1381,133,2,875,2,1325 0
11,1003,2,11,798,277 0
2741,12,1083 0
516,4,582,561,1331,8616 0
11,1505,181,4,11,690 0
323,4,15,2,646,10,414,1955,4460,2,49,1110,21318,2,1083,13463,1473,308 0
2633,6,6001,2979,2,2580,13464,9,1993,2,1987,2,1332,2,1324,2,1429,2,1516,8 0
725,2,570,2,6192,863,2,1559,1052 0
590,1028,12,362,2295,5,531,2,466,992,175,10,688,1014 0
21319,1518,27,6979,2,355,171,2,853,193,2713 0
258,4,8617,5101,21320,21321,298,4334,6402,615,13465,13465,458,3443,9,54,8,3443,9,54,8,266,6642,9,54,8,8434,9,54,8,530,1645,474,665,5661,5661,698,6342,5006,443,7410,6504,666,7211,9,72,8,9428,9,72,8,8617,5101,5101,13466,13467,5177,649,1917,1604,524,1747,2123,824,1347,9,54,8,738,9,54,8,689,9338,7480,379,2822,9,72,8,3709,9,72,8,2372,9,72,8,804,2500,9,72,8,2644,9,72,8,1624,9,72,8,770,10377,9,72,8,8618,9,72,8,8617,5101,13466,5177,335,4458,4458,1178,3509,2675,22,1624,2500,5101,5101,5177,21322,867,13459,21323,9,72,8,1330,10374,9,72,8,21324,9,72,8,4014,3830,9,72,8,2080,9,72,8,2986,10372,9,72,8,10378,9,72,8,5101,5177,1462,10326,9,276,8,2566,5493,9,72,8,940,2038,544,1944,9,276,8,3779,2554,9,276,8,8617,5101,5101,21325,21326,13468,21327,21328,64,4397,9,72,8,1046,1571,1069,11818,9,72,8,13385,9,72,8,5998,5315,704,21329,6,52,719,3894,1118,14,43 0
6,52,719,653,496,14,4350 0
6,52,2037,14,2256,5682,13,3264,12743,2,6,751,21330,5,6,1709,53,373,2054 0
496,14,1810,3114,27,6,1562 0
68,14,6625,3217,7,6,1105,1709 0
6,9478,4933,3547,13469,53,1126,3953,7140 0
6,2124,872,1177,14,2356,41,21331,512,2,149,2178,2,2962,1520,464,21332,225,305,79,5,225,350,1079,2117,2,70,1441,271,52,2,13,627,7140,2258,2,9842,13,8006,893,7,421 0
4117,2258,27,6,70,1562 0
91,429,21333,269,717,368,41,238,2,1470,41,1964,238,2,525,602,13,4269,7,244,675,4723 0
147,399,212,2,52,794,7904,2,518,2982,12,5292,869,65,498,3019 0
833,4,474,292,471,13,15,30,7,1336,2,116,2,1630,104,658,13,15,1966,5,421 2,5,13
16,39,15,91,561,13,182,6544,76,31,4348,10,3002,1388,5,40,110,433,233,17,555 0
16,21,1053,1898,15,13456,2099,7,13457 0
562,212,4,16,1249,39,11,334,534,7,13470,12,6,2756 0
24,2690,14,218,239,10,21334,21335,239,10,2928,5,2548,239,10,24,371 2
40,383,3015,262,10,244,22,25,2241,2,2399,100,5254,32,1620 19
19,91,2408,40,4402,524,2,22,10,4313,7,354,2500,5,354,183,5396,64,3990,555,2,48,14,19,6,1295,7,4963,17,3052,959,108,555,8619,276,8305 0
40,539,2212,108,241,4307,7,5639,2,40,3073,10,3551,203,313,4,21,1630,2,5,1053,39,15,1966,13,15,783,1344,27,13455,19,21336,2,48,110,13,63,383,10,21337,16,21,182,7334,76,19,561 2
40,126,21338 0
40,838,473,17,3145,555 0
507,2,91,162,640,40,1752,91,3651,98,102,1808,4,16,20,12,21339,305,79,19,1464,2,1105,2256,5682,13,63,585,2356,41 0
40,126,235,284,22,219,59 0
321,19,3451,7,2157,21340,2,16,21,120,2,393,40,126,2638,1630,7399,2237,421,4,658,13,180,421,2,13,13471,7,1470,41,12,189 5,15
110,1433,5,185,13471,103,2674 0
40,126,219,235,284,22,59 0
1630,218,239,10,1336,2,116,40,126,1918,323,4,16,14,15,1114,2825,27,450,5,21,6,328,811,7,4726,439,2,120,5,116,17,21341,1037,117,555 5,13
40,433,949,470,2,40,155,293,1681,426 0
2009,4,2571,91,333 0
120,2153,1210,40,855,219,2161,2,247,742 5
19,652 0
4313,7,950,10,1815,24,10379,5,7260,24,583,297,555,5386,414,4,5512,13472,2,195,2045,705,46,21342,3546 0
