69,49,4,21352,1556,605,99,29,4,4460,2,1955,485,4,13453,49,4,2229,723,2,3341,240,4,58,5768,440,4,58,8613,1228,4,29,2,5,5522,1276,384,4,270,234,4,287,4460,14,63,10382,345,13,15,78,30,182,17,116,2,120,2,1630,2,670,2,5,1413 5,13
16,288,543,15,248,1261,555,12,1589,6927,27,37,95,16,39,658,10,5522,12,421,5,174,63,1966 2
91,561,604,406,76,12,6,269,5,2273,2453,5,634,76,12,6,602 3
16,543,555,19,21353,2,13473,2,174,15,2352,10,6,269,593,5,63,2120,10,6,1869,3132 2
24,7483,408,20,6390 0
16,658,10,6640,19,21354,174,270,2,514,10,55,12,421,9,1827,21355,8 0
16,88,87,44,34,5,27,6640,16,39,11,958,147,142,48,20,514,10,50,318,91,21356,174,63,1153,8621,7,2266,3472,10,7484,6864 0
24,3651,126,10,4096,5,19,1480,129,867,9285,5,1330,7,13476,13,15,1177,7,4454,41 0
16,20,1086,10,5522,819,16,543,91,561,37,1164,986,406,76,12,24,3653,2394,32,57,32,182,238,7,24,2352,27,2567,21357,5,991,1622,7,24,2120 3
15,1868,1597,5,63,4268,129,730,5,6,29,20,1086,10,6,1556,17,241,583 0
637,1067,2516,4,178,103,13477,555,664,1808,12,13478,10375,585,2356,41,2,149,512,2,2256,5682,1105,174,1424,1440,2,3211,13479,2,412,1636,2962,1520,952,160,7,1233,19,1194,19,10376,116,254,4209,7481,450,6641,14,1352,8614,77,4,473,449,22,33,172,370,22,33,210,368,22,33,184,758,22,33,230,244,22,33,2267,109,22,33,137,4,747,2575,4,287,4460,62,603,587,27,2118,2,5,24,477,27,1324,2,5303,65,91,1757 3,2,5,19,13,1,18,29,15,10,32
16,21,51,3187,2,5,35,1343 0
16,21,11,334,128,30,7,178,2,2079,91,2947,2,421 1
2997,4,29,706,671,154,159,146,2,1591,51,1860,98,2372,831 38
88,13460 0
994,13461,6781,2,295,12,13462,13,503 0
499,4,361,125,2830,4602,5,5733,12,234,224,4,699,57,2,11,616,228,26,2050,864 0
562,4,11,455,32,256,372,4,270,32,256,2,11,13480 0
1030,4,11,8622,1766,4,11,685,2,340,34,2,21358 0
21359,4,11,807,2,4426,2,2546,2,1196 0
1031,4,11,21360,34,181,4,11,21361,571 0
385,4,973,4,1157,4,4486,4942,13481,4,5021,4545,4,1749,492,4,284,574,4,105,3247,4,738,41,3210,224,4,57,1019,2,2024,762,12,436,2,1239,202,4,1186,2,1125,2,1130,1657,1405,2,487,27,5309,6861,112,4,11,269,2,11,846,2,625,171,569,91,4,135,145,5,212,2,246,5,253,43,2,11,387,305,4,745,569,2,199,662,1129,193,2,11,942,187,4,133,2,978,2,2170,2,199,300,302,1368,4,157,1270,1331,174,4268,5,1868,1597,21362,2,11,1867 0
516,4,11,673,2,720,2,48,395,79,569,2,171,5,1025,525,243,323,4,725,2,570,569,2,1444,863,5,2299,174,175,466 0
4755,5,10383,1028 0
412,217,1028,5,531,62,1028,722 0
466,992,175 0
1355,171,842,672,175 0
181,4,11,1628,690,26,571,2,199,181,3727,258,4,6640,13482,21363,1903,46,21364,4,21365,215,1745,772,1904,1412 0
502,190,397,3116,9,9777,8,294,633,2917,9,12264,8,294,749,2621,9,9315,8,294,1688,1689,1200,9,12265,8,294,1498,2653,4916,9,21366,8,358,2,1995,3255,72,9,12267,8,169,379,2372,72,9,12266,8,169,331,2231,72,9,9778,8,169,442,3101,9,12268,8,169,12269,2123,9,12270,8,169,1103,1096,21367,46,72,9,7234,8,612,1042,2827,9,12271,8,169,5867,21368,46,72,9,456,3006,8,1245,41,5867,4458,46,72,9,13483,8,41,654,374,2,12272,4811,9,12273,8,41,6640,13482,21369,1903,46,21370,4,21371,215,1745,772,1904,1412 0
502,190,1103,1096,9285,72,9,7234,8,612,5867,13476,46,72,9,456,3006,8,1245,41,5867,4454,72,9,13483,8,41,6640,21372,21373,1903,46,21374,4,21375,215,1745,772,1904,1412 0
502,190,298,4243,72,9,21376,8,10384,615,21377,9,21378,8,21379,458,3846,9,2626,8,1399,266,13484,54,9,1969,8,41,530,21380,9,1340,8,1141,665,5341,9,21381,8,8376,698,6342,9,21382,8,550,666,4397,72,9,21383,8,41,2526,830,4891,9,21384,8,7897,21385,3380,9,21386,8,1141,1307,311,21387,21388,7485,1580,72,9,21389,8,41,7838,7485,456,83,9,4710,8,41,12733,481,54,9,21390,8,41,21391,83,9,10385,8,41,21392,515,9,21393,8,41,21394,515,9,1816,8,41,559,4962,4883,72,9,2166,8,10384,559,6589,1789,54,9,2167,8,10384,615,5318,43,3135,4,152,1554,4,152,6277,4,13474,764,174,54,1000,2,513,62,12,6363,32,57,32,518,1636,2982,2,6886,174,518,1636,2982,21395,764,174,54,1000,2,513,62,12,6363,174,3017,518,2982,2,3017,518,438,12,2717 0
242,4,12,1246,38,14,63,10382,345,13,15,78,30,182,17,116,2,120,2,1630,2,670,2,5,1413,103,15,13485,555,21396,3341,104,658,10,63,1986,174,270,2,514,10,55,12,421,174,63,1966 2,5,13
561,103,1480,10,5522,1164,1006,3653,76,32,57,32,991,1622,7,2120,5,21397,505,7,2352 0
11,1388,1009,174,114,10,808,10,429,282,17,13486,1388,19,3269 0
114,4,623,313,4,103,1966,126,211,5,631,1069,13155,3594,10162,32,106,1693,17,2808,21398,2,40,4833,17,913,7,1069,21399,2399,100,8623,5,3478,631,421,504 18,2
2283,1226,12,221 29
11209,7486,631,1069,456,284,119,1811,147,19,1367,2,174,455,5,12,221,114,17,13486,1388,19,3269,7,38,223,623,1808,4,1464,174,421,2,110,682,1868,1597,12,1083,9,48,5894,1597,8,114,10,21400,11401,5,218,855,68,117,119,444,174,12361,27,579,12,429,282,2,40,155,1827,10,50,450 0
4268,730,12,429,282,174,106,572,2,623,212,36,764,764,27,156,2,13487,19,91,2408,2,4402,524,5,22,32,865,1630,450,792,8614,4549,1685,5,4007,304,561,120,13488,13489,5,2153,2,27,140,19,802,364,155,1098,2244,36,314,2808,119,444,2,2081,124,95,408,155,2808,4138,2,855,652,65,192,7487,5,21401,3772,742,5,10162,275,715,9642,21402,195,705,21403 5
