69,49,4,21343,91,162,13463,1473,308,3051,99,4,1215,244,2,3341,58,6509,8613,21344,1120,144,21345,7482,1411,10021,2,8511,21346,536,4,1955,4460,5522,46,36,21347,828,58,8613,4,47,701,1082,21348,29,2,287,4460,2,80,12,784,622,17,15,1072,961,1166,155 0
32,329,871,2,38,14,63,474,2360,471,13,15,30,7,188,132,776,5,81 5
16,543,63,13473,2308,703,19,13474 2
16,39,63,1536,7483,2906,537,874,19,107,1859 0
136,140,2,16,267,460,11,241,115,7,255,7,194,26,44,34 0
16,21,61,2230,734,24,82,996,5,14,110,748,173,1859,10,5513,606,15,107,5,248,4365,7,3609 0
47,50,1805,37,16,2230,383,24,82,352 0
19,122,80,24,118,145,20,368,5,135 0
24,44,2355,20,57,2182,5,24,5707,185 0
24,226,129,90,193 0
16,39,149,79,27,24,70,754,5,15,3039,8431,1107,6002,1331 0
24,231,77,53,172,370,15,107,2,742,105,15,107,2,184,758,15,107,2,230,244,15,107,2,473,449,15,107,2,11710,35,1213,25,1004,2,5,210,368,1213,15,107 19,18,29,15,30,32
1172,2,47,221,5472,10380,10,125,287,4460,460,3701,86,6260,65,24,3095 0
47,21349,37,329,50,431,15,3503,7,24,377,1246,937 0
108,31,361,2836,260,871,5,92,8620,2648,329,38 0
4259,17,6155,1089,2011,12,6,203,7,38,779,762,5,2836,260,871,108,47,319,55,7,241,2262 0
1027,2,10381,3173,13475,2,96 0
21350,4,21351,681,809,42,10381,13475,195,19,3482,154,2,3341 0
