69,49,4,21507,6004,1159,102,1327,141,414,4,5523,3276,512,46,4,13505,605,49,4,1415,1250,2,6598,5106,240,4,58,7493,5106,1868,4,4675,13525,440,4,4727,7488,2809,1327,4,13526,13527,715,4,275,1228,4,29,858,391,4,435,30,7,156,360,4,5679,762,13,1235,6644,1006,817,5104,2255,103,183,3559,7,4461,13,264,2148,8632,7,52,1270,8639,693,5,911,1126,5105,237,103,3277,1752,46,165,110,103,130,7317,2206,10,851,2033,1331,12,52,1270 0
16,20,1888,288,17,21508,5,596,2,431,3012,5,2198,2,5,20,874,19,21509 0
32,119,855,1246,2,16,431,3012,17,2391,4131,5,7496,1427,9,645,38,14,15,1114,9330,136,389,1218,66,37,141,2,5,318,17,472,5799,12,10365,8 0
432,373,134,141,16,20,514,10,55,1050,1307,318,2,48,479,10,50,39,4450,408,7,3391 0
136,377,2,29,267,31,699,6,1140 0
16,21,39,10402,263,34,2,435,2,5,1898,106,1251,38,465 0
499,4,88,596,2,1112,2,469 0
88,1652 0
88,455,2,372,864,2,668,572,2,1642 0
78,89,30,4,161,7489,74,10389,165,225,475,955,579,159,146,186,3649,700,955,249,81,341,311,591,351,3489,832,459,164,143,76,710,429,65,10365,4,406,52,1468,9,284,41,2777,8,2,751,269,9,284,41,8,2,5,602,9,204,41,8,2,861,2352,636,132,753,5820,12,6,4676,843,541,238,13,9,676,680,35,1344,8640,1241,4338,14,2232,2142,8,1038,421,9,585,2277,41,8,1065,777,8078,103,4183,1552,1006,817,5104,2255,5106,30,36,32,119,158,586,12359,4,287,3276,20,12,24,1054,1120,7,424,532,16,658,13,1968,79,5,225,1270,388,2,52,354,70 1,3,5
13528,4,205,609,7,6,187,604,4757,1289 0
205,609,7,6,2636,604,15,6003,7,5524,799,12,5031,7,6,1455,5,8626,8627,32,57,32,8157,1289,12,6,1884,2365,6003,13,63,2365,693,3933,2263,10,1747,601,12,3207,19,6,52,663 0
6,4551,2523,12,6,1613,680,4945,647,2983,601 0
21510,4,911,7,52,1270,693,1126,5105 0
21511,2,5713,21512,2,21513,2,21514,2,21515,13528,4,2148,4,264,13529,5628,722,6,7253,2,52,2636,5,717,52,197,445,71,12695,13,1350,780 0
21516,4,1033,3188,911,4,86,160,7,2886,13015,1752,46,35,7,4461,27,449,41,8641,5,8642,262,21517,1752,46,51,7,4461,27,204,41,8641,5,8642,262,36,6647,21518,4,2148,4,957,2171,7,52,1270,693,48,553,5795,13529,5628 0
2171,12,1118,176,2264,5406,65,522,1716 0
1051,12,52,2365,1289,5,2010,7,4757,780 0
350,1843,1782,5902,505,36,176,55,21519 0
21520,4,1752,46,102,7,4461,27,204,41,8641,5,8642,262,36,6647,21521,4,1752,46,183,7,4461,27,204,41,8641,5,449,41,8642,262,36,6647,21522,4,2148,4,11,13530,228,12,52,1884,2365,5,52,1613,21523,780,2,218,70,1441,8444,6856,13531,4,536,911,52,1270,4,1006,817,5104,2255 0
2026,7,2548,5,188,2715,21524,1752,46,35,7,3277,13,10394,10395,5,10396,490,7,3577 0
21525,1752,46,51,7,3277,13,10394,10395,5,10396,21526,36,21527,36,130,7317,2206,10,52,1270,21528,36,10391,13,1234,3786,1607,7,52,1726,505,42,205,137,4,747,77,9,712,141,8,2600,109,22,25,513,107,210,109,22,25,513,107,235,130,22,25,513,107,2745,517,83,22,25,513,107,211,370,3317,2212,594,3317,5755,10403,22,59,2220,1303,3317,1855,83,22,19,9997,123,5,758,22,19,1242,123,179,30,4,6,29,295,27,140,12,7362,5747,2,10387 19,18,29,30
24,503,14,110,27,140,13,934,1719,203,490,7,118,76 0
6459,2876,13496,74,6643,441,12,21529 0
16,21,938,3032,5,248,2972,28,153,7,837,74,281,2984,6643 0
16,1376,153,837,10,3150,5,84,20,10,38,837,37,16,21530,15,1018 0
16,21,2841,2,938,8628,5,938,13495 0
671,4,6527,65,21531,2,706,2114,159,146 38
182,430,12,78,2,152,231 0
128,30,4,603,4,587,7,1023,332,27,7908,477,4,587,7,592,332,27,11501,73,4,973,4,111,21532,2,492,204,28,574,105,276,7143,651,1048,738,41,19,1391,759,4,463,2,3614,10404,6195,762,1939,12,886,2,3318,5941,2,199,2325,7,13532 33
202,4,725,2,966,86,733,2,2561,28,1657,1405,682,28,11,2699,2055,1369,4,745,13,199,662,1129,193,2,5839,194,302,27,1912,2,48,11,4665,942 0
3561,4,21533,2,2993,21534,417,2125,722,4578,2,112,1486,919,187,4,21535,2,1381,722,2,214,149,277,10,1392,2,66,8643,74,2,11,1592,28,11,1003,2,21536,342,445,4,395,2439,79,193,2,525,243,171,193,1030,4,951,1746,992,175,2,645,1559,775,149,2823,10,70,28,590,1028,192,825,976,8644,28,2261,74,171,1203 0
6489,2,2713,853,193 0
489,1532,1532,790,17,3276,2,5523,650,5102,8635,282,13533,13534,1903,46,13535,215,1745,772,1904,1412 0
502,190,298,2554,54,9,1260,8,398,266,8266,54,9,1969,8,41,458,4005,54,9,2216,8,1399,615,21537,54,9,2326,8,1779,443,1324,54,9,1507,8,1301,530,1333,54,9,1340,8,1141,665,8298,54,9,1448,8,1561,698,5349,9,1449,8,550,666,9167,72,9,1383,8,41,1225,1856,431,1307,1081,1192,1658,2515,72,9,1698,8,41,1102,788,54,9,1780,8,41,1145,102,54,9,1699,8,41,732,515,9,1857,8,41,1193,515,9,1816,8,41,559,2336,12593,9,2166,8,398,559,1102,9967,54,9,2167,8,398,559,1145,6648,54,9,2485,8,398,559,732,1858,54,9,2168,8,398,559,1193,5083,9,2228,8,398,1513,171,72,9,152,8,1458,171,72,9,152,8,2412,152,9,152,8,2486,1518,72,9,152,8,5277,3845,361,4229,2735 0
2056,2056,790,17,3276,2,5523,650,5102,8635,282,13533,13534,1903,46,13535,215,1745,772,1904,1412 0
502,190,357,397,3522,9,1298,8,294,357,633,2263,54,9,1259,8,294,357,749,1080,54,9,1299,8,294,357,1688,1689,4996,9,1420,8,294,442,3778,54,9,1482,8,169,357,1873,2083,1680,72,9,1300,8,169,357,331,1624,72,9,1586,8,169,357,358,5327,72,9,1354,8,169,488,975,2080,54,9,2588,8,550,1370,2702,54,9,2513,8,550,1937,2675,9,2310,8,550,488,1123,2266,9,3031,8,169,1813,1850,2038,9,3877,8,612,2447,579,9,3878,8,612,2373,1439,9,3695,8,612,4550,13513,6504,72,9,8058,8,612,5277,3845,361,4229,2735 0
147,764,27,365,2,52,1000,2,2961,1563,9447 0
3091,1923,2,869,65,158,242,5,114,4,5679,762,13,1235,6644,1006,817,5104,2255,103,183,3559,7,4461,2,103,51,3559,3277,2,103,2206,5,6790,76,12,54,1270,2,279,13,363,236,7,435,5,10402,263,34,5,134,160,7,1050,11997,13536,2,5,380,4450,2998,7,364 0
161,435,2,10402,263,34 0
710,155,1050,1307,2,577,1314,842,2058,2,207,651,3838,124,252,585,1050,207,263,73,1773,1815,13,3391,778,25,2241,165,180,19,188,3632,4,9,792,10,1624,65,931,5,610,251,379,8,2,218,915,3201,2,134,132,2449,43 0
710,40,207,792,1831,2,3290,17,1051,21538,186,5105,710,21539 0
679,10,707,2,40,7950,5860,9638,4910,19,6976 0
842,1270,693,2,5832,114,17,1466,28,1906,724,17,21540 0
249,120,710,126,1287,322,7,2600,491,33,28,707,1191,5,3181,13,2153,138,351,91,710,1808,4,585,2277,41,3062,5755,591 5,30,19
838,235,17,110,2,124,3201,842,212,4,2004,3062,126,2212,2,5755,2,493,1050,313,4,334,178,3062,126,211,2,210,2,5755,459,13517,710,126,517,521,25,33,636,1210,710,19,493,2,3631,11746,2,742 3,19,1,18,29
843,715,139,4,275,13526,13527,2,195,1159,102,1327,46,21541 0
