69,49,4,21495,5102,332,538,414,4,5523,3276,5102,46,4,21496,49,7,101,4,1452,109,2,2994,581,17,101,4,287,3276,14,15,5679,762,13,1235,6644,1006,817,569,1137,21497,62,2255,104,14,139,304,938,3559,7,4461,2158,13,1467,76,9,1283,42,2148,5,911,8 0
16,543,12106,13,248,3559,7,3277,5,2555,986,10,50,2148,8632,12,6,680 0
32,15,772,2,92,724,170,10,3363,364,13,13520,400,4858 0
16,14,401,17,15,207,100,93,5,830,155,10,1029,1769,16,21,3169,2190,17,38,21498 0
957,30,4,16,1185,63,656,647,153,223,146,7,2079,696,7,255,7,194,5,2246,12,24,44 0
16,1048,423,17,647,109,606,2,84,660,2,5,21,31,4361,136,237 0
278,2,92,85,50,6,267,7,15,207,100,10391,609,71,20,716,922,71,1035,15,280,21499,7,225,1079,2117,71,6,7802,404,53,373,557,13,118,353 0
12,736,2,6,2145,85,21500,6,158,680,7,2148,8632,12,6,386,589,2,598,553,8372 0
38,680,14,12,6,2281,11600,7,6,52,1726,667,6,13521,2395 0
287,3276,14,31,13522,173,38 0
12,736,2,92,85,50,457,65,3675,80,71,1035,24,2190,27,13523,2,393,16,14,31,13524,10,3363,13520,400,223 0
77,4,607,109,22,894,109,22,82,787,130,22,82,306,632,82,517,83,22,82,1165,2718 29,30
2381,4598,1647,3640,2,3641,2,4730,93,122,4,121,14,6324,643,2,870,14,5901,1474,2,118,145,14,1725,2,67,94,14,3065,2,5,372,145,14,3171,34,1475,14,13235 0
713,1475,14,7985 0
118,145,14,2851,13,63,872,417,5,847,3259,2351 0
226,273,50,1933,194,302,193 0
489,426,4,769,67,1137,830,14,3168,2,835,14,6938,2,654,14,6983,2,2526,830,13523,2,7485,830,14,21501,2868,122,821,397,7,2837,2,633,7,102,2,749,7,2363,2,1688,1689,7,8638,2,442,7,3467,2,379,7,934,2,331,7,1624,2,488,975,4059,2,1370,7,2186,2,488,1123,7,1659,2,1813,1850,7,1697,2,3789,7,1250,2,3788,7,1200,2,5,3249,7,21502,2797,4,124,24,231,139,2,92,50,2616,10,1480,170,10,6,303,441,80,17,241,233,7,24,91,115,2,1926,10,1167,286,729,743,5,1021,1092,16,14,2,3909,2,12,280,118,353,92,2934,10,1026,507,17,63,1287,233,2,48,92,129,773,10,273,21503,2,16,40,55,9164,10,6,303,441,17,63,8592,1243,7,24,280,115 0
47,1732,16,40,55,265 0
2472,2,648,40,55,382,10,433,24,91,709,1400,338 0
2555,2,65,63,6530,845,7,3134,2,84,14,5066,1092,24,2526,830,40,5045,27,1502,7164,12,1731,10,881,38,471,364 0
32,15,1583,150,364,2,92,40,1022,6,4201,7,993,5416,10,383,6,1316,7,21504,10,37,3786,680,3089,16,316,431,154,27,6,696 0
4675,13525,2,5357,384,4,58,4727,7488,2,5102,21505,21506 0
