69,49,4,21563,378,325,1124,7497,4751,144,581,17,101,1894,122,30,7,156,360,699,1560 0
121,1313 0
1076,238,411,11696,5,3652 0
1270,484 0
21564,122,42,58,8648,9,192,57,8 0
860,1363,9,177,8,254,825,461,825,164,143,76,825,551,825,618,825,127,825,3072,825,599,2204,1520,825,358,1214,825,5204,825,1173,825,1076,238,825,2333,1137,1842,7,181,1799,81,341,9,2013,696,8,4253,8483,825,167,254,544,411,354,546,176,301,268,1226,21565,461,58,21566,752,27,7365,144,21567,457,314,164,143,76,103,703,83,1261,21568,58,8648,5,58,13544,551,618,660,664,4439,127,3072,11,12506,17,248,159 2,5,13,1,10
4440,173,2503 0
963,58,8648,12,1215,3113,104,1293,3601,245 0
599,2204,1520,103,2920,98,51,9,12,2898,8,358,1214,5204,280,3734 0
476,466,27,1197,6649,36,21569,2,5,2041,4753 0
85,586,21570,394,13,228,12,13545 0
21571,4546,4270,119,21572,21573,1173,66,500,100,42,58,13546,9,3923,2,205,8,2897,1076,238,404,882,53,1818 0
11,34 0
4527,2318 0
150,167,2333,1137,1842,7,181,1799,81,341,9,2013,696,8,4253,8483,529,77,442,4285,2341,370,22,25,33,3225,449,22,25,33,488,7,365,3685,9,13547,8,3672,51,21574,2208,59,8647,2826,2089,547,310,3042,3432,22,25,59,60,13,1275,742,105,22,25,33,488,7,365,771,677,196,22,25,33,488,7,365,632,775,632,1883,1266,446,25,506,128,30,179,30,411,529,12,5935 5,19,18,29,26
16,14,13542,17,6,13543 0
113,31,1374 37
1553,15,451,3623,7,4925,26,10399,27,420 0
16,21,109,2841 0
9411,1631,309,139,4,578,1591,554,245,139,4,634,996,542,4,634,163,7,213,386,2598 37
859,713 0
11,44,34,2,270,2,339,26,1368,709,93,122,67,94,3009,296,982,5,135,372,145,723,121,4888,224,893,57,533,2,57,2265,2,11,180,326 14
181,1270,484,202,1623,2,725,2,570,2,4258,90,86,733,26,2561 0
112,625,2,11,229 0
620,2,6333,799,11,815,2,2133,26,1270,1289,1139 0
44,90,10,452,193 0
1791,694,1457,27,2021,7089,2,7090 0
418,324,246,2,253,86,1058 0
187,3086,2,11,1003 0
43,529,300,302 0
812,73,1132,66 0
878,2,610,1790,3342,3342,2,667,43,2174,667,43,1238 0
243,175 0
16,21,5107,2245,7,24,4051,19,24,744,3465,3466,6167,2,1404,2,21575,952,572 0
243,175,590,175 0
4092,175,242,5,114,406,1076,238 0
13159,185 0
1001,2,558,2,111,2431 0
4253,247,7388 0
1413 0
121,709 0
216,12615 0
642,1542,102,198,681,809,42,7498,2,2932,1829,19,8199,4818,2,3666 0
