69,49,4,21542,29,414,4,8218,2,4403,28,485,4,21543,597,19,4,21544,42,13537,8308,2,96 0
494,4,225,2,70,1441,271,52,2,4546,4270,740 0
30,4,38,14,15,523,622,101,17,38,5679,2,21545,2,21546,7,886,8645,5,3110,2,104,774,17,233,7,70,1441,271,52,912,5,2042,34 0
6,29,267,460,15,2701,30,7,1441,271,938,198,7,834,34,2,2793,2,5,403,803,348,19,6,70,932,271,52,912 0
38,14,932,27,420,5,113,1625,9931,170,100,65,535 0
85,8646,170,432,2233,996 0
16,85,267,288,191,6,78,451,198,5449,572,13,6,6852,21547,2,10405,2,5,1104,731,496 0
498,233,13538,7,815,929,691,32,57,32,3800,2467,3848,426,4577,584,182,17,406,2169,527,7,6,6615,2467,27,6,542,7,2042 0
16,110,774,17,233,17,1583,4546,4270,162,1062 0
78,89,30,4,358,1214,2,30,7,498,798,2,139,304,555,2,127,2,21548 2,13
77,4,501,2,1266,2,2341,2,3225,2,5,742 18,29
137,4,152 0
93,122,4,19,122,80,2,16,14,214,779,2,57,1019,12,11,1451,326 0
122,7,6,70,912,2093,1959,13539,2970 0
68,14,11,529,6844,6845,9185,5,214,2572,21549 0
16,21,15,318,10148,74,2,318,21550,74,2,5,318,6615,2467,2169,215,27,6,2042 0
24,13240,5,5202,53,275 0
466,14,175,722 0
3800,426,65,21551,2,716,401,27,7497,4751,144,2,182,17,70,932,271,52,6615,2467,2169,527,27,6,4532 0
320,4,6,29,14,201,5,755,13,58,8308 0
27,38,95,2,92,977,37,4403,21,3909,15,182,2,70,932,271,52,2,225,4546,4270,740 0
124,6,1521,7,394,5,13539,11361,2,16,21,572,13,6844,6845,2,92,50,909,6197,13,362,4546,4270,1062,32,57,32,380,21552,7,4587,1197,10,4536,3074,1480 0
92,285,13,4403,6,2239,5,2966,7,38,746,5,16,14,12,6189,7,6,114 0
92,40,954,10,1384,170,10,2029,13,162,27,106,845,12,6,1787,1378 0
92,6187,286,362,30,5,93,2,32,57,32,15,545,2989,3679,80,12,6,622 0
5751,13537,8308,2,96 0
384,4,2932,7498,2,96 0
7497,4751,597,42,4,10279,21553,21554,21555,21556 0
