69,49,4,21557,378,325,1124,7497,4751,144,581,17,101,1894,122 0
30,7,156,360,6,29,21,346,214,57,191,6,97,200 0
16,21,3180,24,121,2,71,21,61,791,1169,124,6,179,21558,37,16,21 0
16,14,1339,10,1838,286,791,15,2328 0
16,21,85,346,15,817,1521,7,13088,191,6,97,497,10,938,198 0
38,3338,170,10,55,268,21559,271,1054 0
24,13540,832,955,21,13541,100 0
16,21,106,422,1625,12,37,680,2,48,17,6,373,1756,404,37,38,14,168,10,43 0
16,14,4006,13,24,333,32,573,32,16,319,55 0
16,39,15,1621,191,6,97,376,26,393 0
84,2252,660 0
16,14,1433,3057 0
825,167,127,254,358,1214,228,12,2511,5,3011,742,105,22,25,33,7499,488,7,365,771,677,196,22,25,33,7499,488,7,365,3225,449,22,25,33,7499,488,7,365,2341,370,22,25,33,1760,1266,109,22,25,33,1760,365,632,1883,632,775,442,4285,8647,2826,310,3042,447,22,25,33,1997,1760,247,4,21560,60,13,1275,1564,164,143,703,139,304 2,19,13,18,29,10,26
832,955,13540,832,21561,139,304 0
179,30,411,529,12,5935 0
16,14,13542,17,6,13543 0
113,31,1374 37
1553,15,451,3623,7,4925,26,10399,27,420 0
16,21,109,2841 0
163,7,213,134,420,1112,2,188,2540,2,386,2598,19,748,2,11,339,26,668,167,2,5,586,106,2654,2035 0
93,122,296,982,5,135,67,94,2960,224,893,57,1019,202,1290,90,112,625,2,11,229 0
620,2,6333,44,90,694,418,187,599,812,73,1132,66 0
878,2,610,1790,3342,3342,2,667,43,2174,667,43,1238 0
243,175 0
16,21,5107,2245,7,24,4051,19,24,744,3465,3466,68,14,106,2035,7,24,52,4261,242,5,114,6,29,14,1916,448,57 0
24,91,328,583,14,448,1104 0
24,67,94,14,12,199,338 0
24,134,367,1835,14,1536 0
16,21,610,251,797,67,728 0
92,285,2353,317,333,5,352,71,47,880,16,21,61,214,199,19 0
285,1312,310,1582,19,134,467,37,38,176,907,3661,24,3837,7,81 26
92,40,3363,310,447,22,25,33 26
92,40,155,24,132,5,902,496,12,153,223,5,24,2035,14,218,239,10,24,172 0
92,301,10,207,100,19,15,132,1575,17,6885,37,129,4638,432,24,832,4042,2,5,47,40,1029,472,10406 0
6,29,14,10,808,10,308,12,497,198,164,143,21562,1786,134,258,92,177,24,3675 1
472,129,346,2085,12,6,223 0
99,2495,42,1777,659,3005,1984,176,55,156 0
681,809,42,2932,7498,19,6624,5301,2,2897 0
