69,49,4,21593,1452,462,2,2276,5527,6650,2,96 0
449,10218,13553,3214,10407,2,3963,10408,536,4,4759,2680,512,46,7500,828,58,6650,4,47,39,6,1068,7,930,4759,2680,80,12,7501,203,538,12,437,7,23,164,143,76,9,555,13554,8,5,118,353 1,2
27,23,97,101,23,118,353,39,504,2,48,18,411,20,1229 13
92,264,362,23,2196,5,23,771,2657 17,19
80,23,67,94,14,7038,504 0
18,21,1916,61,699,57 0
18,21,986,10,974,1777,6,140,13,23,2972,2,781,6170 0
18,88,655,26,702 0
18,21,39,185,754,79 0
23,231,77,53,172,370,22,25,1647,107,2,235,130,22,25,1647,107,2,1372,109,22,25,1647,107,2,2196,204,22,25,1647,107,2,771,677,204,22,25,1647,107,2,635,109,22,25,1647,107,2,1650,2,5,1151 19,18,29,30,17,31
19,93,122,2,23,67,94,80,14,4947 0
23,118,145,14,12,6,344,3621 0
18,14,1442,3599,19,6,122,4177 0
23,1078,580,94,14,553,271,843,23,44,122,21,15,451,5839,942,27,6,1912 0
91,122,821,15,4232,1457,13,43,3043,246,5,253 0
18,21,15,1840,3520,4634,417,27,6,1709,5,15,1840,591,21594,653,417,27,6,70,412,1494,2027 0
18,21,35,36,171,79,7,362,197,217,5,648,53,619,10,1014 0
23,999,821,399,212,27,1174,2351,119,1409,2,43,1000,5,1950 0
68,53,1535,518,1113 0
1172,2,552,2680,21,504,2237,13,419,338,7,23,67,94 0
18,21,359,7,214,149,1131,2509,19,122,2,13,3114,1608 0
92,5244,10,2712,23,156,2657,2,48,285,734,23,262,10,130,22,25,1647,1960,5,105,22,25,1647,2946,454,23,197,445,79,383,26,23,121,4096 0
4759,2680,512,46,7500,1357,51,1452,462,2,2276,47,2869,2648,10,930,23,428,12,647,1036,198 0
84,20,15,1068,537,2054,12,23,203 0
361,273,31,2899,10,1026,260,13,87,1135 0
1027,1928,2,4184,710,5109,2,96 0
21595 0
