69,49,4,21770,21771,2,21772,2,8670,38,29,20,201,2,1538,2,5,755,42,2733,2317 0
30,7,156,360,4,38,14,15,5095,528,104,279,13,1782,388,5,255,7,194 0
6,29,14,773,10,7240,151,18,3327,166,23,197,445,388 0
18,416,37,647,35,200,158,10,1367,18,39,10,13608,286,192,7,23,3068,820,17,51,8671,490,192,3403,3068,39,2098,2629 0
27,6,156,95,2,6,29,14,316,382,10,4317,21773,5,1249,23,21774,166,23,10,55,2237,2721,5,1805,37,18,125,15,312 0
6,29,416,37,68,20,11,180,228,12,23,388,80 0
18,416,37,18,21,39,15,250,17,35,376 0
428,2,68,20,11,180,228 0
80,2,18,88,87,44,34,27,87,95 0
18,113,3792,7,366,5,3327,366,19,639,2,11,702,2,11,655,2,5,11,228,12,23,1172,2437,542 0
78,89,30,4,371,2,777,1085,2,5,81,341 2,5
77,4,493,2,172,2,131,2,235,2,5,3358 17,18,25
355,32,119,6,1901,99 0
137,4,11,334,624,137 0
179,30,4,182,17,11,671,245,2,11,554,245 37
6,29,1230,32,63,10124,13609 0
18,295,13,128 0
128,30,4,2350 0
163,7,213,4,18,88,596,26,469,2,44,34,26,396,2,263,34,2,26,3175,1962 0
93,122,4,38,14,15,2790,2,2963,528,2,6319 0
870,21775,2,296,980,2,372,145,7,1200,2,67,94,14,21776,2,5,1161,1304,14,1653,41,19,674,662,5,1944,41,19,51,54,850,4686 14
202,14,1186,5,1125 0
1130,1657,1405 0
2285,6190,53,175 0
2286,53,822 0
112,14,330 0
275,502,7,721 0
920,14,1169,10,1021,239,10,6,29,74,1782,2507 0
226,4,318,942,12,6,197,6452,7,6,409,2700,193 0
68,14,11,4231,10,1043 0
91,4,4020,135,2,31,2851,2,11,417,14,8155 0
812,4,8588,577 0
187,4,318,300,302,2,133,2,2088,2,11,760,1278,2,11,3373,14,4927,48,1392,14,1039,851,42,6,29,74,1782,2507 0
181,14,619,2,682,2,5,175 0
68,53,3286,13610,571,19,6,217 0
217,4,171,79,7,6,225,197,217,12,6,751,5636 0
899,4,413,5,646,1094 0
2260,192,2770,1239 0
1396,5,5832,21777,53,175 0
489,467,4,182,17,15,44,810,71,21,15,3649,1079,1205,5,264,305,5754,32,57,32,185,3613 0
358,7,7284,2,379,7,2298,2,15,331,7,1571,2,3694,7,934,2,867,7,1767,2,1827,7,21778,2,3436,7,1789,2,5,783,71,14,553,271,3553 0
769,830,7,3006,2,835,7,6660,2,5,2190,7,21779,1060,7,21780,303,441,408,4,6,29,20,201,2,1538,2,5,755,12,6,303,441,13,258,5,426,1156,32,1283,256 0
23,78,89,1276,129,177 0
6,29,14,12,1101,118,353 0
18,431,235,5,184,32,57,32,172,434,12,6,303,441,5,18,21,61,10055,2735,117,3337,6,235 18
18,21,61,11917,13,1161,42,850,4686 0
6,1228,7,23,508,14,31,90 0
18,40,301,10,50,15,540,44,810,32,23,305,79,232,31,177,42,240,312,232,160,7,1254 0
1311,14,548 0
6,29,85,692,2580,91,785,5,63,1134,48,38,40,55,21781,42,6,2887,441 0
47,222,3886,13,6,5239,1724,5,18,40,55,265,10,6,507,659 0
494,4,1101,118,353 0
642,4,6,29,14,265,12,2964,630 0
526,13611,2,8670,96 0
495,4,13612,276,4,13612,597,42,4,13611,2,8670,813,21782,1852 0
