69,49,4,21783,1999,2,7513,13602,21784,4165,4362,5746,2,96 0
13604,1870,144,1390,13605,3593,497,2751,2,5497,21785,828,58,5746,4,1256,1999,1263,10,6,622,17,1072,961 0
136,97,201,2,18,1249,20,86,160,7,734,379,5,331,5,17,38,581,20,1293,10,5891,838,362,23,184,5,12667 15
42,448,393,2,23,331,2697,65,2487,10,1624,5,379,65,5047,10,21786,18,1487,21,5331,23,184,364,2,32,1249,23,67,94,264,664,23,1047,1836 15
12,736,2,32,1756,7,23,961,97,1110,2,18,543,63,1784,1149,415,215,432,71,95,18,6326,15,1344,118,145,7,1211,2,1344,67,94,7,21787,2,3721,490,18,6955,6,1273,7,6,1784,4021,1811 0
23,13613,10201,908,1164,15,2893,52,719,872,1177,7,2356,41,13,15,829,1425,52,2037,5,7345,7,6,1638,10443,5,3504,786,816 0
23,21788,1608,908,227,10426,15,817,3008,1608,2087,12,6,786,5,1638,10443,816,86,87,680,7,2892,313 0
23,97,1134,716,12,1231,3386,227,15,2348,7,52,719,872,1177,829,1933,27,1280,41,13,406,10443,5,786,3198 0
12,736,2,27,37,95,227,160,17,13614,1271,5,2371,2075,5,23,704,20,2866,869,65,23,158,708,12,1110,7402,281,2,18,14,1847,2317,173,23,4202,10,1882,121,2,5,12,1708,416,37,432,15,134,10444,18,2020,2191,23,333 0
3057,2,18,589,19,15,322,7,3329,3462,22,327 19
82,2,635,368,22,327 29
82,2,184,83,22,327 15
82,2,633,749,105,2023,327 0
1004,2,787,3177,22,327 0
1004,2,493,2,6240,172,474,22,327 18
82,2,6962,761,22,327 0
82,2,1803,1829,105,190,3022,4993 25
5,1803,1829,105,190,3022,21789 25
93,73,821,15,779,2,829,1799,407,12,11,180,326 0
67,94,70,349,1147,21790,2,118,145,1280,5,4020,135,2,1851,788,5,2284,2,5,121,21791,643,2,71,14,579,643,256,23,121,7,1036,198,146 0
6,112,14,330 0
487,14,919 0
625,53,86,182,229 0
44,836,90 0
91,73,482,43,246,2,3213,2131,253,13,15,133,653,872,417,1539,65,6,1709,10,6,1562 0
11,182,1626,417,26,1371 0
6,187,14,1799,2,48,355,599,86,160,7,263,1440,26,1059 0
217,1892,617,10314,79 0
336,243,53,12323,2,9884,829,1459 0
1322,482,777,1085,8078,13,27,511,7,182,1241,984,13,9083,32,344,32,647,51,2219 0
68,14,160,7,15,158,786,729,743,5,3037,1535,518,5,1807,142 2
1323,13,23,97,1322,2,23,118,145,27,511,14,13304 0
320,4,552,1999,836,185,65,15,562,3486,2,278,2,47,221,5472,1847,173,23,1583,17,1251,12,688,7,23,2227 0
47,50,963,23,10,1248,23,3329,10,244,22,327 19
82,5,10,540,63,147,938,10,1859,123,117,448,393 0
47,7,408,50,12610,23,32,10,6,2189,7,1216,12,1026,13,329,26,2733,4087,2499,454,18,2801,87,115,1905,7,1251,26,618 0
18,2425,37,18,176,2413,15,12489,5439,12,6,1378 0
373,134,67,426,1035,15,2237,251,358,7,3215,9,18,416,18,14,1634,10,13312,23,131,322,13,329,8,5,12,1091,2,43,902,496,426,820,17,63,1813,1850,7,7302,5,1001,1835,97,1615,686,17,15,367,7,2710,2,6961,7,1182,2,940,1697,2,5,544,9417,18,2425,6,2189,7,2628,10,9751,10,15,21792,2471,2,21793,333,434,6653,19,23,21794,364 0
18,40,1022,13,329,5,23,4254,6,4140,583,7,23,149,132,776 0
12,688,7,362,23,81,5,164,76,2,84,1758,209,55,4140,108,380,10,126,23,19,23,1047,1836 0
27,6,156,95,2,18,113,31,6218,4963,17,5369,959,7,63,3052,5,23,280,4750,118,4490,3301,47,10,591,139,21795,6,301,17,2429,7,13086,6513 0
150,271,7196,23,3015,322,32,1802,256,2,47,50,31,241,3494,23,231,89,1763 0
47,1152,329,214,573,17,2092,260,10,3003,12,23,203 0
1027,1928,2,4073,650,7475,2,96 0
813,21796,21797,384,4,4443,21798,96 0
1963,10439,1142,10440,2,5497,10441,800,4,13615,827,4,21799,818,4,13615 0
