69,49,4,21807,622,99,8672,2,5531,512,46,13616,176,564,2,3386,21808,774,12,17,961,7,950,19,176,259,2,17,164,143,76,5,16,39,734,714,13318,4339,10,561 1,4
16,543,1071,7,6,1869,2394,5,237,1071,5,1527,7,6,523,2032,1871,10,6,269 2
6,6110,153,20,346,12,6,1154,644,5,1756,7,6,708,819,6,4276,6,369,2177,15,4970,369 0
38,20,346,42,58,11699,2,5,58,7514 0
136,237,16,21,61,2948,2,355,549,57 0
16,39,2401,945,48,252,940,740 0
24,67,728,50,61,425,288,13,374,74,12,6,259,502 0
16,14,1799,5,113,31,273,87,135,352,1763 0
16,14,19,17,1012 0
24,231,77,7949,7,172,370,22,119,107,2,473,449,22,119,107,2,21809,109,22,793,82,5,987,447,22,793,82,2,230,244,22,82,2,742,105,22,119,107,2,2220,13309,5,1020 19,18,15,26,30,32
16,404,57 0
16,14,15,1114,2955 0
11,2002,714 4
24,67,94,14,2984,4102,2,24,296,14,2984,284,5,135 0
487,14,43 0
625,53,43 0
6,226,53,90 0
164,4,1093 0
320,4,448,57 0
47,880,16,454,1664,55,19,210,1242,645,16,14,19,252,945,5,47,85,880,37,16,209,1525,65,91,3035 0
16,40,85,6486,2340,2405,10,81,5,16,14,5183,10,3073,19,13,131 5
4073,4592,2,96 0
13617,1796,21810 0
