69,49,4,21800,622,99,5531,8672,485,4,13616,1615,1143,2,5435,167,4,161,81,341 5
16,589,19,2375,5,987 26,30
67,728,2122,10,55,12,4230,199,502 0
97,374,20,21801 0
10,55,2304,80 0
165,254 10
945,53,548 0
186,714 4
498,415,215,227,318,147,142,2,5596,609 0
149,714 4
321,19,21802,3834,3030 28
5004,3172,706,192,21803 0
945,10,55,2304 0
249,127 13
19,2157,2,230,5,21804,3030 28,15,19
67,94,21805,2,296,284,5,135,2,694,43 0
320,4,199,338 0
351,121 0
24,121,14,3850,2,454,55,8074,285 0
1172,2,16,21,1236,5299,16,319,273,10,1723,2,5,472,129,192,285,12,790,13,6,29,5,24,503 0
4073,4592,2,96 0
13617,1796,21806 0
