69,49,4,21850,13628,2,21851,2,6661,38,29,20,201,13,58,10268 0
47,1736,37,47,50,1538,5,755,6,29,2,177,6,5237,2105,19,6,29,74,948,2,5,285,6,233,2,114,7,203,2,5,642,13,6,29 0
30,7,156,360,4,38,14,15,4857,345,13,15,30,7,250,5,3184,311,44,34 0
6,29,88,87,272,26,402 0
16,113,50,30,7,371,32,57,32,306,328,811,17,164,143,76 1,2
16,85,267,197,217,388,932,271,1054,2,5,21,52,1441,271,70,79,27,450,239,10,15,21852,162,640,731,10085,21853 0
7,99,2,6,29,74,77,563,493,2,71,16,14,19,17,777,1085 0
93,122,4,6,29,14,1040,2,413,2,5,12,11,326 0
24,520,359,1035,118,145,7,546,2,372,145,7,934,2,67,94,13631,2,5,1161,1304,1347,41,19,674,662,5,738,41,19,51,3128 0
24,226,53,90,5,118,14,4020,2160 0
38,14,1039,851,239,10,1782,2507 0
6,187,14,133,5,68,14,15,188,52,412,2209,277 0
6,168,482,52,798,277 0
489,467,4,6,489,6604,482,15,835,7,10448,5,15,769,67,1137,830,7,21854,91,3651,53,66,2,5,6,783,14,553,271,21855,15,2877,14,553,271,7769,6,1060,14,8172,1311,14,548 0
999,482,63,777,1085,13,106,1535,1807,142,12,1511,2696,814,2489 0
908,426,4,15,44,9849,20,15,2269,851,239,10,29,74,2507 0
1941,2505,5,303,441,408,4,68,20,11,90,1187,10,6,29,74,255,7,194 0
124,24,2305,5,15,66,2877,2,92,977,37,38,14,2081,10,55,385 0
84,14,2159,380,10,55,91,2,124,6,30,7,164,143,76,5,15,610,1138,1322 1
38,176,55,796,2,5,6,44,810,14,31,12186,2978 0
92,53,10449,15,205,609,7,6,44,86,219,1641,10,419,13243,6,305,21856,2,5,53,2809,6,29,10,6,325,659,17,1649,5,11744,7,785,5,8027 0
2494,4,161,255,7,194 0
165,1807,4235,19,1322 0
526,8677,2,6661,96 0
495,4,13632,276,4,13632,597,42,4,8677,2,6661,813,21857,1852,232,31,177,42,240,312,232 0
