69,49,4,21822,21823,303,1315,101,8674,2,9642,21824,101,49,4,21825,6,29,20,1538,5,755,42,2733,1264,13,6,427,2,58,9661 0
361,125,24,99,17,275,885 0
30,7,629,391,4,12,2001,2,15,284,2360,345,1360,7,255,7,194 0
2876,286,7,24,235,173,3935,123,146,5,110,14,13,734,197,445,79,2,655,2,702 0
88,508,2,469,2,272,26,402 0
718,401,17,233,42,24,440,80 0
163,7,213,4,11,396,2,11,969 0
78,89,30,4,131,1543,81,341,2,127,2,164,143,76,2,5,777,1085 5,25,13,1
77,4,131,2,987,2,2771,2,235,2,13620,2,5,493 26,25,20
137,4,11,334,624,137 0
179,30,5,128,30,4,113,31,1656,2,113,31,1374 37
93,122,4,520,359,4,67,94,21826,2,651,1304,1204,4316,2,118,145,1743,2,870,21827,224,4,2790,2,2963,345,12,11,1451,326,2,7098,44,34,27,38,95 0
202,4,1186,2,1125 0
1237,129,1025,2,1967,5,1221,10,688 0
2285,2395,275 0
112,4,11,160,7,1078,580,4035 0
330 0
226,4,90,10,452 0
118,4,135,145,5,212 0
43,246,5,253 0
11,387,2,711,26,766 0
187,4,133,2,978,5,2170 0
529,300,302 0
217,4,1518,904,79 0
899,4,1478,1738,1746,992,175 0
413,5,646,511,497 0
731,1028 0
466,175,10,688,1014,722 0
489,233,4,7072,258,1717,15,769,830,7,3297,2,835,2822,2,379,5,331,7,109,5,1506,2,13,15,633,7,13621,867,20,5972,2,783,6830,2446,20,9417,67,848,20,12779,44,810,227,3613 0
147,227,777,1085,27,173,5437,1535,3170,1278,142 0
364,1958,12,189,4,1225,7,24,255,7,194,1128,1101,118,353,2,313 0
16,20,265,10,6,144,17,13622,7,24,1101,118,353,322 0
24,763,96 0
20,4352 0
678,494,4,161,255,7,194 0
165,1101,118,353 0
642,9,317,630,712,377,8,4,16,20,265,12,185,630 0
1416,21828,6394,2769,13623,2,96 0
13624,21829,21830,597,42,4,6394,2769,13623,2,96 0
13624,232,31,177,42,240,312,232 0
