67,54,4,27006,282,1997,379,719,13,5892,468,10,2785,747,198,35,18,14,15711,13,6,888,18,14,27007,27,27008 1,1,1,1,1,1,1,1,1,1,1,1,1,1,1,1,1,1,1,1,1,1,1,1,1,1,1
18,20,171,27009,10,24,1089,5,85,20,406 1,1,1,1,1,1,1,1,1,1,1
18,21,311,39,147,17,75,18,14,19,15,7034,7,39,3,200,1117,75,18,21,943,1580,129,35,18,2832,319,7,878 1,1,1,1,1,1,1,1,1,1,1,1,1,1,1,1,1,1,1,1,1,1,1,1,1,1,1,1,1
176,27010,146,2100,2302,183,18,38,15,419,9,18,20,933,74,20,15,1745,12,24,1329,8,75,53,6,59,518,7,24,1316,11940,5,128,1486,323,12,24,2664 1,1,1,1,1,1,1,1,1,1,1,1,1,1,1,1,1,1,1,1,1,1,1,1,1,1,1,1,1,1,1,1,1,1,1,1,1,1
18,98,55,24,15647,21,492,84,159 1,1,1,1,1,1,1,1,1
159,6,419,18,21,38,311,255,405,75,24,1439,1639,244,1602,5,18,21,535,1438,9,5334,1976,66,24,132,131,27011,472,8,27,571,85,18,190,954,1242,5,24,59,27012,753,3081 1,1,1,1,1,1,1,1,1,1,1,1,1,1,1,1,1,1,1,1,1,1,1,1,1,1,1,1,1,1,1,1,1,1,1,1,1,1,1,1,1,1,1
40,21,2487,3080,85,5,99,233,65 1,1,1,1,1,1,1,1,1
1147,150,21,1175,24,10,4560,39,198,51,18,21,1499,3906,18,242,31,704,677,237,191,27013,17,24 1,1,1,1,1,1,1,1,1,1,1,1,1,1,1,1,1,1,1,1,1,1,1,1
7,55,3,79,21,31,68,19,252,35,92,20,11836,186,18,84,10,2273 1,1,1,1,1,1,1,1,11,1,1,1,1,1,1,1,1,1
79,98,1268,1002,314,37,126,744,397,6,690 1,1,1,1,1,1,1,1,1,1,1
178,27014,146,15,256,311,3942,3,6644,103,445,1634,3,874,134,18,38,27015,3,18,704,6,99,20,223,36,2058,183 1,1,1,1,3,3,3,3,3,3,3,3,1,1,1,1,1,1,1,1,1,1,1,1,1,1,1,1
18,21,211,117,2347,739 1,1,1,1,1,1
18,1639,307,186,18,2429,108,2307,5,299,307,1770,186,18,321,3,75,538,27016,427,3,51,18,14,449,10,321,15,1097,2226,464,9,368,31,4581,467,1667,681,8 1,1,1,1,1,1,1,1,1,1,1,1,1,1,1,1,1,1,1,1,1,1,1,1,1,1,1,1,1,1,1,1,1,1,1,1,1,1,1
18,90,529,13,380,3,242,46,529,13,24,3942 1,1,1,1,1,1,1,1,1,1,1,3
18,631,27017,18,21,194,5,473,114,93 1,1,1,1,1,1,1,1,1,1
18,21,31,38,15,95,1011 1,1,1,1,1,1,1
195,27018,21,68,19,809,5,1781,1686,27019,12,272,5,335,12,973,3,51,21,31,68,450,24,588,26,49,165,17,6,80,129 1,1,1,1,1,17,1,8,8,8,1,1,1,1,1,1,1,1,1,1,1,1,1,1,1,1,1,1,1,1,1
18,21,233,6,1936,5269 1,1,1,1,1,1
18,631,18,527,1117,27020,24,4423,1278 1,1,1,1,1,1,1,1,1
18,21,68,1001,140,3,5324,108,842,12,6,80,58,2302,3,5,55,7381,5,1393,9138,6,80,58,113 1,1,1,1,1,1,1,1,1,1,1,1,1,1,1,1,1,1,1,1,1,1,1,1,1
253,27021,31,68,49,4965,26,274,1580,2106,346,27022,21,256,363,17,75,18,21,68,39,12,6,80 1,1,1,1,1,13,1,9,1,1,1,1,1,1,1,1,1,1,1,1,1,1,1,1
18,137,190,18,21,244,363,1626,3,27023,3,1805,391,5,13,1002,7023 1,1,1,1,1,1,1,1,1,1,1,1,1,1,1,1,1
18,90,27024 1,1,1
460,12,1892,7,436,936,3,24,99,1238,20,58,991,183,35,20,24,99,3456 1,1,1,1,1,1,1,1,1,1,1,1,1,1,1,1,1,1,1
24,99,2504,14,7627,5813,35,57,24,520 1,1,1,1,1,1,1,1,1,1
674,142,27025,212,403,7,3060,43,4331,83,2692,329,110,4663,1086,3455,363,690,254,274,215,22,25,32,123,180,65,9,73,8,6774,1096,108,1222,8563,69,123,180,65,9,73,8,165,1686,9,1643,8,215,1034,521,605,123,180,65,9,73,8,809,501,22,25,69,123,180,65,9,73,8,4817,487,141,22,25,32,123,180,65,9,73,8,236,171,22,25,32,123,180,65,9,73,8,2273,231,22,25,32,123,180,65,9,73,8,1781,1686,180,189,608,123,180,65,9,73,8,4965,9,9856,8,27026,3,36,45,9,73,8,25,32,123,180,65,9,73,8,1835,782,2286,3,36,45,9,73,8,25,69,123,180,65,9,73,8,1827,9,203,1148,1463,8,901,3,36,45,9,73,8,25,32,123,180,65,127,790,150,30,1493,206,30,13801,6307,2159,30,4,1493,27027,4,90 1,7,1,10,1,1,1,1,1,1,1,1,1,1,1,1,1,1,1,9,1,1,1,1,1,1,1,1,1,1,1,1,1,1,1,1,1,1,1,1,1,1,8,8,8,8,8,8,8,8,8,8,8,8,8,8,8,17,1,1,1,1,1,1,1,1,1,1,1,1,1,1,1,1,1,1,1,1,1,1,12,1,1,1,1,1,1,1,1,1,1,1,1,1,1,1,1,1,1,1,1,1,8,8,8,8,8,8,8,8,8,8,8,13,13,13,13,13,13,13,13,13,13,13,13,13,13,13,13,13,13,13,1,1,1,1,1,1,1,1,1,1,1,1,1,1,1,1,1,11,11,11,11,11,11,11,11,11,11,11,11,11,11,11,11,11,11,1,1,1,1,1,1,1,1,1,1,1,1,1,1,1,1
334,298,125,991,183,1335,4,527,10,724,266,4423,353,288,4,321,102,77,701,4,148,27028,523,1437,655,5713,842,1386,9857,207,4,787,12,480,3,1114,3757,227,4,863 5,5,5,5,5,1,1,1,1,1,1,1,1,1,1,1,1,1,1,1,6,6,1,1,1,1,1,1,1,1,1,1,1,1,1,1,1,1,1,1
665 1
1239,91 1,1
3276,204 1,1
2447,550,31,52,678 1,1,1,1,1
136,4,11,910 1,1,1,1
11,879 1,1
11,309 1,1
11,216,222 1,1,1
720,4,455,3,409,1270,3,1710,5590,832,27,5024,155,4,751,1069,3,11,1065,3,1116,26,407,362,4,152,3,2938 1,1,1,1,1,1,1,1,1,1,1,1,1,1,1,1,1,1,1,1,1,1,1,1,1,1,1,1
44,308,326,327 1,1,1,1
11,1128 1,1
27029,4,1493 1,1,1
531,4,11,743,3,750,26,93 1,1,1,1,1,1,1,1
443,133,61,5,675 1,1,1,1,1
352,4,15,329,1117,1200 1,1,1,1,1,1
1411,1093,77,2797,17,59,518,1114,4056,3,775,10,4011,26,1849,5631 1,1,1,1,1,1,1,1,1,1,1,1,1,1,1,1
4417,925,645,3,1016,3,247,3,4131,204,3,27030,204,3,3746,3,123,3,3242,204 1,1,1,1,1,1,1,1,1,1,1,1,1,1,1,1,1,1,1,1
1439,2549,10,1252,628,1006,783,708,2664,3423,3422 1,1,1,1,1,1,1,1,1,1,1
511,4,204,10,691,1008,5,1207,783 1,1,1,1,1,1,1,1,1
2329,82,433,783,3,2993,1063,10,1855,1086,244,1610,3818,922,9,27031,8 1,1,1,1,1,1,1,1,1,1,1,1,1,1,1,1,1
11,1866 1,1
44,700 1,1
873,1997,379,719,13,5892,6644,95,690,3,212,3,142,3,151,3,363,27032,688,24,747,198 1,1,1,1,1,1,1,1,1,1,10,1,7,1,4,1,1,1,1,1,1,1
176,27033,95,690,135,79,146,13,1486,59,1114,4056,5,2664,323,3,11,67,1382 1,1,1,1,1,1,1,1,1,1,1,1,1,1,1,1,1,1,1
479,37,18,86,10,46,1524,3,14,365,341,17,1033,690 1,1,1,1,1,1,1,1,1,1,1,1,1,1
56,413,679,56,1827,462,22,32,56,510,10,273,56,1564,79,10,61,10,1147,134,18,55,273,923 1,1,1,1,11,11,11,11,1,1,1,1,1,1,1,1,1,1,1,1,1,1,1,1
178,27034,4,256,431,5,58,103,445,135,79,3,211,27035,3,380,437,27036,208,52,27037,4355 1,1,1,1,3,1,1,1,1,1,1,1,1,1,1,1,1,1,1,1,1,1
142,4,500,27038,51,21,31,68,49,254 7,1,1,1,1,1,1,1,1,1
56,41,527,10,564,67,7627,1779,7,445,56,144,177,56,144,520,1597,5,1228,56,1457,1827,3,791,236,3,274,3,27039,56,450,148,976,56,41,160,1011,12,6,1398,195,1596,56,151,3,1386,89,9857,3,244,27040,165,606,51,79,21,68,114,2700,13,165,389 1,1,1,1,1,1,1,1,1,1,1,1,1,1,1,1,1,1,1,1,1,11,1,9,12,9,9,9,13,1,1,1,1,1,1,1,1,1,1,1,1,1,1,4,1,1,1,1,1,1,1,1,1,1,1,1,1,1,1,1,1,1
56,791,809,56,1781,1686,2208,12,1814,10,215,12,272,5,180,12,973,17,132 1,1,17,1,8,8,8,8,8,8,8,8,8,8,8,8,8,8,8
56,1564,79,10,49,24,772,588,12,272,5,397,2235,5,1107,15,198,67 1,1,1,1,1,1,1,1,1,1,1,1,1,1,1,1,1,1
18,41,118,24,1781,134,24,588,557,244,365 1,1,1,1,8,1,1,1,1,1,1
3972,1511,7,1236,345,179,5,266,4423,353 1,1,1,1,1,1,1,1,1,1
56,1335,510,17,71,4494,56,510,10,27041,27042,1203,17,71,4494,5,976,96,115,7,588,56,41,144,2504,3,3603,3,2015,539,56,79,41,160,3284,5,2516,510,27,441,112,253,363,56,79,21,923,5,30,7,363 1,1,1,1,1,1,1,1,1,1,1,1,1,1,1,1,1,1,1,1,1,1,1,1,1,1,1,1,1,1,1,1,1,1,1,1,1,1,1,1,1,1,1,1,1,1,1,1,1,1,1
41,126,1522,125,22,32,5,96,976,346,436,4926,56,41,510,17,3456,27,441,112 1,1,1,1,1,1,1,1,1,1,1,1,1,1,1,1,1,1,1,1
41,582,1238,5,296,567,77,27,441,112,35,27043,35,564,976,2159,30 1,1,1,1,1,1,1,1,1,1,1,1,1,1,1,1,1
41,144,520,35,270 1,1,1,1,1
460,439,12,36,2106,1426,6229,9858,3,107 1,1,1,1,1,1,1,1,1,1
2268,3121,82,55,2268,50,749,5,172,6,28,5,740,13,609,9858,82,461,5,104,35,607,12,24,55 1,1,1,1,1,1,1,1,1,1,1,1,1,1,1,1,1,1,1,1,1,1,1,1,1
497,2939,3210,10610,3,107 1,1,1,1,1,1
