69,49,4,22012,1589,105,2,7526,5678,6496,2,195,13692,13693,2722,13694,13695,2,1691,13696,536,4,4628,2,4763,485,4,10463,2321,4,22013,828,58,6496,2,552,4628,20,201,12,224,949,308,80,640,23,134,141,17,1673,1952 0
58,13697,8464,20,156,17,26,716,192,10468,7527,7,6,30,5,93,73,5,4234,92,285,13,6,29,6,2147,5,522,114 0
92,2251,1441,271,196,41,7,6,101,12,2737,5,2685,7,6,29,5,128 0
234,4,32,329,871,2,552,4628,14,15,1182,292,4954,407,13,30,7,116,2,254,2,178,103,269,369,9,6152,8,2,1952,2,104,20,12,23,3160,532,6,2556,7,13679,151,18,1898,2079,696,7,8324,988,5,572,403,8690,2733,348,434,10464,3133,17,18,5,23,943 2,13,1,10
38,656,20,2625,4129,4204,42,15,4417,2,54,13681,868,37,3367,17,363,697 0
18,416,18,222,31,50,8325,2533,48,7916,39,2323,13682,2719 0
12,2692,18,741,363,22014,7,7528,5485,1984 0
6,656,1493,19,8691,5,2731,989,697,297,18,660,168,10,450 0
12,736,10,868,2,627,115,1717,1848,394,2,699,1621,5,829,3803 0
18,1938,901,142,2,44,34,2,270,2,396,2,1251,2,1809,2,572,13,2132,2,2903,26,672 0
18,1185,460,15,4328,7,7524,4145,13,6,1447,37,23,848,1279,55,252,2,86,1451,1716 0
18,22015,153,1084,656,1611,51,159,146,27,71,95,18,39,23,943,1411,23,140,5,18,1007,10,886 0
6,988,572,39,660,42,465,2,5,18,1249,578,936,23,312,26,39,87,241,2147 0
18,21,11,334,30,7,1232,48,2831,2640,13683,2,97,154,606,10,363,697,5,53,3815,13684,42,13685,10465,9,22016,9587,7487,8,2,627,13,22017,2,5,1359,42,535 0
124,23,306,343,328,811,2,18,20,265,17,1826,2147,71,20,483,13,6,3693,7,829,251,1015,9,2687,8,317,945,2,2007,2,3398,2,3529,9,15,8,2,1194,5,3300 6
13698,5,691,222,31,1035,87,160,7,180,551,26,182,815,26,2634,1148,238 0
18,20,874,19,23,140,77,2,71,1717,211,1017,25,33,2,13,15,494,7,1673,1952 18
136,808,140,2,18,21,39,1317,3596,534,7,1952,2,9,173,866,51,236,8,86,6,6673,71,1632,23,890,6,144 0
18,21,1880,6355,1952,15,451,511,288,2,13,199,457 0
499,4,1863,2280,9787,151,18,6167,100,1431,4113,117,4924,191 0
10426,404,37,23,2852,14,5891,3495,151,1216,286,7,886,12,6,465,9,47,22018,8 0
18,14,3990,620,911,7,6,1064,5802,4638,19,22019 0
66,12,790,317,228,12,121,2,2437,2,1077,2,455,2,396,2,270,2,1265,2,22020,2,508,2,469,2,484,2,2303,2,1463,2,263,34,2,228,12,300,26,876,1183 0
12,736,2,29,88,228,12,862,2,895,2,2540,2,1809,2,803,2,394,2,4121,988,2,572,13,3970,2,2132,2,1041,2,26,672 0
78,89,30,4,178,103,269,369,6152,116,254,1952,1652,4,22021,10465,2,22022,2,22023,2,1359,13,535 2,13,1,10
10466,2781,4400,103,2679,103,6670,162,32,22024,103,1295,120,77,4,211,370,210,109,2847,2771,4112,230,244,1342,130,669,1247,1255,22025,137,4,2335,840,1489,2926,2,9899,79,179,30,4,295,27,140,13,943,2,477,7,183,726,2,1230,32,8692 19,18,29,28,20,21
88,671,2,430,2,26,2226,624,245 37
128,30,4,603,13,30,7,6298,2,7063 0
11,334,30,7,551,26,1952 0
93,122,4,638,4,8610,759,4,4847,2,436,202,4,1623,2,4258,90,2,1504,2,2354,822,112,4,330,2,11,269,2,11,920,2,11,293,26,2014,229,226,4,745,1097,2,11,9978,694,4,574,2,324,1268,2,11,1058,516,4,3384,2,11,1505,899,122,4,916,4,413,75,646,1094,2,640,192,2770 0
988,2775,952,5485,1984,28,5905,2,5906,2,5461,2,2800,2,5,5897,175 0
1702,4,7525,952,5875,27,83,1902 0
8693,2,13686,9784,86,1984,2,2580,481,74,175,28,11,6671,1872,28,382,10,22026,5,22027,2873,13,1375,912 0
951,1746,4,2301,43 0
901,2799,275,10,5591,28,1237,1025,5,1221,102,51,28,11,2586,28,2285,1445,275,86,1930,28,1188,466,43,28,895,175,10,1197,1371,193,28,1444,2,1559,5,3164,53,863,28,4755,5,10383,1028 0
731,4,43,2780,5,1419 0
590,1028,722,317,4,2973,2,3999,2,4526,2,1197,8120,5,5202,2,700,2,475,5,754,8120,5,5202 0
11,3441,3165,2,13691,26,1138,13699,1129 0
11,6523,2,11,22028 0
466,4,175,10,688,1014,2,5624,7797,2,870,2,2959,5,8177 0
11,5462 0
1355,4,43,5,863,13,1744,3074,1355,171,27,2973,2,3999,2,4526,2,7324,5,1585 0
2051,1338,2713,193 0
11,4513 0
2619,4,6801,2,2082,3768,1445,2,2103,3534,43,5,863,1097 0
672,4,43,672,5,6674 0
8694,2,7529,2,8695,43 0
382,10,974,19,6151,5,853 0
5203,672,175 0
3442,66 0
467,4,1462,3461,940,1516,544,2812,3842,2811,2901,9,15,8,1163,1005,22029,1015,2687,2007,1163,22030,4088,1194,4,11,1820,3217,2,11,8687,2,2992,1611,1749,41,3300,4,43,399,212,13,847,399,2690,13698,6804,4,350,54,9927,22031 6
306,620,1064 0
691,1319,4,11,160,7,180,1484,2,4379,9214,22032,2,1535,5701,769,4000,2247,22033,557,13,350,1261,76 0
320,5,1348,4,1182,292,4954,407,13,30,7,116,2,254,2,178,103,269,369,9,6152,8,2,1952,103,134,656,7,1666,6673,5,868,1447,373,218,10,2264,1673,1952,124,979,1464,5,117,4799,483,13700,2147 2,13,1,10
136,377,2,18,21,986,10,50,23,450,2831,27,15,1277,7,1611,22034 0
27,38,845,2,92,209,31,1491,4708,5369,364,2,48,209,539,448,393,108,2835,2098,268,1579 0
124,23,979,1338,10,6355,1952,2,92,50,1805,2628,38,624,17,22035,364,2,48,50,9535,27,4018,173,6,7049,7,1592,868,5,13701,23,173,947,84,268,271,631,866,22036,123 0
92,50,285,6,7049,7,1673,1952,5,5034,6,22037,2533,7,22038,472,2835,65,22039,28,2320,92,50,6379,10,126,10,60,2100,22040,1479,22041 0
18,40,437,13,1089,12,4203,198,26,3027,108,6,301,9710 0
1152,329,17,2092,1089,10,2011,12,6,203,7,38,29 0
92,2869,2648,10,930,23,12,437 0
1027,2,1416,22042,3492,13702,2,96 0
949,427,705,22043,47,50,201,5,755,6,29,13,58,13702,2,427,12,949,2,5,2304,26,3882,192,6,6852,22044,7,6,5917,297,3468,6,242,5,583 0
47,1061,13,6,1908,317,6,30,2,122,5,2797,1283,12,38,99 0
47,8696,177,5,22045,38,99,5,2738,13,6,7530,158,10,22046,38,8025 0
13697,2060,8464,2,4509,2,96 0
240,5884,3537,1473,144,22047,8697,3782,3710,5090,22048,2,1691,2746 0
2374,5328,22049 0
