69,49,4,22132,91,162,7531,1120,144,3051,99,4,176,154,2,2994,536,4,8702,6675,22133,46,22134,47,39,6,1068,7,930,8702,5,23,567,12,784,622,80,117,23,541,676,1181,13,15,1408,675,22135,13725,2,541,3825,2171,2,5,22136,164,703,3536,13,15,2352,10,6,269,5,15,2430,1107,10,6,806,52,719,1871 2
32,329,871,2,18,14,15,22137,407,13,15,30,7,336,1148,76,2,541,238,2,81,2,127,2,254,2,5,164,143,76,104,21,39,1387,366,19,639,1540,13,748,100,890,23,1477,71,14,244,1965 5,13,1,10
92,222,23,162,2,5,18,39,15,214,5728,3852,408 0
18,20,874,140,19,3852,107,4028,5,21,986,10,1029,2950 0
18,14,748,1158,107 0
23,77,563,83,22,7,737,2,244,22,7,3329,2,105,22,7,635,5,63,172,5,23,4764 19,18,29,20
18,21,11,849,7,34 0
18,14,1041,57 0
18,14,2538,57 0
23,6443,50,2182,4374 0
23,5707,14,185,2,5,18,21,11,387 0
1172,2,47,221,3460,5864,13,23,2950 0
47,936,23,10,1208,10,329,37,18,20,3353,12,91,997,71,18,454,55,382,10,247,12,6,400,223,26,248 0
1152,329,393,573,17,6,11261,7,5271,17,23 0
8706,4979,2,96 0
384,4,13719,22138,13718,2,96 0
5537,3492,13717,2,96 0
2495,42,4,6021,54,22139,681,809,42,8706,1050,4979,2,195,1655,139,4,678 0
