69,49,4,22193,13737,1695,89,538,2356,13738,1142,10486,2,1707,10487,2,195,13739,13740,9,13741,8,13742,10488,38,29,7,58,6678,20,201,490,58,6678,20,1008,2499,19,63,303,1988 0
24,825,1693,14,457,7,134,343,426 0
16,21,334,81,5,21,15,30,7,363,159,7,939,4281,5,422,12,24,882 5
38,3111,316,13,1818,639 0
58,6678,1283,43,904,243,6,97,101 0
24,134,343,426,227,11,182,1593,664,5,1608,1927,542,7,6,754 0
222,124,24,30,15,268,22194,10,1732,38,1279,55,22195,239,10,527,26,1076,238 0
16,40,207,100,13,58,6678,173,400,3609 0
13743,16,3646,15,1401,1771,80 0
526,2462,3407,3440,2,96 0
813,22196,800,4,10488,827,4,22197,818,4,10488 0
