67,54,4,27206,382,379,498,13,212,3,494,3,5,6,730,234,7,2921,34,13,1127 1,1,1,1,1,1,1,1,10,1,1,1,1,1,1,1,1,1,1,1,1
16,21,38,128,34,12,23,2921,186,16,1127,15,226,3431,75,538,13,1210,464 1,1,1,1,1,1,1,1,1,1,1,1,1,1,1,1,1,1,1
657,1793,143,569 1,1,1,1
11,1346,34 1,1,1
16,749,64,9872,17,15,896,3504,5,20,1260,10,288,312,5,2208,467,19,541 1,1,1,1,1,1,1,1,1,1,1,1,1,1,1,1,1,1,1
16,21,38,128,494,5,23,361,2351,27,11962,20,72 1,1,1,1,1,1,1,1,1,1,1,1,1
50,286,126,201,19,452,75,16,603,126,49 1,1,1,1,1,1,1,1,1,1,1
1474,39,1474,1262,686,25,32,780,799,25,32,2604,9,4162,1400,8,515,25,1230,167 1,1,1,27,1,1,1,28,1,1,1,1,1,1,1,1,1,1,1,1
2454,707,3296,25,32,2424,378,25,69,2875,9,4246,8,7944,36,45,9,73,8,25,32,274,686,36,45,9,73,8,25,32,236,9,800,8,549,36,45,9,73,8,25,276,289,9,932,8,549,36,45,9,73,8,25,32,452,9,1484,456,8,2010,36,45,9,73,8,25,608,127,4,200 20,1,1,1,1,21,1,1,1,33,1,1,1,1,1,1,1,1,1,1,1,9,1,1,1,1,1,1,1,1,12,1,1,1,1,1,1,1,1,1,1,1,1,1,1,1,1,1,1,1,1,1,1,1,1,1,1,1,1,1,1,1,1,1,1,1,1,1,1,1
150,30,4,2101 1,1,1,1
206,30,4,920 1,1,1,1
919 1
11,1711 14,14
579,188,34 1,1,1
1423,2292 1,1
590 1
427,7,579,14,72 1,1,1,1,1
545,981,602,590 1,1,1,1
1474,316,205,1474,63,94,4,15776,140,4,5771,257,624,259,364,335,3213,3213,227,4,665,11,2662,2036 1,1,1,1,6,6,6,6,1,1,1,1,1,1,1,1,1,1,1,1,1,1,1,1
11,1082 1,1
11,908 1,1
11,216,222 1,1,1
155,4,91,720,4,3213,3213 1,1,1,1,1,1,1
11,3195,213,26,561 1,1,1,1,1
362,4,280 1,1,23
1169,246 1,1
531,4,11,93 1,1,1,1
565,79,133,19,6,70 1,1,1,1,1,1
550,31,1046,88,19,6,53 1,1,1,1,1,1,1
1474,147,1474,2921,34,13,1127 1,1,1,1,1,1,1
1019,1044,260,51,50,41,144,128,354,264 1,1,1,1,1,1,1,1,1,1
494,361,2351,27,11962,20,72 1,1,1,1,1,1,1
50,510,201,10,64,5104,12,1185,89 1,1,1,1,1,1,1,1,1
106,242,31,49,254,89 7,1,1,1,1,1
71,9,96,27,11963,8,1606,62,398,7,9871,86,2875,5,2424 4,1,1,1,1,1,1,1,1,1,1,1,33,1,21
623,399,211 1,1,1
541,11964,6,1511,7,1107,406,19,541 1,1,1,1,1,1,1,1,1
1924,50,272,1307,37,16,21,603,740,10,126,6,452 1,1,1,1,1,1,1,1,1,1,1,1,1
212,191,60,139,1156 10,1,1,1,1
27207,16,21,1081,10,122,64,9872,12,528 1,1,1,1,1,1,1,1,1,1
50,1509,10,201,37,50,272,15,1448,35,60,5,37,50,46,514,12,6,80,92,109,31,285,319,60,10,46,267,1448,858,12,23,198 1,1,1,1,1,1,1,1,1,1,1,1,1,1,1,1,1,1,1,1,1,1,1,1,1,1,1,1,1,1,1,1,1
50,704,64,9872,14,15,27208,1448,5,50,1758,201,6,1397,17,7081,27209,10,461,2171,15,301,11030 1,1,1,1,1,1,1,1,1,1,1,1,1,1,1,1,1,1,1,1,1,1,1
16,91,14,954,10464,223,40,5,41,704,223,92 1,1,1,1,1,1,1,1,1,1,1,1
497,11008,3,9624,3398,3,107 1,1,1,1,1,1,1
