69,49,4,22246,29,414,4,22247,2898,46,4,22248,315,4,22249,240,4,13767,384,4,251,792,75,46,410,28,369,228,234,4,10497,75,46,410,28,334,10,608,13768,4431 0
3718,4186,2,1630 0
1651,962,730,3775,2547,17,251,792,5,205,13,10498,9,13769,792,20,13770,48,176,110,55,251,8 0
316,228,2935,1740,136,437,1169 0
589,10,156,13,1427,75,46,898,28,62,2490,2432,480,12,189 0
38,141,156,13,251,111,5,792,37,21,4859,10,13111,2,572,9827,5,44,34 0
637,4,3718,4186,2,1630,2,178,2,1217,1168,2,5107,1427,2,883,2,685,2516,4,51,98,369,228,2,555,1362,4,125,141,1363,192,4,22250,258,4,141,792,3509,75,46,410,28,6221,75,46,410,28,3515,1311,36,617,22251,2,617,4828,10499,75,46,410,28,11,10500,10,49,4406,4,99,22252,4,973,2210,2,6854,759,13771,13772,22253,11,180,22254,1368,150,833,10497,13,1630,5,251,65,450,13,7539,225,22255,1651,2432,1599,866,6242,198 1,2
792,411,251 0
11,160,17,668,1946,566 0
1169,583,1144,136,10501,10,437,5,14,2432,5834,17,432,180,656,4864 0
1348,4,75,46,3215,28,219,12247,75,46,3215,28,40,1026,608,13767,10,2739,108,3359,1651,40,55,15,22256,1588,432,38,141,22257,7542,13773,2,195,22258,2047,858,427 0
