69,49,4,22259,2047,470,99,29,414,4,10490,2,1955,2898,46,4,22260,315,4,22261,240,4,7538,384,4,1617,6127,234,4,10497,57,334,10,608,13768,4431 0
3718,4186,2,1630 0
1651,962,730,3775,2547,17,251,792,5,205,13,10498,9,13769,792,20,13770,8,28,905,1187 0
97,1599,2935,8716,589,10,156,13,1427,74,2490,2432,480,12,189 0
38,141,279,13,132,22262,9,13774,100,10,614,2,524,614,8,2,668,1946,566,5,972,139,142 0
637,4,3718,4186,2,1630,13,450,7,931,2,3955,576,10,13755,9,311,1088,8715,8,178,103,555,2,1217,1168,2,5107,1427,2,883,2,685,2,670,9,7541,140,651,8,2,3411,2516,4,555,28,3923,2,569,10493,2,569,2938,369,959,13756,28,3923,2,569,2938,369,228,4464,5,237,428,5087 1,2,5
1362,4,125,141,1363,192,4,22263,4,12945,436,2,22264,5756,2741,175,13,90,389,2,13775,7,886,2,2119,13776,258,4,10502,4,22265,75,46,1764,28,3044,2,524,614,75,46,1764,28,2123,2,4519,75,46,1764,28,22266,4,1311,318,17,566,28,4672,5,67,1964,548,8106,4,13777,12334,4,52,1018,31,2445 0
6,70,1018,14,86,160,7,4702 0
68,14,63,22267,12,6,70,132,9748,9842,13,188,132,89,76 0
97,205,20,12,5087,5,227,225,4887,7,1651,2,11,2002,22268,1233 0
833,4,10491,174,306,89,167,317,3718,4186,5,569,2938,1233,2431,13,188,7539,1651,2,6,1187,71,14,884,2,110,265,174,3150,2,3955,5,15,2249,1427 0
24,2938,1651,129,97,1599,5087,2,48,16,21,578,1156,15,494,17,24,569,2938,1233,28,12,5087,2,52,10493,227,22269,10,9813,5,19,6,70,15,525,2938,4580,20,166,27,6,9813 0
1169,583,1144,136,10501,10,437,5,14,2432,5834,17,432,180,656,4864 0
92,1491,4,356,4672,5,126,9404,522,28,2431,42,1070,12,6,78,5,2440,3137,176,55,2978,108,16,8619,75,46,898,28,276,5379,27,156 0
126,2559,5,522,17,22270,28,176,1525,65,132,470,124,216,8715,356,13777,10,1021,17,844,4702 0
52,1018,31,57,2445,27,97,1089 0
4910,19,6,457,7,38,708,2,539,2938,369,228,2006,7931,2730 0
692,10,55,2995,22271,158,10,5159,13764 0
2728,58,7538,2,104,3120,13,256,114 0
13765,13546,2,96 0
13766,2047,470,427 0
