69,49,4,22323,22324,2,22325,2,10514,47,1736,37,47,50,1538,5,755,6,29,2,177,6,427,74,2105,19,6,29,74,948,2,5,285,6,233,2,114,7,203,2,5,642,13,6,29,5,6,427,2,58,22326 39
361,125,23,99,17,275,885 0
30,7,156,360,4,6,29,14,15,5095,762,13,182,78,89,30,7,127,28,81,28,2004,28,421,28,188,132,776,28,3381,132,76,19,2508,4858,2,3269,5,3917,28,30,7,385,5,91,1526,32,57,32,3956,104,279,13,250,2,394,2,44,34,2,5,396 2,5,13
27,964,16,20,514,3071,5,20,718,401,1896,4366 0
16,586,476,1077 0
16,88,87,596 0
16,21,166,106,469,2,106,1112,2,5,106,255,7,194 0
93,122,4,16,14,1581 0
870,22327,2,296,1653,2,372,145,564,2,67,94,22328,2,5,1304,14,1204,41,19,51,3128 14
16,1423,4877,2,7070,13,112,37,14,330 0
11,1056,2,1223,2,26,1106 0
118,14,135,86,15,417 0
187,14,133,2,375,2,5,1774 0
181,14,175 0
16,21,171,904,79 0
16,479,10,55,7540,48,11,900,4309 0
489,467,4,163,7,24,67,500,482,15,379,7,2298,2,331,7,13794,2,397,7,3016,2,633,7,3687,5,3694,7,9618,1321,53,43 0
2309,14,13795,1827,14,22329,4550,547,14,186,783,14,6830,769,830,83,2,835,2017,2,5,1060,165,44,810,482,3613,2,11,180,796 0
63,147,13,145,2501,2,43,3170,142 0
303,441,408,4,6,29,20,4946,5233,13,2198,2,22330,2,124,5409,219,760,2709,5,14,537,265,10,132,325 0
27,38,95,2,16,14,2062,185 0
763,494,4,394,2,3381,132,76,2,5,380,859,566,317,3956 0
526,13796,2,10514,96 0
495,4,13797,276,4,13797,597,42,4,13796,2,10514,813,22331,1852,232,31,177,42,240,312,232 0
