69,49,4,22496,8727,101,9,10535,22497,8,22498,854,1280,852,1182,292,345,13,15,30,7,178,2,883,103,70,582,10,256,475,1063,703,13,3408,9,10531,8,5,134,141,17,1686,1071,98,1200,104,279,13,157,337,468,34,5,4257,5,543,4118,3585,703,593 2,39,1
6,1533,20,1180,42,817,67,274,461,5,1781 0
12,6,7552,6,29,986,10,55,4249,5,50,252,6029 0
92,730,15,1824,1597,9,1312,5647,20,515,8,5,986,4984 0
6,29,533,518,142,5,85,39,180,19,188,132,353,9,22499,600,8 0
92,3896,5,1086,170,10,6,3551 0
92,285,38,27,4018,13,6,545,659,32,57,32,507 0
47,755,6,29,177,6,948,5,285,6,1533 0
47,1061,13,30,5,73,32,9112,12,10129,99,709,4,91,313,4,313,20,2271,239,10,1781,5,252,458,32,57,32,1257 1
40,881,172,5,197,492,10,546,74,13,2049,6599 18,19
22500,1226 29
22501,22502,10,458,1013,109,5,126,10,155,4045,476,729,496,4,16,21,252,1824,580,1304,5,264,5121 0
40,881,1971,5,5264,6,29 0
40,433,704,12,221 0
108,24,1824,580,1048,5,5121,113,31,22503,1723,13,472,3911,209,1682,2499,65,22504,17,110,124,24,145,741,313,180,22505,22506,4,40,5264,10,1825,4861,4,6,22507,21,22508,1825,4861 0
92,40,17,110,881,1131 0
180,132,353,4,16,21,2237,22509,6029 0
92,53,4054,389,1942,5,5279 0
40,383,3547,1927 0
17,110,209,31,245,787,124,252,1824,3547,1927 0
2871,10535,384,5824,1902 0
