67,54,4,27891,1655,558,3,6972,668,112,9,27892,8,6,28,14,221,12,903,27,6,1993,436 1,1,1,1,1,1,1,1,1,1,1,1,1,1,1,1,1,1,1,1,1,1,1
16,1295,188,66,4137,139,52,74,223,15,129 1,1,1,1,1,1,1,1,1,1,1
16,21,38,62,927,80,1062,129 1,1,1,1,1,1,1,1
12,1519,3,16,758,38,15,1524,26,381,419 1,1,1,1,1,1,1,1,1,1,1
16,20,172,13,62,2138,7,23,136,5,20,933,37,74,20,31,2643,6198,10,4032,164 1,1,1,1,1,1,1,1,1,1,1,1,1,1,1,1,1,1,1,1,1
23,4159,6716,91 1,1,1,1
23,116,143,422,10,314,7,190,12,23,70,473,114 1,1,1,1,1,1,1,1,1,1,1,1,1
223,40,85,3,16,98,387,15,4582,243,7,6,53,896,415 1,1,1,1,1,1,1,1,1,1,1,1,1,1,1
16,758,387,128,1266,5,20,343,13,3850 1,1,1,1,1,1,1,1,1,1
31,916,139,40,3,16,1031,949,153,371 1,1,1,1,1,1,1,1,1,1
16,20,933,37,677,550,31,2483,134,37,20,290,10,6,907,26,6,4652 1,1,1,1,1,1,1,1,1,1,1,1,1,1,1,1,1,1
1427,10,6,28,5,23,551,3,23,347,1031,35,365,35,995,6716,3,92,14,137,188,467,10,7928,23,415,243,21,68,244,1341,10,265 1,1,1,1,1,1,1,1,1,1,1,1,1,1,1,1,1,1,1,1,1,1,1,1,1,1,1,1,1,1,1,1,1
16,768,34,12,6,415,5,2209,21,10,391,12,15,3055,13,23,322,1048 1,1,1,1,1,1,1,1,1,1,1,1,1,1,1,1,1,1
16,21,221,3075,331,5,3228,12,4137,3,97,681,265 1,1,1,1,1,1,1,1,1,1,1,1,1
677,603,933,201,3,16,237,191,60,10,468,188,425,17,268,198,5,172 1,1,1,1,1,1,1,1,1,1,1,1,1,1,1,1,1,1
19,101,89,3,50,368,190,562,5,27893,133 1,1,1,1,1,1,1,1,1,1,1
50,191,31,190,88,2173,975,133,19,1275,518,51,4372,264,111,232,3102,1298,27,6,1346,5,6067,444 1,1,1,1,1,1,1,1,1,1,1,1,1,1,1,1,1,1,1,1,1,1,1,1
427,2135,14,232,3,600,23,71,27894,1019,810,40,27895 1,1,1,1,1,1,1,1,1,1,1,1,1
16,21,128,416,3102,1298,27,6,70,415,444,5,917,565,27,53,415 1,1,1,1,1,1,1,1,1,1,1,1,1,1,1,1,1
16,21,36,632,27896,6,4828,7,23,896,415 1,1,1,1,1,1,1,1,1,1,1
74,14,128,685,7,6,415,5,637,4155,2890 1,1,1,1,1,1,1,1,1,1,1
40,1338,21,6,197,7,128,8360 1,1,1,1,1,1,1,1
74,14,673,10,11,474,7,6,415 1,1,1,1,1,1,1,1,1
119,41,469,201,19,2781,1592,22,5051 1,1,1,1,1,1,1,1,1
17,539,10,141,65,10,122,134,40,575,13,88,284,424,1266 1,1,1,1,1,1,1,1,1,1,1,1,1,1,1
50,41,510,201,10,64,4327,17,420,641,774,3066,198,5,62,3504,1153,26,31,8593,1133,340,1317,52,4876,482 1,1,1,1,1,1,1,1,1,1,1,1,1,1,1,1,1,1,1,1,1,1,1,1,1,1
50,191,31,704,74,14,2600,268,119,368,191,10,265,23,443,63,1298 1,1,1,1,1,1,1,1,1,1,1,1,1,1,1,1,1
268,689,41,98,52,244,1063,12,2257,7,6,284,147,13,4652,35,60,35,23,347,3,75,406,1462,3371 1,1,1,1,1,1,1,1,1,1,1,1,1,1,1,1,1,1,1,1,1,1,1,1,1
23,4372,264,508,37,23,147,57,233,71,381,884,76,5,92,14,2379,37,119,550,52,7,1255,13,40 1,1,1,1,1,1,1,1,1,1,1,1,1,1,1,1,1,1,1,1,1,1,1,1,1
50,41,2033,64,4327,78,47,966,29,73,3504 1,1,1,1,1,1,1,1,1,1,1
