69,49,4,22511,414,4,2910,2,5356,485,4,13842,763,203,1741,4,58,7145,287,2910,1263,17,437,7,363,709 39
121,8074,67,94,3065 0
77,4,16,5904,3391,97,420,2,5,16,1379,24,97,262,7,10537,80 0
607,14,19,838 30
16,14,290,1010,244,22,641,2,5626,105,22,641,2,6030,130,22,641,2,2771,1565,4112,22,641,2,211,35,641,2,556,449,22,497,511,15,107,5,987,823,22,1190 19,18,29,15,26,20,21
9,35,8,2465,5,30,7,1023,332 0
62,4,24,34,14,2705,598,16,589,10,50,15,3176,4960,12,24,1414,136,16,21,61,19,1337 0
985,4,24,187,14,133,13,43,300,302 0
68,14,11,277,80 0
289,4,16,40,301,752,27,6,6031,3284,12,15,376,26,393 0
9,51,8,435 0
62,4,16,21,986,10,50,363,133,2,3175,300,1445,15,107,434,16,21,61,290,6,2929 0
16,21,31,201,87,4813,1711,67,119,3518 0
16,21,61,947,1025,5,1041,3677,1349 0
985,4,577,17,1050,1307 0
5,577,775,75,62,129,362,66 0
289,4,47,963,170,10,3216,8294,22512,5,4537,10214,2,820,17,11863,2,17,102,123 0
16,40,750,108,6,435,4510,664,6,2929 0
9,102,8,22513,577,19,122,97,223 0
985,4,24,835,39,264,10,7056,97,223 0
289,4,887,801 0
16,40,2404,260,6,414,7,24,339,312,27,6,6031,3284,393,37,47,319,8519,13,170,173,6,134,2192,5,3340,17,437,752 0
9,183,8,618 0
62,4,38,21,660 0
9,83,8,81 5
62,4,16,795,607,32,575,97,223,151,24,183,2946,67,848,20,8730,24,2683,67,848,20,3850,38,465 30
16,267,37,16,14,1041,573,419 0
289,4,16,40,2283,607,83,22,998 30
151,24,67,848,14,1441,271,594 0
9,259,8,653,417,5,70,3209,1871,984 0
289,4,24,1134,21,61,2604,48,16,21,31,1911,431,6,1207 0
9,481,8,164,143,76 1
62,4,16,21,39,11,44,34 0
16,1249,39,63,1207,97,223,17,63,352,2059,215,27,6,6031,3284,48,6,4557,20,31,68 0
16,21,983,1207,1209,38,223,13,6,1925,27,6,6031,3284 0
289,4,47,1931,170,15,3503,7,6,678,8728,377,1246,65,24,134,950,32,57,32,9352,7,6,3019,346,432,6,950,5,15,3503,7,6,263,205,444,10,60,10,24,1925,27,6,6031,3284 0
9,614,8,2592,432,6,950 0
985,4,24,1995,331,20,931,9,218,251,124,24,439,8 0
540,1728,227,395,1370,13,11,150,182,1113 0
289,4,155,8080,389,17,975,5,331 0
155,1995,975,10538,5,389,13843 0
9,903,8,188,461 0
985,4,16,39,43,889,426,2,1227,5,1804,363,198,146 0
24,835,20,185,32,7,97,223 0
289,4,155,1995,975,10538,5,389,13843 0
9,109,8,476,940 0
15,4,92,519,1375,1495,4299,26,228,24,1226,65,4839,10,210,10,383,6,940 0
289,4,47,50,2119,38,1144,10,24,763,203,312 0
16,40,808,17,437,12,51,236,393,37,92,319,1029,678,10406,17,6,752,5,10,155,2950,13,24,81 5
22514,3407,5201,2,96 0
22515 0
