69,49,4,22520,378,325,89,3682,141,99,36,5512,10539,2,22521,414,4,6202,2,5356,512,46,13842,440,4,4588,7145,49,4,13070,1228,4,29,5,89,586,384,4,270,2,1265,98,83,123,234,4,38,14,15,6686,345,174,15,1180,637,37,1128,116,2,120,2,254,2,178,2,5,15,78,371,2,71,4717,12,6,959,7,63,3052,2,104,110,1530,406,270,5,1265 2,5,13,1,10
1859,123,2078,2,6,64,1795,270,434,748,100,6,1965,10,24,4399,19,6,3253,1032 0
16,1379,15,1160,4862,2686,71,16,687,5953,6,270,5,10540,170,10,126 28
191,6,400,451,123,2,24,270,1795,3539,932,5,2313,27,468 0
24,270,209,11194,170,65,24,535,2,3765,22522,420 0
16,416,37,1160,4862,3392,5953,24,702 28
6,64,3242,19,153,4683 0
432,6,408,7,24,834,270,2,24,352,2059,476,65,15,450,7,748,758,697,86,87,270,10,748,17,931,697,13,306,9826,239,10,270 0
472,534,7,270,129,31,627,174,455,9,3184,26,355,8,2,396,2,4133,2,1642,2,969,2,263,422,2,26,34,12,24,1907,26,1288 0
85,432,38,95,2,6,64,166,1387,1097,388,7,24,882,9,65,1585,10,1389,8,5,734,263,5068 0
16,416,37,24,882,209,22523,151,16,8252,19,1406 0
6,531,388,129,31,627,174,1382,34 0
19,6,107,297,141,2,278,2,16,222,2801,15,6213,2,682,250 0
19,6,8021,2,24,864,39,2669,10,6,845,819,16,549,621,16,865,10,55,201,42,15,1925 0
16,20,1487,22524,10,13844,42,24,503,5,837,2,819,16,20,201,5,237,22525,10,8728 0
27,13844,2,6,64,74,973,129,4,276,4926,289,22526,111,22527,3247,738,41,616,22528,46,174,9356 14
6,64,431,235,446,219,5,651,1572,22529 0
27,22530,2,6,64,74,973,129,4,289,1963,111,22531,574,105,3247,1080,41,19,1391,6,64,431,211,1017,25 18,14
136,3337,6,235,2,6,64,74,531,79,21,22532,1459,2,5,6,64,416,37,16,404,15,1814,419 0
6,64,21,31,1898,87,134,121,274,5,14,19,15,135,333,86,2236,4158,9,16,1822,2236,22533,8 0
16,85,6395,37,16,14,13845,10,290,24,257 0
1545,4,120,116,254,103,371,36,13846,3052,36,7553,178,174,269,369,36,2140,188,461,36,266,10269,6,22534,502,1023,332,1466,36,2502,4885,76,257,4,1133,7554,33,211,6030,446,59,669,768,33,556,683,59,210,491,283,987,12536,59,607,491,59,1116,390,33,2503,683,138,137,4,1934,2,473,484,179,299,4,6,64,295,27,140,174,24,503,9,22535,12,199,424,8,5,837,9,10541,12,199,424,8 2,5,19,13,1,18,29,15,10,26,30,20,21
16,416,37,16,113,31,1656,554,5,706,309,105,159,146,117,460,1591,51,22536,17,22537 38
16,88,947,2226,840 0
16,21,51,22538,27,140,5,21,11,134,7335 0
128,299,4,11,2575,7,116,2,120,2,254,2,26,332 10,5,13
499,4,10542,4,11,5272,2,121,13847,2,199,1077 0
202,4,11,1652,2,862,142,2,22539,2,26,6779 0
22540,4,125,234 0
339,4,11,435,2,572,2132,2,263,34,2,67 0
1368,4,11,1612,2,377,2,807,2,26,1173 0
11,264,1277 0
22541,4,21,1012 0
11,181,142 0
7910,4,11,803,2,1839,2,34,2,274,7,2903,26,2852,2,394,2,26,274,7,1702 0
93,73,4,638,4,276,4853,289,284,111,22542,574,1200,3247,1944,41,19,1391,759,4,64,20,1417,4971,19,628 14
382,10,433,286,7,886,5,2894 0
181,4,11,10480,2,9187,733,2,26,690 0
4599,7374,156,19,6,168,7,6,112 0
202,4,4148,2,3404,2587,2,570 0
966,90,86,2561,2,1504 0
112,4,330,2,875,2,11,846,2,11,293,229,2,11,920,2,11,269,226,4,745,5,1043,1097,118,4,418,2,324,246,5,253,2,3520,2993,27,7555 0
11,1093,26,970,1139 0
340,4,1381,2,133,2,875 0
2088,187 0
902,4405,782,8731,65,7413,2027 0
5609,4096,432,5196 0
11,22543,22544 0
2025,4,2439,79,22545,65,754,1097,12,531 0
64,243,171,1097 0
11,673 0
323,4,5408,2,951,1746,175 0
731,1028,722,820,54,349,2,71,20,851,42,34 0
2261,74,31,1139,12,87,7,6,217,9,3999,2,4526,2,1389,2,5,1585,8 0
258,4,215,1745,772,1904,1412 0
502,190,397,9,510,282,8,4754,9,1298,8,294,633,9,510,282,8,2034,9,1259,8,294,749,9,510,282,8,3167,72,9,1299,8,294,689,9,510,282,8,8005,9,1420,8,294,379,9,510,282,8,934,9,1300,8,169,331,9,510,282,8,2068,9,1586,8,169,358,9,510,282,8,761,72,9,1354,8,169,442,2796,9,1482,8,169,1531,2361,9,1727,8,169,1042,2068,9,1690,8,1421,298,4704,9,1260,8,398,266,5634,54,9,1969,8,41,458,5263,54,9,2216,8,1399,615,13118,54,9,2326,8,1779,443,9486,9,1507,8,1301,530,474,9,1340,8,1141,665,4996,9,1448,8,1561,698,5469,9,1449,8,550,666,8732,72,9,1383,8,41,64,5262,9,3185,8,1057,1046,1789,1046,2627,53,6144,316,17,1855,5619,364 0
2165,8263,9,2969,8,1057,2752,31,431,19,3677,4082,3703,4336,9,4354,8,1679,2080,9,4355,8,1793,2008,66,9,148,8,3885,66,9,148,8,4084,9,148,8,22546,718,10,2244,282,17,1317,1011,4080,66,9,148,8,4081,66,9,148,8,4083,67,9,148,8,617,175,5338,1499,9,1499,8,2527,4939,1499,9,1499,8,2527,4940,66,9,148,8,2527,4938,4198,1499,9,6224,8,6687,2333,2064,66,9,148,8,2527 0
1103,1096,3378,66,1832,2734,66,1832,147,4,764,2,2227,9,22547,8,2,3781,2,22548,12,2717,2,2489 0
3997,4530,12,22549 0
1598,42,4949,4963 0
11,6800,65,78,3019 0
464,584,4,91,3052,13848,191,6,52,9969,2,869 0
409,2799,53,90 0
10543,13849,53,869 0
70,2240,12321,832,2,869 0
4043,4615,14,869 0
11,160,7,529,4511,76 0
704,9,13846,8,4,585,284,41,2,863,1598,242,5,114,4,38,14,15,6686,345,174,15,1180,637,37,1128,116,2,120,2,254,2,178,2,5,15,78,371,2,71,4717,12,6,959,7,63,3052,2,104,110,1530,270 2,5,13,1,10
385,36,38,14,411,380,124,6,2364,7,1394,426,10,1167,286 0
598,2,68,129,11,455,26,1382,34,1905,7,6360 0
539,2877,10,1167,286,134,385 0
313,36,147,5,6,66,1501,7,91,785,1832,113,31,1208,38 0
278,2,64,21,31,39,87,180,864,434,19,6,1032 0
1334,36,38,14,553,218,124,6,2364,7,508,26,251,298 0
2377,36,38,14,85,553,218,124,6,2364,7,121,274,2,6,180,1819,7,6,115,2,5,6,22550,600,780 0
35,8,270,36,373,218,421,354,22551,354,313,354,354,1334,2,2377,28,278,2,16,281,479,1433 0
385,14,411,380,124,6,2364,7,1394,426,10,1167,286,2,598,68,129,11,455,26,1382,34,1905,7,6360,2,5,6,696,20,31,180 0
6,64,176,50,39,63,939,313,48,6,2364,7,455,5,3019,142,3154,38,553,218,28,278,2,6,64,21,61,1433,19,6,1032,5,393,11,147,6329,7725,13,6,270,53,1509,10,1667,1167,286,38,1754 0
1334,5,2377,53,553,218,124,6,2364,7,596,5,469,5,87,299,7,121,274 0
40,247,6,64,19,651,12,736,10,24,43,22552,322,7,5065,2,5441,2,5,3478 0
40,539,6,736,7,5534 0
1731,704,10,2739,585,5,10,3506,7091,729,142,108,87 0
1731,3608,74,10,155,17,476,1608,10,520,5842 0
707,6029,17,1018,10072 0
707,147,17,87,142 0
40,1729,17,15,2877,10,1364,134,385 0
51,8,116,36,1073,425,2,176,55,22553,10,5010,257,80 13
40,85,55,480,947,257,17,421 0
102,8,120,36,728,251 5
40,1815,174,24,140,560,7,987,5,607 26,30
183,8,254,36,185 10
679,140,560,7,210 29
83,8,2009,36,2524,10,252,2236,333,13,11,5530,6985 0
539,15,381,333,32,57 0
259,8,3092,36,40,855,631,64,14,3689 0
5512,10539,2,3526,1088,705,4,22554,22555,1327,2531,4,29,201,5,755,13,1362,3682,256 0
1061,13,1172,242,256 0
1924,4,38,14,15,13589,13,15,299,7,178,103,371,2,103,3052,2,3411,2,116,2,5,254,2,104,279,13,1265,2,702,5,225,386,79,22556,123 2,5,13,1,10
1265,14,31,627,13,3293,115,317,455,2,272,2,402,2,5,969,2,598,6,29,267,84,14,1359,42,3982 0
93,73,584,401,53,686,17,15,919,487,2,2615,7,942,2,1812,2993,27,7555,5,1709,2,5,149,2,863,2,2439,79,12,225,197,217 0
119,948,586,2,12,308,16,20,166,10,50,10351,112,1486 0
5464,421,354,314,5498,22557,2,313,354,385 0
421,14,15,1039,9330,4220,32,115,1208,11891,353,13,305,79,434,68,14,1114,3849,467,9,11,942,19,73,2,464,90,8,10,1208,38 0
158,10,1082,233,16,431,130,7,219,235,5,7868,27,1502,153,5818,9,13,3058,1051,8,2,71,176,5438,17,38,8575 0
114,14,17,704,10,1514,24,1105,496,2,5498,10544,2,5,415 0
2877,454,55,7957,10,3105,385,32,38,14,15,22558,1754 0
5918,22559,2,195,2,2045,378,22560,705,46,22561 0
