69,49,4,22562,1523,22563,7556,857,22564,27,1090,4465,2,4286,4466,8733,22,59,2848,823,22,59,501,1247,22,59,210,109,22,33,960,22565,22,291,3453,594,22,591,59,933,105,22,59,1255,47,59,211,370,22,33,2923,1345,6324,22,27,1090,22566,10,907,13,420,862,36,65,22567,22568,22569,2826,591,33,1426,1143,2,3666,2534,30,4,774,10,163,23,89,167 25,19,18,29,39
21,61,699,57 0
140,67,968,4,1276,22570,65,9889,13,1114,790,5,1039,3004,558 0
569,22571,54,22572,62,22573,1090,22574,11,1341,1276 0
11,406,1403 0
21,39,15,1450,7,2094,2614 0
68,53,31,2909,467,6602,10,2739,1092,6,857,262,14,1239 25
981,4,701,58,4767,191,6,2470 0
21,39,1350,2324,12,6,78,2,5,39,106,97,200,3182,117,23,162 0
1358,4,23,331,20,185,27,1792,12,1231,527,4,744,53,31,5000,23 0
1863,21,15,9130,1006,1839,466,5893,42,721 0
91,4,11,44,34 0
11,2100,366,19,639 0
21,61,382,10,352,12,6,5753,793,15,223,2,748,6247,27,15,4230,11356,9545,17,63,1719 0
343,4,11,756,78,89,30,4,77,4,11,182,142,4064 0
21,31,39,1401,1771,1911,38,200 0
39,6,1154,7,1385,15,3936,12,54,4261,80 0
163,7,213,4,256,592,4,701,58,2268,15,451,236,146 0
1575,227,1127,14,537,6890,32,15,185,610,12497,13293,897,2523 0
18,2956,6,197,1756,7,6,4823,1791,10,55,214,3262,12,373,22575,5,2828,10,539,1092,84,319,55,504 0
2732,4,3365,10,125,8734,13850,28,18,40,1029,6,1207 0
181,4,21,166,106,13851,571,19,23,4868 0
93,73,4,1423,57 0
12,214,199,3752 0
13852,14,13,23 0
111,4,8486,289,4,982,3599,111,4,22576,289,4,1332,1488,616,4,5111,86,3068,2,185,202,4,822 0
625,4,43,243,2,86,229,44,4,90,10,1043,5,452,68,14,15,350,22577,27,6,786,4312,7,6,6615,4823,1791,118,4,43,246,28,3156,253 0
11,766 0
1812,653,872,417,187,4,11,953 0
11,342 0
11,277 0
11,782,2787 0
217,4,11,79 0
967,395,2,1365 0
64,395,2,1365 0
11,1720,2026,7,744 0
21,363,765,4685,2,9295,4051,5,2107,4050 0
181,4,13851,505,19,4868,3611,5,114,4,2539,10,1021,338 0
18,14,4288,10,1454,912,1276 0
40,954,10,1495,63,1047,1836,428 0
247,2157,4707,22,59,5,383,6,1247,22,59,108,1620 15
155,111,27,140 0
18,209,621,10,539,522,17,4050 0
209,1208,37,58,4457,1729,15,22578,17,5107,1218,297,92,539,84 0
85,2,1321,129,610,1138,12,1231,5,40,301,10,55,2304 0
2726,2,209,50,10,155,560,22579,297,6197 0
1798,10,58,5689,17,2429,7,5158,7,23,4823,1791 0
13853,23,37,16,176,31,977,37,84,14,15,199,5725,1375,19,10545,545,7837,19,490,7,23,5776,2,48,84,14,5995,5484,24,3764 0
1798,10,58,7557,17,233,7,4868,571 0
1401,1771,157,4261,13,1054,22580 0
22581,13854,1814,22582 0
8497 0
22583 0
374,2,3788,2,3789,2,1813,1850,2,3988,9137,2,1768,2,4227,1768,2,4227,428,12,35,376,108,18,14,290,2157,27,37,95 15
3305,4,384,4,1707,4768,2,96 0
11247,7557,2,96 0
22584,5689 0
96 0
753,1124,7558,2410,7559,2,1885,2,3612 0
