69,49,4,22594,1523,13855,291,7556,857,6878,27,1090,4465,2,4286,4466,8733,22,59,2848,823,22,59,501,13857,22,59,2157,1247,22,59,210,109,22,33,960,8735,22,59,3453,594,22,591,59,9,2291,7359,8,933,105,22,59,1255,47,59,211,370,22,33,2923,1345,6324,22,27,1090,22595,1091,1865,2,2656,2534,30,4,774,10,163,23,89,167 25,19,18,29,15,39
23,1066,227,149,525,794,5,22596,313 0
6,97,22597,1066,20,346,12,1615,2,2824,2,5,222,31,1717,4101,2435 0
6,22598,4312,7,362,968,20,2905,10,55,8737,490,7,4052,1471,7,6,118,145 0
58,4768,963,23,10,2308,6,230,262 19
136,18,21,39,252,111,12,6,78,2,92,264,84,10,316,13857 0
111,22599,27,140,5,18,21,31,549,393,57,2,2948 0
31,1769,1092,6,366,19,639,37,4543,1089,10,433,6,1066,21,1599,136,18,21,31,22600,84 0
140,67,968,4,31,214,199,42,30 0
374,191,903,41 6
18,411,21,2323,22601,19,84 0
981,4,22602,185 0
1358,4,792,610,100,10,931,91,4,256,343,4,11,756,78,89,30,4,21,39,1401,1771,38,200 0
163,7,213,4,256,93,73,4,1423,57 0
111,4,22603,5220,42,260,9,31,1769,18,1379,257,38,221,8,289,4,982,2,135,616,4,6477,86,3068,2,100,183,112,4,11,920,44,4,90,10,452,118,4,43,246,28,314,3156,253 0
11,766 0
11,387,217,4,11,79 0
3611,5,114,4,2543,6,2157,10,4707,22,59 15
444,168,111,28,176,50,674,10,1418,100,10,244,22,59,19,6,230 19
18,113,50,106,1403,5,115,53,1863,8367 0
4410,6,218,1441,572,12,22604,1403,19,2049,6599 0
1768,2,4227,3305,4,32,724,384,4,1707,4768,2,96 0
7558,2410,7559,2,1885,2,3612 0
