69,49,4,22605,1523,13858,291,7556,857,6878,27,1090,4465,2,4286,4466,8733,22,59,2848,823,22,59,771,677,244,22,33,2,31,1911,321,210,109,22,33,960,8735,22,59,3453,594,22,591,33,9,454,55,27,1502,59,8,933,105,22,59,1255,47,59,211,370,22,33,2923,1345,6324,22,27,1090,1165,13859,22,191,6,107,17,1012,3616,761,22,59,10546,10,386,33,10547,33,3482,6193,2,2502,2534,30,4,774,10,163,23,89,167 25,19,18,29
21,1376,121,4259,10,106,2470,2442,13860,18,14,5864,173,84 0
267,37,23,338,21,31,61,199,5,113,31,50,1276 0
11,406,1403 0
981,4,411,21,31,201,58,4767 0
11,3058,228,12,901,4840 0
1358,4,792,2231,12,1091 0
21,31,201,753,13861,12,15,1450,7,159 0
6459,701,58,5542 0
527,4,11,337,422 0
91,4,21,847,344,2544,44,2246,2,866,1450,7,236,2,191,173,259,198,2,6464,10,352 0
319,97,100,10,462,606 0
21,31,2098,268,1579 0
2280,58,4768,7923 0
21,466,173,2764,37,18,319,31,3574,2,5339,354,13568 0
21,39,38,17,191,15,200,5,84,21,31,61,1387 0
343,4,11,756 0
78,89,30,4,77,4,2828,10,2543,22606,13862,173,22607,17,210,2,753,257 29
128,30,4,22608,21,61,22609,12,6,10296,490,7,23,500,32,63,9197,4935,179,30,4,13852,14,57 39
24,3951,50,61,11471,163,7,213,4,256,1353,4,926,10,6498,27,13863,2,58,3637,9,314,3847,8,490,7,1849,6517 0
16,1074,6,2524,65,1461,10,3616,5,1704,10546,5,10547 0
18,21,166,268,10548,26,11,268,6517 0
6,274,7,6517,22610,6,1461,5,6,1754,7,2567,4800,10,4466,26,2848,21,61,3808 0
18,2280,23,8037,2218 0
93,73,4,1423,5543,57 0
111,4,22611,22612,289,4,284,2,135,616,4,5493,86,3068,2,423,462,202,4,822 14
2301,4,851,4415,28,2324,2928,28,106,314,22613,5453,3182 0
11,529,571,201 0
625,4,43,243,2,86,229,620,4,8331,5790,2,4369,86,1064 0
44,4,90,10,452,118,4,43,246,28,3156,253 0
970 0
1812,653,872,417,187,4,11,953 0
11,342 0
11,277 0
11,782,2787 0
217,4,11,79 0
904,243,192,5235,820,54,64,31,782 0
350,13864,2,3299,54,2021,765 0
350,11253,54,2281,4791 0
3611,5,114,4,2539,10,1021,338,86,467 0
2472,23,121,274,113,31,5895,10297,338 0
111,573,1431,344 0
247,771,244,22,33 19
47,50,11,11994,10,2524,10,635,65,894,17,7560,4044,2,48,18,3172,155,13,6,753,13861,536,4,38,2524,490,7,4466,13156,13,6538 0
23,44,34,113,31,3733,1926,91,48,40,3691,58,4768,1092,16,2828,87,241,233 0
3172,125,58,4767,2,125,753,195 0
1029,472,3305,17,23,80 0
40,433,4693,3574,490,7,23,1920,36,314,22614,1603,6785,28,539,22615,13,58,22616 0
374,2,1768,2,4227,2,335,2,289,2,22617,2,22618,9,22619,8,632,495,2,3007,2,801,2,1728 0
21,2052,1009,23,4466,80 0
797,945,983,107 0
577,6873 0
21,31,346,1406 0
3305,4,1162,35,223,10,155,111,260,102,198,384,4,1707,4768,2,96 0
753,308,7558,2410,7559,2,1885,2,3612 0
