69,49,4,22633,6689,303,1315,101,5189,2,2367,6782,13869,629,391,4,38,14,15,3326,471,104,658,42,4366,13,2223,34 39
30,7,629,391,4,38,14,15,3326,471,104,658,13,106,44,34,5,44,94,117,1253,38,465 0
16,1379,15,974,27,173,22634,6,34,1236,5795,2,16,1007,168,140,2,1008,5,4366,5,658,401 0
6,29,279,401,110,5,2,117,537,1730,12,6,674,7394,2,1795,3310,5,4972,5,11936,13,149,127,5,63,147,1508,63,180,371 3,2,13
68,14,518,1471,12,786,1511,5,891,1511,5,518,438,12,794,1511 0
6,29,20,2073,124,172,2,2049,2314,5,5894,32,57,32,15,3030,1685 18,28,19
6,1154,147,227,106,3299,7,24,518,1471,5,518,438 0
24,34,21,7114,110,10,173,15,9650 0
67,94,22635,2,296,145,7,6989,44,810,2,8740,2,20,346,5,14,85,548 0
507,14,2102 0
6,429,282,1159,21,61,1008,5,21,61,13870,2073 0
77,37,16,21,3726,393,2468,53,172,2,1640,1345,2,3030,4134,2,3178,3982 18,28
16,14,281,19,63,219,3982,1685 28
497,219,7487,50,61,730 0
8740,44,810,346 0
2211,1117,14,401,5,6,429,1159,14,2102 0
78,89,30,4,316,182,17,127 13
77,4,230,17,24,67,94,325,5,288,1730,19,2923,1345,17,34,12,24,882 19
163,7,213,4,355,66 0
578,39,87,714,2,578,39,63,180,371,5,578,39,87,34,621,38,297 2
16,88,87,22636,34,5,88,87,150,167,26,1294,27,38,845 0
93,122,4,226,53,90 0
91,73,4,11,387,2125,2,11,711,26,766 0
11,920,2,11,229,2125 0
187,14,133,5,375 0
812,73,4,11271,13,43,1419 0
364,1958,12,189,4,281,12,185,630 0
67,94,43 0
1161,1304,1204,41,5,15,296,145,7,6989,16,431,758,7,501,5,14,3020,34,739,27,38,845,5,448,57 19
201,42,6,2211,1117 0
429,282,1159,13870 0
6,29,14,781,10,6,429,282 0
678,494,4,180,371 2
642,9,317,630,712,377,8,4,128,3572,21,61,1008,5,8741,20,52,17,24,503,19,23,3595 0
18,14,1664,19,6,2018,10,6,144,5,92,40,13871,23 0
630,185 0
494,4,180,371,12,15,3326,345,2,781,10,6,429,282 2
1416,22637,3257,13872,2,96 0
13873,22638,22639,597,42,4,3257,13872,2,96 0
13873,232,31,177,42,240,312,232 0
