69,49,4,22651,6689,224,144,6689,378,325,1124,1332,13874,1411,13875,2,4188,13876,5189,2,6097,2,2367,10552,1879,30,7,156,360,4,287,5189,774,12,13,34,12,24,70,700,2,52,478,5,17,207,100,7,24,164,143,76,5,24,52,2042 39,1
24,70,700,589,10,55,3234,27,511 0
15,22652,12,1326,227,37,16,21,1407,12,37,700 0
16,21,61,290,3399,793,15,107,5,5584,37,16,113,433,106,1853,13,37 0
24,52,478,21,61,5000,170,17,8147,48,84,14,2020,14,1039,419,271,84,21,61 0
84,7169,10,8743,170,268,271,365,1474,26,10,5045,5243,24,168 0
24,52,2042,14,5000,170,106,110 0
84,14,2138,13,373,22653,7,721 0
995,24,81,2,24,67,848,80,20,3364,859,38,465 5
995,24,164,76,2,16,21,61,748,866,465 1
16,21,39,11,44,34,94,26,422 0
93,122,4,67,94,14,4102,2,121,14,3850,643,2,296,14,546,5,135 0
16,14,15,779,2126,471,12,11,1451,326 0
112,14,330,86,780,26,846 0
44,14,90,10,452,5,1043 0
91,2,246,2,253,2,135,145,5,212,2,11,387,26,766 0
187,14,133 0
217,2,86,79 0
70,700,2,11,34,13,386,22654 0
52,478,14,382,10,8743,10,365,1474,13,11,422,27,192,5,14,382,10,8743,1667,13,316,839,422 0
84,14,375,10,1392 0
52,2042,2,16,14,15,1114,1189,191,6,2281,757,1597 0
242,5,114,4,161,70,700,4,47,880,16,21,1715,757,76,5,47,1821,170,10,126,19,6,3399,32,865 0
165,52,478,4,47,176,57,50,6856,401 0
16,404,38,21,504,15,1814,5,16,209,1053,32,2076,31,273,2916,2637,17,110,48,40,2836,260,871,108,84,1757,268,167 0
5189,2,6097,2,2367,10552,1879,1357,51,186,52,2042,4,16,1664,85,21,106,1012,12,24,52,2042 0
16,14,1189,12,6,757,1597,80 0
84,14,5000,170,15,1114,2328,48,31,2909,37,16,209,621,10,273,2916,173,84 0
249,164,76,4,16,21,61,448,57,65,38,22655 1
16,21,11,134,44,34,2,94,26,422,5,24,544,21,61,214,57,425 0
351,81,4,24,97,654,374,20,610,251,5,92,40,155,983,153,80 5
47,40,50,170,207,100,13,22656,12,13877,995,24,381,338 0
4403,4451,2,96 0
13879,4,13880,28,22657,28,22658,28,22659,28,22660 0
