67,54,4,28039,2582,2892,688,55,414,4,8501,8075,509,4,16023,6521,4,12061,9920,4,28040,451,4,2057,12062,262,4,3645,726,4,296,282,4,395,122,162,55,17,402,7,30,169,10,168 1,1,1,1,1,1,1,1,1,1,1,1,1,1,1,1,1,1,1,1,1,1,1,1,1,1,1,1,1,1,1,1,1,1,1,1,1,1,1,1,1,1,1,1
2014,12,6,2582,3,28,20,138,170,28041,228,7,289 1,1,1,1,1,1,1,1,1,1,1,1,1
18,1627,319,223,8246,10,180,247,289,3,286,1033,16024,10,171,247,289 1,1,1,1,1,1,1,1,1,1,1,1,1,1,1,1,1
28,20,5458,19,15,8361,13,880,12,266,3184,5,716,7,1288,3,51,265,186,2743,10,365,1298,718,13,1045,12,365,3184,5,716,7,5906,4597,1165,359,12,6,495,660,621,735,3379,3118,5,504,3706 1,1,1,1,1,1,1,1,1,1,1,1,1,1,1,1,1,1,1,1,1,1,1,1,1,1,1,1,1,1,1,1,1,1,1,1,1,1,1,1,1,1,1,1,1,1,1
241,164,20,278,3,5,138,169,403,7,695,5,95,255,7,48,34,3,677,1066,103,445,169,10,26,17,735,938 1,1,1,1,1,1,1,19,19,19,19,1,1,1,1,1,1,1,1,1,1,1,1,1,1,1,1,1
192,5,104,4,586,379,719,1584,199,458,1086,621,765,66,3852,621,735,3011,644,4,325,4,30,7,211,695,3,11,169,431 1,1,1,1,1,1,1,1,1,1,1,1,1,1,1,1,1,1,1,1,19,19,19,19,19,19,1,1,1,1
11,199,563,84,3,1303,805,185,3,95,30,7,48,34,27,427 1,1,1,1,1,1,1,1,1,1,1,1,1,1,1,1
103,445,89,10,1776,17,212,659,1557,138,166,241,164,1342,4,1136,3011,43,1165,295,12,504,3706,5,173,350,93 1,1,1,1,1,1,1,1,1,1,1,1,1,1,1,1,1,1,1,1,1,1,1,1,1,1,1
135,235,13,2330,149,27,1993,124,3,28,20,269,17,1860,5482,1915,682,1086,2801,19,28042,3,2047,143,31,359 1,1,1,1,1,1,1,1,1,1,1,1,1,1,1,1,1,1,1,1,1,1,1,1,1,1
86,28043,3,2033,587,5,2047,295,86,10,1550,289,10,6773,1014,2186,135,65,239,4,44,338,239,86,10,450,17,88,387,7,1136,893,37,1317,934,621,735,2090,2212,659,348,3,1825,8840,5970,9283,3,229,3,6345,710,28044 1,1,1,1,1,1,1,1,1,1,1,1,1,1,1,1,1,1,1,1,1,1,1,1,1,1,1,1,1,1,1,1,1,1,1,1,1,1,4,1,38,1,67,1,1,1,1,1,1,1,1,1
