69,49,4,22688,2890,76,1045,13905,1120,144,101,99,9,8753,8,581,17,101,356,17,2887,470,36,7562,1241,3064,30,7,156,360,125,1153,1070,470,99,17,1441,790 0
1924,2,546,292,600,650,116,2,1336,2,185,714,104,14,1086,10,8747,19,10554,13,541,676,3064,1180,42,4106,5,421 2,5,13
18,20,12,23,3160,532,13888,151,18,39,63,656,7,4958,19,157,349,17,71,18,1379,8047 0
2076,117,18,1220,10,977,2955,5,6033,5,20,514,10,50,15,915,4722,318,17,2243,569,8748,19,13889,9,2520,10556,5055,8,17,71,23,440,480,23,13,51,223,408,7,4314 0
19,13890,18,279,13,270,2,655,2,5,702 0
18,533,1265,2,702,2,655,2,834,713,5,3648 0
464,27,1986,686,17,1369,79,5,1194,1164,8749,19,6,541,676 0
18,20,1086,10,8747,819,18,20,321,19,3919,7258,219,2241,5,3920,1725,22,291 0
1194,10557,227,15,8241,693,7,8750,10558,10,6,676,1126,8749 0
6,70,164,5763,479,13891,2,5,68,20,4031,7,6,13892,10559,32,57 0
68,20,160,7,27,1502,634,541,776,42,1947,5,3125,1681 0
18,1007,10,6,26,19,3804,555,2,6034,2,8751,541,3825,959,13893,6,26,6,541,676,20,4679,9381 2
68,20,4560,7,6,70,164,5763,5,68,129,3368,5547,2,71,2646,10,55,9459,100,541,676,1377,19,5161,6,70,5,13894,5764 0
7764,6,7061,7,6,70,164,2,68,20,63,680,7,859,2930,7135 0
1990,3874,7,5415,20,66,17,5799,5,1314,129,66 0
1994,20,686,17,3368,13895,5385,13896,6431,156,19,13897,3874,557,13,8748 0
847,2348,1990,318,10560,156,19,13898,3874 0
18,20,321,19,2520,102,5548,190,1595,5,3920,284,22,2137,19,9934 0
23,144,408,20,2154,42,118,984,17,71,18,431,15,5241,19,13899 0
18,21,110,1500,259,236,7,2520,19,22689,5,51,236,7,3920,9,22690,8 0
18,14,1737,448,57,86,596,2,469,2,420,1112,2,1395,26,733,65,1494,2355,26,65,6035,1331 0
18,113,99,388,7,23,157,349,71,14,610,932,136,18,21,61,773,10,4317,23,22691,17,188,10561 0
18,39,15,134,141,22692,17,44,34 0
18,20,2349,286,17,371,42,91,2066,5,543,91,561,71,227,861,593 0
78,89,30,161,185,714,9,158,429,12,2897,3385,43,8,165,116,186,1336,249,685,351,103,225,4681,36,157,12,2044,5,54,12,3260,459,103,70,293,6020,636,168,162,13,10510,730,4981,27,22693,22694,7562,1241,3064,3548,128,30,178,179,30,3833,295,1310 2,5,13
51,2013,726,11178,4 0
2015,32,63,13906,2,48,21,31,2015,136,18,39,726 0
22695,3807,4,7335,10,22696,3374 0
13373,12,2421,22697,299,4,11,334,3807,2300,3807,4,152,5446,4,152,671,4,706,12,2276,28,154,1854,200,299,430,4,1600,430,22698,4,66 38
4206,500,4,7192,137,11,334,137,93,73,67,94,22699,296,284,121,5494,870,5334,224,893,57,533,2,57,2265,2,11,180,326 0
44,2181,942 0
1494,22700,733,26,1395 0
5498,22701,86,733,26,5402,694,418,324,246,2,253,86,1058 0
187,3086,2,11,1003 0
43,529,300,302 0
2174,11,531,79 0
3161,6319,65,2042,10,412,349 0
6035,1331,86,733,26,1395 0
242,5,114,546,292,600,650,116,2,120,2,185,714,104,110,103,51,236,7,13900,5,259,236,7,2520,17,2243,569,8745,1241,3064 2,5,13
1737,18,14,448,57,2,820,17,3161,388,71,14,218,10561 0
18,14,2327,19,23,1060,2505,877,2081 0
114,4,36,855,6035,36,155,13903,2,1321,2,2007,2,3989,207,100,1542,138,8752,7505,2,195,705,46,13904,681,809,42,8752,7505,2,195,1655,139,4,678 0
