69,49,4,22752,13917,2,22753,2,4404,38,29,20,201,42,2733,5,58,10161,19,22754 0
47,1736,47,1538,5,755,6,29,2,177,6,427,74,2105,2,5,285,6,114,7,203,13,6,29 0
30,7,156,360,4,38,14,15,4857,762,104,21,15,30,7,178,139,304,369,12,3208,2,104,533,180,44,422,2,94,621,2,969,2,5,394,2,434,16,20,1544,32,15,22755 1,2
16,687,598,38,20,791,182,2,84,20,31,621,24,158,371,422 2
16,88,87,993,10,24,168,26,24,349 0
16,88,87,1288,34 0
16,88,87,508,2,469,2,26,1112 0
16,88,87,402 0
16,88,87,868,26,112,34 0
16,88,87,300,26,876,142,5,11,197,445,79 0
16,14,290,24,3001 0
16,85,1379,63,172,2,222,433,106,921 18
78,89,30,4,81,2,127,2,789,2,5,178 5,13,1,10
77,4,1201,2,172,2,4439,2,310,2,5,771 19,18,15,26,17
137,4,16,21,11,334,624,137 0
179,30,4,16,14,15,78,1055,2,31,15,5877,26,624,10100 38
16,295,13,24,128 0
163,7,213,4,32,166,12,6,234,2,355,66 0
93,122,4,16,14,12,11,180,326,27,468 0
16,687,24,44,34,14,2866,2705,19,1161 0
520,359,53,32,166 0
392,2,1176,2,2583,2,1841,2,5,1184,4,1186,5,1125 0
1237,53,1025,5,1221,10,688 0
2285,6190,53,175 0
1290,14,483 0
112,14,330 0
68,14,11,1078,580,1386 0
44,14,90,10,452 0
118,14,135,145,5,212 0
24,187,14,133,5,375 0
68,14,11,953 0
68,53,11,342 0
24,181,14,619,5,682 0
68,14,11,197,445,79 0
16,21,1025,243 0
24,323,73,14,413,5,646,10,2902,2,1083,2,5,95 0
24,1478,1738,53,175 0
16,14,992,2359 0
489,467,4,16,21,15,769,830,7,614,2,835,7,2593,2,5,2526,830,7,22756,24,7202,14,483 0
1330,5,783,53,919,5,1060,14,161,24,147,482,553,271,35,675,518,2579,12,2695,2,86,87,11307,26,150,142 0
242,4,6,29,13,15,30,7,178,13,1628,115 1
16,222,50,15,22757,2085,12,6,107,2,598,20,31,1400,182,415,27,6,95,7,38,1588 0
124,24,158,178,30,2,6,29,20,124,501 1,19
1941,20,1074,10,605,170,17,1167,286,180,164,740 0
6,29,20,265,12,185,630 0
6,29,39,2052,1236,63,172,5,6,29,1558,12,185,630,532,16,20,265 18
494,4,1167,286,180,164,740 0
526,13926,2,4404,96 0
495,4,22758,276,4,22759,597,42,4,13926,2,4404,813,22760,1852,232,31,177,42,240,312,232 0
