69,49,4,22728,13917,2,22729,2,10564,6,29,20,201,13,58,5549 39
47,941,23,30,5,93 0
47,85,1538,5,755,6,29 0
361,125,6,99,17,268,885 0
30,7,156,360,4,38,14,15,4556,762,13,15,30,7,127,2,5186,81,2,5,51,236,7,1024,44,34,17,71,16,20,1121,13,415,215,15,223,158,10,189,101,2,71,20,1138 5,13
6,29,39,15,114,17,91,561,6,107,117,38,189,101,48,658,19,38,107,17,63,656,7,44,422,71,2313,27,468,2,71,20,22730,24,498,534,7,44,422,71,1844,2313,13,996 0
16,1379,921,13,1853,5,237,658,17,241,233,5,522 28
77,4,310,2,771,2,1201,2,3030,2,172,2,5,4439 19,18,26,28,17
93,122,4,16,14,1040,5,413,2,12,11,326,2,44,34,739 0
1285,13,296,982,2,67,94,22731,2,5,651,1304,738,41,19,674,662 0
24,226,53,90,10,452 0
118,4,135,145,5,212 0
187,14,133,5,375 0
217,53,619,5,57,2346 0
11,251,487 0
303,441,408,4,63,147,20,346,4559,70,5285,984,2,48,399,212,27,1569,13,11,958,142 0
219,1610,20,4978 0
258,129,718,4559,2866,43,801,5,1768 0
1153,783,20,553,271,3553,13,63,1060,7,1267,5,44,810,2,71,20,43 0
6,29,21,61,290,172,158,10,1367 18
118,145,20,12,6,3621,12,6,303,674,5,11,1317,8623,20,124,10,6,29 0
278,2,1582,19,24,5765,2,71,20,1905,17,2477,714,2,16,20,124,2990,12,6,303,674 0
47,5236,10,6,507,569,240,19,750,104,2738,10,60,6,29,19,10,24,659,17,2107,91,561,12,6,1787,1378 0
13,38,114,2,16,20,265,12,185,630,13,15,494,7,2477,714 0
2704,203,95,4,196,606 0
526,2680,2,10564,195,495,4,13918,276,4,13918,597,42,4,2680,2,10564,813,22732,1852,232,31,177,42,240,312,232 0
