69,49,4,22771,92,53,1976,42,58,8759,17,2262,13,3680,583 0
287,5691,14,15,1569,1576,762,104,14,3057,5029,46,35,117,2849,5,13485,555 2
16,39,334,5325,32,5,658,13,734,713,5,366,19,639 0
16,20,1487,514,10,50,834,32,5,178,2,317,6343,76 1
24,13930,408,21,61,686,17,2820,13,4816,1998,22772,16,20,321,19,63,131,4021,1975,10,6,13931,1811,5,836,19,22773,22774,136,2279,13,558,22775,287,5691,3698,460,61,971,13,120,27,6,439,7,1408,32,1756,7,15,7369,93 5,25
16,20,1799,5,20,730,19,2441,364 0
119,24,2248,444,24,120,20,333,425,5,403,3033,10,12344,348,363,159,117,1153,494 5
647,183,159,146,16,1898,3163,862,5,20,428,166,10,50,251,13932,9,16,14,5066,7,6,22776,7,6,1998,1471,8 0
16,5331,2441,364,5,21,6326,199,338,13,15,3523,374,7,10567,16,14,453,27,6,10568 0
16,21,578,61,19,131,26,22777,5,88,5545,7,381,1294 25
16,2642,558,27,140,13933,71,53,1844,12,6,22778,10569 0
16,687,151,16,4343,8595,115,9,5583 0
847,1612,8,16,1404,10,2404,423,24,67,848 0
12,224,16,14,529,2,748,363,22779 0
78,89,30,4,116,2,32,2,1336,32,256,231,77,4,131,2,22780,2,211,2,12391,2,3252,2,6026,2,9825,179,30,4,2222,671,2,430,22781,30,4,837,13,6036,2,4376,13,120,499,4,88,1652,26,142,12,862 5,25,38,13,18
9462,2078 0
11,263,34,26,142,12,6692 0
11,807,2,847,1612 0
11,134,197,445,388 0
3533,7,163,7,213,14,66,26,32,119,234 0
93,73,4,973,4,2791,546,12977,759,4,779,2,1818,1501,9,48,3718,8,762,12,436,202,4,1623,570,112,4,330,1824,580,1597,12,1083,623,4,1778,1090,44,4,1166,175,226,4,90,1876,340,4,22782,217,4,11,79,2,57,2346,323,4,15,75,3236,181,4,175,258,4,3523,374,10567,158,374,3314,12,10327,833,287,5691,21,1336,71,20,6235,425,8405,13,333,5,352 5
16,14,3057,1339,131,12,6,644,7,6,415,7,162 25
13934,1998,338,14,4056,12,6,7483,2319 0
6,913,14,10,2712,558,456,3702 0
16,454,2804,19,6,13931,1811,532,27,1502,5029,46,186,27,37,845,316,108,16,14,2968,3689,5,1041,57,319,16,55,8396,19,10,63,4090,322 0
16,176,5891,2413,3022,131,48,40,7823,55,382,10,2296,2441,338,7,120 5,25
1152,329,17,2092,1089,10,2011,12,6,203,7,38,29 0
1082,1159,40,207,13,329 0
1306,22783,22784,6435,2,96 0
