69,49,4,22986,414,4,8439,2,14011,485,4,14012,38,29,14,401,17,15,437 0
18,20,201,13,15,214,991,233,42,3197,10596,17,23,844,668,1946,2245 0
18,14013,15,389,3700,962,37,2646,1701,3143,48,237,117,4087,22987,23,389,3197,20,382,10,1150,4892,6370,7577,389 0
15,2036,1521,10415,32,22988,2348 0
552,8439,1500,23,788,123,7,2345,13,2010,7,23,115,48,110,191,6,78,451,123,18,21,1282,63,8039,5,22989,10,23,389,428,86,596,7,807,26,668,2546 0
18,21,914,627,13,6,380,4044,3707,18,454,50,844,2245 0
18,14,373,1847,173,460,332 0
18,14,724,10,125,58,14014,1110,10058 0
6,29,267,264,914,7,2061,32,68,50,61,709,781,1013,6,7578,11368 0
15,22990,12457,20,22991,5,153,223,1209,63,14015,20,4682,15,7511,10,954,10,433,890,23,4399 0
18,6011,100,22992,170,13,15,22993,5,16,2876,2499 0
18,222,31,7805,15,6487,444 0
32,15,772,7,38,18,21,39,268,167,13,23,914 0
18,267,2577,13,192,23,77,820,37,18,2876,286,7,23,235,647,153,223,146 0
18,39,61,290,105,22,6555,10,153,45,13933,48,31,19,15,135,1988 0
18,88,87,44,94,26,396 0
18,88,87,255,7,194 0
18,88,87,167,13,34,12,23,70,337,26,264,388,7,23,52,754 0
93,73,4,67,94,14,22994 14
118,14,135,145,5,212 0
11,387,2,766,26,711 0
1311,821,318,3784,5,171,14016 0
23,754,821,617,79,19,6,52 0
23,70,445,14,619,10,1392 0
242,5,114,4,9,35,8,127 13
67,94,21,61,344,191,6,78,248,2422 0
38,176,55,239,10,6,1708,37,18,21,31,61,290,23,235 0
47,50,3870,23,19,6,235,105,22,10,60,6555,45,998 0
19,15,135,1988 0
9,51,8,914 0
47,40,5704,15,3433,17,23,10,6,22995,7578,22996,10,954,10,433,23,5656,286,7,38,231,7578,22997,10,15,22998,14017 0
9,102,8,844,668,1946,2245 0
18,39,15,389,1218,14013,80 0
18,20,124,983,1948,17,2345,761,22,153,25,998 0
18,40,1682,19,38,532,23,1207,13,58,14014 0
47,2934,10,8783,23,37,84,14,2081,37,332,14,6,1489,17,23,231,844,2245 0
84,14,268,218,239,10,23,22999 0
9,183,8,336,343,76 0
38,479,185 0
18,836,664,6,2370 0
9,83,8,10481 0
18,836,86,115 0
9,259,8,685 0
18,836,19,6,933 0
9,481,8,254 10
18,836,19,210 29
18,454,50,15,540,367,1156,13,15,280,763,203,312,12,6,1111 0
9,614,8,1295,344,848 0
6,29,454,85,50,38,5696,13,6,280,312,12,6,1111 0
3147,23000,2,96 0
23001 0
