69,49,4,13839,1159,98,1327,141,99,414,4,8439,2,14011,512,46,14012,49,4,23033,440,4,8784,2,8038,195,14029,4,270 39
234,4,64,14,15,1332,292,600,13,15,216,178,2,116,2,789,2,670,2,421,104,533,180,270,434,27,140,852,7,141 10,1,13
64,267,11,2441,23034,5,1536,5789,10,77 0
18,20,286,1485,7,141,27,15,179,23035,5,1282,115,151,18,1936,140,5,39,572,4682,63,378,14030,12,23,140,18,23036,6,14030,5,20,773,10,23037,23,194 0
18,267,18,533,6793,366,5,1257 0
18,88,44,34,2,969,2,618,26,4130 0
18,21,39,15,250,1877,7,90,1309,98,35,223,13,11,508,2,420,1112,2,6543,26,469,432,38,95 0
18,21,39,11,402,26,435 0
18,113,31,2570,1106,2,5,13399,6,316,115,432,6,656,13538,12,270,5,9809 0
7,99,2,64,39,51,1261,555,12,8785 2
561,19,23038,604,204,41,1233,7,6,52,717,14031,2,546,41,717,269,1233,2,5,204,41,1233,7,6,751,602 3
408,12,189,4,5221,4267,10,8258,64,431,235,130,22,2,2016,98,186,18,20,1802,32,3310,2,3650,2,5,4972 28
18,20,773,10,991,275,4581 0
18,431,235,130,22,219,5,105,22,219,51,697,1209,2,211,370,98,35,2,3252,614,22,219,2,5,684,4250 18,28
1153,973,129,276,738,289,1993,111,12231,574,934,1993,41,19,259,54,5,204,41,19,3155,9,2001,8 14
1545,4,161,116,165,178,206,307,371,42,14022,208,186,670,249,789,351,120,2,311,591,459,844,6284,206,14023,1427,208,636,188,531,79,206,1681,148,208,843,914,1038,685,137,4,14024,36,2926,257,4,230,204,22,25,33,210,109,22,25,33,1201,196,22,25,33,787,105,22,25,14025,933,105,22,25,33,1932,370,22,25,33,1606,677,284,22,25,59,14026,684,22,25,59,2997,4,295,1310,2,2840,13,3528,2078,2575,4,11,178,2,120,2,551,93,73,4,759,4,3429,2,1305,272 2,5,19,13,1,18,29,10,20,17
973,4,276,5734,289,1767,111,23039,574,105,2706,1993,41,259,54,1742 0
202,4,725 0
2286,822,2,8699,3310 0
1504,2,11,2561 0
487,481,601 0
44,4,1104,4831,942,5762,7,409,2700,28,794,23040,1945 0
118,4,418 0
324,2673,2,5280,5659 0
293,1059,19,52,2,70,90 0
52,904,243,35,261,23041,28,70,31,782 0
340,4,2749,2,463,2,875,2,11,1119 33
2025,4,617,23042,79 0
2805,1432 0
181,4,11,571 0
323,4,11,3499,1479 0
258,4,442,2796,1482,169,1531,2186,1727,169,1042,1624,1690,1421,488,975,3261,6223,550,1370,2361,7055,550,1937,3821,72,2310,550,2152,1123,1435,2514,169,488,1123,1303,3876,169,1813,1850,10377,72,3530,612,2447,1143,3705,612,2446,1865,3890,3891,2309,2500,3892,3893,1103,1096,8026,2702,2550,1245,1700,1891,1475,3186,41,772,2419,4,1700,2109,3995,1431,252,10,3996,2151,1475 0
2288,1858,2551,1245,2373,2108,72,6934,612,1103,1096,130,2952,612,397,9,510,282,8,2185,1298,294,633,9,510,282,8,1862,1259,294,749,9,510,282,8,3167,72,1299,294,689,9,510,282,8,6358,7053,294,379,9,510,282,8,788,1300,169,331,9,510,282,8,1659,1586,169,358,9,510,282,8,4153,72,1354,169,298,5594,72,1260,398,266,12073,2484,41,458,5886,54,2626,1399,615,12039,2795,1779,443,10601,1507,1301,530,1333,54,1340,1141,665,7484,54,1448,1561,698,3605,54,1449,550,666,8509,72,1383,41,1430,64,7021,3185,1057,1430,2165,5916,2969,1057,1225,1856,431,1307,1081,1192,1658,1678,72,1698,41,1102,1439,1780,41,1145,51,54,1699,41,732,35,1857,41,1193,35,1816,41,559,2336,23043,72,2166,398,559,1102,23044,2167,398,559,1145,10369,2485,398,559,732,7495,54,2168,398,559,1193,5620,2228,398,1513,152,43,1458,1518,43,2412,152,2486,395,464,4,225,2117,2,52,354,70 0
305,79 0
91,1089,4,23045,7344,2339,139,1072,10042,3264,816,721,9,43,8,9,1500,316,108,3024 0
8,1271,676,3024,1636,1562,751,1709,52,3229,3024,1820,2822,9,9465,8,1241 0
9466 0
5343,3024,5344,2108,9,9467,8,794,52,4623 0
3024,6315,196,9,9468,8,9469 0
5256 0
628 0
9470 0
3706,8028,2822,9471 0
72,4950 0
5762 0
7059,3706,6316,1163,9,6317,8,9472 0
72,72,70,4623 0
3706,4089,1163,9,6317,8,786,15,15,15,9473 0
4089 0
3024,9474 0
15,15,1673,9475,3706,585,2108,41,9,354,196,41,8,9476 0
72,8029,9477,891,7060,3024,816,721,12738,4,12739,12740,12741,12742,1271,676,68,14,3659,7,6,806,1271,7061 0
68,14,11,160,7,1271,676,4031 0
68,14,149,1271,2075,42,1947,5,3125,1681 0
52,3229,6,52,3229,14,1425 0
541,676,2,1455,2,5343,68,14,1866,7,6,1912,7,306,541,5764 0
6,541,676,14,2371 0
68,14,11,160,7,541,776,42,1947,26,3125,1681 0
68,53,2160,8750,1264,6,541,816,1126,10227 0
52,2037,6,52,719,3894,1118,14,43 0
6,52,719,653,496,14,4350 0
68,14,863,52,719,1520 0
68,14,3097,52,719,1037,9,125,816,721,11765,8 0
38,10278,6,891,2,786,5,1424,2453 0
68,14,15,14032,3074,667,6,1105,3894,71,14,15,43,8094 0
6,2124,872,1177,14,2108,41 0
2371,676,36,4566,2,3243,68,14,1947,5,3125,1681,160,7,617,2371,776 0
305,676,2,8229,2,8230 0
68,14,160,7,617,305,776,42,1947,5,3125,1681 0
70,2037,6,70,2037,14,31,1425 0
6,70,719,653,496,14,667,43,1238 0
3244,76,5,8030,342,68,14,15,350,8655,3244,1205 0
68,14,264,23046,94,86,160,7,2462,8637 0
68,14,1006,23047,23048,19,6,8031,7060 0
68,14,160,7,15,1079,1205 0
6318,1323,10,6,444,7,23049,2,6,52,719,653,496,14,4350,13,280,816,721,1113 0
85,15,280,3244,1205,14,2445 0
147,4,764,2,365,1823 0
518,2982,12244 0
7880,242,5,114,4,1332,292,600,13,883,2,178,2,103,555,2,421,2,13,180,696,270,2,218,421,1684 1,2
623,4,64,21,1006,178,13,23050,17,353,2,373,218,1187,17,270,537,421 1
1808,2108,41 0
126,2049,2314,2,7197 20,19
82,6279,2,14,5,3182,2,5944,13,913,7,23051,3128,33 0
4381,17,188,5612,915,353 0
313 1
216,555,2,883 2
679,211,2,1226 18,29
1752,785 0
2580,3019 0
14033,10,3506,313,2,1021,555,4300,2,328,17,353 1,2
212,4,399 0
1083,64,19,707,124,299 0
120,4,1175,923,131 5,25
116,4,2049,5108 13
914,4,1822,4320,684,22,59 0
685,4,933 0
2009,4,91,333,28,207,1768,124,529,2674 0
