69,49,4,23091,378,325,564,14044,1411,5555,2,6698,14045,2,1691,14046,10608,9,8344,8,23092,23093,30,7,156,360,4,552,5555,14,15,5986,407,13,311,47,81,104,774,12,80,17,961 5
92,50,39,23094,6,131,1808,110,17,2340,10,1036,198,5,288,18,39,39,5248,67,358,1649 25
92,39,2705,191,472,457,191,6,2416,5,47,39,1074,106,3361 0
1926,18,1044,10,50,106,2061,465,2820,5,92,2616,10,228,23,10616,10,2709,1483,432,6,465,697,5,38,21,4717,12,14047,1051,12,23,67,728 0
18,4385,1406,12,80,5,6,457,2869,1536 0
18,21,39,11,150,1446,7,2061 0
92,50,31,2415,23,654,374,12,15,928,2319,7,95,2,393,18,774,12,80,17,241,233 0
78,89,30,4,182,17,6,311,47,81,32,1802,2,23,8772,461,2,23095,2014,1715,76,2,305,3836,5,85,106,149,1284,12,6,78 5
78,545,30,4,158,2106,53,991,2542,173,462,159,146,5,15,1616,23096 0
158,3862,563,23,9588,12,2421,2,23,1257,12,5775,18,39,4694,70,475,162,647,1859,159,146,5,18,39,938,4275,23097 0
18,14,281,12,4264 0
77,4,563,10617,3255,22,1190 0
2718 0
34,2,172,474,22,82,2,442,1481,22,2400,632,495,2,18,826,153,45,793,15,107,2,473,449,22,82,2,10618,303,14048,32,865,2,7103,4378,22,1190 18,32
18,21,288,1500,15,3309,408,13,58,13773,17,5385,23098,115,2,1833,154,22,82,2,210,105,22,4649,2,2745,153,45,119,107,2,7432,35,2915,32,575,2,3329,761,22,82,2,632,1227,5422,1252,866,376,2,5,632,4333,823,22,82 29,28,19
137,4,563,87,9357,10202,18,1302,1711,5,5507,181 0
179,30,4,18,113,31,1374 37
18,21,578,1591 37
18,1553,554,2759,2,15,4328,7,4925,5668,631,15,223,2,153,4310,7,6349,13,3907,1158,107 0
18,1404,17,352 0
9775,14,23,825,23099 0
18,295,13,23,943 0
128,30,4,821,23,477,3824,2499,27,439,1678,13,2475,2,603,3824,2499,27,439,1653,13,1101,118,353,13,1859,23100,2,1202,27,439,1678,13,1012,2,15,1343,27,439,546,13,1023,332,5,371,2,1202,439,1174,21,81,5,14049,2,1343,2118,159,307,12,199,424 5
5398,4376,3824,2499,27,439,1653,5,5398,5863,27,2922,65,15,6283,371 0
5398,4376,2038,65,1023,332,2,5398,5863,27,439,8233,18,21,938,726,4276,7866,89,167 0
163,7,213,4,355,483,820,17,1127,14,3688,2052,12,6,234 0
93,122,4,18,14,1916,1040,2,413,2,12,11,180,326 0
18,14,13509,3542,13,15,121,7,23101,643,2,71,3502,23,15,3036,7,23102,23,67,94,14,23103,5,23,296,14,8234,1916,2,18,14,1040,2,413,2,12,11,180,326 0
202,4,1186,5,1125 0
1237,4639,1967,5,1221,10,688 0
2285,1445,175 0
1478,1738,591,814,2097,53,863,5,175,193 0
2301,53,483 0
226,53,90,10,452,193 0
11,4231,10,1043,14,156 0
168,73,821,11,1076,2,4567,26,798,277 0
592,122,821,11,342,26,23104 0
562,73,2,1457,12,6,751,13706,1597,2,43,246,2,253,2,11,387,2,711,2,26,766 0
263,73,4,4239,300,302,2,133,2,375,2,1774,2,11,953,26,263,342,166 0
23105,222,31,1892,87,3336 0
112,73,821,11,1078,580,1386 0
625,53,171,13,43,2427 0
620,14,105,2915,86,1064 0
217,53,86,720,2,673,26,79 0
4309,2,18,14,413,5,646,1094,5,21,15,992,2359,73 0
242,5,114,4,161,552,5555,14,15,5986,407,104,774,12,80,13,163,7,23,311,35,81 5
18,14,448,573,419,19,6,1808,271,18,20,297,1540,13,6,134,3361,92,1074 0
92,40,126,13,6,1808,5,18,40,126,10,1729,260,23,67,728,866,248,236,532,92,433,38,1400,338 0
92,40,155,15,654,374,80 0
18,14,4596,13,6,3533,7,23,424,927,317,930,15,4146,5,63,3880,32,92,39,1788 0
165,562 0
18,14,448,57,19,23,231,322 0
18,14,19,7432,5,40,126,13,38 28
186,112,34 0
1024,112,34,14,373,218,65,1715,76 0
47,222,31,2956,2916,19,1030,73,37,20,1628 0
47,222,3631,23,10,2020,60,106,3618,32,865,17,38,34,2,48,31,10,60,84,19,15,5248,1988,17,928,6219,7,95 0
18,21,39,106,167,13,106,67,12,6,577,5,47,977,37,18,14,239,17,752 0
47,222,1491,37,18,433,153,12,6,1787,1378 0
2531,4,15,2290,73,20,13,43,1019,528,1884,3342 0
43,2188,6401,2,11,10619,4625,549 0
2188,1108,20,1009 0
1441,271,196,41,7,1082,23106,101,20,2251,781,191,23,1808,11811,2,6,1239,1733,17,23,1808,2,781,191,23,333,2,781,191,23,300,1183,5,23,1187,7,380,67,12,23,577 0
526,10614,289,3275,2,195,813,23107,7582,2746,800,4,14050,827,4,14050,818,4,23108 0
