69,49,4,23073,5555,2,6698,10608,14041,49,7,141,4,23074 0
38,5063,407,10226,784,622,1360,7,939,44,422 4
92,2179,23,10,658,10,6,303,441,27,10609,10610,144 0
18,39,1898,306,534,7,44,94,13,639,2716,2939,606,5,1539,10,23,52,2541 0
19,23075,2,18,2931,4951,1636,1471,729,743,12,3400,5,20,2431,13,3002,164,1388 1,2
44,422,4361,5,19,14042,2,18,20,23076,27,10609,10610,144,819,23,751,269,369,20,14043 2
18,21,39,834,2544,44,422,191,6,78,248,10,497,123 0
23,422,14,1359,13,921 1
2172,2,18,39,19,5,664,44,422,13,794,1807,23077 0
18,20,730,19,3525,652,5,3525,921 1,28
18,2931,305,3568,12,11767,37,14,151,47,523,3558,23 0
18,21,2338,1002,76 0
18,14,924,28,23,943,1230,27,934,1719,6257,32,15,2402,13609,12,6,121,674 0
18,113,31,1374,2370 37
18,21,938,726 0
140,77,563,172,370,22,82,2,230,244,22,82,2,210,368,22,82,2,473,449,22,82,2,131,2,5,3178,921,32,865 25,19,1,18,29,28,32
6,163,7,213,14,66,150,271,6,256 0
19,93,122,2,18,479,57 0
1285,2,67,94,13629,2142,2,118,145,982,5,135,2,5,372,145,1163,119,1409 0
202,14,43 0
6,112,1486,53,31,2088 0
6,44,14,90 0
19,91,122,2,18,21,15,135,212,13,15,43,246,2,1616,253,2,5,11,417,2,1371,2,26,1422 0
187,21,11,342,26,3373 0
6,882,50,11,720,26,673,2,48,68,14,70,386,1441,271,52,386,79 0
6,181,21,11,484 0
784,242,14,37,6698,5555,21,403,350,1261,348,164,143,76,12,736,10,13082,164,143,76 1
92,40,23078,23,89,322,42,10611,2368,1272,7,2049,5108,5,42,8669,15,10612,3784 28
92,40,85,540,6,44,205,609,10,1029,1769,18,21,31,2931,65,844,305,3568 0
47,285,38,114,13,23,2,23,943,2,5,6,89,1477,1783 0
526,3603,7275,6605,2,96 0
813,23079,4019,800,4,10613,827,4,10613,818,4,10613 0
