69,49,4,13267,23064,2,23065,2,10606,6,427,74,30,2,93,122,2,5,233,177,42,260,5,47,2957 0
12,736,2,47,3402,1538,5,755,38,29 0
30,7,156,360,4,38,14,15,5095,528,104,279,17,233,7,44,34 0
6,29,39,11,30,7,164,143,76,532,6,97,223 0
18,20,1249,12,3400,819,18,39,61,17,6,97,223 0
18,39,61,460,83,123,7,2223,5,2544,422 0
18,2905,84,10,55,3859,5,50,61,290,3453 0
117,647,83,123,434,12,3400,2,18,549,37,6,422,20,31,2043 0
18,222,977,621,37,18,39,553,2437,17,23,1054,996 0
18,1007,10,15,144,68,12,23,13544,7,3400,819,18,20,166,10,50,15,318,783 0
18,543,15,1394,561,37,222,1035,4873,76,13,63,1627,269 3
18,1487,543,15,2327,3098,13,1527,7,23,269 2
18,222,50,844,44,34,80,117,561,2,71,20,573,268,406,2,23066,12,1819,119,23,1745 0
18,20,936,12,6,144,12,3400,37,38,20,239,10,13061 0
18,1936,140,80,2,1008,23,763,203,312,5,20,1293,10,1297,10,6,303,441,17,233 0
18,113,1120,37,136,377,65,6,144,12,3400,2085,38,223,2,18,21,39,1024,534,7,268,406,52,794,44,34,2,71,18,1185,32,1039,268,1929,271,6,3859,699,18,20,4166,297 0
84,14,31,2342,627,13,639 0
84,1863,4535,10,23,52,478 0
84,14,31,3184,12,1819 0
84,1044,10,55,1024,2,598,18,113,50,15,252,542,7,4417,5293,34,2,71,21,61,1701,3932,136,23,377,65,3400 0
18,88,87,255,7,194 0
18,14,382,10,4872,919 0
88,87,197,445,79 0
78,89,30,4,318,17,311,35,81,2,71,14,1701,11892,119,23,444 5
18,14,139,304,371,667,6,97,223 2
18,85,21,15,2222,30,7,385,12,6,78,5,14,11,1735,19,493 0
179,30,4,18,113,31,1374 37
18,295,13,23,943,5,21,288,1936,65,3400 0
128,30,4,177,5,14,85,318,17,178 0
163,7,213,4,192,150,213,53,177,5,53,85,66,820,119,6,234 0
77,4,563,131,2,473,2,172,2,742,2,210,2,5,230 25,19,18,29,32
137,4,6,29,21,137,10,9357,5,5011 0
93,122,4,23,870,14,4364,2,23,296,1211,2,1851,564,2,5,67,94,23067 0
6,29,14,1040,2,413,2,779,528,104,14,10345,12,11,180,326 0
23,392,122,14,1186,5,1125 0
23,1237,53,1025,5,1221,10,688 0
23,2286,53,822 0
23,3026,53,2587,5,1130 0
18,21,1130,1657,1405,5,479,57,6442 0
23,112,14,330,5,375,13,275,502,7,721 0
6,487,14,31,251 0
23,226,53,90,10,452,193,13,1025,194,302,2,11,372,326 0
11,2521,976,245,5,11,44,816,277 0
23,91,122,14,135,145,5,212,13,11,417,2,1371,2,26,1422 0
23,187,14,1774,2,133,2,5,375 0
11,1739,2,11,6403,359,2,5,11,1119 0
23,181,14,175,2,619,2,682,2,5,610,3310 0
68,53,11,690 0
23,168,14,375,13,275,502,7,721 0
217,1892,11,673,2,720,2,26,79 0
23,5217,53,133,5,375,13,11,782,4555,5,275,502,7,721,13,43,590,5,1419 0
18,14,413,5,646,1094,2,214,779 0
1478,1738,53,175,2,5,68,14,11,731,26,1099,2953 0
812,122,716,42,6,427,821,8588,577,13,43,1419 0
303,441,408,4,6,29,20,730,19,15,91,707 0
219,1610,20,3180 0
489,426,129,718,5,147,20,85,1817 0
23,158,1276,65,3400,129,177 0
23,769,67,1137,830,14,4704,2,835,2232,2,5,2190,23068,23,1768,53,667,43,1238 0
23,379,14,564,2,331,1659,2,5,358,14039,23,867,401,1936,43,27,23069,23,3436,20,11810,23,783,1936,251,27,23070,38,14,12,2666,10,6,783,65,23,1276,7,3400,2,71,20,23071,23,2877,14,553,271,7769,23,1060,14,10607,6,29,39,63,147,2,71,227,160,7,15,280,1807,4235,2,156,19,158,147,65,38,144 0
18,20,321,19,652,17,1693,7,2477,714,139,304,371,2,1558,2062,185,2,5,14,265,10,6,91,659 2
494,4,44,34,2,1167,286,2477,714 0
526,8672,2,10606,96 0
495,4,14040,276,4,14040,597,42,4,8672,2,10606,813,23072,1852,232,31,177,42,240,312,232 0
