69,49,4,23080,5555,2,6698,10608,23081,10614,3275,2,96 0
378,325,10609,10610,144,2822,14044,1411,14045,2,1691,14046,828,10614,4,6698,5555,2,1390,159,307,2,1936,17,961,7,164,143,76,5,4951,1636,1471,729,743,37,18,2931,12,3400,19,23082 1,2
27,37,95,2,18,39,15,6691,369,730,12,23,52,794,4370,164,143 2
19,14042,2,18,39,540,3002,164,1388,490,7,1467,44,34,5,2213,63,1317,23083,5,23084,7,6,6691,369 2
19,14041,2,18,39,2304,91,561,490,7,44,34,48,11,1317,3002,164,1388,20,2213 2
18,404,37,18,14,460,553,44,422,32,92,50,403,23085,100,348,23,91,77 0
18,21,11,255,7,194 0
18,113,433,847,263,7546 0
18,113,433,2223,422 0
231,77,563,7432,823,22,793,82,2,172,370,22,631,82,2,473,449,22,631,82,2,1943,3856,154,22,631,82,2,210,105,22,82,2,5,131 25,1,18,29,28
6,163,7,213,14,66,150,271,6,256 0
19,93,122,2,18,479,57 0
121,5535,643,2,67,94,23086,2142,2,118,145,1956,5,135,2,372,145,2257,202,4,43 0
6,112,1486,53,31,2088 0
6,44,14,90 0
19,91,122,2,18,21,15,135,212,13,15,43,246,2,1616,253,2,5,11,417,2,1371,2,26,1422 0
187,21,11,342,26,3373 0
6,882,50,11,720,2,673,2,26,79 0
6,181,21,11,484 0
6698,5555,14,2043,65,6,979,562,3134,845 0
47,40,1150,63,352,3123,215,947,6,3302,2268,1811,10,1150,1317,3849,467 0
598,23087,18,454,31,50,547,23088,239,10,8772,461,2,47,273,1732,18,21,547,1002,2,5,47,221,23089,80,933,105,22,793,82 0
47,221,10611,93,364,17,23,403,7111,112 0
348,47,221,4524,63,263,1575,10,3809,263,541,1440,239,10,23,391,7,4912,263,406,7546 0
47,5833,23,5,936,23,18,14,1737,2043 0
47,40,114,10,125,23,428,12,173,938,198 0
1810,2402,1646 0
1027,1928,2,526,3603,7275,6605,2,96 0
813,23090,4019,800,4,10615,827,4,10615,818,4,10615 0
