69,49,4,23109,30,7,156,360,1070,4,265,65,91,429,282 0
234,4,287,10620,14,15,368,1661 0
345,13,216,116,2,120,2,883,2,251,367,104,279,13,259,376,216,44,5,412,445,422,19,639,1264,13,270 10,5,13
16,21,851,24,2874,10,3661,115 0
16,85,21,39,15,451,534,27,468,12,886 0
415,215,27,23110,227,5016,313,27,252,14051,56,23111,606,492,2344,9,982,41,8,5,9721,12684 14
1105,585,1963,41 0
16,279,80,17,91,429 0
275,429,444,31,1509,48,2728,58,7583,416,11,1388,865 0
1533,1180,42,168,422,5,10621,10,13290,56,2741,12694,1339,23112 0
16,40,1682,2172,5,3153,2259 0
1210 0
16,14,34,739,281 0
837,13,29 0
4430,4,261,116,261,120,13955,261,990,1881,4,152,191,1280,159,78,89,30,120,116,344,367,11562,54,2589,76,2,261,756,27,6452,4616 5,38,13,10
23113,11,182,1233,2,23114 0
78,545,30,88,77,27,140,4,230,204,33,210,83,33,1650,183,33,184,130,33,1116,105,33,310,447,873,1833,284,33,1770,1883,2,775,2,1227,211,370,98,51,236,137,747,179,30,295,1310,12,5090,1955 19,18,29,15,26,28,31
8314,17,3206 0
128,3431,23115,10622,23116,51,3032,2984,110 0
3320,286,1625 0
503,2694,65,332,1183,430,4,153,1656,2764,3907,4,35,4310,33,333,4,8314,57,12831,1275,82,352,4,5556,82,128,30,6044,163,7,213,11329,12,790,820,32,256,93,73,1565,4,1887,111,4,23117,2488,4,23118,348,23119,46,224,893,1939,12,886,2,436,2,23120,2735,13,1783 14
199,3444 0
1030,951,23121,2097,175,2,988,90,112,330,2,11,487,2,171,293,296,13,229 0
3561,418,246,2,253,1812,417,44,90,1876,1097,187,261,300,302,98,183,2,340 0
133,3086,2,11,23122,445,582,4,70,11,1867,2,261,1059 0
52,4,261,23123,967,4,617,52,2,395,70,2,11,79 0
1884,258,282,147,4,114,368,1661 0
345,13,1305,714,2,261,415,215,103,429,13,11,1388,865 0
261,883,13,756 0
623,4,126,140,77 0
3886,13,58,7583,995,23124,16,21,316,1009,98,51,236 0
4950,4,10,808,12,15,451,236,17,4950,1388 0
2870,4,838,987 26
247,1650,12,221 31
207,59,1197,4408,5,245,1175,923,131,138 25
241,1492,119,58,7583 0
23125,14052,2,1162,569 0
23126 0
