69,49,4,23215,1415,934,2,3113,10635,1940,3415,2,96 0
3284,7587,144,5327,7412,1083,10636,2,335,10637,536,4,3420,1999,512,46,7588,828,58,3415,4,47,39,6,1068,7,4986,3420,1999,12,6,507,308,19,1415,10058 0
287,1999,279,13,15,391,7,366,5,1161,4331 0
6,29,113,8793,37,16,21,39,1417,167,12,6,78,5,12,1708,2,2269,932,363,159,146 0
278,2,13,6,522,7,24,164,143,76,2,16,39,61,448,1039,419,532,16,543,162,17,15,293,143,238 1
136,37,162,363,198,146,2,16,21,39,15,2233,2319,7,95,432,71,16,21,2213,4497,1161 0
27,6,1140,95,2,6,29,14,537,480,17,1101,118,353,5,12,1708,2,21,39,15,134,383,12,24,262,7,1488,235 0
6,29,5460,37,432,24,950,2,16,222,50,1127,302,621,15,1079,1205,2,71,15,312,222,954,10,3714,2,278,2,23216 0
27,6,231,95,2,287,1999,14,699,2252,419,5,404,32,645,16,14,382,10,60,15,1744,194,2,71,16,20,773,10,273,363,198,146 0
12,1708,2,16,20,936,288,37,16,113,31,301,4497,1161 0
16,88,15,188,250,2,598,16,113,1625,50,106,572,2132,71,1511,10,3071 0
24,78,89,30,1128,81,2,293,143,238,2,164,143,76,13,362,1071,5,369,959,2,1101,118,353,2,876,332,2,127,2,789,2,2338,1002,2,5,412,339,1574 5,13,1,10
536,4,3420,1999,512,46,7588,3351,14072,24,77,563,172,2,235,2,2847,2,1020,2,501,2,635,2,737,2,4698,2,15,7393,632,2,633,2,910,2,3084,2,4419,2,5,131 25,19,18,29,15,28,20
16,21,11,334,624,137 0
16,2191,3795,309,159,146 38
19,73,80,2,16,39,15,67,94,7,9834 0
24,296,20,1910,2,1285 0
651,1048,19,674,662,962,20,27,365,41,2,48,151,47,5696,84,2,84,20,1204,41 0
24,121,20,6222,727 0
16,14,12,11,372,326,27,468 0
24,1290,39,682,2907,5,15,1039,350,806,6601,662,2980 0
24,112,39,11,1790,897,799 0
44,39,1459,194,302,12,6,52,1562,13,942 0
24,70,409,20,90 0
24,118,20,12,15,135,5942,212,13,15,23217,653,417 0
24,187,20,7026,2,48,599 0
24,217,53,13,395,2439,79,5,11,720 0
305,496,1011,39,61,716,12,1326,5,20,2304,428,80,2,71,2093,37,16,21,15,5683,5903,5,1617,14073,2087 0
24,231,520,2312,20,504,647,109,41,65,37,7,1326 0
16,21,11,10638,1338 0
47,1379,287,1999,17,15,1396,974,5,16,578,14074,944,2040,41,5,37,1128,117,748,100,153,4633,7,1965 0
12,1246,2,47,2242,37,287,1999,21,366,71,14,218,2271,741,10,1101,118,353,5,5612 0
278,2,47,273,2242,16,1279,50,15,1079,1205,1582,19,784,73,5,1582,19,24,30,5,1195,2,47,50,926,170,10,50,15,7589,44,4392,1009 0
287,1999,39,363,1135,741,10,24,23218,262,1361,245,5,47,50,909,37,16,245,316,4716,14075,15,107,2218 0
47,273,31,2242,68,14,87,1525,10,55,2476,65,63,7380,5720,17,38,762 0
47,273,1491,37,16,433,82,352 0
16,1758,692,10,126,24,2674,5,47,40,1758,155,24,44,810,19,6,1777,9878,37,16,176,1525,65,15,1079,1205 0
47,50,85,941,10,170,37,16,11,1735,3636,4497,1161 0
24,305,496,1011,85,39,1164,15,1933,23219,2312,2,278,2,84,113,4900,151,10240,17,910,1131,5,1195,273,31,2242,37,16,14,218,10,50,1375,63,1874,409,76,26,305,536,4,3420,1999,512,46,7588,7285,14072,343,76 0
278,2,92,40,1758,4025,38,117,24,1153,2147 0
1152,329,17,2337,38,5782,29 0
108,329,50,87,1135,2,361,273,841,2899,10,750 0
1027,2,4149,14076,2,96 0
23220,384,4,7590,4443,2,96 0
144,3264,23221,1537,14077,2722,14078,2,335,14079,232,31,177,42,240,312,232 0
