69,49,4,23227,1415,1163,2,3386,6941,14080,2,96 39
8579,23228,23229,2,335,536,4,3420,1999,512,46,10641,828,58,14080,4,47,39,6,1068,7,930,3420,1999,12,6,562,308,27,6,144,3264,23230 0
38,4956,762,13,958,118,76,5,1101,118,353,21,61,453,12,1082,308,136,6,95,7,24,293,6020,5,91,746 0
27,6,156,95,2,16,586,37,16,21,61,214,3762,529,490,7,6,23231 0
16,21,39,11,23232,7,44,422 0
16,21,39,11,939,112,2,44,2,349,26,1288,34 0
16,21,39,366,19,639,27,1441,271,183,2754,7,996,5,16,113,50,149,197,445,79 0
24,89,322,1128,172,2,14081,2,1943,2,501,2,635,2,737,2,4698,2,1151,2,633,749,5,131 25,19,18,29,28,20
19,93,122,2,24,121,14,7284,643 0
24,67,94,14,14082,70,5,52,349,3599 0
24,118,145,14,1743,5,135 0
372,145,14,1065,68,14,15,149,383,12,1078,580,94 0
625,53,86,229 0
226,53,2020,90,10,452,722 0
562,73,14,686,17,15,653,872,417,48,11,1422,14,156 0
24,187,14,133,2,375,2,739,7,1119,5,229 0
217,53,686,17,863,243,1039,1459,27,6,542,7,6,806,7131,5,149,2439,79,10,6,23233,193 0
24,1322,14,399,2227,13,4906,276,1672,12,47,5,2060,11,182,228,65,158,10640 0
12,1246,2,6268,1999,1423,621,16,14,12,149,1131,2509,27,6,156,95 0
16,267,37,16,21,39,132,776,12,6,78 0
297,6702,24,14081,2657,2,47,40,4025,24,1018,1835 0
536,4,3420,1999,512,46,10641,3351,1415,1163,2,3386,108,68,53,87,150,6232,26,1135,12,6,203,7,38,4956,762,2,361,977,739,10,881,260,15,750 0
1027,2,7590,8794,2,96 0
23234,232,31,177,42,240,312,232 0
