69,49,4,23235,3583,562,3356,4518,23236,1250,14077,2722,1999,2,3420,14078,2,335,14079,10641,9,12589,8,23237,23238,10635,600,3415,2,96 39
3522,7412,1083,10636,2,335,10637,828,58,3415,2,47,39,6,1068,7,930,3420,1999,12,6,562,3356,19,3641 0
38,4956,762,13,164,143,76,1339,498,1527,5,149,653,1037,586,37,16,39,10,2011,12,6,4984,7,24,837,2,104,836,12,6,23239,3551,97,420 1,2
1170,38,5795,415,2,16,21,11,90,366,19,639,2,396,2,1251,2,26,44,422,27,6,156,95 0
16,589,19,172,2,235,284,22,15,107,2,2847,130,22,327 18,28
2763,2,1020,130,22,15,107,2,501,204,22,1004,2,635,105,22,15,107,2,737,83,22,327 19,29,15,20
1004,2,4698,2,1151,2,5,3644,12,736,10,24,131 25
19,93,73,80,2,24,67,94,14,23240 14
24,118,145,14,1743,5,135 0
372,145,14,1065,68,14,11,383,12,1078,580,94 0
625,53,86,229 0
226,53,90,10,452,722 0
562,73,14,686,17,891,1457,2,970,2,246,2,5,3213,2131,253 0
24,187,14,133,5,375 0
16,21,11,229 0
24,217,53,619,13,2299,863,243,5,731,590,722 0
16,21,11,336,79,27,6,156,95 0
24,1322,14,686,17,399,2227,2,160,7,158,786,729,743,2,5,891,8102,23241,2,71,53,869,65,24,158,10640 2
287,1999,279,80,13,15,3972,1131,139,2,48,15,1628,67,94 0
27,38,845,2,16,586,37,16,14,2020,290,24,2847,1004,2,5,47,40,2836,170,126,10,273,37 28
92,40,383,24,737,10,109,22,2,5,16,40,55,640,100,13,329,667,6,400,451,236 20
108,68,53,87,150,6232,12,6,203,7,38,762,2,361,881,260,15,750 0
1027,2,597,42,4,7590,8794,526,7590,8794,2,96 0
813,23242,23243,800,4,10642,827,4,10642,818,4,10642,232,31,177,42,240,312,232 0
