69,49,4,23244,10643,303,1315,101,5544,2,5432,23245,101,49,4,23246,38,29,20,201,2,1538,5,755,42,2733,32,57,32,58,23247,4570,47,50,177,5,4570,584,47,50,941 0
30,7,629,391,4,38,14,15,9394,345,104,279,13,849,7,396,2,255,7,194,5,15,224,699,7,394 0
6,29,416,16,21,61,699,14083,17,6,78,497,123,5,21,1282,24,118,14084 0
16,2020,21,39,24,182,150,60,24,118,145,5,67,94,434,16,20,27,140,2,5,24,6581,50,61,12,6,35,8356,10,7167 0
6,29,21,39,15,476,1077,13,402,5,272,32,57,32,44,2246,12,24,23248 0
6,29,549,2272,433,932,2,5,16,2,1195,2,279,10,6,303,441 0
163,7,213,4,32,119,6,1901,99 0
78,89,30,4,131,1543,81,341 5,25
77,4,131 25
137,4,11,334,624,137 0
179,30,5,128,30,4,32,119,6,1901,99 39
93,122,4,38,14,15,2790,2,2963,345,12,634,326 0
296,23249,2,372,145,130,2,67,94,14,10536,2,1161,1304,14,204,41,19,674,662 0
112,4,330,2,275,502,7,721,2,11,1078,580,4035 0
91,4,135,2,2851,2,11,417,14,8155,2,90,246,5,253 0
226,4,318,1056,27,6,1912,2,355,90,2,199,662,1129,2,5337 0
323,4,413,5,646,98,102,2,2260,192,2770,1239 0
241,885,7,6,73,53,32,119,6,1901,99 0
489,233,4,258,53,182,17,15,358,7,23250,2,379,7,2298,2,331,7,2500,2,3694,7,1408,2,867,7,5972,2,3436,7,2200,2,783,7,10361,2,442,7,23251,769,830,7,6041,2,835,7,23252,2,2190,7,14085,64,7,3879,2,1069,7,23253,147,482,4266,1673,2,135,2,1257 0
364,1958,12,189,4,6,29,20,201,2,1538,5,755,12,6,303,441,13,258,1156,5,32,1283,256 0
12,736,10,6,256,426,2,6,29,39,15,44,810,71,482,264,305,5754 0
6,29,74,147,1264,13,24,30,14,1628,17,15,719,1257 0
6,29,2,1195,2,962,431,2212 0
6,2212,3495,11,228,12,6,29,74,118,145 0
6,29,1558,5337,5,2851,5,1916,57,1019 0
6,1941,20,1074,10,2029,13,4183 0
6,29,431,1640,5,1286,5,39,15,23254,4183,631,27,2922,12477,13,3642,228,10,399,1257,12,6,35,8356 0
6,29,1989,37,24,44,2246,660,2073,640,4183 0
6,29,431,172,2,5441,2,1161,5,652,434,12,6,303,441 18,19
16,14,19,2212,1685 0
10260,65,6,91,659,129,4666,995,1490,1216,6,29,10,6,561,282,1540,12,688,7,24,6281,12,17,15,729,743 2
6,114,27,38,95,14,17,6,29,10,55,265,10,6,1556,2,55,3882,5,237,10,2029,10,91,561,4204 0
4327,9,317,440,8,4,91,659 0
678,2494,4,161,729,743 2
165,719,1257 0
642,9,317,630,712,377,8,4,6,29,14,265,12,2964,630 0
2704,203,95,14,546,606 0
1416,23255,14086,14087,2,96 0
14088,23256,23257,597,42,4,14086,14087,2,96 0
14088,232,31,177,42,240,312,232 0
