69,49,4,23264,23265,3077,424,441,23266,280,14089,3710,23267,2,4188,23268,23269,5544,2,5432,10644,23270,49,7,4487,4,23271,858,391,4,16,279,80,17,24,1894,30,5,93,117,63,2615,10,38,622,17,6,78,51,159 0
78,89,30,4,1128,1073,425,311,51,81,2,281,19,131,17,6,78,2108,159,2,30,7,52,337,566,2,5722,1037,2,4050,7,8198,2,254,2,178,2,786,729,743,1180,42,719,1257,2,565,2,381,981,2,958,2727,5,252,4734 2,5,25,1,10,33
78,545,30,4,563,91,561,2,164,1527,5,14090,91,14091 2
624,137,4,16,21,11,334,624,137 0
77,4,563,230,204,22,12,6,465,5,196,22,12,6,1485,2,172,474,22,51,1555,82,2,2089,547,35,22,82,2,787,130,22,82,2,486,23272,190,631,82,2,135,131,17,1175,923,2,184,83,22,82,2,2745,631,82,2,635,105,22,27,1244,2,1227,1776,1252,42,1414,82,2,632,775,823,190,82,2,5,23273,8307,560 25,19,18,15
128,30,4,603,5,1343,587,7,2976,14092,2,362,129,1229,5,23274,2,68,14,85,30,7,91,76,12,24,12317 0
179,30,4,1616,2,1230,17,6,10645,662,2243,12,14093,2,1553,989,6657,15,200 0
16,14,15,3798,2,113,31,245,219,840,2,16,14,8418,10,60,203,7,363,2300,10260,37,53,214,2340,10,24,3507,2,1195,16,6395,16,319,31,2405,10,24,2248,2402,424,490,7,5271,17,5588 37
30,7,156,360,4,6,29,279,80,17,1894,93 0
6,29,416,16,21,2098,23275,288,37,151,16,3066,10,23276,23277,74,2,648,23278,24,2647,13,848,32,15,4491,5,16,1886,37,14,6,581,17,24,381,2,2364,7,338,191,6,159 0
16,21,61,23279,5530,3908,12,24,333 0
117,15,434,2,24,67,728,50,3726,573,419,42,24,444 0
16,288,39,63,568,122,1508,185,4737,981,86,87,134,142 0
16,21,39,11,529,2766,709,191,6,78,51,198,21,39,11,134,44,34,2,255,7,194,26,702 0
16,2280,58,5929,7924,17,15,2727,6252 0
13,24,3052,4703,1044,10,55,1544,1104,1975,10,170,151,648,23280,24,2684 0
16,267,11,508,2,9223,2,469,2,272,2,402,26,435 0
428,2,16,21,39,11,134,44,34,2,702,2,26,655 0
16,21,39,11,1920,2,4697,2,1463,2,5014,2,3319,2,807,2,1173,26,1609 0
93,122,4,67,94,14,14094,12,6,70,349,2,870,13569,2,296,1333,2,1851,53,723,2,651,1048,980,41,19,674,662 0
16,14,1569,3542,6866,2,4153,643 0
3036,23281,202,4,1186,2,1125,2,1237,53,4639,1967,5,1221,10,688,5,4571 0
2285,1445,129,175 0
16,21,39,839,6534,14095,193 0
3526,129,175 0
1290,20,90,86,733,26,2597 0
3735,129,375 0
14096,129,861 0
112,14,330,330,86,920,2,780,26,846 0
226,53,90,10,452,193,86,856,2,711,26,1223 0
118,135,145,5,212,2,43,246,2,253,2,11,387,2,711,26,766,129,1139 0
187,14,133,2,375,2,1774 0
16,21,15,350,3479,832,37,14,31,14097,5,300,302,53,529 0
16,21,11,1119,5,68,14,11,798,277 0
217,53,86,720,2,673,26,79 0
16,113,50,182,1866,5,23282,7,6,8198,7,362,744,557,13,4050 0
16,21,11,1720,4041,7,6,744 0
4309,2,16,14,413,5,646,1094,5,992,2359,13,175,525,466,10,688,1014,12,362,744 0
16,21,11,1848,780,5,24,757,122,482,11,2117,26,733 0
242,5,114,4,161,1894,93,2,12460,927 0
6,29,39,15,752,12,11317,5,20,936,10,1297,168,12,9581,490,7,599,2569 0
47,222,1491,1132,577,2211,80,17,140,1011,8649 0
4064,53,4596 0
16,222,3153,63,8554,5,15,7148,1401,1291,814,24,14098,5,17,10646,23283 0
24,1772,14,239,10,55,15,3655,12,51,159,1643,95 0
92,53,12111,15,1198,5,15,13776,7923,1312,80 0
258,129,85,2519,12,6,622,17,801,2,6454,2,5,1001,1835 0
6,29,14,23284,8061,27,38,95 0
92,40,1491,15,961,12,35,200,17,63,1894,93 0
165,1073,425,311,51,81 5
6,29,21,110,23285,5530,3908,65,24,333,2,598,47,273,1732,2441,3231,3110,4177,848 0
1491,2620,15,654,374,80,2,389,17,1402,2,1001,1075,5,331,32,57,32,15,379,5,15,5360 0
47,209,1491,2628,24,131,486,2017,190,82,2,48,92,176,301,10,1491,63,1713,470,108,24,374,836,251,1170,2441,1051 25
92,222,1491,1996,121,274,5,352,32,38,14,15,825,23286,10,24,358,338 0
47,209,1491,207,100,12,102,10,183,198 0
186,565 33
92,40,155,15,1005,2,1001,1075,5,358,10,6045,37,16,14,12,199,1825,2852 0
47,273,1732,986,1073,425,81,124,24,78,30 5
249,178,13,30,7,877 1
16,21,39,63,7293,23287,288 0
92,40,155,15,1001,1075,80 0
92,209,621,10,23288,17,63,544,553,271,546,124,24,344,328,139,2,47,209,1491,3359,24,2414,10,15,2368,262,108,2213,27,37,845 0
526,3941,8795,2,96 0
813,23289,10647,2746,800,4,10648,827,4,10648,818,4,10648 0
