67,54,4,28525,8149,1569,1993,28526,301,16162,28527,3,4970,28528,5472,6411,39,67,47,12113,54,7,28529,1352,3,5448,54,7,4157,4,1387,856,3,3294,730,234,4,6,28,61,89,12,96,115,17,23,71,5,181,76,3,35,60,35,15,3934,7,23,95,53,637,4702,822,147,71,324,317,58,4,165,606,256,53,322,411,4050,1029,4848,287,181,120,76,811,778,490,256,692,1267,280,71,1082,937,1937,266,4143,1271,7,895,822,7,3721,540,103,593,181,251,4,614,251,3,2564,7,2250,3093,103,5975,127,1545,39,274,231,22,9,672,45,49,36,8,25,605,3,10,52,943,12,2962,13,215,22,298,27,276,47,388,45,9,73,8,274,215,22,9,686,45,49,36,8,25,276,3,10,52,943,12,2962,13,231,22,605,47,388,45,9,73,8,1148,1463,203,9,203,1148,1463,8,1026,45,609,49,58,25,32,47,45,9,73,8,1669,9,1570,478,8,36,22,9,1314,45,49,36,8,25,32,47,45,9,73,8,932,171,22,9,549,45,49,36,8,25,32,47,388,45,9,73,8,165,596,1643,171,189,521,32,47,210,2801,9,73,8,165,145,1643,2810,9,231,4679,3015,1633,8,521,47,58,2801,9,73,8,218,108,22,9,647,45,49,36,8,25,32,47,388,45,9,73,8,1253,9,906,8,36,298,25,32,736,125,22,9,378,45,49,36,8,25,276,47,388,45,9,73,8,2677,9,4070,8,215,22,45,25,3523,167,34,3,1014,298,397,1350,5,35,160,3,3115,7,1142,22,135,65,47,335,45,9,73,8,752,1332,9,4126,8,1592,1337,9,1592,1337,45,49,36,8,25,32,47,45,9,73,8,752,1828,9,6706,8,945,189,568,25,32,47,568,9,73,8,150,816,206,30,2440,1391,4,422,4,661,29,106,4,103,4,422,4,4299,3,4481,29,422,4,4868,3,4481,29,206,30,4,7468,3,109,31,238,3,728,26,157,357,3,285,35,15,7523,27,6,8452,737,1915,12,11424,30,7,61,328,4,6,28,61,89,17,96,115,7,23,71,5,130,76,3,5,10,96,115,35,60,35,95,637,4702,822,37,41,31,606,164,135,23,2889,4109 1,1,1,1,1,1,1,1,1,1,1,1,1,1,1,1,1,1,1,1,1,1,1,1,1,1,1,1,1,1,1,1,1,1,1,1,1,1,1,1,1,1,1,1,1,1,4,1,10,10,1,1,1,1,1,1,1,1,1,1,1,1,1,1,4,4,4,4,1,8,1,1,1,1,1,1,1,1,15,10,10,10,3,3,3,1,1,1,23,1,1,3,3,1,1,1,1,1,1,1,1,1,1,1,3,3,1,1,1,1,1,1,1,1,1,1,1,1,1,9,1,1,1,1,1,1,1,1,1,1,1,1,1,1,1,1,1,1,1,1,1,1,1,1,1,1,1,1,9,1,1,1,1,1,1,1,1,1,1,1,1,1,1,1,1,1,1,1,1,1,1,1,1,1,1,1,1,11,1,11,1,1,1,1,1,1,1,1,1,1,1,1,1,1,1,1,1,1,1,1,1,1,1,1,1,1,1,1,1,1,1,1,1,1,1,1,1,1,1,1,1,1,1,1,1,1,1,1,1,1,1,1,8,8,8,1,1,1,1,1,1,1,1,1,1,8,8,8,1,1,1,1,1,1,1,1,1,1,1,1,1,1,13,1,1,1,1,1,1,1,1,1,1,1,1,1,1,1,1,1,1,1,1,1,1,1,1,12,1,1,1,1,1,1,1,1,1,1,1,1,1,1,1,1,1,1,1,1,1,1,1,1,1,1,1,1,1,1,1,1,1,1,1,1,1,1,1,1,1,1,1,1,1,1,1,1,1,1,1,1,1,1,1,1,1,1,1,1,1,1,1,1,1,1,1,1,1,1,1,1,1,1,1,1,1,1,1,1,1,1,1,1,1,1,1,1,1,1,1,1,1,1,1,1,1,1,1,1,1,1,1,1,1,1,1,1,1,1,1,1,1,1,1,1,14,14,14,1,1,1,1,1,1,1,1,1,1,1,1,1,1,1,1,1,1,1,1,1,1,1,1,1,1,1,1,1,1,1,4,1,1,1,1,1,1,1,1,1,1,1,1,1,1,1,1,1,1,1,1,1,1,1,1
6,28,2304,467,15,1517,113,183,19,4076,5,5773,19,23,53,489,3,2116,15,637,4702,822,37,14,137,60,10392 1,1,1,1,1,1,1,1,1,1,1,1,1,1,1,1,1,1,1,1,1,1,1,1,1,1,1
6,28,20,221,43,2889,27,6,11268,1569,124,3,16,20,933,10,46,11,285,17,6,441,117,129 1,1,1,1,1,1,1,1,1,1,1,1,1,1,1,1,1,1,1,1,1,1,1,1
16,98,370,146,11,48,34,3,760,26,739,3,16,98,90,88,2300,4139,3,5,146,344,598,266,63,366,1105 1,1,1,1,1,1,1,1,1,1,1,1,1,1,1,1,1,1,1,1,1,1,1,1,1,1,1
16,21,15,30,7,500,179,317,58,71,3,16,137,157,596,165,1872,189,105,13,1315,1024,10,117,85,15,65,27,15,2774,615,189,27,15,85 1,1,1,1,1,1,1,4,4,4,4,1,1,1,8,8,8,8,1,1,1,1,1,1,1,1,1,1,1,1,1,1,1,1,1
16,146,11,1393,26,1968 1,1,1,1,1,1
23,344,341,1622,17,822,158,15,266,4143,801,223,117,87,183 1,1,1,1,1,1,1,1,1,1,1,1,1,1,1
16,14,137,19,11,938,17,4143,3,5,344,95,126,512,5,752,487,139,23,822 1,1,1,1,1,1,1,1,1,1,1,1,1,1,1,1,1,1,1,1
16,21,31,38,62,412,101,12,225,15,87 1,1,1,1,1,1,1,1,1,1,1
102,101,4,316,28530,16165,3,364,1232,3,716,680,3,1207,8615,719,3,2049,10349,12,3,655,6845,948,718,880,967,2551,6518,227,4,1172,3,1121,3,1055,57,877,1554,5,1115,10,691,5,4232,3,1239,14,91,97,685,26,1296,3,5207,1313,57,91,97,685,26,792,3,338,143,396,3,5789,57,28531,4,332,3,97,910,3,908,3,879,3,5,394,216,143,217,97,28532,4,91,10,463,100,3,97,407,3,502,26,28533,4,145,156,5,239,3,44,304,3,310,3,11,213,3,502,26,561,143,28534,4,152,3,396,3,1763,3,326,327,143,308,3,74,14,11,1061,3,74,14,11,690,246,3,5,74,20,11,4028,28535,4,74,14,11,743,3,750,3,26,93,28536,4,410,5,642,1200,3,233,1411,1093,57,204,3,670,14,108,319,7,108,783,3,1009,101,14,204,10,691,1008,783,3,1056,143,217,783,3,5,700,20,28537,4,74,143,2734,381,196,8300,7,6,136,100,3,5,899,11511,548,12,6,53,473,303,12,6,481,7,23,95,4702,28538,4,74,14,11,908,28539,4,74,14,1744,246,7,6,53,637,3721,13,899,4643,912,10,6,2150,192,5,104,4,176,637,4702,28540,28,41,52,319,7,285,17,117,129,3,5,14,2145,49,512,5,752,487,956,15,65,3,5,1610,16,420,15,1083,2048,154,17,1398,546,822,192,138,23,266,4143,117,87,183,3,6,28,14,31,41,10,503,92,89,3,51,41,454,271,12,6,441,129,10,191,470,16,14,19,2677,19,15,2403 1,1,1,1,1,1,1,1,1,1,1,1,1,1,1,1,1,1,1,1,1,1,1,1,1,1,1,51,51,1,1,1,1,1,1,1,1,1,1,1,1,1,1,1,1,1,1,1,1,1,1,1,1,1,1,1,1,1,1,1,1,1,1,1,1,1,1,1,1,1,1,1,1,1,1,1,1,1,1,1,1,1,1,1,1,1,1,1,1,1,1,1,1,1,1,1,1,1,1,1,1,1,1,1,1,1,1,1,1,1,1,1,1,1,1,1,1,1,1,1,1,1,1,1,1,1,1,1,1,1,1,1,1,1,1,1,1,1,1,1,1,1,1,1,1,1,1,1,1,1,1,1,1,1,1,1,1,1,1,1,1,1,1,1,1,1,1,1,1,1,1,1,1,1,1,1,1,1,1,1,1,1,1,1,1,1,1,1,1,1,1,1,1,1,1,1,1,1,1,1,1,1,1,1,1,1,1,1,1,1,1,1,1,1,1,1,1,1,1,1,1,1,1,1,1,1,1,1,1,1,1,1,1,1,1,1,1,1,1,1,1,1,1,1,1,1,1,1,1,1,1,1,1,1,1,1,1,1,1,1,1,1,1,1,1,1,1,1,1,1,1,1,1,1,1,1,1,1,1,1,1,1,1,1,1,1,1,1,1,1,1,1,1,1,1,1,1,1,1,1,1,1,1,1,1,1,1,1,1,1,1,1,1,1,1,1,1,1,1,1,1,1,1,1,1,1,1
1721,13,232,1734,7,34,5,16,242,31,572,1690,60,417,178,500,179,317,58,28541,420,733,398,3,520,1597,3,5,336,17,1573,35,60,35,15,972,3,5,482,500,6,28,66,596,10,960,26,284,10,1686,165,3,13,6,28,1317,773,24,1255,13,3005,1596,278,138,23,500,2985,179,5,30,7,103,76 1,1,1,1,1,1,1,1,1,1,1,1,1,1,1,1,1,1,1,1,1,1,1,1,1,1,1,1,1,1,1,1,1,1,1,1,1,1,1,1,1,1,1,1,1,1,1,1,1,1,8,1,1,1,1,1,1,1,1,1,1,1,1,1,1,1,1,1,1,1,1,1,1
195,28542,144,23,520,1134,2370,3,3646,17,62,580,7,998,231,28543,9945,3,107 1,1,1,1,1,1,1,1,1,1,1,1,1,1,1,1,1,1,1
