69,49,4,13726,581,17,101,315,7,101,4,287,4189,20,1086,10,23410,19,10341,65,14137,3537,144,2,819,16,39,658,13,255,7,194,5,44,34 4
503,267,37,1064,129,166,19,205,12,409,5,902 0
23411,17,1549,4,344,328,1631,233,17,29,13,299,7,1603,332 0
179,30,23412,2150,5,2720,1557,4,299,20,2872,42,503 0
29,549,1431,4700,10,2011 0
287,4189,14,15,1324,292,661,2,924,3709,159 0
16,295,13,24,503,14141,12,2440,23413,23414,140,12,2829,5970 0
14141,14,1569,5,589,10,500,275,95 0
6,1450,21,248,2972,4,153,214,2340,42,28,6,150,12,12644 0
23415,139,4,29,994,65,23416,117,168,1219,647,462,159,146 0
23417,709,4,23418 0
2001,30,7,231,424,23419,4,120,2,116,2,1603,332,28,23420,2,118,23421 5,13
972,424,30,4,11,972,424,30 0
23422,30,4,706,309,2370,788,159,146 38
113,31,1656,430,26,245,87,150,3865,840 0
23423,30,4,11,299,7,1240 0
4726,23424,3397,4,29,74,503,9312,14,24,5117 0
150,2239,5,1446,4,1317,8182,4,242,3051,4,287,4189,279,32,214,4700,2,31,23425,12,5520 0
503,267,37,16,21,61,4801,1701,57,27,140,2,13,4512,4372 0
19,199,123,2,16,2422,5257,26,23426,10414 0
503,2,24,763,6229,2,11991,6,2990 0
503,14,31,23427,42,205,584,2,4515,37,68,50,61,1064,156,17,791,106,95,5,37,648,53,1831,4502 0
23,3774,14,37,287,4189,14,537,265,17,241,233,7,44,34 4
29,23428,4,14142,3558,13,29,5,503,17,233,5,2720 0
114,287,4189,40,55,265,10,378,325 0
377,692,10,55,23429,151,185 0
6478,11565,2833,9161,2,23430,46,23431 0
