69,49,4,23373,1415,1537,2,2547,9461,7363,2,96 0
441,7,2012,162,10659,1120,144,2822,11931,23374,9393,6695,2,26,23375,536,4,1955,4189,512,46,23376,828,58,7363,4,47,39,6,1068,7,930,1034,29,1955,4189,12,1524,17,24,164,143,76,2,297,24,162,17,1603,332 1
32,329,871,2,38,14,15,3456,345,13,15,928,78,89,30,71,1128,81,2,164,143,76,2,336,343,76,2,127,2,309,30,2,789,2,877,5,6297,971,1603,1842 36,5,13,1,10
16,21,61,453,42,24,1724,2,13138,9508,2,17,6,97,11549,159 0
2866,16,21,866,91,328,2398,5,334,164,143,76,71,14,1283,19,91,561,716,19,23377 1
6,561,1164,70,2617,1557,13,204,41,602,505,2,15,1673,154,41,2032,35,505,5,15,154,41,3069,35,505 0
68,20,10660,1329,166,65,6,269,10,6,70,3158,5,65,6,2962,51,1871,10,6,602,2,5,65,6,1869,143,10,6,602 0
6,746,20,716,814,6,70,1410,143,86,1294 0
29,85,21,336,343,76,5,14,139,304,15,52,582,806,2104,2430,1107,703,593,12,10661,16,14,85,139,304,23378,5,3217,7,238,12,6,582,10,806,2104,593 0
16,85,39,15,52,386,877,12,5225,24,996,542,14,851,42,24,756 0
16,21,15,30,7,127,5,789,5,81,19,522 10,5,13
27,450,16,21,366,19,639,117,748,2022,15,4616 0
16,1302,44,94,153,10,248,511,15,376 0
278,2,24,996,14,3460,851 0
16,267,37,16,21,39,15,318,415,215 0
241,1908,14,31,1509 0
29,2425,16,21,164,76,2,278,113,31,50,4348,76,17,1071 0
19,561,16,39,3114,872,1177,7,1429,41 0
16,14,10,2110,1603,332,162,12,6,400,153,10,248,198,117,3337,2158,5,993,364,2558 0
29,416,16,40,55,3337,15,8809,1955,4189,1357,51,1110,102,2,2547,1914,5,15,23379,2389,959,297,24,3566,5,993,364 0
19,93,73,2,6,29,14,463,2,23380,14132,643 33
24,67,94,14,23381,2,118,145,14,2163,1823 0
202,4,1290,599 0
112,4,625,175,193,86,4065,229 0
226,4,1778,194,302 0
694,4,86,2002,1078,580,1386 0
118,302,1778 0
43,246,5,253 0
11,4665,387 0
187,4,773,10,6507,4369,342,26,541,1440 0
300,302,156 0
217,4,139,304,162,10,6,52,2792,13,35,10,171,79,10,6,475 0
525,243,53,1849 0
323,4,175 0
147,4,399,3070,13,523,1563,1241,984 0
3093,13,439,8631 0
1535,9700,1278,1113,156 0
11,498,147,17,2666 0
320,4,3456,381,2,1229,345,13,334,164,143,76,5,336,343,76,104,21,3114,52,719,496 1,13
16,2159,21,313,19,15,318,415,215 3
47,209,1491,3643,1134,10,155,958,4552 0
16,14,2159,27,6419,328,17,15,4660,91,1588 0
278,2,124,24,10662,1603,1842,2,29,2828,10,2029,13,162,1242,3774,380,1294 0
114,4,161,3643,1134,10,155,958,4552 0
165,1491,3525,5441,432,6,162,13,1701,2629,338,7,67,94,5,118,145,2,6791,6,1908,4318,19,3643,6500 0
1152,329,17,2092,260,10,2011,12,6,203,7,1034,29,2,1955,4189 0
361,273,31,2899,10,1026,260,108,329,50,87,1135 0
1027,1928,2,7068,7597,8412,2,1885,2,23382 0
23383,232,31,177,42,240,312,232 0
