69,49,4,23438,622,99,4776,2,4175,46,8814,1452,854,2,2682,21,39,11,939,44,1861 39
14038,248,10,497,511,15,420,48,31,214,2334,432,6,107 0
2876,286,7,23,501,922 19
589,10,50,106,422,12,23,70,3138,1539,423,6,663,7,23,386 0
31,3000,13,6,7598,37,129,124,23,17,23,7022,34,490,18,319,316,245,1406,13,23439,3068 0
21,39,106,70,478,422 0
257,4,3241,677,1725,1213,998 20
172,370,1213,998 18
501,204,1213,1190 19
2600,83,1213,998 30
4362,2837 0
23440,12,6,52,349,2,23441,12,6,70 14
4689,199,502,7,721,7,6,70,478 0
68,14,106,14144,191,6,1759,757 0
11,10668,26,23442,3074,277 0
275,502,7,721 0
226,53,90 0
133,2,318,970 0
11,904,79 0
161,178 1
448,57,86,714 0
165,127 13
47,5012,23,501 19
40,887,38,117,18,21,61,290,362,77,9684 0
186,81 5
40,155,15,358,80,5,47,5012,23,2600 30
249,1970,70,8676 0
18,14,31,3353,12,87,4097,364,393,92,40,31,3105,908,27,38,95 0
18,39,15,66,205,12,14145,47,1730,23,19,1639,1213,7,3399,497,511,15,107 0
351,7022,34 0
38,14,2159,31,37,5771,37,18,404,37,84,14,268,4056,10,4317,23443,3068 0
459,70,478,34 0
18,176,50,106,149,3348,2362,10349 0
92,285,6,2189,7,31,23444,38,478,5,6634,4009,2916,23445,271,15,2647,4310 0
3399,1639,1213,2865 0
19,15,275,3191 0
47,227,23,106,502,7,721,2590 0
4727,3407,8815,2,96 0
23446,4776,2,4175,46,8814,36,51,36,1452,854,2,2682,800,4,14146,827,4,23447,818,4,14146,232,2819,48,31,177,42,240,1741,232 0
