69,49,4,23454,622,99,4175,4776,14150,14151,437,101,17,38,5679,10669,407 0
18,774,80,5729,42,3649,478,34 0
19,15,498,101,18,39,3912,7,38,5,47,3067,10,1730,23,19,3399,48,18,3067,10,954,1165 0
6,34,8646,23,1863,27,420,5,14,7366 0
84,8646,23,151,18,4850,10,23455,23,4216,5243,23,168 0
150,271,37,18,21,61,448,1701,57 0
18,21,31,39,87,44,1861 0
18,21,31,39,87,115,7,5091 0
18,21,15,1814,7,1693,173,23,188,132,776,5,2828,10,1022,38 0
77,4,501 19
23456 21
3241,677 20
2600 30
3399 0
172 18
137,4,184,1757,23457 0
128,30,4,4091 0
179,30,4,18,21,15,567,2,6480,2,104,21,61,214,3431 0
11,2370,26,554 37
163,7,213,4,18,3470,224,2732,1631 0
18,39,15,654,374,12,1110,2,71,20,13753,18,39,63,3638,73,12,1615 0
93,122,4,3950 0
121,2811,946 0
67,94,10670 14
296,14,5885,181,73,483 0
202,4,570 0
11,2699,2055 0
11,780 0
11,846 0
47,319,31,6244,87,293,229 0
226,53,90 0
11,387 0
11,766 0
599,187 0
11,3373 0
11,4323 0
11,904,79 0
122,7,6,70,478,482,37,18,21,277,19,7122,3110,2374,48,23,373,1959,277,14,13,23,378,4654,5,18,14,773,10,273,38,241,271,3394 0
746,4,6,70,10668,8447,20,8559,13,10671 0
6,181,20,14152,13,35,41,14153,12,15,1680,14154,3265 0
6,10668,8447,4901,20,3755,13,15,1250,14154,3265,5,15,23458,7,10287,7,35,41,14153,5,446,7,9848,20,5451 0
18,1620,6,746,57 0
4175,4776,14150,14151,1357,51,161,3348,2362,7224 0
18,431,63,1528,32,256 0
165,178 1
448,57,86,115 0
186,127 13
199,338 0
249,251,367 10
23,367,21,61,419,425 0
351,2976,343,76 0
18,14,448,57,117,23,23459 0
18,21,15,149,1188,2698,355,11,90,160,7,551 0
459,81 5
18,21,1536,654,374,5,21,39,134,3638,73 0
4727,3407,8815,2,96 0
23460,4,23461,232,31,177,42,240,312,232 0
