69,49,4,23467,507,10672,1473,538,581,17,101,4,2708,957,30,4,38,14,15,1910,200,307,528,8817,104,1230,17,8818,8819,12,23468,2,5500,104,21,61,1360,7,70,478,34,17,106,95,5,20,265,10,6,8820,922,17,1140,107,4694,162,10,1815,4769,5514,7,6,70,478 0
6,162,1007,57,86,1294,2,48,6,29,3082,27,140,80,13,5804,44,34,5,969 0
18,1008,7238,5,20,514,13,786,518,1471,5,6453,455,37,986,10,3481,10,6140,44,34,12,6,8391,1695,8407,1087 0
6,999,1220,10,23469,23470,142,2,48,6,1748,1511,129,66,17,743 0
6,29,20,1086,7394,4648,10,6,8820,561,282 0
78,89,30,4,4769,5514,7,6,70,478,5325,7224,7,157,23471,685,78,545,30,4,746,4,70,478,4694,23472,2,3233,2,5,1466,7,5325,693,19,23473,27,8820 0
2000,2542,4670,137,4,4968,140,77,4,933,109,22,59,5843,2135,965,3029,1480,77,4,211,370,22,98,35,1640,4803,2454,3982,2454,652,2454,128,30,4,318,17,3199,335,19,477,74,663 18,28
179,30,4,295,12,23474,13,23,726 0
8817,27,8818,8819 0
4669,173,8821,7,15,1854,15,107,5,21,346,393,17,191,9792,159 35
88,554,1240 0
163,7,213,4,224,4,11,23475,274,202,4,11,862,23476,23477,23478,26,7195,167,8437,4,11,23479,23480,28,261,455,5,969,1369,4,11,23481,340,4,11,23482,7392,4,11,476,23483,23484,3732,23485,4,11,23486,23487,1486,23488,4,11,23489,2035,26,588,668,4,11,264,23490,7,2438,2870,4,11,8259,23491,323,4,11,274,7,23492,976,590,1353,4,11,8540,93,122,4,3127,4,7484,43,2,252,328,1669,4,2121 0
145,4,3387,4,1174,12 0
2497,4,1749,4063 0
1750,893,4,11,180,326 0
1978,4,483,1751,4,487,11,1078,580,1386,1670,4,90,10,452,193,42,794,73 0
1515,4,52,719,2624,1706,5,2428 0
135,145,5,212,2,43,246,5,253,2,13,11,1093,26,970 0
68,129,11,387,2,2844,26,711 0
1671,4,43,300,302,2,133,5,375,2,13,11,953,26,342,1139 0
1635,4,11,673,2,720,26,79 0
171,904,243 0
2723,4,15,75,1179,28,985,1094,1602,4,1786,134,258,4,23493,1120,144,1087,4,524,1982,2,379,1408,2,792,1789,2,770,6569,298,4503,2,266,23494,2,458,9428,2,443,8304,64,3543,2,1069,12517,242,5,114,4,38,14,15,1910,292,5354,13,11,91,30,5,316,6,328,2398,7,3795,309,629,10,6,8820,429,282,7394,80,13,63,2708,434,4584,27,140,65,4694,162,19,6,70,478,922 0
114,4,36,1222,17,2652,91,561,36,605,10,6,659,7,58,14156,36,23495,36,23496,258,4,1942,2,801,2,2806,2,1321,2,91,785,10,55,2519,12,429,282 0
36,126,231,1480,77,17,3678 0
36,23497,98,35,138,914,36,309,2670,470,36,241,1492,119,58,14156,8822,10673,2,8746,2,916,2,5357,705,4,23498,2416,4,11657,8822,4416,10673,2,1868,681,809,42,8822,4416,10673,2,1868,1655,139,4,678 0
