69,49,4,23551,6708,1473,1695,1012,441,1993,8825,518,3419,2,5126,6709,2,6710,8826,6711,14176,1070,4,1256,3419,774,12,80,17,15,1072,23552 39
18,14,15,3326,528,13,306,89,167,317,777,1085,2,139,304,132,5355,2,139,304,14177,5,2849,2,19,493,110,2,30,7,555,12,6,644,7,23,676,6048,2,30,7,15,134,541,1440,955,13,106,972,139,23553,117,6,162 2
77,4,1692,2,2307,2,501,2,517,2,493,2,4432,2,486,131,2,960,1953,2763,2,4589,683,15,107,2,1266,390,15,107,2,5,2146,2201,3768,13,4377 29,25,19
18,14,85,290,2173,491,15,107,5,2622,6909,15,107 0
6,29,14,453,1831,42,15,4190,1436,27,140 0
23,67,94,2642,50,192,61,23554,5,23,67,728,50,61,2984,12,6,465,1352,368,5,1725,5,12,6,1485,65,761,192,6,2018,100,10,23555,92,50,1074,106,3361,288,12,23,486,465,262,2,5,3290,10,125,108,38,40,1029,15,1525 14,25
29,586,37,18,21,61,699,1916,57,2,37,18,21,61,382,10,7326,23,23556,17,23,3001,2,5,1172,4010,23,3001,86,167 0
18,113,99,37,18,14,460,106,34,423,23,52,386,2,71,18,1185,32,23,1054,8676 0
6,29,21,39,38,19,306,4357,2,5,84,1844,9781,5,9782,191,95 0
6,960,12,6,78,21,61,214,2978,17,38 0
6,29,88,87,44,34,2,255,7,194,2,21,39,11,596,26,121,274,288,2,5,21,11,366,27,12015 0
93,73,4,686,17,15,1396,528,12,11,180,326,2,104,1404,13,15,2846,80 0
67,94,4,23557 14
296,4,1333,5,135 0
23,226,193,53,90,10,452 0
23,118,14,13,1929,6867,432,246,5,253 0
18,21,1236,15,135,145,5,212,80 0
23,187,14,133,2,375,2,13,11,1119 0
18,21,1236,15,3039,263,1791 0
18,21,1236,11,197,445,79 0
23,1031,122,14,686,17,277,100,890,6,9877,23558,19,6,52,663 0
18,21,1236,355,2086,37,3073,814,15,43,502,7,721,2,11,388,26,4110 0
68,14,11,160,17,5806,26,5383,7282 0
80,40,155,15,654,374,2,15,801,2,5,15,2175,481,17,1072,1649 0
784,1172,320,14,37,552,3419,14,448,791,57 0
47,40,31,1029,87,142,10,23,3001,532,47,125,23,654,374 0
47,1805,37,47,519,881,23,63,1528,17,23,8676,2,48,47,209,2282,5506,490,7,23,2305,2,5,10,125,1092,84,23559,19,84,74,2248 0
6708,1473,1695,1012,441,579,8825,518,3419,2,5126,6709,2,6710,8826,6711,14176,1357,51,14178,2,32,2468,32,23,4201,10,1411,2,38,21,61,63,1144,17,6,97,363,198,136,23,263,541,1440,955 0
18,14,2159,448,419,65,15,972,139,6252,2,32,11200,42,23,537,382,10,4010,23,2248,77 0
47,50,285,38,1144,27,4018,13,128,5,23,1436,2,5,23560,14,1442,13,23,1634,10,1411,13,3610,12,6,3435,13,23 0
47,40,6159,10,23,837,2,6578,3419,2,104,295,8605,2,5,125,1092,16,26,24,503,519,907,13,1634,23,286,7405,523,12,15,23561,86,87,5638,68,2,5,237,19,23562,23563,2,5,237,2726,12,15,268,135,2150 0
92,40,954,38,191,95,5,125,1550,84,1230,2,5,47,40,55,2054,12,2505,87,6169,32,2468,32,6155,23,1411,19,23,2248 0
526,7356,4427,2,96 0
23564,4,23565,23566,23567,23568,232,31,177,42,240,312,232 0
