69,49,4,23636,378,325,1124,8829,89,538,581,17,101,961,7,3368,529,709 0
825,167,81,341,310,823,22,59 5,26
1704,3451,607,7601,22,33,12,1426,2,17,654,374,14193,961,654,374,97,376,419,2,14194,963,170,10,10177,268,19,333 30
687,16,14,4596,13,3638 0
254,210,109,22,33 10,29
2571,57 0
155,961,945,2,867,2,5,7067 0
2581,544,7189,164,143,76,453,42,58,8831 1
2931,15,91,1526,434,8830,1091,11537,23637,2,6348,2,718,10,23638,224,144,2,1086,10,10682 2
429,227,546,41,525,52,1468,28,365,41,717,269,28,365,41,523,2032,28,284,41,52,1869,28,130,41,523,3069,28,602,43 0
543,6544,703,3536,9,2120,10,269,2,2032,2,3132,8 2
21,346,57,136,237 0
373,134,1066,1091,2682,227,63,5596,149,1424,2892,2087,2,48,3307,5079 0
1433 0
6052,4,836,1433 0
126,89,583,71,27,38,845,6411,7,5846,364,2,2049,2314,2,5,1047,1836 0
1284,406,12,5153 0
110,23639,2,23640,255,7,194 0
1664,23641,42,685 0
453,42,58,10683,7,305,28,2280,24,586 0
448,57,13,6211,2,4180 0
226,90,80 0
6052,4,288,480,13,2345,17,6172,52,197,1548,3843 0
961,44,4392,66 0
115,50,660 0
226,53,90,19,73 0
126,961,13,305 0
826,2030,5510,2,910,138,2,5,4180,109,22,33 0
2338,1002,76,1283,19,4693,3574,6945,2568,364,21,61,909,2,48,21,31,61,214,2492 0
124,983,1948,80 0
6052,4,1351,37,1116,3502,170,435 0
228,10,1342,130,22,33 0
7600,8832,962,658,13,2586,5,3294,2,11,150,115 0
205,66,17,23642 0
962,480,13,517,2,110,19,6051,2,448,57,86,115 0
453,42,58,12046 0
6052,4,11,280,26,2100,115 0
461,2701,1144,2,835,12,751,7264,2,530,751,4171,2,889,426,2,3450,2,1227,2,5,1804,483 0
155,1005,2,3457 0
250,36,2458,137,2046,1146,11,334,624,1146,36,2458,529,77,7599,154,22,28,2817,4,60,35,27,1090,138,172,925,1151,632,775,632,1883,6051,10684,3189,1572,10685,4,28,2817,4,10686,1572,95,10687,27,420,82,739,2419,77,283,28,2817,4,2923,310,3042,447,22,28,2817,4,51,1366,25,59,2967,283,210,491,25,33,607,10688,25,33,28,2817,4,60,13,1253,26,523,1794,4296,2826,35,1800,82,1286,1456,25,138,662,2842,230,244,59,184,83,22,25,33,4180,491,25,33,2030,6593,1512,1206,59,910,1361,1206,28,2817,4,51,2457,873,138,1342,130,22,25,33,28,2817,4,273,31,4610,228,12,2511,5,3011,2030,6593,1512,1206,59,247,4,23643,1342,130,22,25,33,273,31,4610,1997,1760,247,4,6052,2139,447,22,25,33,12956,10137,5042,247,4,14195,1273,4,6052,36,2458,6510,1759,23644,25,1595,138,14196,23645,4851,5042,247,4,14195,1273,4,23646,36,2458,1116,390,25,59,23647,1719,297,1253,2,2101,5752,1760,247,4,14197,1273,4,6052,36,2458,78,89,30,1284 19,18,29,15,26,30
796,1110,6623,70,5285,984 0
2845,74,740,2,139,304,10689 0
1203,2292,6467,128,30,11,334,128,30,7,878,332 0
603,176,50,39,3212,812,1981 0
179,30,17,8828,2,8796,12,10690,2,110,994 0
1154,3840,2,248,726,65,523,3840 0
2590,27,1502,497,511,119,223,2,1844,938 0
3798 37
11,182,554 0
1564,5,4064,752,139,304,206,23648,208,2187,163,7,213,847,250,1877,7,7074,90,5737,1309 0
11,596,2,1112,2,121,274,2,1609,2,1949,2,901,142,2,2100,713,2,1106,2,255,7,194,2,44,422,2,396,2,1920,2,263,34,2,402,2,435,2,812,588,2,1463,2,807,2,1173,2,754,388,2,26,756 0
93,122,67,94,4575,121,1917,643,224,893,11,180,326,181,11,484,26,2403,202,225,5282,6233 0
725 0
570 0
11,2699,2055 0
2444,599,112,11,342,2,620,2171,2,26,293,229 0
43,293,2427,799,11,815,26,2306,1289,44,6336,10,1043 0
199,225,662,1129,13,1778,194,302 0
11,856,2,1056,2,26,1223,694,135,145,5,212 0
11,387,2,711,2,26,766,187,133,5,375 0
11,1119,26,342,2174,11,79 0
11,4555,3465,3466,11,1076,26,798,277,642,125,260,12,497,14198 0
2531,137,129,177 0
99,2495,42,1777,659,3005,1984,176,55,156 0
10691,809,17,6050,2,5125,19,6624,35,2,2656,2,176,55,8753,2109,10692,1984 0
