69,49,4,23709,132,1524,659,11468,3710,89,538,29,4,4777,2,3254,512,4,14205,132,240,4,58,8835,141,49,4,14216,1524,49,4,14216,581,17,1524,4,1387,132,4124 0
2895,6394,65,1624,9,3775,980,8,10,8836,9,176,738,8,30,7,156,360,4,38,14,15,1324,200,307,345,13,15,299,7,178,103,555,23710,2,104,20,926,19,23711,65,132,58,4653,2,23712,27,6,1824,7349,144,10,58,8835,27,8834,17,4373,1387,132,4124 1,2
16,14,63,23713,13,1627,1455,10696,6,1733,7,132,1469,32,604,12,134,2202 0
12,6,78,63,2934,582,143,13402,20,14217,6688,239,10,256,581 0
1487,16,543,248,91,8810,10697,1643,52,3331,5,5023,1410,1148,4267 0
24,331,21,12161,65,450,7,1624,9,3775,980,2,304,555,8,10,8836,9,176,738,8 2
16,88,290,87,3449 0
16,1886,37,16,20,321,19,4439,304,162,2,48,20,31,1769,173,37,1708 0
58,4653,222,63,3881,609,10,1021,24,132,1469,71,20,1905,7,344,1840,238,7,132,1469,19,362,10626 0
136,4658,3965,27,23714,129,31,23715,10,273,132,23716,10697,1643,1410,143,4267,2,23717,23718,287,4777,10,8834,17,2429,7,132,1071 0
16,21,85,963,170,10,3216,4439,5,10,23719,493,9,23720,4,2210,8,23721,7,1583,1071 0
16,1351,7,756,1861,12,362,882,13,52,386,354,5023,386 0
16,4343,34,19,639,19,52,1382,2,1726,5,3138 0
16,1351,7,928,4595,904,388,71,14218,14219,412,475,542 0
16,14,270,19,634,639,5,3242,13,102,3287 0
16,85,21,106,2204,115,13,657,668,5924,2,1277,2162 0
78,89,30,4,178,103,555,19,14220,2095,2210,1336,116,254,883,9,1627,1455,8,32,9,541,23722,8,1413,77,4,747,2212,1915,82,230,683,59,310,767,778,82,211,925,82,235,446,82,2,210,446,82,138,3268,491,82,138,128,30,4,11,30,7,132,76,12,128,179,30,4,924 2,5,23,19,13,1,18,29,10,26
1860,17,196,159 36
163,7,213,4,32,256 0
11,44,34,2,422,2,4739,2,270,2,2714,142,2,263,34 0
16,586,149,847,168,34 0
520,359,4,8401,196,14221,105,980,41,19,23723,2564,4,1481,1496,9,23724,23725,8,93,122,4,224,4,57,1019,202,4,2417,2,570,112,4,11,1059,181,4,11,484,2,43,3727,44,4,1398,118,4,418,2,11,3801,340,4,375,2,2088,2,43,529,300,302,2,11,1003,516,4,171,79,12,197,217,14219,475,542 0
225,525,582,2,1063,2,2493,2293,5,806,2104,243,31,782 0
853,2122,14222,5,14223,12,893,13,1234,3983,12,4626,1696 0
457,315,649,524,824,689,4468,2397,3830,9,220,8,2197,1680,4468,2837,2635,9,220,8,2621,934,5127,1917,3777,2658,1680,315,379,804,1578,770,4468,2515,9,220,8,14224,9,220,8,788,206,35,208,2077,9,220,8,4468,368,9,220,8,14225,9,220,8,462,206,51,208,2621,5127,449,9,220,46,8,8836,9,220,46,8,462,206,102,208,5535,9,220,8,315,1498,4468,481,4468,903,5127,481,315,335,22,935,1437,4468,2796,4468,3467,2487,5127,3347,2451,3322,315,1434,1830,5127,1862,2675,315,1465,1438,1497,935,5127,154,1439,368,2451,315,298,615,458,266,4468,23726,23727,9,220,8,3467,9,220,8,10306,9,220,8,5127,23728,10372,9,220,46,8,4116,9,220,46,8,14226,9,220,8,315,530,665,698,443,4468,23729,9,220,8,5541,9,220,8,5673,9,220,8,4822,5127,23730,9,220,46,8,14227,9,220,8,8837,11572,9,46,8,315,666,4468,10698,9,220,8,5127,9451,9,220,46,8,242,4,1387,132,1037,12,6,644,7,406,225,132,143,238,17,2429,7,23731,76 0
114,4,161,24,2202,7,187,20,177,13,14228,2,8834,4658,441 0
1455,14,2968,1627,10696,6,542,7,362,3270 0
2629,132,143,238,166,12,362,3270 0
362,717,5,525,238,166,12,6,5023,132,143 0
362,3270,2646,43,12,1118,5886,5,6983,601 0
14228,14,11616,37,132,1071,519,55,346,1961,6468,814,1410,143,3737 0
165,92,50,2604,14229,2,343,3541,10,433,24,14230,19,6,301,17,545,14231,7,744,10,7328,24,882,65,2704,313,12,6,1378 0
108,393,2,1092,16,209,1525,65,545,14231,7,6,3270 0
92,53,3990,24,23732,3764 0
186,29,23733,37,132,1992,261,1071,10697,1643,1410,143,6392,2567,2248,328 0
2239,7,367,3750,2,1641,1358,2,1148,1219,2,328,7,241,6382,7,24,1018,496,4339,10,859,3597,7,964,53,2517 0
278,29,404,37,84,5995,290,15,10699,10,3661,6,3270,65,834,4373,42,2934,23734 0
249,92,40,1150,132,1575,10,428,4918,24,3270,5,10,1167,286,87,1617,6127,32,6,1489,7,132,1037 0
351,108,29,14,781,17,4658,132,23735,2,237,16,40,301,1641,1210 0
92,40,163,170,1775,13,14229,74,14230 0
3018,23736,3144,3436,23737,9,23738,8,23739,132,1783,47,50,201,5,755,6,29,793,80,2,5,50,177,24,512,426,13,1554,12,14232,47,1061,13,608,3144,74,4565 0
29,21,43,4283,3270,13,23740,4096,12,792,86,2002,23741,23742,1757 0
16,21,406,541,76,13,1622,7,6,23743,2,3483,406,225,756,12,8620 0
24,132,1469,50,2777,3606,193 0
24,2353,53,4,35,8,5413,3737,2,5,218,1136,12,6,3256,236,51,8,5887,10087,7,225,1651,1896,54,3331,143,102,8,545,703,32,15,1756,7,5013,955,17,8620,756,92,53,12,12089,13,1554,5,162,10,1297,100,13,15,678,2912,71,92,40,2728,29,1775 0
5356,8835,195,2045 0
