69,49,4,23671,4777,2,3254,14205,23672,49,7,141,4,763,203,312,4,5918,2391,6050,2,96 0
4435,4149,12537,7919,144,14206,23673,1411,23674,2,2193,23675,2337,312,4,3141,2060,23676,2,96 0
7999,23677,23678,1473,224,144,5021,23679,1142,2,23680,23681,14207,7272,2,2193,23682,30,4,287,4777,14,926,17,233,7,1350,164,76,139 1
16,21,30,7,363,328,811,5,15,30,7,127,2,789,5,15,30,7,3795,309 10,13,38
16,21,15,158,30,7,336,1148,76,13,15,334,263,541,1440 0
16,85,21,15,30,7,7602,541,676,13,6188,238,19,134,14208,5,2095,777,1085 0
16,14,139,304,15,7408,371,12,3260,5,39,63,1784,1149,12,1091,2994,13,63,307,786,371,5,6840,313 2
16,658,13,734,714,13,639,819,16,14,382,10,273,373,2874,5,5587,1965,5,974,24,4667,2,48,113,50,173,153,656,7,714,15,223,434,23683,8034,37,97,173,83,606,5,4262,13,468 4
16,21,31,39,87,468,34 0
17,24,734,714,2,16,39,63,2934,91,561,346,97,376,2,48,648,53,773,10,3966,6,23684,6398,6,2365,143,5,63,691,20,382,10,2739,37,16,21,63,1627,1455 0
16,237,39,15,52,3331,143 0
91,561,37,604,1350,164,76,13,15,7735,41,525,52,1468,238,5,406,76,7,6,269,5,1869,13,839,1329,5,15,7603,1622,7,6,717,70,164,13,5933,65,6,269,2453 1
68,20,63,14209,1869,37,2646,10,23685,65,6,70,164,5,68,20,15,1970,7,24,14210,269,13,15,23686,5663,3352,10,6,52,1468,2,48,6,2105,7,38,20,31,90 0
13,6,14211,7,24,3311,2,16,14,926,17,241,233 0
16,21,355,15,30,7,3795,309,5,706,497,198,146,2,113,31,1656,554 38
16,14,924,5,295,12,5465 0
77,4,24,450,3001,563,172,474,22,15,107,2,21,1717,1855,2,4504,109,22,15,107,2,501,196,22,793,15,107,2,210,368,22,15,107,5,3268,109,22,15,107 23,19,18,29,15
93,122,4,15,2464,471,12,11,180,326 0
67,94,7,10693,2,296,7,6409,5,674,662,1048,7,1080,41 0
16,39,11,1078,580,1386 0
44,20,90 0
118,39,43,246,5,253 0
11,1093,26,970 0
68,14,15,1812,653,872,417,1264,6,52,1494,2027 0
24,187,20,599 0
217,227,11,336,79,2,48,214,4622,525,243,37,129,4065,42,1681 0
908,426,4,24,1322,227,399,212,13,52,794,5648,984,5,20,355,483 0
24,258,227,15,4227,7,23687,2,358,2784,5,835,7,130,41 0
320,4,287,4777,279,13,1350,343,76,317,52,1468,5,6544,76 0
92,40,954,5,7785,419,24,9410,3311,5,218,273,3422,1992,10,954,5,3506,6,23688,7,87,14210,2394,5,237,50,15,545,6406,995,703,162,17,24,52,1468,1350,76 0
92,40,85,433,63,1134,10,5694,6441,6,541,676 0
92,40,85,218,470,6,343,23689,10,1022,583,7,6,1627,1455 0
526,4675,54,23690,2,96 0
813,23691,7958,800,4,10694,827,4,10694,818,4,10694 0
