69,49,4,23692,30,7,156,360,963,42,58,4777,10,470,19,3680,583,17,287,3254,4777,104,21,11,30,7,120,48,20,166,10,55,8595,3540 0
287,4777,14,5029,35,2,103,14212 0
24,128,30,14,318,17,81,9,477,971,12,23,4012,8 0
16,21,2213,15,135,131,2454,1811,2490,3540 25
16,14,110,19,15,275,4882,333 0
5035,1998,4,8697,231,1998,4,2784,131,2454,664,27,156,287,4777,14,15,1324,292,661,216,178,103,371,3260,9,7408,8,2,116,2,254,2,23693,2,2787,2,883,2,309,9,196,7171,2253,8,104,279,17,555 36,2,25,13,1,10
962,658,10,23694,224,144,13441,17,2155,7,939,44,34 4
91,429,20,6688,1896,582,3737,239,10,2249,7584,1622 3
1687,429,23695,604,52,1468,238,13,525,1622,2,602,717,1622,5,1006,269,238 3
64,20,1086,10,8834,19,23696,17,241,233,42,6,507,659 0
19,10695,16,543,704,71,604,585,1516,41,13,149,32 0
19,8282,2,91,429,604,102,1654,76 3
91,162,20,1976,5,909,555,117,89,11859 2
24,3293,115,1558,185,5,16,20,1487,874,140,19,9833 4
16,110,1263,17,545,3095 0
136,24,377,19,9833,2,16,21,31,1898,87,280,26,834,44,34,26,270 0
88,655,2,702 0
3829,91,139,4,729,743,3260,2,1339,950 0
729,743,3260,2,1339,950 0
6,29,21,15,30,7,3301,47,714,9,11,4819,7,12764,93,996,8 0
68,21,61,11,134,714 0
6,29,113,31,50,1972,118,353 0
6,29,14,12,43,399,212 0
6,29,21,15,30,7,23697,498,562,3476,4,152 0
78,89,30,4,127 0
336,343,76,14213,263,541,1440 0
1899 0
178,777,1085,1413,188,168,34,883,7602,541,676,2,149,23698,14214,3357,9,5259,8,4,23699,10595,78,545,30,4,103,157,1613,832,955,128,30,4,164,143,76 1
603,587,7,178,27,439,1580,179,30,4,30,7,671,245 1
196,1854,200,3795,309,30 36
1109,667,6,97,200 36
30,7,554,245 0
23700 0
6,29,14,15,507,8777 0
137,4,23701,36,905,77,4,501,196,25,14215,4504,109,25,6713,172,370,25,6713,894,368,25,6713,23702,109,25,6713,93,73,23703,1080,41,19,3210,23704,323,4,15,75,985,1094,79,4,23705,79,282,968,374,4322,792,1571,298,5672,242,5,114,2820,2855,12,6,644,7,23706,13,11,30,7,120,5,1126,4350,358,2059 23,14,19,18,29,15,6
6807,7,1187,38,64,40,1525,65,2629,3680,338 0
1208,4,161,1546,470,17,10616,557,333,151,1041 0
165,131,2454,1811,532,5029,46,102,26,1041,5,5029,51,237,319,2390,1523,2448,32,944 25
2283,131,2454,1811,17,1998,354,761 25
186,1523,2448,1759,881,151,1794,12,5031,7,64 25
249,92,40,207 0
1152,329,2,361,750,13,87,1135,2,81,538,6054,46,23707 0
526,23708,2769,10057,2,5097 0
