69,49,4,23829,1159,51,8011,99,29,74,414,4,2462,23830,485,4,14255,49,7,141,10,6380,4,23831,49,7,1480,10,378,325,4,23832,2778,4,180,274,7,23833,27,542,7,8842,30,1156,65,4,64,2,307,8280,2,1480,99 0
30,7,156,360,4,1182,1576,471,13,216,3757,915,2169,805,5,2755,5103,2,343,6306,2,13,134,225,23834,5,132,143,369,9,8843,8,5,134,91,429,369,10,6,1869,9,8844,8 2
64,658,10,1986,8322,13,1305,263,34,696,6,852,158,10,141,2,1006,12,1819,2,5622,12,6,23835,2339,2,2965,2,5,6432,13,15,34,923,7,23836,34 0
119,8280,16,1547,476,34,12,6,221,13,4201,10,1897,25,74,5,237,734,34,37,2556 0
85,627,13,969,2,261,272,2,11,402,2,11,270 0
432,959,7,15,1824,1597,27,1986,189,2,64,1898,6542,432,746,5,39,180,274,7,731,5,1099,590,12,6,531,74 0
119,1476,948,27,1986,189,2,64,124,1640,17,340,34,9,1013,23837,8,13,2647,4139,3563,27,23838,13,1687,1248,12,111,10,23839,5,321,19,6877,17,94,2720 0
27,6,1140,95,2,64,1305,803,12,744 0
119,8280,16,20,1547,10,55,4924,2648,3071,5,402,5,1898,180,274,7,14256,496,12,6,187,5,197,217 0
408,27,6,1777,23840,23841,180,274,7,14256,27,6,542,7,8842 0
119,949,2,39,23842,882,2,11,5907,1419,2,11,8335,23843,2,864,129,1628,17,541,1619 0
340,1089,8191,48,20,1547,32,15,657,708 0
205,7,23844,222,31,1035,3499,13826,7,929,2,11,133,1377,342,26,4838,10351 0
23845,2647,4139,3563,27,1986,2,13,11,14257,23846,13,7604,266,23847,5,3896,35,956,3552,19,23848 0
85,4531,261 0
1187,1447,10,55,915,211,5,473 18,32
11,2573,20,716,5,23849,5,2309,2,5,1321,129,324,119,444 0
23850,64,20,4249,13,2217,12,6,546,74,19,1464,13,199,1338,10,1971,2,12,644,7,251,298,10,1200,64,20,5233,480,13,2259,9,7606,2,3391,5,7971,8 0
3758,129,718,5,464,2646,90 0
23851,91,785,129,453,13,734,4045,4,3510,3346,8105,7495,2,867,1475,4,2263,23852,11,849,7,44,34,432,24,1682 0
5,11,444,7,23853,147,142 0
23854,331,383,65,2675,10,2361,1447,10,55,915,180,19,188,3632 0
64,1086,10,4428,17,241,1906,7,1364,1619,2,1364,2067,2169,2,5050,2,23855,340,313,2,23856,163,7,1557,19,141,4,623,4,11,655,2,11,702,2215,4,270,2,11,250,2,11,1309,3531,339,4,263,34,32,256,2,11,1463,2,11,2303,2,382,10,50,2714,1368,4,119,1986,189,444,7,3175,389,12,5803,7607,23857,13,476,6029,1031,4,450,476,10,839,1129,12,6,1968,2,23858,1129,12,70,386,2,382,10,1480,10,5,65,2755,7910,4,413,5,646,1094 0
6380,408,4,14258,4,21,450,1479,9,2755,5103,8,2,48,884,1550,648,8845,10,231,73,56,354,542,27,14259 0
36,523,691,227,252,2247,2610,5009,65,8846,56,354,6714,13,6715,7,2012,2067,1876,65,14260 0
6716,2067,2169,19,540,708,2,278,4711,411,1128,2067,743,638,10706,76,23859,2,323,1976,2,640,14261,139,4,180,9085,915,10707,32,10708,7,2385,4224,36,103,14262,6966,9,368,22,98,35,2,130,22,98,35,8,13,2010,7,14263,65,1212,41,10,35,41 0
14264,353,4,6551,3808,563,367,3750,65,134,3476,2,2151,7608,13,14265,7,67,94 0
36,389,732,66,36,792,3509,56,354,758,80,14266,34,4,5961,238,1053,3110,2275,7,3822,201,19,2202,28,2905,5391,313,8506,252,1329,1120 0
278,2,4550,547,1792,2,5,2898,918,36,50,23860,111,5318,110,37,1619,2349,286,14267,1574,4,2647,4139,3563,56,884,108,38,7333,1721,313,2006,9975,588,10709,1159,1976,23861,143,76,4,36,783,6241,19,141,2,48,1487,192,918,2,218,783,4909,12,644,7,5050,158,10,141,36,1009,664,211,2,473,12,2954,7,4688,5845,36,679,501,36,23862,2,2847,2,913,2217,7168,23863,4,36,6034,13,11,1619,36,1194,13,585,1743,41,2,11,7815,2,11,8637,36,556,3645,14268,23864,341,36,19,6380,131,1811,2,40,2524,10,1175,923,78,89,30,4,161,3757,576,10,2169,805,12,8839,6565,3202,12,3104,165,815,4437,186,670,1822,138,910,4715,249,178,103,555,1094,12,2143,561,346,12,1110,3238,4,861,2120,10,602,2,861,2352,10,269,2,1627,2120,10,14031,28,415,8544,23865,313,28,429,13,369,12,1869,8844,351,14247,1180,42,14248,6606,10703,261,8840,876,9,4469,17,389,8,459,1826,74,2,103,225,293,4992,636,789,843,3411,1038,2028,5456,4386,3394,246,109,476,895,5,2540,1552,4462,1574,12,3548,9,51,1045,3552,74,8,66,2238,12,23866,1718,3336,1913,6024,566,3724,3332,10704,2257,3740 2,5,25,19,1,18,10,28,32
52,5351,775,7564,959,12,10704,2407,180,438,4,117,24,1219,16,20,214,2250,5,3206,8175,7857,2685,5,20,1888,117,6154,24,4532,5,1634,10,14249,2813 0
16,21,61,19,3286,5193,5,281,295,13,24,503,19,11,560 0
24,864,74,50,504,136,6256,3799,12,2143 0
2466,225,23867,703,2,132,143,369,8843,3117,334,8575,7,154,2142,12,111,1352,54,2,157,1907,77,4,158,10,141,27,1986,211,370,22,25,33,473,449,22,501,196,22,25,59,2196,196,22,25,33,787,130,22,25,33,1837,1160,138,14269,130,22,25,33,14270,447,22,25,51,291,138,607,83,22,509,2,506,486,131,8568,509,2,564,956,506,23868,1349,10,14251,291,138,3084,4715,51,2457,59,7609,751,51,2457,59,910,4715,51,2457,138,100,10,873,137,4,14271,1512,10707,128,30,4,1095,4920,179,30,4,309,4,2191,12,2143,117,309,6472,17,196,159,554,245,4,706,192,554,12,2143,352,4,2755,5103,3477,4,994,128,4,924,2,567,10414,2,837,9,23869,8,12,3963,93,73,4,973,4,23870,23871,14272,14273,23872,41,3210,759,4,1939,12,886,12,436,23873,191,1041,3677,1349,202,4,850,4686,12,1083,112,4,330,2,487,456,8024,28,293,1059,19,157,44,4,1234,942,27,157,1562,2,355,1398,14274,662,23874,623,4,418,2,8557,2,1812,2993,4879,340,4,4469,175,28,133,2,1325,2,875,516,4,619,2,11,79,323,4,413,2,646,10,2902,2,4428,2,23875,2,2426,28,5623,373,7,2192,7,78,51,3937,28,951,1746,175,28,693,2,1419,12,2295,324,1203,2,531,23876,1203,28,590,3804,1203,12,2295,2,10710,531,28,395,4092,2295,2,515,4092,531,28,466,992,175,2295,2,1849,12,531,74,944,8388 14,25,19,38,18,28,30,17,32
258,4,4428,67,14275,23877,1903,46,23878,397,9,510,282,8,3622,9,1298,8,294,633,9,510,282,8,2200,9,1259,8,294,749,9,510,282,8,5853,72,9,1299,8,294,689,9,510,282,8,23879,54,9,1420,8,294,379,9,510,282,8,2141,72,9,1300,8,169,331,9,510,282,8,758,72,9,1586,8,169,358,9,510,282,8,5535,72,9,1354,8,169,442,3261,54,9,1482,8,169,1531,2702,54,9,1727,8,169,1042,2644,9,1690,8,1421,488,975,4724,54,9,2588,8,550,1370,3515,54,9,2513,8,550,1937,2361,9,2310,8,550,2152,1123,1517,9,2514,8,169,488,1123,1710,9,3876,8,169,1813,1850,2038,9,3877,8,612,2447,109,9,3878,8,612,2446,3010,9,3890,8,3891,2309,2487,9,3892,8,3893,1103,1096,3378,2129,9,2550,8,1245,1700,1891,1475,9,3186,8,41,1700,2109,3995,1431,252,10,3996,2151,1475 0
2288,3346,9,2551,8,1245,2373,1163,9,3695,8,612,1103,1096,10601,9,4068,8,612,2198,2,3921,4916,10711,1344,4,23880,8654,4,23881,4428,67,14275,23882,1903,46,23883,298,4519,72,9,1260,8,398,266,5661,54,9,1969,8,41,458,3380,54,9,2216,8,1399,615,23884,54,9,2326,8,1779,443,10712,9,1507,8,1301,530,365,9,1340,8,1141,665,4936,9,1448,8,1561,698,6342,9,1449,8,550,666,5324,9,1383,8,41,64,3879,72,9,3185,8,1057,1046,1792,1046,2627,53,6144,316,17,1855,5619,364 0
2165,23885,54,9,2969,8,1057,1225,1856,431,1307,1081,1192,1658,1645,72,9,1698,8,41,1102,109,54,9,1780,8,41,1145,102,54,9,1699,8,41,732,83,9,1857,8,41,1193,515,9,1816,8,41,559,2336,23886,72,9,2166,8,398,559,1102,23887,9,2167,8,398,559,1145,9369,72,9,2485,8,398,559,732,11306,72,9,2168,8,398,559,1193,2748,9,2228,8,398,1513,152,9,43,8,1458,152,9,43,8,2412,152,2486,152,2130,4,389,2,67,1964,98,51,14276,27,4428,28,7496,148,1519,28,4765,850,10713,148,1519,147,4,764,27,368,2,324,1000,2,307,518,2579,12,9802,464,9,6717,8,4,185,44,86,280,26,14277,4237,26,14278 0
91,1118,43,2,11,359,7,79,26,10714 0
3228,142,32,297,5,70,4321,1824,1597,32,297,86,1451,3927,26,6260 0
691,9,23888,8,4,122,4,691,7,6,815,2,2012,2,1567,929 0
122,49,4,10715 0
2666,2761,4,6,158,2761,53,1509,17,2666,10,239,5784,14279,2533 0
2666,14,1074,13,6,444,7,158,6488,205,65,1091,9606,23889,200,307,471,13,30,7,3757,65,3805,1219,12,3104,13,280,466,274,5,731,274,944,8842 0
4330,4,23890,2247,2435,129,1156,7,6,815,2,2012,2,1567,929 0
6,10716,2247,2435,53,1156,65,7019,814,6714 0
6,2435,53,2981,721,23891,12,6,2012,5,1567,929 0
6,815,929,691,20,2304,497,511,239,10,721 0
11,1641,20,1109 0
584,4,815,929,4,10717,7,6,815,14280,14,166,65,10718,814,3266 0
1033,3188,2610,2093,4342,2026,7,2247,344,2610,667,6,14212,5,5912,2014,1782 0
806,2028,8847,13626,53,156,27,23892,2,14281,2,14282,2,14283,2,23893 0
6,29,14,139,304,806,3580,5,3423,71,1757,6654,6704 0
6,3580,65,23894,814,4002,2,937,166,2,14,31,57,2445,239,10,721,6704,5,6654 0
2012,929,4,68,14,2000,3423,7,5561,10,8848,13,274,7,2289,7,5561,5,900,8782,27,38,680 0
7610,14,166,65,4957,814,8848 0
68,14,900,2247,344,2610,667,6,2067,2474,27,6,5561,542 0
2247,252,2610,5009,53,166,806,10,6,2067,27,8846,814,23895 0
15,344,2610,23896,14,156,814,38,2655,27,8849,5,2460,65,23897,814,6714 0
38,252,2247,2610,2655,23898,6,2067,1876,65,8849,814,7019 0
6,2067,14,350,65,8849,814,7019,557,13,7610,5,344,2247,2610 0
344,2610,14,85,156,12,6,2067,2474,7,6,525,2012,2067,5,27,6,8850 0
350,1521,7,2247,344,2610,14,166,12,23899,6,525,2012,2067,5,6,1076,7611 0
1567,929,4,10717,7,6,1567,929,14,166,13,1840,35,14284,7,3041,19,3394 0
68,14,15,23900,13,1709,27,8851 0
2028,2093,2247,23901,667,363,1567,4808,5,2028,2289,274,27,8851,2,6056 0
2247,344,2610,27,6,14285,53,166,1013,6,8851,5,6056,2028,1733 0
634,10,406,238,7,6,225,8167,4178,27,6056,7371,1407,5,2028,2289,274,7,6056,14,166 0
6,29,21,39,158,162,7,6,7186,5207,7,3041,5,3394 0
6,8850,9402,27,23902 0
6,1076,7611,2122,14286,23903,5,68,14,2247,344,2610,1013,6,412,1076,7611 0
2247,344,2610,14,166,27,6,525,1694,7,6,9693,8168 0
320,4,161,252,2247,2610,5009,65,8846,814,6714,13,6715,7,6,2012,2067,1876,65,8849,814,7019 0
6,1225,494,17,38,2655,1128,2100,1329,6704,26,23904,23905,26,3902,5009 0
1491,6895,2012,5,1567,929,691,13,1641,5,2247,23906,814,6,54,929,5,775,929 0
108,1737,1683,2,539,540,775,929,691,13,1641 0
58,13833,20,2925,7,38,27,23907,852,19,10715 0
165,7610,7,6,2012,2067,65,23908,542,5,27,23909 0
186,6,1076,7611,53,14287,10719,48,50,15,14286,12,893,3925,23910 0
540,10716,2435,814,6,3504,1076,7611,519,419,1514,38 0
249,1715,2028,76,7,6,1567,929,27,8851,5,6056 0
1715,2028,76,7,6,815,929,27,14281,14282,14283 0
351,158,545,3423,7,6,815,929,5,23911,53,14287,1121,19,6,708,239,10,721 0
361,125,158,205,444,17,6,885 0
459,149,900,8782,13,2289,274,27,5561,479,4389,5,176,55,65,158,1328 0
691,9,6717,8,4,691,2012,5,1567,929,86,5,13,6295,30,4,30,7,498,2067,2169 0
139,304,134,14233,703 0
110,13,2079,696,7,274,7,197,445,731,496,5,466 0
2666,4,691,929,5020,10715 0
746,4,23912,512,908,7,6,3504,929,20,716,86,5,13,6295 0
584,4,68,14,63,307,2169,805,27,8848 0
68,14,12401,7,6,43,8782,27,38,542 0
68,14,11,160,7,3188,79,10,1208,180,805,12,6,929 0
68,14,10717,7,6,43,1567,14280 0
68,14,1840,35,14284,7,3041,19,3394 0
68,14,1715,228,12,6,4386,5,5478,1273,23913 0
68,14,264,2247,2610,12,6,4386,5,5478,4808,278,6,4070,14285,53,57,3114,2,5,598,566,319,31,55,1667,6853,2,84,14,2905,214,2081 0
68,14,15,350,1824,2028,23914,27,23915 0
68,14,11,160,7,182,4132,238,12,6,2012,26,1567,929 0
122,7,6,2067,2093,7610,2460,65,6,8848,542,7777 0
68,14,2180,1329,6704,12,6,3490,4280,6,23916,2067 0
6,8850,14,14043,5,2093,6954,19,2247,14288,10720 0
68,14,11,627,6786 0
11,343,1329,14289,53,3245 0
68,14,15,350,70,1079,1205 0
68,14,3323,27,6,70,409,1562 0
38,176,2264,2258,26,3843,5,8092,13,44,810,14,909 0
320,4,7088,5,2610,1954,12,6,8850,7798,19,188,7610 0
6,1225,494,1128,2067,743,2,5,10706,76 0
343,7254,5,9202,53,2905,553,218,239,10,6,2615,7,343,1329,14289,5,1138,6786 0
2202,4,2202,7,6,1455,13,10721,20,8583,32,119,11692,1811 0
584,4,239,10,6,1819,7,691,908,2,6895,10720,129,716,10,1514,6,5754 0
6,3533,7,6,263,5842,53,31,2968,1121,5,108,1737,1683,2,575,10720,519,55,716 0
38,20,15,8704,851,708,239,10,4077,1641,2709,5,1129 0
6,29,20,3377,5,773,10,9331 0
11,160,17,63,541,1619,14,3245 0
68,14,634,238,7,6,52,4321,143,1053,3110,2567,2275 0
6,3235,4995,14,861 0
68,14,14290,238,1053,3110,6,2275,7,6,3352,5391,143 0
6,132,1469,319,31,55,4899,19,38,708 0
320,4,161,851,708,239,10,14279,811,5,29,1129,278,11,160,7,63,541,1619,14,3245 0
15,540,691,13,419,1641,2709,5,5499,176,55,1156,108,1737,1683 0
165,634,238,14,166,1053,525,10,6,2275,7,6,52,4321,143 0
186,14290,238,1053,3110,6,2275,7,6,3822 0
205,929,9,6717,8,4,444,548,23917,2797,4,1182,1576,23918,629,13,280,1030,1479,2,263,34,2,4462,1574,2,1387,132,353,2,962,3810,17,541,1619 0
23919,494,836,23920,314,10722,13491,638,3902,1867 0
14258,4,21,450,1479,9,2755,5103,8,2,48,884,1550,648,8845,10,231,73,56,354,542,27,14259 0
523,691,227,252,2247,2610,5009,65,8846,56,354,6714,13,6715,7,2012,2067,1876,65,14260,28,11,2067,2169,19,540,708,2,278,4711,411,1128,2067,743,638,10706,76,14071,5,5913,640,23921,1076,205,10,1514,17,3902,1867,13020,736,2,949,21,963,17,691,13,1597,6057,5,23922,10705,10,1364,743,2,71,21,61,1817,14261,139,4,180,9085,915,10707,32,10708,7,2385,4224,28,103,14262,6966,9,368,22,98,35,2,130,22,98,35,8,13,2010,7,14263,65,1212,41,10,35,41,2,110,19,3210,1742,3838,53,1204,41 0
4931,651,5,4860,32,1620,23923,14271,1512,32,1146,14264,353,4,6551,3808,563,367,3750,65,134,3476,2,2151,7608,13,14265,7,67,94 0
11,1641,27,1986,28,389,732,66,28,23924,23925,41,28,792,2361,758,80,7343,792,14266,34,4,5961,238,1053,3110,2275,7,3822,201,19,2202,28,2905,5391,313,8506,252,1329,1120 0
278,2,4550,547,1792,2,5,2898,918,36,40,207,23926,139,2,1942,2,34,14267,1574,4,2647,4139,3563,56,884,108,38,7333,1721,313,2006,611,12,644,7,473,2,211,10709,1159,640,2,2788,19,2107,2573,23927,23928,211,2,473,17,110,23929,313,4,783,6241,19,141,2,48,1487,192,918,2,218,783,4909,12,644,7,5050,158,10,141,36,664,211,2,473,12,2954,7,4688,5845,36,2712,266,354,154,36,679,501,1808,4,6034,13,11,1619,28,1194,13,585,1743,41,2,11,7815,2,11,8637,36,556,2,14268,913,2217,7168,212,36,764,23930,341,4,1175,923,873,36,40,11693,10,486,631,14291,4318,23931,4,2296,333,32,2573,218,19,4858,23932,4,679,742,2,2552,2537,124,1693,17,588,23933,4,40,301,997,631,185,28,4381,23934,4,275,23935,23936,2871,8435,2,96 25,19,18,32
378,325,1327,23937 0
