67,54,4,29114,29115,5768,4523,9980,39,599,1733,10561,1073,315,3,12,9981,882,64,4523,3,50,38,6,1174,7,122,3226,3497,12,9982,528,224,89,12,513,17,23,374,181,120,76,5,95,168,10,7669,3826,13,15,5400,185,778,490 1,1,1,1,1,1,1,1,1,1,1,1,1,1,1,1,1,1,1,1,1,1,1,1,1,1,1,1,1,1,1,1,1,1,1,1,1,1,1,10,10,10,1,1,1,1,1,1,1,1,3,3,3,3
35,50,7499,1671,360,1773,3,16,14,15,3953,1578,87,302,767,3808,30,7,2595,76,7808,9983,584,12,6,871,586,82,3,2147,763,155,373,161,315,53,473,2882,11363,3,5,181,120,76,3,161,16322,10,6,309,5,614,12,388,5,1733,3,2519,3,5,3135,6567,1843,27,6,85,7,23,7454,1300,11363 1,1,1,1,1,1,1,1,1,1,1,1,1,1,1,1,1,1,1,1,1,1,1,1,1,1,1,1,1,1,1,1,1,1,1,1,1,1,1,1,1,10,10,10,1,3,3,3,3,3,3,3,1,1,1,1,1,1,1,1,1,1,1,1,1,1,1,1,1,1,1
27,37,85,3,318,593,275,5719,1053,7,2829,912,783,23,614,3,355,13,899,6008,1489,157,5,4561,3,13,15,232,4394,295 1,1,1,1,3,3,1,1,1,1,1,1,1,1,1,1,1,1,1,1,1,1,1,3,1,1,1,1,1,1
11,251,143,469,138,6,2829,4669 1,10,1,1,1,1,1,1
1703,3,866,1132,275,44,1038,589,400,3,13,1619,4920,4077,55 1,1,1,1,1,1,1,1,1,1,1,1,1,1,1
23,1263,7399,20,5322,3,23,1263,897,20,16323,3,5,23,1263,3311,20,16324,16,38,15,422,569,438,11451,29,423,417,20,2308,597,23,48,1862,20,1004,3,139,75,92,20,126,97,7998 1,2,2,2,2,1,1,1,1,1,1,1,1,1,1,1,1,1,1,1,1,1,1,1,1,1,26,1,1,1,1,1,1,1,1,1,1,1,1,1,1,1,1,1
16,20,261,16325,3,5,38,359,60,597,29116,3,186,16,61,10,9982,13,2312,695,3,46,55,301,1719,788,695,5,437,477,810,23,105,321 1,1,1,1,1,1,1,1,1,1,1,1,1,1,1,1,1,1,19,19,1,1,1,1,1,1,19,1,1,1,1,1,1,1
16,38,15,269,805,3,5,20,943,2259,10,103,593,3,75,275,15,637,309,243,9,537,10,52,6,4674,8,5,2763,614,243,3,394,7,75,143,251,13,2514,251 1,1,1,1,1,1,1,1,1,1,1,2,2,2,2,2,2,2,2,2,2,2,2,2,2,2,2,2,2,2,2,1,1,1,1,1,3,3,3,10
27,37,85,6,1771,20,1049,10,118,23,423,66,447,10,850,35,62,1101,10,2774,23,39,355,3,138,23,30,5,76,4669 1,1,1,1,1,1,1,1,1,1,26,1,1,1,1,1,1,1,1,1,1,1,1,1,1,1,1,1,1,1
159,37,168,3,16,21,359,6447,60,3,5,61,89,97,234 1,1,1,1,1,1,1,1,1,1,1,1,1,1,1
16,86,10,321,58,2331,16260,16080,97,380,116 1,1,1,1,1,1,1,1,1,1,1
16,1149,90,48,34,3,437,3,739,3,760,3,26,194,114,93 1,1,1,1,1,1,1,1,1,1,1,1,1,1,1,1
16,21,38,11,418,3,29117,3,26,725 1,1,1,1,1,1,1,1,1,1
16,21,173,3239,23,353,10,12114,15195,5,29118,29119,3,13,15,108,47,140,314,3,5,14,6758,10,268,988,23,140 1,1,1,1,1,1,1,1,1,1,1,1,1,1,1,1,1,1,1,1,1,1,1,1,1,1,1,1
16,258,37,16,190,484,1328,408,5,29120,334,60 1,1,1,1,1,1,1,1,1,1,1,1
16,109,31,37,598,27,40,285,3,186,16,14,29121,3,16,41,49,23,94,5,461,23,589,10,52,29122,3,51,40,468,467,630,435,134,16,3578,3,5,23,94,57,1328,27,163 1,1,1,1,1,1,1,1,1,1,1,1,1,1,1,1,1,1,1,1,1,1,1,1,1,1,1,1,1,1,1,1,1,1,1,1,1,1,1,1,1,1,1,1
16,21,38,11,361,116,19,6,1775,4621,389,3,1151,31,52,19,15,2319 1,1,1,1,1,1,1,1,1,1,1,1,1,1,1,1,1,1
641,23,2147,763,155,373,3,92,14,808,1535,37,16,38,11,202,7,2024,76,5,37,1809,143,72,29,16,14,31,137,104,17,88,3679,340,3,51,41,52,976,96 1,1,1,1,1,1,1,1,1,1,1,1,1,1,1,1,1,1,1,1,1,1,1,1,1,1,1,1,1,1,1,1,1,1,1,1,1,1,1,1
23,372,95,689,20,8502,3,75,20,72,17,202,7,10932,43,29123 1,1,1,1,1,1,1,1,1,1,1,1,1,1,1,1
641,23,2091,30,7,2595,3,16,14,96,27,16326,19,62,1908,1721 1,1,1,1,1,1,1,1,1,1,1,1,1,1,1,1
23,80,39,30,158,4,212,110,2963,1421,9,486,1559,614,13,232,2511,3,2132,13,117,251,10,6,614,8,3,431,388,9,309,251,8,3,811,2095,4730,35,270,110,4561,3407,1843,12,481,7,2095,2595,82,547,33,4486,3,2187,7454,2147,763,373,110,59,473,2882,4730,287,9,266,926,5,365,580,33,527,3052,12,6,80,97,681,1255,8,1220,1619,763,196,399,3394,23,39,158,4,236,382,22,423,850,22,252,462,22,25,32,784,669,22,25,69,2950,8951,478,906,16,21,15,30,7,1098,9,616,8,13,218 1,1,1,1,1,1,1,1,1,1,1,1,1,1,1,1,1,1,1,1,1,10,1,1,1,1,1,1,1,1,1,1,1,1,3,3,1,1,1,1,3,1,1,1,1,1,1,1,1,1,1,1,1,1,1,1,1,1,1,1,1,1,1,15,1,1,1,1,1,1,1,1,1,1,1,1,1,1,1,1,1,1,1,1,1,1,1,1,1,1,12,1,1,26,1,1,11,1,1,1,1,9,1,1,1,1,1,1,1,1,1,1,1,1,1,1,1,1,1,1,1
23,150,30,14,639,17,287,5,106,3,51,72,17,212 1,1,1,1,1,1,15,1,1,1,1,1,1,1
16,285,12,278,3,5,1863,963,6,11843,35,1678,7,23,2746 1,1,1,1,1,1,1,1,1,1,1,1,1,1,1
16,98,285,15,493,65,15,113,27,6,1845,29124,12180,3,5,285,35,15,29125,29126,15,493,85,15,113 1,1,1,1,1,1,1,1,1,1,1,1,1,1,1,1,1,1,1,1,1,1,1,1,1
16,14,920,3,5,245,12,9945,2579 1,1,1,1,1,1,1,1,1
16,5,23,551,46,210,727,3,440,558,816,1173,816,125,816,900,29,677,46,11,2029 1,1,1,1,1,1,1,1,1,1,1,1,1,1,1,1,1,1,1,1,1
16,21,636,238,1711 14,14,14,14,14
16,728,36,2361,7,3946,15,421 1,1,1,1,1,1,1,1
19,102,77,89,3,16,21,15,130,156,7,447,5,15,63,94,7,29127,3,13,15,140,7,3113,47 1,1,1,1,1,1,1,1,1,1,1,1,1,1,1,1,1,1,1,1,1,1,1,1,1
16,14,15,60,387,60,2056,767,12,11,758,342 1,1,1,1,1,1,1,1,1,1,1,1
23,576,14,29128,632,29,16,21,11,216,222 1,1,1,1,1,1,1,1,1,1,1
23,155,57,91,10,463,100 1,1,1,1,1,1,1
16,21,15,145,156,5,239,13,15,44,304,5,15,2118,2111,310,3,5,11,213,3,502,3,26,9868 1,1,1,1,1,1,1,1,1,1,1,1,1,1,1,1,1,1,1,1,1,1,1,1,1
23,214,14,703 1,1,1,1
16,14,617,5,60,1070,330,97,173,93,3,5,13,217,79,133,100 1,1,1,1,1,1,1,1,1,1,1,1,1,1,1,1,1
23,177,12,224,89,14,924,27,447,13,284,53,585,448,3,15,16327,5032,3,5,811,662,804,12,16328,3,543,13,62,811,431 1,1,1,1,1,1,1,1,1,1,1,1,1,1,1,1,1,1,1,1,1,1,1,1,1,1,1,1,1,1,1
12,1351,3,40,14,15,1578,87,302,498,121,38,15,3407,1843,12,6,481,7,3135,811,2095,3,161,315,899,16329,5,4561,7,199,4289,2025,7,1885,4471,4472,251,12,23,614,3,121,1282,36,87,525,9,7233,8,13,2035,132,110,2731,10,23,614,5,309 1,1,1,1,1,1,1,1,1,1,1,1,1,1,1,1,1,1,1,1,3,3,1,1,1,1,1,1,3,1,1,1,1,1,1,1,1,10,1,1,1,1,1,1,1,1,1,1,1,1,1,1,1,1,1,1,1,1,1,1
16,14,132,1497,161,315,40,993,138,23,30,3,119,740,13,4621,340,3,13,15,104,17,6987,423,5,203 1,1,1,1,1,1,1,1,1,1,1,1,1,1,1,1,1,1,1,1,1,1,1,26,1,1
546,16,606,1398,2809,1356,540,3,92,237,52,404,10,377,228,10,447,29129,252,3,51,119,237,31,3411,3565,7,1275,7,571,39,7849 1,1,1,1,1,1,1,1,1,1,1,1,1,1,1,1,1,1,11,1,1,1,1,1,1,1,1,1,1,1,1,1
23,63,94,5,130,156,57,60,179,19,23,137,389,3,35,722,43,23,163,67 1,1,1,1,1,1,1,1,1,1,1,1,1,1,1,1,1,1,1,1
23,580,14,1143,839,3,13,15,266,926,37,20,29130,43,7384,3052,12,6,80 1,1,1,1,1,1,1,1,1,1,1,1,1,1,1,1,1,1,1
50,4013,23,1533,37,13,268,29131,314,5,288,3,571,41,394,265,10,839 1,1,1,1,1,1,1,1,1,1,1,1,1,1,1,1,1,1
35,50,46,235,13,16,5,23,551,3,138,23,30,7,2595,82,3,35,60,35,23,374,212,3,16,14,91,27,341,17,1398,927,3,158,6,284,7,556,164,12,6,1398 1,1,1,1,1,1,1,1,1,1,1,1,1,1,1,1,1,1,1,1,1,1,1,1,1,1,1,1,1,1,1,1,1,1,1,1,1,1,1,1,1,1
119,41,52,6188,43,23,116,3,5,16,731,10,454,271,134,16,21,88,29132 1,1,1,1,1,1,1,1,1,1,1,1,1,1,1,1,1,1,1
92,20,15,1174,10,122,293,3497,12,528,224,89 1,1,1,1,1,1,1,1,1,1,1,1
50,41,104,10,122,201,12,513,12,320,129,85,3,51,16,731,10,454,2110,546,16,46,88,147,26,479 1,1,1,1,1,1,1,1,1,1,1,1,1,1,1,1,1,1,1,1,1,1,1,1,1,1
641,3,1426,5707,6544,6182,3,1689,3,3883,426,4,64,3226,7488,2068,164,7669,3826,124,64,2737,9984,10784,150,3780,599 1,1,1,1,1,1,1,1,1,1,1,1,1,1,1,1,1,1,1,1,1,1,1,1,1,1,1
