69,49,4,24167,520,359,439,24168,67,94,9766,121,8722,946,651,1048,980,41,1332,200,307,29,279,17,6,640,4,437,7,120,2,127,85,279,17,93,122,5,1631,2290,5,1108,215,88,5420,2,1612,88,2290,34,2,2188,7521,2,377 5,13
11,6493,588,589,10,1374,2,1599,24169,12,1731,10,907,23,4040,1171,26,2803,423,21,15,250,2,8450,1685 35
1822,5445,48,31,947,850,1361,77,4,119,1363,1146,4,1573,1183,4,1404,17,352 0
2660,106,6248,373,123 0
88,24170,2474,245 0
826,14361,5,442,88,4771,1446,499,36,88,121,228,2,596,2,469,2,1112,88,484,26,181,505,88,868,2,1099,4493,2,976,394,88,438,2,914,2,535,4493,88,339,326,2,228,12,1077,26,300,1183,88,757,34,2,388,88,668,24171,88,24172,12,352,2059,88,1106,385,638,32,166,436,413,5,646,98,102,181,36,11,484,26,505,4808,1929,2,43,343,5743,2478,388,10696,362,1176,36,4906,568,6719,3526,175,5760,11,399,277,11,802,505,2,11,6601,2715,26,2597,11,620,2171,26,277,11,24173,780,44,90,10,6545,574,579,91,43,2673,11,10023,492,546,1714,2641,11,24174,7616,10745,2218,340,11,24175,4341,722,2290,4,24176,36,43,2907,2,11,24177,43,668,5792,5269,36,11,721,277,26,377 0
1108,2752,1156,9301,36,11,3562,26,10619,24178,812,36,11,24179,1132,66,28,43,5907,1419,11,4554,11,757,1205,2,4110,26,277,413,5,646,98,102,28,43,6674,5,672 0
43,590,5,1419,582,5,293,243,171,863,11,229,967,5,64,243,915,193,744,36,11,4914,2,1720,2026,7,181,19,1375,663,466,19,744,175,10,4049,193,1098,4383,389,5838,1160,251,242,36,120,338,21,504,28,92,50,2052,264,184,4906,568,6719,36,3636,162,2665,9641,114,36,1108,215,548 5,15,6
750,13,24180,1772,5078,119,10746,29,2737,995,333,2,352,2,14361,2,442,2,24181,24182,2,4771,28,2692,24183,19,671,2670,752,36,1384,27,400,101 0
781,10,6639,40,808,12,2003,198,1428,10,2296,850,1900,155,389,5838,400,101,64,3646,568,1207,36,6824,6695,2076 0
40,3340,400,95,9,10,1514,380,162,10,568,6719,8,1522,74,5012,5,177,4894,10742,2,195 0
