69,49,4,24184,3281,2703,424,1153,101,384,4,1887,292,471,299,438,2,4187,2,2039,2,178,2,892,2,116,2,6939,2,293,238,2,883,2,401,17,440,5,356,7,472,5,150,188,424,167,234,4,29,288,658,10,3281,13,892,103,1488,6992,4339,10,52,24185,24186 1,5,13
11,1217,996 0
16,20,1632,10,3281,819,16,1683,16,39,39,51,1084,534,12,498,376 0
1693,17,91,24187,124,2364,7,806,6896,359,2,6860,27,3281,2,299,7,1217,115,2,5,182,1328 0
16,2349,286,17,371,2,39,1194,1508,585,1662,41,48,39,5762 3
3720,5,1820,4287 3
507,20,1195,1976 0
63,14033,415,215,20,1209,716,5,604,149,5762 3
6299,2892,313,2,1195,15,24188,20,716,5,227,634,14362,571,12,6,602,5,525,4391 3
6,29,85,543,63,7617,708,37,20,11705 0
63,14090,4637,6337,20,730,19,12629 0
150,500,100,7,892,1717,5250,1508,149,8366,238,28,949,470,1447,472,584,129,2081,10,55,6,1489,7,24,892,5,2738,13,986,233,7,91,4298 0
12,144,2,20,166,37,64,39,39,130,946,121,274,191,498,198 0
162,20,1976,995,7902,301,17,1388,7,15,334,832,2,2440,233,20,37,6,832,20,599,86,359,7,1233,5,68,20,11,301,17,2887,1388 0
1713,2155,1717,324,1005,5,24189 0
6,29,39,39,15,134,44,5,340,205,5,752,37,39,11,160,7,1843,26,3199,24190 0
3457,5,1827,918,5,28,24,1198,20,251,27,24191,2,278,4528,1178,2,1033,11338,2,1033,609,129,192,43 0
6,29,74,1546,5,25,1269,504,7425,103,522,17,613,13,63,1996,300,322 0
1053,158,10,855,2,117,3980,65,63,6390,7617,708,6,29,321,10,8868,14363,6522,9,1508,577,151,31,2604,10,1783,8,5,4515,24192,6232,9,403,47,1376,784,24193,24194,348,8 0
3159,20,1976,5,4688,6,29,20,460,15,5557,656,12,644,7,2233,950,5,306,1394,3476 0
84,20,11708,37,63,2887,14364,950,20,2213 0
950,346,19,1353,1032 0
119,1353,1906,2,64,39,61,14365,5,2250,17,614,198,13,657,535,2,14366,2,5,476,2437 0
6,64,6245,37,16,39,587,106,95,146,5,20,281,12,8869 0
16,1989,37,16,39,61,699,37,16,39,24195,393,24196,2,37,10747,519,31,24197,170 0
16,1989,37,16,39,587,2,5,237,241,1989,37,42,38,16,24198,37,645,16,1279,55,6228,3410,2,490,16,519,31,55,24199,2,16,20,17,192,24200,5,8649,2,24201,6796 0
16,39,61,460,24202,24203,5,39,61,936,37,16,39,24204,2272,256,10747,5,17,37,209,55,24205 0
19,6,3976,4832,2,287,8380,20,321,19,2941,83,22,71,20,6261,100,10,15,262,7,105,22,283 0
4781,20,5305,5,6261,100,10,3189,2048,13,6552,5,13530,1051,12,24,1534 0
6,29,85,4983,572,2538,71,4859,10,3437,4127 0
27,6,95,7,377,2,6,29,1547,199,1077,2,3169,535,9,173,614,697,15,420,2,847,5162,13,1612,8,2,5,182,1051,7,24,438 0
16,241,166,37,24,6232,7,537,24206,10,8869,129,411,1625,156,2,645,573,553,5795,271,712,141,2,5,16,1547,37,16,20,382,10,14367,38,24207,403,373,7,6,95 0
8079,1011,716,432,3976,1682,1508,182,5922,4124 0
16,39,2893,1479,12,3970,2,1702,2,24208,24209,2,24210,4619,2,5,2405 0
16,39,214,657,12672,7,280,1908 0
64,20,874,10,140,13,63,1269,1207,12,6,5629,144,3159,724,17,6,640,107 0
16,21,136,453,100,13,8436,10370,2,819,2941,262,2252,7885,10,1248,24211 0
80,2,29,267,504,1534,2,11,1735,404,423,2,11,1735,404,10178,2,32,645,12,8869 0
21,986,10,2651,423,2941,10,10748,283 0
701,58,7618,19,3269,2,549,37,29,454,126,10,1682,19,252,262,2941,17,110 0
64,32,2697,21,61,6608,423,4781,32,57,2,290,84,1980 0
267,106,1024,3732,12,70,1270,576,10,1613,832 0
3990,1115,13,58,350,56,24212,24213 0
300,1445,573,419,2,781,2003,511,119,107 0
290,5458,7,8742,5,6248 0
316,847,613 0
11,263,34,11,268,3647,534,499,4,224,4,2437,542,2036,2,21,2476,105,727,136,377,181,4,11,690,2,571,202,4,11,568,34,2,5878,2,4174,7,688,2,11,280,1373,34,91,4,11,44,422,11,396,305,4,11,1265,2,11,188,250,339,4,1114,613,11,2,11,435,1368,4,24214,1612 0
31,834 0
40,356,27,3759,13,6498 0
1031,4,11,182,1861,1030,4,11,24215,167,637,4,161,2434 0
39,39,120,17,354,462,831,165,116,98,831,186,254,249,1413,351,2187,9,166,19,340,205,8,459,1638,1137,1842,10749,19,44,4,453,42,10750,636,625,238,843,756,4,1404,15,1450,4382,297,5599,699,2598,12,386,1038,2711,1065,1613,832,4,7553,548,162,854 10,5,13
314,2996,832,579,4,438,1163,4,4187,788,4,2039,77,4,896,547,9,172,8,370,22,25,33,7619,204,22,25,33,5981,1503,35,1593,2478,59,1151,9,1255,8,35,347,25,33,635,368,22,25,33,184,130,22,25,33,2074,397,9,888,8,204,22,25,291,5473,9,2941,8,10751,22,25,283,6662,6663,9,3463,8,1143,1800,25,33,5920,812,9,4122,812,8,109,22,2504,33,138,206,613,208,8870,284,22,25,1980,556,2461,1380,1062,9,771,677,8,204,22,25,33,1133,9,737,8,758,22,25,33,4211,9,3437,8,462,22,25,513,1244,138,206,2039,208,2689,767,83,22,25,33,310,447,22,25,33,137,4,747,1183,4,309,4,31,281,2,1590,1055,24216,532,439,1280 19,38,18,29,15,26,20
6527,430,4,31,281 0
1109,10,1656,8416,2053,4,152,333,4,5458,7,8742,5,6248,352,4,1404,684,10,35,24217,424,927,4,1772,4,50,39,12,78,1551,1291,4,1302,1401,1291,1158,200,752,4,346,12,1740,1508,316,149,2729,14368,1108,215,4,6044,6420,4,6044,14369,1631,4,578,4206,4,2280,10752,58,4646,866,451,159,14370,4,2280,3374,814,3759,3339,139,4,3528,4,2840,14371,4,2840,5925,4,2840,5117,4,503,2,10753,14,763,3397 0
4090,14,567,2,3662,10754 0
715,139,4,21,31,2616,32,7,1911 0
990,4,1742,1100,4,3741,12,5562 0
3808,12,6063,2,8871 0
281,295,12,6063 0
924,17,2038,159,13,259,726,5,481,2841 0
385,4,973,4,8679,2,368,2,7210,2,105,2,24218,4,436,2,3236,2,413,2,779,2,43,2111,2,43,1447,1460,5,7530,2,88,14372,2,14373,2,3617 0
382,10,5559,403,8693,348,4413,202,4,725,2,570,2,966,90,2,2839,57,2445,2,839,4713,2,11,846,2,487,5212,44,4,745,1097,118,4,418,847,3285,2351,2,43,246,63,253,2,314,970,340,4,463,2,2088,2,133,2,24219,832,2,4284,2,11,1119,516,4,395,79,1097,2,11,476,466,10,5624,7797,2,525,882,14374,2,395,967,243,1097,2,580,1570,142,2,11,1346,181,4,11,690,323,4,951,3193,175 33
149,52,2240,1188,2698,2,149,52,2586,2,149,52,24220,19,6191,4344,2,355,992,918 0
1270,4,70,4284,1613,832,890,6720 0
558,1139,2,875 0
812,4,817,2,133,878,2,2244,148,577,258,4,548,147,4,764,13,399,2690,2,2331,24221,2,52,1000,2,657,157,1278,1607,2,4963,17,1598,320,4,1333,292,471,13,4187,2,438,2,3647,534,2269,504,103,1353,1682,13,14375,2,110,13,121,1313 0
1428,986,1269,7,1353,77,2,986,1353,356,114,4,161,438,4,589,19,3437,5,4781 0
1428,31,10,1667,855,4781,1053,3730,14,699,419 0
58,7618,10,207 0
479,4678,10,60,3437,32,16,404,84,3320,170,13,535 0
47,221,1847,37,29,404,32,645,24,438,20,403,1053,15,5900,348,5,37,24,24222,7,77,40,2900,10,3734,2033 0
40,11796,38 0
40,750,170,12,989,3937,17,356 0
165,4187,4,11,1735,404,10178,2,113,31,880,16,14,12,8869 0
428,2,50,1428,64,31,10,1171,2941,1667 0
16,40,954,10,433,4212,356,27,6,3759,32,57,186,2039,4,504,638,1097,19,3437 0
3066,10,886,2061,24223,5,6521,27,24224 0
24225,15,1814,7,5256 0
38,1384,31,280 0
1428,781,10,886,2085 0
249,892,4,11,241,534 0
11,24226,534,1375 0
701,1724,922,2,58,4165 0
1588,6337,1053,13,153,656,7,399,3070,27,130,432,535 0
2211,10,126,640,351,613,4,573,504,19,300,322,13,264,6475,1269,459,832,4,10,125,58,350,17,955,7,1613,832,636,178,4,126,211,2,1318,2,1918 1
455,739 0
8872,17,110,843,254,4,797,1001,1075,80,1038,120,4,40,433,374,80 10,5
389,1402,5,331 0
29,2759,2642,67,728 0
11,334,3439,76,26,1358,27,38,95 0
1065,116,4,111,80,7210 13
11,142,12,560,80,1552,1277,4,50,909,228,10,2220,65,2689,108,29,9558 0
85,319,1495,3354 0
64,40,1022,13,3759,312 0
1718,251,1198,4,299,7,1198,14376 0
21,3726,911,27,3759,2,918 0
1033,609,918 0
64,209,621,24227,80 0
40,207,1198,4933,1913,424,927,4,1772,3726,6561,3759 0
808,12,614,3937,17,1401,1771 0
21,39,6616,788,4,179,500,101,80,13,24228,24229,2407,1542,12,109,236 0
10,125,608,7618,12,2534,32,57,32,507 0
10755,10756,2,195,2,14377 0
