69,49,4,24230,507,5563,1695,144,581,17,101,4,164,143,76,2,127,2,254,2,30,7,892,957,30,4,287,8380,14,15,1887,200,307,471,13,164,143,76,2,127,2,81,341,311,51,2,254,2,293,76,2,5,336,343,76,104,20,265,10,6,325,659,12,1215,2,1740,2,17,892,5,110,1263,17,507,961 5,13,1,10
10,8408,2,12,1215,2,6,29,20,265,117,4166,363,3647,534 0
648,129,627,13,15,8247,7,1251,5,394,37,1863,2313,13,7225,142,5,27,150,511,27,468 0
16,1938,627,44,34,2,396,2,969,2,1809,2,900,899,394,2,1920,2,3294,26,3163,862,2640,432,6,534 0
472,3660,2731,173,3063,606,5,68,129,11,1196,2,14378,115,2,26,10489,1445 0
24,1243,1717,15,2991,1134,37,227,63,872,1177,7,1662,41,48,13,786,816,721,1113 0
15,1687,1784,1149,227,149,4368,313,5,15,91,561,227,130,41,2777,602,76,5,15,449,41,505,12,15,350,3207,525,4391 3,1
6,4975,505,20,549,10,55,14362,5,6,29,20,321,19,89,364 0
432,24,141,2,24,2408,227,15,7452,8125,2099,7,24231,719,1257,5,393,6,14379,659,20,1008 0
16,543,63,14379,708,71,20,5989,5,15,1892,707,20,10649 0
158,10,24,377,2,6,29,24232,2498,7,438,13,5557,2498,5,16,20,3864,1086,10,6,10166,3159,1045,17,173,938,236 0
80,2,16,279,13,11,180,849 0
16,88,44,34,2,366,2,26,396 0
16,62,39,11,241,5705,3660,5,267,37,24,97,1892,10544,20,483 0
24,756,14,27,24,450 0
16,1404,27,15,6258,17,154,606,10,35,1719,297,16,4343,15,403,2948,348,466,12,362,882 0
16,14,453,12,6,343,308,27,6,3759,89,538 0
85,7,99,2,16,543,15,955,7,15,70,1613,832,12,1426,7,1740,42,58,350,86,1294 0
78,89,30,4,164,143,76,24233,304,91,561,1508,130,41,2777,602,76,5,525,4391,76,24234,364,2,11,1388,81,341,2,311,51,127,254,599,2204,1520,70,1884,293,238,336,343,76,13,756,24235,27,3759,343,308,2711,2996,832,137,4,11,334,137,77,9,941,8,4,211,1017,25,82,5981,1517,41,98,35,1593,2478,59,5711,7502,25,82,4781,3189,25,82,1983,36,235,390,25,82,184,446,25,82,3463,6865,25,82,5283,683,25,59,2084,24236,25,1244,771,677,683,25,82,1266,1668,25,506,2941,10748,25,27,1244,128,30,4,5169,371,27,439,2118,28,4538,174,216,2079,4130,27,439,723,13,66,2155,42,24237,28,355,2,11,216,2079,2947 5,19,13,1,18,29,15,10
179,30,4,994,14380,2645,104,295,13,503,28,21,259,726,24238,4,706,309,105,159,146,130,24239,309,30,28,11,430,28,11,840,163,7,213,4,224,4,483,181,4,483,202,4,483,372,4,483,562,4,125,256,1766,4,483,3934,4,1612,1713,4,483,1031,4,483,899,4,483,1734,4,483,93,122,4,3127,4,7586,463,2,344,328,1669,4,1910,135,2121 38,33
145,4,204,41,674,662,3387,4,1174,12 0
2497,4,5971,727 0
1750,4,779,5,12,11,326,2302,4,483,1978,4,725,570,966,90,1751,4,225,293,229,28,24240,601,43,13849,2,11,24241,1670,4,1398,11,4231,1515,4,52,719,2624,1706,5,2428 0
135,145,5,212,2,43,246,5,253,2,13,11,1093,26,970 0
68,129,11,387,2,2844,26,711 0
1671,4,133,3414,1381,2,2996,832,1635,4,171,7008,225,86,229,28,395,2439,754,79,13,617,967,243,193,5,11,337,1346,1602,4,3065,362,1907,147,4,399,2227,27,1910,13,5784,13132,5,7118,13,576,1535,518,276,1278,1113,28,1323,13,6,158,3112,2,24,118,145,21,476,42,154,242,5,114,4,1887,200,307,471,13,334,164,143,76,5,328,811,7,127,2,81,341,2,254,2,293,76,2,5,883,104,21,15,30,7,892 5,13,1,10
16,74,39,11,134,534,5,14,281,537,4502,1896,15,1892,707 0
16,14,19,89,364,17,164,143,76 1
860,1363,4,161,892,36,11,134,534,2,537,4502,13,10649,4637,6337,165,164,143,76,12,602,5,525,4391,19,89,364,36,172,370,36,184,130,36,771,677,204,36,1266,368,9,97,544,2141,8,186,336,343,76,36,5283,9,97,704,585,43,8,36,6538,36,453,12,343,308,27,6,3759,249,149,197,445,79,2,11,160,7,920 19,1,29,15
539,235,108,834 0
150,167,4,81,341,2,311,51,127,254,1413,2711,2996,832,438,808,10,203,12,259,198,26,3027,108,167,9645 10,5,13
64,201,5,755,13,58,10757,10758 0
3316,8873,4165,2,195,240,99,4,47,50,201,5,755,6,29,2,177,6,30,5,467,2,5,285,13,58,4165,12,790 0
47,1061,13,6,584,5,1492,1283,12,24,99 0
10757,10758,2,195,705,46,24242,384,4,10755,10756,2,96 0
681,809,42,3316,8873,4165,2,195,28,10757,10758,2,195,1655,139,4,678 0
