69,49,4,24243,29,414,4,8380,2,10759,650,206,24244,9,3281,8,208,49,7,101,4,24245,2,24246,221,141,99,36,24247,24248,1887,292,661,24249,14380,2645,13,15,30,7,134,955,7,70,1613,832,104,279,10,6,1087,13,15,24250,30,7,263,34,10760,10,6,70,197,24251,2,613,2,668,1196,2,265,17,24252,668,3493,9,51,3128,8,2,225,4702,239,10,406,1413,2,85,3150,10,3722,14381 0
637,182,17,4,613,2,438,2,4187,2,2039,2,178,2,892,2,116,2,6939,2,293,238,2,883 1,5,13
885,119,58,14382 0
167,4702,4,24253 0
14383,10761,239,10,214,817,878,180,132,353,4,10761,14381,336,343,76,4,6220,3235,1000,5,3822,10761,164,143,76,438,121,274,613,1613,832,2711,892,2227,599,2204,1520,1612,4187,81,341,311,51,254,97,334,77,172,9,896,547,8,370,22,9,1017,45,60,35,8,25,33,5981,1503,35,1593,9,1517,41,2357,8,2478,59,7619,204,22,9,683,45,60,35,8,25,59,4122,9,5920,8,83,22,9,521,45,60,35,8,25,33,235,9,787,8,105,22,9,390,45,60,35,8,25,33,184,130,22,9,446,45,60,35,8,25,33,310,823,22,9,3021,45,60,35,8,25,59,556,1503,196,22,9,626,45,60,35,8,7620,59,1255,9,1151,8,35,347,25,33,737,9,1133,8,109,22,9,521,45,60,51,8,25,33,3437,9,4211,8,10751,22,9,4127,45,60,2201,8,25,33,1266,9,635,8,368,22,9,1668,45,60,35,8,25,283,2941,9,5473,8,83,22,9,521,45,60,35,8,25,33,2,60,35,347,27,1244,137,1573,499,11,168,26,263,34,10762,499,2369,11,273,841,871,1702,175,314,2369,6681,175,314,2369,4771,1446,314,11,5957,1446,9,5583 19,18,29,15,10,26,20
1376,24254,2,2660,1073,8,314,11,24255,7,389,314,11,3283,4,2840,13771,314,11,1991,158,10,38,950,314,11,424,927,796,1291,431,314,1740,1551,1291,431,12,97,200,314,2369,179,3741,12,5562 39
3808,12,6063,2,8871 0
281,295,12,6063 0
924,17,2038,159,13,259,726,5,481,2841 0
3966,203,2788,5117,4,503,2,10753,14,763,3397 0
4090,14,567,2,3662,10754 0
715,139,4,21,31,2616,32,7,1911 0
24256,413,2,436,24257,90,418,6038,133,2,11,342,6693,7539,429,2,3499,2244,12,24258,11,79,5766,14384,2,2612,2797,14385,1495,24259,10,377,322,668,24260,1359,2,4199,2047,470,24261,119,2047,2,966 0
38,141,638,4516,24262,239,10,1233,2,207,32,1359 0
24263,140,13,3137,285,13,58,14382,5649,5918,14386,2,96 0
46,24264,17,58,24265 0
