67,54,4,29308,354,164,168,55,28,414,4,5642,3,2193,542,4,8638,54,5,85,4,29309,29310,973,262,4,64,4747,1191,4,64,5561,2272,385,4,64,9995,3768,385,4,64,12204,16371,404,17,278,4,29311,17,3204,16372,282,4,79,14,15,5403,832,374,10,64,4747,110,311,634,2132,540 1,1,1,1,1,1,1,1,1,1,1,1,1,1,1,1,1,1,1,1,1,1,1,1,1,1,1,1,1,1,1,1,1,1,1,1,1,1,1,1,1,1,1,1,1,1,1,1,1,1,1,1,1,1,1,1,1,1,1,1,1,1,1,1,1,1,1
16,61,10,64,4747,1268,301,788,1378,34,3,837,3,5,1677,84,3,1075,10,356,255,7,466,2025 1,1,1,1,1,1,1,1,1,1,1,1,1,1,1,1,1,1,1,1,1,1,1,1
16,20,172,27,6,85,5,15,104,1049,17,1531,5,993 1,1,1,1,1,1,1,1,1,1,1,1,1,1
23,905,20,2871,3,470,92,20,1301,10,2350,467,5,16,20,503,17,15,540,19,16372 1,1,1,1,1,1,1,1,1,1,1,1,1,1,1,1,1,1,1,1,1
16,14,162,89,17,3542,172,3,1557,3,5,153,2727 1,1,1,1,1,1,1,1,1,1,1,1,1
6956,4,151,881,1587,3204,3,3290,9996,59,2080,1823,7524,187,2080,1823,6975,1378,3204,5790,212,110,2564,142,287,798,3812,66,6405,931,78,47,383,29,2847,445,3,2185,1155,3,110,16373,812,2619,59,489,164,254,4,236,125,608,2415,515,608,252,547,605,4725,141,605,274,215,605,622,2010,69,4302,686,32,16369,2485,1455,233,4,790,545,4,480,1304,455,152,3,1465,3,952,3,11,291,222,634,4,11,93,100,322,4,187,4,696,1328,415,13,683,1969,868,6,671,29312,618 1,1,4,1,1,1,1,1,1,1,1,1,1,1,1,1,1,1,1,1,10,1,10,7,15,1,1,1,1,1,1,1,1,1,1,1,1,1,1,1,1,1,1,1,1,1,1,1,1,12,1,1,62,1,1,11,1,1,13,1,1,9,1,1,21,1,1,1,1,1,1,1,1,1,1,1,1,1,1,1,1,1,1,1,1,1,1,1,1,1,1,1,1,1,1,1,1,1,1,1,1,1,1,1,1,1,1,1,1,1
131,16374,637 1,1,1
59,4,685,5,131,1677,84,7,443,415,3,15,84,66,79,78,47,966,29,73,472,3,9,329,8,2844,878,3,11,777,133,3876,3477,2758,1032,79,187,217,217,200,200,200,59,217,217,200,433,433,149,4,349,3104,9,1312,8,524,333,13360,59,9,1977,8,42,560,4359,59,9,2119,8,1451,536,4682,9,3842,8,1381,79,3927,9,4632,8,1060,1074,1293,2206,6913,9,4633,8,1060,430,456,2647,9,1305,8,351,430,663,2105,9,1276,8,351,430,835,2030,9,1310,8,351,430,1072,1658,6341,9,1450,8,351,430,1800,2061,1173,9,1311,8,219,430,347,10760,9,3709,8,219,430,345,4385,83,9,1359,8,219,512,4251,9,1478,8,219,1555,2545,9,1659,8,219,1184,1932,9,1660,8,1556,264,4,506,4,266,155,1053 1,1,1,1,1,1,1,1,1,1,1,1,1,1,1,1,1,1,1,1,1,1,1,1,1,1,1,1,1,1,1,1,1,1,1,1,1,1,1,1,1,1,1,1,1,1,1,1,1,1,1,1,1,1,1,1,1,1,1,1,1,1,1,1,1,1,1,1,1,1,1,1,1,1,1,1,1,1,1,1,1,1,1,1,1,1,1,1,1,1,1,1,1,1,1,1,1,1,1,1,1,1,1,1,1,1,1,1,1,1,1,1,1,1,1,1,1,1,1,1,1,1,1,1,1,1,1,1,1,1,1,1,1,1,1,1,1,1,1,1,1,1,1,1,1,1,1,1,1,1,1,1,1,1,1,1,1,1,1,1,1,1,1,1,1,1,1
11,202,7,199,3517,76 1,1,1,1,1,1
873,4,5403,832,7882,17,153,2727,5,26,17,3204,16035,33,1198,364,2748,3,1687,33,153,2727,1638,33,676,2513,33,2448,12,940,3963,29313,12204,3,229,3,2055,16371,6419,164 1,1,1,1,1,1,1,1,1,1,1,1,1,1,1,1,1,1,1,1,1,1,1,1,1,1,1,1,1,1,1,1,1,1,1,1,1,1,1,1
