69,49,4,24384,858,391,1894,2,8361,2188,2970,97,1108,4,2601,97,1320,4,24385,918,6147,4,2601,97,1033,1864,4,24386,24387,8739,4,24388,773,10,50,11490,78,30,56,36,7891,30,56,36,8361,2,11,24389,1138,9236,4,103,24390,4676,2070,74,4,152,167,81,341,178,103,24391,703,2601,103,24392,10768,2601,24393,1232,1339,1380,6380,1682,2,2459,3243,14419,2601,103,1494,14420,174,593,2601,103,24394,24395,12,4676,103,2000,5131,560,1363,4,4,1255,2,24396,2,24397,2,3723,2,2848,2,517,2,24398,2,211,2,210,2,771,677,2,493,2,131,93,73,224,893,4,324,2507,112,4,43,620,4,43,2215 2,5,25,19,1,18,29,39
3770,4,43,6545 0
226,4,43,6545 0
118,4,1138,1812,2993,187,4,1138,2459,2,599,24399,4,43,112,4,43,2541,4,43,261,24400,1534,5,2111,4,43,2641,4,43,516 0
3342,4,43,11884,5792,4,43,876,4,43,11885 0
8085,4,1138,10769,2,214,3234,2,64,519,841,1897,73,242,5,114,1910,1661 0
174,6404,89,167,629,17,2188,2970 0
4032,4,239,17,1108,48,773,10,1897,73,4620,34 0
40,24401,51,2207,117,947,10770 0
3344,2,14421,4596 0
2970,4,10770,12998,1542,51,2207,1061,13,10770,522,17,10769,24402 0
