69,49,4,24541,6412,1120,144,6412,378,325,1124,204,8309,518,2863,2,4783,9254,2,371,14446,24542,24543,234,4,287,2863,1263,17,437 39
16,14,139,304,2920,42,58,9156 0
16,14,460,15,1114,2328,7,1196,2,48,58,9156,1886,37,38,454,433,419 0
92,40,50,10,887,24,2190,2,71,50,61,12,6,1725,10,2784,502 0
92,85,40,2869,168,27,24,1134,2,71,14,1508,37,16,39,1234,1271,5,2371,2075,32,57,32,829,1425,1105,13,786,3198 0
16,21,1558,19,2146,139,304,24,729,743 2
92,1821,10,887,24,367,80 0
92,85,50,61,1847,37,16,21,61,15,1114,2250,48,2271,490,16,14,1847,173,24,503,74,2150,13,592,332 0
92,39,15,928,1979,173,38 0
93,122,4,19,93,122,2,24,121,14,1776,727 0
24,67,94,20,12085 14
6,437,20,5749 0
24,112,20,330 0
44,20,90,10,362,1043,5,452 0
91,73,20,2218,135,13,11,387,2,766,26,711 0
187,20,133,5,375,13,11,953 0
217,129,90,7,673,2,720,26,79 0
812,1419,20,43,5,1132,66 0
489,467,4,24,835,20,24544,2190,129,667,43,1238 0
769,830,14,24545,2146,14,13071,1942,53,667,43,1238 0
242,5,114,4,161,139,304,2920 0
16,479,10,55,4584,57 0
16,21,39,1234,1196,2,48,47,1732,38,40,6398 0
165,3857 0
38,20,214,2151 0
84,110,479,10,50,660 0
186,164,143,76 1
32,16,24546,65,24,2920,2,47,1970,1092,84,1279,55,2401,10,1418,6728,5,24547,170 0
27,6,156,95,2,16,14,791,185,19,63,172,2,2146,5,235 18
278,2,84,176,55,37,16,209,1525,65,241,522,13,12677 0
249,789 10
38,21,61,5980,288 0
24,97,367,20,5111,12,2229,7,2547 0
351,438 0
16,589,19,3567 0
16,21,106,24548,173,24,503,74,592,332,2,5,16,479,10,50,106,7,24,24549,660 0
3136,3129,6547,2,96 0
10785,4,24550,232,31,177,42,240,312,232 0
