69,49,4,24513,7547,6062,144,2932,6727 39
3637,2,96 0
24514,40,518,2863,2,4783,8888,2,371,8889,8890,9,8891,8,8892,14442,234,4,4783,2863,774,12,80,17,15,437,622,101 0
6,29,20,201,42,260,647,153,376,146,32,15,280,29,5,4570,763,89,1446,15,30,7,164,143,76,2,17,71,16,2931,15,403,7316,118,2491,348,1262,159,146,2,15,30,7,599,2204,1520,2,32,57,32,127,5,685 1,2,13
32,84,24515,286,2,6,29,39,61,19,2161,17,1262,2,1262,159,2,6,12095,1806,7,71,129,905 0
92,39,2616,32,7,1082,97,4986,10,1171,38,624,5,2956,286,108,16,1795,1972 0
6,29,267,80,37,16,14,31,1972,2,5,2320,92,40,126,10,3216,38,325 0
27,38,845,2,6,29,113,31,301,6,736,7,15,8124,1808,1836,2,1155,32,933 0
13,2834,10,6,29,74,115,7,599,2204,1520,2,6,29,1660,37,16,316,21,1009,153,262,7,6,4038,2,136,16,3067,10,245,100,192,24,14443,2,71,16,24516,100,532,51,4820,146 0
2320,84,14,1431,859,10,1021,6,10783,7,38,560 0
84,14,166,37,24,67,94,20,24517,2,71,14,419,271,84,20,6,97,95,16,20,401,2,71,6,653,502,20,10784,5,1626,20,24518,6,29,267,11,280,5160,150,271,847,713,2,65,71,16,40,50,10,468 14
6,29,21,11,115,7,1101,118,353,2,11,255,7,194,2,11,754,79,2,11,920,42,2545,2,5,24,489,457,53,5543,43,2,124,24,89,849 0
6,29,74,367,14,3364,13,15,610,256,4308,1587 0
163,7,213,355,66 0
93,73,14,31,716,27,38,95 0
67,94,20,8043,19,6,70,2,8043,19,6,52,2,870,20,5734,2,1851,105,5,2284,2,5,296,20,7189,2797,4,38,14,15,449,200,307,471,13,306,89,167,3256,12,17,437 14
161,127,36,6,29,40,1682,19,24,1020,5,40,245,4038,110,2,362,17,24,127,2,32,57,32,599,2204,1520 15,13
6,29,113,3886,7,106,2094,8893,2,5,16,1660,16,85,21,10621,1196,2,1926,434,1488 0
6,29,20,936,37,117,15,2390,7,4038,2,71,2472,319,907,13,24,115,7,599,2204,1520,2,37,38,10621,24519,40,85,55,3312 0
108,6,29,74,115,126,3110,38,2,16,40,55,926,10,2047,17,380,24520,746 0
165,1413,36,361,125,256 0
6,29,40,1682,19,4038,17,110 0
186,314,164,143,76,36,6,29,74,367,14,3364,13,15,610,256,4308,1587,2,71,14,268,271,3447,17,38,762 1
47,273,31,50,63,940,12,71,10,8835,24,1483,2,48,47,20,42,6,29,297,37,84,4307,12,6,344,5352,7547,6062,144,2932,6727 0
3637,2,96 0
24521,40,518,2863,2,4783,8888,2,371,8889,8890,9,8891,8,8892,14442,1357,51,26,252,3818 0
1195,38,40,55,63,3447,1483,86,364 0
47,40,433,15,797,1001,19,6,29,1664,12,173,259,198,2,5,108,68,14,87,8296,12,24,1835,2,16,40,55,1730,19,63,24522,624 0
249,339,36,27,38,845,24,685,115,50,31,1936,2,5,1127,47,40,2183,10,273,14,10,1454,170,664,24,5847,6599,27,38,845 0
454,24,115,808,2,6,29,373,218,40,55,730,19,933 0
47,40,201,170,12,153,376,17,437,2,2317,17,233,7,24,245,7,4038 0
526,2932,6727 0
3637,2,96 0
24523,4,24524,24525,24526,24527,232,2819,48,31,177,42,240,1741,232 0
