69,49,4,24584,7050,6062,14452,1045,11,4,14453,14454,14455,144,2013,325,49,4,1231,1143,2,2044,121,7057,946,2,100,462,946 39
29,2625,42,503,104,3502,257,10,29 0
29,416,113,31,1838,573 0
503,12306 0
416,1579,3908,12,333,2,24585,2,24586,2,24587,15,1820,7292,2,35,6335,7,2647,36,40,50,24588,13,84 0
77,4,235,130,22,931,1366,641,2,442,45,447,22,641,2,2525,2266,22,6429,2,2146,5055,22,6429,2,1943,105,22,2763,2,2307,109,22,8894,2,556,196,22,1004,2,517,83,22,641,2,493,102,22,119,5759 28,19
14456 0
1600,250,1877,7,90,1309 0
88,270,2,1265,2,702,2,598,24589,2003,98,119,420 0
1404,1013,2,8226,12,24590,17,173,63,1719,2,237,168,10,535 0
119,503,2,29,24591,12,3376,432,107 0
85,2334,1553,2647,27,420 0
29,88,455,26,396,26,572,13,1417 0
93,73,4,121,100,462,946 0
111,2,628,2960 0
44,36,90,13,476,302,225,1912,2,476,194,302 0
91,36,135,212,13,3285,2351,27,10789,11,417 0
217,36,11,79,19,70,2,617,19,52 0
242,5,114,4,9,35,8,14456 0
11,280,115 0
278,2,462,946,121,1313,7,1693 0
470,13,58,3756 0
155,44,810,80,2,379,5,331,2,1942 0
9,51,8,565 33
14457,29,5,503,995,855,3908,12,333,2,301,10,4311,19,7196,121 0
9,102,8,503,10790,29,2334,7359,5299,2,123,7,223,2,2162 0
285,13,29,149,1122 0
1542,12,51,198,10,58,3756 0
126,231,257 0
2531,4,29,27,1273,7,101,2632,24592,4960,2,547,2,117,1041 0
1249,578,1236,1948,17,3096,6187 0
3096,761,22,2,46,284,2,35,347,1190 0
4147,98,186,64 0
189 0
995,1248,2647,12,333 0
1293,24593,27,7733 0
24594,10788,2,6832,2,6135,24595 0
