67,54,4,29551,404,17,112,2387,102 1,1,1,1,1,1,1,1,1
147,287,18,14,132,19,236,135,64,8423 1,15,1,1,1,1,12,1,1,1
71,324,63,366,409,19,809,5,1731 4,4,1,1,1,1,17,1,33
50,41,144,149,89 1,1,1,1,1
110,10947,3888,464,21,4955,19,24,8023,51,11,34 1,1,1,1,1,1,1,1,1,1,1,1
895,373,464,122,64,5560,29552,3,191,60 1,1,1,1,1,1,1,1,1,1
181,120,76,110,70,181,251,29553,139,11842,804,431 10,10,10,1,3,3,10,1,1,3,3,3
18,38,62,1843,12,6,1412,19,29554,5,20,943,10,29555,3,139,2016,12,6,1412 1,1,1,1,1,1,1,1,1,1,1,1,1,1,1,1,1,1,1,1
318,593,111,180,42,309 1,1,1,1,1,1
171,42,2250,5,15,891,1138,7,279,42,13,29556,5061 1,1,1,1,1,1,1,1,1,1,1,1,1
11353,143,193 1,1,1
7,55,3,15,95,429,154,27,3397,38,4248,4354,51,409,1038,400,3,470,18,20,801,13,301,1937 1,1,1,1,1,1,1,1,1,1,1,1,1,1,1,1,1,1,1,1,1,1,1,3
18,20,29557,19,6863,10,64,8423,82,198 1,1,1,1,1,1,1,1,1,1
92,14,31,91,37,18,21,29558,95,3,693,15,713,66,29559,111,62,891,1138,7,1713,42,13,11,2173,1076,766,759,448 1,1,1,1,1,1,1,1,1,1,1,1,1,1,1,1,1,1,1,1,1,1,1,1,1,1,1,1,1
18,21,68,34,770,5,14,449,10,321,15,493,893,97,535,159,286 1,1,1,1,1,1,1,1,1,1,1,1,1,1,1,1,1
1220,86,19,1782 1,1,1,1
155,373,132,108,991,319,66,53,2882,5,14,96,43,64,5560 1,1,1,1,1,1,1,1,1,1,1,1,1,1,1
363,753,10,52,191,114,60,1151,24,311,254,147,12,95,991 1,1,1,1,1,1,1,1,1,1,1,1,1,1,1
557,19,2382,5,98,49,1405,421 1,1,1,1,1,1,1,1
316,205,63,94,4,6509,53,303,133,4,1217,145,140,4,3702,624,102,77,207,197,60,197 1,1,1,1,1,1,1,1,1,1,1,1,1,1,1,1,1,1,1,1,1,1
227,11,879,3,11,1189 1,1,1,1,1,1
567,97,240,3,232,216,1700 1,1,1,1,1,1,1
2852,409,9220 1,1,1
214,703 1,1
779,77,1883,193,2626,554,3,11,240 1,1,1,1,1,1,1,1,1
114,296,133,3,11,93 1,1,1,1,1,1
2617,409 1,1
39,1986,2400,36,32,1782,29560,32,1731,9,5069,8,4215,36,45,9,73,8,25,69,289,9,932,8,1632,36,45,9,73,8,25,58,298,69,962,9,1118,8,378,36,568,9,73,8,25,69,613,9,610,1400,8,686,829,45,9,73,8,25,69,2382,29561,25,32,809,9,348,8,846,58,45,9,73,8,25,69,3782,1327,4638,25,69,2201,2994,9,2326,2994,8,901,36,45,9,73,8,25,305,1827,9,203,1148,1463,8,1026,36,45,9,73,8,25,32,2681,1092,9,3990,1092,8,4177,2530,69,4102,9,8644,8,4177,2530,69,512,2994,846,58,45,9,73,8,25,69,4917,9,12227,8,515,25,32,175,1008,154,2126,4307,906,4638,32,9008,9,906,8,4638,25,32,236,378,25,36,32,2620,2576,25,69,436,936,1512,1244,16430,138,89,393,16431,4606,1402,29562,9707,1238,1787,16431,122,146,12,295,554,1084,12228,359,33,72,9812,1244,16432,138,89 1,1,1,1,1,1,1,1,33,1,1,1,1,1,1,1,1,1,1,1,1,1,1,1,1,1,1,1,1,1,1,1,1,1,1,1,1,1,1,1,1,1,1,1,1,1,9,1,1,1,1,1,1,1,1,1,1,1,1,1,1,1,1,17,1,1,1,1,1,1,1,1,1,1,1,1,1,1,1,1,1,1,1,1,1,1,1,1,1,1,1,1,1,1,11,1,11,11,11,1,1,1,1,1,1,1,1,1,1,1,1,1,1,1,1,1,1,1,1,1,1,1,1,1,1,1,1,1,1,1,1,1,1,1,13,1,13,1,1,1,1,1,1,1,1,1,1,1,1,1,1,1,1,1,1,1,12,1,1,1,1,34,1,1,1,1,1,1,1,1,1,1,1,1,1,1,1,1,1,1,1,1,1,1,1,1,1,1,1,1,1,1,1,1,1,1
2705,29563,217,865,29564,10703,1083,2048,16430,890,566,5,104,369,36,2058,102 1,1,1,1,1,1,1,1,1,1,1,1,1,1,1,1,1
567,77,12228,97,240 1,1,1,1,1
779,77,12228,1883,72,2626,554,3,11,240 1,1,1,1,1,1,1,1,1,1
1980,16432,12186,1564,29565,12186,1564,81,89 1,1,1,1,1,1,1,1,1
