69,49,4,24809,10820,2,5527,2915,378,325,2,24810,1829,3603,24811,1120,144,2,2041,24812,2,24813,24814,24815,2,8871,2,24816,536,4,7634,4714,24817,141,99,24818,956,1327,141,99,29,4,4714,2,7634,485,4,10813,240,4,24819,440,4,7417,2,10814,715,4,275,384,4,7184,34,234,4,284,292,345,13,15,83,107,30,7,1929,7184,34,2,264,1277,37,209,1040,170,3935,511,15,420,2,5,2409,19,2438 0
64,416,37,6,34,209,1297,5,1418,2,5,20,15,6140 0
64,1220,1216,100,393,1262,511,27,420,37,16,476,24,25,1269,10,1248,24,2438 0
6,34,986,10,433,932,5,16,1007,10,24,440,104,718,170,10,6,2420,2420,408,4,12,6,2420,64,20,514,10,50,15,804,7,102,2,71,14,251,65,24,450,7,7816,64,20,24820,5,2073,1730,286,24821,7,3175,1676,760 0
15,1311,20,514,10,55,318,5,6,64,20,321,19,4573 0
19,1464,6,64,1938,87,67,2,855,2,7790,34,2,24822,2,4133,26,618,2,2323,1312,26,3721,5924 0
64,20,24823,2432,2,5,21,31,39,87,2832,2815,12,6,97,109,159 0
499,4,119,234,4,11,5358 0
11,9421 0
11,24824,10591 0
11,8778,8779 0
11,14518 0
11,3430,6405 0
11,4141,7,988,2,3918,394 0
11,14005,2842 0
637,4,127,254,3199,14497,1067,3564,2768,9,540,752,12403,159,8,10741,1574,2465,2255,569,1137,480,650,5525,9,3906,8,421,527,9,218,239,10,24825,704,24826,585,2593,41,1458,24827,1105,3974 10,13
24828,77,19,141,9,941,13,29,8,4,1020,446,25,33,501,626,59,235,390,33,24829,390,33,669,3315,33 15,21,19
6438,767,626,25,33 0
7379,4715,24830,5064,138 0
4057,778,989,283 0
14500,7454,138,10147,10821,3124,41,1349,7454,59,138 0
172,925,33 18
192,4,4108,1100,4,35,1854,200,30,2,36,430,2,24831,990,4,64 38
295,1310,2,11,5304,31,924,93,73,4,1654,4,7635,2,492,449,2,574,564,651,980,41,628,759,4,10080,1094,436,2,463,57,1019,762,202,4,725,2,570,2,2354,822 33
112,4,330,2,11,846,2,11,293,229,2,487,799,4,11,815,26,2306,2384,694,4,9,1169,73,2,64,24832,8,418,246,2,253,324 0
11,1058 0
11,1093,2,970,44,4,1398,187,4,1381,133,2,1325 0
11,1003,2,1234,277,12,24833,5566,2339 0
1052,340,1791,65,3847,10,9660 0
261,798,277 0
5879,4,43,5879,13,106,277,12,6,24834,7,6,70,24835 0
11,24836 0
516,4,11,1505 0
1459,688,1014,466,19,1432,5,744 0
4564,19,54,386,2,3234,10,1014 0
181,4,11,690 0
323,4,2612,258,5,426,4,2449,4,320,4,161,43,24837,5,1947,1681,1329,667,362,6418,2,86,160,17,24838 0
165,225,24839,5,15,70,24840 0
186,225,132,6885,215,414,5132,14519,24841,298,6998,9,72,8,615,24842,9,54,8,458,4243,9,54,8,266,5931,9,54,8,530,1470,665,5425,698,7213,443,6118,666,5699,649,2185,524,1862,824,3167,9,72,8,689,14520,379,130,9,72,8,804,2263,9,72,8,770,2397,9,72,8,14519,24843,2194,66,2443,66,2747,4412,2136,66,1679,2080,5735,66,2195,318,1793,617,833,4,24844,4,380,13582 0
40,838,1047,2,669,5,235 21
239,10,1754,7,537,7636 0
40,433,15,1311,2,389,397,5,804,5,40,1815,13,24845,4001,17,132,3357,27,3258,25,33 0
40,1729,389,17,1218,5,8719 0
40,433,389,4604,5,24846 0
40,31,1731,1198,239,10,24847 0
3172,539,24848,7,2255,2,280,2475,576,10,332,3566,314,40,470,132,12,6,221,2,5,539,1216,9445,2,14521,975,2,3544 0
1756,7,3150,176,55,576,10,760,4158,42,6,64 0
40,881,2176,27,15,145,7,24849,63,1719,98,6069 0
64,13,871,421,40,2891,760 0
165,1427,4,64,19,4573,548,1218,5,8719 0
186,24850,4,40,470,2047,12,6,221 0
64,14,281,86,34 0
24851,4,838,192,257,48,501 19
40,2891,111 0
351,1210,4,64,4630 0
40,2296,339,1210 0
5386,414,4,5527,10820,96 0
705,46,24852,3546,681,809,42,10820,2,5527,2915,19,8199,109,2,2547 0
