69,49,4,24697,858,391,4,356,8562,30,7,156,360,4,2576,5132,1087,263,34,110,419 0
34,20,8387 0
78,89,30,4,3755,42,4,1801,8904,637,182,17,116 13
3199,14497,3847,10741,24698,304,752,2143,78,545,30,4,3755,42,4,1801,8904,4107 0
128,30,4,3755,42,4,1801,8904,603,14485,14486,477,2434,2,116,2,798,2,10807,4085 13
179,30,4,3755,42,4,1801,8904,430,4,1600,245 0
840,4,11,624,1240 0
671,4,152 37
128,4,1616 0
500,4,2703,2645,7,10808,3531 0
163,7,213,4,8899,4,8899,4,199,224,424,2,11,508,2,11,228,12,121 0
372,4,11,250,2,11,1106,26,366 0
562,4,11,396,2,11,44,34,26,366 0
1766,4,9,88,8,263,34,2,476,1077,2,11,228,12,300,1183,2,9,88,8,435,2,9,88,8,1920,5,9,88,8,5014 0
1766,4,9,88,8,272,2,9,88,8,812,588,2,43,1962,5,9,88,8,402 0
668,4,9,88,8,807,2,9,88,8,1173,5,9,88,8,1579,2438,520,359,4,315,4,6067,24699,852,36,1801,296,35,4,546,1823,67,94,35,4,1725,1067,368,2142,121,4,24700,727 0
122,4,206,112,208,36,330,11,780,26,846,5,206,372,208,36,90,194,302,193,2,11,2521,976,245,2,43,1043 0
206,623,208,36,118,4,43,145,5,135,212 0
206,339,208,36,187,4,11,277,2,9,36,8,1592,2,9,36,8,1739,2,43,300,302,2,9,36,8,3373,2,9,36,8,4323,5,11,263,693 0
5174,4,10279 0
298,4219,205,2187,1067,2465,650,106,300,7612,2050,4,479,8900,533,17,1989,439,2,12,11,1451,326 0
6,29,479,4679,463 33
320,4,127,565,339,1574,3847,6916,2187,650,314,2465,314,4670,660,685 33,13
137,4,11,334,624,137,14488,1801,77,4,3309,778,25,59,4,6067,36,8902,3422,4,1801,3106,4,2943,4,105,1696,4,515,49,4,6067,4,1801,5040,14498,793,82,650,1618,4,6067,36,14499,3422,4,1801,3106,4,2943,4,35,1696,4,515,49,4,6067,4,1801,14500,7454,138,4,7633,36,14499,3422,4,1801,3106,4,2943,4,35,1696,4,515,49,4,7633,4,1801,210,491,33,4,14501,36,24701,3422,4,1801,3106,4,2943,4,154,1696,4,854,49,4,14502,4,1801,24702,3124,41,7454,59,138,4,14503,36,8902,3422,4,1801,3106,4,2943,4,1280,24703,1696,4,51,49,4,14503,4,1801,10809,1349,11,8901,59,138,100,10,51,223,4,14489,36,8902,3422,4,1801,3106,4,2943,4,1280,5790,1696,4,35,49,4,7633,4,1801,3644,3832,1980,4,5861,36,10810,3422,4,1801,3106,4,2943,4,46,154,1696,4,854,49,4,14491,4,1801,669,3315,33,4,5861,36,10810,3422,4,1801,3106,4,2943,4,204,1696,4,102,49,4,14502,4,1801,1020,491,25,33,4,5861,36,24704,3422,4,1801,3106,4,2943,4,154,1696,4,854,49,4,24705,4,1801,4064,4,2630,14501,167,36,203,1492,4,860,4,860,715,4,24706,2465,8903,4,77,4,3309,36,778,36,25,59,36,6067,36,3106,4,2943,4,105,1696,4,6929,333,4,90,4882,4159,419,237,252,24707 29,15,21
650,5040,59,860,4,860,715,4,24708,2187,8903,4,333,4,2187,333 0
207,100,4,138,356,77,4,5040,36,14498,36,793,82,650,1618,36,6067,36,3106,4,2943,4,35,1696,4,6929,38,14,15,3503,9964,17,6,2116 0
6,14493,14,14494,19,6,14495,14496,27,5132,10811,2243,140,5,12,10812,12,6,29,74,5132,4687,69 0
