69,49,4,25011,1159,183,141,99,29,4,4470,2,6730,485,4,8910,605,49,4,25012,95,4,25013,221,440,4,58,7360,25014,240,4,58,10823,2,753,715,139,4,275,1228,4,29,2,29,69,384,4,366,2,4335,234,4,2812,292,471,13,4953,2379,1339,2308,409,753,12,2897,104,416,37,17,647,6,97,376,16,21,549,1625,4877,5,75,46,2838,28,2574,75,46,2667,28,9,71,16,268,3327,1185,32,15,466,7,8195,2,31,25015,8,2,1264,13,363,1706,534,7,272,13,402,9,5668,497,123,12,6,97,376,2,6,97,95,922,8 0
16,20,4190,25016,1787,6,25017,2,151,19,25018,16,3082,699,4086,4877,5,2572 0
16,658,10,7978,1695,144,2,819,16,20,166,10,55,7840,12,6,344,4171,19,1391,2,71,14,24,450,9,3210,13,996,8 0
150,686,258,129,15,792,7,2987,2,1827,1529,2,1060,8281,27,14539,464,20,1796,32,11,180,25019,20,1447,10,55,12018,2,5,20,124,109,22,7,13519,219,2,6393 0
16,20,5233,321,19,15,652,1685,9,2560,1045,2709,2,11235,5657,8,124,24,216,877,5,15,8281,1060 0
16,20,237,1086,10,3147 0
12,6,189,401,24,1060,20,2702,9,5,24,1069,20,191,761,8 0
712,5520,401,2,16,6116,6,256,30 0
973,712,1367,10,6,189,7143,1887,25020,934,204,41,1391 14
16,85,586,37,24,1060,39,61,185,288,9,453,42,24,440,8,19,24,231,262,7,183,493,82,9,820,51,19,14540,8 0
16,88,250,2,44,34,2,339,115,2,2450,115,25021,499,66,820,32,12,234,13,640,25022,4,152 0
89,30,2379,2,971,32,15,25023,2,13,2308,409,753,12,2897,188,132,776,9,450,792,65,25024,8,438,1472,254,127,565,535,1644,2,19,3155,25025,27,25026,4547,409,3028,2,139,304,188,2743,1744,580,1797,12,1426,7,5849,114,14,17,25027,2305,124,328,811 10,13,33
618,7641,6182,2039,7256,305,566,216,4688,25028,2743,77,19,141,4,161,896,547,9,172,8,474,22,25,33,165,6070,594,22,25,59,186,910,2483,6619,758,22,3183,2241,138,11592,249,910,1361,3273,35,2411,1206,1595,138,366,2,1106,351,1133,9,737,8,109,22,25,33,459,4314,447,22,25,25029,183,1366,35,1719,158,10,4206,1564,636,894,9,210,8,130,22,25,33,1038,2927,1776,22,25,10824,1065,6137,767,2862,1062,9,579,492,347,8,9,3616,1565,8,761,22,25,59,1552,6137,767,9,3616,8,761,22,25,59,1718,442,4640,5468,25,59,447,22,59,1913,2525,2266,22,25,33,17,1472,1210,2257,25030,9,8913,8,761,22,3183,33,2407,4128,25031,204,22,25,59,2466,4748,4453,190,25,3029,3117,7913,9,4593,8,105,22,25,33,3992,4607,130,22,25,33,5377,2549,10821,850,1512,9,2967,8,35,1512,2482,33,3171,2549,7516,5532,9,2030,4472,5532,8,35,5533,1206,59,7237,3744,2483,9,3084,2483,8,684,22,3183,291,138,25032,6733,1042,2672,823,22,25,291,7460,4521,767,109,22,25,873,9,1759,261,1090,8,6439,556,2461,1380,1062,204,22,25,33,7306,1151,35,347,25,33,6997,8131,9629,9,2848,8,447,22,25,59,8203,517,5468,25,33,1247,22,6863,3096,767,761,22,25,59,8911,4349,9,3723,8,5468,25,59,259,22,5546,14541,14542,1616,590,9,2381,2448,8,35,347,25,25033,2,3269,2,3917,10300,1855,397,9,493,8,5468,25,183,22,82,2,820,51,22,14540,99,37,235,20,288,2191,42,58,10823,137,4,747,128,30,686,17,3910,25034,13,332 19,18,29,20
179,30,6,29,295,12,25035,2,4449 0
16,8619,75,46,898,28,276,281,500,2,48,1109,10,55,15,721,4220,2645 0
16,21,578,1591 37
93,73,973,4,276,4,4486,492,4,1182,111,4,25036,3247,4,1080,41,1391,121,7302,727,759,75,46,898,28,54,4,779,2,11,180,326,2,5300,1782,2507,181,4,682,2,11,690,166,202,4,1186,2,1125,2,5077,1405,1130,112,4,11,815,780,166,2,330,118,4,418,2,11,1058,409,4,1398,75,46,410,28,773,10,3811,87,856,340,4,25037,516,4,11,1505,193,323,4,951,3193,175 14
590,1028,12,192,217,2,825,976,8644,489,426,331,14543,2,358,25038,867,5,783,47,66,12,189,298,8299,2,266,1212,2,2190,3461,1060,2987,2,1069,191,761,12,189,35,221,6066,542,548,464,13,11,160,7,3843,2,1131,2509 0
242,75,1179,28,114,4824,471,13,216,2308,409,753,265,13,25039,216,3058,366,9,86,4335,8,2,394,2,5,1024,272 0
1243,1961,483,393,2468 0
30,31,1126,385,2,226,90,19,141,73,2,11,508,26,3904,26,250,25040 0
25041,4,4332,6659,2510,652,1685,27,1933,145,9,5657,8,2,887,1060,38,221,2,126,493,27,140,262,2,197,445,1575,10,1906,17,877,9,32,380,3397,17,385,8,2510,25042,119,140,322,25043,659,10,207,25044,73,281,90,2,1114,6511,17,670,2896,75,46,410,28,40,2296,1900,27,140,262,9,1247,22,8,13790,25045,103,409,753,4,3259,97,420,75,46,898,28,62,1272,7,8131,5,6066,2,1236,1406,27,183,221,80,12,189,25046,13,1369,75,46,410,28,838,221,262,7,25047,80,2,2283,38,1485,2510,5369,25048,4,8913,2,9652,2,2381,2,25049,132,776,4,27,450 0
1044,1961,3972,3538,126,2525,17,1472,7989,32,38,21,61,4953,7015,411,19,838,25050,20,252,27,1986,28,25051,75,46,898,28,276,1732,1131,2509,188,6182,5,8915,4,2510,7941,2672,2,14200,442,2294,17,442,4640,2009,4,7343,1942,6716,25052,25053,333,3446,4,10709,4,3096,119,140,322,25054,4,19,652,25055,715,139,4,275,9,2249,8,3018,25056,12845,2,195,1159,183,705,46,25057 0
