69,49,4,24853,622,99,6730,4470,46,8910,3641,2,1426,5681,2,2824,581,17,101,287,4470,14,15,14522,5809,471,139,304,225,409,3028,239,10,5902,2548,5,15,30,7,2164 0
16,110,279,13,3472,331,191,6,78,497,198,5,14,926,42,58,4165,5685 0
498,30,5,234,35,8,2944,43,132,496,532,3028,12,24854,2,7637,1789,9,121,24855,8 0
3150,432,753,141,2,1344,7637,14523,24856,331,2500,6812,1581,4096,10,758,12,24857,2,237,656,7,252,67,94,5,713 0
2848,5,737,129,795 20
7637,4096,65,2500,10,3099,2,922,24858,11,14513,389,166 0
136,12581,7274,14524,219,14525 0
2124,331,3357,24859 0
51,8,5902,2548,216,306,796,2,85,24860,796 0
432,141,17,3028,7638,4765,5028 0
11496,24861 0
102,8,216,2164,12485,24862,2,136,237,66,1832,183,8,127 13
83,8,789,259,8,1472,17,363,159,2,363,2835,2,5899,10,24863,481,8,1617,535,1644,2,19,3155,614,8,565,2,7235,946,1344,304,753,2,110,13603,946,903,8,24864,70,475,5,700,137,747,77,4466,24865,59,2,24866,462,1980,2,2381,2448,14526,2,6070,594,59,2,210,130,2,230,196,2,24867,447,291,2,335,1481,59,2,1770,495,14527,2,2019,109,291 19,29,10,33
14528,219,14525,24868,2,14529,2,5,24869,30,924,13,150,409,753,7329,9,1755,903,159,146,8 0
11,128,30,7,132,76 0
3798,2,24870,2645 37
499,4,199,1077,2,11,181,3121 0
1553,1114,1975,10,503 0
657,2437,542 0
118,2,409,2,339,1557,86,1138,5216 0
11,132,2659,2,11,844,6284,2,389,1521,869 0
847,4281,434,748 0
2590,12,6257,24871 0
93,73,111,157,24872,54,24873,492,1258,121,24874,727 14
1191,851,239,10,2292 0
7348,5947,2,1396,112 0
7102,1130,1559 0
487,1611,614,601 0
11,1059,24875 0
1778,118,302 0
226,90 0
187,133,2,3139,31,4927,2,902,24876 0
617,79 0
2646,646,2,1239,1446 0
6386,2252 0
489,2627,24877,649,3116,2,524,1862,2,824,2501,2,689,934,2,379,1212,2,7637,2263,2,770,9368,24878,24879,2,335,3222,2,1178,1747,2,22,10607,4061,8074,298,3314,2,458,5263,2,443,8722,24880,6458,2,24881,14530,2,1462,3702,2,544,474,2,940,8911,80,1311,24882 0
24883,153,4198,13,8018,12662,24884,9,314,2064,8,2,355,24885 0
320,5,114,512,4470,21,1387,132,776,2,16,113,281,31,2413,132,1181,364 0
10122,176,55,4586,4917,5,1024,3201 0
278,2,6,134,268,2082,4096,3154,24886,4917,26,24887,132,76,15,24888,2429 0
6730,85,21,2855,127,5,461 13
47,1379,6,8420,10,1731,15,8080,389,2655,2,15,1018,1089,2,32,57,32,3457,2,9445,2,24889,542,2,24890 0
737,521,25,33,20,85,1936,10,24,5819 20
17,110,2,47,1208,10,838,241,13518,7,14524,532,268,467,14,1509 0
6730,40,50,15,67,94,155,12,51,236,9,151,16,14,12,24891,17,983,1207,8,2,5,47,40,125,170,12,938,236 0
27,37,845,16,40,55,1121,17,24892 0
4420,6502,2,195 0
132,1117,9,17,58,24893,24894,8,384,4,608,4165,5685 0
