69,49,4,25058,8916,144,312,2243,25059,7642,3710,6480,2,8917,8918,2,1141,8919,8920,9,5493,8,8921,10826,9,6734,8,8922,3058,4,6,29,1263 0
18,21,39,497,6072,19,23,168,2,2726,13806,13,15,3423,7,8923,5,15,3580,12,37,680,17,844,4838,76,27,8923 0
18,411,14,460,406,34,781,423,23,70,386,5,794,475,71,14,869,26,2112,1039,419 0
18,2280,58,25060,13,25061 0
18,21,201,58,4611,14076 0
18,21,3307,13415,13,23,3717,5,18,21,39,306,205,2145,1508,6,3368,6072,5,3423 0
77,4,161,210,105,22,998 29
165,8924,931,22,1190 30
186,10827,204,22,998 19
249,2224,1296,22,12,1960,2,594,22,12,6,2946,351,2622,7221,22,154,123,15,376 0
459,4432,83,22,579,123,15,376 0
636,6240,172,474,22,998 18
843,442,6065,22,998 0
18,14,12,25062,3057 0
18,14,31,309,4351,1785 37
18,21,61,1041,5,21,2476,8530,121 0
18,21,11,4511,2,339,26,1368,849 0
18,14,10,125,58,2268,5549,74,1181,12,2229,5,10,433,15,1320,27,37,95 0
2472,2,18,40,55,382,10,4872,19,6,4177,151,37,3111 0
18,14,110,382,10,1411,15,3435,2,48,1404,13,15,2611,5,319,31,4872,423,13,87,1563,7,13725 0
93,122,4,18,5788,3850,727,14544,5,23,67,94,14,4371,12,6,52,349,1488,2,296,14,982,5,135 14
18,479,32,15,57,533,2,1799,769,528,12,34,2,460,10,838,19,434,1488,2,3318,14545,2,48,779 0
68,14,11,2055,2,673,26,79 0
6,1176,1892,171,5282 0
1237,53,1967,2,1221,5,1025 0
1841,5,1184,122,14,483 0
112,1486,53,919 0
625,53,171,5,1025,5,86,1059 0
620,350,5,3109 0
226,53,90,10,289,75,15 0
6,118,14,31,1790 0
68,14,15,135,399,212,5,11,182,387 0
246,5,253,53,43 0
902,5,3139,319,31,55,549 0
18,21,199,336,243 0
320,4,161,81,341,311,165,18,21,39,63,568,73,27,25063,1695,144,38,78,200,2,48,23,81,14,1073,425,32,23,67,728,50,61,12,6,7520,502 0
47,50,936,23,10,383,23,8924,10,102,22,793,15,107,532,18,14,382,10,333 30
165,8923,4838,13,3423 0
186,149,127,2,19,11,560 13
40,31,247,87,532,18,25064,121 0
526,8925,1940,8926,2,96 0
384,4,813,25065,800,4,10826,827,4,25066,818,4,10826 0
