69,49,4,25103,1110,6325,2,10832,4420,14551,2,96 0
4435,14552,14553,378,325,25104,2,8871,25105,536,4,5567,2,10833,10831,46,4,10834,828,58,14551,4,47,39,6,1068,7,930,1256,5567,80,12,207,100,27,6,4435,14552,14553,949 0
47,97,701,23,19,25106 0
18,14,15,4534,407,104,14,139,304,15,70,2528,2270,7915,1484,12,1589,7,7372,13,2348,52,912,394 0
136,47,97,701,23,1256,5567,21,31,346,214,57 0
18,21,39,306,134,1991,5,23,672,21,2098,1242,268,3760 0
18,6984,10,10835,10,1375,663,5,113,50,15,1579,699,7,1251 0
18,21,2808,23,392,19,15,1450,7,4357,13,472,1991 0
7,99,23,67,94,560,21,61,2866,25107,136,47,97,701,23 0
18,14,110,290,109,22,7,1020,866,107,3195,7,1859,5,290,230,196,22,998 15,19
3195,7,244,22,327 0
998 0
18,113,50,1024,394,7,6,52,912,71,14,218,25108,7,23,158,551,115,5,31,280,2753 0
18,113,31,50,25109,2,1809,26,3294 0
18,113,50,1024,44,1861,32,57,71,18,25110,10,2404,10,6,2405,7,23,312 0
18,14,4288,10,245,15,2611,490,23,128,416,37,403,23,943,113,31,245,15,2611,5,16,14,6195,2,3707,454,18,50,10,245,15,2611,348 0
18,21,61,3501,10,473,449,22,327 32
998 0
65,172 0
38,20,346,86,784,5545,32,57 0
18,589,10,50,572,403,699,784,744,348,5,38,21,61,15,188,860,17,23,32,57 0
19,122,18,14,413 0
18,14,15,25111,5,9337,3444,5,692,10,55,2334,25112 0
23,988,14,2775,12,5015 0
5015,14,23,1154,3970,5,18,14,553,2775,12,37,3970 0
23,901,2799,53,275,10,5591 0
23,2285,1445,53,275,13,11,1930 0
23,1444,14,863,150,271,15,149,52,10027,12706,3060 0
18,21,15,149,52,3441,3165,5,14554,1197,6073,19,6,52,663 0
18,21,11,2974,19,25113,1011 0
23,672,14,610,8930,5,3760 0
18,319,10835,10,1375,663,5,2334,21,10,838,19,10,3610,400,10,23,17,4887 0
320,4,47,273,31,977,37,1256,5567,21,39,15,280,2904,1588,2,278,47,221,791,1847,173,23,986,7066,5,572,13,362,23,986,336,527,5,218,7608 0
38,479,10,55,94,1543,5,47,209,1208,37,92,168,664,19,23,4523,77,27,38,95 0
12,3769,27,23,134,13516,18,21,85,61,5218,5741,5,13,23,849,7,188,713,47,880,38,519,1758,55,15,2398 0
230,519,1758,55,15,2398,12,38,32,57,5,2112,15,2637,4523,560,519,55,2905,26,84,519,55,2191,10664 19
7455,13,23,844,44,1861,18,454,5165,63,3764,65,23,763,203,312,995,38,5,47,50,3984,23,10,273,393 0
47,40,125,1256,5567,12,207,100,12,259,198,95,48,47,221,1509,10,1022,23,203,27,87,95,12,6,2534 0
1027,2,25114,25115,2,96 0
25116,25117,25118,25119 0
