67,54,4,29943,273,385,1147,278,55,28,414,4,5776,3,12256,542,4,12257,14180,7,14181,192,4,29944,29945,2197,85,29946,2197,29947,454,188,4,29948,2197,85,15007,138,4,12127,2197,278,43,4,230,17,1330,1114,2349,3,2151,29,4304,1438,3,1187,13,4007,282,4,629,5776,14,29949 1,1,1,1,1,1,1,1,1,1,1,1,1,1,1,1,1,1,1,1,1,1,1,1,1,1,1,1,1,1,1,1,1,1,1,1,1,1,1,1,1,1,1,1,1,1,1,1,1,1,1,1,1,1,1,1,1,1,1,1,1,1,1,1
15853,13,15,256,29950,690,12,4726,13,673,1486,2151,3,4664,12,24,188,12,10431,3,142,3,2207,3,151,3,121,20,55,10,46,1330,1114,2349,3,837,3,5,627,2151,40,495,477,18,20,29951,3100 1,1,1,1,1,1,1,1,1,1,1,1,1,1,1,1,1,1,1,1,7,1,15,1,4,1,1,1,1,1,1,1,1,1,1,1,1,1,1,1,1,1,1,1,1,1,1
405,24,1252,2115,690,18,38,1330,1114,2349,3,2570,323,5,837,3,51,89,6,923,57,344,406,10,6,1316,35,55,270 1,1,1,1,1,1,1,1,1,1,1,1,1,1,1,1,1,1,1,1,1,1,1,1,1,1,1,1,1
18,90,529,3,307,3,418,3,11,3009,3,2711,3,670,3,174,1009,3,678,3,26,700,1030,3,11,1548,3,1637,3,1670 1,1,1,1,1,1,1,1,1,1,1,1,1,1,1,1,1,1,1,1,1,1,1,1,1,1,1,1,1,1
18,21,1005,37,24,1330,412,14,4955,3,5,4851,3,21,1040,34,3,5,37,327,197,10,52,12265,19,6,1330,11,1030,12,4689 1,1,1,1,1,1,1,1,1,1,1,1,1,1,1,1,1,1,1,1,1,1,1,1,1,1,1,1,1,1,1
18,21,855,1925,6263,16503,3,51,31,828 1,1,1,1,1,1,1,1,1,1
18,109,2103,66,1075,6263,1078 1,1,1,1,1,1,1
11,249,3,51,21,38,459,3,5,970,159,1023 1,1,1,1,1,1,1,1,1,1,1,1
24,451,64,29952,1295,10,122,24,477,18,20,12,6,230,5,55,37,693,24,148,14,185,3,1761,18,21,471,1226,29953,643,3558,2142,1151,254 1,1,1,1,1,1,1,1,1,1,1,1,1,1,1,1,1,1,1,1,1,1,1,1,1,1,1,1,1,1,1,1,1,1
254,4,33,203,547,22,25,105,33,1571,9,1705,16504,8,660,33,274,447,22,25,105,49,36,1576,686,1746,105,33,5877,4176,25,909,174,65,49,36,45,43,1431,909,174,65,33,1262,672,25,105,9,160,1089,2897,29954,8,33,1781,1548,29955,189,605,29,608,33,1778,3296,1541,36,45,25,105,33,289,125,22,25,105,33,906,36,298,25,105,49,36,1746,43,1431,105,33,729,2010,25,105,33,9523,1389,42,412,894,1389,42,123,29956,2094,69,1014,894,12,1231,412,12727,29,3647,228,29957,2998,33,423,447,22,25,105,175,45,43,1431,909,65 1,1,1,11,1,1,1,1,1,1,1,1,1,1,1,1,9,1,1,1,1,1,1,1,1,1,1,1,1,1,1,1,1,1,1,1,1,1,1,1,1,1,1,27,1,1,1,1,1,1,1,1,1,1,8,8,1,1,1,1,1,1,1,1,1,1,1,1,1,1,1,1,1,1,1,1,1,1,1,1,1,1,1,1,1,1,1,1,20,1,1,1,1,1,1,1,1,1,1,1,1,1,1,1,1,1,1,1,1,1,1,1,1,1,1,1,26,1,1,1,1,1,1,1,1,1,1
33,1384,171,22,25,105,33,3072,799,25,27,1350,49,36,45,43,1431,421,27,1350 1,1,1,1,1,1,1,1,1,1,1,1,1,1,1,1,1,1,1,1
33,736,378,25,608,33,3141,686,25,105,233,4,1088,78,47,1947,29,2867,3,3168,12,29958,1694,4,35,270,5,567,1530,209,153,371,363,71,324,436,936,106,280,1820,136,34,975,93,209,153,765,798,1748,411,3394,1699,1875,3,161,315,770,2124,505,2962,199,153,371,494,322,34,238,161,4,1221,1095,2849,860,1022,4,142,3,3021,399,9,661,8,3,690,9,573,8,3,11,567,399,3,895,399 1,12,1,1,1,1,1,1,1,1,1,1,13,1,1,1,1,1,1,1,1,1,1,1,1,1,1,1,1,1,1,1,1,4,4,1,1,7,23,1,1,1,1,1,1,1,1,1,1,1,1,1,1,1,1,1,1,1,1,1,1,1,1,1,1,1,1,1,1,1,1,1,1,1,1,7,1,1,1,1,1,1,1,1,1,1,1,1,1,1,1,1,1,1
1144,4,245,13,1037,3,449,10,191,2765,3,51,1037,49,198,7,233,2765,29,90,16505,101,4,701,4,2653,967,148,29959,523,2846,716,2951,1035,42,658,207,4,197,4,3251,3,480,196,4,11,277,26,1368 1,1,1,1,1,1,1,1,1,1,1,1,1,1,1,1,1,1,1,1,1,1,1,1,1,1,1,6,6,1,1,1,1,1,1,1,1,1,1,1,1,1,1,1,1,1,1,1,1
227,4,3464,3,1536,3,1042,91 1,1,1,1,1,1,1,1
11,277,26,5688,12,1431,3,1040,3,26,188,136,4,332,3,11,222,48,4,1304,13,232,1298 1,1,1,1,1,1,1,1,1,1,1,1,1,1,1,1,1,1,1,1,1,1,1
1910,4,2770,3,409,2744 1,1,1,1,1,1
11,3320 1,1
362,4,152,3,952,3,1465 1,1,1,1,1,1,1
531,4,330,93,217,1010,4,6,28,20,2672,410,5,642,3,5,20,96,233,1965,5,999,3064 1,1,1,1,1,1,1,1,1,1,1,1,1,1,1,1,1,1,1,1,1,1,1
74,20,492,8273,97,3731,1861 1,1,1,1,1,1,1
6,2383,3,5,2067,143,204 1,1,1,1,1,1,1
925,4,50,4,31,154 1,1,1,1,1,1
645,4,6882 1,1,1
863,210,643,78,47,1947,29,58,643 1,1,1,1,1,1,1,1,1
11,9618 1,1
1016,3,247,3,4131,665,968,1866,9,26,3009,8 1,1,1,1,1,1,1,1,1,1,1,1
11,2652 1,1
29960,1330,1637,4,511,1441,10,986,225,2729,3,5,10,6059,225,2712,3,2611,19,6,1330,43,215,42,1129,10,6,1252,3725,4,1330,29961,1114,3637,4496,4,841,951,502,877,5,100 1,1,1,1,1,1,1,1,1,1,1,1,1,1,1,1,1,1,1,1,1,1,1,1,1,1,1,1,1,1,1,1,1,1,1,1,1,1,1,1,1,1
3746,3,123,4,2151,10,29962,1465,10968,327,78,840,29,2525,5,29963,327 1,1,1,1,1,1,1,1,1,1,1,1,1,1,1,1,1
2525,185,675 1,1,1
3242,4,4620,5,6971,296 1,1,1,1,1,1
2005,4,1439,3155,1017 1,1,1,1,1
670,4,44,2526,5,1256,29,11,2006,3,2670,3,26,4133 1,1,1,1,1,1,1,1,1,1,1,1,1,1
11,2947,2350 1,1,1
951,3263,1341,19,6,1330,1900,1252,11099,3484,527,2201,4536,4440,6994,7683,5593,12266,6295,3861,4360,7684,7685,5260,6636,3393,3718,304,187,108,108,108,108,108,108,108,108,108,108,59,108,108,108,108,108,108,108,108,108,108,4351,4,1435,1755,3,8275,3,5,29964,656,204 1,1,1,1,1,1,1,1,1,1,1,1,1,1,1,1,1,1,1,1,1,1,1,1,1,1,1,1,1,1,1,1,1,1,1,1,1,1,1,1,1,1,1,1,1,1,1,1,1,1,1,1,1,1,1,1,1,1,1,1,1
11,14822,2771 1,1,1
1056,4,3484,527,4984,5976,5594,415,3861,4360,3861,3393,304,187,58,58,58,58,58,467,59,58,58,58,58,58,467,3894,4,35,55,270,19,6,1316 1,1,1,1,1,1,1,1,1,1,1,1,1,1,1,1,1,1,1,1,1,1,1,1,1,1,1,1,1,1,1,1,1,1,1
986,5,807,204 1,1,1,1
618,269,204 1,1,1
2719,204 1,1
11,202,7,5196,26,29965 1,1,1,1,1,1
700,4,1493,5278,4,3391,29966,870,3703,5746,72,914,4114,536,6853,905,1293,873,4,1279,3925,719,13,169,690,13,673,2151,27,472,142,3,2207,3,425,13,923,372,543,13,4298,3636,3637,7,6,1330,1316,138,194,670,9502,1950,7,24,461 1,1,1,1,1,1,1,1,1,1,1,1,1,1,1,1,1,1,1,1,1,1,1,1,1,1,1,1,1,1,7,1,15,1,1,1,1,1,1,1,1,1,1,1,1,1,1,1,1,1,1,1,1,1,1
174,1631,158,8652,7,24,169,690,923,3,1900,142,29967 1,1,1,1,1,1,1,1,1,1,1,7,1
104,4,9366,7,6,1329,13,1254,10,1593,690,148,179,839,2142,78,986,29,2354,643,3558,134,72,17,690,3,1363,166,4298,3636,75,14,15,224,1363 1,1,1,1,1,1,1,1,1,1,1,1,1,1,1,1,1,1,1,1,1,1,1,1,1,1,1,1,1,1,1,1,1,1,1
134,270,921,690,3,142,422,8652,7,690,923,72,3,237,3411,417,29968,1972,17,4298,3636,13,1202,5,29969,208,86,10,96,115,13,451,134,923,191,31,265,139,2169,7,1972,17,3636,3,286,454,281,297,17,1089 1,1,1,1,1,7,1,1,1,1,1,1,1,1,1,1,1,1,1,1,1,1,1,1,1,1,1,1,1,1,1,1,1,1,1,1,1,1,1,1,1,1,1,1,1,1,1,1,1,1
29970,3963,29971,5848,3,29972,273,385,395,1167,29973,13,233,664,3,1445,26,479,477,464,12,6,230,235,13,2272,385,64,8262,29974 1,1,1,1,1,1,1,1,1,1,1,1,1,1,1,1,1,1,1,1,1,1,1,1,1,1,1,1,1,1
