69,49,4,25299,378,325,10057,1695,144,30,7,156,360,38,20,15,961,101,17,38,14598,2126,471,13,6,89,167,7,311,35,81,341,2,127,2,2386,2,5,188,132,776 5,13
6,29,416,37,136,47,97,701,170,2,16,14,537,1121,241,17,132,753 0
12,736,2,3841,129,1074,10,1083,63,1241,2199,17,964,12,24,70,349,5,38,222,31,500,286 0
124,37,38,153,222,31,500,286,2,15,1941,20,1074,10,5506,10,125,108,68,20,15,753,2380,17,170,10,433,15,132,753,2282,271,1730,192,7,6,9193,12,1083,17,2508,108,12,1708,16,209,301,84 0
373,288,2,6,29,74,331,20,3322,5,24,379,20,2593,248,236,146 0
825,167,81,341,311,35,81,341 5
6,29,74,81,14,281,57,425,19,24,231,322,7,486,5,135,131 25
373,288,2,24,654,374,20,4322,19,14599 6
6,29,416,37,192,7,24,3517,27,140,50,61,5218,1352,546,5,7179,188,132,776,6,29,14,537,1121,17,132,753,5,380,2380,37,24,128,3108,5,5257,40,55,2415,10,125,1092,68,53,15,8901,4129 0
127,6,29,14,19,15,14047,1521,7,560,10,1815,24,127 13
281,2,16,14,19,1875,1481,22,25,59,2,787,105,22,25,33,2,3587,1710,22,25,283,2,184,130,22,25,33,2,5,1606,677,365,22,25,283 20,15,19
25300,14,281,57,425,19,38,322 0
5722,1037,6,29,20,4166,5722,1037,4799,19,771 19
17,38,581,2,6,771,20,2191,5,6,29,14,460,553,7,15,860,13,38,1144,281 19
461,6,29,74,461,14,239,10,306,2637,811 0
16,21,288,61,321,19,10004,2,71,16,14,1216,1896,1528,12,6,378,325,497,511,15,223 0
373,288,2,24,835,20,5916,41,248,236,146 0
2386,6,29,14,19,25301,447,22,25,33,17,38,860,5,16,14,537,453,42,1532 0
254,6,29,74,254,14,280 10
373,288,2,24,945,129,346,19,14599,5,27,37,95,24,488,367,20,6973,5,24,544,20,25302,38,14,15,280,860,17,6,29,2,124,37,24,945,129,1701,43,1036,198,146 12
124,38,2,6,29,20,321,19,210,105,22,25,33,17,254 10,29
92,40,540,24,1001,1075,27,6,95,7,24,400,101,12,4030,236 0
529,77,172,925,25,33,3587,6909,25,35,1366,25,513,852,787,105,22,25,33,1803,1829,130,190,509,405,2277,190,506,60,14600,297,15,1794,26,1090,2772,778,25,59,131,3464,9,956,204,8,1875,767,1555,1481,22,25,59,4922,210,390,25,33,184,446,25,33,742,446,25,59,60,11662,297,1794,1606,677,7468,1565,25,283,273,31,4610,6285,215,2234,633,749,3832,25,33,135,131,244,190,509,405,105,190,506,881,14600,297,15,1794,228,12,2511,5,3011,2772,778,25,59,7381,4749,247,4,10856,771,677,204,22,25,59,2144,4749,247,4,10856,1273,4,25303,36,2458,787,105,22,25,33,2144,4749,247,4,10856,1875,767,1555,1481,22,25,59,7381,4749,247,4,14601,210,390,25,33,2144,4749,247,4,14601,93,122,67,94,9982,121,5690,643,224,893,38,20,15,2790,2,2963,2126,471,2,12,11,326,44,226,129,90,722,10,25304,694,135,145,5,212,13,11,387,2,711,2,26,766,1786,134,258,2683,67,848,9514,642,6,29,40,207,100,13,260,428,12,1036,10,4030,236 25,19,18,29,15,20
99,2495,42,1777,659,3005,1984,176,55,156 0
681,809,42,14602,2,14603,19,3482,259,2,2913 0
