69,49,4,25414,378,325,25415,25416,3593,7655,2,4442,5090,3420,2,1755,25417,25418,9,25419,8,25420,25421,30,7,156,360,4,4442,774,12,80,10,207,100,19,306,89,709,2,6,523,7,71,14,24,599,2204,1520 0
16,416,37,136,4708,6,2220,37,92,321,170,19,12,1091,2,24,115,53,27,1502,196,41,419 0
16,14,316,1216,100,631,119,420,10,1418,10,6,5652,5,14,31,460,87,3731,26,572,8278,24,389 0
16,14,85,640,100,19,24,251,367,2,24,127 10,13
16,416,37,16,21,61,1634,10,207,15,419,333,2,48,113,1120,37,16,21,31,61,1926,199,173,1216,135,352 0
16,14,85,640,100,19,24,81 5
16,14,31,460,87,572,13,24,77 0
16,222,31,1384,24,752,37,47,39,926,170,17,12,1091,48,416,37,16,209,55,4678,10,273,393,117,6,2470 0
16,14,85,640,100,19,24,670 0
16,416,37,16,21,61,947,6,7609,5,6,6217,32,57,32,6,4419,4472,19,15,82,1988 0
16,416,37,24,1417,21,61,199 0
16,14,25422,1106,27,192,5,16,21,419,352,2059,271,297 0
16,14,85,166,10,50,1385,775,32,57,32,4441,902 0
15,134,1575,85,1164,6371 0
16,113,31,50,87,8520,115,7,70,412,2209,34,2,272,26,402 0
16,113,1970,1092,26,31,16,14,15,2380,17,522,7,1385,1050,78,89,30,4,182,17,5104,2255,2,6076,551,2,4169,143,369,2,25423,7116,2,593,2177,12097,76,2,127,2,254,2,25424,2,7256,796,2,670,2,81,2,118,417,2,1413,5,1385,775,32,57,32,6371,5,4441,902 10,5,13
77,4,4419,4472,2,310,2,1804,2,2220,2,6217,2,910,2,501,2,4716,2,7609,2,632,1227,2,632,10473,2,1042,5,172 18,26,19
137,4,16,21,63,1146,10,1047,5698,2,6388,2,4471,2,2335,2,5,2381 0
93,122,4,67,94,14,6340,2,19,540,9441,2,296,14,1258,2,870,5901,5,121,14,14067,643 14
12,224,2,16,14,12,11,180,326 0
6,202,73,2093,11,2055,5,11,1528 0
6,1290,14,90 0
112,14,330 0
68,14,11,780 0
226,53,90,10,452,193,13,11,856,5,11,1056 0
118,14,135,145,5,212,13,11,387,2,711,26,766 0
6,187,14,133,2,1774,2,5,375 0
68,14,11,953 0
6,217,1035,11,79 0
242,5,114,4,161,81,2,24,373,134,654,374,20,3118,5,38,113,31,301,10,55,346,428,532,1231 5,6
16,20,1293,428,10,126,10,207,15,2958,333,5,3704,428,1549,10,15,3046,2,281,3646,27,38,95 0
16,14,4596,13,24,3638,73 0
165,1413 0
92,40,383,24,2220,10,1659,22,10,125,108,92,319,241,1723,24,115 0
6366,648,53,5899,791,57,10,38 0
186,127 13
38,14,31,3169,338,13,24,231,322,2,278,2,92,53,734,24,2220,80,393,47,209,621,10,125,1550,16,113,12,2858,7,24,67,94,151,47,125,170,168,12,15,376 0
108,24,67,94,14,411,251,2,92,40,237,11206,24,4523,322,10,1723,38 0
249,670 0
281,2,16,14,448,57,13,24,231,322 0
16,21,11,160,7,15,2896,27,38,95,5,16,14,1293,10,126,1216,32,573,352,32,380 0
351,251,367 10
24,544,913,454,55,553,271,204,108,31,553,271,546,124,24,306,89,709 0
108,24,544,14,1441,271,546,19,38,373,134,155,92,176,954,170,19,15,350,262,7,635,10,125,108,92,319,433,170,1400,913,86,63,1471,12,24,902,496,968 0
459,1138,902,496,968 0
472,53,15,3396,7,24,1385,775,5,6,4441,902 0
84,14,2401,10,50,170,201,12,10628,10,125,108,16,209,55,15,2380,17,522,7,6,1385,1050,17,110,2,92,40,500,19,24,81,2,121,274,5,583,7,24,367,5,92,40,1798,170,10,10628 5
207,100,13,260,14,12,153,376 0
526,5467,8589,2,96 0
813,25425,7582,2746,800,4,14630,827,4,14630,818,4,25426 0
