69,49,4,25397,1415,903,2,3362,14624,6121,2,96 0
1315,7,378,325,25398,6077,1120,538,1865,25399,1142,25400,25401,2,1755,25402,536,4,4442,7655,46,25403,828,25404,2,47,701,287,7655,80 0
47,39,841,201,170,136,97,200 0
47,14337,214,5864,10,125,1550,57,16,74,346 0
16,21,39,11,2308,862,2,11,25405,2,5,11,803,1013,6,1414 0
24,988,14,15,1114,4121,16,687,9,869,8 0
16,1404,13,15,8930,672,2,48,14,355,4039,19,24,744 0
68,14,11,2781 0
24,1907,5,882,53,2299 0
2285,1445,53,275 0
6,1237,53,1025 0
68,14,11,2586 0
24,988,14,2775 0
16,826,153,172,15,107,32,57,210,5,106,5059,9,6,150,3001,16,113,841,2570,48,47,880,329,53,12,6,871,173,8 18,29
24,67,94,14,5220 0
6,296,14,1013,5342,68,53,11,815,229 0
65,784,3486,16,14,448,57,19,6,172,5,92,454,4821,2629 18
47,209,621,10,125,170,428,12,15,200,5,27,37,95,92,454,50,1082,5852,428,10,887,6,1329,12,6,4169,143 0
6,70,2014,14,2617,5,6,52,14,1627 0
6,52,2528,25406,20,2539,10,8942,19,6,908 0
84,176,57,55,1627,13,5933 0
6,52,908,20,12,12478,16,14,185,27,38,95 0
16,2633,10,750,108,16,3814,87,115 0
1810,1646,2,3306,4588,25407,2,96 0
