69,49,4,25462,25463,89,538,303,441,69,29,4,6391,2,3928,485,4,14631,2321,4,25464,3716,4,600,4729,315,4,25465,25466,852,1741,4,2740,10876,95,29,201,25467,858,391,388,12,6,70,337 0
234,1910,292,600,15,334,381,17,78,102,831,21,1297,13,849,7,25468,5,2184,7,6,157,337,17,153,223,2,18,2808,23,765,3601,15,25469,117,25470,18,533,34,2,388,5,25471,14,274,7,25472,216,508,2,469,5,10877 5
1545,81,2,127,2,551,8424,152,257,381,77,1146,11,334,624,137,179,299,11,25473,499,224,66,2050,11,825,121,274,26,1313,2,713,2,508,2,469 39,5,13
3413,11,901,142,2,571,2,1274,5482,11,895,274,2,2540,2,1809,2,3508,2,3498,2,572,2132,2,802,571,2,2757,2856,11,3071,2,1106,2,366,562,11,44,34,2,396,2,702,2,655,5518,11,34,2,272,2,402,2,435,2,1463,2,588,2,2366,8612,11,7891,10624,2,2188,377,2,1277,2,2546,2,807,2,588,8425,225,904,79,2,611,12,6,70,337 0
181,125,234,323,4121,988,2,394,12,6,70,197,3766,1353,11,438,2,914,2,2100,415,14644,11,2035,2,1289,2,469,2,1112,2,596,2870,11,1609,2,1949,93,73,2050,29,14,15,57,533,2,57,2265,2,2958,1019,2,413,528,2,11,180,326,2,11,2002,422,3413,1623,2,1237,53,1025,2,1967,5,5688,2432,10,688,2,5400,74,53,275,2,11,7047,377,2,3404,43,2918,68,14,11,850,377 0
2839,74,90,2,7337,4132,86,571,2,11,13418,571,2,199,3512,2,4798,1052,2,13419,5,2444,86,2715,26,2561,112,275,502,7,721,2,11,2757,26,277,2,620,43,1118,86,6356 0
293,243,53,175,193,86,229,2,11,780,2,11,342,2,11,112,1107,1386,2856,90,10,452,5,1043,2,11,942,2,856,26,1223,562,135,145,5,212,2,43,246,75,253,2,11,387,2,766,26,711,4436,133,2,43,300,302,2,375,2,11,10358,342,26,953,3934,13039,5,9301,122,43,2,11,342,26,277,1031,11,673,2,720,2,26,757,388,181,611,70,337,2,388,7,157,337,2,2184,899,274,7,466,7,1097,337,2,4141,7,988,2,951,25474,43,2,3500,7,197,3766,976,3804 0
13143,3500,1028 0
1734,11,901,26,7337,10359,2,31,3598,2,31,13420,810,3903,810,70,337 0
3578,157,381,337,189,240,312,99,234,1910,2360,528,267,14482,1328,10,70,1560,765,153,223,146,110,13,734,2184,5,388,499,4134,5,6,3121,466,2,757,34,2,508,2,973,125,1476,586,385,759,4,4562,202,1504,2417,570,112,875,330,118,1268,418,25475,226,25476,340,133,875,1325,516,25477,65,192,25478,323,3635,863,10,14634,3975,2,181,733,7,70,1560,765,13,133,1377,388,5,733,2460,890,6,3763,13,79,89,1941,2505,189,408,189,219,1337,2,155,801,5,5219,28,358,43,28,605,17,381,337,25479,630,19,377,185,2494,70,337,1254,163,2762,47,50,3402,201,5,755,6,29,5,941,6,427,74,122,2,177,5,1061,13,6,427,74,2105,7,30,2,5,285,6,233,2,114,7,203,5,642,7,6,29,13,6,427 5
38,99,21,61,809,681,42,2740,10876,2,195,25480,25481,852,979,1783,3581,12,6,189,99,563,4,5949,5429,9,62,8,2740,10876,2,195,150,5992,6941,25482,2,89,3682 0
