67,54,4,30149,102,77,4,426,4,282,4,1870,43,848,12,3668,12284,6231,30150,9,83,8,29,30151,9,763,8 1,1,1,1,1,1,1,1,1,1,1,1,1,1,1,1,1,1,1,1,1,1,1,1,1,1,1
1578,1446,522,13,2756,151,3,142,3,287,3,53,567,1963,240,3,3417,3,5,95,124,17,690,3,425,17,96,115,5,1237,7,24,254 1,1,1,1,1,4,1,7,1,15,1,1,1,1,1,1,1,1,1,1,1,1,1,1,1,1,1,1,1,1,1,1,1
18,109,31,1606,12,24,3496,26,3229,5501 1,1,1,1,1,1,1,1,1,1
18,109,1606,12,128,7,24,254 1,1,1,1,1,1,1,1
90,84,12,1059,3,147,391,3,421,970,3,249,3,555,3,678,84,3,1654,3,226,7,184,3,739,3,760,3,263,3,48,34,3,194,114,93,3,291,34,3,300,3,375,3,446,3,648,3,63,12,554,3,1879,554,3,796,3,1408,3,798,26,4893,1157,3,277,3,618,34,3,26,363,1626 1,1,1,1,1,1,1,1,1,1,1,1,1,1,1,1,1,1,1,1,1,1,1,1,1,1,1,1,1,1,1,1,1,1,1,1,1,1,1,1,1,1,1,1,1,1,1,1,1,1,1,1,1,1,1,1,1,1,1,1,1,1,1,1,1,1,1,1,1,1,1,1
11,2108,261,3,11,2281,34 1,1,1,1,1,1,1
147,110,53,248,164,3341,71,324,317,58,1699,76,4,311,419,19,679,1699,1875,4,8657,106,287,16556,1030,16557,1460,367,3639,4121,500,3941,4,311,3132,39,2393,9,7403,456,8,12285,189,521,2384,3,1557,35,135,16558,3471,16559,229 1,1,1,1,1,1,4,4,4,4,1,1,1,1,1,1,1,1,1,1,1,7,15,1,1,1,1,1,1,1,1,1,1,1,1,1,1,1,1,1,1,1,1,1,1,1,1,1,1,1,1,1,1
488,19,12041,3,16560,3,10035,17,567,862,19,10035 1,1,1,1,1,1,1,1,1,1,1,1
348,501,22,25,69,613,215,22,25,69,127,1545,206,403,4,11,699,3,541,3,26,357,157 17,1,1,1,1,9,1,1,1,1,1,1,1,1,1,5,5,1,1,1,1,1,1
90,4592,4035 1,1,1
157,2198,3495 1,1,1
245,13,848,12,3668,12284,6231,5,573 1,1,1,1,1,1,1,1,1
545,4,148,4,11849,11201,814,4,787,522,12,480 1,1,6,6,6,1,1,1,1,1,1,1
227,4,863,3,11,2036,26,2662,1050,1042,4,91,3,11,685,26,1296,136,4,332,3,11,577,638,3,11,879,3,11,687,635,3,11,240,155,4,751,100,11202,4,11,875,908 1,1,1,1,1,1,1,1,1,1,1,1,1,1,1,1,1,1,1,1,1,1,1,1,1,1,1,1,1,1,1,1,1,1,1,1,1,1,1,1,1,1,1
130,4,455,3,11,3091 1,1,1,1,1,1
214,4,152,3,979,3,2045,3,588,61,3,11,969,3,11,240,114,4,11,1379,196,4,11,277,3,11,1108,3280,352,4,665,3,678,1412,204,3,925,1544,204,3,2363,5,634,1056,217,5,675 1,1,1,1,1,1,1,1,1,1,1,1,1,1,1,1,1,1,1,1,1,1,1,1,1,1,1,1,1,1,1,1,1,1,1,1,1,1,1,1,1,1,1,1,1,1,1
2214 1
149,4,200 1,1,1
339,5,104,4,36,8,2756,151,4,1457,1286,108,22,25,69 1,1,1,1,1,1,1,4,1,1,91,1,1,1,1
791 1
348,501,22,25,69 17,1,1,1,1
144,1573 1,1
30152,1511,7,1606,12,3496,5,2023,3229,5501,1291,13,233,254,10,1231,5,909,112 1,1,1,1,1,1,1,1,1,1,1,1,1,1,1,1,1,1,1
144,19,1430,10,3948,3,2516,3,71,4494,757,3,1335 1,1,1,1,1,1,1,1,1,1,1,1,1
58,8,142,4,1457,218,108,22,25,32 1,1,7,1,1,49,1,1,1,1
117,8,3417,110,690,4,211 1,1,1,1,1,1,1
791 1
2393,12285,189,3577,69,35,135,273 1,1,1,1,1,1,1,1
96,115,13,273 1,1,1,1
210,8,287,4,1457,236,125,22,25,276 1,1,15,1,1,47,1,1,1,1
108,8,53,567,240,4,862,19,30153 1,1,1,1,1,1,1,1,1
18,14,10,488,2393,19,30154,17,40 1,1,1,1,1,1,1,1,1
320,8,500,3941,4,1430,10,30155 1,1,1,1,1,1,1,1
539,8,3303,4,436,936,393,7690,7274,1951,4,601,669,3959,1538,12286,30156,1402,12287,30157,1238,1787,10036,6723,238,161,10036,35,30158,2705,7690,72,865,12286,30159,336,587,7690,122,146,12,295,1380,7690,2909,3295,7690,4635,1951,4,601,2019,1573,12286,3054,1083,2048,30160,11863,333,9,824,8,12287,9314,4592,4035,1018,10036,90,492,102,77,10036,569,3383,7690,335,560,9,733,8,12287,3127,1521,320,113,1426,3142,852,12281,3,107 1,1,1,1,1,1,1,1,1,1,1,1,1,1,1,1,1,1,1,1,1,1,1,1,5,5,5,5,5,1,1,1,41,41,41,1,1,1,1,1,1,1,1,1,1,35,35,35,1,1,1,1,1,1,1,1,1,1,1,1,1,1,1,1,1,1,1,1,1,1,1,1,1,1,1,1,1,1,1,1,1,1,1,1,1,1,1,1,1,1,1,1,1
