69,49,4,25495,8949,2,25496,2,6745,38,29,20,201,13,427,2,58,25497 0
5237,99,20,177 0
6,29,20,201,5,755,42,260,2,5,47,1736,6,427,74,584 0
30,7,156,360,4,12,2001,2,552,14652,14,15,6102,407,13,30,7,1356,2,914,2,81,2,5,3248,740 5
18,14,85,964,1543 0
23,97,964,20,922,2,18,533,180,696,44,94,13,406,255,7,194,5,969,434,27,140 0
1008,2065,5,20,1632,10,6,303,441 0
6,29,14,773,10,881,15,275,30,5,27,38,95,576,10,23,182,372,326 0
361,163,427,74,99,17,275,885,7,25498,78,89,30,2,179,30,2,163,7,213,2,77,2,5,137 0
93,122,4,47,1736,6,93,73,14,32,1283 0
6,29,14,1040,12,406,372,326 0
296,14,5494,2,1851,130,2,67,94,14,962,166,27,25499,2,5,5187,14,2040,41,19,14653 14
93,73,821,15,4972,407,104,14,1417,4373,13,2521,976,245,2,850,25500,5,25501 0
18,21,1056,7421,100,193,13,4831,5,3719,856 0
91,73,821,1257 0
187,14,463,48,133 0
445,73,821,225,1518,79,100,10,6,1389 0
812,73,821,617,14654,577,37,14,2724 0
19,4267,2,6,29,431,306,1272,7,3178,921,32,57,32,219,235 28
18,14,334,10,1029,389,2,15,2741,1914,20,730,2073 0
219,1610,20,4978,2,5,6,29,431,817,1272,7,5065 0
20,2073,321,19,219,921,5,15,3155 28
19,3155,2,6,29,74,8934,20,204,41 0
489,467,4,258,129,1156,2,71,227,15,835,7,2277,2,5,379,5,331,7,462,5,25502,1827,20,166,27,25503,91,785,4,867,20,25504,2,1330,3777,2,5,783,20,553,271,3553 0
278,2,258,129,1156,667,2022,63,1719,7,23,115,1312,2,1042,20,252,27,7816,1728,20,66,5,389,25505,20,66 0
147,20,399,1257,86,87,518,26,1807,142,1628,17,25506,313 0
68,129,11,158,3019,1509 0
44,810,227,225,421 0
6,6746,1117,4016,2508,20,4352,37,6,29,209,301,3642,2508,5,38,20,724,17,13355,1960,494,4,3381,132,76,2,2508,1543,2,5,421 0
242,4,124,6,29,74,6359,7,115,2,84,14,218,37,18,39,63,958,1588,37,3338,3913,305,79,5,1687,5160 0
124,6,231,322,2,12,6,303,441,2,6,29,2230,504 0
6,372,145,20,166,27,7460,23,118,145,1493,423,10,4004,5,67,94,20,57,425,19,6,219,921,166,2726,27,14655 14,28
6,29,20,1009,10,2508,27,25507,5,265,10,6,144,4204,17,232,31,177,42,240,312,232,526,8950,2,6745,495,4,25508,276,4,25509,597,42,4,8950,2,6745,813,25510,1852,13364 0
