69,49,4,25483,8949,2,25484,2,6578,47,1736,37,47,50,1538,5,755,6,29,2,177,6,427,74,2105,19,6,29,74,948,2,5,285,6,233,2,114,7,203,2,5,642,13,6,29,5,6,427,2,58,4451 0
361,125,24,99,17,275,885 0
30,7,156,360,4,38,14,15,6102,528,104,1351,7,255,7,194,5,1877,250 0
18,21,39,15,30,7,81,2,344,367,2,438,2,132,76,2,685,2,7,3248,1356,2,5,30,7,3248,740,576,10,839,228,76,5,1358 10,5
18,279,13,102,236,7,1877,250,13,255,7,194,1220,173,102,236,158,10,1464,434,12,6,25485,2,51,123,1209,18,1220,460,15,1877,250,13,1309,37,20,3061,2,25486,5,14645,27,38,95 0
18,416,37,18,14,460,508,2,469,2,255,7,194,2,4345,2,112,5,168,34,2,5,79 0
11,272,26,435,5,11,868 0
78,545,30,4,18,21,39,15,5131 0
179,30,4,18,88,671,2,430,2,26,219,840 37
18,295,13,23,128 0
77,4,18,14,19,306,77 0
361,125,427,74,5,1436,74,99,17,3403 0
137,4,18,21,63,1047,1836,1146 0
93,122,4,18,14,1040,2,413,2,5,12,6188,326 0
870,14,980,2,296,14,3167,2,372,145,934,2,67,94,25487,2,5,6706,53,204,41 0
2444,14,43 0
23,112,14,330,5,375 0
18,21,476,662,1129,13,106,1106,193 0
23,118,14,2851,86,15,417 0
23,187,14,2088,5,375 0
181,14,175 0
18,21,904,79 0
18,14,646,1094,13,43,323,73 0
489,467,4,23,769,830,14,259,2,23,2190,53,25488,2,5,835,14,8911,397,14,3522,5,633,14,14523,379,14,1680,2,331,14,4022,2,5,358,14646,23,442,14,25489,389,14,548 0
23,44,810,482,11,796,13,63,251,52,14647 0
114,4,27,38,95,2,6,114,14,17,23,10,3153,241,489,6604,2,1311,2,5,147 0
92,53,781,10,1026,23,440,5,132,5,781,10,605,23 0
763,2494,4,161,255,7,194 0
232,31,177,42,240,312,232,186,180,132,353,2,188,132,776 0
249,7641 0
351,8915 0
642,4,18,454,55,265 0
630,4,18,14,12,2964,630 0
526,14648,2,6578,96 0
495,4,14649,276,4,14649,597,42,4,14648,2,6578,813,25490,1852 0
