69,49,4,25531,14661,1263,13,8951,5,23,943 0
16,74,61,1634,36,2803,2018,168,19,25532,2,5,25533 0
16,1404,866,107,36,2406,11,849 0
24,1015,20,100,27,25534,11,2592 0
11,849,7,337,803,2,11,901,864 0
945,129,2036,36,5417,2,940,3010,2,25535,25536,7560,21,2098,63,1144,19,257,32,14661,21,61,1938,1120,3711,17,25537,25538,9,24,10523,14,316,25539,8,499,4,404,1104,2,499,148 0
12,790 0
1183,4,11,309,26,1785 37
9,3799,17,159,8,77,987,9,310,8,778,45,60,35,45,9,62,8,25,291,98,365,123,2600,9,607,8,109,22,9,521,45,60,51,8,25,59,98,365,123,2224,9,3991,8,1915,45,60,35,45,9,62,8,25,291,98,365,123,14662,9,6030,397,8,390,45,60,35,45,9,62,8,25,33,98,365,123,172,9,896,547,8,925,45,5194,60,35,45,9,62,8,25,33,2,60,32,575,210,9,894,8,491,45,60,35,45,9,62,8,25,33,2,60,32,575,669,9,1010,8,768,45,60,35,45,9,62,8,25,33,98,365,123,2,60,32,575,137,1573,520,359,616,5417,946,1423,57,2,645,25540 18,29,15,26,30,21
111,4,3633,5289,546,74,1714,90,418,11,79,2,11,25541 14
167,81,341,36,155,1191,358,80 5
4040,92,3673,301,10,25542,25543,1550,10,273,3517,2,48,92,53,841,68,1911 0
1544,2539,19,333,917,356,25544 0
16,40,301,568,73 0
2933,1226,5,172,80 18,29
127,36,1495,669,768,33 13,21
216,1217,1168,4,139,304,392,1328,216,554,1240,36,3799,110 0
424,927,1551,1291,25545,367,5133,5417,2518,4,456,594,5470,1483,5133,3118,2688,25546,148,1587,5133,25547,3575,5133,56,403,6378,348,544,14,25548,1587,25549,1639,169 0
1402,5133,2266,266,9,835,8,5133,8952,3576,5133,2593,5855,9,10354,8,25550,154,458,9,654,8,5133,5096,1015,5133,25551,1306,14663,8953,2,96 6
