69,49,4,25611,414,4,4576,2,5135,485,4,7657,30,7,156,360,4,5135,4576,14,15,4534,10886,528,2,926,42,58,6079,17,233,7,849,7,618 0
23,567,2,104,14,15,25612,2645,401,2,10151,23,477,80 0
1249,2,17,1262,159,2,2112,32,1262,32,1859,2,23,477,21,3912,7,403,699,5727,348,151,18,1404 0
38,578,3111,151,1939,423,26,1147 0
84,14,316,151,18,14,748,37,18,404,18,14,537,5727,2,1375,10,6,70,2,52,2,2648,26,9784 0
27,511,2,18,113,25613,10835,151,18,1404 0
18,21,39,153,1111,15,1316,7,198,146,151,18,14680,23,2042 0
18,21,31,39,87,1687,1991 0
68,14,11,627,8007,6009,1809,2,11,627,901,228,2,803,2,394,2,228,12,672,2,228,12,988,5,11,868 0
18,2020,404,37,191,6,78,451,236,2,84,21,61,15,1114,419,2,645,158,10,37,2,84,20,15,1114,268,406 0
773,10,14681,38,13,87,90,1388 0
6106,7,87,9528,26,8257,115 0
163,7,150,213,686,17,224,713 0
355,483 0
11,44,34,2,255,7,194,26,263,34 0
78,89,30,4,1385,569,2,81,2,127,2,5815,1002,2,254,2,438,2,4547 10,5,13
77,4,172,2,888,2,1201,2,2967,2,2173,2,1010,2,4263,2,10495,4661,2,1342,2,2091,2,3088 24,18,21,17
128,30,4,66,17,899,76 0
179,30,4,18,14,3833,5,295,13,23,4775 0
18,5303,1553,4351,4669 37
93,122,4,19,73,2,18,14,15,779,2,10199,2,25614,2,4534,528 0
111,12661 14
1478,1738,591,814,2097,175,10,3119,73,2,820,17,476,895,19,6,52 0
19,731,73,2,11,3179,2,11,3165 0
199,3500,722,412,5,197,217 0
18,113,2,278,2,2707,829,25615,2256 0
1197,6073,20,1581,193,5,863 0
25616,14,43,17,1197,6073 0
3500,12,6,197,217,1028 0
1099,73,13,149,3166,274,12,6,853 0
7914,1011,175 0
25617,476,193 0
3442,25618 0
23,672,14,610,8930,2,13,847,8957,10,1375,663 0
18,14,773,10,2949,5203 0
2261,74,171,722,2,820,17,395,754,9186 0
3729,5043,193 0
467,4,4446,7,6,1319,14682,482,149,10,634,769,4000,6954,12,6,4225,7658,2,7625,25619,5,634,225,6076,2886,5,10887,5702,3298,7,6,25620,25621,2,70,378,595,5,225,25622 0
2634,5641,14,201,1393,6,794,3131,2976,1469,13,15,1441,1563,7,2886,7,6,806,2976,1469,5,1024,3837,7,634,14683,238,7,6,4169,143 0
6684,25623,4,6926,43,2,820,358,2710 0
14682,3988,2,488,975,2,1370,2,1937,667,43,1238 0
3608,74,43,820,3788,251,27,9771,320,4,4534,528,13,81,2,188,1385,775,5,127,2,1360,7,4890,8957,7,23,672,5,699,3760 5,13
18,14,1972,316,151,18,1404 0
23,73,14,686,17,149,3166,274,12,6,853,2,218,239,10,381,527,2,225,25624,4810,5,6,8930,2,27,511,8957,672 0
84,479,37,23,672,2533,13,8957,53,4380,2,239,10,30,7,306,5702,3298,5,336,527 0
84,113,31,2122,37,472,534,53,239,10,1666,958,2835,2,124,37,18,25625,12,6,622,434,748,5,1989,37,38,20,6,3734,18,14,1847,173 0
278,2,124,23,14683,4169,238,201,19,691,2,18,1758,519,2098,1972,65,38,423,6,3214,2,1926,108,18,1795,4249 0
32,18,20,773,10,1897,4579,2,40,954,2933,6622,27,15,197,262,27,244,22,1004,2,1264,13,63,172,119,107,2,10,125,108,18,319,1897,2230,264,1272,7,6622 18
47,40,125,23,12,207,100,12,248,198,10,125,1550,18,14,448 0
176,85,539,2620,801,2,124,23,115,7,713,5,150,6684,454,472,115,6588 0
3290,14684,2,96 0
384,4,6021,6079,2,96 0
25626 0
