67,54,4,30291,112,55,28,414,4,4842,3,5956,542,4,8659,533,54,4,30292,533,43,4,1102,6997,3,107 1,1,1,1,1,1,1,1,1,1,1,1,1,1,1,1,1,1,1,1,1,1,1,1,1,1
54,7,112,4,30293,28,14,15,4317,12293,428,121,1295,12,89 1,1,1,1,1,1,1,1,1,1,1,1,1,1,1
24,491,16594,20,4007 1,1,1,1,1
18,14,15,244,698,4317,12293,428,13,15,30,7,71,3,106,3,1903,3726,765,3,209,1464,682,5,174,39,147 1,1,1,1,1,1,1,1,1,1,1,1,4,1,7,1,1,1,1,1,1,1,1,1,1,1,1
18,14,161,315,15,70,3636,82,3637,12,6,80 1,1,1,1,1,1,1,1,1,1,1,1
95,18,21,68,1770,245,27,24,491,82,1422,5,174,85,27,24,5252,82,1422 1,1,1,1,1,1,1,1,1,1,1,1,1,1,1,1,1,1,1
677,57,527,10,1007,312,1623,12,1892,7,9875,37,18,49,24,39 1,1,1,1,1,1,1,1,1,1,1,1,1,1,1,1
186,18,1216,27,24,491,82,16594,82,1422,24,491,109,144,24,366,693,24,5252,109,31 1,1,1,1,1,1,1,1,1,1,1,1,1,1,1,1,1,1,1,1,1
24,63,94,21,68,244,4083,95,5,119,95,1190,913,5,1919,912,964,180,22,909,65,10,24,389,12,475,10,24,145,1262,5,784 1,1,1,1,1,1,1,1,1,1,1,1,28,1,20,1,1,1,1,1,1,1,1,1,1,1,1,1,1,27,1,9
24,491,98,21,118,24,30294,10,1897,189,12,6,495 1,1,1,1,1,1,8,1,1,1,1,1,1
18,704,37,1770,12,6,2441,26,1761,2441,18,208,46,128,266,366 1,1,1,1,1,1,1,1,1,1,1,1,1,1,1,1
18,146,37,24,573,190,616,5,21,535,1170,24,53,248,134,24,366,299,266 1,1,1,1,1,1,1,1,1,1,1,1,1,1,1,1,1,1,1
18,190,476,134,18,14,138,5844,4129,26,3023,10,724 1,1,1,1,1,1,1,1,1,1,1,1,1
18,21,38,1075,116,10,37,13,266,366,12,6,80,313,186,6,491,144,24,366,677,57,233,12,6,4881,10,6845,471 1,1,1,1,1,1,1,1,1,1,1,1,1,1,1,1,1,1,1,1,1,1,1,1,1,1,1,1,1
18,21,598,366,397,1350,37,57,30295,5,30296,6,8829,366,18,38,20,1421,397,2235 1,1,1,1,1,1,1,1,1,1,1,1,1,1,1,1,1,1,1,1
6,28,146,37,18,190,616,27,85 1,1,1,1,1,1,1,1,1
18,14,15,244,1063,3747,744,13,24,491,4007,26,13,6,174,1855,4007 1,1,1,1,1,1,1,1,1,1,1,1,1,1,1,1,1
18,21,31,68,46,88,48,34,26,418 1,1,1,1,1,1,1,1,1,1
24,616,14,31,422,10,1210,115,26,1417,467 1,1,1,1,1,1,1,1,1,1,1
11,611,3,2224,942,3,3996,616,3,3009,3,26,741,303,26,248,323,26,837 1,1,1,1,1,1,1,1,1,1,1,1,1,1,1,1,1,1,1
7,55,6,48,34,18,38,640,223,19,6,99,112,186,24,491,38,55,18,20,2026,21,538 1,1,1,1,1,1,1,1,1,1,1,1,1,1,1,1,1,1,1,1,1,1,1
24,103,429,154,66,1225,1985,111,62,288,2153,7,210,1818,3,177,4264,290,10,10952,130,156,922 1,1,1,1,1,1,1,1,1,1,1,1,1,1,1,1,1,1,1,1,1,1,1
11,202,17,325,19,6,1070,689 1,1,1,1,1,1,1,1
66,1306,2489,24,354,149,264,111,44,443,1903,120,5,3726,120,783,92,3027 1,1,1,1,1,1,1,1,1,1,1,1,1,1,1,1,1,1
18,98,38,216,264,1306,2489,37,111,673,76,7,6,70,5,53,216 1,1,1,1,1,1,1,1,1,1,1,1,1,1,1,1,1
24,169,679,66,30297,111,209,3553,490,51,11,199,1939,26,490 1,1,1,1,1,1,1,1,1,1,1,1,1,1,1
6,28,21,38,209,1341,942,5,74,14,664,223,1153,26,31,18,21,1460 1,1,1,1,1,1,1,1,1,1,1,1,1,1,1,1,1,1
24,491,14,745,24,6,4641,693,92,14,31,91,134,40,14,1255,24,26,31 1,1,1,1,1,1,1,1,1,1,1,1,1,1,1,1,1,1,1
1770,24,491,704,37,18,14,1466,1123,52,30298,26,16595,2144,306,46,535,13,24,1002,693,174,85,92,753,35,134,18,18,109,46,128,1460 1,1,1,1,1,1,1,1,1,1,1,1,1,1,1,1,1,1,1,1,1,1,1,1,1,1,1,1,1,1,1,1,1
18,98,21,68,96,12,30299,1002,124 1,1,1,1,1,1,1,1,1
19,77,18,14,12,11,199,342 1,1,1,1,1,1,1,1
63,94,12110 1,1,1
136,4,332,97,910,26,222 1,1,1,1,1,1,1
155,4,91,97,407,3,1065,3,26,1116 1,1,1,1,1,1,1,1,1,1
103,4,156,145,145,3,44,304,3,310,97,1162,3,1094,3,26,213 1,1,1,1,1,1,1,1,1,1,1,1,1,1,1,1,1
214,4,152,3,396 1,1,1,1,1
11,5017 1,1
18,21,209,70,1114,323,543,13,24,374,3636,82,3637 1,1,1,1,1,1,1,1,1,1,1,1,1
1411,1093,58,868,625,376,204,693,889,20,31,192 1,1,1,1,1,1,1,1,1,1,1,1
670,1006 1,1
1056,433,3,1688,595,3649,3,2439,415 1,1,1,1,1,1,1,1,1
700,14,416,2248,649,75,14,543,13,6,169,55,66,64,1533,9137 1,1,1,1,1,1,1,1,1,1,1,1,1,1,1,1
511,204,10,691,1008 1,1,1,1,1
443,133,204 1,1,1
176,106,75,14,681,476,179,19,137,389 1,7,1,1,1,1,1,1,1,1
86,1122 1,1
144,5011 1,1
317,58,71 4,4,4
24,491,1762,128,7,24,1171,10,1292,51,6,607,366,57,31,27,233,266 1,1,1,1,1,1,1,1,1,1,1,1,1,1,1,1,1,1
5307,119,237,3966,24,116,13,15,1921,366 1,1,1,1,1,1,1,1,1,1
1171,5,616 1,1,1
119,57,530,10,144,15,5011,5,286,390,62,3231,7,24,413,5,136 1,1,1,1,1,1,1,1,1,1,1,1,1,1,1,1,1
18,546,96,115,12,273,5,98,13,24,8178 1,1,1,1,1,1,1,1,1,1,1
18,41,96,115,13,271,12,15,493,113,139,6,3231 1,1,1,1,1,1,1,1,1,1,1,1,1
4377,1102,6997,3,107 1,1,1,1,1
426,4,2722,4,30300,30301,2074,4,30302,6010,1120,4,30303,6011,1120,4,30304 1,1,1,1,1,1,1,1,1,1,1,1,1,1,1,1,1
