69,49,4,25609,414,4,4576,2,5135,485,4,7657,6,29,14,15,4556,407,104,774,12,17,207,100 0
18,21,61,460,115,7,2974,71,53,1169,10,4836,12,6,2325,37,47,319,31,433,15,90,30,7,23,115 0
27,511,18,267,37,18,404,2574,32,108,18,1279,1111,191,10,23,70,663 0
68,14,11,627,1809,2,3094,26,150,115 0
18,21,31,2020,39,892 0
68,14,11,7225,3059,10,23,115 0
47,39,724,23,17,63,14676,10,1514,3403,115 0
6,691,113,1035,106,350,5655,142,12,6,14677,7658,2,7625,4772,5,225,6076,2339 0
18,39,350,188,5702,3298 0
18,267,37,18,1991,10,6,70,2,48,6,551,3033,10,55,268,19,6,70,1319,71,209,31,8012,14678,13,23,115 0
18,39,106,52,378,293,149,154,41,717,238 0
23,2014,1469,129,861,13,25610,1329 0
93,73,4,350,5702,3298 0
373,218,741,10,127,2282,271,2904,76 13
23,67,94,21,61,214,57,425 0
12,1708,2,80,19,73,2,23,67,94,20,10590 0
18,1632,23,77,13,23,5,21,61,290,230,196,22,327 19
641,2,1201,196,22,35,347,793,15,107,5,1010,1247,22,327 17,21
998 0
18,39,31,1009,23,77,80,5,23,67,94,401,151,47,2304,84,20,4102,12,6,70,349,5,2960,12,6,52 0
23,112,14,330,86,920,26,229 0
23,226,53,90,86,856,2,1056,26,1223 0
23,91,73,482,15,135,145,5,212,2,43,246,2,253 0
242,5,114,4,30,7,127 13
110,13,197,67,94,5,106,1251 0
92,40,855,23,230 19
47,209,621,23,10,433,15,540,67,94,12,153,223 0
47,285,23,4446,584,13,23 0
928,4595,92,40,301,10,126,10,954,5,7260,23,367,1733,5,23,81 5
18,40,207,100,12,153,223,17,15,540,67,94 0
6021,6079,2,96 0
14679 0
