69,49,4,12454,2890,76,1124,8156,89,538,581,17,101,7663 0
30,7,156,360,552,5517,14,201,401,248,236,117,23,377,65,6,144 39
18,21,61,480,17,2532,7663,13,6511,7,25700,76,124,23,252,168,34 0
18,14,290,7503,2,4128,5,21,61,480,13,10891 0
18,404,791,15,2328,419,5,21,39,2010,7,23,596,5,469 0
18,21,1459,34,5,14,382,10,2894,1039,5,3066,10,6,5652,268,4971 0
18,411,21,394,5,15,657,1077 0
68,50,61,11,228,12,23,300,1183,5,11,596,2,469,26,484 0
78,89,30,14700,9,1224,2061,3621,2,97,374,1365,3687,12,8960,8,4738,6291,14701,569,8962,2,14702,2,5,5024,14703,12,3570,28,110,14704,2,8962,2,5,5024,4138,9,261,8,12,7659,9,2906,8,4475,2254,2599,9,261,8,4238,5,3226,103,5857,364,14705,14706,4475,632,495,1705,4475,188,21,9,2831,2006,10892,21,8,14707,1860,9,12,10890,12,3570,8,4475,6595,529,77,1151,4882,28,2817,4,153,12508,82,310,3042,447,22,25,59,184,105,22,25,82,230,196,22,25,82,3252,183,22,25,2241,172,474,22,25,82,1640,1345,3642,1062,25,1595,138,916,4135,25,2137,635,130,22,25,506,163,7,213,88,508,2,10877,2,420,1112,2,868,2,270,2,250,2,3025,2,272,2,402,2,435,2,263,34,2,2793,2,26,484 19,18,29,15,39,26
93,73,296,1725,67,94,5772,372,145,723,121,8618,12452,2,870,10893,224,893,57,1019 14
181,11,484,26,2403 0
202,11,3626 0
799,152 0
44,90 0
694,43,1457 0
135,145,5,212,2,3475,653,872,417,14,869 0
11,1371,2,1422,26,6867 0
187,133,86,953,2,693,26,13580 0
3465,3466,68,14,106,1467,277,12,6,52,25701,2339,12,23,197,168 0
1786,134,258,563,2,397,2710,2,331,2266,2,358,5261,2,442,12304,3788,1987,2,3789,449,5,472,53,362,197,271,12,6,144 0
889,2298,2,3987,25702,835,2232,2,769,67,1137,830,183,2,2190,25703,961,67,1314,2519,12,6,144,2,25704,19,364 0
242,5,114 0
126,13,4128,5,7503,17,7663 0
207,100,13,58,8963,181,12,153,376 0
902,496,215,5,801,2519,80 0
252,6511,7,3064 0
92,7044,364,10,55,1036,198 0
961,4,153,376 0
6960,4179,2,195,681,809,42,6960,4179,2,195,1655,139,4,678 0
