69,49,4,25687,384,4,508,234,4,546,1576,10669,407,13,637,120,2,116,2,344,367,104,20,288,265,10,6881,189,2591,1045,9,97,223,8,17,168,34 5,13,10,39
18,21,61,290,1934,5,976,7014,27,140 0
6,78,451,123,2,18,21,39,596,866,2556,5,128,14,1847,173,6595 0
596,27,140,50,61,1352,2658,5,2884,9,4945,13,25688,8 0
18,589,10,50,168,34,5,85,21,263,34,2,476,1077 0
119,128,2,18,21,31,3033,2825,27,192 0
7,99,2,18,21,39,6595,12,6,78,2,5,18,267,6,115,53,6,1140,110,32,648,129,27,37,95 0
167,9,119,2116,8,81,341,4,1224,2061,4676 5
11,216,2664,26,5655,1294 0
1229,1168,4,1224,4676,2,20,290,230,2,3325,5,1943,12,5650,10335,789,565,1407,4,54,475,6112,4508,2338,1002,76,4,98,159,2,578,39,2573 19,13,15,10,28,33
2254,2599,14689,14690,2599,4,14691,318,4238,5,4401,7659,2,11,5640,346 0
124,5857,364,1522,42,378,325,632,495,1705,1385,569,4955,156,4,39,14692,5,14693,12,4826,1321,918,3570,5,7660,318,1860,4,1224,12,10890,937,12,3570,1665,77,9,119,2116,8,172,9,896,547,8,474,22,9,474,22,45,60,35,8,25,33,98,154,123,46,154,45,9,62,8,230,196,22,9,626,45,60,35,8,25,33,98,154,123,46,154,45,9,62,8,442,2881,261,632,495,9,9977,8,35,347,25,59,46,284,45,9,62,8,4748,4453,190,9,4453,1045,595,60,35,8,25,3029,98,2017,123,46,259,595,9,62,8,184,105,22,9,105,22,45,60,35,8,25,33,98,154,123,46,154,45,9,62,8,310,447,22,9,447,22,45,60,35,8,25,59,98,154,123,46,284,45,9,62,8,3399,9,1895,8,1481,22,9,2881,45,60,35,8,25,1834,138,34,2,60,13,1341,98,481,123,46,1537,45,9,62,8,25689,7126,1496,25,32,575,46,35,4067,9,62,8,1934,83,22,9,521,45,60,35,8,25,1834,138,34,2,34,31,1359,42,1895,635,130,22,9,130,22,45,60,35,8,25,506,98,154,123,46,154,45,9,62,8,5084,9,10213,8,83,22,9,521,45,60,35,8,25,2241,2,60,35,45,866,614,697,17,976,7140,108,25690,137,1573,179,30,401,13,363,128,3108 19,18,29,15,26
2536,65,25691,2,113,31,3886,5015 0
93,73,25692,2,492,2197,2,574,105,2,1080,41,628,111,25693,5,25694,224,36,214,3262,12,886,202,36,25695,36,90,623,36,6075,48,135,2,11,387,187,36,133,2,2170,2,267,106,277,10,1392,7,6399,516,36,11,79,2,11,484,2,25696,147,145,204,2,399,212,2,43,1000 14
11,180,518,142,2,513,1672,26,276,1278,5294 0
276,1278,3060,12,2900,591 0
11,182,228,1323,10,158,9,7659,8 0
389,7662,36,817,5558,2,817,7771,13488,4754,3399,1519,27,5433,833,546,1576,407,13,637,120,2,116,2,344,367,104,20,288,265,10,6881,189,2591,1045,9,97,223,8,17,168,34,110,13,1283,344,596 10,5,13
25697,1314,9,153,1501,8,13,219,247,2,9835,2176,2709,14318,1218,718,25698,10,6881,1087,17,241,2147,2,218,141,28,1549,1008,10,189,1610,1436,14699,7653,2,195,2,25699,384,4,58,7464,3402,285,1225,494,5,522,114,13,29 0
64,3120,5,1164,275,3774,7,1348,297,377 0
377,95,4,14667 0
