69,49,4,25705,2890,76,1124,8156,89,538,581,17,101,7663,30,7,156,360,25706,600,104,658,12,2061,176,13,82,508,98,2003,198,13,252,168,34,98,51,236,2,265,176,154,5,514,10,50,350,1990,66,7564,3956,557,13,7663,2,71,25707,13,23,25708,2069,10,14708,25709,4537,5,23,2233,508 0
68,20,1153,1693,17,3076,2,48,18,2349,286,17,305,3076,13,102,66,25710 0
1860,318 0
18,39,63,691,7,23,929,37,20,962,1796,32,6056,14709,13,70,4567,25711 0
7110,7303,549,37,38,2020,6645,1715,228,13,11,160,7,566,2,13,5607,37,15,817,3649,8847,14,3783,14710 0
1256,5517,2878,15,6034,19,432,23,141 0
18,20,480,13,10891,5078,513,82,98,51,236,2,5,6266,4128,204,22,25,59,2400,7503,1296,22,25,291 0
18,20,201,12,1070,308,19,25712,2,25713,2,25714,2,5,80,9,14711,8 0
18,21,504,7228,2,5,14,382,10,974,6546,86,34 0
18,21,11,596,2,420,1112,2,121,274,2,272,2,26,402 0
23,34,14,57,425,839,77 0
78,89,30,14700,9,1224,2061,3621,2,97,374,1365,3687,12,8960,8,4738,6291,14701,569,8962,2,14702,2,5,5024,14703,12,3570,28,110,14704,2,8962,2,5,5024,4138,9,261,8,12,7659,9,2906,8,4475,2254,2599,9,261,8,4238,5,3226,103,5857,364,14705,14706,4475,632,495,1705,4475,188,21,9,2831,2006,10892,21,8,14707,1860,9,12,10890,12,3570,8,4475,6595,179,30,11,671,2,430,2,2053 37
281,1308,13,567,12,12504,9128 0
11,5446 0
11,334,2300,2815 0
142,10,137,1573,4,11,334,137,36,1566,4,206,177,208,163,7,213,88,508,2,10877,2,420,1112,2,868,2,270,2,250,2,3025,2,272,2,402,2,435,2,263,34,2,2793,2,26,484 0
93,73,224,893,436,181,11,690,202,11,782,3406,2,11,802,571,694,246,253,2,11,387,2,11,336,10386,7,3064,187,1095,1189,2,4341,2,11,782,1119,2174,11,720,2,149,79,27,6,1585,3465,3466,11,277,19,6,197,168,1043 0
43,672 0
242,5,114,546,2253,600,13,941,10894,3956,65,176,25715,3226,5,2107,10894,14709,27,6,6056,542 0
18,658,13,15,740,7,2050,115,5,168,34,7,102,198,2998,2,5,21,504,7228,117,51,236,7,10891,5078,9,1500,8,2,7503,1296,22,25,291,2,5,4128,204,22,25,59 0
23,1337,321,19,25716,5,40,55,2191,80,14711,117,259,198,7,364 0
18,20,3984,80,37,18,14,10,2891,286,17,2033,7,566,2,71,176,563,508,2,420,1112,2,121,274,2,3025,2,834,168,34,2,5,713 0
18,2633,10,1026,1089,454,38,2640 0
18,20,3984,10,31,1656,14708,25717,4537 0
12,736,2,14712,5517,14,1860,318,4,18,21,1500,6,2213,183,198,7,364,17,25718,3076,9,18,39,259,198,8,32,1756,7,6,522,7,23,10894,566 0
192,137,177,552,5517,20,201,5,755,13,58,8963 0
23,168,34,2,596,2,5,121,274,50,3491,660 0
18,21,5904,1036,198,7,25719,5,454,1171,472,77 0
92,963,23,10,808,17,87,280,168,34,2,596,2,26,121,274 0
6960,4179,2,195,705,46,25720,384,4,25721,25722,2,6881,378,325,681,809,42,6960,4179,2,195,1655,139,4,678 0
