69,49,4,25833,9621,1783,1524,29,4,4184,2,2462,3274,485,4,10906,6559,195,4,58,25834,659,4,8727,6536,4,963,10,125,38,2108,1576,661,265,13,14741,74,2149,2,103,306,545,1564,2,17,120,583,25835,4,64,14,15,2108,1576,13,5744,104,20,12,24,10364,532,173,51,236,2078,2,151,16,533,3138,34 5
16,39,106,3858,855,65,3518,5,834,7,358,338 0
16,20,201,12,3960,2652,203,19,14742,27,71,95,15,350,3151,5,1189,3087,20,166,1352,24,8712 0
16,20,1788,25836,25837,5,2814,17,25838,3087,2006,8856,25839 0
16,20,201,428,12,3960,19,25840,27,71,95,16,1547,2010,7,24,3138,34 0
16,1938,596,26,899,115 0
73,20,686,17,316,15,5426,13805,12,6,412,25841,25842,2,3762,3151,2,978,2,86,1395 0
19,6,465,7,14743,16,533,834,7,24,255,7,194,2,453,42,6,3837,7,52,1288,34,2,5,1621,1112,2,393,16,658,10,6,3274,189 0
19,1464,2,16,85,265,10,497,123,7,4680,5,25843,34,5,388 0
12,6,189,16,20,2851,10,4004,2,8969,2,962,10392,508,2,48,1209,11380,10,25844,19,122,2,68,20,406,225,7184,388,5,34,2,13,15,10780,693,1352,6,3518,5,6720 0
24,298,20,25845,13,2693,41,14571 0
63,263,205,604,1350,3022,79,12,6,10907,2,13,306,5427,7,662,557,13,15,25846,566,28,5,1350,760,12,6,6720,2,557,13,3549,74,2149 0
6,29,20,480,13,219,2259,5,20,1009,7216,10,6,26,2,819,16,543,1350,3233,27,71,95,5333,5406,5,4907,129,4638 0
16,20,265,10,6,8727,5,21,136,3668,306,7670,2,97,19,25847 0
12,2858,7,24,120,2,16,21,311,51,971,12,1426,6930,27,6,95,16,20,699,403,12813,2,348,2948,2,3803,2,5,264,668,1277,4,1007,10,25848,144,5,1191,20,13878,64,20,265,2172,5,124,131,28,321,19,310,447,59,2,4040,131,20,1704 5,26,25
16,20,537,453,42,58,10370,27,6,4770,48,795,781,68 0
373,288,480,13,857,196,190,27,1244,2400,3812,1272,7,1372,109,59,5,310,823,59,2,13,2855,1015,9,125,944,8 26,25,30
16,21,4173 0
16,14,773,10,881,260,15,275,30 0
12,6,8727,16,21,61,480,13,63,131,1685,2,71,25849,1352,1699,9768 25
16,14,537,8515,13,25850,5248,5403,27,1725,5644,2,5,21,61,321,19,486,196,956,2137 25
637,4,161,5744,165,116,186,2945,1899,249,438,351,565,459,168,34,636,14741,74,2149,32,256,843,2565,19,669,192,4,747,257,2078,4,161,211,474,82,165,230,204,509,2,196,506,186,1461,284,82,249,4742,2784,82,351,1372,109,59,459,4320,35,138,636,857,131,196,190,1244,843,210,368,82,1038,184,130,82,1065,2196,244,82,1552,310,823,59,231,257,4,161,131,2454,1699,9768,165,501,449,873,186,2854,244,59,249,742,130,82,351,1461,284,82,459,2198,8803,219,2137,636,3012,8803,219,2137,843,1286,684,219,2137,1038,7671,2201,219,1595,1065,2139,4378,22,219,82,1552,2990,154,22,59,1718,486,196,190,2137,1913,889,1345,1296,291,14744,4,671,4,88,430,4,847,5281,4,88,1100,4,1230,32,15,25851,7,25852,13,25853 24,5,25,19,13,18,29,15,37,26,30,33,21,17
990,4,603,39,63,371,12,24,130,74 0
385,4,638,4,276,11644,289,1204,111,25854,574,564,651,1080,41,1391,1742,616,12533,727,2078,759,4,413,2,7101,2,1442,2,436,28,476,25855,48,2425,5,2260,2770,202,4,1623,2,570,2,725,2,966,90,2,682,675,2,822,112,4,330,2,269,2,625,171,952,229,226,4,745,569,9,794,73,8,623,4,418,324,246,253,3458,187,4,2749,133,1325,4469,2587,13,688,2724,577,516,4,1505,967,171,569,619,5,57,2346,323,4,916,4,15,75,3236,3521,192,183,467,10908,649,4754,2,524,2200,2,824,2374,9,72,8,2,689,10909,2,379,1537,9,72,8,2,804,1659,2,770,2344,10908,335,4329,2,1178,3099,2,22,1624,25856,8071,7477,10908,298,5672,2,615,25857,9,54,8,2,458,3347,9,54,8,2,266,4996,9,54,8,2,530,1529,2,665,6677,2,698,5536,2,443,8854,9,72,8,2,666,9780,9,72,8,25858,1465,2114,2,1438,105,2,1497,449,2,935,1710,2,1712,1435,25859,1462,3819,2,2566,14745,9,72,8,25860,1462,2501,2,2566,14746,9,72,8,25861,1462,2837,2,2566,25862,9,72,8,2,940,1163,9,54,8,2,544,56,2,3779,5263,14747,10732,3605,14747,10732,4974,14748,4762,10910,9,220,8,2,6669,25863,9,220,8,14748,1098,4033,9,220,8,14738,1098,4458,9,220,8,25864,1098,6983,9,220,8,25865,1098,4704,9,220,8,25866,1098,4396,9,220,8,25867,1098,3835,9,220,8,320,4,2108,1576,661,13,5744,1339,131,2,2855,2078,2,401,4584,65,3549,74,2149,2,411,12,3551,13,306,219,2259,5,537,8515,13,5403,2,1339,344,1272,7,131,362,219,5,3371 5,25,6
64,74,131,4331,14,214,817,239,10,35,8,1959,131,7639,576,10,565,2,51,8,2742,566,5,2704,360,2,5,102,8,25868,5403 33,25
209,2712,19,131,1685,434,6627,486,1272,14749,42,109,956,2137,1158,262,32,928,32,4324,1685,14,865 25
3089,24,231,4331,7,27,1502,1725,956,25869,19,965,7,24,3371,1272,2,16,40,1664,301,2340,10,204,956,2137 0
519,6468,383,24,486,10,368,956,2137,70,110 25
209,1029,1769,37,12,6,3715,10,38,1731,84,74,1901,10,838,486,108,5403,1171,17,87,581,2,5,247,14750,1572,196,5644,17,10911,117,6,97,486,262,108,37,5870 25
1491,4,161,383,486,10,368,956,2137,165,2399,486,1272,14749,42,109,956,2137,1158,262,32,928,32,4324,1685,14,865,186,361,1029,1769,37,12,6,3715,10,6,486,1731,84,74,1901,10,838,486,108,5403,1171,17,87,581,2,5,247,14750,1572,196,5644,17,10911,117,6,97,486,262,9,1540,108,64,14315,10,1032,8,249,209,539,25870,1918,17,1018,3712,890,24,111,322,9,7512 25
184,109,22,82,8,351,64,40,218,301,14751,17,5615,32,16,6743,1152,329,17,5782,470,58,10433,40,207,2911,3407,25871,2,195,2,2045,705,46,25872 15
