69,49,4,25873,3274,89,470,99,29,4,4184,2,2462,2769,3274,512,46,4,10906,440,4,6977,12160,2,96 0
9,25874,25875,8,1353,4,25876,7672,2,96 0
1026,4,477,2,14752,4184,9,7128,25877,8,1228,4,29,28,96 0
25878,28,498,89,1276,5888,4,4765,28,7496,763,659,4,3159,659,9,378,325,8,470,49,4,25879,95,4,25880,852,384,4,3598,4066,581,17,470,4,233,17,30,7,89,167,234,4,64,14,15,2108,1661 0
345,13,116,2,8970,2,254,2,134,2233,950,17,3549,75,46,898,28,62,2149,27,3274,2,5,438,2,104,20,1086,10,6,3274,3159,42,24,3279,6461,2,58,7672,65,23,308,80,17,529,3598,4066 10,5,13
58,7672,39,3355,7232,950,17,38,64,13,25881,6643,5,2065,2,158,10,24,1367,17,6,1207 0
278,2,119,287,4184,2,16,2418,10,6,1207,316,13,6,9743,7,3468,24,438,5,25882,24,1461,2,71,16,21,61,773,10,60,17,6,78,51,236,2,239,10,63,10580,1948 0
58,7672,25883,15,1979,12,71,6,64,20,6750,5,4172,2,434,6822,529,3598,4066,13,15,114,10,10912,19,1934 0
16,3385,39,363,534,38,78,223,2,819,16,39,268,271,15,25884,1934,3392,12,24,912,2,48,222,31,207,814,19,24,1492 0
124,1693,17,25885,25886,2,15,6994,579,20,1500,2,5,64,20,1086,10,6,3274,189 0
6,64,113,605,10,25887,7,6,144,2,5,2299,7132,10,1845,141 0
278,2,16,416,37,24,97,3598,4066,20,647,51,236,146,2,5,37,16,1599,24,9103,2,631,16,10357,24,477,75,46,898,28,62,25888,14753,2,104,21,61,25889,23,2,40,55,8591,65,14754,2076 0
8261,2,16,416,37,16,21,61,290,192,24,77,2,2620,24,131,27,1502,938,511,15,107,17,24,1175,923,2,5,3359,6,6749,19,24,4778,5,4680,4192,2,13,14755,10,2043,24,424 25
6,89,659,20,963,10,1514,6,64,17,529,5,8000,89,709,158,10,141,10,15,3159,659 0
3931,161,438,4,115,136,439,579 0
165,8970,4,971,27,439,3992,20,937,19,802,5198,2,48,110,19,131 5,25
151,64,39,1376,121,5,423,10,4218,727,2,16,222,31,2413,131 25
97,458,374,7,4033,12,1326,2682 6
186,4173,4,1402,7,25890,9,25891,8,5,6669,1483,7,25892,64,20,937,290,184,446,82,5,2196,768,82,2,48,14,31,290,63,14239,26,3122,281 17,15
249,254,4,2317,5615 10
3842,32,344,32,25893,19,25894,12,644,7,1073,425,1336 5
97,3842,7,14745,19,25895 0
64,20,937,19,4742,10913,82,2,48,14,31,290,84,281 24
351,116,4,19,771,677 13,19
459,3549,75,46,898,28,62,2149,4,64,658,10,3960,308,19,14742,13,3138,34,5,12837,37,222,31,1723,19,802,1337 0
1687,4680,34,2,388,2,5,514,10,50,3549,75,46,898,28,62,2149,1339,545,3233,27,3274,19,14743 0
64,39,2233,950,13,3551,408,2,306,1166,25896,2,4191,2459,2,5,1380,219,2929,408 0
64,20,874,19,25897,13,4778,5,4680,4192,2043,2,48,31,2968,2182 0
16,21,61,453,1831,42,3274,162,13,182,25898 0
636,103,4191,2459,4,103,4191,2459,19,14756,12,644,7,2906,640,3549,75,46,898,28,62,2149 0
19,14757,2,64,543,3217,7,6,181,4280,6,2459,1331,2,10,6255,15,817,300,1233 0
843,565,4,281,5788,8971,727 33
1038,1952,1274,1065,103,1601,12,2857,77,4,9,941,13,64,8,161,771,677,683,25,631,82,165,486,131,13216,405,509,13,1253,186,486,131,14758,405,506,13,2005,249,135,131,1175,923,405,4193,261,283,36,17,1191,7,25899,2,881,25900,36,17,1191,7,25901,2,881,25902,36,17,1191,7,8972,2,881,14759,36,17,1191,1441,271,1776,2,881,14758,351,1461,3189,25,631,82,9,795,290,51,236,146,8,459,4320,1456,25,631,82,138,17,914,9,97,262,20,102,123,146,8,636,1255,25903,25,631,82,843,9602,4017,137,4,669,36,75,695,28,2565,179,30,4,295,12,25904,2,5500,13,24,477,2,14752,4184,3477,4,1590,731,10085,25905,7415 25,19
281,10450,2645 0
671,4,88,430,4,1600 37
35,1656,15,200 0
2053,4,88,6703,2,192,2053,2,317,7245 0
499,4,361,1798,10,234,17,2830,4602,5,5733 0
224,4,88,596,2,469,2,224,394 0
88,7767 0
181,4,11,3359,3220,2,5412 0
4778,5,4680,4192,185,5,2043,392,4,847,1952,1274 0
88,1328,1176,4,11,901,142,26,1395,1841,4,11,4345,2,1233,2,5028,1414,4,11,4041,2,11,2138,1184,2215,4,11,1106,2,1919,2,255,7,194,623,4,11,455,2,714,2,1265,2,702,2,655,2,396,339,4,88,340,34,2,613,2,435 0
2459,1331,13,199,2564,5,86,588,1368,4,11,807,2,1612,2,1173,2,1277,2,2546,2,3731 0
88,668,1196,323,4,11,618,2,7232,1445,2,892,2,274,7,2903,2,3861,93,73,638,4,276,4,4926,289,4,365,9,135,8,111,4,25906,574,4,564,651,1048,4,738,41,19,12262,616,4,8971,727,759,4,12,436 0
463 0
1442,2,1939,919,12,886 0
202,4,1623 0
725 0
570 0
966,90,86,571,2,1504,86,12169 0
112,4,133,2,330,2,65,2,11,846 0
171,293,243,193,86,3983 0
11,815,929,277 0
44,4,90,10,452,193 0
11,856,26,1056 0
623,4,135,145 0
43,246,2,253 0
11,1058 0
11,1868,6902,26,1748,6365 0
1457,1264,25907,1597 0
487,7,2436,601,6861 0
340,4,261,300,302,28,133,2,875,2,463 0
11,1119 0
11,1592,277,2,11,6403,359,2,11,760,1278 0
3237,2459,1331,13,199,2564,7,2724,577 0
2459,7607,8900,25908 0
168,4,11,900,26,4567,277 0
516,4,619 0
11,12263 0
79 0
11,12397 0
171,967,5,4921,193 0
3834,4,14295,1720,1166,12,25909,13,4280,733 0
7668,1720,1166,27,1562,7,6720,2,2340,10,10907 0
3023,12,1083 0
11,4907,26,1395,4983,65,362,4192 0
151,1323,10,25910,12,6,78,2,5,119,64,2,362,4192,53,2628,10,1723 0
323,4,413,5,646,98,186,1353,4,88,3617,5,5211 0
468,7,73,2119,10,378,325,233 0
147,4,43,399,212,27,1204,1823 0
43,1000 0
657,157,1278,1607 0
5154,3170,142 0
11,182,228,65,498,147,19,14757 0
258,4,1532,298,3044,9,1260,8,398,266,25911,54,9,1969,8,41,458,3443,54,9,2216,8,1399,615,14760,9,2326,8,1779,443,10053,9,1507,8,1301,530,1645,9,1340,8,1141,665,6677,9,1448,8,1561,698,5006,9,1449,8,550,666,7162,72,9,1383,8,41,1658,546,72,9,1698,8,41,1102,1250,54,9,1780,8,41,1145,259,9,1699,8,41,732,102,9,1857,8,41,1193,515,9,1816,8,41,559,2336,12398,9,2166,8,398,559,1102,13007,9,2167,8,398,559,1145,9669,72,9,2485,8,398,559,732,6275,9,2168,8,398,559,1193,2748,9,2228,8,398,1513,395,72,9,152,8,1458,152,9,152,8,2412,152,9,152,8,2486,152,9,152,8,2056,397,9,510,282,8,3016,9,1298,8,294,633,9,510,282,8,2034,9,1259,8,294,749,9,510,282,8,2658,9,1299,8,294,689,9,510,282,8,6397,9,1420,8,294,379,9,510,282,8,1250,9,1300,8,169,331,9,510,282,8,1789,9,1586,8,169,358,9,510,282,8,3785,72,9,1354,8,169,442,3380,9,1482,8,169,1531,1862,9,1727,8,169,1042,1792,54,9,1690,8,1421,488,975,2436,9,2588,8,550,1370,2034,9,2513,8,550,1937,2057,9,2310,8,550,2152,1123,1517,9,2514,8,169,488,1123,1517,9,3031,8,169,1813,1850,1529,9,3877,8,612,2447,154,9,3878,8,612,2373,564,9,3695,8,612,6741,2008,4,1995,6741,215,1745,772,1904,1412 0
502,190,2765,2017,10914,1412 0
502,4,25912,7003,4,75,695,28,368,1895,75,879,28,12202,5362,1412 0
502,4,25913,7003,4,75,695,28,204,3445,1075,35,9,10155,8,1500,4,1075,66,9,99,8,840,1717,12,1075,35,9,5999,2880,12,5362,8,4,7052,9,204,8 0
13434,9,204,8 0
10363,9,204,8 0
3445,1075,51,9,25914,8,1500,4,1075,66,9,99,8,840,1717,12,1075,51,9,5999,2880,12,5362,8,4,2128,9,244,8 0
13435,9,183,8 0
13436,9,204,8 0
3445,1075,102,9,25915,8,1500,4,318,584,3688,256 0
9,99,8,840,1717,12,1075,102,9,5999,2880,12,5362,8,4,25916,9,109,8 0
3991,9,51,8 0
1895,9,1143,8 0
25917,9,259,8 0
10915,9,854,8 0
6471,9,83,8 0
25918,9,83,8 0
3445,1075,183,9,25919,8,1500,4,318,584,3688,256 0
9,99,8,840,1717,12,1075,183,9,5999,2880,12,10914,8,4,25920,14761,9,823,8 0
5122,9,196,8 0
25921,9,594,8 0
2765,9,109,8 0
25922,9,594,8 0
25923,9,1296,8 0
10213,9,204,8 0
25924,9,447,8 0
14761,9,823,8 0
4542,9,761,8 0
1889,9,761,8 0
25925,9,823,8 0
25926,9,594,8 0
25927,9,204,8 0
14735,9,761,8 0
25928,9,823,8 0
7673,9,1776,8 0
2937,9,1776,8 0
3445,1075,83,9,7109,8,1500,4,1075,66,9,99,8,840,1717,12,1075,83,9,5999,2880,12,10914,8,4,2582,9,105,8 0
25929,9,130,8 0
25930,9,154,8 0
25931,9,105,8 0
10916,9,1776,8 0
25932,9,109,8 0
2883,9,109,8 0
12996,9,105,8 0
25933,9,447,8 0
25934,9,105,8 0
25935,9,196,8 0
25936,9,823,8 0
10917,9,105,8 0
25937,9,761,8 0
4476,9,105,8 0
9110,9,105,8 0
2267,9,196,8 0
25938,9,130,8 0
25939,9,105,8 0
25940,9,204,8 0
25941,9,1639,8 0
25942,9,594,8 0
25943,9,447,8 0
4319,9,204,8 0
25944,9,105,8 0
25945,9,105,8 0
25946,9,196,8 0
25947,9,6387,8 0
25948,9,594,8 0
25949,9,594,8 0
4923,9,105,8 0
25950,9,196,8 0
1934,9,130,8 0
6018,9,196,8 0
25951,9,823,8 0
25952,9,196,8 0
25953,9,594,8,25954,9,196,8 0
25955,9,196,8 0
12052,9,105,8 0
25956,9,204,8 0
25957,9,284,8 0
25958,9,196,8 0
8973,9,196,8 0
2771,9,196,8 0
389,6741,215,1745,772,1904,1412 0
502,190,4477,25959,66,9,148,8,4477,25960,66,9,148,8,4477,25961,66,9,148,8,4477,14762,66,9,148,8,4477,2883,25962,66,9,148,8,4477,25963,66,9,148,8,4477,25964,66,9,148,8,4477,25965,66,9,148,8,4477,25966,66,9,148,8,4477,4319,66,9,148,8,4477,2128,66,9,148,8,1728,2456,1676,9,1676,8,6528,90,9,90,8,4082,3703,75,695,28,7965,9,4354,8,1679,2983,9,4355,8,1793,2008,66,9,148,8,3885,66,9,148,8,4084,1518,9,148,8,4080,66,9,148,8,4081,66,9,148,8,9513,66,9,148,8,3988,66,9,148,8,4083,67,395,9,148,8,5338,3454,9,1499,8,2527,4939,1499,9,1499,8,2527,4940,66,9,148,8,2527,4938,4198,1049,9,6224,8,6687,2333,2064,66,9,148,8,2527,242,2108,1661 0
345,13,116,2,8970,2,254,2,134,2233,950,17,3549,75,46,898,28,62,2149,27,3274,2,5,438,2,104,20,1086,10,6,3274,3159,42,24,3279,6461,2,58,7672,65,23,308,80,17,529,3598,4066,2,104,110,88,3598,4066,2,48,537,1121,42,6,89,659,17,529,89,709 10,5,13
64,113,50,127,2,8970,2,254,2,5,1720,4192,1787,24,6720,5,7144 10,5,13
192,7,472,89,709,2122,10,55,185,2,598,2440,583,519,55,25967,1896,63,1287,1988 0
127,14,537,2431,2735,13,15,12642,9,669,3338,2565,8,2,48,124,24,30,7,4173,2,16,454,85,55,19,63,3478,26,3122 13
24,30,7,5615,20,1467,2,1242,12,6,644,7,131,17,1336,5,504,3680,338 5,25
16,209,85,1525,65,5860,15,14751,2,1155,32,4263 0
24,1336,14,791,185,2,32,64,267,1191,7,204,10,594,27,140,13,24,231,131,322 5,25
6,4192,454,55,1121,42,24,545,1159,814,24,1287,3305 0
24,97,233,42,224,162,1053,51,123,146,227,182,1051,2,13,1348,7,59,3023,142,32,6,64,14,281,448 0
1348,4,161,126,771,677,683,25,631,82,165,126,486,131,154,190,13,1253,5,109,190,13,2005 25,19
108,64,14,1222,2,26,5224,10,1838,15,1794,2,361,881,316,6555,6,262,186,126,24,135,131,1175,923,32,14763,12,6,560,1363,13,4193,5,283,2683,2642,249,11,5530,3908,333,351,247,184,491,25,631,82,459,247,4263,2881,25,59,9,154,606,297,1253,5,2005,8,636,539,2620,654,374,5,797,1001,1835,13,2951,155,7,544,17,25968,843,682,5450,3023,142,10,24,4680,5,4778,4192,291,5,138,108,3023,14,11855,1038,40,4226,25969,560,322,10,3159,659,1533,5,114,285,12,790,13,89,470,240,2,58,9415,8974 15,25
10728,3254,14764,2,96 0
705,46,25970,3274,89,14765 0
