69,49,4,25824,25825,2,25826,2,6063,6,29,20,1538,5,755,42,2733,2,58,10904,2,32,57,32,6,427,2,58,25827,17,101,19,14738 0
361,125,99,17,885,177,12,275 0
30,7,156,360,4,38,14,63,463,25828,762,13,30,7,344,367,2,127,2,5,81,104,774,12,117,1634,10,383,24,352,191,6,97,1450,7,236,13,255,7,194,5,713,5,572,1417,136,24,748,922 5,13,10,33
16,1007,10,886,5,3773,100,80,13,986,115 0
128,30,4,14739,24,78,89,30,2,16,21,15,182,178,12,24,5863,13,421 9
24,603,587,27,859,439,7,1408,7,15,3805,3202 0
179,30,4,18,113,31,1656,5,113,31,1374 37
78,545,30,4,16,2272,21,39,11,2106,820,15,1601 0
163,7,213,4,255,7,194,2,11,44,34,2,11,1251,2,11,386,388,2,11,396,2,5,1493,12,4086,4972,13,255,7,194 0
77,4,857,2,1372,2,1266,2,230,2,5,20,288,321,131,32,256,15,223,146 25,19,29,30
137,4,11,334,624,137 0
93,122,4,829,463,762,13,15,296,7,204,2,372,145,1537,2,651,1304,980,19,183,54,2,67,94,25829,2,5,870,25830,202,14,822 33
112,14,330 0
118,14,135,145,5,212,598,1778,118,302 0
16,14,5337,48,11,2002,856 0
16,21,133,187 0
217,227,11,673,2,720,2,26,79,2,11,1382,277 0
899,4,646,1094 0
11,2002,1478,2,731,2,26,1099,1479 0
1225,319,55,180,164,740,2177,385 0
24,121,14,10905,643,2,1007,6728,5,1236,15,2877,2,71,20,66 0
92,1007,6728,5,1236,63,147,2,71,14,43 0
43,44,810 0
43,25831,2,4045,2,5,7202 0
24,1042,14,610,2327,27,2231,2,71,20,6178 0
24,835,5,769,830,129,43 0
494,4,255,7,194,2,1693,17,958,4233 0
642,4,265,10,6,325,659,12,185,630 0
526,10904,2,6063,96 0
495,4,14740,276,4,14740,597,42,4,10904,2,6063,813,25832,1852,232,31,177,42,240,312,232 0
