69,49,4,26053,26054,2,26055,2,10927,47,1736,37,47,50,1538,5,755,6,29,5,177,6,1868,74,2105 0
361,125,23,99,17,275,885 0
30,7,156,360,4,552,4438,14,15,3326,528,13,15,30,7,5186,81,2,30,7,1601,2,5,26056,12,2913,104,279,13,70,412,2209,263,34,2,272,48,11,402,2,5,476,327 5
1269 0
88,87,596 0
18,267,37,84,14,6453,5,8322,27,2567,6112 0
18,85,19,163,7,213,267,106,44,34,19,6,52,663,1539,423,23,52,349,5,52,478 0
11,498,534 0
11,1328,2,11,668,115,2,11,402,2,5,11,435 0
18,701,23,440,2085,38,223,19,14780,5,39,15,205,609,2,71,20,3385,43,5,84,14,12,1082,1557,5,92,50,941,38,2800 0
179,30,4,2350 39
128,30,4,43 0
163,7,213,4,355,2,66 0
2116,586,19,14780,65,23,440,821,1140,4039,149,10678,5,10679,70,412,2209,263,34,1539,10,6,168,2,31,3184 0
11,255,7,194 0
11,596,2,250,2,26,469 0
11,142,12,23,1962 0
78,89,30,4,18,21,15,30,7,535,1644,2,3102,44,34,2,81,2,565,2,1584,10924,2,5,106,1122 33,5
93,122,4,401,2,118,145,1332,2,372,145,564,2,67,94,13822,2,6706,980,41,2,5,870,12016,18,14,463 33
682,1657,1405 0
610,3310 0
112,14,330 0
11,372,326 0
43,194,302 0
118,4,135,145,5,212,86,15,417 0
187,13,70,412,2209,277 0
66,8643,74 0
11,953,5,11,798,277 0
320,4,38,3326,528,13,263,34 0
489,467,4,769,830,7,6041,2,835,7012,6,468,7,23,258,53,548 0
44,810,5,70,412,2209,1575,548 0
355,2,92,50,124,219,1971,5,1640 0
18,14,19,2408 0
2494,27,38,95,2,263,34,5,44,34 0
263,34 0
13,15,66,205,609,2,258,5,1575,37,53,6805 0
92,40,2029,13,34,338,27,37,95 0
44,34 0
92,40,4276,155,15,783,5,147,5,1454,23,12,2408 0
18,40,433,4276,5,108,68,21,61,15,66,134,4101,415,215,2,92,40,1418,6728,5,2029,13,189,2545,141,12,6,465,17,15,1149,415,215 0
2494,4,161,263,34 0
165,44,34 0
526,10928,2,10927,96 0
495,4,14781,276,4,14781,597,42,4,10928,2,10927,813,26057,1852,232,31,177,42,240,312,232 0
