69,49,4,26058,14699,3537,144,1080,6639,3710,9844,2,1742,26059,26060,4438,2,10919,14770,26061,6225,4,15,4556,407,104,279,10,207,100,81 5
30,7,156,360,4,47,431,6,29,74,134,67,500,5,963,23,10,1297,12,17,15,9945,961 39
23,654,374,14,10929,92,285,23,231,1557,17,4801,23,67,848 0
18,586,204,41,2577,12,947,23,486,131,2,1280,190,12,6,465,2,130,12,6,1485 25
18,14,290,51,13268,7,2203,2,19,4308,2,12,6,465,5,1053,297,1244 25
18,14,448,51,3517,15,107,2,12,6,465,797,5,297,886 0
18,586,134,9955,12,2858,7,23,26062,1269 0
18,1453,23,2683,38,465,2,48,319,31,5003,6,772 0
18,14,2968,2492,13,23,150,77 0
18,20,19,635,12,6,78,2,71,20,795,490,7,902,215,2982 29
18,20,19,3901,12,6,78,2,71,20,795,27,6,95,7,15,950,151,23,867,20,166,10,55,251 29
80,2,18,14,460,11,508,2,44,34,2,255,7,194,2,263,34,2,807,2,386,388,2,26,386,803 0
77,4037,9,6231,767,8,83,22,9,521,45,60,35,8,25,506,46,154,45,9,62,8,211,9,896,547,8,925,45,3405,60,35,45,9,62,8,25,33,46,365,45,9,62,8,2221,9,5993,8,594,22,9,1915,595,60,35,8,25,33,46,154,595,9,62,8,10618,303,14048,9,10618,767,8,35,22,9,1456,3053,60,35,8,405,1519,2,245,32,865,17,252,67,848,46,35,3053,669,9,1010,8,196,22,9,768,45,60,51,8,25,33,32,575,98,154,123,46,284,45,9,62,8,2203,131,9,131,3148,8,462,190,405,1759,98,365,123,46,102,376,9,62,8,2205,131,486,1629,1280,1045,62,221,5,130,852,405,221,5,283,98,365,123,46,102,376,9,62,8,2205,1875,767,594,22,9,683,45,60,51,8,25,59,46,1725,45,9,62,8,1594,397,1951,1252,9,8760,45,60,35,8,25,33,98,365,123,46,365,45,9,62,8,184,130,22,9,446,45,60,35,8,25,33,98,154,123,46,154,45,9,62,8,26063,9,14776,8,4377,45,25,32,575,138,32,575,2,14782,347,46,1725,45,9,62,8,1934,83,22,9,83,22,45,60,35,8,25,1834,138,34,2,176,383,10,51,25,873,108,865,17,34 25,19,18,15,21
46,2287,45,9,62,8,7673,154,22,9,1674,595,60,35,8,25,283,138,2,6680,1757,5499,98,154,123,46,154,595,9,62,8,137,10930,36,3121,635,36,3978,902,785,2582,767,36,668,3493,2480,36,1702,274,520,359,111,14783,54,349,2,289,1324,2,1157,7139,2,616,26064,946,93,122,4,6,29,14,12,11,326 29
23,1153,67,94,2,32,18,5890,423,6,3275,2,20,14784 14
7730,38,117,1147,20,14783 0
226,4,90 0
91,4,135 0
217,4,617,79 0
242,4,2855,2013,696,81 5
203,17,38,40,55,26065,239,10,6,29,74,5922,167 0
18,113,245,3537,144,14785,3137 0
92,285,10,247,1579,26066,1896,14785,3137,7,215,457,40,55,2978,17,260,12,4221,23,2562,131 25
92,285,6,1754,7,3359,65,486,10,857,131,2,48,5244,10,126,23,486,17,110 25
92,285,37,23,245,7,6,26067,5181,131,113,31,791,1029,2325 25
18,14,290,63,1528,12,6,1485,2,928,117,23,1794 0
47,963,23,10,5155,23,1275,5,18,21,6262,2866,13,866,1794 0
47,880,962,18,319,3318,1897,109,190,7,2203,13,1158,1794 25
18,586,37,18,5964,10,8549,6,131,117,18,2660,2,71,14,3447,32,928,18,113,84,667,15,451,606,7,6,1794 25
18,281,14,947,63,4308,7,462,190,2,393,38,40,383,23,488,82,131,245,42,1053,462,190 25
47,963,23,10,155,102,3517,15,107,17,260,5,10,7438,1406,19,15,82,1988,10,247 0
18,40,155,15,797,2683 0
18,40,155,15,2683,297,23,1485,1794,2,71,14,23,4551,1794,7,6,107 0
18,40,155,15,2683,51,697,117,23,1485,1794 0
18,113,31,301,10,155,15,2683,70,297,886 0
18,40,1171,947,2203,70,297,886,5,316,245,6,486,27,37,95 25
92,285,6,2189,7,367,522 0
23,97,544,20,191,3816,47,209,621,10,26068,6,5725,7,947,15,1226 0
47,40,540,23,867,542,10,125,108,38,836,251 0
23,67,94,19,887,14,3447 0
47,40,125,23,168,12,6,622,12,51,198,2282,271,1127,14,12603,110 0
373,7,1082,101,80,1379,1083,4234,13,23,943 0
92,2251,15,488,7,244,606,13,268,271,2022,6,95,2251,12,2685 0
526,4636,4750,2,96 0
813,26069,26070,800,4,10931,827,4,10931,818,4,10931 0
