67,54,4,31233,404,17,112,40,14,15,1188,87,302,522,510,10,6,71,355,594,17,500,179,71,730,234,40,28,14,162,10,6,124,17,8651,1730,3261,30,7,61,328,6,28,21,30,7,317,58,71 1,1,1,1,1,1,1,1,1,1,1,1,1,1,1,1,1,4,1,1,1,4,4,4,1,1,1,1,1,1,1,1,1,1,1,1,1,1,1,1,1,1,1,1,1,1,4,4,4
137,6,28,14,343,13,596,171,189,521,69,5,3732,16830,189,3020,1429,5,2235 1,1,1,1,1,1,8,8,8,1,1,1,8,1,1,1,1,1,1
6,179,21,68,1097,13,95,398,7,11746,18,14,96,27,5584,124,17,24,71,198 1,1,1,1,1,1,1,1,1,1,1,1,1,1,1,1,1,1,4,1
6,28,154,24,63,366,27,1376,305,31234,71,21,68,698,43,1496,604,5,1082,606,2430,340 1,1,1,1,1,1,1,1,1,1,4,1,1,1,1,1,1,1,1,1,1,1
18,20,162,1023,17,24,3261,540 1,1,1,1,1,1,1,1
18,370,596,1245,189,521,99,421,51,31,31235,12,6,124,345,444,46,68,185,225,669,5,6,28,21,68,126,19,5710,27,31236 1,1,8,1,1,1,1,1,1,1,1,1,1,1,1,1,1,1,1,1,1,1,1,1,1,1,1,1,1,1,1
6,28,14,31,1702,52,9716 1,1,1,1,1,1,1
80,39,30,5064,39,147,158,4,142,3,287,3,31237,150,30,150,30,14,269,17,71,206,30,6,28,14,920 1,1,1,1,1,1,1,7,7,1,15,1,1,1,1,1,1,1,1,1,4,1,1,1,1,1,1
1215,6,28,14,31,15,1095 1,14,14,14,14,14,14
81,7,182,579,4,190,60,12,207 1,1,1,1,1,1,1,1,1
11,1393,3,796,3,1968,3,84,12,326,1215,26,361,342 1,1,1,1,1,1,1,1,1,1,1,1,1,1
90,116,7,196,3,931,473,386,411 1,1,1,1,1,1,1,1,1
2460,999,3,391,569,3,1626,211 1,1,1,1,1,1,1,1
11,418,26,616,3,555,26,678,116 1,1,1,1,1,1,1,1,1
39,2751,9,2751,1547,8,31238,568,25,276,167,252,9,947,478,8,1026,45,2812,49,36,45,9,73,8,25,32,165,596,1643,171,189,521,69,397,1429,5,397,2204,2414,9,165,3732,8,16830,521,69,397,1429,5,397,2204,167,1315,1024,1712,456,850,1337,9,13356,45,49,36,8,25,780,9,913,8,799,45,49,1014,25,32,35,496,123,180,65,236,9,800,8,125,22,9,378,45,49,36,8,25,32,2273,9,5933,8,669,22,9,2022,568,49,36,8,25,69,2671,9,2359,965,1318,8,1014,1318,1096,32,167,35,496,3,1014,1318,1231,5789,32,35,496,31239,58,42,9,31240,456,8,36,894,2094,69,167,7216,180,22,9,1675,568,49,36,8,25,276,167,274,686,45,49,36,45,9,73,8,25,32,218,549,45,25,32,457,532,3463,149,532,4,2504,3427,347,31241,102,77,316,31242,364,586,31243,196,11,4850,3,11,71,13142,227,11,3757,3,11,3576,5377,136,11,222,1718,11,879,48,91,720,304,3,310,44,3,11,213,362,280,3,11,240,114,11,93,3,11,283,3,2367,2245,133,204,352,3410,2089,204,4240,154,204,339,808,339,14,37,24,317,58,71,606,1619,165,3371,477,18,14,1198,5,19,247,5710 1,1,1,1,1,1,1,1,1,1,1,11,11,11,11,11,1,1,1,1,1,1,1,1,1,1,1,8,8,8,1,1,1,1,1,1,1,1,1,8,8,8,8,8,1,1,1,1,1,1,1,1,1,1,1,1,1,1,1,1,1,1,1,1,1,1,28,28,28,28,1,1,1,1,1,1,1,1,1,1,1,12,12,12,12,1,1,1,1,1,1,1,1,1,1,1,1,1,1,1,1,1,1,1,1,1,1,1,1,1,1,1,1,1,1,1,1,1,1,1,1,1,1,1,1,1,1,1,1,1,1,1,1,1,1,1,1,1,1,1,1,1,1,1,1,1,1,1,1,1,1,1,1,1,9,1,1,1,1,1,1,1,1,1,1,13,1,1,1,1,1,1,1,1,1,1,41,41,1,1,1,1,1,1,1,1,1,1,1,1,1,1,1,1,1,1,1,1,1,1,1,1,1,1,1,1,1,1,1,1,1,1,1,1,1,1,1,1,1,1,1,1,1,1,1,1,1,1,1,1,1,1,1,1,1,1,1,1,1,1,1,1,1,1,1,1,4,4,4,1,1,1,1,1,1,1,1,1,1,1,1
18,546,46,145,165,17,2446,662,320,552,2144,306,1884,477,1198,517,40,41,1007,31244,408,2446,420,808,420,57,4,31245,3647,596,125,189,662,625,552,477,1198,31246,2510,10,145,165,11629,477,1198,31247,49,25,5,247,5710,21,68,488,126,1884,108,189,2038,1024,16831,9,3030,10,126,8,5,3565,145,165,1024,8907,15257,1034,14024,3,107 1,1,1,8,8,1,1,1,1,1,1,1,8,1,1,1,1,1,1,1,1,1,1,1,1,1,1,1,1,8,1,1,1,1,1,1,1,1,1,1,8,8,1,1,1,1,1,1,1,1,1,1,1,1,1,8,1,1,1,1,1,1,1,1,1,1,1,1,8,8,1,1,1,1,1,1,1
