69,49,4,26078,3279,303,1315,101,4817,2,1707,4362,10932,101,49,4,26079,47,701,38,29,1326,854,2,2857,13,6,427,2,58,2367,10777,5,6,26080,65,26081,140 39
629,391,4,38,4293,471,1493,12,13,2184,5,34,12,24,52,386 0
30,7,629,391,4,30,7,156,360,1128,132,353,2,132,753,2,131,1543,81,341,5,336,343,76 5
16,288,39,15,1744,580,1797,7,6,52,386,2460,65,6,1382,890,6,2433,582,1107,71,14,537,480,110,13,493,2,48,80,16,1282,6,2184,2,388,5,34,12,6,386 0
361,125,6,427,74,912,1901,69,17,5374,885,7,6,29,74,101,5,584 0
163,7,213,4,361,125,6,427,74,912,1901,69,17,5374,885,7,6,29,74,101,5,584 0
78,89,30,4,361,125,6,427,74,912,1901,69,17,5374,885,7,6,29,74,101,5,584 0
77,4,361,125,6,427,74,912,1901,69,17,5374,885,7,6,29,74,101,5,584 0
137,4,361,125,6,427,74,912,1901,69,17,5374,885,7,6,29,74,101,5,584 0
179,30,5,128,30,4,361,125,6,427,74,912,1901,69,17,5374,885,7,6,29,74,101,5,584 0
93,122,4,19,93,122,2,173,153,2022,6,680,7,6,525,386,268,1876,14,619,2,1711,2,14222,5,1189 0
7201,74,2214,14,66 0
364,1958,12,189,4,6,29,20,718,17,1681,1575,7,6,386,71,227,504,1329,814,6,2433,582,1107,2,48,1467,1797,12,6,2358,582,7,6,9604,5,1063,1486 0
16,20,4126,19,3525,26082,17,15,2249,1254 0
6,114,14,363,123,7,950,13,1471,5,3525,1337 0
678,494,4,1254,7,386 0
642,9,317,630,712,377,8,4,6,29,20,265,10,6,144,12,2036,630 0
1416,26083,14788,14789,2,96 0
14790,26084,26085,597,42,4,14788,14789,2,96 0
14790 0
