69,49,4,26071,3279,303,1315,101,4817,2,1707,4362,10932,101,49,4,26072,38,29,20,201,13,58,3782,2,325,427 39
6,858,391,2,30,7,629,360,2,78,89,30,2,77,2,137,2,179,30,2,128,30,5,163,7,213,53,32,166,42,58,3782,19,6,69,2,5,129,177,13,23,5,13,6,29 0
629,391,4,469,2,870,10,2363,1474 0
30,7,629,391,4,1924,2,38,14,15,1910,200,307,471,139,304,132,753,2,104,20,288,265,10,15,144,17,3472,331 39
968,227,37,16,39,4586,4917,7,24,593,5,4586,20,1933 0
16,20,874,140,922 0
38,20,941,42,911 39
16,20,1104,2172,2,48,237,39,106,469,38,465,2,5,658,10,6,303,441,13,15,870,7,2363,1474 39
93,122,4,14,32,166,42,58,3782,19,6,69,5,4890,113,31,3506,15,1228,7,566 0
6,44,14,90,10,452 0
6,187,14,133,13,6,3693,7,106,277,191,24,593,1331 0
6,1166,1331,20,1249,26073,42,6,2809,1159,5,20,31,514,10,1035,87,160,7,566 0
489,233,4,489,426,53,411,548 0
1314,129,1156,7,362,67,5,389 0
678,494,4,596,2,139,304,132,753 0
642,9,317,630,712,377,8,4,642,36,141 0
630,2964 0
6,763,312,2,58,26074,2,20,4352 0
1416,26075,5930,14786,2,96 0
14787,26076,26077,597,42,4,5930,14786,2,96 0
14787,232,31,177,42,240,312,232 0
