69,49,4,26086,3279,303,1315,101,4817,2,1707,4362,10932,47,20,6,29,74,1925,432,38,303,441,1682 0
629,391,4,566,12,6,52,337 0
30,7,629,391,4,6,29,14,15,6384,471,13,306,89,167,317,6269,81,104,21,15,188,2,10933,611,19,6,2051,2991,7,24,52,337 5
16,110,1351,7,248,123,7,734,34,5,2184,5,2532,3648 0
16,88,44,34,2,263,34,2,9231,2184,100,10,6,1726,2,272,2,402,2,435,2,5,807 0
163,7,213,4,66,820,32,124,256 0
78,89,30,4,789,2,1472,2,127,2,6269,81,341,2,188,132,776,2,3248,740,2,139,304,1018,753,12,6322,2,19,4586,2,3857,2,4990,2,5,6182,2490 10,5,13
1018,753,32,166,256 0
77,4,2345,2,4586,2,1042,2,210,2,493,2,517,2,2452,2,184,2,556,2,235,2,5,5588,32,166,19,6,10798,1643,586 29,15,19
137,4,2063,71,3338,15,484 0
179,30,5,128,30,4,179,30,2350 39
128,30,2350 0
93,122,4,224,4,1040,2,413,2,5164,5,1239,2,12,11,326 0
520,359,4,43 0
202,4,68,20,11,160,7,392,1328,2,3026,90 0
112,4,330,13,11,780,5,11,14355,1386 0
44,4,686,17,26087,1056,13,43,372,7229 0
118,4,135,13,11,387,2,711,2,26,766 0
187,4,133,2,375,2,11,342,2,11,1119 0
26088,4,150,271,6,52,337,5,754,2,6,181,5,217,129,43,13,11,720,2,673,2,571,26,690,2,598,68,20,225,395,2439,79,12,6,197,217 0
6,52,337,39,63,647,35,601,611,19,6,2051,2991,5,6,3504,52,337,5,754,129,791,3151,13,264,79,2151,10,6,3533,7,6,197,217 0
16,85,39,277,19,1392,7,6,754,645,68,20,11,277,19,14791,721,7,6,853 0
489,233,4,548,27,38,95 0
6,29,14,537,201,42,6,162,441 0
678,494,4,5345,381,337,611 0
642,9,317,630,712,377,8,4,6,29,40,55,265,10,6,162,441,17,545,583,5,2887,89,583 0
630,2036 0
1416,26089,4095,7199,2,96 0
14792,26090,26091,597,42,4,4095,7199,2,96 0
14792,232,31,177,42,240,312,232 0
