69,49,4,26092,26093,2,26094,2,6032,38,29,20,201,42,2733,5,58,26095,19,26096 0
47,1736,37,47,1538,5,755,6,29,2,177,6,427,74,2105,5,285,114,7,203,13,6,29 0
30,7,156,360,4,38,14,15,4048,762,13,15,30,7,10050,132,753,854,159,146,13,15,30,7,877,2,19,493,2,81,2,188,70,197,445,79,2,104,774,12,13,807,5,469 5
16,39,11,668,2564,136,97,420 0
16,687,24,596,321,38,465,256,26097,16,1007,10,24,440,104,718,170,401 0
16,88,87,272,26,402 0
16,21,149,197,4514,263,34,5,106,149,2792,34 0
16,21,39,106,668,1277 0
78,89,30,4,127,2,81,2,1472,2,789,2,3381,132,76,2,139,304,753,2,461,2,1413,2,5,877 10,5,13
77,4,361,1798,10,6,3583,1363,12,6,948 0
137,4,16,21,137,10,2063 0
179,30,4,16,14,31,15,1055,2,5877,2,26,624,10100 37
163,7,213,4,32,166,12,6,234,2,355,66 0
93,122,4,16,14,63,10404,762,13,6543 0
520,359,53,32,166 0
392,2,1176,2,2583,2,1841,2,5,1184,53,483 0
112,14,330 0
16,113,50,682,1657,1405 0
44,14,90,10,452 0
118,14,610,2851 0
187,21,106,4514,4625,5,277,48,355,14,599 0
24,812,73,14,14654 0
68,14,11,878,277 0
24,181,14,619,5,10079 0
16,21,1236,765,8884 0
217,53,355,483 0
323,73,14,2359 0
489,467,4,16,21,1236,15,769,830,7,788,2,835,7,1212,2,5,2526,830,26098,7202,482,3694,7,462,13,63,1498,2653,7,462,2,5,15,331,7,4022,71,14,100,65,24,450 0
1321,53,355,483 0
15,44,810,20,483 0
303,441,408,4,16,222,433,15,2741,1914,13,232,31,177,42,240,312,232,1233 0
16,20,124,2139,5,2198 0
16,20,85,124,1165 0
16,1236,106,219,1971 0
16,39,63,1060,7,2675,71,20,173,450 0
6,114,20,10,605,170,10,6,144 0
753,20,1487,1008 0
494,4,3615 0
526,8813,2,6032,96 0
495,4,9993,276,4,9993,597,42,4,8813,2,6032,813,26099,1852 0
