69,49,4,26264,437,267,656,7,4631,102,236,146 0
21,39,26265,6399,34,37,26266,1039,98,102,236 0
11,2303,26,228,12,300,1183 0
11,2188,588 0
1077,43,281 0
11,3747 0
167,4701,611,76,4,318,72,2599,19,933,14274,1716,127,288,92,4522,168,19,230,10,196,5,10508,669 21,13,19
111,15,1114,251,80,27,26267,40,301,10,7950,322,235,130,2,26268,130,2,230,196,4264,185,2,11,2188,588,565,21,31,1880,87,9553,7,121,274,288 33,15,19
16,1077,21,264,7207,5,18,3791,84,10,31,1785,32,573,430 0
13828,1549,10,121,538,80 0
6434,438,261,430,9943,411,930,364,5,14375,115,504,65,151,47,701,23,97,48,21,39,15,1814,7,26269,5,360,12,23,26270,288 0
5584,37,18,14,4440,173,2947,9,12,472,26271,10212,8,48,88,3617 0
18,14,290,2091,130,5,3437,2436,475,34,54,475,2113 0
31,448,64,26,3600,6367,32,119,58,8963 0
3259,1115,19,8980,8446,781,10,15,10350 0
40,5848 0
411,1732,121,274,10,55,373,4056,2398 0
254,940,252,19,210,176,301,10,539,4299,1101,118,353,106,270,434,748,2,48,11,655,26,702 10,29
19,235,1318,1918,478,34,222,31,437,13,64,2,48,3372,2043 0
77,230,196,22,9,626,45,60,35,8,25,33,1721,1722,211,9,3335,8,9,172,1721,1722,9,4167,8,8,474,22,9,925,45,60,35,8,25,33,2267,767,130,22,9,390,45,60,51,8,25,33,98,154,123,2,60,51,6609,82,1895,1481,22,9,2881,45,60,35,8,25,1834,138,34,235,9,787,8,130,22,9,446,45,60,35,8,25,33,210,9,894,8,130,22,9,446,45,60,35,8,25,283,4211,7554,56,462,22,9,4127,45,8,25,283,98,154,123,2,60,1973,56,35,347,27,1244,17,535,1255,9,1151,8,35,347,25,33,742,9,4607,8,105,22,9,390,595,608,60,35,8,25,33,1020,9,184,8,130,22,9,446,45,60,35,8,25,33,98,154,123,137,1573,457,14838,1465,2744,2,1438,2232,2,1497,2185,9,72,8,2,935,2266,2,26272,5083,2,26273,1789,14838,1462,4848,2,2566,5515,9,72,8,2,940,1893,9,54,8,2,544,1470,2,3779,14760,93,73,111,10325,289,1333,276,2791,616,26274,2488,196,348,759,4,57,1019,2,57,8567,407,104,479,23,1989,439,623,4,418,2,487,26275,226,4,745,340,4,1381,2,7465,9,11,1592,26,1739,8,12,6399 14,19,18,29,15
11,1003,26,150,342,531,4,11,79,2,11,690,242,5,114,6082,14,15,1743,292,407,13,306,89,167,2,48,373,288,23,438,21,61,6,373,182 0
161,340,34,4,314,339,9,5677,2,26276,2,2162,8,2871,2732,12,2275,9,3267,8 0
155,258,5,205,609 0
40,750,108,3372,3481,27,192 0
165,438,4,2343,841,10,437,13,1353,5992,2343,841,2091,5,3437,186,116,4,2343,841,231,322,48,176,301,10,428,383,230,26,1495,168,669,249,475,34,4,1549,10,58,8963,2,3631,121,274,351,565,4,616,538,1549,424,5118,2475,1023,4,6616,12,2276,174,599,26277,356,3548,592,4,3344,26278,36,26279,35,5269,4,2225,1108,27,97,5781,2,10,540,12,35,376,11669,4,940,252,2,3089,3162,2578,211,82,1066,12,2044,918,8678,4,11,359,7,353 19,13,18,33,21
64 0
26280,13,58,3948 0
47,1061,13,833,32,119,23,99,256 0
1306,1955,3823,2,96 0
