69,49,4,26159,581,17,101,437,858,391,54,14811,34,30,7,156,360,533,149,34,12,54,1373,5,14812,680,6,97,248,236 0
11,1328,2,11,895,274,2,11,1809,2,11,2450,115,167,127,2571,1020,86,167 15,13
111,411,251,19,1020,390 15
565,18,20,321,19,7677,42,378,325 33
18,14,290,84,316,33,3195,7,1759,2,136,84,14,4662,23,1431,573,4208,577 0
18,404,383,26160,2,5062,466,19,7677 0
438,185,19,2091 0
11,3288,663,1806 0
11,3617,26,5211 0
475,34,65,2281,6751,5692 0
11,79,2,733 0
2221,4881,962,48,110,31 0
18,14,290,19,965,7,2221,85,3399 0
18,14,781,17,808,101,13,58,10506,10,1022,162 0
461,2396,426,2,632,1227,2,1804,1733,192,43 0
1433,86,455,2,270,2,26,1251 0
11,1138,2188,588 0
77,1020,9,184,8,390,2,35,45,9,62,8,25,33,2091,9,2267,767,8,390,2,35,45,9,62,8,25,33,7677,9,10123,8,4643,2,35,595,9,62,8,25,291,1895,5808,2,35,45,9,62,8,25,291,26161,26162,9,3325,491,261,669,768,8,8460,45,25,33,137,747,78,89,30,177,7963,467,177,307,1276,125,860,1363,7976,424,30,125,424,5118 39,15,21
163,7,213,2050,4,1077,199,2,1546,3169,34,4,125,256,2641,4,26163,26164,2215 0
4,11,250,1977,4,11,702,2,939,44,34,2,756 0
339,4,11,4162,2,613,1368,4,11,807,2,1459,5924,2,1196,520,359,67,94,5772,296,982,121,7759,946,93,73,44,90,10,452,3561,418,2,869,1812,2993,27,5170,3465,3466,149,277,27,2281,757,1597,7,54,475,202,54,2839,90,13,199,688,2951,28,54,1373,4132,86,3810,505,28,54,26165,5,14811,680,86,782,277,26,359,7,566,2,11,14812,780,242,5,114,1246,4,26166,13,565,2,475,34,2,127,35,8,127,4,26167,1020 14,13,15,33
524,5,792,53,1104 0
40,383,1020,10,446,33 15
29,85,124,15,1948,17,669,3315,33,48,936,31,10,247,84,1911,532,24,400,111,155,5,247,316,108,111,354,13598 21
51,8,54,475,34,4,2221,31,4881,7231 0
29,936,10,1171,5,126,1895,5808,291,13,1275 0
29,40,125,58,10506,5,1022,162 0
11,1525,65,64 0
102,8,565,4,290,316,7677,631,15,107 33
11,182,121,228,1911,2,48,288,1053,321,19,7677 0
40,207 0
183,8,461,4,889,2,632,1227,2,1804,1733,192,43 0
31,411,26168 0
6614,266,13,11340,830 0
83,8,91,417,4,1194,12,8978,259,8,54,1373,34,4,1187,884 0
40,207,26169 0
481,8,216,685,5,6752,74,6729,4,2573,12,8978,614,8,254,4,40,887,1001,1075,27,400,101,5,3986,19,1226,364,424,927,36,592,26170,4,14813,1320,599,36,1108,1568,4,29,2119,10,400,101,36,752,4,40,1022,27,400,101,1542,4,989,198,10,356,2573,5,1194,457,5,887,111 10
29,40,218,301,10,247,669 21
