69,49,4,13262,3960,569,141,99,29,4,7296,2,6082,512,4,10944,605,49,4,1589,154,2,2044,715,139,4,275,240,4,26241,440,4,26242,26243,26244,384,4,44,34,234,4,2038,1576,528,13,1545,182,17,14834,1037,2,116,104,279,13,51,107,30,7,44,34 13
34,321,922,221,434,18,20,1216,890,23,3435,5,2731,15,451,606 0
18,39,983,656,1209,37,107,434,1634,10,5587,15,4505,9179,12,23,5768,5,983,656,12,6,1087,80 0
1158,656,1007,2499,117,451,1409,9,432,3253,656,18,1236,106,1837,13,1853,7,34,8 0
6,34,404,621,15,94 0
18,222,50,106,969,13,1158,656,5,19,6,97,656,85,533,106,272 0
5196,3154,6,34,932,32,57,32,1147,4527 0
88,396 0
113,50,270,13,34 0
11,134,360 0
222,50,2450,451,236,146 0
23,996,14,851,42,1012,12,23,475,2,48,18,88,87,455,13,996 0
1087,4,1236,211,2,556,521,219,1094,2,385,1811,205,148 18,19
167,4701,611,76,4,318,72,2599,127,4264,565,438,475,34,396,118,417,254,461,1101,118,353,2,1626,1037,2,585,1569,41,12,1333,4813,1711,67,119,3518,77,1255,9,1151,8,35,347,25,33,1721,1722,211,474,22,25,33,1292,35,347,25,1595,138,34,1895,1481,22,25,1834,138,34,1020,446,45,60,35,45,9,62,8,25,33,98,154,123,2091,105,22,25,33,795,290,38,239,10,3711,709,230,196,22,25,33,235,446,45,60,35,45,9,62,8,25,33,137,1573,179,30,6,29,1109,10,500,32,10947,7678,6072,7415,13,26245,26246,281,295,42,2719 19,13,18,15,10,33
18,706,309,173,5513,159,146,2,4030,10,5513,1854,200,309,30,158,10,4029 38
18,1553,48,21,11,30,7,554,4603,26,1232,2,687,18,1553,173,1859,26,1036,6657,119 0
68,14,15,498,245,7,2883,12,344,6413,48,11,624,245,281 0
128,30,4,26247,371,2,318,17,81,341,12,23,603 0
499,4,224,4,11,134,121,13975,2,11,713,2,11,596,2,469,2,11,228,12,1077,36,372,4,11,250,2,11,270,2,11,1919,2,11,1106,36,91,4,11,44,10584,2,11,396,36,1766,4,11,272,2,11,402,2,11,435,2,11,613,2,11,588,36,899,4,11,1232,2,868,2,11,394,2,11,5761,36,1031,4,569,475,34,36,6313,4,11,1173,2,11,807,36,3219,4,11,2035,2,11,588,93,73,973,4,26248,2,8355,2,1333,2,105,2,738,41,759,4,1040,2,413,2,436,202,4,725,2,570,112,4,7668,815,3406,19,52,2,11,26249,2,11,269,2,11,229,1290,4,90,2,11,571,623,4,418,11,26250,1369,4,745,193,340,4,261,26251,2,1325,2,11,342,2,113,50,106,277,191,2965,680,516,4,35,261,967,243,2,11,673,2,720,2,26,79,323,4,2889,192,938,217,2,916,4,569,1389,1189,19,1392,2056,397,9,510,282,8,1917,9,1298,8,294,633,9,510,282,8,2186,9,1259,8,294,749,9,510,282,8,2197,9,1299,8,294,689,9,510,282,8,5205,9,1420,8,294,379,9,510,282,8,579,9,1300,8,169,331,9,510,282,8,2451,9,1586,8,169,358,9,510,282,8,4822,72,9,1354,8,169,442,3101,9,1482,8,169,1531,1747,9,1727,8,169,1042,1792,54,9,1690,8,1421,488,975,3044,9,2588,8,550,1370,2129,9,2513,8,550,1937,2186,9,2310,8,550,2152,1123,1435,9,2514,8,169,488,1123,684,9,3031,8,169,1813,1850,3889,72,9,3530,8,612,2447,1893,72,9,3705,8,612,2446,934,9,3890,8,3891,2309,2231,9,3892,8,3893,2373,2372,72,9,4151,8,612,2877,9,10653,8,11924,72,9,456,447,8,1245,1103,1096,1891,66,9,148,8,2734,66,9,148,8,1532,4,298,3146,9,1260,8,398,266,8010,54,9,2484,8,41,458,4363,9,2626,8,1399,615,14835,9,2795,8,1779,443,10126,9,1507,8,1301,530,2515,9,1340,8,1141,665,7586,9,1448,8,1561,698,8375,9,1449,8,550,666,3994,9,1383,8,41,1658,3010,9,1698,8,41,5453,2114,72,9,4710,8,41,1102,105,54,9,1780,8,41,1145,109,9,1699,8,41,732,515,9,1857,8,41,1193,515,9,1816,8,41,559,2336,26252,9,2166,8,398,559,5453,13136,398,559,1102,7042,9,2167,8,398,559,1145,26253,72,9,2485,8,398,559,732,5083,54,9,2168,8,398,559,1193,5083,9,2228,8,398,1513,152,9,152,8,1458,152,9,152,8,2412,152,9,152,8,2486,152,9,152,8,2031,4082,3703,4336,9,4354,8,1679,2080,9,4355,8,1793,2008,66,9,148,8,3885,66,9,148,8,4084,66,9,148,8,4080,66,9,148,8,4081,66,9,148,8,4083,67,171,9,148,8,5338,3454,9,1499,8,2527,4939,1499,9,1499,8,2527,4940,66,9,148,8,2527,4938,4198,1499,9,6224,8,6687,2333,2064,66,9,148,8,2527,1554,4,464,4,148,1784,415,215,10950,6,999,1338,10,5454,415,20,5989,17,313 14
6,729,2145,53,667,43,1238,5,273,31,3968,160,7,729,313,26,743 0
704,10950,4,1271,676,68,14,653,794,721,9,26254,8,7,6,26255,26256,71,14,15,43,8094 0
149,287,149,4106 0
585,14,1569,41 0
149,6968 0
3211,14,2463,2142 0
147,4,399,27,474,1823,2,11,518,142,2,3997,9586,12,26257,314,2,14836,12,1088,2,26258,242,75,114,2038,1576,528,13,14834,1037,2,116,104,279,13,51,107,30,7,44,34,1628,17,3678 13
44,26259,17,3678,124,115 0
113,50,116,2,2553,2,78,309,299 38,13
1364,371,13,8054,679,19,2408,679,556,5,2399,32,13807,26260,415,215,124,30,19,211,2,1318,2,210,385,205,657,708,48,66,430,26261,12,4029,679,1804,2,3942,2,5059,2891,17,359,7,4603,1286,138,2,2524,10,1488,108,692,10,60,84,149,12274,218,65,430,2,26,14791,2789,108,34,7399,2,539,2965,1089,356,1385,14837,14,19,210,446,33,40,4621,23,19,38,17,110,124,455,461,356,889,426,577,4531,438,3870,2091,1210,742,2537,715,275,3743,26262,6575,2,195,26263 18,29,19
