69,49,4,26306,377,1246,414,4,8981,2,3728,54,1045,1316,4,26307,141,49,4,26308,377,49,4,26309,11966,494,4,5098,26310,1241,2199 0
627,494,4,1273,1235,132,76,2,139,304,51,2225,132,753,2,1232,2,127,2,461 13
30,7,156,360,4,38,1865,200,307,3607,407,2,139,304,51,2225,7679,17,26311,7351,439,903,198,2,139,304,225,26312,13,15,30,7,1232,5,306,1610,26313,265,17,52,349,1241,2199,5098,5,3126 0
137,4,4108,1511,10,1217,2,2046,484,2,14842,1217,2,2198,26314,74,740,38,1362,692,10,55,124,191,183,697 0
78,89,30,4,36,1136,915,10952,1224,439,903,2207,36,19,735,14843,27,3960,36,937,19,10060,36,306,2225,343,14844,2,231,1663,730,42,58,7680,14845,36,8856,5,5345,54,1726,593,36,103,51,2225,14846,9,5435,2,2502,8,2,106,709,7,4805,4738,3203,26315,8983,26316,1168,2,97,1217,14847,26317,3598,4066,179,30,4,1590,7063,8321,2,295,13,477,93,122,4,67,94,14,4575,2,296,365,5,135 39
2301,31,57,2445 0
14848,79,2,5030,1528,2,112,20,330,2,293,3560,43,44,90,10,452,5,1043,2,970,11,1093,1422,26,1371,2,187,2,133,2,375 0
300,302,53,43 0
445,395,79 0
320,4,1273,1235,132,76,19,2508,2,1217,1168,9406,6949,2199,2,1131,2509 0
144,408,4,6,29,543,5098,7,23,52,412,349,6949,14849,42,58,7680,19,26318,86,1294 0
490,23,349,20,2721,23,1687,964,20,346,6791,15,14334,582,964,1914 0
18,20,166,10,55,10275,5741,13,15,835,7,26319,41,19,14850 0
84,20,549,37,23,252,835,20,239,10,362,67,274,65,1467,406,26320,32,57,32,15,8984,3059,65,760,2509 0
18,20,11590,3896,51,190,7,4758,2064,19,14850,434,19,964,6791,23,14851,6949,14849 0
6,468,7,23,144,408,20,5728 0
18,20,26321,12,144,5,20,124,2441,2685,17,245,7,23,9366,14852 0
18,20,874,140,13,1348,17,15,2732,437,10,1021,23,1467,26322,5,17,356,13,23,343,3541,58,7680 0
18,40,126,10953,964,12,23,3960,1287,1045 0
26323,19,377,4,517,758,22,25,509,985,8985,1522,9,8985,8,35,347,25,509,6471,9,1921,8,594,22,25,59,3991,9,2224,8,1776,22,25,59,6018,9,2908,8,105,22,25,509,1606,9,1380,1062,8,9,14853,8,154,22,25,316,19,5958,151,18,113,31,433,964,230,196,22,25,1158,465,19,123,18,113,31,433,964,4476,767,9,4476,8,196,22,25,506,5122,9,5825,8,26324,22,25,506,7762,109,22,25,506,1855,397,9,493,8,51,22,25,506,1828,9,473,8,449,22,25,33,442,5319,9,35,26325,22,8,9,3686,8,26326,22,25,291,3417,9,1342,8,130,22,25,33,6509,11287,2,96 19
3279,132,1124,705,26327 0
