69,49,4,26422,384,4,356,101,17,44,34,234,4,287,6435,21,31,39,87,241,534,7,44,34 39
66,785,5,43,147,19,26423 0
47,909,1066,10,356,19,38,48,16,26424,5,222,841,880,16,865,10,50,84,346 0
16,267,37,58,10958,12,949,1805,16,1279,55,15,2380,17,11861,162 0
16,14,781,10,55,930,26425,7367,12,1546,2,104,14,110,27,6,3274 0
167,116,5586,121,216,1472,120,77,2452,1296,22,25,33,131,486,1629,1200,190,405,509,4,1143,190,506,5138,9,2582,767,8,491,2,35,45,9,62,8,25,283,230,196,22,25,59,184,390,2,35,45,9,62,8,25,33,310,778,2,35,45,9,62,8,25,33,857,9,131,3050,8,130,190,405,283,1985,9,1703,8,446,2,35,45,9,62,8,25,283,137,152,36,152,499,4,623,4,11,44,34,2,655,2,702,2,531,79,2,8968,339,4,11,340,34,2,272,2,402,2,855,2,2366,3465,4,1890 5,25,19,13,29,15,10,26
4281,12,6,52,1382,2,11,79,2,11,1947,228,2,11,26426,385,4,26427,48,887,13,817,2362,111,12701,2,289,1390,574,788,2424,4302,3036,7027,42,97,121,12,6,1557,224,4,463,2,436,623,4,487,83,601,1457,43,11,5783,135,145,5,212 33,34
11,1058,625,4,11,229,1455,4,11,4445,2171,26,1059,904,243,4,171,967,5,64,243,6153 0
2025,4,11,720,2,673,2,26,79,2,11,1382,277,44,4,14867,3770,43,13,11,245,7,2521,2395 0
6,44,14,90,10,15,5,289,193 0
11,1056,2,856,2,1223,833,4,161,44,34,4,660 0
1066,124,24,328,811 0
126,211,5,2049,2314 0
165,120,4,1015,199 5
126,310,5,857 26,25
1402,400,101 0
186,254,4,177,544,71,14,15,1114,344,27,14868,126,264,262,7,1985,2,887,2003,198 10,29
249,565,4,3036,1212,13,328,811 10
1798,10,4302 0
5082,1763,17,233,2,31,8012,17,162,27,38,95,645,37,176,55,63,4966,12,6,1378 0
351,116,4,1400,199,338,80 13
126,231,322 0
459,356,101,102,198,5,138 0
