69,49,4,26522,3583,1883,141,99,29,4,8987,5822,485,4,8988,605,49,4,26523,1480,10,1159,1883,49,4,26524,440,4,58,4443,14893,14894,240,312,4,58,14917,14918,858,391,1111,30,7,6,156,360,64,14,63,1580,292,407,13,15,637,7,120,2,116,2,149,1122,5,450,914,13,15,299,7,1991,104,20,265,640,15,4155,3040,1111,71,4717,12,15,311,1088,6756,805,5,157,14919,5566,3328,805 5,13
18,20,201,42,3496,2,5,648,909,245,7,63,26525,7688,17,6,6756,805,2,5,11,3228,583,17,6,5566,3328,805 0
19,7656,2,29,20,166,10,50,15,476,266,2,71,20,2802,10,63,26526,1867,19,23,70,1726,2,5,18,20,124,51,956,7,10817,65,26527,19,7656 0
2172,23,651,4331,264,65,1391,10,3210,2,5,18,20,124,235,12,1338,10,15,44,810,71,227,359,7,305,79 0
722,6,107,29,1795,3539,268,3377,2,5,12,736,10,23,1488,2854,9,1247,22,59,8,2,18,20,85,124,248,1272,7,2941,9,1974,5,521,8 0
2172,19,26528,18,1795,6033,2,100,10,26529,2,10476,27,14920,12,6,465,19,26530,2,1170,1488,1165 0
67,1314,5,389,1314,129,1009,2,5,29,20,321,19,10818,2,2198,5,3390,2,5,1086,10,1159,2391,163,7,213,119,234,78,89,30,120,75,46,410,28,333,425,116,1356,299,7,2681,877,9,75,695,28,130,159,146,117,15,2542,8,1111,13,54,700,805,2,103,6084,78,545,30,2542,54,6084,134,1394,426,1194,9,7463,8,634,1271,2075,2,11,541,238,2,617,2075 5,13
2124,585,1333,41 0
634,10,406,2371,776 0
3211,1910,2142,128,30,3910,75,46,410,28,102,3514,5398,75,46,410,28,299,7,1720,118,162,9,314,3831,76,8,2843,75,46,410,28,153,1343,13,409,332,726,75,46,410,28,35,837,5,51,2972,2,192,214,3431,179,30,224,75,46,410,28,64,295,42,2719,19,6,2725,1032,7,15,1477,2,13,23,567,5,837,19,6,3162,5,2961,26531,7,6,6210 0
153,7,23,726,14,1844,13,23,27,192,511 0
671,75,46,410,28,6,29,88,671,245 37
554,75,46,410,28,6,29,88,134,554,245 0
2226,840,75,46,410,28,6,29,88,78,5,156,245,7,2226,840 0
4797,2614,669,75,46,410,28,905,1566,77,19,141,161,896,547,9,172,8,474,22,25,33,165,1133,9,737,8,2436,22,25,33,186,230,449,22,25,283,249,894,9,210,8,109,22,25,33,351,442,7683,9,3258,7684,6254,8,35,347,25,33,459,2074,397,9,888,8,204,22,25,59,636,2311,1345,370,22,25,59,843,787,9,235,8,4761,25,33,1725,22,509,5,368,22,506,1038,1594,397,9,14897,8,244,1252,25,33,1065,6476,9,2854,8,1247,25,59,1552,3940,9,2084,1555,8,51,347,25,33,93,122,973,4,276,26532,289,2197,111,12251,574,196,2706,2040,41,19,26533,1742,224,75,46,410,28,528,1939,12,886,2,1625,26534,2,6542,192,217,2,14921,12,1083,202,75,46,410,28,1186,2,1125,28,725,2,570,28,2286,822,2,11,5030,1528,28,1290,2587,5,1130,86,733,2,2561,2,26,571,112,36,11,780,2,43,620,86,342,28,487,919,28,293,243,171,193,28,11,293,229,28,6,2921,14,1052,305,75,46,410,28,1234,942,27,362,1912,91,75,46,410,28,2851,28,246,5,253,43,28,11,387,2,711,26,766,28,14922,12,6,217,193,187,75,46,410,28,133,2,2170,28,978,86,1592,5,1739,28,43,300,302,28,11,342,26,953,445,75,46,410,28,619,5,3914,28,11,720,2,673,2,26,79,949,75,46,410,28,64,2490,8045,10,2376,2,773,10,207,2770 14,19,18,29,20
26535,1352,406,3179,5,5075,26536 0
18,40,26537,65,34,2490,2,26538,268,2291,13,54,386,5,157,349 0
181,75,46,410,28,817,1867,19,157,700,972,139,75,46,410,28,413,5,646,98,102,3675,3425,3425,3425,7689,10963,10964,7476,10965,649,4754,2837,2185,524,3509,9,54,8,1862,2554,824,204,2344,204,689,7427,6274,4936,379,244,1250,564,804,26539,10361,6330,1578,2463,9,276,8,2744,9,276,8,75,695,28,284,9,276,8,770,4895,9,72,8,5328,9,72,8,4822,9,72,8,5327,9,72,8,1498,723,9,72,8,854,481,335,3778,9,54,8,4116,4704,9,54,8,1178,2487,9,54,8,2487,9,54,8,22,931,1624,935,2068,9,72,8,1712,684,9,72,8,1437,3297,1434,1747,1830,2554,1465,564,1438,1212,9,72,8,1497,2344,9,72,8,5230,3425,10964,1157,12619,5646,26540,10966,5310,9,72,8,10967,130,10968,26541,9,72,8,7675,5943,14923,1604,3425,7476,3425,3425,3425,7689,10963,26542,7476,10965,867,26543,9,72,8,26544,9,72,8,26545,9,72,8,26546,9,72,8,1330,3821,3146,2127,4014,125,790,684,125,790,2986,10949,9,72,8,9390,9,72,8,3555,3425,3425,3425,7689,7689,10963,10964,7476,13058,10965,298,5594,9,72,8,3658,9,72,8,10698,9,72,8,6983,9,72,8,615,9292,9,54,8,26547,9,54,8,13788,9,54,8,26548,9,54,8,458,3380,9,54,8,3543,9,54,8,6449,9,54,8,5263,9,54,8,2436,9,54,8,266,6912,9,54,8,6338,9,54,8,7028,9,54,8,14924,9,54,8,530,1529,2515,1529,1529,665,6274,6338,7586,6309,698,4398,7214,8091,9583,443,9841,4822,5310,4356,666,4606,9,72,8,6753,4606,9,72,8,5699,2914,431,1081,1192,41,1753,1470,9,72,8,41,897,854,9,54,8,41,1637,183,41,732,515,41,1675,515,2584,26549,9,72,8,2585,26550,2661,7969,2662,3346,9,54,8,2663,2748,1513,152,1458,152,2664,152,2130,152,3425,7689,26551,12574,2456,1676,1676,3251,90,90,2194,66,617,2676,66,66,2443,617,66,2747,26552,26553,2136,1518,395,1679,2635,2436,2677,395,395,3034,66,66,2195,66,66,1793,66,66,3370,75,695,28,204,1499,3230,3454,1499,4060,4384,1499,6999,2939,6482,156,8290,125,790,125,790,3135,67,1218,4,11,10500,389,1218,4,11,10500,5887,426,464,320,4,225,305,79,2,268,2180,271,26554,147,962,773,10,1150,490,7,64,75,46,898,28,62,2781 0
151,268,7101,2,147,20,2160,2,11,180,518,26,276,1278,142 0
242,5,114,1580,292,528,13,15,637,7,120,2,116,2,406,914,5,30,7,1991,629,13,5566,3328,5,6756,805,2,110,13,280,596,2,3179,5,1257 5,13
1144,46,35,4,508,5,7473 0
1225,1128,566,2,1217,2,6757,26,8887,740 0
15,870,7,14920,13,11,2002,2890,1228,113,1029,566,2707,553,218,2,278,29,40,55,480,5233,13,2198,2,3390,5,10818,17,380,144,6995,2235,796,26,6738 0
63,2901,40,55,2934,108,84,319,55,6468,346,86,26555,6,29,75,46,898,28,62,372,139,2,5,12,6,2954,7,6,29,75,46,898,28,62,2781 0
12,6,2954,7,288,3337,2854,2,2941,5,2267,2,84,14,85,380,37,29,519,50,1375,8887,740,26,26556,3212,740,2,71,519,5376,6,29,75,46,898,28,62,251,867,2,251,298,2,251,1321,2,3460,344,870,5,2781,13,3179 0
126,10,207,1942,2,867,2,801,350,1272,7,1286,17,26557,1845,192,26558,9,3596,5,3102,8,126,1337,2,356,1314,1144,46,51,4,311,1088,6756,805,5,5566,8993,805 0
1454,12,775,7688,2,4010,8993,805,2995,1144,46,102,4,120 5
126,10062,5,2153 0
1144,46,183,4,461 0
126,10,207,266,5,707,1867,19,157,1726,26559,877,4,6868,2,6809,300,4,888,2,2084,138,715,4,275,715,9,1979,2628,13,128,8,3743,26560,26561,2,195,2,2045,705,46,26562 0
