69,49,4,26563,325,470,99,29,4,5822,2,8987,485,4,8988,470,49,4,8994,240,4,14917,14918,715,139,4,2249,275,1228,4,29,5,948,384,4,2558,328,9172,234,4,916,5822,14,15,26564,13,299,306,1991,3676,317,700,3740,2656,103,4719,2,10718,6756,3740,2,5566,8993,3740,2,78,8995,877,9,439,5352,8,2,85,116,2,8990,120,2,1224,6757,12,644,7,3540,4434,12,2656,2,1530,983,1111,38,221,27,23,10657 5,13
18,20,12,6,5768,8827,26565,2,151,18,2697 0
18,14,31,382,10,6597,260,6823,1127,4867,2,48,88,37,455,2,270,2,26,26566,11183,15,4491 0
64,14,281,103,1640,2,5,119,23,567,14,268,2825,5,4700,271,1054 0
48,1242,27,15,450,2,567,416,37,64,21,657,9945,26567,75,46,410,28,64,88,455,2,270,2,1265 0
128,21,31,2125,23,3792,7,472 0
507,426,4,1194,7463,4,585,1333,41,11,3720 0
3483,10,406,26568,4,6757,638,8887,740,12,644,7,97,950,17,97,700,162,149,1122,299,1991,103,2542,26569,216,877,439,26570,13,1687,188,1968,580,1570,1899,1356,10718,6756,311,1088,805,26571,14919,5566,8993,3676,26572,26573,26574,137,4,669,2,75,46,9438,28,26575,624,75,46,898,28,3783,508,2,3179,2,11627,27,97,950,77,19,141,230,26576,26577,26578,1820,26579,244,26580,51,1366,26581,204,26582,83,26583,26584,26585,26586,83,22,26587,4017,26588,1345,370,22,26589,2201,22,26590,5714,2560,26591,26592,26593,26594,26595,1362,25,26596,26597,3669,219,98,26598,1572,26599,30,4,26600,30,4,4684,1310,2,532,321,460,268,1579,1991,97,200,2,21,373,288,61,1308,12,7150,8160 18,29,19
21,567,5,837,104,53,2054,12,23,203 0
648,39,61,2788,10,50,23,1297,168,140,13,3194,203,2,151,38,10969,1111,3111 0
64,1844,1404,13,23,26601,26602,4,276,4926,492,26603,111,26604,574,26605,3247,4,26606,41,26607,436,2,4700,48,26608,1504,2,11,2699,2055,2,11,3310,26609,330,2,11,846,2,11,815,26610,4,4020,2160,2,6075,2,11,387,166,2,11,26611,4,90,1876,28,11,264,500,7,26612,4,133,2,875,2,1325,2,1381 0
11,342,2,26613,4,3384,1203,2,52,386,13,188,580,1570,5,171,2439,79,37,567,687,14,26614,4,413,10,144,2,128,3108,2,8045,10,1135,28,151,963,819,18,295,2,18,1931,23,140,4292,598,18,75,46,898,28,62,61,1308,27,7150,8160,373,26615,397,2185,1298,294,2773,3282,10632,9,72,8,14925,14926,633,2186,1259,294,2773,3282,3099,9,54,8,14927,26616,749,2197,1299,294,2773,3282,3167,9,72,8,14925,14926,1688,1689,8009,1420,294,2773,3282,4705,9,72,8,3152,12520,379,1439,1300,169,2773,3282,2114,9,72,8,14927,26617,331,14928,4099,169,2773,3282,5360,9,2124,8,75,695,28,284,3535,2773,3282,358,26618,1354,169,2773,3282,3116,9,72,8,2773,3282,1498,2653,854,4294,294,2773,3282,723,9,72,8,3425,26619,442,3101,1482,169,2773,3282,3778,9,54,8,3425,26620,1531,26621,1727,169,2773,3282,2487,9,54,8,2773,3282,1042,2231,1690,1421,2773,3282,1792,9,54,8,26622,26623,91,968,867,1697,2952,612,2773,3282,5971,9,72,8,26624,12326,1330,66,148,2773,14929,4383,9,72,8,3425,13057,2734,66,148,2773,14929,298,3222,1260,398,2773,6276,5676,9,72,8,26625,26626,266,26627,2484,41,2773,6276,6314,9,54,8,2773,6276,443,8791,4353,1301,2773,6276,26628,9,72,8,26629,6481,1046,1506,2773,26630,8994,4,171,26631,2,171,7750,2,7248,4695,2,1499,298,2,1499,26632,75,46,14930,28,1554,4,8994,4,14931,205,4,11,180,3224,805 0
3227,7,6,10970,1460,2,557,13,307,10970,1460,805 0
12399,1715,142,32,1802,256 0
6179,83,675,1016,166,12,6,70,409,1709,2,185,65,6,158,708,5020,26633,4,205,392,11,180,2634,1954,3245 0
1535,769,4000,142,2,373,218,7252,188,350,1261,228,12,38,439,26634,4,14931,5100,4,11,160,7,3224,805,26,26635,4,7800,929,5100,4,11,3224,1567,929,26636,4,754,5100,4,161,806,26637,805 0
165,380,3676,7,6,806,4791,2,525,26638 0
186,26639,7193 0
249,124,6,406,3883,2,1208,205,609,17,268,5928,26640,4,464,4,11,160,7,3805,1219,12,6,26641,4,26642,5100,4,161,180,2,5851,70,14888,700,805 0
165,52,700,5110,2,479,175 0
186,2182,5566,3328,26643,4,754,205,4,11,160,7,26644,805,26,87,150,180,3224,805 0
68,14,4342,26645,75,46,14930,28,147,4,8994,27,26646,4,399,1611,1572,1749,2,52,1000,2,11,518,26647,27,26648,4,2210,13,5166,1611,2837,411,11,958,518,26649,75,1179,28,26650,13,1122,2,116,2,299,306,1991,2,103,700,3740,2656,2,299,218,6757,12,644,7,4434,2,1530,983,1111,2,218,3040,2,5,700,3740 13
92,53,963,10,470,17,8995,328,1906,158,10,26651 0
8995,91,328,4,64,75,46,898,28,62,14890,14,26652,2,5,21,11,299,178 0
110,2,32,18,32,12,5166,10,14932,2,18,21,11,518,2579 0
64,113,31,301,8995,2049,5108,65,15,328,3486,2,48,454,126,19,140,2049,5108,124,23,116,5,110,280,26653 13
280,2210,4,64,14,110,12,280,26654,2,1433,2,117,5010,23,221,230 19
18,14,1216,521,219,501,2400,244,22,25,501,12,6,189,2,2472,38,40,3802,106,145,338 19
18,454,126,19,26655,954,3462,22,501,2241,28,838,17,492,75,879,28,284,2,2217,75,879,28,26656,84,14,380,37,2690,176,13868,1991 19
18,176,1525,65,15,3300,707,32,63,1287,2,10,125,1092,18,14,2334,12,2210,2,26,1092,38,20,5893,42,360,5,5010,1318,9,268,218,8,13676,1454,64,19,5232,434,12,26657 0
299,26658,740,4,64,6392,15,1224,7,6757,65,158,1362,245,6,97,95,18,20,1888,17,700,162,9,125,5397,586,3425,8 0
278,2,64,14,2024,5,13,299,7,1122,2,14,27,328,17,3540,1122 0
124,38,2,1845,26659,257,621,4434,2,2854,2,26660,2,2019 0
38,64,3993,350,1272,7,26661,32,15,140,1362,2,1195,64,319,954,4,36,140,4320,7779,25,59,26662,1286,684,22,1834,138,26663,707,17,359,7,6757,4,972,139,142,13,976,3179,2,508,2,3624,4003 0
155,867,108,38,5870,5,1357,1362,470,26664,108,87,26665,329,17,38,470 0
92,40,207,13,26666,7843,2,5332,705,46,26667 0
