69,49,4,26461,325,659,470,99,29,414,4,5822,2,8987,512,46,4,8988,49,5,95,7,1524,4,14877,26462,221,763,240,4,58,4611,11668,325,470,240,4,58,7100,14878,1026,4,14879,5822,9,837,2,5117,8,26463,140,5,14880,1137,470,26464,4,3829,233,10597,4,8989,13,1545,7,116,2,789,2,120,2,1356,2,188,580,1570,2,5,216,2681,877,279,13,54,717,5070,805,117,1111 10,5,13
64,20,19,23,14881,6251,10,5045,6,14882,7,23,5031,6171,2,48,2225,10,5045,84,5,2697,168,14883,1147,423 0
64,1305,7,52,5070,34,5,20,773,10,433,100,65,6,1147,2318,1242,13,6,2262,7,23,567,104,4155,6,1111 0
2065,20,1008,10,6,14884,10,7678,6,29,10,6,144 0
64,88,8885,23,392 0
11,4130 0
88,455,2,270,26,396,32,6,1489,7,23,1111 0
499,4,32,12,234,2,355,66,12,790 0
78,89,4,789,81,4,333,425,116,1356,299,7,2681,877,75,695,28,130,159,146,117,2542,36,884,1092,29,4282,480,13,493,36,136,237,21,39,188,580,1570,7,197,217,78,545,4,488,2542,26465,3550,27,439,2017,77,27,140,9,941,13,128,8,4,230,449,22,2048,9,2637,271,1989,19,2085,99,8,235,1725,22,25,82,9,2637,271,1989,19,2085,99,8,737,2436,22,2048,210,109,22,2048,2,1594,2201,1252,2048,211,474,22,442,2294,26466,495,35,347,513,107,77,401,4,2128,9,1165,8,25,6374,22,1595,206,5139,208,1133,9,737,8,25,2436,22,33,206,5139,208,230,25,196,22,33,206,5139,208,894,9,210,8,25,109,22,33,206,5139,208,442,7683,9,3258,7684,6254,8,25,35,347,33,206,5139,208,7640,9,2990,8,405,130,22,506,206,5139,208,787,9,235,8,25,130,22,33,206,5139,208,1640,1345,219,4496,22,14885,138,206,5139,208,137,4,669,36,1188,388,5,484,128,30,4,603,13,1720,118,162,9,314,3831,76,8,27,439,14646,477,13,102,3514,2,26467,12,3621 5,19,13,18,29,10,20
1343,13,409,332,104,20,1055 0
179,30,4,14886,8692,2,295,1310,12,6,2725,1032,7,15,5857,14172,2,23,567,5,837,4275,12,6,1154,5,523,1032,7,6,6210 0
6562,952,87,10522,26,2262 0
88,430,2,309,26,3865,840 37
93,73,4,638,4,26468,26469,26470,26471,26472,19,628,224,4,436,202,4,1623,2,725,2,822 0
570 0
1504 0
966,90,13,11,2561 0
181,4,11,690,26,571,112,4,330 0
11,269 0
487,27,259,601,44,4,745,1876,1977,4,418 0
43,2673 0
3520,2993,27,7555 0
11,293,229 0
2428,1457 0
340,4,26473,558 0
133,2,375,2,1774 0
14887,4,2119,2025,4,395,79,193,13,188,1570,142 0
619,5,57,2346 0
395,904,243,193,323,4,1478,1738,1746,175,258,4,5139,649,1604,524,2057,824,980,9,54,8,689,5469,9,72,8,379,1439,804,14397,1578,2593,9,276,8,770,7128,9,72,8,1498,854,298,3222,615,12088,458,3708,266,5006,9,54,8,530,1529,443,6222,666,5699,41,1753,368,9,72,8,41,897,462,9,54,8,41,1637,102,9,54,8,41,732,51,41,1675,515,64,3708,28,1046,1267,28,1069,8287,26474,10362,9,72,8,1311,4,4412,2,2898,2687,2,66,7662,28,2130,227,451,4828,2,451,26475,5,1499,5558,147,4,43,399,212 0
2961,1563,1241,984 0
52,1000,2823,13,218,52,794,5648,984 0
11,14535,1509,17,2666 0
908,4,44,810,4,11,160,7,796 0
700,2761,4,7277,2,3224,805,7,6,52,582,112,13,26476,2885,7,805,890,6,14888,717,5070 0
1194,11821,4,149,287,52,3229,1790,27,2277,675 0
634,2178,13,2180,14889,676 0
43,1105,3894,13,585,1258,41 0
43,1748,496,13,3211,8730,320,4,8989,13,1545,7,116,2,789,2,120,2,1356,2,188,580,1570,2,5,216,2681,877,279,13,54,717,5070,805,117,1111 10,5,13
29,75,46,898,28,62,1111,113,2122,10,55,3040,42,30 0
23,14890,209,55,3301,9088,2,14252,23,27,252,10,6419,328,17,38,6419,328,746 0
124,37,18,14,19,8623,2,18,454,55,986,13,245,7,1396,5181,3015,9,14891,2,501,8,434,401,12,6,144 19
23,188,580,1570,228,14,218,239,10,498,225,6360,1582,19,23,30 0
38,319,55,1121,6022,32,84,176,2111,6169,995,1583,2305 0
1348,4,36,361,228,29,65,230,10,501,3462,22,25,26477,2,10,55,2329,17,492,75,879,28,1516,5,2217,75,879,28,204,36,361,155,999,6022,1264,13,783,19,107,35,5,107,183,6022,36,361,26478,344,328,877,1210,6022,13,2990,154,22,405,59,36,361,1384,3875,6022,32,14,1620,1582,19,162 19
209,301,10,1022,26479,7,2742,2305,13,128,108,318,1152,329,17,38,5782,470 0
10,55,26480,80,13,58,7100,14878 0
5751,14877,26481,221,4725,2391,12213,2,96 0
8914,2,705,26482 0
