69,49,4,26725,10974,8874,424,538,14933,1870,144,825,167,127,111,19,1367,42,10746,26726,9,14942,8,36,645,26727,7,10264,14004,42,10746 39,14,13
111,6340,42,260,98,51,109,5,462,1902,1209,432,101,36,14942 14
679,1875,594,22,51,291,5,184,105,22,82,32,57,32,787,105,22,82 15,19
11,1652,74,2,44,34,2,366,2,702,26,26728 0
11,228,12,5270,79,9,26729,8 0
11,180,326,2,520,359,32,166,2,11,920 0
408,194,302,9,54,8,1562,645,11,359,7,26730 0
324,1457,2,418,2,324,246,5,253 0
1812,2993,27,1562,952,993 0
11,711,2,766,2,2844 0
340,4,133,2,875,9,261,8,558,11,342,26,1003 0
395,2439,5270,79,10,525,26731,193 0
4252,4,14131,111,645,8704,27,913,9,553,271,6340,8,108,31,4140,9,553,271,5220,8 0
207,952,87,142,17,110 0
1407,1305,51,3937,7,5270,26732 0
115,504,151,4924,2648 0
11,1076,277,26,3617,277 0
5270,590,1028,2,4092,26733 0
9,36,8,12800,193 0
853,2713 0
324,672 0
4252,4,115,5,73,373,1126,1567,1076,238,65,334,2805,9,85,21,334,815,26734,238,8 0
92,177,1961,599,1819,7,38,1224,278,31,573,10,5758,150,271,64,5,2,108,115,26735,2909,2,26736 0
5964,10,207,5811,36,1293,947,24,2846,5,319,1798,10,2766,17,403,5284,26737,348,10,954,10,907,26738,115 0
180,132,353,2,30,7,1076,238,26739,112,205,27,5564,227,185,109,675,1866,806,10,6,10970,1460,3817,12,406,4132,238,174,1076,2067,2169,278,64,26740 0
21,61,201,42,5913,174,5466,10,679,640,5811,5,245,815,7688,151,5307,239,10,328,7,1219,108,16,454,1111 0
177,584,5,26741,174,64 0
2625,42,503,5,837,2,3412 0
192,53,12,26742,401 0
79,11,6918,228,12,395,5270,79,19,787,105,22,82 0
2620,3699,80,5,40,383,787,10,130,22,26743,12,35,2193 0
150,167,424,927,21,26744,5781,1115,174,260 0
1293,10,1297,797,10,38,1115 0
142,10,77,38,26745,130,22,35,82,9,2144,4749,8,93,73,67,94,6340,52,1147,817,2362 14
296,368,121,5971,64,2737,124,19,560,245,2109,663,1806,28,1362,1363,163,28,1394,320,28,215,3903,28,522,114,28,4044,10,750,1741,28,1741,2807,1908,28,424,927,709,28,1901,1362,26746,124 0
14935,5135,2,195,1655,139,4,678 0
