69,49,4,26747,1159,183,141,99,141,315,4,1215,2114,2,26748,27,14943,29,414,4,10971,5140,485,46,4,10972,240,4,2911,6712,195,715,139,4,10977,119,1979,13,837,3444,4,89,69,2,29,74,837,3412,5140,858,391,4,3569,234,4,287,5140,14,63,14944,26749,13,15,30,7,1122,2,409,1016,2,421,104,279,13,3539,834,3569,27,140 0
32,29,14,281,214,5474,38,30,14,1582,19,2416,5520,13,3412,5140,104,14,6,5117,5,14,214,2054,13,24,603,74,203 0
6,29,20,971,13,1122,42,24,440,173,102,159,146,5,21,61,1961,185,1308,27,140,9,19,3162,1032,8,12,10974,8874,13,24,503,104,21,61,24,763,6229,28,2440,248,3032,53,214,2054,32,57 0
191,6,97,259,198,648,50,1282,734,1872,2,3569,2,5,4055,10837 0
648,166,16,21,61,2825,173,3321,2,95,9,3698,1778,78,48,31,134,78,8,2,5,21,1625,31,61,382,10,3506,24,503 0
16,21,2098,10307,4055,5,1863,3377 0
24,837,586,37,16,288,39,10,6228,10530,170,10,4821,423,5,60,24,77 0
24,503,21,39,10,1682,100,27,420,10,2891,6,29,10,1029,1769,16,222,31,26750 0
648,53,1926,3950,173,24,4201,10,60,6,4633,7,1965,10,2440,140,136,84,826,170,173,462,1902,10,433,100,5,479,3760 0
173,35,2779,146,2,434,24,503,20,286,7,2440,140,2,16,26751,286,5,26752,2272,286,28,151,18,1936,16,26753,26754,23,7,10208,170,286 0
2440,477,21,39,734,572,5271,17,170,5,21,1008,6,51,3032,17,907,82,17,6,78,223 0
648,1008,24,440,173,472,26755,142,5,16,20,321,19,1889,14945,1595,138,71,1632,149,1051 0
286,7,1693,17,24,603,74,5,477,74,4771,648,1632,170,10,6,189,17,233,5,959,71,2440,440,21,2052,4126,10,1022,13,1406 0
648,50,31,1282,10651,2,3860,2,26756,9,19,1996,322,8,2,849,7,34,2,862,142 0
648,50,1282,134,668,1196,12,6,97,451,123 0
12,6,189,4,638,129,276,4,2791,289,4,1749,111,4,26757,574,4,564,2706,4,1993,41,628 14
73,20,686,316,17,1056,193,5,5961,3569 0
464,20,43 0
801,20,27,450 0
1311,548 0
205,1319,519,31,55,716,239,10,3569 0
648,5236,10,24,440,104,549,38,20,192,239,10,1607,7,24,1122 0
16,20,124,1286,3669,219,9,488,8,5,4434,521,219,9,488,8 0
85,1236,1875,25,1915,25,98,161,78,89,30,4,81,341,9,2013,696,8,4,8990 5,19
254,620,1016,4,185,17,159,2,19,8996,461,599,3922,127,1101,118,353,1122,409,1016,4,383,12,1118,7,409,1016,151,205,2304,12,4326,9,2315,17,13759,8,837,3412,5236,10,58,4725,9,119,837,74,444,8,5,648,285,26758,5,31,537,1996,13,162,2162,32,1242,645,84,519,55,332,2,63,4097,4042,2,3089,24,306,150,167,2,519,55,573,932,17,170,271,4274,2545 10,13
648,50,63,1115,13,58,4725,12,1615 0
1111,12,7526,13,10088,77,4,177,13,29,74,837,191,2416,161,2128,9,1165,8,7624,22,25,1595,138,165,172,1721,1722,9,1721,1722,172,8,474,22,25,33,186,3929,823,1252,25,33,249,2074,397,204,22,25,59,351,787,284,22,25,33,459,2649,1581,1062,347,9,3644,8,109,2023,25,33,636,1875,767,594,22,25,59,843,184,130,22,25,33,1038,1889,7859,22,25,1595,1065,7912,109,22,25,59,1552,8996,83,22,25,33,1718,1151,35,347,25,33,1913,1116,105,22,25,33,2257,6662,6663,1143,1800,25,33,138,613,2407,3940,9,2084,1555,8,51,347,25,59,2466,635,368,22,25,33,137,4,14946,8998,36,1566,4,435,128,30,4,603,39,1122,12,859,4948 19,18,29,15
477,39,592,332 0
179,30,4,295,13,503,12,11613 0
3032,53,214,2054 0
319,433,1013,26759,8226,27,140,5,113,31,273,26760,14,1216,8634,5,8634,17,170,10,55,27,140,36,24,503,14,460,15,8634,95,5271,17,170 0
158,1055,36,2222,10032,146 38
11,430 0
163,7,213,4,355,66,98,109,213 0
93,122,520,359,4,276,26761,2,492,546,2,111,26762,2,574,723,2,3247,1993,41,19,628,224,893,4,2024,5474,2,48,5941,5,2490,3502,24,414 14
202,4,1623,2,2417,2,966,90,13,610,682,1657,1405,48,13,1414,1720 0
181,4,11,690,2,11,10014 0
817,1791,19,168,71,837,416,14,65,905,5153,162,112,4,330,2,773,10,1021,920,6632,4,11,782,815,2384,44,4,1398,118,4,418,2,43,2673,10923,2,11,3458,187,4,133,2,375,2,1774,2,43,300,302 0
217,4,619,2,11,1505,323,4,5474,2,5941,2,2889,192,217 0
1394,426,4,5141,649,3116,2,524,3099,9,54,8,2,824,2344,2,689,5469,9,72,8,2,379,788,2,804,8940,2,1578,75,695,28,284,206,35,208,2,770,3785,9,72,8,5141,1498,903,5141,1178,2487,9,54,8,2,22,1624,2,935,1303,2,1712,1435,2,1437,3297,2,1434,2200,2,1830,26763,3100,1390,2,2496,2114,5141,1465,1143,2,1438,1408,2,1497,1080,2,935,1303,2,1712,26764,5229,26765,206,35,208,7691,26766,1049,7691,1227,26767,2,1804,75,695,28,10801,9,72,8,7691,1005,26768,206,35,208,7691,1098,1049,2,5881,1049,5141,298,4383,2,615,9511,9,54,8,2,458,4883,9,54,8,2,266,7027,9,54,8,2,530,1767,2,665,5315,2,698,4706,2,443,2077,9,54,8,5141,666,26769,1081,1192,2,41,1753,2163,2,41,897,2277,2,41,1637,183,2,41,732,51,2,41,1675,26770,64,3013,2,1046,1267,5141,2456,1676,2,3251,90,2,2194,66,2,2676,66,2,2443,66,2,5448,4412,206,35,208,2,2136,66,2,1679,26771,2677,66,2,3034,66,2,2195,66,2,1793,66,7691,7113,26772,2,7669,8238,2,8096,4356,2,3457,1049,1554,5141,26773,5564,10978,414,26774,46,26775,724,5141,26776,5564,10978,414,44,51,26777,46,26778,678,73,1316,4,26779,444,139,4,8558,4,44,51,4415,320,4,11,160,7,796,26,305,79 0
147,4,145,546,2 0
399,13,5222,2,43,1000,2,52,1000,2,7340,26780,3578,4,12,1246,2,287,5140,14,63,26781,14944,345,13,15,30,7,1122,2,409,1016,2,421,104,279,13,3539,834,3569,27,140 0
24,128,53,773,10,126,5271,17,170 0
46,1122,1067,3569,4,1225,563,1607,7,24,1122,32,57,32,486,9,124,972,139,228,2,314,672,1954,2,5,280,668,1196,8 0
281,2,6176,65,4434,5,1286,124,12,6,189 0
1227,2,1804,53,918 0
1825,1075,482,106,149,1113,48,2081,10,55,1489,7,972,139,142,5,68,14,11,160,7,63,2890,1460,9,1311,5,464,66,2,11,3904,8,281 0
36,205,1319,548,36,4434,3669,25,59,138,9,838,17,5499,8,36,539,26782,470,36,64,470,151,268,1040,36,126,7912,36,2552,1889,17,110,46,116,4,14400,1875,13,556,626,291,5,40,2399 13,19
126,184 15
176,301,10,881,219,77,434,6176,108,111,589,10,4096 0
126,211 18
46,421,4,126,235 0
46,254,28,126,635,46,613,4,14006,140,322,4,2074,2,2084,2,3463,138,46,685,4,126,1116,46,1227,26783,4,126,1227,2,542,14,918 10,29
46,409,1016,4,166,10,55,734,19,356,464 0
440,5,128,50,5244,10,31,3105,241,545,1243 0
46,620,1016,4,126,8996,2,1005,14,918 0
46,34,4,126,1165,138,46,2009,4,252,2236,2,252,367,333 0
126,1255,2,2649,46,1210,4,339,4,126,1116,28,877,4,2537,28,300,4,140,322,46,642,4,548,959,46,715,139,4,10977,119,1979,13,837,75,695,28,546,1902,2251,19,64,26784,7517,13169,2,6491,2,586,13,75,695,28,196,41,95,4154,10,29,2,2423,2,5,24,837,9,3412,5140,8,173,114,5,2353 0
4156,2911,6712,195,9,26785,26786,8,1159,183,2,378,325 0
