69,49,4,26668,6637,1228,7,38,99,14,6,5564,303,1315 0
1908,1557 0
192,5868,454,6638,12,4459 0
4181,14933,1870,144,303,441,69,36,2545,1045,4459,99,139,4,681,29,4,5140,2,10971,485,4,10972,2321,4,26669,3716,4,661,4729,315,4,10973,26670,221,189,2591,99,141,99,95,29,201,26671,858,391,3430,916,1067,127,234,1645,1661,661,650,299,116,2,8499,2,450,149,1122,1530,228,12,972,139 13
119,64 0
837,16,20,773,10,10114,24,503,5,3067,10,433,286,7,6,1477,2,16,20,3377,48,1095,26672,2,656,2731,17,173,35,492 0
88,87,4133,2,11,1652,2,11,26673,2,11,988,572,2,11,26674,2953,2,11,26675,1839,7,217 0
26676,78,89,30,4,125,234,56 0
128,30,4091 0
179,30,4,1095,1055,706,109,1661,1146,1573,499,2050,9,36,8,825,121,1313 38
9,36,8,713 0
9,36,8,508 0
9,36,8,469 0
3413,9,36,8,868 0
9,36,8,862,142 0
5482,11,7690,584 0
2856,9,36,8,255,7,194 0
9,36,8,1106 0
9,36,8,366,19,639 0
9,36,8,250 0
562,9,36,8,386,388 0
5518,9,36,8,402 0
9,36,8,435 0
8612,11,7690,584 0
8425,11,7690,584 0
181,11,7690,584 0
323,9,36,8,2793 0
9,36,8,394 0
1353,1122,37,1220,1611,35,200,146 0
14644,11,7690,584 0
2870,8499 0
499,5,8608,32,166,256,5,12,6,189,69,17,38,5917 0
192,150,213,355,66 0
385,2050,29,14,1040 0
29,14,413 0
29,14,646,1094 0
29,14,31,7540 0
3413,43,7009,26677 0
1237,53,1025,5,1221,10,688 0
2285,2395,53,175 0
2354,53,822 0
2918,2278,175 0
5077,1405,53,1130 0
1559,14,1052 0
112,112,14,330 0
275,502,7,721,14,156 0
112,14,1095,1189 0
293,229,53,1849 0
2856,6,226,53,90,10,452,193 0
1056,53,31,156 0
562,43,118,302,53,156 0
118,14,135,145,5,212 0
11,417,14,156 0
4436,187,14,375,5,1774 0
187,14,133 0
300,302,53,156 0
3934,5653,4278,277,14,156 0
1031,29,21,43,502,7,721 0
29,21,43,976,2780,5,1419 0
68,14,11,2781 0
68,14,11,976,3179 0
181,181,14,175 0
68,14,11,484 0
68,53,11,571 0
899,11,900,2953 0
29,14,413,5,646,98,186,1478,2467,1011,14,175 0
731,590,1011,14,175 0
1734,29,14,1095,26678 0
29,14,31,2071 0
26679,29,113,31,50,780 0
1011,457,147,147,56,354,7861,26680,810,3903,392,205,4,148 0
464,148,89,1941,26681,1645,1661,661,650,299,12,234,1530,972,139,228,5,251,111 14
114,4,707,111,5232,1649,707,972,139 0
38,99,21,61,809,681,42,8590,5001,2,1162,10973,26682,221,979,1783,3581,12,6,189,99,563,4,5949,5429,9,62,8,8590,5001,2,1162,240,99,240,195,586,47,50,755,6,29,5,285,13,6,1436,5521,6,29,74,203,5,1061,13,6,114 0
64,39,656,7,26683,2393,9,275,4581,2,2612,355,5,20,382,10,60,15,974,10,7101,423,2,21,39,1084,297,8,5,38,26684 0
12,189,2,26685,5,86,864 0
278,2,166,111,251 14
73,43 0
114,4,2591,6864,2,2543,111,2,5,50,29,356,4858,17,887,10,6045,84,14,31,1216,100,428 0
38,99,21,61,809,681,42,1707,14934,2,195,10973,26686,221,979,1783,3581,12,6,189,99,563,4,5949,5429,9,62,8,1707,14934,2,195 0
