69,49,4,26820,8999,2,5089,10979,26821,5245,710,3825,2,96 0
26822,26823,13692,10980,608,2,4075,14948,6758,2,4188,6759,828,58,3825,4,92,39,6,1068,7,930,38,29,80,12,961,7,24,753,7,26824 39
16,14,448,791,57 0
68,53,11,939,849,7,366,26,44,422 0
16,14,290,24,77,86,167,5,88,508,2,250,2,484,26,435 0
16,6006,260,24,67,1927,27,140,53,32,344,32,10888,12,6,465,653,7604,10,6,2077,653,12,6,9999 14
24,231,77,53,869,5,563,4466,1951,22,1004,2,517,462,22,82,2,2848,35,2915,1004,2,172,370,22,82,2,2381,2308,590,153,45,866,150,107,2,442,5,632,495,153,45,1004,2,2798,5713,4112,22,4993 18,20
5,1725,14953,2,857,131,105,190,27,1244,2,1042,2672,447,22,1004,2,2745,82,2,960,204,22,2763,2,1523,131,4661,2,2596,14954,83,1496,8894,2,1116,130,22,82,2,5404,6387,22,82,2,632,775,447,22,1004,2,5,632,1883,1639,22,1190 25
19,73,2,16,1423,1560 0
24,67,94,14,26825,962,2,14819,19,540 14
24,118,145,14,7179,16,5788,8736,643 0
24,392,5,112,122,14,483 0
24,580,1927,53,553,271,481,601,7,1618 0
6,226,53,90 0
6,91,73,821,15,2851,212,13,11,1371,2,417,26,1422 0
6,187,14,483 0
24,3368,545,4192,53,57,2182 0
24,217,53,619,86,79 0
26826,14,686,17,399,1257,27,2621,2351,119,1409,2,106,1535,518,142 0
16,543,70,118,561,5,911,80 0
24,70,777,94,20,351,24,4269,94,20,3117,24,1868,1927,129,26827,13,15,3979,7,5546,6,911,457,53,548,27,6,95,7,38,5156 0
12,1246,2,6,29,14,448,57,110,1036,236,117,91,3028 0
92,40,55,2505,142,10,24,9493,322,32,597,42,6,457,7,24,67,500,5,911 0
84,14,214,26828,10,125,1550,57,16,14,448 0
92,40,55,1769,10,7822,329,19,15,135,1988 0
1027,2,526,4718,1654,14207,2,96 0
813,26829,7958,384,4,10981,9000,96 0
8628,6695,14949,7041,144,102,6760,1142,6758,2,4188,6759,800,4,10985,827,4,10985,818,4,10985 0
