69,49,4,26857,26858,2,26859,2,10988,38,29,20,201,13,427,2,58,26860 39
427,74,99,20,177 0
6,29,20,201,5,755,42,260,2,5,47,1736,6,427,74,584 0
30,7,156,360,4,12,2001,2,38,14,15,7632,762,104,279,13,51,123,7,469,2,596,2,713,2,5,264,668,1277 39
16,21,11,150,849,26,627,115 0
361,163,427,74,99,17,275,885,7,78,89,30,2,179,30,2,163,7,213,2,77,2,5,137 0
93,122,4,47,1736,6,93,73,14,32,1283 0
6,29,14,1040,2,413,2,12,149,10,634,372,326,2,1417,13,15,372,145,27,2372,2,5187,166,27,1580,41,19,674,662,2,870,14,2197,9262,2,296,14,2363,2,67,94,14,26861,2,5,5187,1493,100,4374,10,1993,41,19,183,3128,5,204,41,19,8933,14653 14
112,14,330 0
1657,1405,53,682 0
226,1892,610,476,194,302,27,6,1912,28,278,2,68,53,451,942,166,12,6,52,197,1562 0
118,14,2851,48,135 0
6,3533,7,6,73,14,483 0
489,467,4,769,830,14,166,27,9840,5,835,26862,38,14,2340,10,6,29,74,450 39
379,5,331,1324,5,4724,2,4724,14,791,251,17,38,29 39
278,2,16,21,61,1121,17,134,494,7,132,353,42,6,6746,659 0
3694,14,1250,5,633,14,26863,1728,821,106,67,5,975,2,355,31,1905,7,63,566 0
147,14,2851,13,52,719,1520,12,15,5210,1923 0
44,810,482,1006,26864,4237,193,13,225,1079,2117,2,451,26865,569,7487,2,5,760,12,6,226,26866 0
303,441,408,4,6,29,20,4946,13,3390,5,2927,17,24,2249,796 0
16,85,431,3030,4134,17,9250,2864,32,57,32,15,2741,1914,5,235,2,192,17,24,421 28
642,4,6,29,20,265,10,6,144 0
232,31,177,42,240,312,232,2494,4,796,2,421,2,5,132,353 0
526,9490,2,10988,495,4,14961,276,4,14961,597,42,4,9490,2,10988,813,26867,1852 0
