69,49,4,26919,132,753,605,99,26920,1489,7,1136,4,1336,2,116,49,7,38,1018,753,4,26921,28,26922,65,26923,28,5157,14962,5,14963,28,10989,7605,384,4,251,331,234,4,287,5774,14,15,1332,1576,661,216,1136,915,120,103,10994,9001,2154,3953,593,496 39,5,13
64 0
39,15,132,2977,19,26924,1126,8717,2,11,180,2743 0
278,2,331,21,2225,10,1111,944,51,74,1170,522,17,1427,5,2559 0
68,21,61,106,1970,7,560,2577,937,2,32,16,2334,26925,24,257 0
24,8049,542,21,61,10995,32,15,380,1228,17,24,5355,1037 0
287,5774,14,537,265,17,132,753,911,10,1364,180,2743 0
231,5776,4,4349,9002,59,2,14964,4378,22,291,150,257,4,5404,26926,1980,2,2381,2448,35,1980,2,2798,1087,4643,33,2,2307,768,291,2,26927,778,59,2,7347,26928,33,2,742,446,33,2,2220,14796,33,2,131,486,10461,59,5,1523,26929,3083,1275,2,888,33 25,20
1545,4,1136,915,120,5,116,98,14966,199,389,2564,158,10,753 5,13
11,981,2,178,2,336,527 0
14967,1981,4,176,2502,14968,4,2254,2599,318,10990,1037,6291,14969,36,3007,8344,12,3775,2,3226,4475,1666,958,2491,2897,3203,157,1613,832,955,2,2502,3203,3479,832,955,2,2276,26930,148,10996,73,4,26931,3349,2,3485,2,661,2,436,26932,1742,2,570,2,4175,2,11,269,2,26933,3586,418,2,4844,1268,26934,1097,2,11,1106,2,11,1223,8035,5756,2,2749,5347,11,386,79,5766,15,75,985,98,102,80,74,258,4,315,649,524,824,689,5570,2811,9,220,8,3146,9,220,8,1080,1537,2861,2077,9,220,8,3777,738,2114,315,379,804,1578,770,5570,2593,9,220,8,2487,9,220,8,2298,206,35,208,4079,9,220,46,8,2861,3709,9,220,8,2702,9,220,8,1537,206,51,208,8971,9,220,8,315,1498,5570,183,2861,259,315,335,1178,935,1437,5570,3543,2861,2618,2702,1659,2985,315,1434,1830,3249,2861,2034,3168,5515,315,1465,1438,1497,935,2861,579,934,6533,9,220,8,1659,315,3249,2861,5515,315,298,615,458,266,5570,26935,26936,9,220,8,4033,9,220,8,4398,9,220,8,2861,26937,8836,9,220,8,7865,9,220,8,7214,9,220,8,315,530,665,698,443,5570,14804,12573,14227,10302,2861,26938,7747,7308,9,220,8,12786,315,666,5570,4243,2861,4219,315,41,4732,41,4733,41,5113,41,5114,2861,26939,14978,9,220,8,2687,2644,315,41,5115,2861,684,315,5116,6013,6014,6015,2861,26940,26941,6964,4812,315,6016,2861,3555,315,64,1046,1069,5570,3846,1267,6913,315,2456,2194,2676,2443,2861,1676,206,102,208,148,148,148,315,2747,2136,1679,2677,2861,4336,148,2080,148,315,3034,2195,1793,5311,2861,148,148,2178,9,220,8,148,315,14802,4060,3370,3230,2861,148,515,35,83,9,220,8,315,3511,3683,10936,2861,148,2178,148,315,14803,2861,148,315,6066,2861,4069,9,775,8,206,183,208,833,4,287,5774,14,15,1332,1576,661,216,1136,915,120,103,10994,9001,2154,3953,593,496 5
16,40,55,265,10,6,378,325,1400,240,5150,9003,2,96 0
17,132,753,911 0
161,132,36,610,4350,593,496,2,26942,239,10,15,3396,7,1413,2006,264,3939,10,8049,2006,180,2743 0
114,17,132,753,2977,38,2556,108,380,2,108,31,380,40,273,523,5190,12,6,221 0
165,26943,679 0
231,322,17,110,2,548,132,2977,186,11803,57,425,2,278,209,855,2798,5,2307,124,132,776 20
209,247,4414,1915,291 19
249,13971,11,1446,2,2031,66,351,26944,266,185,2,1060,1267,2,40,1729,664,311,5,838,17,911 0
459,9500,801,11804,2,3699,2,3249,2,5209,2,1370,2,4349,542,509 0
10599,26945,3173,14952,2,5357,1318,46,26946,29,201,5,755,13,132,1868,47,1061,13,6,163,7,29,167,2,30,2,560,2,93,122,2,242,5,114,32,3119,12,6,1868,99,256 0
961,308,101,3355,13,29 0
1533,20,285,13,29,2,132,753,1436,2,5,14810 0
5150,3173,9003,2,96 0
