69,49,4,26948,378,325,1124,10997,1870,144,825,167,424,927,4596 39
10322,1291,124,12,7353,3646,15,3671,26,752 0
81,341,67,728,50,61,214,199 5
401,80,2,84,14,14138,18,3558,13,14980,104,285,11503,173,23,81 0
18,514,84,214,2978 0
333,709,5034 0
8084,3087,660 0
127,67,94,573,504,2,4947,117,734,23,77 13
38,14,15,1560,1051 0
151,14980,1453,2,23,67,94,20,85,8225,419,27,37,101,2,9255 0
460,23,2891,23,2236,5,85,23,848,12,23,333 0
529,77,607,521,25,51,1366,59,310,3042,447,22,25,59,184,105,22,25,33,230,683,25,33,2341,370,22,25,33,1010,244,22,25,33,737,521,25,33,93,122,67,94,4947,121,6025,643,44,226,53,90,694,483,2174,90,642,808,14,10,125,260,12,6,1111 19,18,15,26,30,20,21
99,2495,42,1777,659,3005,1984,176,55,156 0
681,809,42,6761,661,4442,19,4942,788,2,1740 0
