69,49,4,26947,378,325,1124,10997,1870,144,825,167,81,341,67,728,50,61,199,27,140 39,5
654,374,74,50,61,199 0
92,53,6614,37,428 0
127,67,94,14,3866,80,2,14979 13
92,40,301,10,207,38,1831 0
23,633,21,61,100,15,1114,2328 0
92,40,301,10,228,1013,23,77,10,125,108,6,737,37,92,1730,23,19,264,23,633 20
424,927,18,589,10,4886,3671,5,1320 0
6,29,74,3087,27,6,52,386,21,61,1983,5,14,57,2182,27,38,95 0
93,122,67,94,14979,121,5310,643,112,620,73,14,483,799,11,780,44,226,53,90,13,11,856,2,1056,2,26,1223,694,11,387,2,711,2,26,766 0
625,13,43,3560,86,229,2174,90,642,808,14,10,125,260,1209,12,6,2470 0
81,203,14,4596 0
18,21,23,1176,1453,5,744,453,1831 0
92,40,1209,1022,13,23,87,241,961,173,6,81,13,1546 0
99,2495,42,1777,659,3005,1984,176,55,156 0
681,809,42,6761,4442,19,4855,614,2,1740 0
