69,49,4,26961,378,325,1124,10997,1870,144,581,17,101,356,344,67,848,825,167,81,341,64,401,13,11,849,820,848,411,344 39,5
18,20,201,51,123,146,2,17,314,1427,5,10499,20,148 0
18,21,61,290,2381 0
18,14,100,27,420,9827,4426,2,88,508,2,339,864,2,250,2,484,2,757,34 0
18,14,290,23,257 0
567,12,13,23 0
529,77,2381,4598,26962,25,59,98,481,123,2341,370,22,25,82,2311,1345,1017,25,59,739,2419,77,873,153,1014,6166,4922,787,390,25,82,1372,491,25,59,60,9215,297,15,1794,184,130,22,25,82,5626,491,25,506,60,13,1341,556,768,2,102,1366,25,59,737,491,25,82,14982,51,22,297,1158,1794,632,495,823,190,25,82,93,73,67,94,26963,296,1743,121,5440,80,2,5495,643,622,67,358,2683,26964,27,4987,117,1253,622,651,1304,204,41,224,893,57,533,2,57,2265,2,11,180,326 14,19,18,29,15,30,20
181,619,5,682 0
11,690,202,314,2403,10,1176,799,11,815,780,44,226,53,90,694,483,187,375,86,342,3465,3466,11,798,277,242,5,114,15,251,848,314,566,314,1228,289,1022,13,58,26965,10,1087,17,991,500,100 0
1087,26966,5,64,26967,10,1087,75,695,28,5373,14984,2,1162,681,809,42,5373,14984,2,1162,1655,139,4,678 0
