69,49,4,27152,378,325,775,141,99,29,4,7693,5571,485,4,7694,605,49,4,27153,240,4,12224,27154,9,4832,8,440,4,5747,6088,715,139,4,275,9,119,948,8,5739,4,29,2,567,2,948,384,4,1467,250,234,4,552,5571,14,15,1258,2360,2334,1888,407,13,27155,9,585,1365,1749,41,8,2,670,19,7541,140,651,5,188,1900,9,281,109,22,517,8,2,2455,19,3155,2,2944,2,5,188,34,19,188,2879,2,104,279,13,1467,250,1877,7,3061,1309,117,288,537,480,17,1551 0
1975,10,6,29,2,18,52,6,144,2,1500,6,408,7,15031,5,2927,19,27156,2,5,986,10,977,1073,2,13,15,188,27157,250,37,20,1877,7,3175,3061,1309 0
11,508,2,469,2,1112,2,2297,2,26,270 0
922,2,18,533,834,34,2,1540,12,23,6138,2,2460,2563,6,794,2991,28,18,1660,6,34,14,932,13,1129,48,113,31,27158,13,7159,26,250 0
18,14,773,10,2894,2,32,18,416,18,113,27,450,13,15,2846 0
38,14,23,27159,144,5,27160,189,101,10,665,12,6,78,200,9,68,53,1276,12,6,948,7,1986,2422,32,57,8 0
19,5520,18,14,6750,995,23,12150,2,4515,37,18,75,46,2838,28,4850,393,2539,75,46,2667,28,10,1682,286,7,6,144,2,75,46,2838,28,48,1127,221,47,6428,10,273,151,47,221,2300,314,75,46,2667,28,189,408,4,12,6,189,2,15,464,227,15,5041,4342,2557,1905,7,796 0
18,431,4378,22,2139,2,35,2915,2198,2,2483,4246,2,5,1640,17,34,338 0
499,19,5520,2,18,6116,316,6603,34,5,168,5,700,34,37,18,687,14,188,65,23,1076,238 0
18,85,1351,7,6,188,250,1802,256 0
11,455,2,270,2,807,2,9319,2,4631 0
3828,30,36,1551,4,288,874,19,27161,117,537,971,13,1551,710,18,20,480,13,6393,2,15031,2,5,2927,17,83,123 0
36,1076,238,5,188,168,34,2,19,1488,2879,27,140 0
1888,12,1091,17,1781,75,46,27162,28,27163,1556,542,7,203,28,3864,6245,10,55,576,10,2879,10912 0
36,670,4,19,27164,140,651,13,5683,27165,3059 0
3793,9,7108,8,4,4985,3010,41,6087,2,10822,1211,41,6087,2,6376,934,41,6087,2,11,182,10638,1338,36,27166,4,1194,27167,585,1749,41,2,11,3720,2,27168,2,773,10,5259,3211,36,2455,19,140,3155,36,27169,565,13,27170,740,36,5142,4,8231,103,5816,5048,4269,1466,9,11010,8,36,844,15019,305,1064,42,205,15032,5,15033,2,537,453,42,58,5076,36,7119,4,15032,103,522,13,493,71,20,2191,19,15033,141,239,10,1111,328,1446 33
2877,27,37,95,27171,36,116,36,1336,19,131,36,7311,36,438,36,2187,174,216,2465,103,5813,36,1356,36,6610,9012,36,6010,461,128,30,2350,10,38,141 5,13,25
179,30,224,75,46,410,28,295,13,943,5,2841,671,75,46,410,28,1109,10,1374,11004,9013,2,706,579,159,146,430,75,46,410,28,152,6703,75,46,410,28,152,137,4,3497,9,484,8,4111,9,484,8,1116,9,380,180,1874,5312,8,77,19,141,161,896,547,9,172,8,474,22,25,33,165,910,1361,3273,51,2411,1206,1834,138,1106,186,1133,109,22,25,33,249,2765,2201,22,25,59,351,4742,9,3149,8,2784,22,25,33,459,2267,767,9,2091,8,130,22,25,33,636,2549,7516,5510,9,2030,4472,5510,8,35,5533,1206,59,843,787,9,235,8,368,22,25,59,1038,131,3947,1397,3192,9,1523,1397,27172,8,130,190,405,1065,2649,1581,1062,347,105,2023,25,33,1552,7388,35,2072,965,59,1718,1594,397,9,3452,8,3702,1252,25,33,58,27173,13414,17,58,5747,6088,1913,4542,83,41,2135,35,2135,8133,33,2257,184,758,22,25,33,2407,4645,109,22,25,33,2466,310,1380,1062,447,22,25,33,3117,5505,758,22,25,32,575,361,60,2022,63,1719,297,465,235,262,793,15,223,2,19,4730,5,3640,3992,556,2461,1380,1062,9,771,677,8,244,22,25,33,5377,1640,425,1062,154,22,25,2137,138,168,34,3171,2596,2606,35,2072,965,59,7237,1934,83,22,25,2137,138,34,6733,27174,767,9,27175,8,204,22,25,291,361,60,117,1275,7460,517,109,22,25,33,6439,3826,9,2988,8,196,22,25,291,7306,3940,9,2084,1555,8,51,347,25,59,138,613,6997,635,109,22,25,506,60,153,25,82,8203,6763,564,1252,1206,33,6863,2937,244,22,25,283,138,2039,93,73,973,4,276,4,6344,289,4,2693,111,4,27176,574,4,1200,5130,4,738,41,7541,1742,759,75,46,898,28,54,4,463,2,6750,407,10345,919,12,886,202,4,570,2,725 24,25,19,38,18,29,15,26,20
112,4,330 0
519,31,3811,7004 0
11,780 0
118,4,418 0
11,1058 0
409,4,73,851,42,565,9,519,31,4821,100,17,275,806,73,8,2,48,47,519,31,3811,87,856,26,942 0
340,4,463,2,133,2,978 0
300,302,156 0
516,4,142,1126,580,1570,28,617,225,754,79 0
258,4,357,397,2185,9,1298,8,294,357,633,2057,9,1259,8,294,357,749,1653,54,9,1299,8,294,357,1688,1689,11894,72,9,1420,8,294,357,1498,2653,903,9,4294,8,294,442,4334,9,1482,8,169,1531,2917,9,1727,8,169,1042,2500,9,1690,8,1421,357,1873,2083,2141,72,9,1300,8,169,357,331,7042,9,4099,8,169,1578,2163,3535,357,358,3215,72,9,1354,8,169,488,975,4375,9,2588,8,550,1370,2034,9,2513,8,550,1937,1747,9,27177,8,550,2152,1123,1517,9,2514,8,169,488,1123,684,9,3031,8,169,1813,1850,1580,9,3530,8,612,2447,1163,9,3705,8,612,5610,2017,9,15034,8,9667,2373,462,9,4151,8,612,2309,105,9,27178,8,612,298,3994,72,9,1260,8,398,266,5541,54,9,2484,8,41,458,7865,54,9,2626,8,1399,615,15035,9,2795,8,1779,443,10910,9,4353,8,1301,530,368,9,1340,8,1141,665,8804,9,1448,8,1561,698,5634,9,1449,8,550,666,9780,72,9,1383,8,41,1307,1081,1192,1658,1470,72,9,1698,8,41,1102,614,54,9,1780,8,41,1145,259,9,1699,8,41,732,35,9,1857,8,41,1193,515,9,1816,8,41,3135,4,67,1314,5,389,1314,65,189,19,8821,548,11,372,3700,718 0
1554,4,464,9,8821,8,4,5041,4342,2557 0
242,75,1179,28,114,1258,2360,3263,463,407,13,1336,2,2455,2,670,19,7541,140,651,2,2455,2,288,480,17,1551,15,2,279,13,1467,250,1877,7,3061,1309,5,6603,34 5
46,8,1877,250,4,21,3904,5,27179,1540,19,891,464 0
12,6,2615,7,150,115,9,280,651,4331,2,270,2,3184,44,34,2,3747,8,2,15,494,7,796,14,1169,10,1029 0
278,2,18,14,19,188,1900,5,2879,27,450,5,176,31,6304,15,3596,1972,1338 0
36,126,9973,2807,321,12,189,9,27180,8,17,4028,123,36,372,1314,1817,46,8,306,27181,4,32,256,2,18,21,61,265,27,5513,511,12,6,78,200,1053,10,665,1310 0
15,7469,5832,114,17,1287,583,14,3922 0
36,539,1673,203,27182,470,38,141,46,8,3772,4,2537,3684,28,27183,28,5847,2314,9,124,188,2414,245,8,46,8,6490,4,135,333 0
3018,27184,27185,2,195,2,2045,2,3546,2,705,4,27186 0
