69,49,4,27038,6637,1228,7,38,99,14,6,665,303,1315 0
1908,1557 0
192,5868,454,6638,12,4459 0
4181,1695,1870,14991,441,69,224,99,75,906,75,906,75,906,75,906,75,906,75,906,75,906,75,906,4459,99,139,4,681,29,4,5571,2,7693,75,906,75,906,485,4,7694,2321,4,14992,3716,4,600,4729,315,4,27039,14515,224,189,99,99,139,4,681,189,5519,49,95,4,27040,11630,38,99,21,61,809,681,42,9009,15003,2,4756,15004,15005,979,1783,3581,12,6,189,99,563,4,9009,15003,2,4756,206,2388,208,5985,9928,2,195,206,2316,208,14994,4411,2,195,206,2387,208,315,7,15006,13467,206,2316,208,858,391,4,270,206,2316,208,30,7,156,360,4,27041,600,1844,19,3210,1742,651,2,1305,270,37,321,97,420,2,419,80,110,932 0
1339,6696 0
11,508,26,250 0
216,670 0
1224,13,385,12,1589,2,652,10,493,8941 0
21,61,290,192,7,23,257 0
206,2316,208,5997,4,670,2,116,2,120,2,789,2,421,585,1569,41,2,409,335,103,2000,27042,2,385,206,2316,208,257,4,2128,9,1165,8,7624,22,25,1834,2530,2549,11002,5532,9,2030,4472,5532,8,35,2411,1206,59,2530,910,2483,758,22,3183,1595,2530,1133,109,22,25,33,2530,896,547,9,172,8,474,22,25,33,2530,15007,9,15008,15009,8,204,22,25,291,2530,5920,812,9,4122,812,8,109,22,2504,33,2530,442,7683,9,3258,7684,6254,8,51,347,25,291,2530,2765,2201,22,9,2479,45,60,684,8,25,59,138,914,98,365,123,7696,15010,15010,9010,493,9,1855,397,8,758,22,9,1974,45,60,35,8,25,506,98,365,123,7696,4742,9,3149,8,9,3149,8,2784,22,25,33,2530,2311,1345,370,22,9,370,9,1211,8,22,45,60,35,8,25,59,98,365,123,7696,2549,850,1512,51,1512,2482,33,2530,2480,1296,22,9,1953,595,60,35,8,25,291,98,154,123,27043,140,1161,140,1161,9010,1895,1481,22,25,1834,2530,131,1397,1629,11003,405,509,297,1253,7695,131,1397,1629,130,190,405,9005,131,3947,1397,2372,190,405,506,297,2101,11007,131,3947,1397,1516,190,405,509,297,1253,11007,3744,2483,2201,22,3183,1595,2530,2649,1581,1062,347,105,2023,9,3832,45,5979,60,51,8,25,33,27044,787,9,235,8,368,22,25,33,2530,131,9007,105,190,405,33,11007,4657,1481,22,25,59,2530,184,130,22,25,33,2530,4645,109,22,9,491,45,60,35,8,25,33,14998,310,447,22,25,59,297,1253,5,297,2101,2530,1151,35,347,25,33,2530,2483,2483,9010,2596,2606,35,2072,9,27045,2606,1990,8,965,59,7696,1116,130,22,25,33,2530,1292,83,5007,22,9,1934,83,5008,370,22,8,11008,45,60,35,25,873,138,406,34,27046,517,130,22,25,33,2530,910,1361,9,910,4715,8,51,5533,1206,873,2530,1342,9,3417,8,130,22,9,446,45,608,60,35,8,25,33,14999,2091,9,2267,767,8,130,22,9,390,45,60,51,8,25,33,98,365,123,7696,296,15011,296,15011,9010,6476,244,22,25,283,2530,3940,9,2084,1555,8,51,347,25,59,2530,635,109,22,25,506,2530,6763,564,1252,1206,33,2530,556,2461,1380,1062,9,771,677,8,204,22,25,59,2530,3149,9,4742,9,3149,8,8,2784,22,9,10913,45,60,35,8,25,33,5572,206,2316,208,1146,4,3497,9,484,8,4111,9,484,8,206,2316,208,128,299,4,128,30,4091 24,5,25,19,13,18,29,15,10,26,20
206,2316,208,179,299,4,29,113,31,1374 37
29,113,31,245,554 0
29,113,31,245,840 0
206,2316,208,163,7,213,4,2856,4,125,234 0
562,4,125,234 0
2050,4,11,182,584 0
3413,4,11,182,584 0
5482,4,11,182,584 0
5518,4,11,182,584 0
181,4,11,182,584 0
323,4,11,182,584 0
1353,4,11,182,584 0
206,2316,208,224,4,125,234 0
2050,4,125,234 0
3413,4,11,182,584 0
5482,4,11,182,584 0
2856,4,125,234 0
562,4,11,182,584 0
5518,4,11,182,584 0
8612,4,11,182,584 0
10367,4,125,234 0
181,4,11,182,584 0
323,4,11,182,584 0
1353,4,11,182,584 0
206,2388,208,93,73,4,973,4,276,4,5901,206,2316,208,289,4,365,206,2316,208,111,4,27047,206,2316,208,2706,4,980,6696,206,2316,208,224,4,29,14,1040,5,413 13
29,14,646,1094 0
29,14,4562,1019 0
12,15,2755 0
206,2316,208,3413,4,6,392,14,1186,5,1125 0
6,1237,53,1025,4283,5,1221,10,688 0
206,2316,208,2918,4,29,74,2278,14,175 0
6,1657,1405,53,1130 0
206,2316,208,2856,4,6,226,53,90,10,452,193 0
68,53,11,1056 0
2629 0
206,2316,208,562,4,6,118,302,50,15,43,2673 0
6,118,14,135,145,5,212 0
68,53,11,387 0
206,2316,208,4436,4,6,187,14,375,5,1774 0
187,14,133 0
3263,463 0
206,2316,208,1031,4,6,29,21,15,43,502,7,721,17,192,7269,5,2086 0
1572,261,188,2439,79 0
206,2316,208,181,4,6,29,74,181,14,175 0
68,53,11,690 0
206,2316,208,899,4,6,1030,73,1035,11,900,1479 0
206,2316,208,1734,4,6,29,14,3079 0
6,29,88,3598,4066 0
206,2316,208,215,457,4,282,457,4,289,206,2316,208,689,9668,2,1827,14530,2,266,10764,2,1060,2987,206,2388,208,147,4,43,399,212,1572,10789,11,180,958,142 0
206,2316,208,1554,4,464,4,289,206,2316,208,464,4,252,409,4520 0
149,79,319,31,55,6853 0
11,160,7,796 0
206,2388,208,1564,4,1564,4,746,5,2239,2517,2,2925,2989,1156 0
2741,730,947,5450,4330,5,2741,3654,12594,117,5874,2318,667,6,876 0
206,2388,208,6406,4,6406,2604,4,32,7,15004,15005,11,470,1908,20,1509 0
206,2388,208,1225,494,5,114,4,1225,11005,4,270,7,884,1187 0
40,1815,670,2896,2,1364,3678 0
4711,519,563,844,385,2,2638,150,1224,268,218,2,97,1060,6812,3084,2,27048,910,2,517,284,2,368,235,2,2741 0
206,2316,208,189,11006,4,64 0
504,5796,13,2483,522,5,1060,27049,393,40,31,2949,385,3516,206,2387,208,15001,240,15002,2105,315,7,15006,2529,206,2388,208,30,7,156,360,4,234,4,64,14,15012,600,13,15,30,7,670,2,421,2,385,19,493,5,140,1161,1305,255,7,194 0
64,416,37,18,21,39,450,270,2,48,549,23,270,21,61,932,136,922 0
88,3184,455,2,508,2,250,2,455 0
416,13,149,655,5,1265 0
11,1328 0
64,416,23,9877,34,14,5000,23,13,70,700,5,386,34 0
11,900,394,26,803,2,11,1196 0
64,416,18,14,290,23,493 0
206,2388,208,93,73,4,224,4,29,14,1040,5,413 0
29,14,646,1094 0
29,14,4562,1019 0
206,2388,208,3413,4,6,392,14,1186,5,1125 0
6,1237,53,1025,4283,5,1221,10,688 0
6,2285,2395,53,175 0
206,2388,208,2918,4,29,74,2278,14,175 0
6,1657,1405,53,1130 0
206,2388,208,112,4,6,112,14,330 0
6,112,21,15,15000,7,721 0
487,27050,206,2388,208,2856,4,476,27051,193,68,53,11,1056 0
206,2388,208,562,4,6,118,14,135,145,5,212 0
6,118,302,50,15,43,2673 0
206,2388,208,4436,4,187,14,133 0
463,2,375,2,11,27052,206,2388,208,3934,4,68,14,11,5653,4278,277 0
206,2388,208,1031,4,6,29,21,15,43,502,7,721,17,192,7269,5,2086 0
171,531,79,206,2388,208,181,4,6,217,53,619,5,3914,13,199,4626,1696 0
206,2388,208,899,4,6,1030,73,1035,11,900,1479 0
336,731,496,5,466,53,175 0
11,2698,2,3094,206,2388,208,1734,4,6,29,14,3079 0
206,2388,208,240,27053,27054,4,240,20,156,432,6,27055,7831,7,6,746,5,355,2073,1509 0
206,2388,208,1225,494,5,114,4,1225,11005,4,64,14,15012,600,13,299,7,421,2,670,2,385,19,140,1161,2,1305,270 0
218,670,2,421,1684,108,1060,2327 0
40,155,801,2,2175,481,2,464,2,1827,2,27056,8621,2,1060 0
40,881,10044,2,9622,2,27057 0
235 0
605,10,325 0
40,273,44,205,10,1514,17,27058,7,385,108,64,31,504,117,522 0
1752,91,785,5,147,74 0
40,707,17,6382,5,273,15013,32,865 0
206,2388,208,189,11006,4,64,404,23,270,14,504,117,23,3556,5,1900 0
73,504 0
1060,27059,605,10,325,1032 0
206,2388,208,494,4,255,7,194,2,670,1684,206,2388,208,2704,203,27060,206,2388,208,2704,203,3137,4,6,29,21,1583,17,15,10662,372,15014 0
29,431,11009,5231,27061,7,372,496,317,8934,2,15015,2,5,713,7,3770 0
6,2239,2177,2966,7,529,372,2720,129,27062,8937 0
206,2388,208,163,2762,4,47,50,3402,201,5,755,6,29,5,941,6,427,74,122,2,177,5,1061,13,6,427,74,2105,7,30,2,5,285,6,233,2,114,7,203,5,642,7,6,29,13,6,427 0
206,2388,208 0
