69,49,4,27063,141,99,10,3583,481,378,325,1159,15,3427,29,414,4,7693,5571,485,46,7694,89,3682,4,7266,9395,2,15016,427,4,58,3335,531,240,4,3427,384,4,270,98,15017,3014,3427,234,4,552,5571,14,15,1258,1576,2071,528,104,279,13,270,98,15017,3014,2,149,27064,5,15,699,37,403,6,760,14,3256,168 0
348,18,21,15,928,30,7,670,19,140,1161,2,5142,103,5048,1466,12,4500,11010,2,314,421,2,5,299,7,385,13,493,288,795 0
18,1660,18,549,23,760,542,383,98,931,236,2,1008,23,1925,104,264,23,235,10,368,2048,183,123,146,5,237,27065,922 0
18,1886,38,14,4221,13,6,760,48,411,21,264,270,27,468,136,922,2556 0
18,335,841,5003,1127,23,385,549,621,48,687,37,38,14,268,621,760,2509 0
18,21,15,149,6347,250,5,11,1919 0
11,596,26,2300,2815 0
18,39,4240,80,27,4987,37,20,2705,12,6,189,48,18,687,1936,434,19,6,1032,2,13,11,27066,2,11,12978,2,11,396 0
18,1660,18,319,2432,974,13,15,2846,1611,204,10680,2,48,519,31,433,100,922,26,80,4620,34 0
18,21,15,30,7,306,670,5,421,7731,37,50,4543,10,950 0
189,408,4,6,29,20,492,980,2,111,27067,2,10432,2,738,41,19,12072,12,6,189,2,1157,31,5642 0
18,20,12,149,372,326,5,431,910,2483,758,22,98,35,2,2649,130,2023,25,98,35,2,1292,5996,98,51,1555 0
3427,78,89,299,4,127,81,341,4,1015,3006,19,7697 5,13
20,19,9006,8419,283,5,131,27068,8419,27069,118,353,4,2249 25
314,1626,36,1194,27070,2992,1332,41,2,11,11011,2,11,1598,2,261,27071,3568,4,10863 0
39,877,12,15018,582,27072,3212,9202,7,409,4,8231,5142,9,2603,8,103,5048,4269,1466,12,11012,42,58,5076 0
205,44,27073,13,15019,3207,133,1377,400,10,1466,1331,1628,17,2377,27074,7515,740,4,7922,9,3614,251,4549,8 0
19,2094,27075,535,1644,4,19,2094,27076,4,9011,1235,1088,9,406,8,13,5683,1617,5,5903,2087,9,218,65,565,8,13,2269,1459,6376 33
19,1391,1742,140,27077,238,4,103,27078,11551 0
4799,2755,5103 0
222,31,1897,4829,239,10,2786,10037 0
453,42,34,538 0
19,960,2881,291,5,2988,2,71,14,4221,48,589,10,55,27079,19,1292,27080,931,1366,27081,7311,6610,9012,4,19,4432,7321,32,11013,31,15,199,3228,2380,17,2542,915,2760,27082,565,6010,461,4,889,27083,4,13255,5813,5,4469,959,9,13,11014,8,5,3817,2996,832,27084,3427,77,42,860,4,91,4,896,547,9,172,8,474,22,25,33,556,2461,1380,1062,9,771,677,8,244,22,25,33,1133,109,22,25,33,787,9,235,8,368,22,25,59,2,20,264,10,368,22,59,922,42,440,2,158,20,368,22,82,98,2003,123,2,158,10,37,20,105,22,82 19,18,20,33
635,109,22,25,283,670,4,6763,564,1252,1206,33,910,1361,3273,9,9008,3273,8,51,2411,1206,873,138,1945,2549,7516,5510,9,2030,4472,5510,8,35,5533,1206,59,8540,4,2765,2201,22,25,59,138,914,2267,767,9,2091,8,130,22,25,33,3826,9,2988,8,204,22,25,27085,244,22,25,283,81,4,131,1397,1629,196,405,9377,5,27086,1397,1629,100,10,1725,190,405,82,26,32,27087,9007,9,9006,8,4761,405,283,2,1916,27088,2,1543,19,358,1733,188,168,34,4542,83,41,2135,35,2135,8133,33,1934,83,5008,370,22,9,1292,83,5007,22,8,25,1595,138,27089,560,1908,4,1045,590,4,27090,3679,4,45,60,4,931,60,931,45,866,938,697,17,5075,34,181,27091,4,7388,35,2072,965,59,2596,2606,35,2072,965,27092,3550,9,8492,8,27093,190,27094,75,1179,28,3574,873,27095,397,9,3452,8,3702,1252,25,33,27096,3417,9,1342,8,130,22,25,33,3940,9,2084,1555,8,51,347,25,59,138,6610,9012,4645,109,22,25,33,3427,137,4,2046,9,484,8,27097,9,484,8,3427,179,30,4,924,28,295,13,943,2,567,2,567,74,943,5,3607,726,12,27098,538,2,27099 29,25
937,15,10112 0
51,726 0
309,4,284,1854,2253,30,2,706,309,75,695,28,109,831,146 38
430,4,88,3865,840,4,88,3427,128,30,4,477,2694,2,39,13449,603,2694,2,409,27100,35,1343,3410,2,182,2113,3427,499,4,149,250,98,15,451,123 0
270,27101,3014 0
388,7,27102,403,264,760,348,98,931,236 0
88,508,26,469 0
149,44,34,2563,1824,44,37,321,38,465 0
11,4631 0
11,142,12,577,2,1463,2,3319 0
11,668,2546,26,34,19,2438 0
6116,188,34,19,1392,7,882,2,1540,52,386,19,891,1694 0
188,406,168,34,65,1076,238 0
1404,13,2846 0
3427,93,73,4,973,4,8797,1204,15020,1200,2040,41,27103,224,893,4,3263,463,2024,407,1939,12,886,2,2071,2,149,326,13,1024,11015,598,11,372,326 0
29,4799,27104,12,886 0
202,4,1623 0
11,182,250,432,73 0
11,5030,733,26,3508 0
112,4,27105,1377,91,4,135,145,2,2160,212,13,27106,2351,2,11,387,2,711,26,766 0
118,302,1778 0
1369,4,29,773,10,3073,17,806,73 0
1876,5,4792,194,302,214,1778,2,314,942,12,786,2799 0
657,7229 0
340,4,133,2,375,2,463 0
829,2088 0
11,342,27107,4,261,904,243 0
197,217,2629,2,48,4799,15021,10,1014 0
680,7,277,1264,52,891,386,2,610,133,86,181,4315 0
27108,19,70,197,386,3527 0
1030,4,413,2,646,2,992,175 0
2071 0
3427,258,4,27109,56,56,56,56,56,56,56,56,75,879,28,2837,27110,15022,1498,2653,481,335,3261,22,1792,1178,2057,4271,75,695,28,56,56,56,56,56,56,75,879,28,10187,5541,530,1470,666,13137,1330,2987,2288,4,75,879,28,1858,5229,15023,1321,4,3081,579,3190,2298,9318,1211,1370,4,3168,1437,4271,2446,4,2812,2309,4,2277,935,1659,1712,1710,2806,4,64,4606,1060,1571,1069,7484,27111,4,2456,1676,3251,4892,2194,66,2676,66,2443,66,5448,12374,2136,66,1679,27112,617,3034,66,2195,66,1793,27113,4384,3230,2939,3683,451,15024,156,8290,4741,163,7190,3427,147,4,513,1278,12,1088,2,1024,5784,2,214,252,4949 0
4799,869,65,498,36,5784,176,55,610,268,27114,110,48,129,156,937 0
3427,908,4,14815,205,609,27115,2,320,5,2704,584,4,27116,160,7,180,305,3568 0
5736,3547,2087,12,6,1424,3097,143,7,6,52,412,1548,519,2264,188,3836 0
27117,10885,7,6,582,1486 0
233,7,877,14,4077 0
1575,7,6,197,217,17,1744,1683,10,1167,286,877,1737,1683 0
27118,7,305,11926,1039,851,372,721 0
68,14,225,4117,2258 0
6,29,21,3668,158,197,1548,4269,1466 0
249,68,53,306,4071,5,4614,897,799,2,71,53,106,15025,12,1118 0
648,53,610,268,2180,271,12,6,498,73 0
6,70,4614,897,2523,110,3911,1789,601,12,1396,1000 0
6,2445,620,6180,479,43 0
68,53,2919,343,3780,7,6,164,1469 0
351,882,4,68,14,4077,10885,7,6,582,1486,3652,233,17,1744,580,1797 0
1681,1575,209,55,1683,10,2869,17,877 0
182,225,1715,142,7,6,3717,53,201 0
3427,242,4,27119,13,216,5142,2,670,2,421,104,279,13,2277,697,7,734,270,5,15,699,37,403,6,760,14,3256,168 0
348,21,61,19,734,1272,19,787,38,223,71,21,504,79,119,29,48,1417,14,411,932,80 0
11,150,825,115 0
114,4,46,270,29,279,13,734,270,12,6,2954,7,734,754,1118,5,2325,37,18,14,9501 0
264,235,21,504,23,760,139,48,222,31,2968,3469,23,372,1144,2,71,14,932,80,271,922 0
1225,1128,421,13,760,2509,2,385,2,2475,13,1617,3059,2,1334,2,26,670,1684,13,2442,566 0
734,305,127,15,1693,9,216,7515,740,2,5962,19,704,2,834,366,8 13
27120,180,385,2349,286,13,205,36,314,7,1092,4071,5,4614,897,799,50,264,12,1118,136,498,2,11,150,2002,1607,7,5142,2,205,584,209,31,5438,17,23,366,6278,5,205,66,17,180,1334,6278,5,205,1035,149,27121,2,380,1874,760,2,48,1035,11,2117,26,150,182,359,7,760,2509 0
1827,14,31,214,344 0
278,2,29,21,657,3793,5,350,228,12,1131,139,176,5185,23,890,372,326 0
250,1126,264,1131,26,2442,566,27122,14,10,126,13,2674,32,1131,2509,14,373,218,5607,7,23,372,139,2,787,368,22,59,13,138,235,32,865,10,2712,760,139,27123,54,1775 0
6634,268,1996,2674,32,18,21,15,30,7,27124,13,3150 0
2510,140,6763,2,910,2,2549,7516,5510,9,2030,4472,5510,8,46,5142,218,31,6,1489,7,3115,74,1464,13,180,270,2,598,44,205,3172,55,8937,17,380,160,7,332 0
149,26,11,264,1118,7,4071,897,799,176,55,1628 0
8979,13,58,5076,12,221,2,29,2828,192,1908,995,908,457,5,9685,4648,65,58,5076,27125,2052,724,17,1231,27126,13,58,5076,17,356,46,8540,29,1788,2765,2201,59,48,14,290,84,2201,12,221,2,2201,12,852,2,5,1317,684,283,17,182,914 0
3389,826,2854,2,3826,2,2267 0
29,14,214,2071,19,73,13,1024,11015,2,27127,11219 0
2510,19,140,322,2854,2,3826,2,2267,27128,2201,509,2,684,22,283,2,2201,82,138,434,12,1477,46,91,4,126,13,140,257,2,40,5944,32,256,17,380,421,1684,2510,211,2,556,2,787,2,635,46,120,140,322,14,1397,196,190,59,5,9006,8538,190,283,2,6261,10,728 29,25,19
10995,27129,262,7,131,10,204,9,546,41,7,140,262,8,2,27130,1352,1638,5,10983,131,2,13,1317,1175,923,2510,10,14916,131,46,188,168,34,2510,1292,5,4542,5199,138 25
150,188,709,9,685,2,27131,9012,2,181,203,8,2510,257,32,1802,12,560,6994,46,203,5992,4,58,5076,9,4325,5106,8,2,58,5747,6088,9,440,8,2,567,6440,15026,46,2249,275,715,4,715,692,10,55,285,13,29,12,6,465,28,239,10,29,74,182,914,2,6,1979,20,31,1239,27,38,95 0
29,1660,18,20,1431,2071,10,1022,23,89,167,26,380,522 0
46,3092,4,548 0
29,295,27,140,48,21,61,12,997,937 0
567,14,6440,2,15026,2,104,295,13,5,826,203,7,23,477 0
56,47,50,285,38,29,13,58,3335,531 0
7266,9395,2,15016,705,27132,14765,2531,29,4,5571,2,7693,600,485,4,7694,47,1061,174,6,1536,89,3682,99,256,393,1798,10,84,17,78,89,30,2,128,30,2,179,30,2,137,2,77,19,141,2,5,258 0
494,4,255,7,194,30,7,6,156,360,1258,11016,174,15,1545,7,5142,103,5048,1466,9,20,15,15027,2603,5854,11012,27,1991,308,453,42,58,5298,5076,65,2012,162,8,2,1626,421,36,43,1194,9,2992,1332,41,2,11,11011,8,2,120,591,36,97,374,3006,19,7697,2,877,9,15018,582,1107,8,12151,36,10863,664,493,2,670,75,46,410,28,19,15028,140,651,174,191,284,7171,2253,309,30,2,2760,565,174,565,7515,740,37,279,174,255,7,194,17,6,78,989,123,5,4240,158,10,141 33
149,250,2,6213,48,88,3747 0
21,61,290,368,22,59,235,86,573,1051,48,222,6889,383,12,2438 0
93,122,973,4,8797,2,1204,2,15020,2,1200,2,2040,41,102,54,1742,224,36,2024,2,463,2,2071,528,202,75,46,410,28,725,2,570,28,2286,822,2,11,5030,1528,28,1290,2587,5,1130,112,36,487,1169,10,1021,124,6,4572,112,1377,305,75,46,410,28,11,942,26,856,1139,48,64,39,657,3770,91,75,46,410,28,135,145,5,212,48,302,129,1169,10,6244,187,75,46,410,28,133,2,2170,28,978,86,1592,5,1739,28,43,300,302,28,11,342,26,953,445,75,46,410,28,619,5,3914,28,1518,531,79,949,75,46,410,28,199,590,193,2,43,466,193,181,75,46,410,28,11,1628,571,972,139,75,46,410,28,413,5,646,48,2071,1827,15023,2,8054,66,98,35,2,524,3509,2,689,5006,2,3722,27133,2,358,2837,2,442,3261,54,2,7941,1792,54,27134,27135,530,1470,2,1005,19,27136,27137,147,4,1024,5784,48,399,2,869,44,205,4,11,160,7,180,305,3568 0
5736,3547,2087,12,6,1424,3097,143,7,6,52,412,1548,519,2264,188,3836 0
103,5048,1466 0
99,4,68,53,306,4071,5,4614,897,799,2,71,53,106,15025,12,1118 0
648,53,610,268,2180,271,12,6,498,73 0
6,70,4614,897,2523,110,3911,1789,601,9,931,601,712,4164,1796,8,12,1396,1000 0
320,5,114,1258,11016,174,15,1545,7,5142,2,1626,421,2,2222,385,37,279,174,255,7,194,17,6,78,989,123,5,4240,158,10,141 0
149,250,2,6213,48,88,3747 0
7,99,2,3793,227,1617,2087,10822,1211,41,174,4985,3010,41,174,252,27138,2038,41,1628,17,406,670,174,274,7,27139,190,48,6376,1044,46,255,7,194 0
4380 0
27140,17,834,305,116 0
99,68,20,15,817,1868,2,3211,773,10,55,4318,19,704,48,5962,174,27141,4298,37,519,5625,10,305,116,9,188,9588,2,54,2240,421,8 0
692,305,116,2155,174,10230 0
40,1026,58,8382 0
36,5142 0
64,39,15,15027,2603,5854,11012,5,453,42,58,5298,5076,65,2012,162 0
44,205,479,185,65,27142,48,40,50,170,163,124,6,153,3406,14,27143,601,36,40,3691,108,84,14,4348,10,911 0
10990,421,36,43,1194,9,2992,1332,41,2,11,11011 0
8,174,15029,2439,79 0
1827,27144,5944,532,792,9971 0
913,7342,27145 0
40,356,19,235,368,22,25,59 0
27146,565,174,565,7515,740,126,19,3155,27147,7,385 33
40,356,174,1554,536,4,188,1819,7,385,27148,75,46,410,28,19,15028,140,651 0
1006,5265 0
1488,3556 0
15030,297,3155,46,120,591,36,97,374,3006,19,7697 0
2524,10,27149,434,12,144,3730,92,273,31,50,1397 0
46,1356 0
40,954,5,2739,3707,64,20,264,10,3702,1252,1594,174,1005,7,83,12,176,27150,3811,6,1536,203,7,23,427,440,5,40,7438,58,5747,6088,37,18,14,12,6,144 0
468,32,256 0
3743,3335,531,2,195,705,46,27151 0
