69,49,4,27211,343,162,141,99,29,414,4,5143,2,2910,485,4,11019,49,5,95,4,27212,15045,240,4,58,5144,1117,4,58,5144,4863,427,4,58,27213,384,4,54,1063,27214,234,4,287,5143,14,15,1390,200,307,345,13,15,216,120,2,116,2,2553,2,188,2004,2,883,5,225,1063,1440,103,7158,1588,10,1686,174,9111,1686,313,5,682,2149,7,2103,2,853,5,3763 10,5,13
432,24,158,141,12,1615,2,16,543,1394,3375,71,227,1627,157,2589,2,9406,157,1063,1440,5,1627,157,806,2104,143 0
19,15046,2,16,543,15,157,2589,10,7621,1063,1878,174,2430,1107,593,28,14851,27215,174,10587,3585,10,7621,3585,1878,947,9014,3408,5,1071,10,6,157,2078 0
16,21,61,448,57,136,377,12,1426 0
24,682,2149,14,185,5,57,13576 0
16,1822,15,7732,11017,27,140,17,748,19,1686,10,9525,121,19,24,853,5,2103 0
16,88,134,216,3747,2,1642,2,263,34,2,26,1030,864 0
637,4,569,1063,9015,120,883,116,2553,188,777,1085,2516,4,15047,15048,3585,174,2430,1107,593,5,9014,3408,15049,1394,1992,15050,8929,5,1395,7,7698,2930,54,1613,832,955,157,2971,162,257,4,161,172,1721,1722,370,22,25,33,165,442,2294,5353,22,9,447,22,5022,335,35,347,25,59,186,1828,9,473,8,449,22,25,27216,262,15051,249,2146,2201,22,25,33,351,2798,365,22,25,873,459,2074,397,9,888,8,204,22,25,59,636,27217,767,9,7671,8,4496,22,25,14885,138,34,843,131,486,1629,462,190,405,509,297,1253,1038,131,486,1629,183,190,405,283,1065,131,135,5658,83,1045,405,509,297,1253,1552,131,135,5658,614,1045,405,506,297,2101,1718,11020,154,22,25,33,1913,556,2461,1380,1062,9,771,677,8,204,22,25,33,2257,1703,105,22,25,33,2407,3940,9,2084,1555,8,51,347,25,283,2466,1855,397,9,493,8,83,22,25,27218,262,27219,192,4,9576,75,46,1764,28,484,128,299,4,4091,179,4,295,12,15052,2,6446,13,503 5,25,19,13,18,29,10,20,32
309,4,88,15053,499,4,32,256,2,355,4,88,455,2,270,2,435,2,67,119,3518,2,588,26,5072,3289,2,668,167 37
385,4,638,4,276,738,492,1258,111,27220,574,564,980,41,628,57,1019,345,2,436,293,171,11,229,4020,2160,11,1058,226,1398,340,4,133,2,1095,1189,2,1095,2088,1381 0
57,27221,4884,2355 0
217,4,181,14,682,225,744 0
1686,4,682,2149,7,3504,2961,765,3162,5,3253,853,2,6649,7,2041,5,2021,853,5,3763 0
157,2103,174,5309,98,8731,6652,19,27222,2991 0
243,4,157,15054,1878,296,14,4782,4807,4118,3585,967,64,157,171,171,56,27223,11021,54,171,171,171,171,171,7551,4,3200,27,225,1585,999,4,777,1085,908,4,27224,833,4,10515,174,15,216,116,2,2553,2,883,5,225,1063,9015,104,279,17,141,158,10,54,582,10,7621,1063,1878,1775,10,3809,6,54,3585,1440 10,13
11022,10,343,162,27225,258,15055,8792,117,2279,15056,75,46,3900,28,262,486,434,1222,1533,285,13,58,2740,5144,2,343,1117,4156,11023,7504,5357,15057,343,162 0
