69,49,4,27651,29,414,4,7918,2,9021,206,485,4,15136,208,49,7,101,4,27652,581,17,101,808,101,17,38,15157,13,299,2164,2,1073,425,120,104,774,117,134,3221,274,2,438 5
30,7,156,360,448,173,6,1140,2,2267,21,841,3312,573,2,2112,15,1114 0
75,906,28,21,61,19,84,136,1082,97,101 0
21,841,1911,61,382,10,7326,1286,1522,65,608,8784,3333,7,15158,11964,2,48,40,27653,80 0
75,906,28,20,15159,10,125,608,8784,2,27654,456,1281,354,701,15,8323,104,3120,37,24,500,27655,218,14,15,27656,7,24,27657,2,5,27658,14,2788,10,3105,6,27659,456,1281,354,4385,558,2940,2,21,5287,9519,1276,17,78,102,3937,136,608,11051,101,4,75,906,28,5288,9625,27660,2,27661,7,2344,5,7235,71,20,117,2829,2943,8081,6,420,297 0
75,906,28,1090,558,15160,27662,98,153,13188,6626,6,523,107 0
472,53,6,1810,24,558,21,61,12,1262,198 0
75,906,28,2425,2581,374,27663,456,1281,354,1249,19,446,1985,2,2282,271,368,32,47,39,1447 29
75,906,28,21,61,290,130,22,17,363,2207,2,27,1502,136,10652,456,1281,354,1305,1890,34,12,6432,2,404,621,15,976,27664,2,3111,151,27,468,2,1147,6270,5256,56,354,40,977,34,19,1216,100,65,3376,2,2138,10,6,1014,2,3066,2499,19,2248,117,27665 0
75,906,28,21,61,6456,664,5,19,17,27666 0
75,906,28,11,7378 0
75,906,28,11,8474,10,1341 0
75,906,28,11,150,339,3372 0
167,120,216,4400,754,805,216,624,1240,671,500,46,15138,516,83,10576,251,945,4173,314,1952,280,2416,15139,4,15140,2,500,15141,2164,1066,8168,5087,148,137,1573,77,1932,9,172,1721,1722,8,9,925,45,3405,60,35,45,9,62,8,8,25,33,2267,767,105,22,9,390,595,60,35,8,25,33,220,358,215,2234,2385,9,60,8,965,82,245,2203,131,9,131,3148,8,154,190,9,204,4744,3053,60,1496,8,405,297,2005,131,3464,17,9,60,8,1437,59,5,138,220,4922,2385,9,60,8,965,82,245,184,105,22,9,390,45,60,35,8,25,33,1889,35,22,9,1456,45,60,35,8,25,291,98,462,107,9,62,8,310,823,22,9,3021,45,60,35,8,25,59,486,1803,131,546,190,12,6,221,2,196,190,27,1090,9,204,4744,3053,60,1496,8,405,59,297,1253,5,297,1090,1703,368,22,9,1668,45,60,35,8,25,283,5496,7403,1435,41,9,1435,41,1349,60,35,8,965,59,179,30,309,4,83,27667 5,25,18,29,15,10,35,26
1634,10,706 0
222,4010,10,1171,17,35,200,2,321,428,239,10,27668,456,1281,354,554,4,27669,456,1281,354,1053,1376,24,3221,32,15,27670,13010,36,64,404,38,20,239,10,24,251,1998,2,21,1008,12,2300,15,451,511,2,1863,214,27671,456,1281,354,295,27672,456,1281,354,163,7,213,11,44,34 0
75,906,28,11,270 0
75,906,28,1890,435,13,310,2,27673 26
75,906,28,11,340,34,98,32,119,234,2,11,1642,2,2303,2,1463 0
75,906,28,11,613 0
616,423,13354 0
75,906,28,657,535 0
75,906,28,14366,2,11,14736 0
75,906,28,657,27674,2,48,1634,10,1029,2272,60,24,131,2,2162 25
75,906,28,11,2332,3372 0
520,359,67,94,4,27675,52,349,296,4,1909,135,121,4,3255,643,93,73,759,4,57,1019,2,436,2,199,3752 0
75,906,28,202,4,75,906,28,725 0
570 0
966,599,27676,2,11,571 0
75,906,28,112,4,330,2,275,1596,2,11,2384 0
75,906,28,487,919 0
75,906,28,625,171,1097,86,229 0
75,906,28,44,4,75,906,28,226,1398,2,11,856,26,1056 0
75,906,28,623,4,75,906,28,418,2,324,246,2,253,2,11,1058 0
75,906,28,340,4,75,906,28,2749,2,133,2,3086,2,11,1003,2,11,1739 0
75,906,28,516,4,3384,2,11,79,2,720,26,673 0
75,906,28,967,171,1097 0
75,906,28,323,4,2359,73 0
75,906,28,489,467,558,15161,320,15157,13,1073,425,120,2,9025,2,2164,2,254,2,9092,3372,104,774,17,241,5082,120,2,438,117,134,3221,274 5
114,438,4,27677 0
75,906,28,11,27678,456,1281,354,27679,2267,10,130,33,2,280,1522,124,456,1281,354,27680,257,75,356,608,8784,32,3145,456,1281,354,4931,500,13,9183,13732,5,27681,7243,401,10,907,13,274,7,27682,28,3926,6431,12,1460,32,57,456,1281,354,27683,3704,456,1281,354,456,1281,354,120,4,374,39,1297,423,65,5262,56,354,3543,2,48,100,10,5594,6059 5,6
75,906,28,11,4665,27684,12,558,13,2441,142,5,106,1972,2820,2,110,419,136,228,12,322,456,1281,354,56,701,58,11051,17,1317,27685,2,448,7038,419,19,486,27686,27687,2,2203,3083,2005,456,1281,354,56,3813,852,486,10,1516,190,456,1281,354,56,679,310,823,59,9,39,61,290,291,42,27688,28,1901,3715,124,10,2935,10,59,8,456,1281,354,56,39,356,5982,724,13801,28,40,155,10,125,108,38,2313,456,1281,354,56,4762,251,594,8545,28,19,1918,56,354,2935,10,1212,12,10303,19,3813,262,1918,105,33,184,2,887,80,456,1281,354,56,290,211,33 26,15,25
75,906,28,456,1281,354,56,39,1772,3238 0
75,906,28,456,1281,354,56,337,73,324,27689,456,1281,354,56,1401,1771,346,27,500,2426,456,1281,354,56,111,27,2581,19,1918,456,1281,354,456,1281,354,314,2455,4,3372,1905,456,1281,354,27690,708,1549,1074,2,1115,8504,27691,2,884,108,38,4867,2,40,301,10,163,456,1281,354,456,1281,354,9025,4,504,19,3813,262,1918 0
75,906,28,4013,8545,56,354,2277,12,10303,456,1281,354,27692,324,6059,456,1281,354,456,1281,354,2164,4,2975,20,148 0
75,906,28,9026,6532,9,9026,27693,6561,500,8 0
75,906,28,10889,6532 0
75,906,28,16,39,15,3265,4409,1013,1215,2140,27,500,2,20,841,2415,27,37,95,17,15144,2,48,39,356,215,9,17,2975,316,1249,8,6957 0
9024,2,148,27,37,95 0
2164,176,57,50,61,65,3265,4409 0
75,906,28,2965,2449,20,324,2,2164,15145,8945 0
75,906,28,1321,50,61,5218,11982,324,2,97,324,6059,456,1281,354,27694,13,2548,456,1281,354,27695,1880,10,907,170,433,27696,27,1933,7560,28,125,27697,10,64,136,7125,28,31,285,80,124,120,15162,1144,456,1281,354,27698,80,456,1281,354,456,1281,354,3102,8393,4,15147,1115,15148,17,1906,12,27699 5
75,906,28,40,11050,27,1378,101 0
75,906,28,7561,8466,1212,17,15149,101,36,1169,17,170 0
75,906,28,4199,14671,7,3711,139,9,2472,40,1150,739,203,8,2,5,319,237,11050,456,1281,354,456,1281,354,254,4,252,940,154,2,544,2837,19,1985,27700,28,119,2116,20,19,27701,27,37,95,2,48,16,4026,16,20,316,290,27702,27,37,95,28,6516,37,16,21,110,61,19,130,33,17,27,1502,363,2207,2,278,456,1281,354,27703,80,19,130,33,456,1281,354,27704,324,6059,2,887,456,1281,354,456,1281,354,189,4,1732,12,1756,741,10,120,2,39,199,1338,10,350,262,2503 29,5,11
75,906,28,1534,709,176,5625,32,57 0
75,906,28,504,664,27705,456,1281,354,14816,138,1522,17,2503,2,31,947,288,2,31,285,80,456,1281,354,456,1281,354,3565,4,945,32,256 0
75,906,28,456,1281,354,39,2630,3655,3548 0
75,906,28,456,1281,354,536,4,1881,15151,423,36,16,21,1074,3345,2950,2,31,285,80 0
75,906,28,1880,3616,12,78,15152,1716 0
75,906,28,456,1281,354,1772,10284 0
456,1281,354,1401,346,27706,456,1281,354,456,1281,354,1542,6242,3937,10113,2,120,2,314,701,27707,708,526,15153,11048,15154,2,195 5
