69,49,4,27785,1159,495,378,325,605,99,64,4,7681,2,9027,512,46,4,15166,49,7,27786,240,4,58,15165,5085,440,4,58,5085,234,4,449,200,307,407,13,637,120,2,116,104,279,13,938,534,7,2544,44,34,19,107,7,605 5,13
534,2313,27,468,2,2731,154,2219,10,35,1409,5,129,627,13,272,48,11,402 0
11,270,2,11,993 0
18,1185,6,34,32,1929 0
189,408,4,19,1367,10,6,189,973,129,111,27787,289,2118,574,105,276,7354,18,431,211,1017,48,20,31,549,10,50,296,674,17,2049,2314 18,14
23,147,20,1796,32,869,65,158,5,18,39,15,66,523,1501,7,91,2066 0
637,4,120,36,19,3148,131,461,36,450,266,2108,1630,36,450,792,931,116,628,257,4,669,9,1010,8,768,45,60,35,45,9,62,8,25,33,211,9,4167,8,9,896,547,9,4167,8,8,474,22,9,925,45,60,35,8,25,33,3096,767,761,22,25,33,2,17,864,7,1002 5,25,13,18,21
17,1378,5033,2,361,99,37,64,5964,27788,414,316,1020,9,184,8,446,45,60,35,45,9,62,8,25,33,210,9,894,8,109,22,9,491,45,60,35,8,25,33,501,9,556,1503,8,196,22,9,626,45,60,35,8,25,59,2203,4194,3628,9,131,3148,4194,3628,8,154,956,405,509,297,27789,190,297,2005,2203,4194,3628,9,131,3148,4194,3628,8,462,956,405,506,297,2101,137,4,747,1100,4,1881,4,88,430,4,847,2053,4,88,499,4,531,15173,2,803 25,19,29,15,37
8905,462,727,121,274,98,51,198,2,1185,476,1077 0
355,66 0
73,4,638,4,27790,276,7127,289,284,574,1200,204,41,19,628,759,4,413,5,646,98,102,2,779,2,27791,202,4,570,2,1504,112,4,11,269,2,487,1169,10,1021,226,4,1398,694,4,418,2,11,1058,340,4,133,2,2256,1189,2,558,261,2,11,1003,2025,4,617,79,1097 0
11,782,2067,2,148 0
7201,74,1097,323,4 0
3521,192,217,2,413,5,646,382,10,881,991,30 0
14887,4,4531,66,119,58,9793,12,189,258,4,2056,790,17,7681,2,9027,4929,3147,357,15174,27792,1903,46,27793,215,1745,772,1904,1412 0
502,190,357,397,2185,9,1298,8,294,357,633,2123,9,1259,8,294,357,749,2363,9,1299,8,294,357,1873,2083,1212,72,9,1300,8,169,357,331,1624,72,9,1586,8,169,357,358,1951,72,9,1354,8,169,442,4329,9,1482,8,169,1531,2123,9,1727,8,169,1042,2987,72,9,1690,8,1421,488,975,3044,9,2588,8,550,1370,2186,9,2513,8,550,1937,2129,9,2310,8,550,2152,1123,1435,9,2514,8,169,488,1123,1517,9,3031,8,169,1813,1850,1429,9,3530,8,612,2447,788,9,3705,8,612,2373,723,9,4151,8,612,1103,1096,1891,66,9,148,8,2734,66,9,148,8,1532,790,17,7681,2,9027,4929,3147,67,15174,27794,1903,46,27795,215,1745,772,1904,1412 0
502,190,298,3044,9,1260,8,398,266,5323,54,9,2484,8,41,458,4334,54,9,2626,8,1399,615,9291,54,9,2795,8,1779,443,8618,9,1507,8,1301,530,1767,9,1340,8,1141,665,5916,9,1448,8,1561,698,5536,9,1449,8,550,666,6753,9,1383,8,41,64,4072,9,7163,8,1057,2165,10909,9,2969,8,1057,147,4,764,1572,1258,2,43,1000,2,43,1950,2,252,4949,2,456,3017,518,1471,12,3629,5,2489,2,362,156,19,158,147,7,15169 0
464,4,992,185,44,122,2,13,11,160,17,421 0
27796,833,4,449,200,307,407,13,120,2,116,1530,3102,44,34 5,13
4711,1128,313,2,44,816,34,2,1334,2,385 0
11,979,359,7,566,2,66,464 0
11,27797,2,4335,26,3345 0
7119,328,27798 0
114,10,1364,3678,42,2066,1150,1784,1149,12,221 0
35,8,44,34,710,1752,785,842,501,32,296,13018,1050,1784,1149,12,221,51,8,120,710,838,2203,434,1222 5,25,19
2153,842,106,359,7,120,1294,2,453,42,440,102,8,116,15,27799,322,7,27800 5,13
792,27,450,2,393,31,2552,184,842,838,1318,17,1784,1149,12,221,183,8,121,274,710,231,13,439,1239,332,1631 0
440,356 0
83,8,3772,36,2537,10038,956,405,33,2785,3407,14386,27801,2,195,705,46,27802 0
