69,49,4,27862,9029,9030,2,195,427,12,949,11056,1476,140,1743,5974,1142,15180,2,2343,15181,7255,9031,2,1162,4435,15182,144,15183,5748,1142,15184,2,2343,15185,1215,27863,2,3238,828,1436,9031,2,92,39,6,1068,7,930,9032,4195,9,485,11054,8,168,12,949,308,80,17,551,5,1687,1232 39
6,29,20,201,42,2733,5,58,7479,15186 0
9032,4195,14,15,15187,6090,13,15,30,7,1073,425,120,2,116,2,5,789,104,14,453,401,12,949,308,17,306,350,54,15188,2753,1180,42,1232 10,5,13
18,20,97,201,401,1110,2041,2,27,71,95,18,20,460,572,27864,1341 0
38,5216,20,31,27865,19,979,73,2,5,23,73,20,355,483,28,84,20,27866,37,23,115,176,50,61,239,10,15,27867,12650,12,23,333 0
553,218,6551,1717,15,2442,360,5,663,1716,7,15189 21
355,2,18,39,3701,57,65,23,2753,2,5,39,31,39,1317,1232 0
1256,4195,589,10,273,57 0
18,267,37,23,4960,1493,168,4040,28,18,222,1171,6,15189,1400,1034,27868,2,48,14,31,1769,108,84,20,627,13,6,2906,7,23,4960 21
18,589,10,1838,27869,2,5,12,1708,21,1376,154,727,136,23,950 0
1896,1034,622,2,18,21,1500,15,91,415,215,32,909,117,6919,15,1966,432,23,97,950 2
18,21,39,63,263,1575,71,176,50,4930,15,27870,2,598,18,14,7071,7,6,8076,457 0
2726,2,18,27871,260,37,63,1207,13,58,27872,7,5913,21,61,724,17,2229,12,1731,10,207,100,63,7294,350,54,11057,1440 0
1256,4195,589,10,60,473,17,576,551,2643,9,18,21,8977,1705,8 32
23,10752,209,621,10,60,23,664,38,560,17,15,223,297,63,1350,1287,746,71,209,563,1744,3825,14686 0
278,2,18,14,5326,173,6,328,7,983,551 0
18,589,10,1897,23,1921,57,28,68,39,61,15,1970,12,1589,173,15,252,542,2,48,6,215,39,61,27873,716,12,6,644,7,15,2329,262,2,5,19,540,1011,20,667,913,27,27874,18,88,87,15190,996,4,11,27875,26,6542,3660,2,26,534,7,1196,26,1559,27876 0
18,27877,260,37,23,259,376,27878,7,1217,739,996,14,9727,2,5,2320,14,6383,37,18,1279,55,382,10,2296,7405 0
18,88,142,12,862,2,900,394,26,803,2,572,13,3970,5905,26,3531 0
18,113,50,847,149,1274,4494,42,6,4053,2639 0
18,1863,404,32,645,18,21,403,27879,27880,5299,12,784,392,2,348,15,466,1084,10,151,18,39,15,10028,746 0
257,4,230,626,25,2048,210,1668,25,2048,1828,1541,25,2048,1372,521,25,2048,1201,683,25,2048,310,778,25,59,1921,1915,509,1067,1953,506,8047,138,6070,3672,93,122,4,916,4,413,2,2735,4160,2,43,2111 19,29,26,30,17,32
988,2775,952,15191,1984 0
2260,192,2770 0
951,4,47,4,31,4899,591,4,8328,10,5591 0
725,183,675,75,46,1764,28,102,675 0
11,10842 0
1088,2,219,2,5074,4,570 0
11,1930,1067,3294,1067,2586 0
1654,4,466,175,10,9745,10467,2299,193 0
4444,4,1444,863,86,394 0
5526,4,5340,1197,1371,4639,1097 0
4214,2,98,4,2376,324 0
133,3164,3978,3604 0
3440,4,4755,5,6683,1028,1097 0
2097,4,1559,4215,1052 0
11,2970,1067,6523 0
731,4,43,2780,5,1419,28,11,2781,2,3179,2,26,6515 0
11,3441,3165 0
6115,3246,3959,2396,5569,6055,6736,7644,5172,8944,5912,3266,4002,7645,7646,7647,7648,3041,3394,246,157,83,83,83,83,83,83,83,83,83,83,54,83,83,83,83,83,83,83,83,83,83,2951,4,3246,3959,4216,5593,5173,853,3266,4002,3266,3041,246,157,51,51,51,51,51,423,54,51,51,51,51,51,423,466,4,879,1067,7439,1067,2959,175,722 0
11,160,7,5462 0
2903,4,15192,6073,2,8329,2,5,6801,1445,175 0
672,4,8694,2,6674,2,7529,2,5,8695,43 0
5203,672,175 0
3442,66 0
426,4,745,392,9,27881,8,4,11,182,957,228,12,6,525,52,11057,1636,1440 0
242,5,1348,4,15187,6090,216,120,2,116,2,254,1263,10,949,308,17,551,1180,42,1232 10,5,13
18,14,1172,448,214,57,2,5,21,61,214,13934,13,23,3250,117,23,3862,12,1326 0
92,285,6,214,350,328,7,551,108,473,14,2329,17,15,4206,746 32
6,82,328,7,551,14,393,350,2,5,6,1525,7,7304,1414,203,393,1560,2,37,92,209,1061,13,2552,1828 32
108,18,113,31,1821,10,1171,5846,560,297,6,746,2,6,316,4090,209,55,15,652,26,2990,8941 0
278,2,1155,15,4918,209,2707,10,55,5075,2,1540,32,23,27882,551,328,811,27,6,95,7,6,798,129,23,81,2,127,2,5,789,2,192,7,71,18,21,1009,182,27883,10,419,338 10,5,13
1256,4195,20,411,5326,173,27884,6,473,28,3864,2,18,40,3986,19,6,4140,408,7,3899 32
1256,4195,40,50,540,367,1075,2415,27,1034,622,10,1021,23,1338,10,6,264,262,210,5,2441,142 29
23,3529,9,15,8,542,20,344,27,1653,27,6,95,7,23,950,2,5,92,40,540,38,282,80,10,27885,1092,84,21,1558,251 0
47,50,85,1901,23,15,3433,27886,37,2,32,7,1231,3253,2,18,40,50,61,1217,739,17,259,198,95,19,15,185,262,7,1921 0
18,27887,37,18,209,750,784,622,26,1418,10,6,303,441,2073,108,68,18,129,10,50,87,15190,534 0
108,18,836,1588,739,17,248,159,2,92,176,539,9492,23,27888,560 0
598,6,5802,166,54,11057,1440,14,27889,185,19,745,2,47,50,963,23,10,1736,23,207,100,1207,13,5913,2,32,47,273,31,125,6,49,166,12,6,5295 0
2726,2,92,40,1150,15,540,293,1575,38,1111,10,6045,37,6,2160,157,2650,2816,21,31,3806 0
7,99,2,58,7479,15186,20,156,17,192,7,6,10468,7527,7,6,30,5,93,73 0
4234,2,92,285,13,6,29,6,2147,5,522,114 0
1152,329,17,2092,1089,10,2011,12,6,203,7,1034,29 0
47,40,125,23,168,12,308,12,4203,198,95 0
1027,2,9029,9030,2,195,3960,949 0
