69,49,4,27898,9029,9030,2,195,427,12,949,11056,1476,140,4078,5974,1142,15180,2,2343,15181,7255,9031,2,1162,4435,15182,144,27899,5748,1142,15184,2,2343,15185,176,27900,2,2140,828,1436,9031,2,92,39,6,1068,7,930,9032,4195,9,485,11054,8,168,12,949,308,80,17,551,5,1687,1232 39
6,29,20,201,42,2733,5,58,5929,8584 0
9032,4195,14,15,15196,6090,13,15,30,7,1073,425,120,2,116,2,789,2,5,8977,1705,104,14,453,401,12,949,308,17,306,350,54,15188,2753,1180,42,1232 10,5,13
18,39,3701,57,65,23,2753,2,5,21,61,27901,17,248,159,19,1921 0
18,20,97,201,401,12,1326,9715,136,37,101,2,18,21,39,363,182,27902,2192,4,23,592,911,20,514,10,55,66,2,5,18,85,543,15197,7,23,5802,514,54,11230,1440,1896,27903,10884 0
58,27904,27905,716,38,746,12,1415,71,20,5728 0
278,2,63,263,541,1440,20,514,19,63,1575,17,263,34,9,2802,10,5036,6505,8,2,393,18,14,537,453,17,383,12,1118,7,6,1440,32,57,32,17,87,280,2976,14092 0
1256,4195,411,21,106,847,2409,34,191,23,70,2355,1331,2,27906,13,11879,6,680 0
18,39,106,225,891,1726,803,117,6,162,2,15,10843,7,307,115,71,504,117,15,300,1129,48,71,50,31,1911,1667,660 0
18,88,87,134,1232 0
117,3468,6,457,7,6,1033,8518,215,13,329,2,84,20,2616,37,18,222,31,301,1317,442,2392 0
77,4,230,626,2048,669,3315,2048,210,1668,2048,1828,1541,2048,9,31,19,211,915,8977,1705,8,4024,446,2048,1372,521,2048,1201,683,2048,310,778,59,1921,1915,59,888,442,2,1804,1292,5996,2,1973,347,138,2,826,214,9698,5084,27907,138,2,826,214,2759,5445,491,138,1895,35,347,2048,2937,2810,283,138,2,826,2759,93,122,4,11,293,229,916,4,413,2,2735,4160,2,43,2111 19,29,26,30,21,17,32
988,2775,952,15191,1984 0
2260,192,2770 0
951,4,47,4,31,4899,591,4,8328,10,5591 0
725,102,675,36,75,695,28,51,675 0
11,10842 0
1088,2,219,2,5074,4,570 0
11,1930,1067,3294,1067,2586 0
1654,4,466,175,10,9745,10467,2299,193 0
4444,4,1444,863,86,394 0
5526,4,5340,1197,1371,4639,1097 0
4214,2,98,4,2376,324 0
133,3164,3978,3604 0
3440,4,4755,5,6683,1028,1097 0
2097,4,1559,4215,1052 0
11,2970,1067,6523 0
731,4,43,2780,5,1419,28,11,2781,2,3179,2,26,6515 0
11,3441,3165 0
590,1028,722 0
2951,4,171,722,2,853,2713,193 0
466,4,803,10,879,191,891,7527,7,225,5636 0
2903,4,15192,6073,2,8329,2,5,6801,1445,175 0
672,4,8694,2,6674,2,7529,2,5,8695,43 0
382,10,974,19,6151,5,853 0
5203,672,175 0
3442,66 0
242,5,1348,4,15196,6090,216,120,2,116,2,254,1263,10,949,308,17,551,1180,42,1232 10,5,13
23,979,122,836,175 0
18,21,61,1217,739,17,248,159,27,38,845,2,317,814,2634,162,2,5,18,14,4348,10,15,2390,7,6608,664,6,1921 0
124,37,23,1232,2313,667,15,223,7,23,551,2,5,37,23,4207,27,37,95,222,31,1035,9018,11058,2,18,14,15,199,2380,17,12712,6560 0
297,448,393,2,92,40,1150,15,450,4207,10,1021,17,7915,27908 0
1155,63,1954,176,55,1169,10,12168,124,23,10884,28,108,6,27909,14,182,2,18,209,55,15,2380,17,15,27910,708 0
108,68,53,11,9018,11058,2,92,319,7287,15,2651,664,6,1921,9,1248,42,683,866,83,123,8 0
117,18,21,61,664,6,1921,17,248,236,2,92,40,428,540,63,4207 0
18,14,2102,37,18,40,31,55,382,10,1411,17,259,198,117,6,1921,14,795,2,5,37,68,14,63,264,328,7,1232,1540,12,6,523,102,198 0
92,285,6,2189,7,121,274,2,32,57,32,986,199,381,2,1229,2,5,1001,338,17,551,2643 0
6,121,274,40,218,907,3469,23,27911,27912,32,57 0
9,84,14,31,3491,90,1550,6,613,741,10,23,115 0
8,124,6,280,10624,19,23,373,134,293,1575,2,92,40,540,6,708,631,268,10,6045,37,68,21,61,11,1607 0
1256,4195,40,750,260,117,23,4207,5,293,1575,50,61,1500,393,37,92,319,1022,6,457,2,5,85,10,2739,1092,10,2651,664,6,1921 0
7,99,2,58,5929,8584,20,156,17,192,7,6,10468,7527,7,6,30,5,93,73 0
4234,2,92,285,13,6,29,6,2147,5,522,114 0
1152,329,17,2092,1089,10,126,10,2011,12,6,203,7,1034,29 0
32,47,221,27913,65,6,27914,1763,2,18,40,55,201,42,15,2637,427,12,259,198,95 0
1027,2,9029,9030,2,195,3960,949 0
