69,49,4,27915,15198,1473,5563,144,27916,15199,1142,4718,2,3728,15200,2,1742,15201,15202,9,15203,8,15204,11059,6,29,1263,17,15,207,100,101,19,23,81,341,5,188,132,353 5
18,14,2218,537,453,42,58,27917,2,4254,27,7702,7703,144,2,20,201,68,173,248,198,146,5,40,808,68,12,1215 0
18,14,85,480,17,23,188,461,13,27918 0
6,29,288,21,1282,37,23,67,728,50,476,3539,2,5,18,21,39,363,534,7,1787,1403 0
67,728,53,2291,284,26,553 0
6,29,85,1351,7,34,12,23,70,3131,1197,5,70,478,34 0
93,122,821,63,2024,528,12,11,180,326 0
67,94,14,10670,2,121,14,6827,643,2,5,296,14,7934,358,346,12,6,73,674,80,20,7179,44,14,90,193 14
118,4,135,145,5,212,2,318,246,2,253,2,66,1093,2,970,2,5,11,417 0
187,14,133,2,375,2,5,318,300,302 0
197,217,4,11,79,5,375 0
70,912,277,12,6,523,12516,757,5,6,6130,3074,5,85,277,2256,12,6,70,478,34,13,992,43,502,7,721 0
320,5,114,4,161,81,341 5
6,29,74,67,728,50,61,7604 0
6,29,21,476,23,1372,2052,65,105,22,82,10,109,22,82 30
47,40,241,1248,84,10,83,22,82 0
155,654,374,80,32,57,32,3081,2,3190,2,5,331 0
165,188,132,353 0
6,29,74,331,3357,14,173,27919,2,5,6,29,14,9727,3381,132,353 0
18,14,537,453,42,6,132,441,27,7702,7703,144,2,5,964,14,537,2905,17,6,27920,583,7,6,29 0
186,7224,2,70,3131,1197 0
117,6,29,74,2925,2989,20,1156,2,6,680,20,5183,12,6,1054,5450,7850,2,5,35,41,4542,1264,13,1517,384,7,9848,20,5451,12,6,680,7,6,5043,6845,27921,3074,3366 0
6,29,1620,6,746,57 0
249,461 0
38,14,5472,239,10,6,29,74,188,132,76 0
18,21,61,3337,6685,3471,2,962,2764,2,237,866,150,223,2,5,110,866,497,236 0
92,40,155,801,80 0
351,70,478,34 0
6,29,319,31,60,27922,239,10,23,132,860,2,393,47,50,124,23,15,1948,17,1165,13,2063,2,7,71,18,176,60,153,26,6555,45,32,865,10,338,6,34 0
459,135,3250,927 0
6,29,40,207,100,13,260,12,173,248,198 0
526,5477,9035,2,195,597,42,4,5477,9035,813,27923,4597,2746,800,4,11059,827,4,27924,818,4,11059 0
