69,49,4,27942,15205,2,27943,2,11060,47,701,38,29,12,4866,13,58,13454,5,58,13370 0
47,1736,37,47,50,1538,5,755,6,29,2,177,6,427,74,2105,19,6,5239,948,2,5,285,6,233,2,114,7,203,2,5,642,13,6,29 0
858,391,4,15,5095,528,13,572,1417 0
30,7,156,360,4,6,29,13,334,306,89,167,279,13,572,1417 0
27,23,3035,3692,20,166,10,55,4664,5,2320,20,718,401 0
6,29,74,134,78,89,30,14,3048,17,15,1111,13,815,3676,2,6603,3676,2,5,1687,8812,17,71,18,20,265,10,6,3960,3551,191,6,1273,7,1326,814,6,4708,7,1091 0
6,5239,44,2389,20,14365,647,109,123,146,5,6,29,21,61,448,57,27,997,136 0
278,2,80,20,166,10,50,27944,10,368,41,19,674,662 0
18,39,255,7,194,32,57 0
23,1161,6706,504,27945,19,8934,5,50,61,3971,10,8933,522,12,6,7678,401 0
6,29,20,480,13,6393,5,235,86,182,1051,5,14,166,10,55,791,5337 0
78,89,30,4,3048,17,127,2,421,2,81,2,1284,2,188,132,776,2,1665,2,461,2,5,815,805 5,13
179,30,2,128,30,2,5,163,7,213,4,851,42,6,3488,7,6,29,74,1464 39
77,4,131,2,1266,2,3686,2,442,2294,2,1342,2,6962,2,737,2,2173,2,3873,2,235,2,184,2,888,2,5,7773 25,29,15,20
137,4,1640,5,172 0
93,122,4,6,29,14,1040,5,413,2,12,106,1563,7,372,326,2,278,2,382,10,27946,5,5945,1135,12,989,7217,4581 0
520,359,53,32,1283,13,63,251,67,94,7,27947,2,296,1332,2,5,1161,1304,14,738,41,19,8933 14
202,73,14,1125,2,43,10,5481 0
6,29,21,15,817,1559,5,23,4798,14,31,3459,27,192 0
112,14,27948,12,15,14921,5,14,463 33
372,73,821,476,194,302,2256,13,9809,5,372,976,2521,245 0
562,73,4,135,145,5,212,86,417 0
243,53,782,12,192,938,217 0
187,14,133,5,375,2,463,2,48,86,87,1119,26,342,2,26,1739,2,26,1592 33
181,14,175,2,619,2,5,682,86,87,571,26,484 0
1031,73,821,277,191,6,70,6138,819,6,29,21,334,6603,3676 0
4309,2,18,14,646,13,572,2393,239,10,372,326,48,11,900,899,2953 0
489,426,4,1827,14,251,12,6,27949,502 0
769,67,830,14,610,251,27,109,2,835,8906,2,71,14,27,6,29,74,450,2,5,331,7,7847,1321,667,43,2880 0
1060,15206,2877,2237,251 0
147,2093,399,212,13,1535,3170,1278,142 0
908,426,4,44,810,482,225,2117,2,71,53,156,937,48,1490,610,264 0
303,441,408,4,6,29,20,962,124,235,5,3030,13,1051,12,23,67,94,5,20,85,321,19,1765 28
18,3033,10,55,2043,1737,17,106,2319,7,95,48,237,1220,10,4886,12,23,972,139 0
27,37,95,63,5230,20,718,4577,4335 0
158,10,3403,457,2,6,1941,20,1074,37,6,29,218,865,4988 0
92,39,3290,10,838,664,10,273,15,10165,28,278,2,6,29,74,979,408,3646,1155,37,84,20,31,380,17,23,10,4821,100,17,6,746 0
19,1765,2,6,29,74,1161,6706,129,185,722,12,6,4171,2,48,18,533,734,372,326 0
4988,20,1180,42,23,4202,10,3484,23,112,2,23,817,1559,2,5,23,1782,2507,28,20,2794,12,248,3841,13,153,656,7,7607,3056,15015,12,1352,3403,3841 0
17,275,885,7,6,746,2,361,125,6,10558,746,99 0
2012,162,20,1976 0
648,2418,32,6,29,20,537,3090 0
27,38,95,2440,2912,14,17,15,205,609,7,6,44,10,2739,1092,38,14,268,218,15,8812,26,15,1079,1205,5,1092,84,14,27950 0
38,708,40,55,716,5,237,29,40,55,265,10,23,3767,886,12,6,3551 0
15,5231,1575,20,85,716,42,2733,5,6,427,4577,11,2002,3244,1205 0
232,31,177,42,240,312,232,763,494,4,225,1079,2117 0
576,494,4,372,326 0
8224,494,4,1970,844,8812,2177,1079,1205 0
6226,494,4,1970,421 0
642,4,265,10,6,3551 0
2704,203,95,4,449,606 0
526,15207,2,11060,195,495,4,15208,276,4,15208,597,42,4,15207,2,11060,813,27951,1852 0
