69,49,4,27999,30,7,156,360,4,552,4179,14,15,5986,407,104,279,10,378,325,17,961 0
136,23,97,101,2,18,21,986,19,23,322,7,1397,2,365,190,12,6,465,5,100,10,365,190,27,12785,9,1863,1973,117,2005,8 25
18,85,1822,3148,244,190,27,3133 25
19,38,322,2,23,465,67,728,50,6879,15220,4,28000,2,2271,28001,3083,9,1863,304,8,2005,4,28002,2,2271,10888,6,199,15087,14,23,97,374,4522,10,3314,41,65,3778,41,9,35,200,146,20,6636,41,8,18,21,334,981,5,21,39,306,2324,4246 6
18,3066,14567,10,6,3880,2,27,1502,793,15,200,5,363,511,15,200,10,6,4146,32,57 0
18,14,355,12,199,424,2,645,80,18,1351,7,2250,1534,2,17,71,18,14,12,364 0
19,499,18,88,87,44,34,2,255,7,194,2,618,2,272,2,1609,2,1949,2,596,2,469,2,435,2,2188,26,668,115,2,803,26,1839,7,23,197,217 0
18,21,31,39,87,1403 0
18,113,31,352 0
78,89,30,4,139,304,488,5131,9,490,7,817,3085,8,19,1594,594,1252,82 0
670,2,565,2,421,9,585,130,41,8,2,127,2,254,2,685,2,535,1644,2,139,304,1601 33,13,10
231,77,4,910,1361,2,3567,2,230,196,22,82,2,3587,1517,22,1004,2,172,474,22,82,2,4825,1004,2,1594,594,1252,327 18,19
82,2,184,105,22,82,2,742,130,22,82,2,4180,109,22,327 15
82,5,210,105,22,327 29
4649,2,28003,823,22,59,2,235,105,22,82 26
179,30,4,552,4179,14,65,15217 0
18,21,4684,401,17,6,97,462,159,5,88,671,26,554 37
93,122,4,18,14,15,2464,1799,407 0
67,94,28004,2,296,1767,2,121,4218,423,6667,5801,97,101,2,3517,7896,8520,2,267,1379,3148,80 25
217,2,11,79,2,57,2346,13,782,243 0
11,4914,26,181,4315 0
28005,5,3166,466,175 0
498,467,4,258,65,28006,4,1005,28007,1402,20,66 0
367,20,3167,2,544,130,2,940,2277,2,3842,8736,374,3314,41,2,423,65,3778,41,19,28008,320,5,114,4,12,1246,2,552,4179,14,15,5986,407,13,311,51,81,17,6,97,105,159,13,657,3680,338,2,48,182,1051,288,2,13,10969,654,374,7,3314,41 5,6
161,81 5
23,728,53,573,504,2,32,14,23,374 0
92,40,2524,23,1397,135,10,1397,1523,2,124,37,18,3502,2719,6,131,1053,117,6,1275,5,37,18,14,947,1523,17,3133,32,57 25
92,6377,428,6,852,262,454,31,55,28009,48,11062 0
18,40,126,262,7,365,190,509,5,28010,7,1397,5,3148,7974,17,3133 25
18,40,126,19,310,823,22,793,82 26
18,40,126,10,207,100,13,15221,5,2766 0
23,67,94,14,12,2581,502,19,3587,5,184 15
23,544,14,85,12,2581,502,19,210 29
18,40,126,19,15,3335,172 18
23,1402,14,66 0
165,1356 0
1005,1039,13363,2,15222,2,40,1195,2543,1594,10,3702,1252,33,18,40,207,100,12,2347,376,74,95 0
1306,28011,9022,2,96 0
