69,49,4,27962,27963,303,1315,101,4179,2,3147,27964,101,49,4,27965,629,391,4,263,34 0
30,7,629,391,4,6,29,14,15,15193,27966,12295,407,104,279,17,233,7,10678,5,10679,27967,412,2209,263,34,17,6,78,1859,123 0
6,29,20,12,23,1054,1120,7,424,532,153,223,146,2,151,18,533,63,412,372,1946,566 0
18,20,201,42,23,763,203,312,2,104,480,23,13,7581 0
6,29,1379,6,7581,28,278,2,18,533,106,2223,263,34,19,3641 0
18,1008,23,763,203,312,2,104,2802,23,263,34,10,15,7581,1566 0
18,20,936,10,3216,6,7581,19,4730 0
6,29,88,87,596,2,469,2,272,2,402,2,435,2,26,613 0
18,88,87,807,2,1609,2,26,1173 0
18,88,87,2188,377 0
18,88,87,255,7,194,26,44,34 0
18,88,87,349,2,1288,2,26,168,34 0
18,88,87,969,26,618 0
18,113,605,10,106,7901,5,3859 0
18,1185,6,34,32,4281,12,1819 0
84,9781,5,9782 0
84,113,31,6345,7282 0
3307,1044,10,1723,26,3481,6,34 0
163,7,213,4,32,119,234,2,5,355,66 0
12,2692,2,19,562,163,2,18,88,44,34,2,349,34,2,1288,34,2,26,168,34,28,18,88,87,969,2,618,2,272,2,402,2,366,19,639,2,26,396 0
19,305,2,18,4143,10,250,2,48,88,1919 0
6,263,163,14,32,119,6,234,28,18,88,1463 0
6,1368,163,14,32,119,234 0
78,89,30,4,9,35,8,311,47,81,341,28,9,51,8,127,28,9,102,8,1356,28,9,183,8,1284,28,9,83,8,231,412,372,1946,566 5,13
77,4,910,1361,28,987,28,131,28,2063 26,25
179,30,5,128,30,4,66,671 37
6,128,30,14,66,17,81,341 5
93,122,4,19,93,122,2,6,520,359,1892,15,870,7,4364,1474,1940,2,15,67,94,7,14673,2,15,296,7,1580,2,5,15,372,145,7,3171,6,651,1304,14,1347,41,19,674,662 14
12,224,2,6,29,14,12,11,180,326 0
6,202,122,821,6,392,10,55,1186,28,6,122,14,1125 0
570 0
4175 0
6,1184,14,90 0
6,112,14,330,2,13,11,920,26,229 0
6,44,482,11,8090,26,10281 0
6,226,50,5839,194,302 0
6,118,21,15,135,212,5,145,86,387,2,711,2,26,766 0
6,187,14,133,2,13,106,214,149,2223,277,2,48,11,1739,2,1592,2,926,34,2,2792,277,2,782,342,2,26,3200,342 0
6,217,53,619,5,3914,86,673,2,720,2,26,79 0
19,899,2,68,53,11,900,584 0
489,233,4,6,44,810,482,11,180,1994 0
6,147,482,15,43,399,212,27,5632,364,1958,12,189,4,6,1544,494,20,4701,611,76,1684,2177,3582,2177,5154,263,34 0
6,29,20,139,304,1601,1859,159,146 0
18,20,1285,5,2062,185 0
18,222,31,8868,87,10386,7,63,180,164,740,28,278,2,124,23,30,7,81,341,5,23,439,2,63,147,20,1156,5,604,15,43,399,212,27,365,2,86,87,958,26,27968,142 5
18,20,10455,13,154,384,7,5778,5,761,22,7,6246,2,71,3033,10,1723,23,34,8225 0
2580,263,8163,222,31,1892,87,6403,359,26,834,263,34 0
6,29,222,31,50,87,89,1276,19,6,5295,27,38,95 0
1476,5,5433,586,129,177,5,47,2957,12,3403,584 0
678,494,4,263,34,2,1732,3582,2177,4701,611,76 0
642,9,317,630,712,377,8,4,6,29,20,124,263,34,3715,12,4656 0
18,20,124,15,1948,17,6246,5,17,5778 0
18,20,10,207,100,13,23,763,203,312,6,400,107,5,808,108,115,129,10,8110,26,3481 0
18,20,874,12,504,5,185,630 0
1416,27969,15213,9996,2,96 0
15214,27970,27971,597,42,4,15213,9996,2,96 0
15214 0
