69,49,4,28059,30,7,156,360,5029,46,102,746,28060,703,593,3541,3316,10025,3051,30,38,762,21,311,51,120,971,12,6933,27,37,95,16,20,201,27,6,189,13,668,1277,5,20,31,699,57 5
16,20,265,10,6,144,17,1998,74,7,1639,74 7
16,20,874,19,486,131,154,190,513,221,5,462,190,513,852 25
16,21,453,100,13,58,5527,4721,65,1082,81,441 0
24,10969,140,120,322,6411,7,486,131,244,190,513,221,5,109,190,513,1090 5,25
24,140,1998,74,53,1844,2077,26,553 7
16,21,1403,15224 0
16,21,883,103,15225,703,593,15226,2,611,19,157,2829,765,2,9,261,8,336,527 0
78,89,30,3263,463,2,261,535,1644,2,15227,2,216,1584,1002,2,216,15228,11032,2,103,700,162,128,30,11,81,179,30,309,9,261,8,77,2419,257,110,4,486,131,244,190,513,221,5,109,190,513,1090,135,131,2448,8972,56,183,190,635,2,235,2,2345,2,3545,2,184,2,1932,2,501,2,6352,93,73,111,15229,2504,28061,276,4853,224,893,3263,463,202,822,2286,112,2921,1052,44,745,3561,418,187,133,2,463,445,3023,175,19,611,2,157,2829,765,1030,413,2,646,181,9,261,8,4599,15230,489,467,374,4811,12,28062,1191,74,28063,1211,9,480,13,28064,8,56,2374,2693,9616,5535,28065,2344,5853,2833,331,2068,3608,918,298,5178,242,311,51,120,1180,42,883,5,527 5,25,19,18,29,15,35,33,7
16,20,31,1041,57,28066,48,687,24,1077,21,110,3701 0
2912,161,126,486,131,244,190,513,221,5,109,190,513,1090 25
165,1208,10,228,135,131,1175,923,10,2203,32,38,14,268,3156,9,9329,9037,5,9405,9037,32,57,8 25
881,316,2022,1272,7,38,27,1090,136,16,40,31,55,1041,237 0
186,361,433,15,654,374 0
38,40,907,1089,1021,67,358,338,17,6,78,2003,198,5,319,907,12,377,2788 0
249,16,454,15231,13,58,4721,65,81 0
1152,329 0
3316,28067,9011,2,1885,2,9908 0
28068,9,6054,17,3620,4,28069,8 0
