69,49,4,28102,2013,93,73,101,49,4,28103,280,64,10,260,28,937,5834,17,42,58,28104,2,58,3602 0
64,3973,105,1902,2061,17,154,1902,1115,1446,4,161,301,1696,19,367,1362,28105,1363,4,188,757,34,28106,28107,116,1899,120,15235,1740,565,3091,2113,149,7543,1447,10,55,239,10,3901,148,9335,729,2148,609,28108,9,11,1329,3652,178,2,324,1105,6550,8,77,4,910,1206,28109,447,174,1770,495,56,35,347,59,3844,196,22,1366,56,35,347,513,259,3014,310,447,22,25,59,1650,614,22,25,33,28110,109,22,25,33,669,244,22,25,33,211,474,22,25,33,230,196,22,25,33,1116,105,22,25,33,5445,109,22,25,33,35,1014,4922,35,1014,67,358,2234,51,1014,707,2173,546,22,1366,2,35,347,513,2779,4476,244,22,25,33,2582,109,6396,33,367,1362,36,21,841,1009,12,931,198,137,4,3901,56,7543,179,30,5,1183,4,671,4,11,554,4,11,3865,840,4,152,2832,30,4,2369,2,113,841,245,11498,333,4,64,687,14,13368 5,19,13,18,29,15,37,10,26,33,21,31
352,4,1404,15,1114,3944,4152,4,2369,163,7,213,4,250,56,267,51,236,7,250,28,627,174,10068,28111,12,1184,11,850,377,2,11,508,386,34,56,159,12,2998,936,18,39,1012,93,73,638,4,5829,1973,946,12604,3542,7127,15236,982,224,4,2464,2,12,11,1451,326 14
181,4,11,2315,571 0
202,4,392,1186,2,1125 0
2286,5,3404,483 0
570 0
11,850,377 0
1657,1405,1130,13,11,733,2,571,2,26,2597 0
112,4,11,780,2,11,28112 0
1369,4,11,2521,976,245 0
90,10,452,86,856,2,1223,2,26,1056 0
623,4,418,2,43,246,2,253,2,11,28113,1422 0
2641,4,863 0
11,4393,26,181,1113,2,11,693,571,2,11,2133,799 0
187,4,133,2,978,2,2170,13,11,1003 0
2732,4,28114,32,39,2290,2,1108,2085,38,200 0
323,4,413,2,646 0
242,5,114,4,38,14,15,15,1174,2253,307,600,13,6,640,709,4,46,35,1072,424,927,4,56,1108,28,64,267,39,324,1108,38,200,174,58,3602,56,5987,56,119,64,39,38,200,174,58,3602,5,20,324,56,10795,56,39,27,10785,38,200,5,20,918,119,64,56,1665,1631,56,64,267,18,39,38,346,38,200,42,150,440,56,14,2052,19,2173,56,211,108,328,17,178,56,2052,19,28115,4,28116,56,64,267,102,159,146,48,14,841,3491,1769,2,2630,56,113,841,2570,963,64,10,433,1276 18
46,51,116,15236,28,2040,31,27,913 14,13
64,113,841,1821,260,10,887,23,111,80 0
11,142,12,1362,80,2,40,155,27,400,101 0
56,155,1942,124,257,46,102,120,444,37,18,155,728,27,140 5
3657,38,324 0
28117,12,224 0
56,155,458,374,56,155,956,1402,46,183,1899,40,155,797,945,80,10,2739,1312,845,5,10,11877,71,1362,10,245 10
7,99,2,39,216,149,7543,12,1740,12,644,7,3901,245,56,38,20,166,432,6991,950 29
6990,20,909,9,884,108,64,4282,1379,8,2,598,84,20,1805,37,64,519,273,2390,7,1985 0
46,83,565,285,2239,7,28118 33
21,1115,2052,13,3046,27,10785,1209,38,376 0
