69,49,4,28141,29,414,4,7706,2,6893,206,15237,9,6991,8,208,600,49,7,101,4,28142,581,17,101,1256,7706,14,15,546,200,307,4656,2393,528,13,306,89,167,104,279,80,32,15,207,100,17,23,81,2,2853,776,30,7,156,360,11244,20,460,11250,2657,5,28143,1599,10,857,97,223,2,48,39,13152,4594,65,3774,84,2,1599,168,10,150,2,176,50,28144,1634,10,197,517 39,5,25
2571,102,22,2,795,1667,19,23,28145,404,419 0
39,1176,12799,936,11,28146,173,248,236,146,163,7,213,2050,4,11,508,2,469,2,713,2,9222,2,2039,2,228,12,121,1176,4,11,2308,862,2,4213,862,2,1711,2,682,2,5507,26,3234,1176 0
11,377,28147,4,11,9641,2,4345,2,399,34,2,228,12,895,2,2540,2,377,65,2583,2,1373,34,802,571,2,167,8014,2,4206,34,2,2138,1184,562,4,11,44,34,2,94,2,4739,2,702,2,655,2,366,19,639,2,904,79,2,1612,2,756,2,372,4,11,250,2,1309,2,366,2,3184,34,2,1945,2,6107,6783,2,1919,1766,4,11,1920,2,4697,2,2366,2,263,34,2,228,12,6,300,1183,2,435,2,613,2,1463,2,3319,2,1196,2,272,2,402,3934,4,11,1196,2,807,2,1277,2,3731,2,377,2,28148,4,11,976,3732,2,2781,2,394,2,5794,2,757,34,26,388,28149,4,11,690,2,3220,2,7521,2,137,3497,36,484,2,3121,167,251,367,1715,757,76,2338,1002,76,438,81,341,127,252,168,34,7148,137,2853,776,14314,6729,77,2582,767,109,22,9,491,45,60,35,8,25,283,46,284,45,9,62,8,211,9,4167,8,9,896,547,9,4167,8,8,474,22,9,925,45,60,35,8,25,33,46,204,45,9,62,8,230,196,22,9,626,45,60,35,8,25,33,46,154,45,9,62,8,28150,3124,41,28151,41,35,2072,9,1349,9,1800,8,8,965,59,46,1280,1990,9,62,8,28152,2560,190,9,1639,1045,45,60,51,8,25,13558,46,2287,45,9,62,8,15239,397,196,25,59,46,284,45,9,62,8,4748,4453,190,9,4453,1045,595,60,35,8,25,32,575,2,631,119,376,46,35,595,9,62,8,2173,9,5039,8,546,22,9,4256,45,60,35,8,25,3029,46,183,45,9,62,8,857,9,131,3050,8,462,190,9,204,4744,3053,1496,8,405,283,2,3665,498,131,46,109,1496,9,62,8,310,823,22,9,3021,45,60,35,8,25,59,98,154,123,46,284,45,9,62,8,1116,130,22,9,390,595,608,60,51,8,25,33,46,284,595,9,62,8,517,102,22,9,1456,45,60,102,8,25,33,46,365,45,9,62,8,635,130,22,9,446,45,60,35,8,25,283,46,204,45,9,62,8,3844,196,22,9,626,45,60,35,8,25,1834,46,365,45,9,62,8,28153,9,28154,2606,8,35,2072,965,291,2,10,3495,680,46,546,1990,9,62,8,520,359,67,94,14784,296,1390,121,3702,946,93,73,759,4,57,1019,12,436,2,3349,2,3485,320,3619,460,167,13,5948,2,48,1582,19,3187,7265,31,1431,3176 5,14,25,19,13,18,29,10,26
14359,21,1297,423,2451,41 0
2472,13,419,89,583,40,126,10,1593 0
589,10,50,572,13,77 0
2853,15240,110,664,517,117,6552,2651 0
15241,168,19,1226,2,40,155,151,239 0
7002,344,428,80 0
40,114,10,2651,230,2,32,134,467,1035,1238,32,522,7,127,2,5,1495,28155,2,362,53,523,1597,2392,17,116 21,13,19
125,168,12,248,236 0
168,6243,64,1115,400,223,526,28156,6518,4427,28157,2,96 0
