69,49,4,28247,49,1426,2298,2,2547,95,6065,1159,35,141,99,29,4,9039,11066,89,69,1316,4,11067,674,4,28248,49,7,141,4,1426,2298,2,2547,763,203,312,4,11069,1707,2,195,240,312,4,11069,1707,2,195,2809,1327,312,4,2512,15251,2,195,715,139,4,275,1228,4,29,2,89,69,858,391,4,1106,5,28249,15252,30,7,156,360,4,64,20,12,24,3160,532,153,223,2078,151,16,533,15,6347,250 0
248,10,497,123,2078,16,533,3025,2,3648,2,5,549,3803,48,222,31,5421 0
1487,2,12,6,859,465,19,6,107,7,141,16,3773,100,13,572,1417,576,10,1106,5,20,15252,28250 0
16,658,10,6,303,441,819,24,651,1048,19,628,20,365,41,2,1285,2,492,5021,2,111,28251 0
16,20,124,15,5818,7,43,4337,2,5,480,13,2198,35,1800,219,2,3012,35,1800,219,2,5,3084,2483,522 0
16,39,11,596,26,469,2,11,2300,2815,2,11,396,2,11,44,34,2,11,228,12,300,1183,2,11,807,2,11,13406,2,11,2138,1184 0
163,7,213,4,32,1989,256,12,6,30,7,156,360 0
11,394,2,11,263,34,2,11,1463,2,11,2303 0
78,3828,30,4,28252,3750,15253,2,13619,2,971,151,64,14074,9954,117,63,4222,7,15,70,112,693,2,19,493,136,237,2,5597,1075,148,2,851,42,493,28253,7,3094,5,52,2240,394,28254,2,660,2,66,14676,2,66,11044,708,2,2327,19,493,27,6,95,12393,341,2,2821,4322,2,19,987,11680,2,19,184,2,11,3678,534,2,11,216,1066,2,704,12,28255,585,546,41,28256,3868,2,1224,3238,2,1755,6011,3906,28257,5145,576,10,9041,2,51,159,28258,2278,76,2,288,971,12,2758,2547,137,4,28259,5145,77,4,28260,2560,22,25,291,2030,4472,6198,35,2411,1206,59,184,105,22,25,5120,987,3432,22,25,291,933,105,22,25,5120,894,109,22,25,283,211,474,22,25,5120,1255,2,35,45,25,5120,910,1361,51,2411,5064,138,12300,51,22,25,5120,10916,761,22,25,283,8718,12368,22,25,5120,11195,594,22,25,59,3084,5620,41,51,7078,850,59,493,83,22,25,28261,2,758,22,25,28262,1692,1951,1252,25,5120,3225,5100,449,22,25,509,179,30,4,4372,10592,3926,576,10,28263,5145,2,1109,10,55,15,28264,2,14,924,13,497,726,6996,102,2,259,2,903,831,671,9042,554,28265,2,97,1656,12,176,2053,9042,128,30,4,2350,93,122,4,759,4,3078,2,610,10033,1417,638,4,276,13969,289,2501,111,5780,574,105,3247,1204,41,19,1391,1742,202,4,1623,2,570,2,2417,2,1657,1657,1405,1369,4,942,191,197,11387,623,4,135,145,5,212,2,246,5,253,43,2,11,387,340,4,1325,2,4239,558,2,133,2,875,10,1392,516,4,11,1505,2,4608,171,323,4,413,5,646,2,951,591,10,2097,992,175,2,590,1028,12,2295,5,531,181,4,11,3810,690,26,571,2,199,181,3727,467,4,397,9,510,282,8,3116,9,1298,8,294,633,9,510,282,8,2034,9,1259,8,294,749,9,510,282,8,4635,72,9,1299,8,294,689,9,510,282,8,8263,9,1420,8,294,379,9,510,282,8,1893,72,9,1300,8,169,331,9,510,282,8,931,9,1586,8,169,358,9,510,282,8,7748,72,9,1354,8,169,298,2635,9,1260,8,398,266,12564,54,9,1969,8,41,458,3879,9,2216,8,1399,615,8212,54,9,2326,8,1779,443,5261,54,9,1507,8,1301,530,365,9,1340,8,1141,665,7308,9,1448,8,1561,698,5618,9,1449,8,550,666,4397,9,1383,8,41,64,15171,72,9,7163,8,1057,1046,2263,1307,1081,4709,1658,2118,9,1698,8,41,5453,1250,72,9,4710,8,41,1102,788,54,9,1780,8,41,1145,51,54,9,1699,8,41,732,515,9,1857,8,41,1193,515,9,1816,8,41,559,2336,15254,9,2166,8,398,559,5453,8940,398,559,1102,28266,54,9,2167,8,398,559,1145,6648,54,9,2485,8,398,559,732,5083,54,9,2168,8,398,559,1193,5083,9,2228,8,398,1513,152,9,152,8,1458,152,9,152,8,2412,152,9,152,8,2486,152,9,152,8,2456,1676,9,1676,8,6528,90,9,90,8,4080,66,9,148,8,2676,66,9,148,8,4081,66,9,148,8,4082,3703,14575,9,4354,8,4083,67,66,9,148,8,1679,2080,9,4355,8,4084,617,9,148,8,8403,66,9,148,8,3885,66,9,148,8,1793,2008,66,9,148,8,389,1964,2,67,1964,2,1309,1964,548,147,2,15255,4,399,1257,2,786,513,1672,12,591,5,1088,2,657,157,1278,1607,2,70,1000,2823,464,2,15255,4,68,14,4342,1864,27,6,52,1562,13848,5582,19,6,891,4406,557,13,796 18,29,15,37,6,26,7
68,14,11,160,7,3927,26,1079,1205 0
52,197,1548,796,3578,4,1697,292,345,174,15256,5145,2,1221,2278,76,2,216,28267,2,216,305,3836,104,1530,1106,5,4335,161,1464,7,1106,5,4335,557,174,1870,6995,1334,1540,124,160,7,52,197,1548,3843,19,44,98,9020,5,28268 0
553,218,37,64,39,15,305,3836,136,16,14,2327,19,493,13,63,1060,7,2263,80,2,11,160,7,5962,19,147,2,11,44,34,19,1464 0
40,1815,13,3390,5,2927 0
40,2720,13,910,1361,522,138,270 0
40,85,126,64,74,1287,1221,2278,76,560,322,7,2030,165,216,385,19,493,2,1060,2263,80,2,40,838,493,17,3115,136,1312,1337 0
40,6441,707,1060 0
186,15256,5145,4,185,2,126,1287,560,322,249,81,341,4,40,838,64,74,802,2332,560,434,12,144,2,40,3181,174,9205,351,127,4,40,126,184,459,2009,4,40,3631,25,1269,32,1620 5,15,13
64,174,264,792,218,576,10,1234,3201 0
40,207,1831,1264,174,5529,1075 0
40,2562,1768,5372 0
40,247,64,19,15,333,174,252,10315,2471,5,252,367 0
12847,2512,15251,2,195,705,4,46,28269 0
