69,49,4,28353,1159,102,141,99,29,4,1761,2774,485,4,11070,605,49,4,176,462,2,28354,440,4,4358,9713,2,195,240,312,4,1026,4,14658,28355,2,9,28356,8,28357,715,139,4,275,858,391,618,5,228,12,972,139,30,7,156,360,287,2774,14,15,1333,1576,2,104,1530,618,37,1220,51,10,102,236,146 0
6,64,687,6,618,20,2669,151,16,13541,100,10,974,1013,28,5449,37,84,20,1926,3176,151,16,20,1488,5,28358,19,15,2692,12948,1155,32,11405 0
6,618,20,5953,42,170,1939,423 0
16,1704,37,16,1220,699,2574,432,6,9443,97,223,151,24,1785,1618,20,15271 0
16,7271,6902,1618,532,16,20,936,84,20,28359,2,237,16,795 0
16,1209,533,435,434,31,1785,87,1618,5,316,460,847,15272,11866 0
432,472,51,236,7,618,2,287,2774,586,16,549,37,16,1376,2347,123,7,24,3507,2,8931,37,16,20,1375,28360,286,26,15273 0
16,1493,10,38,7080,3730,24,560,6600,20,411,275,17,6,498,102,123,28,8653,24,13103,42,8931,16,2759,4282,7205,24,560 0
287,2774,416,37,6,674,20,31,6009,5,1660,37,24,618,20,268,621,75,46,2838,28,28361,75,46,2667,28,16,404,37,24,167,1220,151,290,28362,51,236,146,5,319,31,3506,87,150,560,37,14,627,13,24,115 0
287,2774,687,16,75,46,898,28,62,578,1898,87,618,297,2,5,28363,24,115,209,28364,108,16,1053,4499,12,886 0
287,2774,85,1802,63,264,94,12,24,392,2,8931,2,75,46,2838,28,84,549,32,108,784,1176,5,2583,129,781,10,28365,75,46,2667,28,64,88,392,28366,2,892,2,8342,9,65,840,26,430,8,2,26,455 0
163,7,213,15274,11,713,2,2364,7,535,2,228,12,1077,2,26,121,13847,11773,11,690,2,5234,2,2035,2,26,388,8765,11,1328,2,868,26,892,9043,11,228,12,862,2,8222,2,3294,2,14710,2,5869,2,377,2,26,28367,28368,11,228,12,895,2,34,2,3121,2,28369,2,26,10107,13967,11,850,2789,2,5444,1841,2,26,4345,28370,11,802,1346,2,34,2,682,1414,2,1920,2,2138,1184,2,26,2721,4123,3949,11,34,2,422,28371,11,34,2,342,2,26,377,10605,11,250,2,270,2,1265,2,655,2,702,2,26,34,15275,11,455,26,94,26,396,28372,149,847,613,9,660,13,28373,26,577,9593,8 0
11,34,2,4281,2,5062,2,3859,2,26,2366 0
6693,11,807,2,1609,2,26,1612 0
11,377,26,34,12,9733,26,1270 0
28374,4,11,3797,2,1012,2,2598,2,2757,2,2297,2,13382,2,26,15276,14808,11,8259,1214,5766,11,28375,2,1702,142,2,1872,2,2323,2800,2,26,988,142 0
11,2793,2,803,2,26,394 0
28376,11,438,26,13028,1534 0
78,89,30,825,28377,120,2,2944,2,116,2,2115,2,1413,2,28378,75,46,898,28,62,6729,9,11072,8,2,1472,2,535,1644,2,103,475,1181,162,2,1601,2,2679,2,4107 5,13
77,161,896,547,9,172,8,474,22,25,33,165,2452,1296,22,25,33,186,15277,5121,579,41,1349,9,28379,579,41,8,35,2072,965,59,249,230,244,22,25,33,351,11073,9,15278,15279,41,8,965,59,138,459,11046,1380,1062,9,11071,8,462,22,25,33,636,2074,397,9,888,8,204,22,25,291,843,5330,9,15280,8,9,3354,8,83,22,25,33,1038,787,9,235,8,130,22,25,33,1065,5392,154,1496,25,33,1552,184,130,22,25,33,1718,310,447,22,25,59,1913,4142,5191,22,25,59,138,765,34,2257,1116,105,22,25,59,2407,3940,9,2084,1555,8,51,347,25,59,2466,635,105,22,25,283,3117,5056,9,2330,8,10712,22,25,33,28380,747,28381,4596,128,30,287,2774,75,46,898,28,62,477,587,27,365,1576,5,24,603,27,1258,1576,239,10,15,729,743 19,18,15,10,26,17
6,64,21,183,3664,2,102,2972,2,5,51,3032,28,192,12,199,424,1975,10,6,64 0
179,30,287,11076,14,63,901,28382,5,1590,8868,6781 0
16,28383,12,6,28384,32,15,4889,2,5,88,87,28385,10343,3807 0
24,503,587,109,159,146,7,3267,332,5,28386,7205,23 0
10581,287,11076,1185,24,333,32,75,46,2838,28,31,32,199,32,84,454,28387,75,46,2667,28,16,1660,16,1916,2660,1127,16,2828,2,2660,286,15,1814,5,687,16,319,1838,15,1814,7,75,46,2838,28,12456,28388,75,46,2667,28,16,85,1660,6,316,95,16,2660,75,46,2838,28,57,75,46,2667,28,14,151,16,1838,27,24,837,75,46,898,28,62,26,567,75,46,898,28,62,1477 0
15281,5844,28389,2003,4722,7,5873,119,376 37
64,8619,75,46,898,28,276,977,16,692,10,2803,168 0
28390,1975,10,6,64,16,21,1109,2883,5,28391,32,134,3935,159,146 0
2832,28392,287,11076,14,31,281,4569,529 0
93,73,64,14,63,463,471,13,14190,181,571,9,2115,8,5,15280 33
16,1423,57,5,28393,15125,65,24,10033,1417 0
638,4,276,4,7594,111,4,9834,492,4,2040,574,4,564,5130,4,980,19,674,662,15274,11,180,326,202,36,1186,2,1125,28,28394,2,570,2,2286,822,2,11,5030,1528,28,657,3512,2,1290,2587,5,1130,952,733,2,2561,2,26,571,112,36,11,780,2,43,620,86,342,28,487,919,28,293,243,171,193,28,11,293,229,28,6,2921,14,1052,305,75,46,410,28,2274,7088 0
43,1043,174,11,228,12,7017 0
5227,5,856,193 0
11,7016,26,28395 0
91,75,46,410,28,4020,2160,212,5,145,28,246,5,253,43,28,11,387,2,711,26,766,28,171,243,12,6,217,193,187,36,133,2,2170,28,1234,277,712,1392,7,806,187,28,43,300,302,28,11,342,26,953,445,36,619,5,3914,28,11,720,2,673,2,26,79,949,36,951,1746,992,175,2,199,590,193,2,43,466,193 0
43,672 0
181,75,46,410,28,7575,571,19,4248,5,4615,9,794,5,806,8 0
972,139,36,413,5,646,10,3206,2,95,2,5,1083,3675,3116,4004,1697,56,56,56,56,56,56,56,4544,3830,14988,28396,335,3101,1178,2361,22,2987,9,72,8,935,1303,1712,1435,1437,2985,1434,2129,1830,2263,9,276,8,3100,2515,2496,4544,9,72,8,298,2635,615,10819,9,54,8,458,3708,9,54,8,266,10975,9,54,8,443,10993,9,54,8,530,1993,1465,481,9,54,8,1438,903,9,54,8,1497,546,1330,66,2383,66,3135,6044,5887,426,464,4,11,796,26,150,182,228,65,5146 0
392,205,4,11,180,2634,3103,2,693,505,26,9925,743,3245 0
188,5700,7,6,15267,5,70,3049,15268,2,869 0
147,4020,2160,212,2,3091,2,1138,999 0
2504,75,879,28,594,916,2,2331,75,879,28,2374,916,2,7340,75,695,28,28397,242,287,2774,14,15,1333,1576,661,13,216,2944,2,116,2,5,2434,1530,2862,618,5,3494,972,139 5,13
287,2774,14,373,218,281,12,15,1131,14507,1989 0
16,39,435,4303,42,6,15271,1618,65,6,9443,5,316,3180,24,2559,13,15,28398,51,26,102,4722,7,15272,191,363,123 0
38,12,3396,13,24,2564,7,760,65,435,2,24,2767,560,2,5,380,15282,2674,9,264,1995,358,542,65,6349,1269,12,15,381,8,519,50,28399,170,890,8997 0
2320,287,2774,1279,50,1248,4881,1148,1131,3783,24,3722,1483,10,55,251,2,7355,15,4854,1460 0
598,3722,1483,14,31,75,695,28,105,2,92,319,411,6836,37,16,21,4854,3150,3089,24,245,7,5065,5,216,2944,71,319,1248,6,3939,7,3722,28400,5,6280,17,14448,4298,7,132,353 0
287,2774,3389,1822,3449,9,7512 0
4142,8,2,63,3122,5,63,1918,2,192,7,71,53,627,13,476,28401,94,5,132,28402,71,319,2900,10,4854,3150 17,15
7807,3150,14,553,218,3089,16,14,31,947,87,12625,28403,840,9,7512 0
28404,2,28405,2,26,28406 0
9972,2,16,14,27,63,264,328,7,367,3750,124,24,216,7,789,5,9328 10
14178,2,287,2774,784,50,15,15283,3150,1187,3089,24,216,1413,71,519,2900,10,1233,7,6,5827,1946,4339,10,264,1927,12,6,6470,28407,168,100,890,6,3270 0
287,2774,75,46,898,28,62,618,5,3494,972,139,53,362,2517,42,3150 0
1317,28408,7,3494,972,139,53,2349,286,1896,6,30,5,93,317,8342,2,1319,9690,2,1319,2377,2,2162 0
114,46,8,28409,132,353,2510,1971,5,2559,4,6069,7,219,4337,191,6,400,934,3014,7000,4142,245 0
28410,286,28411,1187,4,245,1575,10,1021,6,1118,7,6,876,5,6470 0
108,1790,876,5,6470,53,514,6,494,14,268,218,15283,3150,239,10,63,1790,878 0
2320,6,29,454,55,4899,42,2047,7,380,2000,5414 0
46,8,120,15284,310,239,10,1754,7,1825,4861,5,144,624,28412 5,26
46,8,178,28413,28414,10,556,124,3150,46,8,116,15284,184,2,5056,2,787,532,64,75,46,898,28,62,132,630,6743 19,13,1,15,17
46,8,1472,7000,2452,532,64,75,46,898,28,62,132,630,6743,46,8,789,2510,635,32,937,1788,9,635,105,22,25,283,8,46,8,2115,2510,15277,5121,579,41,1349,5,15278,15279,41,965,59,138,46,8,599,878,1520,2510,5330,5,11046,32,937,1788 10
3136,2367,28415,2,10533,705,46,28416 0
