69,49,4,28321,1615,579,2,8428,2774,2,1761,4786,28322,105,1332,167,4,878,110,19,15264,5,11071,13,1051,12,876,115 0
876,3591,1104 0
3981,795,239,10,700,34 0
70,475,34,185,700,110,932,271,475 0
572,2889,6692 0
4856,6767,268,271,5040 0
6752,74,3278,36,2238,66 0
78,89,30,4,535,1644,36,21,31,1109,1765,136,8521,121,9,1376,546,727,8 0
21,2476,84,168 0
110,3242,19,663,13,199,1716 0
2115,120,565,348,714,348,36,1066,1149,66,28323,3199,2569,1983,28324,42,58,28325,2,27,28326,203,538 33,5
685,28327,6729,36,97,2238,11072,13,58,5531,28328 0
77,230,196,22,33,987,9,310,8,447,22,59,184,284,22,33,11073,601,138,635,130,22,33,28329,83,33,11036,2,749,83,22,873,10617,59,742,130,22,33,1266,130,22,1980,1201,204,22,33,669,1247,22,33,36,20,124,28330,2,48,21,31,6187,1911 13,29,15,26,21,17
5040,138,5,6767,138 0
36,4856,10,5468,1406 0
137,267,39,15,406,1566,10,153,7,6,2115,77,12,6,78 0
179,30,3833,88,309,128,424,1095,28331 37
93,122,4,111,4,2960,12254,157,4,564,181,4,839,7575,142,202,4,822,2,2354,90 0
112,4,330,2,11,1289,2,11,846,44,4,451,2181,1056,2,90,13,250 0
694,4,43,246,2,3213,2131,253,340,4,43,558,2,11,342,26,277,28,11,1119,516,4,2178,79,193 0
320,4,565,36,11,1051,127,36,1536,80 33,13
535,1644,36,88,572,2538,5,31,3353,12,9765,428 0
668,1196,36,573,504,19,280,322 0
6752,74,3278,961,2238,66,11072 0
13957,411,13,70,475,1861,5,700,34 0
613,56,836,825,391 0
114,4,5040,35,6389,33,36,21,31,61,290,2,48,1230,151,16,826,84 0
6767,866,150,107,138,36,1757,435,1140,257,17,110 0
207,100,13,58,5571 0
207,100,12,102,198,4358,3492,9713,2,195 0
