69,49,4,28308,15261,89,538,303,441,69,29,4,2774,2,1761,485,4,11070,2321,4,15262,3716,4,661,4729,315,4,28309,28310,852,1741,4,2740,4405,95,29,201,28311,858,391,613,234,15263,1530,613 39
11,2714,12,3935,123 0
158,10,37,1007,2347,123,86,15,2714 0
11,340,34,2,48,404,275,5,3262 0
11,1642,2,2303,2,435,2,3747 0
1880,153,262,7,2084,5,153,262,7,6767,119,15,128,3572,74,2912,86,87,1716 0
1545,2434,2,116,2,344,367,2,685,2,1012,8424,103,9666,257,125,2423,586,1146,28312,93,73,2050,463,779,471,2,11,180,326,973,276,4,5734,289,4,1743,111,4,28313,574,4,564,2856,745,569,562,418,4436,463,2,133,2,875,2,1325,3578,15263,28314,5,599,340,73 5,14,13,10,33
2517,301,17,300,322 0
64,281,2660,5458,7,10772,2,113,31,1656,573,1618,26,4145 0
462,1902,7,29,2737,19,4801,613 0
40,1522,28315,5,5392,12,189 0
64,10,356,28316 0
189,240,312,99,234,28317,345,36,11,300,1129,12,3020,153,223 0
11,340,34,2,11,3860,2,48,16,113,977,3262 0
11,2303,2,435,2,3747 0
16,21,1880,2084,5,6767,13,11,1716 0
115,53,3932,2,15211,2,11,14353,811,499,192,213,177,5,66,820,32,256,973,125,1476,586,385,224,4,1040,2,413,2,1442 0
392,4,1186,2,1125,112,4,330,2,275,502,7,721,2,375,44,4,11,372,326,187,4,133,2,978,2,2170,2,11,1119,2,2432,529,300,302 0
1031,4,11,976,277,7,6,217 0
899,4,466,43,10,688,1014,7,6,197,217 0
590,43 0
181,4,11,690 0
1734,4,28318,43 0
89,1941,2505,189,408,115,7,613,36,11,160,7,4670,26,12030 0
16,1737,479,57,27,38,95 39
16,40,55,124,3715,17,15,419,300,322,5,961,13,440 0
630,19,377,185,2494,613,163,2762,47,50,3402,201,5,755,6,29,5,941,6,427,74,122,2,177,5,1061,13,6,427,74,2105,7,30,2,5,285,6,233,2,114,7,203,5,642,7,6,29,13,6,427 0
38,99,21,61,809,681,42,2740,4405,2,195,28319,28320,852,979,1783,3581,12,6,189,99,563,4,5949,5429,9,62,8,2740,4405,2,195,150,5992,5914,3419,2,195 0
