69,49,4,28647,552,7709,14,15,15328,600,13,120,2,116,2,3742,2,254,5,565,104,279,17,1072,437 5,13,10,33
136,23,97,101,2,18,21,61,10,6,15329,144,819,18,20,321,19,403,28648,28649,348,7327,17,3742,5,20,936,10,28650,12,2236,1618,5,1454,6,3495,2026,1130 0
11,1735,290,2139 0
18,14,1428,173,38,280,522 0
472,3965,909,4205,196,727,2,71,519,907,23,630,32,57 0
490,7,38,2,18,21,61,10,125,6,3046,80,5,14,28651,10,1882,14970 0
81,4,32,23,728,50,61,344,2,18,3206,264,310,10,59 5,26
21,31,1282,87,663,1806 0
209,621,23,728,1453,80 0
179,6870,4,23,943,40,55,8591,65,12971,12,1452 0
18,15330,10,3073,158,10,24,1062 0
411,2054,13,3159,5,28652 0
1822,1286,100,10,183,511,15,107,17,914 0
39,23,257,28653,42,6643,27,28654,28655,32,23,5573,97,414,113,31,8901,23,28656,28657 0
1328,4,28658,42,23,4793,83,123,146,19,23,52,2042,56,947,2385,1337,1156,27,28659,8407,189 0
2997,4,9930,17,5295,28660,8819,5,9686,6,500 0
309,21,476,10,183,119,107 35
140,2416,46,28661,77,888,9,2074,397,8,204,22,9,683,45,60,35,8,25,291,4829,9,1934,425,1062,8,109,22,9,491,2924,10911,60,35,8,25,59,98,109,123,184,130,22,9,446,45,60,35,8,25,33,98,154,123,1266,9,635,8,368,22,9,1668,45,60,35,8,25,283,98,154,123,2,108,329,2801,976,34,26,394,2,1171,6,624,2073,5,750,1034,1925 29,15
2375,677,9,1372,677,8,83,22,9,521,347,1565,6074,60,35,8,25,33,310,447,22,9,778,45,60,35,8,25,33,56,354,59,1010,244,22,9,768,45,60,35,8,25,33,98,154,123,771,677,9,556,2461,1380,1062,8,196,22,9,626,2924,3194,60,35,8,25,33,98,154,123,1461,9,4024,8,105,22,9,390,45,60,35,8,25,33,98,154,123,2,60,1973,347,98,183,123,5,237,60,153,45,82,1292,83,5007,22,9,1934,83,5008,370,22,8,989,347,25,4241,98,854,123,3545,35,41,3945,35,2072,9,35,41,3945,8,965,59,98,1250,123,2,361,2208,10,3495,2026,793,15,107,1934,83,22,9,521,45,60,35,8,25,1834,138,34,2,10,55,28662,13,1292,10,7025,1165,262,1286,9,1889,8,684,22,9,2479,45,60,35,8,25,1834,138,15325,2,60,153,45,100,10,938,511,82,32,865,17,4766,2835,73,520,359,111,14155,2,289,982,2,616,5328,946,439,28663,759,4,10334,2,316,610,6750,151,3468,943,5,14672,13,34,2,7132,10,1845,2290,26,592,73,226,4,745,193,623,4,418,86,387,340,4,133,2,375,2541,4,261,3742,7,52,2541,86,733,26,15331,27,231,95,114,161,3742,56,411,6251,10,338,2995 14,19,26,30,21
4147,3545,3945,13,264,2205 0
6634,802,1337,2638,817,15331 0
3990,1276,65,15329,144 0
40,247,19,2879,2940,17,28664 0
5694,2205,12,102,198,5,539,6154,423,10,365,3392,7,1158,27,37,95 0
165,81,56,2620,2821,80,124,1547,251,728 5
126,310,5,1372,17,110 26,30
40,750,108,18,692,10,383,310,262 26
186,116,56,411,344,2,48,504 13
19,669,2,184,130,5,771,5437,40,707,13,121,274,7453 15,21,19
249,3159,56,4055,10837,2,21,3159,5,28665,15332,12,1083 0
3926,4687,500,12,1460 0
351,4032,56,281,5224,1108,5,1320,2,32,84,40,55,403,1431,3234,348 0
40,539,84,428,12,102,198 0
99,4,334,128,216,28666,335 0
40,126,10,3802,2720,5,3631,1631,8163 0
1306,28667,1940,28668,2,1885,2,3612 0
