67,54,4,33944,3309,2362,820,162,55,162,594,4,153,33945,229,4,2420,17380,1201,820,189,4,33946,1978,1505,683,140,4,2337,3928,367,820,902,4,33947,404,17,168,4,4261,282,4,1288,379,832,13,1205,19,821,3,71,3,100,3149,3,3890,2713,3,162,17,4261,123,36,65,169,10,168 1,1,1,1,1,1,1,1,1,1,1,1,1,1,1,1,1,1,1,1,1,1,1,1,1,1,1,1,1,1,1,1,1,1,1,1,1,1,1,1,1,1,1,1,1,1,1,1,1,1,4,1,1,1,1,1,1,1,1,1,1,1,1,1,1,1,1
6,28,146,46,33948,33949,37,208,46,68,6,646,7,23,361,1896 1,1,1,1,1,1,1,1,1,1,1,1,1,1,1,1
233,923,538,139,52,1198,220,470,1687,2014,3,11,312,446 1,1,1,1,1,1,1,1,1,1,1,1,1,1
90,33950,3,38,2121,362,34,75,538 1,1,1,1,1,1,1,1,1
126,10,2608,23,353,2335,40,272 1,1,1,1,1,1,1,1
99,820,20,19,3291 1,1,1,1,1
80,39,30,4,1205,19,821,123,11390,317,36,151,159,440,279,33,17378,2713,3,881,3,1383,100,3149,354,902,30,4,59,6933,3,2017,1489,397,37,127,4,790,39,4,9,135,146,3,368,31,660,220,79,35,16,109,31,731,1485,8,1522,549,105,3,6430,8689,69,3,252,1026,105,3,236,378,276,3,3053,14406,4147,3,2738,1801,69,3,165,3,218,549,105,3,2176,3,784,707,686,105,3,2162,3,1118,378,105,3,2114,3,7600,33951,4147,3,7988,1675,105,206,30,4,193,1732,3,193,485,3,245,220,1789,71,573,3,500,206,1623,150,30,4,573,98,13,33952,102,77,140,4,3650,3928,1207,4,5712,148,4,33953,523,4,1137,814,4,787,358,12,480,227,4,1117,78,1071,29,364,91,5,1110,136,4,332,3,11,309,3,576,7825,155,4,751,1069,720,4,145,3,1270,3,11,1099,362,4,152,3,2938,3,11,969,531,4,11,93,12,634,1069,3,100,17381 1,1,1,1,1,1,1,1,1,4,4,4,1,1,1,1,1,1,1,1,1,1,1,1,1,1,1,1,1,1,1,1,1,1,1,1,1,1,1,1,1,1,1,1,1,1,1,1,1,1,1,1,1,1,1,1,1,1,1,1,1,1,1,1,11,11,11,1,12,12,12,1,1,1,1,1,34,34,34,1,8,1,13,13,13,1,1,1,9,9,9,9,1,1,1,1,1,1,1,1,1,1,1,1,1,1,1,1,1,1,1,14,14,1,1,1,1,1,1,1,1,1,1,1,1,1,1,1,1,1,1,1,1,1,1,1,1,1,1,1,1,1,6,6,6,1,1,1,1,1,1,1,1,1,1,1,1,1,1,1,1,1,1,1,1,1,1,1,1,1,1,1,1,1,1,1,1,1,1,1,1,1,1,1,1,1,1,1,1,1,1,1,1,1,1,1,1,1,1,1,1,1,1
354,902,4,1192,2026,5,97,2956,3,589,5,1539,222,61,149,4,401,40,272,192,5,104,4,1288,379,832,13,1205,66,151,3,132,162,17,361,1896,3,538 1,1,1,1,1,1,1,1,1,1,1,1,1,1,1,1,1,1,1,1,1,1,1,1,1,1,1,1,1,1,1,1,1,1,1,1,1,1
176,404,17,168,4,4261,3,538,3,6,79,14,132,12859,5,1081,10,2608,23,353,3,470,40,328,10810,753,10,52,9453,3,237,2608,353,2335,3,71,153,353,395 1,1,1,1,1,1,1,1,1,1,1,1,1,1,1,1,1,1,1,1,1,1,1,1,1,1,1,1,1,1,1,1,1,1,1,1,1,1,1
178,820,15686,4,10093,195,148,4,1403,37,40,14,15,2411,7,2066,39,40,272,9,5,500,33954,367,16,109,31,731,23,254,8,5,1053,1930 1,1,1,1,1,1,1,1,1,1,1,1,1,1,1,1,1,1,1,1,1,1,1,1,1,1,1,1,1,1,1,1,1,1
5027,33955,27,821,89 1,1,1,1,1
253,494,355,4,560,998,839,3,19,2986 1,1,1,1,1,1,1,1,1,1
346,6213,1817,9,33956,8,4,86,9768,3,1179,11789,3,144,1179,89 1,1,1,1,1,1,1,1,1,1,1,1,1,1,1,1
460,1335,4,19,2162,3,160,266,33957,71,353 1,1,1,1,1,1,1,1,1,1,1
652,354,902,4,6933,400,60 1,1,1,1,1,1,1
833,820,1581,4,2105,83,3,33958,3,33959,3,11786,3,11791,3,7654,5027,3,33960,676 1,1,1,1,1,1,1,1,1,1,1,1,1,1,1,1,1,1,1,1
64,17380,10,1933,226 1,1,1,1,1
56,56,56,56,56,56,56,56,56,56,56,56,3210,2925,3,107 1,1,1,1,1,1,1,1,1,1,1,1,1,1,1,1
153,1191,710,33961 1,1,1,1
