69,49,4,28835,964,1117,470,99,49,7,141,4,28836,1159,4,378,325,1117,4,7768,132,240,4,8358,581,17,470,4,735,692,434,3976,234,4,1963,4656,2393,661,9,1538,13,2262,7,6514,3137,1783,8,28837,19,735,915,28838,9,28839,2,14008,2,1203,2860,8,2,116,2,265,17,3237,34 5,13
29,28840,265,10,4770,17,6790,613,13,377,28841 0
432,6,141,16,20,166,10,50,4052,735,5,543,1663,6027,5,1687,4287,7,28842 0
6,29,9963,24,1287,735,19,9592,5,10206 0
16,533,263,34,2,168,34,5,572,1417,19,465,7,141,16,1008,2065,5,20,514,10,55,127,13,111,75,695,28,28843 14,13
16,20,124,1160,3982,13,1853,7,115,48,31,7,127 28,13
16,986,10,50,116,12,189,5,543,15,205,1992,28844,222,31,1892,1619,316,225,1079,2117 13
24,4210,28845,20,1435,5,999,28846,10,28847,313 0
16,20,265,17,9597,7,1229,2546,499,4,275,163,7,579,845,499,66,150,271,1113,166,12,234 0
1545,4,120,2,971,105,159,146,2,1180,42,981,83,159,146,2,1358,83,159,146,2,5,225,2860,614,159,146,1136,19,735,2,321,735,83,159,146,2,19,6731,1384,27,7174,1695,144,225,8788,2,321,83,159,146,127,254,15352,103,225,2860,614,159,146,2,1180,42,2595,7,70,337,12,2857,5,4238,103,1601,257,4,119,134,855,1246 10,5,13
161,172,474,22,327 18
82 18
165,1133,109,22,327 20
82 20
186,11080,154,22,327 0
27,1244 0
249,3587,1517,22,327 0
1190 0
351,10917,802,244,22,327 0
102,511,15,223,2,4858,2,3269,2,3917 0
459,2074,397,204,22,327 0
1190 0
636,8870,105,22,327 0
1190 0
843,131,3148,4194,3628,579,190,3022,866,420 25
1038,131,3148,4194,3628,244,190,3022,297,1275 25
1065,184,130,22,327 15
82 15
1552,2019,83,22,327 0
7332 0
1718,556,2461,1380,1062,761,22,327 19
82 19
1913,3463,1143,5790,51,6609,15,107,2399,10,300,1129 0
2257,2084,8609,22,327 0
1190 0
2407,7704,15355,22,327 0
2865 0
2466,635,105,22,327 29
1244 29
3117,397,28848,28849,462,5790,327 0
183,511,15,223,2,4858,2,3269,2,3917,2,3640 0
28850,4,747,2575,4,120,2997,4,9,119,99,65,498,141,15356,8,2536,65,11100,3077 5
295,13,24,477,12,15357 0
578,924,2,11,726 0
671,4,706,614,159,146,2,1109,10,1374,1973,1860,430,4,706,614,159,146,2,1109,10,55,15,1818,5877,2053,4,578,9198,4,973,1157,7354,492,1182,2,111,5772,2,574,564,2,2706,980,41,19,1391,8008,224,4,463,345,2,829,5474,202,4,6668,112,2,487,12086,2,1130,2907,2215,4,1459,194,302,27,1912,52,75,695,28,70,1977,4,28851,2,418,2,11,766,26,28852,3045,4,11,1386,26,277 38,14
516,4,1663,19,52,3334,9903,296,2,839,197,445,79,323,4,382,10,3073,192,183,12807,28853,4,11,1138,2111,166,258,15293,649,2397,2,524,4058,2,824,1204,2,6321,1439,2,379,2017,2,792,28854,335,5886,2,5209,3480,2,3007,15361,4723,854,2,2396,1439,2,28855,15362,2,3987,10875,999,4,1565,2,1598,2,11,313 0
833,15363,13,1136,279,12,1229,303,2,1693,17,89,3231,13,380,1131,28856,32,1187,645,479,42,69,10,14548,735,645,251,792,2112,1208,4052,735 0
28857,380,14,4805,13,1131,4158,5,1959,28858,28859,1313,32,1489,7,80,1643,1464 0
114,1136,735,80,28860,2,6214,28861,2,8645,649,1604,2,524,2827,2,335,758,2,6321,244,461,4,4723,854,2,3450,15362,2,11,2396,6874,1845,4632,434,116,2546,1825,1033,76,4,3007,15361,2,335,4033,19,28862,27,735,126,7704,1759,116,4,40,2183,28863,6214,434,2887,10,2543,15364,2,126,89,9597,32,1933,15364,14,2934 13
1610,4,1663,13,134,28864,199,9891,6326,27,735,1533,285,13,608,1829,8358,8873,7768,195,28865,3583,132,1117 0
