69,49,4,28874,6004,303,1315,101,7714,2,9049,11105,101,49,4,28875,38,29,20,201,12,4866,13,427,312,2,8138 0
361,125,427,74,99,17,5374,885,7,6,101 0
629,391,4,44,34 0
30,7,629,391,4,38,29,14,15,4824,528,104,279,10,6,303,441,1360,7,44,34 0
6,29,21,39,306,303,441,2422,17,1535,115 0
18,21,15,494,7,4766,2835 0
6,29,416,37,191,6,97,107,26,248,2,18,21,61,460,115,7,52,112,34,5,349,34,2,13,639 0
6,29,279,17,233 0
163,7,213,4,66,17,255,7,194,2,394,2,803,2,868,2,4213,862,2,596,2,469 0
150,163,7,213,53,66 0
78,89,30,4,81,5,127 5,13
77,4,987,2,4320,2,2798 26,20
137,4,11,334,624,137 0
179,30,5,128,30,4,2350 39
93,122,4,38,14,15,2464,528,12,11,326 0
520,359,4,870,4364,2,296,1987,2,372,145,564,2,67,94,8571 14
1161,1304,14,204,41,19,674,662 0
202,4,4868,14,175,2,13,11,160,7,1328,2,28876,2,26,9074 0
1237,53,1967,2,1221,10,688,5,4571 0
5940,1405,53,90,193 0
2444,14,15130,13,15,1052,4798 0
112,4,2921,14,1052,86,7183 0
625,53,171,86,229 0
44,4,90,10,452,5,1043 0
562,4,246,2,253,2,11,387,2,766,2,26,711 0
187,4,133,2,978,2,2170 0
11,1119 0
318,300,302 0
11,6403,359 0
217,4,66,17,720,2,673,2,26,79 0
181,4,66,17,484,2,5383,2,26,28877 0
1030,4,1040,2,413,5,646,98,186,1478,1738,1746,53,175 0
863,590,2,1355,2,5,466 0
43,672 0
489,233,4,1153,6277,20,483,5,11,228,65,498 0
6,29,39,63,352,3123,215,12,5435,71,20,557,13,2,48,1394,7,2,313 0
364,1958,12,189,4,6,29,20,124,172,42,1414,2,651,1896,850,4686 0
124,6,29,74,498,352,3123,215,2,23,30,7,127,5,81,2,5,1535,115,2,6,29,40,55,265,10,6,144,17,15,1167,286,729,743,5,415,1149,1011 5,13
678,494,4,44,34,2,884,1187 0
642,9,317,630,712,377,8,4,6,29,20,265,12,185,630 0
1416,28878,3141,15366,2,96 0
15367,28879,28880,597,42,4,3141,15366,2,96 0
15367,232,31,177,42,240,312,232 0
