69,49,4,28866,6004,303,1315,101,7714,2,9049,11105,101,49,4,28867,629,391,4,396,2,1414,275,7,67 0
30,7,629,391,4,15,2922,200,307,528,104,658,1360,7,396,5,23,1414,275,7,67 0
6,29,416,37,18,20,12315,38,465,65,23,535,13,23,1414,275,7,67,5,1127,18,1447,20,2647,7837,5,1989,37,18,39,106,396,5,272,2,5,1493,10,6,144,10,55,201 0
18,3502,11,30,7,1346 0
18,416,37,18,39,106,688,94,12,23,44,5,106,396 0
163,7,213,4,712,1464,401,2,18,21,11,849 0
11,391,7,7767,26,618,2,11,391,7,44,34,26,255,7,194,401 0
78,89,30,4,18,21,30,7,127,5,81,2,914,5,4766,2835,2,1385,569,32,57 5,13
77,4,5122,5,28868,137,4,18,21,11,137 0
179,30,5,128,30,4,483 0
21,15,1656,866,110,5,428 0
93,122,4,18,14,1285,13,185,520,359 0
296,738,2,1851,723,2,67,94,28869,962 14
18,14,1433,12,6,303,441,27,38,95 0
19,73,2,23,202,73,14,43 0
11,67,12,23,1290 0
11,160,7,87,802,1328 0
11,160,7,392,1328 0
112,14,330,2,2691,5,2885,43 0
305,73,36,90,194,302,193 0
91,73,36,135,145,5,212,2,15,1812,417,2125 0
187,14,133,2,978,13,43,300,302,2,11,2223,34,26,277,2,11,953,2,11,342,2,11,1592,26,1739 0
1132,66,13,43,812,1419 0
243,43,722 0
199,275,502,7,721 0
323,73,43 0
21,11,396,2,44,34,26,5014,27,38,845 0
489,233,4,1153,147,482,43,399,12027,27,2621,2,48,540,20,43,147,13,145,7,7825,11,160,7,87,180,142,19,147 0
6851,43 0
783,5,867,43 0
1768,2,379,2,331,5,67,848,43 0
835,7,2017,13,43,769,830 0
1728,36,395,67,2,395,358,2,11,769,2064,2,11,1711,2064 0
389,7888,215,66,5,44,810,66 0
364,1958,12,189,4,4862,2389,20,730,13,28870,2,11,160,7,67 0
979,320,4,15,2922,200,307,528,104,3912,7,396,5,15,1414,275,7,67,13,15,66,1243,2,11,160,7,15,339,1574,2,11,160,7,87,91,76,26,180,91,167,2,43,489,426 0
678,494,4,396 0
642,9,317,630,712,377,8,4,537,874,10,140 0
630,19,377,14,185 0
1416,28871,2911,5786,2,96 0
15365,28872,28873,597,42,4,2911,5786,2,96 0
15365,232,31,177,42,240,312,232 0
