69,49,4,28902,144,7298,1925,28903,28904,28905,3593,7714,2,9049,7999,28906,2,28907,15368,28908,9,28909,8,28910,28911,30,7,156,360,4,552,7714,14,15,6384,407,104,774,17,207,100,7,81,5,150,89,167 39,5
167,4,161,81,341 5
97,374,1036,198,146,20,14957,97,568,73,85,20,1036,198,146 0
165,127 13
11,44,34,2,255,7,194,2,26,904,79 0
186,789 10
15,797,1001,6604,346,1859,198,146,227,488,367,7,7128,2,1587,7,1516,2,940,7,2922,2,5,63,544,7,9757,77,4,172,474,22,327 18
82,2,442,2294,1481,22,1004,2,2330,368,22,82,2,987,3432,22,1004,2,1889,35,22,7332 17,18,26
4661,2,2908,109,22,82,2,5,14269,105,22,82,2,48,18,2876,286,106,95,146 29
163,7,115,4,18,21,166,106,5234,1352,363,853,19,362,744 0
11,182,121,228,2,6033,359,26,115,2,868,2,4213,862,2,2540,2,44,34,2,250,2,255,7,194,2,272,2,263,34,2,9222,2,435,2,807,2,1609,2,181,484,2,2035,2,757,34,2,26,900,394 0
93,122,4,6,29,14,12,11,180,326 0
67,94,15118,2,121,5495,643,2,5,870,10893,181,73,4,686,17,1234,733,5,4315,1352,363,853,19,6,70,5,52,744 0
11,12705,5208 0
904,243,395,193 0
466,14,175,19,2051,1694,7,362,744 0
44,4,90,10,1043,5,452 0
217,4,11,79 0
242,5,114,4,161,81,341 5
199,338 0
40,887,2627,80 0
165,127 13
199,338 0
2330,5012 17
186,789 10
47,177,13,6,29,6,301,10,60,560,2866,17,6060 0
419,338,7,544,271,498,4036,85,1683 0
47,1931,23,15,1948,17,3901,109,22,327 29
82 0
249,4253,2293 0
47,2517,1168,10,6,29,5,7976,203 0
85,2,1931,1948,17,8201,1349 0
351,2013,424,927 0
1320,2604 0
1551,1291,124 0
526,4636,62,9928,2,96 0
813,28912,4597,2746,800,4,15370,827,4,28913,818,4,15370 0
