69,49,4,28924,581,17,101,4429,14,15,1182,1576,28925,17,28926,7001,5,120,522 5
85,2,1305,34,12,70,28927,13,121,6099 0
28928,17,173,854,198 0
4142,3312,12,78 0
11,28929,1711,26,2750 0
13,221,2757 0
11,150,757,849 0
167,2711,81,341,311,51,127,1407,9050,4,105,159,146 5,13
77,3639,9,11108,3462,15373,244,22,8,35,595,25,33,184,491,45,60,35,45,9,62,8,25,33,607,83,22,9,521,45,60,35,8,25,59,4698,9,11020,8,154,22,9,1674,595,608,60,35,8,25,33,10277,9,5981,1503,8,35,1593,2478,59,310,3432,22,9,4480,45,60,35,8,25,291,10915,6207,22,25,33,230,768,45,60,35,45,9,62,8,25,33,137,3497,36,905,3051,30,826,257 19,15,26,30,21
11,11109 0
1612,98,51,28,28930,28,9043,11,849 0
97,73,36,28931 0
11289,11,34,2,803,2,2409 0
3586,11,44,34 0
11,270 0
11,396 0
11,7565 0
11,702 0
11,655 0
11,28932 0
11,79 0
11,272,6038,11,272 0
11,7569 0
11,4162 0
11,1002 0
11,3045,34 0
11,435,48,21,4208,577 0
11,613 0
11,1463 0
11,2303 0
5766,11,868 0
11,862,228 0
11,895,228 0
11,803 0
1432,2,744,13,1839 0
11,274,7,590 0
11,1232 0
11,274,7,2852 0
28933,11,28934,11,15374,15375,140,28935,28936,150,28937,520,359,67,94,12618,296,1580,870,7630,121,10053,73,436,2,3349,2,3485,9043,8699,75,2354,31,5451,28,570,2,4175,661,75,5436,2496,5,6323,483 37
199,3512 0
1130,28,11,733,28,11,2597,28,11,571,3949,330 0
11,920 0
11,1059 0
11,2384 0
11,846,3586,1714,7568 0
1268,43 0
11,1422 0
11,1371 0
11,5551 0
4340,11,2521,976,245 0
7566,43 0
8761 0
7567 0
5552,43,558,28,133,13,11,1003 0
11,693 0
11,277,28938,744,4,11,79,28,243,175,5,863 0
181,175 0
4049,175,48,553,70,337 0
70,28939,65,13,839,8090 0
70,28940,456,28941 0
242,199,111 0
120 5
2113,48,39,798,6264,70,663,393,70,663,14,2572 0
642,5,1492,28942,11000,1686 0
3699,2,458,10586 0
954,2221,683,59 0
1542,183,376,28943 0
526,2740,8156,28944,2,96 0
