69,49,4,28963,28964,2,28965,2,4470,38,14,15,10069,101,13,427,2,58,28966 0
30,7,156,360,4,1924,2,38,14,15,9251,528,13,15,78,30,7,3952,81,2,5018,2,1101,118,353,13,63,872,1177,7,1211,41,2,670,2,5,9050,629,401,13,106,1848,394,136,922 39,5
18,21,11,900,1479 0
18,39,11,1111,2,11,596,2,11,44,34,2,11,255,7,194,2,11,263,34,2,11,272,2,11,402,2,5,11,435 0
18,14,382,10,2894,13,15,2846 0
18,88,868 0
18,20,699,57,532,922 0
18,39,11,134,560,142 0
18,21,188,197,445,79,2,52,1441,271,70 0
18,21,185,28967,655 0
18,14,453,42,58,11111,7,507 0
18,826,235,368,22,793,82,11493,150,77,5,6,139,20,185 0
18,39,15,43,91,415,215,647,183,198,146 0
93,122,4,18,279,13,15,118,145,7,1529,2,372,145,7,723,2,67,94,962,7,28968,2,653,94,476,10,3702,86,522,4129,117,1367,2,5,1161,1304,7,1080,41,19,674,662,13,870,7,28969,18,14,1040,5,413 14
18,14,12,11,180,326 0
18,21,1130,1657,1405 0
23,112,14,330,13,275,502,7,721 0
18,21,149,3872,1188,2698,2,71,18,416,14,307 0
18,21,90,5,1025,194,302,193,5,11,372,326 0
118,14,135,86,387 0
18,21,133,2,375,11112 0
18,21,7449,197,445,79,13,15029,2439,79,10,6,52,5,395,2439,79,10,6,70,2,71,18,416,14,188,5,869,65,450 0
18,21,1028,590,722 0
18,21,11,3441,3165 0
18,14,382,10,2894,13,15,2846 0
489,467,4,7072,489,1011,482,63,483,801,5,5219 0
15,1501,7,91,12152,482,15,783,7,5620,2,71,14,476,65,23,373,134,450,2,71,21,61,251,191,6,78,363,198 0
23,1827,20,14039,23,1728,20,483 0
23,147,20,15,4176,212 0
44,810,20,483 0
303,441,408,4,6,29,20,285,13,58,11111,104,909,6,29,55,265,10,6,2545,1045,17,983,1501,7,91,2066,10,4276,783,32,57,32,2545 0
16,40,125,6,29,12,6,465 0
108,6,29,74,4276,1501,7,91,2066,53,31,734,5,18,404,57,2909,10,1418,140,2,18,40,218,55,874,117,58,11111,2280,23,5,3154,87,560,3361,37,53,1633 0
763,494,4,127 13
576,494,4,1848,394 0
642,4,2545,1045 0
526,3948,2,4470,96 0
495,4,11113,276,4,11113,597,42,4,3948,2,4470,813,28970,1852,232,31,177,42,240,312,232 0
