69,49,4,28971,1327,605,99,49,4,28972,1159,4,378,325,15378,4653,15379,64,414,4,4481,2,4404,69,1316,4,11114,440,4,152,715,139,4,905,6536,4,15328,471,13,120,5,15,15380,3524,216,386,1346,8506,580,1570,2,1530,1684,7,157,1382,611 5
234,4,38,196,292,471,13,120,5,580,1570,21,39,188,386,1346,17,15380,831 5
6,5258,611,19,24,70,1382,21,61,156,17,83,198 0
12,6,78,51,236,2,6,29,21,1282,264,34,5,14645,1395,65,6,1331 0
12,6,78,16,21,61,480,13,1337,436,15381,2,48,16,319,31,5003,71,1337,50,61,1109,12,6,78 0
16,88,596,2,469,2,9507,2,1112,2,807,2,13274,26,340,34 0
16,85,10790,37,16,21,15,1711,484,19,24,70,3334,2,2563,24,187,2,19,6,794,44,2,5,12,6,1270 0
28973,1349,21,61,2978,17,38,12,6,78 0
712,6236,2,16,821,37,16,21,39,106,149,52,2240,44,34,17,51,697,2,71,404,621,15,403,94,2,348,6993,2,5,627,13,255,7,194 0
16,3242,19,183,3287,9,48,37,21,61,185,17,109,831,8,2,21,847,396,2,11,969,2,11,1642 0
3931,4,1617,535,1644,670,305,127,3360,27,1391,1742,27,420,27,140,116,2434,580,1570,188,386,1346,2760,565,336,527,796,1832,257,4,2771,130,291,607,83,33,211,370,33,235,130,59,137,4,747,128,299,4,28974,179,299,4,671,4,3010,1854,159,2,706,35,3524,146,430,4,88,7745,4,88,1308,2150,4,13,503,12,15,28975,28976 5,38,13,18,30,20,33
500,4,4915,42,535,1644,1832,831 0
1109,10,1411,15,1814,17,500 0
163,7,213,4,32,119,234 0
192,150,213,66,12,790 0
93,73,4,520,359,4,276,7127,111,4102,289,1580,574,1200,2706,2693,41,628,616 0
28977,727 0
224,4,413,5,646,463,769,345,2,436,2,28978,13,839,639 33
202,4,1504 0
725 0
570 0
112,4,463,2,11,920,1139 33
6632,4,11,269,1139,44,4,1398,1977,4,1172,135,145,5,212,13,4093,2,3520,28979,417 0
340,4,463,2,4695,300,302,2,133,2,375 33
217,4,197,217,13,181,4257,1126,580,1570,3625 0
19,6,70,1382,68,14,15,5309,3207,2991,10082,2,71,479,14766,5,14,15382,5,13752 0
323,4,2359 0
181,4,688,2587,484,19,70,3334,2,1203,28980,5199,2,5,15,7838,2563,187 0
1270,181,8394,1130,5,829,3151 0
282,467,4,2056,790,17,4481,2,4404,600,9051,67,15383,28981,1903,46,28982,215,1745,772,1904,1412 0
502,1412 0
190,357,397,2397,1298,294,357,633,2034,1259,294,357,749,738,54,1299,294,357,1688,1689,5757,1420,294,442,3347,1482,169,1531,2263,1727,169,1042,931,1690,1421,357,1873,2083,109,1300,169,357,331,1659,1586,169,357,358,2374,1354,169,488,975,3347,72,2588,550,1370,2057,2513,550,1937,3146,72,2310,550,1103,1096,3378,2500,2550,1245,1700,1891,1475,3186,41,772,2419,4,1700,2109,3995,1431,252,10,3996,2151,1475 0
2288,456,1858,2551,1245,1103,1096,3177,4068,612,1532,790,17,4481,2,4404,600,9051,67,15383,28983,1903,46,28984,215,1745,772,1904,1412 0
502,1412 0
190,298,3101,1260,398,266,7404,54,1969,41,458,5178,2216,1399,615,11305,2326,1779,443,6626,1507,1301,530,1987,1340,1141,665,5341,1448,1561,698,5675,1449,550,666,4519,72,1383,41,1225,1856,431,1307,1081,1192,1658,546,72,1698,41,1102,1408,54,1780,41,1145,481,1699,41,732,102,1857,41,1193,35,1816,41,559,2336,28985,2166,398,559,1102,15359,2167,398,559,1145,9245,72,2485,398,559,732,10369,2168,398,559,1193,3124,2228,398,1513,152,43,1458,152,43,2412,152,2486,152,5277,3845,361,4229,2735 0
2031,148 0
1394,968,1067,507,467,4,11,180,958,142,2,11,5168,228,65,498 0
4695 0
3736 0
4695 0
3736,5,5926,19,2408 0
1554,4,197,445,5852,148 0
17,877 0
4970,2761,7,197,217,148 0
17,2813,26,13550,1471 0
320,4,196,292,471,13,188,580,1570,5,1684,7,1686,181,4315,2,52,5750,12,5558,2,5,44,34,13,10379 0
114,4,161,1254,4,1170,120,5,580,1570,2,505,37,6,29,21,14,214,2358,2,5,1195,301,31,55,480,32,15,381,611,2,1339,2807,17,7256,5,15384 5
38,14,2282,15,4274,1254,2,5,176,55,480,13,5866 0
470,1166,203,1436,10,1491,1239,6749,5,203,7,1166 0
539,10782,162,17,15381 0
11,3233,1633 0
1729,67,1964,36,707,17,28986,28987 0
539,691,7,531,10,1364,2595,2,278,2,3869,1155,15,5258,3527,519,1489,84 0
165,44,34,13,5926,5,8339,4,1167,286,17,371,42,785,1094,2,32,314,280,10379,176,28988,314,729,28989 0
707,147,5,2408 0
108,2349,286,2,539,3976,2006,4212,28990,1149 0
155,1001,1075,10,241,28991,178,328,2,1490,247,15,1226 0
186,28992,4,470,4381,10,3003,13,5925,5,352,2059 0
249,1210,4,2537 0
10323,536,4,121,274 0
681,15378,2410,4653,2,195,15379 0
