69,49,4,29052,15385,614,1327,141,99,29,4,4404,4481,485,4,11114,605,49,4,11118,440,4,15391,5245,4027,2,195,240,312,4,2367,29053,2,195,858,391,255,7,194,30,7,6,156,360,287,4481,14,15,1910,292,471,13,15,30,7,421,9,585,1909,41,8,2,670,2,2455,2,15397,2,116,2,4209,2,188,580,1570,2,5,2760,565,629,10,6,189,13,255,7,194 33,5,13
29,21,39,51,158,141,9,11010,2,7108,8,17,421,7731,2,97,141,1339,235,368,219,291,10,5944,29054 0
29,416,24,682,121,14,29055 0
16,20,288,12,29056,117,162,17,10933,580,1570,611,5,1936,140,12,29057 0
712,3980,140,24,121,20,423,10,12442,727,2,278,712,141,84,14,29058,727 0
3204,267,6,78,102,236,16,21,549,263,5062,2,264,531,79,5,383,366,19,639 0
27,450,16,14,382,10,2894,1396,6871,19,24,2611,278,110,16,14,9900,382,10,433,100,664,6,7544 0
16,85,267,264,1395,65,24,1686,1166 0
16,267,560,2577,820,17,5010,2003,511,191,6,78,363,236 0
16,267,264,760,1269,317,29059,8482,2,3677,1618,2,333,4735,5,15,75,46,9438,28,29060,75,46,898,28,7,2236,10,24,1341 0
27,450,16,3636,1391,651,432,6,107,5,3210,27,420 0
24,1765,3595,21,61,9797,17,6,78,223 0
16,3815,3242,19,102,3287,48,21,288,264,10,249,16,29061,65,535,2291,699,1396,7,194,5,8226,19,6,4405,7,24,886,10,7895,24,194 0
80,16,701,24,440,27,4435,3147,74,144,29062,538,17,6,256,849,5,20,718,2073,10,6,2652,203,308 0
65,68,16,20,1086,10,6,9051,189 0
12,6,4366,16,431,130,22,219,235,98,35,5,39,6069,7,6029 0
12,6,189,2,638,129,492,2501,2,111,7382,574,105,651,1048,1347,41,19,6696 0
16,431,983,446,219,7,235,5,1730,286,2560,384 0
258,604,15,524,7,2361,2,22,7,2068,2,266,7,5278,5,1827,7,29063,524,5,22,129,6178 0
2798,1674,25,98,35,20,124,17,2082,2004 20
464,227,185,1874,79 0
29,20,265,10,325,17,241,500,100 0
163,7,213,224,75,46,410,28,29064,1313,28,11,596,2,469,2,26,420,1112,305,75,46,410,28,11,250,2,261,366,2,11,1106,2,11,1919,91,75,46,410,28,11,44,34,2,11,396,2,261,655,2,261,702,1766,75,46,410,28,11,272,2,402,2,435,28,11,613,28,11,142,12,1077,28,11,263,34,3934,75,46,410,28,11,807,2,11,1277,1031,75,46,410,28,52,478,34,13,1129,445,75,46,410,28,261,197,445,79,181,75,46,410,28,15382,1686,505,78,89,30,421,1194,29065,4,585,1909,41,13,1425,1820,2,3855,541,5764,2,1425,628,2,149,305,776,13,3211,2693,2142,2,1425,1748,5,5962,13,1006,3198,1827,6734,450,116,670,75,46,410,28,19,6071,140,651,3793,15388,75,46,410,28,4985,130,41,3382,2,5817,2463,41,6087,2,1483,1204,41,6087,2,6376,982,41,6087,2,406,14073,2087,13,149,1617,2087,305,116,81,341,311,591,75,46,410,28,10830,1098,4699,1617,535,1644,789,1001,1075,12,29066,174,367,2185,2,3842,1645,2,940,1697,2,544,1258,188,580,1570,13,844,386,1346,2760,565,336,527,78,545,30,10830,75,46,410,28,181,593,10,10933,580,1570,611,117,9052,3233,128,30,3910,75,46,410,28,120,5398,75,46,410,28,714,179,30,295,12,15394,13,24,503,2,837,5,567,104,295,8605 5,13,10,33
31,1544 0
937,2015,27,29067,12,29068,5,27,29069 0
671,75,46,410,28,706,109,831,146,2,196,15398,30 38
1600,430 0
11,2053 0
4797,2614,2814,77,19,141,2549,11002,5532,35,2411,1206,59,6763,564,1252,1206,82,2771,767,1565,2287,22,25,82,184,109,22,25,33,787,1725,22,25,59,310,447,22,25,59,297,1253,5,297,2101,2596,2606,35,2072,965,59,896,547,9,172,8,370,22,25,33,1703,491,82,93,122,973,4,276,4486,492,365,111,29070,651,1048,1653,41,19,6696,1742,224,75,46,410,28,3263,463,345,12,11,1451,326,112,75,46,410,28,773,10,1021,487,239,10,2507,305,75,46,410,28,634,942,12,1912,193,28,11,1106,91,75,46,410,28,2160,145,5,212,28,246,5,253,43,28,11,387,28,773,10,6507,904,243,187,75,46,410,28,463,2,133,2,2088,28,978,28,43,300,302,445,75,46,410,28,6319,2,1518,2439,2,3151,13,1047,13635,19,531,193,2,619,181,75,46,410,28,188,580,1570,142,19,531,3675,11118,1917,29071,564,1067,2040,29072,29073,6330,6771,1578,75,695,28,284,29074,29075,29076,29077,29078,29079,29080,29081,29082,29083,29084,29085,29086,11118,3830,6771,29087,1067,9935,1067,29088,6771,29089,29090,29091,29092,29093,29094,29095,29096,29097,29098,29099,3135,36,152,5887,426,464,75,46,410,28,252,409,4520,13,185,1874,79,147,75,46,410,28,399,212,13,5784,2,3781,2,4450,3091,75,46,410,28,869,65,158,242,5,114,287,4481,14,15,1910,292,471,13,15,30,7,421,9,585,1909,41,8,2,670,2,2455,2,15397,2,116,2,4209,2,188,580,1570,2,5,2760,565,629,13,255,7,194,218,576,10,421,1684,65,70,2240,353 5,13,18,29,15,26,20,33
479,10,50,3301,219,76,13,115,27,468 0
1827,14,251,65,450,9,6734,8,27,29100,5874,180,1684 0
1684,176,55,65,264,649,1269,2,325,4805,5,264,25,760,1269,2,519,85,55,65,461 0
46,46,4,421,1684,75,46,410,28,29,4859,57,10,446,219,235,13,6029,7,35,54,235,446,219,59,2399,10,7342,913,7,27,1502,7780,54,9,40,218,2413,268,32,29,2213,368,22,219,291,97,141,17,421,8,707,3554,6039,75,46,898,28,62,82,121,9,682,121,8,649,9053,10,15399,2,760,9053,10,29101,126,184,5,2771,17,145,338,651,364,2,2399,32,1683,108,10501,10,1723,13,1996,2674,2,539,385,205,124,30,7,29102,46,46,4,461,75,46,410,28,889,426,97,346,12,29103,155,2396,2,3987,2,3450,2,7652,830,46,46,4,81,838,310,1759,5,1090,1197,4408,135,131,1175,923,46,46,4,580,1570,611,126,59,1047,6665,13,442,29104,5,29105,119,343,162,29,21,1115,4730 5,25,15,26,20
6957 0
8390,75,46,410,28,40,5071,7,141,46,46,4,2455,1765,40,2887,28,40,2183,10,3003,29,10449,1544,3595,17,27,140,2009,4,252,2471,2,252,367,2,11,5530,3908,2,15399,397,2,1391,760,333,1210,339,4,152,877,4,652,3684,190,291,9,5075,565,8,300,4,888,2,2084,138,715,4,275,715,3743,11119,13627,2,195,3546,2,705,46,29106 33
