69,49,4,28993,15385,481,1327,141,99,29,414,4,4481,2,4404,485,4,11114,49,7,141,4,28994,240,4,4420,28995,440,4,28996,4465,9,28997,5365,224,144,8,1228,7,30,4,29,5,89,69,14029,4,270,2,445,79,2,263,422,234,4,38,2038,4736,13,15,299,7,2760,565,2,421,2,670,2,81,5,2455,267,15,383,12,24,121,65,15386,946,10,6387,946,191,6,97,4496,236 33,5
38,2313,1170,24,7453,10,1882,121,5,24,529,28998,12,15,121,13067,121,2864,1763 0
6,121,1313,20,2625,42,263,4035,5,5062,2,264,386,388,5,734,270 0
16,85,267,406,1265,2,13,15,3812,748,5719,7,3935,3609,2,32,57,32,15,28999,15,4680,79,13,106,807,2,5,812,1196 0
136,6,134,121,1313,2,16,85,533,63,1350,5507,733,12,24,11083 0
16,88,455,2,435,2,1652,2,508,2,469,2,250 0
24,440,1788,29000,5,1342,17,24,263,849,28,278,2,6,29,549,2574,5,7070,117,290,472,77,5,2616,10,3216,3403 0
16,85,795,290,24,135,235,560,173,15,223,146 0
490,7,24,734,270,2,16,1008,2065,2,104,514,170,11115,12,24,4399,13,63,15387,7,1678,41,19,628 0
189,408,4,19,1367,12,6,189,2,24,638,129,4,29001,2,29002,2,29003,2,14572,2,29004,2040,41,19,3210,29005,16,431,153,262,7,235,1668,219,2,389,2564,29006 0
16,20,1086,10,378,325,17,241,583 0
3931,4,1617,535,1644,670,421,9,585,12,15388,4,2038,41,8,254,305,127,116,2434,580,1570,13,188,386,1346,2760,565,336,527,103,29007,77,4,172,370,33,2771,3189,291,15389,521,33,235,1668,33,1342,446,33,4521,521,33,128,299,4,477,4,81,2,29008,4,2469,1168 5,13,18,10,30,20,33
179,299,4,924,2,248,726,2,1109,10,500,32,14483,29009,17,244,159,2,21,31,2015,17,97,83,159 0
791,309,259,159,146,2,488,335 38
12158,13215 38
88,430,2,2226,840 0
137,4,747,93,73,4,638,4,29010,2,29011,2,111,29012,2,9855,2,15387,1470,41,19,628,2,2040,41,19,6071,3360,224,4,4160,2,149,372,326,2,202,4,570,2,2417,2,27,112,4,11,2384,623,4,1638,942,193,44,4,246,253,2,418,2,340,4,2760,565,2,4341,2,149,1006,277,12,157,197,187,2,817,3121,733,12,11083,193 33
1518,4680,79,168,4,1006,277,12,157,2792,516,4,171,79 0
336,29013,2,531,3650 0
323,4,413,2,646,1094,2,951,1746,1691,2,11,466,4119,181,4,29014,386,611,19,157,531,2,225,29015,1270,29016,258,4,298,4069,9,1260,8,398,266,11479,9,1969,8,41,458,8939,9,2216,8,1399,615,29017,9,2326,8,1779,443,5972,9,1507,8,1301,530,2040,9,1340,8,1141,665,5673,9,1448,8,1561,698,5006,9,1449,8,550,666,7162,72,9,1383,8,41,1430,64,8680,72,9,14613,8,1057,1430,1046,1792,1430,2165,5315,9,5364,8,1057,1307,1081,1192,1658,1332,72,9,1698,8,41,1102,723,54,9,1780,8,41,1145,83,9,1699,8,41,732,51,9,1857,8,41,1193,35,9,1816,8,41,559,2336,29018,9,2166,8,398,559,1102,14972,9,2167,8,398,559,1145,29019,9,2485,8,398,559,732,29020,9,2168,8,398,559,1193,5620,9,2228,8,398,1513,395,72,9,152,8,1458,395,72,9,152,8,2412,152,9,152,8,442,2985,54,9,1482,8,169,1531,1747,9,1727,8,169,1042,1571,54,9,1690,8,1421,488,975,3322,9,2588,8,550,1370,3480,54,9,2513,8,550,1937,2057,9,2310,8,550,2152,1123,1303,9,2514,8,169,488,1123,2451,9,3031,8,169,1813,1850,1767,9,3877,8,612,2447,2017,9,3878,8,612,2446,934,9,3890,8,3891,2309,3168,9,3892,8,3893,5610,15390,72,9,15034,8,9667,2373,2017,72,9,3695,8,612,397,9,510,282,8,1917,9,1298,8,294,633,9,510,282,8,2129,9,1259,8,294,749,9,510,282,8,2197,9,1299,8,294,689,9,510,282,8,4706,72,9,1420,8,294,379,9,510,282,8,1200,9,1300,8,169,331,9,510,282,8,1789,9,1586,8,169,358,9,510,282,8,5440,72,9,1354,8,169,1103,1096,1891,66,9,148,8,2734,66,9,148,8,4082,3703,4336,9,4354,8,1679,2080,9,4355,8,1793,2008,66,9,148,8,3885,66,9,148,8,4084,66,9,148,8,4080,66,9,148,8,4081,66,9,148,8,4083,67,66,9,148,8,147,4,1565,1572,365,1823,2,252,4949,2,161,1563,118,984,2,70,1000,2823,1554,4,464,9,8740,8,4,252,409,4520 0
305,343,8510,319,31,55,6853,19,38,5966,4527,4392 0
464,9,6199,8,4,149,305,2789,13,3613 0
350,70,1079,1205 0
185,251,70,14647 0
242,5,114,4,2038,4736,13,299,7,2760,565,2,421,2,116,2,670,2,120,311,51,2,2455,2,1530,734,270,5,263,422 33,5,13
270,4,373,218,741,10,15,3396,7,421,2896,9,239,10,235,6560,2,1827,15390,8,5,670,9,7882,12,7313,1683,406,1617,5,5903,2953,8 0
464,1508,3613,5,3649,1079,1205,2,557,13,421 0
321,19,1161,2,235,2,4716,3556 0
40,5694,91,496,13,1194 0
12,6,2615,7,455,2,385,2081 0
91,785,66 0
421,4,281,480,13,2771,17,6887,2864 20
40,539,10,2524,2771,10,1918 20
29021,235 0
116,4,29,401,8969 13
281,290,2771,2,278,2,161,1563,118,984 20
40,539,5732,10,1918 0
2455,4,29,19,140,1161 0
40,1208,15013,81,4,281,290,15389,2,40,1150,1015,401,2,1454,19,2153,434,2887 5,30
263,29022,4,373,218,741,10,134,121,1313,7,154,727,2,381,2096,1279,85,55,4418 0
29,773,10,1897,4521 0
285,1754,7,1584,703,2,29,29023 0
812,1196,4,1279,55,741,10,381,527 0
29,85,773,10,2949,8335,6855,490,7,565 33
1270,733,4,1905,7,5107,566 0
40,1815,5796,13,6085,5,1150,6541,470 0
1686,611,4,10899,386,611,2,40,126,2385,203 0
1210,4,2537,3371,2,742,715,139,4,275,1306,5670,29024,2,1885,2,2898 0
1773,3546,2,46,29025 0
