69,49,4,29186,378,325,141,99,29,414,4,2751,2,7715,485,9,4144,8,4,29187,240,4,58,9034,384,611,19,70,5686,337,98,51,123,234,2744,200,307,471,13,2701,81,5,527,658,10,4144,189,17,70,337,611 5
29,267,37,51,123,146,2,151,16,3143,24,744,2,16,1282,15,7472,7,181,29188,65,24,70,5686,337 0
16,1983,6,181,5,14468,6,1166,13,554,10713,5,9663,13,29189,13502 0
16,222,31,99,87,1219,10,24,337,2,222,31,2956,87,9287,10134,12,24,3068 0
16,113,2570,37,83,123,146,2,24,567,14680,15,29190,48,16,222,31,4505,19,84 0
6,400,107,2,16,1282,70,1270,34,5,549,15,5419,12,6,680 0
6,70,337,1795,29191,5,268,3234 0
16,278,88,87,469,2,508,2,6542,26,969 0
16,21,61,971,13,120,17,268,271,105,159,2,20,19,131,5,39,3932,344,67,358,9,75,695,28,1481,8,373,7,6,95,297,6,1584,703,162 5,25
16,21,527,17,268,271,109,159 0
16,39,5988,15413,19,29192 0
24,121,1376,65,29193,727,297,6,864,10,7938,727 0
16,14,11,1735,19,131 25
231,2332,322,1128,310,3432,22,82 26
97,374,20,553,271,636,16,267,682,250,5,16,3791,10,184 15
12,189,2,16,20,124,1640,17,34,5,2198,219,17,566 0
67,1218,718,297,124,1337 0
637,120,565,103,15413,70,132,332,103,2000,3577,116,381,527,128,30,4,132,353,12,603,1183,88,309,2,7944,2,706,259,159,146,179,430,88,3865,840,179,30,4,3477,1032,4016,8541,924,2,295,13,10207,5,726,77,5123,2400,495,9,29194,8,9,442,2881,261,632,495,9,9977,8,8,35,347,25,59,1875,767,1296,22,9,1953,45,60,35,8,25,59,98,365,123,46,2287,45,9,62,8,235,9,787,8,368,22,9,368,22,45,60,35,8,25,59,46,35,376,9,62,8,2205,184,105,22,9,105,22,45,60,35,8,25,33,46,45,9,62,8,6085,3784,51,41,2606,35,2072,9,51,41,2606,8,965,291,46,35,376,9,62,8,29195,105,22,9,105,22,595,608,60,35,8,25,59,46,284,45,9,62,8,137,3497,36,484,499,66,820,166,12,234,93,122,973,4,111,29196,2,492,1767,2,157,564,2,276,1080,2,651,1048,1080,10093,662,29,14,12,11,1451,326,2,199,2405,10,6855,5,1782,2507 5,14,19,38,13,15,33
646,10,2902,2,1083,5,95 0
463 33
1534,43,5,1239,10,2150 0
1176,4,570,202,4,1623,112,4,29197,920 0
620,14,782,13,43,1118,5,9554 0
372,4,452,7,226,1892,90,409,2799 0
562,4,118,452,821,43,246,5,253,5,11,387 0
187,4,187,133,2,375,2,300,302,156,2,11,782,342 0
1030,122,4,11,900,2953 0
2261,918,445,73,4,29198,337,5258,611,13,70,337,733,2,619,5,1189 0
70,1270,1790,5,1189,897,2523,15414,649,524,824,689,3761,1917,1862,204,154,9,72,8,315,379,804,1578,770,3761,934,9,72,8,29199,9,72,8,75,695,28,284,6569,9,72,8,315,1498,3761,614,315,335,935,1437,1434,3761,2796,2266,4271,2200,315,1465,1438,1497,935,3761,109,462,2374,2266,315,29200,3761,66,315,298,615,458,266,3761,4974,9,72,8,15303,9,54,8,5452,9,54,8,9583,9,54,8,315,530,665,698,443,3761,1645,6912,9,54,8,7212,9935,315,666,3761,4243,315,41,1753,41,1637,41,732,41,1675,3761,29201,9,72,8,2129,2068,1710,315,41,7676,3761,3708,9,54,8,315,2456,3251,2194,2676,3761,1676,90,66,66,315,5448,2136,1679,2677,3761,11524,66,2080,617,9,72,8,315,3034,2195,1793,3761,1506,66,66,147,4,764,27,1956,1823 0
11,518,1471,464,4,11,4237,70,337,810,4,11,29202,1208,2595,242,4,2744,200,307,345,13,2701,120,5,381,527,279,13,280,696,70,337,611,5,70,1270,897,2523,2171 5
298,14,251 0
16,218,21,381,337,611,5,337,1254 0
810,262,31,1208,2595 0
114,4,46,35,8,381,337,611,5,1254,4,124,24,328,17,29203,566,2,40,3181,13,4120,8114,1337,17,29204,5,15384,2400,4765 0
14859,35,1800,219,82,29205,2127,1800,219,1834,8979,67,1218,9985,583,9048,2176,449,29206,46,51,8,120,2,57,425,13,310,117,1584,703 5,26
4932,310,15360,83,956,405,59,29207,923,2448,29208,4193,102,46,8,116,2,19,184,5,533,682,250,7000,184,2,247,1201,196,22,82,2510,1875,1953,59,4932,235,877,1210,715,275,29209,12029,2,96 19,13,15,26,17
