69,49,4,29319,1956,292,600,153,1719,2061,17,1115 0
18,14,2788,6888,162 0
18,14,6428,10,55,290,335,5,1770 0
495,4017 0
18,1379,6,1770 0
495,17,15,451,123,2,48,37,14,192 0
18,21,713,5,386,2598,13966 0
10,4548 0
77,2622,9,5667,4561,8,51,1800,4950,283,4,3345,153,11127,275,27,11128,7988,237,793,119,223,1286,9,1889,8,2479,2,35,45,9,62,8,7620,33,2307,767,768,2,35,45,9,62,8,25,59,607,521,2,35,45,9,62,8,25,33,230,626,2,684,45,9,62,8,25,33,172,9,4167,8,9,896,10029,917,925,2,35,45,9,62,8,25,33,795,1201,7218,29320,2,795,1606,3730,222,31,1061,174,23 19,18,30,20,17
137,2063,36,339,1648,2335,36,484,220,184,36,250,3497,36,484,220,669,36,2598,167,81,341,36,113,31,273,140,29321,3730,1886,18,2633,1127,23,848,14,952,1011,84 5
134,1015,456,481,41,2,544,15342,127,36,11,455,2,270,2,1652,2,79,2,618 13
132,332,4,5802,4638,2,103,3577,15431,72,2599,4,773,10,1897,10285,2,15432,2,4109,26,10603,5,4109 0
11,864,27,38,95 0
620,1064,4,911,599,2051,15433,1665,4,1033,1864,29322,3199,2569,4,3564,2768 0
14730,577,13594 0
5224,356,7314,2187,216,632,495,1705,1100,36,2271,3950,173,943,74,424,167 39
385,36,479,57,111,29323,492,1390,226,90,694,1714,952,3801,11,79,4252,29324,36,17,162,2,48,92,301,10,338,23,111,523 14
18,692,10,60,6,4017,5081 0
42,608,7716 0
116,31,425,2,31,13845,10,1522,2,3286,29325 13
120,2504 5
425,2,645,113,31,155,8780 0
692,544,456,204,914,299,1023,2569,2,356,14,909 0
299,132,335,2,5081 0
356 0
2254,2599,2,31,480,2,11,231,864 0
114,4,124,5081 0
17,5123,29326,10,60,59 0
1522,29327,2,3122,4946,42,739,203 17
210,1522 29
18,3120,10,2296,787,2,108,319,9359,84,19,123,18,3066,286,2,1522,10,10230 0
356,989,2193,2,111,2,592,155,2,1731,29328,205,4104,103,132,335,2,356,258 0
18,3646,6616,2,1170,1989,328,7,1023,335,174,2569,2,48,1279,539,84,1209 0
18,14,1293,10,1171,6,211,109,123,158,10,87,162 0
1306,2512,10956,2,96 0
384,4,608,7716 0
