69,49,4,29397,15442,1697,292,528,401,17,2576 0
167,81,341,4,7819,127,4162,4,685,103,7466,5990,112,34,4,691,6488,9,9627,8,2805,2,2028,8847,27,3739,1673,1952,4,161,265,10,11131,12,3238,13,1666,901,142,12,23,52,568,5,3352,891,901,2700,2,2625,42,52,912,2,2042,2,5,52,412,8051,803,4,11,10858,1574,19,3516,148 5,13
3300,2,9055,74,2,7409,74,2,91,1194 0
2202,5,691,227,11,1329,4119 0
5597 0
2155,1717,43,6851,2,5627 0
775,9,610,7236,1510,8,5,62,2,15444,1088,2,2398,1654,7755,2,5,2156,15445 0
165,15446,15447,15448,5,540,1444,5,349,864,74,56,148 0
392,205,2,148 0
10739,7492,2,43,3398,542,2,148 0
3544 0
7409,74,13,839,76,27,1203 0
11132 0
9055,74,43 0
186,1121,42,58,7542,4465,2,15449 0
381,981,6834,6835,1168,9976,4548,4,29398,56,15450,2,15451,362,251 0
3142,805,4,14623,3740,54,3142,239,10,13754,239,10,1403,3267,332,4,8652,29399,225 0
29400,2740,5991,1843,693,4,2977,29401,56,314,763,11655,638,3267,3558 0
12815 0
77,211,9,896,547,8,1017,45,60,35,45,9,62,8,25,33,2596,2606,35,2072,9,15456,15457,2606,2915,8,965,59,98,462,123,2596,1349,35,2072,9,15456,15457,1349,9,1800,8,2915,8,965,59,98,462,123,1266,9,635,8,105,22,9,390,45,60,35,8,25,283,98,154,123,31,290,2091,9,2267,767,8,446,595,60,35,25,33,98,154,123,2765,1456,45,60,35,25,59,138,138,914,2,100,10,59,31,290,2203,9,131,3148,8,4761,405,291,2,1759,2,10492,17,558,7520,2,29402,17,558,15238,2,10460,17,558,29403,960,9,2480,8,1953,595,60,35,25,291,98,154,123,31,290,5392,154,1496,25,873,138,613,98,154,123,857,9,131,3050,8,284,190,405,509,2196,196,22,9,683,45,60,8460,8,25,33,31,290,8477,8286,41,1349,9,8764,8286,41,917,2385,965,59,138,349,571,98,109,123,2,245,13,1622,98,2347,4820,2596,14954,9,2596,3550,8,109,1496,25,873,1292,9,11084,8,5996,25,1595,138,34,98,462,123,2941,56,314,262,288,321,42,58,9054,2,1353 25,18,29,17
137,15454,36,905,184,36,250,2,894,36,2297,2,2297,531,74,2,589,19,2158,17,3267,5,2107,1843,332,28,404,57,2,88,87,270,2,455,2,26,228,12,6692,28,826,1292,17,34,1090,56,59,32,865,2,2291,406,29404,34,117,29405,1468,2343,14,5075,713,13,373,87,996,5,31,699,10529,1242,117,2538,57,1090 39
404,517,71,64 0
826,432,2158,3320,13,264,2437 0
21,205,7,29406,724,17,38,2556 0
54,349,5,386,394,419,13,64,5,988,504,32,57,9,20,4141,4989,8,28,314,2107,551,32,1489 0
2343,157,475,34,103,1111,183,2207 0
146,2,1044,10,55,1216,932,2,7169,13,748,56,290,259,2341,15,107,17,38,34,3303,5136,56,1041,2916,18,2828,2,2620,558,74,29407,2,2271,354,594,74,2,2759,1296,74,2,290,131,32,575 5
664,192,111,257,29408,56,2280,58,9054,2,1353 0
12,29409,5,21,199,4800,13,170,28,16,288,321,23,19,2941,9,314,262,8,5,64 0
699,573,419,13,38,12,736,10,23,2941 0
15452,64 0
12,199,3752,598,29410,536,9685,3470,10,55,7130,48,21,5472,1730,19,121,5,479,57,111,2960,121,56,3470,226,56,90,10,15,75,289,694,56,4061,56,204,764,531,74,56,157,29411,388,2,2184,26,29412,28,65,2,29413,10,1392,2281,1694,457,6773,649,2710,9,54,8,2,524,4244,2,824,738,9,54,8,2,689,5205,2,379,579,2,804,2451,2,770,29414,9,72,8,6773,335,4005,2,22,2068,2,935,1517,2,1437,4383,2,1434,2200,2,1830,2057,6773,1465,2038,9,72,8,2,1438,154,2,1497,368,2,935,1517,6773,298,4699,2,615,10373,9,54,8,2,458,3708,2,266,7214,9,54,8,2,530,1204,2,665,5349,2,698,5006,2,443,6410,6773,666,10513,9,72,8,6773,29415,4398,206,35,208,2,10074,1143,206,51,208,97,29416,29417,833,35,8,29418,1843,332,13,2754,10,902,19,205,13531,56,3431,2028 6
536,4313,2,64 0
74,29419,14,10550,5,239,12,2935,5,64 0
209,621,10,29420,23,2961,10469,17,403,8147,348 0
2576,32,3145,13,58,5991 0
51,8,5136,56,31,29421,10,333,71,14,31,15162,110,17,64 5
5,1041,14,5489,23,121,100 0
222,5466,106,29422,5,64 0
14,2102,7,1238,5,40,126,13,131,102,8,116,56,111,836,12,199,502,664,257,183,8,157,475,34,103,1111,183,2207 13
146,56,155,157,475,4392,2,64 0
40,273,393,27,983,107,239,10,205,1115 0
1293,290,1292,5996,989,513,4203,3014 0
17,38,34,32,57,3195,7,259,2341,32,3191,588,380,13,264,211,245,56,280,3106,17,1292,2872,46,1725,11684,83,8,54,2240,394,5,988,4141,573,504,314,551,2,126,13,64,32,3145 18
2576,13,58,3738,32,3145,14220,3027,108,167 0
1306,3412,5373,7416,2,6135 0
