69,49,4,29344,15442,1910,292,528,401,17,2576,251,111 13
51,123,146,39,111,1453,401,5,20,29345,28,64 14
706,1648,27,6,95 0
21,31,29346,13,15,6461,26,7243,5,836,19,2091,13,4320,138 0
404,553,3377,80,2,15443 0
88,87,167,13,230,71,18,21,61,19,17,10630,123,117,23,97,656,7,1952 19
77,211,9,896,547,8,1017,2,35,45,9,62,8,25,33,1201,9,2196,8,683,2,35,45,9,62,8,25,33,1255,9,1151,8,35,595,25,33,442,447,22,291,2091,9,2267,767,8,390,2,35,595,9,62,8,25,33,5459,9,15437,8,15438,2,51,45,9,62,8,25,59,11130,9,15439,4640,8,683,2,35,45,9,62,8,25,2137,98,51,107,9,62,8,138,29347,4650,933,9,1116,8,390,2,35,595,9,62,8,25,59,138 17,18,30
1165,46,102,9,2128,7307,1674,8,35,347,25,513,1090,138,17,34,2765,2479,2,35,45,9,62,8,25,59,138,138,914,2,100,10,59,4,1008,12,10,1357,2,1955,80,28,64 0
10,55,2925,18,14,31,10,10005,23,400,1115 0
2539,3503,6434,10,8555 0
960,9,2480,8,1953,2,51,595,9,62,8,25,283,98,154,107,9,62,8,3088,9,7467,8,768,2,35,45,9,62,8,25,29348,138 0
4,1008,12,10,1357,2,1955,80,28,64 0
10,55,2925,18,14,31,10,10005,23,400,1115 0
2539,3503,6434,10,8555 0
230,626,2,35,45,9,62,8,25,33,98,154,107,9,62,8,167,81,341,4,7819,127,4162,4,685,29349,592,332,4,477,103,7466,5990,112,34,4,691,6488,9,9627,8,2805,2,2028,8847,27,3739,1673,1952,4,161,265,10,11131,12,3238,13,1666,901,142,12,23,52,568,5,3352,891,901,2700,2,2625,42,52,912,2,2042,2,5,52,412,8051,803,4,11,10858,1574,19,3516,148 5,13,19
3300,2,9055,74,2,7409,74,2,91,1194 0
2202,5,691,227,11,1329,4119 0
5597 0
2155,1717,43,6851,2,5627 0
775,9,610,7236,1510,8,5,62,2,15444,1088,2,2398,1654,7755,2,5,2156,15445 0
165,15446,15447,15448,5,540,1444,5,349,864,74,56,148 0
392,205,2,148 0
10739,7492,2,43,3398,542,2,148 0
3544 0
7409,74,13,839,76,27,1203 0
11132 0
9055,74,43 0
186,1121,42,58,7542,4465,2,15449 0
381,981,6834,6835,1168,9976,4548,4,6059,56,15450,2,15451,362,251 0
137,220,29350,36,905,210,9,894,8,36,2297,531,74,21,4290 0
17,1906 0
7,23,6888,1064,5,1115 0
13,323,17,23,168,34 0
15452,64 0
479,15443,111,29351,157,54,11588,226,56,90,4061,1580,764,833,35,8,116,56,111,251,2,4379,239,10,264,3569 14,13
119,470,13,58,3738,56,383,230,10,196,22,33 19
4401,111,400,2779 0
51,8,29352,56,692,1353,1906 0
10,14941,257,28,176,383,2091,9,119,58,3738,8,48,2028 0
13,64 0
5,2616,10,5506,19,38 0
3984,64 0
536,1525,7,460,15,1353 0
2054,5,18,3120,10,155,890,38,13,23,3711 0
2576,35,2779 0
155,111,2,438 0
21,2576,58,3738,117,15453,1643,4290 0
