69,49,4,29329,414,4,15435,2,11119,485,4,15436,77,4,119,2116 0
77,933,9,1116,8,390,2,35,595,9,62,8,25,59,2765,2479,2,35,45,9,62,8,25,59,98,154,107,9,62,8,138,138,914,2,100,10,59,29330,4690,60,35,3324,25,513,579,697,138,2091,9,2267,767,8,390,2,51,595,9,62,8,25,33,5459,9,15437,8,15438,2,51,45,9,62,8,25,59,1201,9,2196,8,626,2,51,45,9,62,8,25,33,3088,9,7467,8,768,2,35,45,9,62,8,25,59,98,462,107,9,62,8,11130,9,15439,4640,8,683,2,35,45,9,62,8,25,2137,62,4,9,35,8,29,401,1360,7,264,112,34,13,2793,7,23,52,349,5,1839,7,23,2725,5,6226,52,3796 17,39,30
38,2291,3111,27,6,1273,7,6,223,2,151,21,61,27,6,5295,192,223,5,237,21,10,60,23,3088,5,11130,17,6,400,248,26,497,123,2,890,6,3620 0
29,6256,214,11369,995,38 39
222,31,1454,437,13,58,8771,2,6,29331,18,962,701 0
9,51,8,81,4,29,39,23,523,568,73,922,13,58,4721,2,104,2020,14,63,29332 39,5
16,14,2337,23,10,15,3439,5046,2,239,10,15,1970,7,29333,3174,79,2,239,10,381,981,5,106,380,1295,15170,1927 0
6,29,14,214,1847,995,38 39
14,3950,173,23,118,5,3270,2,110,37,18,14,460,167,13,23,1176 0
14,1634,10,4409,10,23,333,2,48,14,3950 0
67,728,27,140,50,61,2271,12,6,594,74,2,1625,344,204,74 0
29,113,31,2404,23,69,13,23 39
985,4,29,3470,10,55,7130 39
111,2,628,1147,29334 0
226,4,90,10,15,75,289 0
694,4,4061,1347,2,764 0
318,277,5,4650,10,52,15082,976 0
744,4,11,571 0
2493,2293,243,171,193 0
833,4,9,35,8,188,112,5,478,34,13,1024,2793,2,13,691,1508,106,188,1715,142,2,48,85,149,8594,7,6,29335,2980,2,1490,1242,27,6,2067,27,3739 0
10097,1979,13,29,995,38,537,188,860,5,301,10,207,100,13,58,8771 39
40,1798,10,29336,2,31,316,17,364,2,48,85,10,15042,29337,7,23,500,1331,2,32,38,176,907 0
126,192,150,77,2,13,3677,2,2639,5,140,2590 0
1976,13,58,15440,2,104,1805,15,29338,1045,176,55,2978 0
40,1022,241,13,29 39
9,51,8,5136,4,110,13,381,981 0
10097,1979,7,105,10,154,606,13,29,995,10125,7,38,2,32,57,32,301,17,419,381,338,2,1540,2,32,15441,81,14,29339,29340,362,23,118,5,23,3270,2,32,57,32,23,67,2394 39,5
29,1044,268,7227,110,10,954,10,9751,10,333,5,352 39
1798,10,58,4403,29341,2,15,3439,5046,2,32,2076,32,380 0
29,7400,10,273,23,6684,17,23,29342,74,2,797,945,2,5288,2,654,374,2,32,57,32,389,1402 39
40,207,100,13,58,15440,5,13,260,8465 0
3412,7416,2,6135,29343 0
