69,49,4,29443,581,17,101,5019,14,15,2118,1576,345,401,17,233,7,522 0
29444,1961,57 0
167,2113,15462,15463 0
2106,8816,181,15464,4776,78,1055,116,77,211,25,632,1883,25,33,4,1639,4255,230,244,22,25,33,210,9,894,8,491,2,35,45,9,62,8,25,33,137,747,36,152,3051,30,826,257 19,38,13,18,29
11,11109 0
88,862,228,2,868,2,44,34,2,270,2,688,392,2,15465 0
88,274,7,2852,2,590,26,466 0
4340,11,250 0
1890,1945 0
11,270 0
6038,11,272,2,7569,2,4162,2,1002,2,3045,34,2,435,2,613,2,1463,2,2303 0
6693,13941,29445,34,52,29446 0
2280,608,4776,17,15461,611 0
21,545,6725,19,110 0
15472,11,15374,15466,15467,73,29447,2,11133,1174,2,15468,8304,28,436,2,3349,2,3485,8765,11,277,661,75,5436,1130,28,11,733,28,11,2597,28,11,571,3949,330,13,11,920,2,1059,2,2384,26,846 38
15469,90,15,75,289,3586,1714,212,2,1268,43,13,11,5551,2,1422,26,1371,5552,463,28,43,558,28,133,13,11,1003,2,693,26,277 33
15470,43,5907 0
878,350,13,11,1064 0
2724,577 0
5347,4325,6725,1968 0
29448,79 0
242,8969 0
264,121 0
222,50,251,358,97,101 0
642,5,1492,801,2,770,2,1198 0
1248,29449,383,352,5,1838,553 0
679,257 0
1542,259,4943,26,138 0
526,2367,15471,9056,2,96 0
