69,49,4,29465,608,4,5201,2,661,9,29466,8,308,4,9028,1476,9028,1476,140,763,203,29467,15477,1142,2,29468,1032,2826,3077,2,6271,15478,1955,5201,2,96 0
536,4,2602,2,9058,11134,46,4,15479,1615,1537,2,2134,581,17,101,4,38,14,63,1153,101,19,1615,29469,2,6265,9058,14,15,6436,407,104,47,871,791,57,139,304,15,551,12,5775,12,2421,1256,2602,658,13,2974,5,618 0
18,20,514,10,50,15,52,2014,238,5,15,52,806,786,2619,143,2270,551 0
18,20,514,10,55,1229,27,37,95,5,20,321,19,230 13,19
1256,2602,67,94,20,31,57,425,19,230,5,1010 21,19
11108,20,1704 21
2555,18,6645,13,844,2974,5,618,1490,239,10,29470,7,23,67,94 0
7,99,2,18,20,316,829,2631,27,37,95 0
18,85,39,63,2391,4131,668,1946,566,71,176,50,61,12153,29471 0
1256,2602,21,39,1295,358,1214,32,57,32,63,251,29472 0
18,39,39,15,654,374,7,259,41,2415,12,5775,9058,14,1916,448,57 0
18,21,11,2692,849 0
18,21,39,63,529,4053,1216,286,10,6,6611,5,1404,6,6170,6258,13,23,567,13,199,2437 0
18,21,39,11,44,1861,2,255,7,194,2,13298,12,23,300,26,876,1183 0
77,4,493,758,3768,13,10751,998 0
17,23,30,7,2014,143,238,5,230,449,998 19
93,122,4,67,94,20,7376 14
118,145,20,1645,5,135 0
6,202,122,20,483 0
112,20,330,86,1289 0
68,129,171,625,86,229,5,68,129,11,2014,229 0
44,20,90,10,452 0
91,73,227,63,970,1422 0
187,122,20,599,5,217,129,86,79 0
1030,122,227,1355,10,55,171,12,6,412,217,5,27,6,1389,193,13,2713,853 0
6801,20,175,2,3442,20,175,2,5,672,20,185,13,15,5611,1562 0
242,5,114,4,161,127 13
1256,2602,67,94,14,281,31,57,425 0
18,21,2555,39,4052,207,100,17,23,127 13
47,40,247,23,19,83,1213,7,1020,12,736,10,23,1488,449,7,230 15,19
165,899 0
1256,2602,14,185,139,304,23,551 0
18,40,126,19,493 0
47,40,31,114,87,241,1030,500,100,27,38,95 0
186,763,203,709 0
1256,2602,39,15,367,12,2421,7,29473,47,40,215,15,207,100,367,542,124,37,18,692,199,576,2643,139,304,23,551 0
47,40,85,155,15,4301,358,542,80,32,81,113,2099,12,6,128,5,1256,2602,21,39,1295,251,728,12,6,78 0
47,50,85,321,1256,2602,19,15,2745,13,29474,32,57,32,2560,4255,15,107,7,632,1883,27,6,2912,7,58,9830 0
47,40,125,1256,2602,12,647,1036,10,4030,236,10,4025,23,67,94,5,23,1338,10,6,736,7,184 0
6,29,20,201,13,3141,9830,2,96 0
1955,5201,2,96 0
4144,4,29475,29476,29477,29478 0
