69,49,4,29546,4463,7,38,99,129,6023,13,15,7535,5,4134,1643,3899 0
472,4463,176,31,50,7536,1667 0
361,245,6680,151,7537,979,6681,1582,19,6,1908,12,38,99 0
343,162,470,99,49,4,29547,95,4,15160,29,4,9059,2,3409,512,46,4,29548,384,4,70,337,566,234,4,196,1576,600,381,528,104,1282,2184,7,6,70,2041,5,2021,853,173,15,223,29549,20,201,5,124,29550,566,29551,110,279,13,834,566,2,34,2,48,11,29552,99,2,499,14,318,17,115,7,756 5
3931,4,81,341,311,51,254,756,336,343,76,257,4,7619,9,7619,8,204,22,9,683,45,60,35,8,25,59,1372,677,9,1372,677,8,109,22,9,491,347,6074,934,60,35,8,25,33,184,758,22,9,1974,45,60,35,8,25,33,310,447,22,9,778,45,60,35,8,25,59,98,154,123,1703,9,1703,8,109,22,9,491,45,60,35,8,25,283,98,154,123,3844,9,3844,8,196,22,9,626,45,60,35,8,25,1834,138,98,154,123,1146,4,747,73,4,29553,738,8104,2363,7576,9116,7117,723,29554,980,41,628,436,2,4928,516,70,2021,765,479,29555,2,2041,765,14057,4792,819,6,2041,5,2021,765,1371,4234,157,3763,14,3151,5,619,2,29556 5,29,15,10,26,30
296,4118,967,64,70,395,495,36,52,395,495,36,258,4,2056,790,17,9059,2,3409,1654,29557,29558,29559,46,29560,215,1745,772,1904,1412 0
502,190,357,397,2710,54,9,1298,8,294,357,633,2186,9,1259,8,294,357,749,2344,9,1299,8,294,357,1688,1689,8804,9,1420,8,294,357,1873,2083,1408,9,1300,8,169,357,331,1571,9,1586,8,169,357,358,4015,72,9,1354,8,169,298,4363,72,9,1260,8,398,266,4398,54,9,2484,8,41,458,4916,9,2626,8,1399,615,29561,9,2795,8,1779,443,4952,9,1507,8,1301,1430,64,3013,9,5363,8,1057,1430,1046,1267,1430,2165,5341,9,5364,8,1057,2202,4,288,716,48,31,29562,784,1796,2,1423,32,645,29563,5,29564,53,1691,2,48,68,14,52,5,70,2589,29565,1063,143,29566,29567,2,153,1261,2099,664,9,967,8,29568,833,4,381,337,29569 5
29570,13,605,10,325,17,219,1337,29571,162,659,1067,58,6774,75,46,898,28,62,659,40,207,13,329,29572,14,218,15,2380,17,29573,163,2202,5,3802,241,1348,29574,1348,17,765,12,6,221 0
29575,207,13,329,2,361,750,343,15490,659,13,1135 0
29576,13,58,29577,14254,29578,3316,5504,2,195,2,427,12,162,2,705,29579 0
