69,49,4,29665,240,141,99,234,2922,200,307,407,13,120,5,216,2096,104,658,13,272,5,402 5
18,20,97,265,153,223,146,13,1642,5,480,17,2096 0
23,81,21,61,1073,425,13,23,97,654,374,191,579,12,1589,7,5849,18,21,39,844,534,7,272,5,402 5,6
432,38,78,200,12,1091,2,18,20,265,10,5465,5563,144 0
18,39,15,66,2573,2,5,29666,609,227,252,872,1177,10,29667 0
18,543,15,5988,1601 0
18,20,265,428,15,451,236,1209,10,5465,5563,5,39,15,1584,3591,708,2,71,20,557,13,2096 0
12,1415,2,18,20,201,12,6,29668,1120,144,303,674,13,272,5,402,5,39,15,8986,2,71,227,182,577 0
18,658,428,19,29669,5,39,63,263,205,37,227,1866,7,6,4941,5565,5,380,1866,7,6,1584,5,380,6948,816 0
339,20,1976,5,6,752,346,19,15508,20,43,2,48,222,31,8942,6,4941,5565 0
15,12527,12299,19,15509,20,43 0
18,20,874,19,15,322,7,2019,5,3685 0
136,1415,2,18,21,61,201,306,511,12,6,1287,308,32,57,32,89,8326 0
18,267,537,391,13,23,322,7,3685,1776,22,938,511,15,107,5,2019,109,22,793,15,107 0
18,20,85,288,321,19,987,6627,100,10,823,22,1190 26
32,18,39,572,13,306,1396,119,107,322,7,131,3867 0
18,20,265,65,29670,5,480,13,219,3252,5,29671 0
339,701,6,64,5,909,734,2019,10,291,5,2933,888,5,3463 0
18,85,39,15,392,205,10,1364,693,505,3783,6,272,2,5,38,20,66 0
27,6,95,7,855,2,23,272,39,476 0
18,416,37,6,1642,222,31,1723,573,136,37,141,2,5,18,21,31,61,382,10,1838,573 0
18,21,34,722,23,187 0
18,88,4133,2,435,2,613,2,807,2,5014,2,26,1463 0
167,81,341,4,136,3208,74,2,1073,425,127,2096,4,1642,239,10,81,981,4,239,10,5136,2,103,523,2324,522,11141,2,2280,5982,12,15510,103,1601,103,7643,4,4264,27,439,1987,2,39,106,2750,4174,71,53,5058,2043 5,13
77,310,823,22,9,778,45,60,51,8,25,59,29672,29673,2461,5273,9,3685,8,3258,45,25,873,211,9,896,547,8,370,22,9,1017,45,60,35,8,25,33,184,446,45,25,509,2019,9,4521,767,8,109,22,9,491,45,60,35,8,25,291,857,9,131,3050,8,130,956,405,283,230,196,22,25,33,888,51,1555,283,3463,1143,1800,1980,3252,614,22,25,59,138,272,137,1292,36,339,1648,2,179,30,295,1310,28,14529,6697,4557,28,11,309,28,7384,152 25,19,18,15,37,26
128,30,1343,13,120 5
163,7,213,11,618,2,4133,2,250,2,270,2,455,2,807,2,757,34 0
93,73,111,4,29674,276,4,4364,289,4,1529,574,4,564,224,4,479,4700,12,23,886 14
181,4,324,3727,2,11,1138,571,44,4,90,226,2,324,11142,694,4,324,1268,2,11,417,2,711,2,26,766 0
340,4,11103,558,28,1006,277,48,11,1739,26,1592,28,11,1003 0
516,4,11,79,2,720,2,26,673,323,4,324,916,242,5,114,161,3860,4,373,218,576,10,23,2096 0
23,2446,5,2309,53,85,251,2,7793,6,1970,7,4433,32,57 0
40,155,29675,3516,1222,13,2058 0
126,2019,5,3685 0
339,21,61,1976,17,241,1348 0
1640,138,263,34 0
165,120,4,126,987 5,26
2562,131,4910,19,558 0
186,116,4,126,184,5,230 15,13,19
1306,6162,1773,15511,2,96 0
