69,49,4,29937,622,99,4435,29938,144,538,14002,9358,3710,4600,2,2193,29939,5575,273,485,4,15538,1426,4818,2,4484,858,391 0
437,13,2834,10,306,89,167 0
3058 0
18,5599,13,15,214,928,29940,7,23,849,173,23,950,27,29941,15392,144,2085,38,1111 0
18,237,2260,13,15,928,1979,7,6,2533,12,29942,381,29943 5
23,140,67,6690,50,61,4761,2,3385,239,10,1073,4619,358,9889 0
6,949,4889,21,1704,184,5,473,10,23,322 32,15
39,1127,479,10,50,61,63,1528,7,3902,1900,17,522,7,115,9098,10,1076,238,119,58,15539,2,10,199,1716 0
23,168,34,21,110,4126,10,29944,2,5,18,14,3089,983,1155,1528 0
68,53,306,150,12207,849,56,112,34,28,29945,2094,3888,28,682,250,28,5444,1841,28,150 0
77 0
3335,172,28,4017,7,442,5,632,495,28,2173,546,22,631,2764,28,517,83,22,1190 18
28,2089,547,35,22,119,107,28,3957,462,22,119,223,28,2221,594,22,1190 0
28,987,447,22,51,25,1190 26
28,15540,758,22,119,107,28,184,105,22,119,107,28,473,449,22,119,107,28,210,109,22,29946 19,29,15,32
637 0
177 0
163,7,213 0
150,213,177,5,53,66 0
3849 0
224,893 0
12,11,326 0
520,359 0
67,94,10693,52,349,4821 0
296,1258,5,135 0
372,145,1718,44 0
90 0
562 0
11,387 0
187 0
11,693,2,277,2,26,1119 0
300,302,43 0
489,467 0
908,426,177,28,15,1868,5,891,44,810,2,1156,19,1589,1163,2,227,316,2181,2258 0
654,374,20,15120,320 0
161,188,3753,1012,4,1249,869 0
186,120,4,314,231,139 5
97,95,74,654,374,20,610,251 0
459,13237,9224 0
8911,314,1826,4,110,19,184,5,473,119,949 32,15
5575,273,485,4,15538,1426,4818,2,4484,1357,51,15541 0
1076,238,4,3385,199,1972,1338,10,3902,1900 0
15541 0
789,4,110,19,3451,210,4,314,231,139 10,29
9,15,8,850,2789,2,150,4,314,1187 0
114 0
1394 0
801,2,6917,496,1835 0
379,5,331 0
654,374 0
1001,1835,2,1700 0
2327 0
192,77,4147 0
126,231,322 0
996,32,1620 0
1401,1771 0
808,101,1209,12,6,200 0
4156,5150,3306,8738,2,96 0
800,4,15542,827,4,29947,818,4,15542,29948 0
