69,49,4,29927,15532,303,1315,101,273,2,5575,1654,15533,101,49,4,29928,38,29,20,1538,5,755,42,2733,2,58,11153,2,32,57,32,58,3532,2,19,176,3360,2,29929,361,125,99,17,275,885,2,177,12,275 0
629,391,4,386,388,5,34 0
30,7,629,391,4,38,14,15,14450,528,104,14,19,188,517,17,3753,1012,2,104,774,12,13,52,386,388,5,34,781,19,17,248,123,2,5,18,20,718,12,17,233 0
68,21,61,11,228,12,502,7,721 0
18,21,61,382,10,2894,2,48,13,572,5,29930 0
78,89,30,4,18,113,50,15,30,7,9575,6924,566,7,6,70,663 0
18,85,21,5186,81,2,5954,5,527 5
18,14,139,304,306,757,6072 0
179,30,5,128,30,4,11,671,26,430 37
18,295,1310 0
128,30,14,2350 0
361,125,6,427,74,99,17,6,468,7,6,885 0
93,122,4,224,4,1040,2,413,2,214,779,528,12,11,1451,326 0
520,359,4,23,870,14,7354,23,43,870,14,173,29931,18,14,31,2851 0
217,4,23,73,14,686,17,106,29932,10,6,181,2,106,2184,5,106,388 0
3975,29933,175 0
275,502,7,721,7,23,475,5,754,256,5,944,6,680,27,23,450 0
18,113,50,15,488,475,1181,19,37,663 0
678,494,4,1254 0
642,9,317,630,712,377,8,4,92,53,1847,37,18,176,50,15,877 0
92,53,781,10,605,23,10,1082,2545,1045,10,881,23,1337 0
92,40,1022,23,1533,13,58,8738,2,23,763,203,312,2,5,218,377,23,12,6,465,13,1051,32,928,32,18,113,31,50,15,877 0
108,18,21,15,877,92,40,1495,19,3022,7640,10,23,89,322 0
6,29,14,281,12,2964,630 0
1416,29934,6585,842,11153,2,96 0
15537,29935,29936,597,42,4,6585,842,11153,2,96 0
15537,232,31,177,42,240,312,232 0
