69,49,4,30022,30023,2,30024,2,3197,858,391,4,139,304,1111,2,70,478,34 0
47,701,6,29,13,58,5531,30025 0
361,125,24,99,17,241,885 0
47,1736,37,47,50,1538,5,755,6,29,2,177,6,427,74,2105,2,5,285,6,233,2,114,7,203,2,5,642,13,6,29 0
30,7,156,360,4,6,29,14,15,3456,528,104,279,117,3040,6814,5,207,27,500,80,5,2808,23,5242 0
11,274,7,3473,2,11,868,2,11,901,142,2,11,412,26,197,217,2,2793,26,394 0
18,2697,7795,23,70,478,2,14,1360,173,34,27,37,680 0
11,900,394,2,11,112,34,2,11,168,34,2,11,44,34,2,255,7,194,2,11,11112,34 0
78,89,30,4,127,2,81,2,789,2,527,2,5,2465 10,5,13
77,4,281,19,1523,2,2771,2,184,2,2582,2,5,172 25,18,15,20
137,4,11,334,137,179,30,4,153,1854,119,107,1055,5,113,31,1656 35
18,88,219,624,245 0
18,295,1310 0
128,30,4,2350 0
163,7,213,4,32,119,427,74,99,5,784,234 0
93,122,4,18,14,1040,2,413,2,5,4562,48,113,2122,3262 0
1285,2,520,359,53,686,17,15,67,94,7,30026,2,651,1304,1080,41,19,674,662,2,372,145,564,2,5,296,8233,202,73,4,1186,5,1125 14
11,1188,277 0
11,815,929,277,12,6,1052 0
226,4,90,1876 0
11,14517,929,277,12,6,1052 0
118,4,135,145,5,212 0
187,4,133,2,375,2,5,1774 0
23,70,478,37,14,2329,42,23,663,2,18,21,30027,277,2,773,10,2406,3073,84 0
18,21,175,2133,2467,466,2,275,590,12,23,912,5,3796 0
413,5,646,1094 0
43,1534,5,2111 0
303,441,408,4,6,29,1447,18,2808,23,5242,113,31,50,359,26,115,1905,7,30028,6779 0
47,273,31,977,18,692,908,645,18,21,34,12,23,478 0
18,14,1040,5,413,5,8397,1135,2735 0
18,21,11,815,929,277,12,6,1052 0
18,222,50,4970,2761,7,23,70,478,37,1035,5851,805,7,6,70,3142,1393,6,545,112,2,1441,30029,2,7344,112,13,2281,6715,525,14913 0
18,85,39,15,44,810,37,227,106,149,305,343,2789 0
6,29,39,3829,1631,258,37,1717,397,2185,2,524,1982,2,749,2344,2,3694,244,2,379,105,2,331,2068,2,358,15386,5,442,1065,769,830,7,1680,2,835,3709,2,5,2526,830,30030,2806,667,43,1238 0
6,29,40,55,265,10,6,7123,162 0
92,40,155,1311,124,23,769,830 0
7,99,2,18,222,50,23,1225,411,548 0
494,4,70,478,805,139,304,3040,1111 0
642,4,265,10,3496 0
630,4,185 0
18,40,85,55,480,17,2820,2,71,14,85,983,494 0
526,15549,2,3197,195,495,4,15550,276,4,15550,597,42,4,15549,2,3197,813,30031,1852,232,31,177,42,240,312,232 0
