69,49,4,30106,11700,144,312,2243,30107,30108,1142,5970,30109,2,260,30110,30111,10759,2,8137,30112,30113,30,7,156,360,4,15,5095,528,104,279,80,17,144,961 0
47,265,23,10,6,4144,19,30114,13,63,656,7,30115,2,71,20,549,10,55,576,10,421,5,1626,1037 0
18,20,874,10,3140,468,140,19,30116 0
248,697,117,1367,2,18,39,15,372,1526,5,20,1009,10,6,7573,203,1045,27,30117,30118,819,18,4499,532,30119 0
18,14,3460,1169,10,5944,490,7,23,30120,132,496,2,38,2213,306,3361,7,23,560 0
415,215,227,11,313,5,1134,227,5724,52,719,1520,13,43,7563,1118,5,653,496,2,2124,872,1177,14,1211,41,32,57,32,30121,2171 0
18,222,57,4086,13,3155,5,836,19,1161 0
32,1756,7,23,1243,2,18,39,305,496,968,2,71,227,634,1233,86,15,10638,1338,5,106,149,4158,218,239,10,23,565 33
12,736,2,18,20,791,5741,13,835,7,1408,19,1464 0
68,20,11,160,7,14830 0
18,14,829,889,9836,5,752,227,15,6068,2768,2,71,20,8332,32,57,32,15,1396,680,7,6752,74,3278 0
68,20,11,160,7,529,588 0
18,431,306,4980,722,23,1682,5,20,321,19,6685,2,17,1127,20,3864,549,10,55,461,7,132,76 0
18,20,874,10,30122,308,5,21,1053,1936,140 0
23,837,2,15566,15567,104,20,6,3250,3397,2,14,401,13,23,80 0
80,2,18,404,3350,57 0
18,14,411,1039,2572,65,6,2233,950,2,48,14,791,30123,173,6,1708,37,18,1376,154,643 0
18,14,290,23,77,2218,5,836,19,51,3128,7,1161 0
18,21,11,44,34,26,255,7,194 0
23,81,322,20,1599,432,6,144,2,18,14,411,290,1397,131,2,48,197,262,12,6,9999,5,947,15,1175,923,7,3148,131,13,1275 5,25
144,408,20,1180,42,15,30124,796,5,668,1946,566,32,57 0
78,89,30,4,1101,118,353,576,10,1626,1037,2,311,51,81,2,132,776,13,450,331,647,102,2,254,2,777,1085,2,336,343,76,2,188,1617,305,76,2,336,527,2,6752,74,3278,2,1023,2569,9,6068,2768,2276,8,2,2187,30125,1520,2,4395,805,2,30,7,7245,245,2,30,7,554,1240 10,5
77,4,8961,80,2,648,563,4,161,172,474,22,82 18
165,442,2400,495,35,45,1190 0
186,6685,14,453,42,58,5149,27,5090,3147,74 0
249,889,1345,370,22,1190 0
351,2307,204,22,2865 0
459,5445,109,22,82 0
636,5505,204,22,82 0
843,556,2461,761,22,82 19
1038,2745 0
1065,921,2135,1710,22,119,1719,9,102,98,1435,22,5199,8 28
854 0
1397,1523,284,190,12,6,465,5,1212,12,6,1485 25
1718,1116,105,22,1190 0
1913,633,749,130,2023,2865 0
2257,30126,2201,22,82 0
2407,635,130,22,82 29
2466,6217,35,5533,82 0
3117,5534,196,22,82 0
3992,10324,204,22,1190 0
5377,2937,244,22,4649 0
3171,30127,632,82 0
7237,632,9865,823,190,82 0
6733,493,32,4502,42,6,1532,30128,137,10,77,4,152 0
93,122,4,67,94,14,30129,2,296,1182,2,870,980,2,5,121,4153,643 0
224,893,4,18,1423,5543,57,124,4703,18,21,2705,814 0
202,14,483 0
112,14,330 0
11,780,2,11,920 0
226,53,90 0
118,4020,2160,86,387 0
187,14,133,2,375,2,86,1119 0
217,86,79 0
3675,4,2519,42,6,3748,19,30130,482,835,7,5205,2,1060,3080,19,1326,903,2,2276,32,57,32,633,2034,5,331,15568,320,5,114,4,161,1101,118,353,2,1626,1037 0
18,14,281,3972,13,15,121,7,4153,643 0
18,40,155,82,6279 0
47,40,3886,10,58,12795,2,23,1724,2882,18,14,930,400,223,173,1216,23,9864,12,6,4144,91,997,538 0
11596,2,18,40,750,260,17,87,12850,12,121 0
165,777,1085,2,185,5,145,425 0
493,2305,453,42,6,4144,1532,441 0
186,670,2,17,110,2,18,836,19,6217,5,4825,32,57,32,1161,51,3128,119,1409 0
92,40,125,1550,18,113,28,18,176,1525,65,15,2390,7,2030 0
249,188,132,776 0
331,27,450,7,15568,18,40,301,10,55,30131,1831 0
18,4983,5812,12,1754,7,23,132,753,454,37,2098,1633 0
68,21,61,15,1970,32,10,1092,18,21,132,143,238,1582,19,15,1681,1575,346,432,3035 0
47,880,38,3172,50,61,346,27,11056,144,490,11,426,53,1509,12,6,4144,1557 0
58,5149,39,346,2202,15,1316,7,159,146,2,71,227,11,132,143,238,27,37,95,2,48,23,834,132,496,14,280 0
18,14,724,10,125,58,5149,400,223,5,40,207,100,13,23,12292,7793,38,1144 0
23,837,1632,100,6,1144,7,2112,30132,192,23,203,27,6,4144,2,12,2692,14,930,15,4254,401 0
18,14,791,30133,7,58,5149,104,21,5834,17,23,17,159,2,48,47,880,124,6,14211,7,89,203 0
38,1279,31,55,15,3176,5725 0
18,14,781,10,1022,13,58,5149,5,47,40,7438,58,5149,32,57 0
351,339 0
18,20,166,10,50,6752,74,3278,5,6068,2768,19,73,5,18,40,301,10,50,961,667,35,200,17,38 0
459,2244 0
23,461,14,15,3396,7,889,1705,5,461,7,132,76 0
18,865,363,4980,432,6,950 0
18,14,724,10,125,1532,27,30134,12,1091 0
12,6,3157,2,47,50,9535,10,58,5149,104,3120,10,707,23,12,6,132,441,27,5090,3147,74 0
108,1633,2,648,319,881,23,3525,889 0
47,40,155,15,835,5,889,30135,80,5,3271,1406,191,10,58,5149 0
636,424,203,927 0
258,80 0
8554,1291,80 0
837,2,15566,15567,14,23,3250,3397,5,47,50,1730,24,414,12,6,4726,30136,7805,19,6,2116 0
18,5740,10,55,275,715,27,156 0
47,40,125,23,428,12,183,236 0
101,4018,284,606 0
526,4286,289,30137,2,96 0
813,30138,7582,2746,800,4,11158,827,4,11158,818,4,11158 0
