69,49,4,30189,30190,144,1327,141,99,414,4,5201,2,11159,512,46,4,15577,49,7,141,4,30191,427,4,30192,240,4,30193,195,440,4,30194,2,30195,195,384,4,54,337,34,234,4,6,29,14,15,1963,292,762,13,15,299,7,1336,2,336,527,5,883,13,306,4864,17,531,1254,12,6,644,7,7699,853,12,6,78,83,159,2,97,153,12,1231 5
16,110,279,13,180,19,188,1968,30196,37,1220,38,465,117,16,1236,100,5890,1013,24,140,17,173,2003,3014,5,237,8691,549,63,180,34,5192,100,24,386,2,13,15,3488,7,6140,2,16,8402,70,2499,38,20,1084,10,6,34,16,39,549,297,19,158,4864,17,1254,393,16,1008,9577,19,1367,10,6,189,24,1157,20,7635,2,4367,2,30197,2,105,2,1080,41,628,5,20,321,19,2929,522,13,6064,17,1254 14
499,4,119,234 0
11,5358 0
11,9421 0
11,655 0
11,8778,30198 0
11,14518 0
11,3430,6405 0
11,4141,7,988,2,3918,394 0
11,807 0
11,469,26,596,2,11,1251 0
637,4,161,1336,971,12,3666,2,687,336,527,20,971,1013,6,1140,95,2,88,87,981,26,1358 5
165,336,343,76,13,6,640,2106,716,4,70,2021,765,2936,915,2595,30199,70,2041,765,2936,915,4164,2149,30200,1071,5,1527,7,6,525,52,2358,582,143,30201,1071,5,1527,7,6,525,70,2358,582,143,11160,47,75,495,7,70,1726,2930,9066,77,19,141,9,941,13,29,8,4,161,607,1974,59,165,30202,778,33,186,1020,1974,33,249,1292,138,192,4,2063,30203,24,3191,1100,4,295,12,6762,6077,4399,13,4498,2,1230,1625,32,15,3503,6408,48,6558,70,110,2,21,1591,13352,17,1212,159,2,11,430,2,11,840 15,35,26,30
3169,333 0
990,4,1262,128,3108,13,120 0
93,73,4,1654,4,7127,2,30204,2,738,2,564,2,1080,41,628,759,4,436,2,4613,202,4,725,2,570 14
112,4,330,2,11,846,2,11,293,229,2,487,799,4,11,815,26,2306,2384,694,4,418,246,2,253,324 0
11,1058 0
11,1093,2,970,44,4,1398,187,4,1381,133,2,875,2,1325 0
11,1003,2,11,798,277 0
516,4,1968,13,4485,5,2281,733,2,2460,65,54,2021,765,37,21,6652,19,2567,663,5,14,829,1189,2,11,7368 0
54,765,85,1189 0
296,19,1968,261,5,1686,5052 0
181,4,11,150,690,323,4,5344,98,186,951,1746,175 0
476,466,65,879,100,10,475,19,157,5,15513,256,754,19,30205,258,5,426,4,6095,30206,6276,649,1917,524,2127,9,276,8,824,2501,689,6677,379,244,804,1789,770,6504,9,72,8,335,3897,1178,2361,22,2231,801,298,4363,9,72,8,615,15035,9,54,8,458,3994,9,54,8,266,9316,9,54,8,530,365,665,5757,698,7318,443,5535,666,3667,2914,431,1081,1192,41,1753,1887,9,72,8,41,897,1143,9,54,8,41,1637,102,9,54,8,41,732,35,41,1675,515,2584,30207,9,72,8,2585,30208,2661,13674,9,72,8,2662,6648,2663,2748,1513,152,1458,152,2664,152,2130,152,64,5452,1069,6358,3875,4,66,17,877,2,222,31,1021,1469 0
337,754,5100,4,68,14,15,8272,505,12,6,525,891,1694,7,6,717,30209,7,6,5060,765 0
38,319,55,30210,13,63,680,7,30211 0
3135,30212,30213,2752,311,4,1166,2752,2382,4,611,2041,2021,765,1166,1218,36,678,1547,4,30214,30215,634,10518,30216,2082,1081,2929,3903,56,56,56,56,56,56,56,56,56,56,56,56,56,56,56,56,56,56,56,56,56,56,56,8151,1577,3919,3223,7165,1577,7166,3223,3012,1577,30217,1577,3390,1577,3920,1577,2139,1577,12133,1577,4111,1577,833,4,15363,13,15,299,7,1336,2,883,5,306,4864,12,6,78,17,531,1254,12,6,644,7,2149 5
161,1070,4,29,14,110,629,13,479,10,55,983,656,7,1254,48,110,1664,3256,65,24,54,2021,765,505 0
162,21,30218,6,1166,2,4054,1166,1314,32,57,32,67,1314 0
180,3132,209,31,55,3459,19,5100,142,5,979,4220,14,268,557,13,180,271,188,3132 0
40,539,241,500,100,17,3132,108,115,273,31,5379,10,522 0
4573,5,3391,129,1704,10,6064,12,30219,10,498,1218,467 0
165,883,4,40,301,1148,3875,10,1021,17,343,30220,5,1329 0
2628,1918,2,5,2933,211,5,210,2,40,1731,1001,1835,5,309,2670,470 35,18,29
186,1336,4,214,657,338,97,141,2,30221,29,110,687,16,826,77,5,2642,84,100,10,873 5
40,1731,1098,5,358,1649 0
5386,414,10381,14764,195,705,46,30222,3546 0
