69,49,4,30223,287,5562,774,12,3115,1360,7,1861,12,24,4982,1486,36,573,932,922,36,110,419 0
11,388 0
11,34,13,748 0
700,404,1104 0
355,16,74,448,1691,2,11,14867,2,339,26,1368,167 0
11,383,12,1413,864 0
11,280,181,571 0
11,455 0
1183,4,11,309,2,3799,77,230,683,35,45,9,62,8,25,33,60,32,575,2157,626,35,45,9,62,8,25,59,60,32,575,172,9,896,547,8,925,35,45,9,62,8,25,33,60,32,575,385,4,3851,5289,1174,574,723,7206,4302,4,5328,395,625,2,11,229,2,4844,620,2,11,799,90,30224,418,11,970,26,417,340,4,463,2,11,342,26,1003,2,2180,4564,19,3504,54,354,157,386,7939,1189 14,19,18,15,37,33
11,1382,388 0
839,904,79 0
167,35,8,127,36,383,2157,10,196,59 15,13
51,8,103,488,700,1181,11162,30225,185,102,8,81,341,36,14457,19,4302 5
274,2,155,1098 0
568,73,1691,2085,38,200 0
183,8,1638,1137,1842,11,280,10212,3459,83,8,4982,1486,5833,2,1491,3601,241,162,259,8,3174,3985,36,356,13,3690 0
