69,49,4,30433,30434,1477,1327,141,99,29,4,6519,2,8883 0
512,4,15591,605,49,4,30435,440,4,30436,715,139,4,275,715,29,1026,4,384,4,713,234,4,38,14,15,1662,528,13,637,182,17,116,2,120,2,1534,1168,15592,2,592,5419 5,13
104,156,10,6,2420,13,713,5,111,12,6,4013 14
1975,10,6,29,2,18,39,344,67,94,17,159,37,20,57,425,1975,10,23,100,4159,2758,2,151,18,1376,23,3711,5,519,31,7326,12,23,5033 0
12,2758,7,38,200,2,6,29,795,290,87,111,257,100,4159,18,39,15,101,13,23,1353,1436,71,514,23,111,10,55,12,6,4013,718,23,10,2420,2,648,425,23,111,5,718,23,286,19,556,196,59,2,5,184,109,22,33 9,19
117,71,2,6,29,39,15,6814,10,7121,5,2876,286,7,23,560,51,123,30437,10,23,808 0
151,18,1936,173,15,2779,146,6,29,658,10,2420,490,7,983,656,7,1229,303,2,17,71,2,18,20,855,13,15,207,100,13,153,7,6,30438,9380 0
29,519,31,433,63,1207,532,1209,38,376,2,5,18,20,460,15,699,7,713,80,2,393,18,1008,23,10360,1436,71,153,268,95,514,23,10,55,12,6,4013,5,718,23,10,6,2420 0
19,499,4,29,88,87,1652,2,142,12,862,2,30439,2,402,2,44,34,2,4739,2,270,2,340,34,2,892,2,4739,2,134,616,142,2,228,12,23,300,26,668,1183 0
278,18,113,5155,699,2955,2,534,7,6620,2,30,7,895,2308,30440,151,18,8519,13,150,5638 0
11,699,7,2750,26,1621 0
303,674,408,4,12,6,2420,2,6,111,20,30441,2,289,4,365,2,30442,2,2706,204,41 14
6,29,431,521,7,501,219,5,5,626,25,17,71,23,111,39,839,1338 19
18,85,431,105,22,7,219,1875,237,1915,25,1643,117,71,23,67,94,20,423,10,6,9579,2,237,84,321,4682,168,100,10,6,4013,17,71,18,431,983,109,22,219,2,6,8455,2800,6,29,1236,20,30443 14,19
6,29,20,85,124,15,370,22,211,2,5,6,523,51,91,785,129,66 18
2151,10,15,498,147,2,6,2420,147,227,1807,5294,12,2717,5,2489 0
637,4,120,11,131,4331 5,25
116,1534,1168,592,5419,77,19,141,30444,3021,59,2854,204,22,283,556,196,22,59,184,491,33,960,447,283,137,4,747,128,30,4,116,2,120,2,178,179,30,4,93,73,4,1032,4,492,4,982,111,4,30445,1157,4,30446,4,564,47,75,1179,28,985,4,12,286,759,4,436,30447,15,75,1179,28,8048,202,4,725,570 5,14,19,13,26,9
802,682 0
11,11146 0
112,4,8085,875,2,11,1059,2,920,919,2,11,799,44,4,15314,91,4,418 0
324,2673,11,13153,2,43,246 0
11,30448,30449 0
340,4,5756,2,11,782,342,2,11,953,2,11,229,2,11,782,2787 0
516,4,243,5390,2274,2,4445,30450,2,11,79,2,261,1947,30451,2,4051,43,2,86,720,2,673,2,26,4685 0
181,4,324,11665,2,11,571,26,690 0
323,4,36,413,2,646,1094 0
90,988 0
36,1478,1738,1746,175,42,3499,5591 0
36,11,1138,1445,201 0
36,4845,2,30452,2,2274 0
3729,148 0
36,175,1014,5,3166,3635 0
324,731,590 0
1596,175 0
258,4,1917,3657,723,5824,3099,5205,11622,30453,30454,30455,3667,4005,10910,130,1311,4,2456,1676,3251,1234,2194,66,66,148,2676,148,2443,66,66,148,2747,6332,4336,4412,2136,66,66,148,1679,2635,3118,481,5735,66,66,148,3034,148,2195,66,66,148,1793,125,790,125,790,617,4060,66,1499,3370,1499,1499,1499,3230,7309,2939,1499,3511,451,66,6482,156,3683,451,66,451,8289,451,91,4,148,98,51,36,4210,276,4,36,1330,4,36,1700,4,147,4,368,2,1598,2,1820,11093,2,280,1807,5294,12,30456,30457,10,15,2779,146 0
242,75,1179,28,114,4,1662,292,528,13,1229,303,2,713,2,5,7641,2,11,150,30458 0
147,13,280,1278,5294,12,891,1511,5,66,91,785 0
10779,1229,303,4,29,431,51,8975,4250,19,1032,13,11,1248,12,111 0
491,219,30459,1236,23,423,10,6,30460 0
913,14,1013,30461,40,247,10860,25,390,291,5,4414,1953,25,5,2399,100,10,111,913 19,20
10,2712,913,8284,30462,4,3950,173,576,30463,7,116,2,12514,30464,1120,26,30465,11411 13
40,155,63,9625,5307,5222,10,30466,1483,2,40,85,155,15,4508,389,10,357,3173,40,155,1995,10849,17,14580,2,5,934,3014,389,17,30467,2,1942,2,30468,2,30469,10,155,17,30470,5,30471 0
40,433,15,2202,10,1514,17,132,143,238 0
8284,1534,1168,4,11,529,10359,2,40,126,13,2854 0
15458,120,4,131,1175,923,2,873,1197,4408 5,25
15177,1427,4,389,13,298,2,314,1312,2381,4598,1094,123 0
9924,3772,4,2537,405 0
1707,10759,8982,96 0
30472,414,2,705,46 0
