69,49,4,30426,89,974,12,1045,10017,224,144,1250,6893,518,30427,2,10658,30428,2416,4,30429,3271,4,30430,440,4,1476,242,4,616,4,1157,4,289,4,204,111,4,30431,581,17,101,4,64,1053,52,6,2420 14
166,116,21,61,664,257,17,15,434 13
20,4351,124,87,257,282,467,4,137,4,560,4,664,257,17,268,271,102,198,30,7,6,156,360,4,1662,1576,528,401,17,344,67,94 13
64,20,201,12,2420,17,77,5,20,124,2854,2,960,2,5,13981 0
64,21,61,286,7,257,17,268,271,102,198 0
64,5623,537,230,5,669 21,19
64,1492,10,1297,10,6,89,8326,1775,13,192,23,77 0
64,88,1652,2,901,167,2,44,34,2,167,13,2438 0
603,39,178,5,587,27,439,30432,477,587,151,18,20,1653,9,109,198,146,8 0
64,578,39,15,118,2491 0
64,578,1591 37
2830,637,4,81,116,1534,1168,93,73,4,759,4,436,973,4,492,204,2,111,11970,19,70,349,118,4,1714,2,11,417,226,4,1398,2797,4,344,67,94,56,556,196,25,110,5,237,59,56,184,109,25,110,5,237,33,56,437,12,6,2420,110,10,1029,1769,111,14,197,297,377,437,4,10,2420 5,14,19,13,15
