69,49,4,30492,9726,8160,1327,141,99,29,4,8883,6519,485,4,15591,605,49,4,30493,440,4,2979,9069,2,195,240,312,4,2979,9069,2,195,858,391,2565,30,7,6,156,360,552,6519,14,15,1258,292,407,13,15,299,7,3746,2,1336,2,116,2,2553,629,13,1872,5,2565 10,5,13
29,416,191,6,78,51,123,18,21,549,2825,5,2572,2,30494,37,151,3610,209,750,18,20,773,10,3886 0
18,85,21,549,3760,19,23,744,5,2697,793,922,151,286,748,2,8885,23,1444,5,349 0
18,267,618,158,10,1111,48,88,44,34,2,396,26,270 0
68,20,11,274,7,3473,5,18,20,382,10,433,30495,117,1111 0
7,99,2,18,21,3501,65,1785,481,15594,7,333,4735,119,107,10,481,15594,7,135,4735,490,6,3692,819,18,295,2876,286,7,333,4735 0
18,14,85,14234,23,7147,1269,5,23,1275,7949,7,15,30496,27,1253,2,7522,10772,27,3133,5,63,30497,17,2005,2,12,2183,10,1882,121 0
18,21,31,39,87,134,560,142 0
18,88,134,508,2,469,2,455,2,868,2,263,34,2,435,2,807 0
18,113,444,182,5420,5,1579,2438 0
18,85,267,270,13,639,2,1926,748,100,1965 0
12,6,189,1153,638,129,276,6344,492,738,111,30498,574,6733,258,129,182,17,15,649,3785,2,524,1747,2,824,1645,2,689,5671,2,5640,1408,2,298,462,2,266,9618,464,20,90 14
18,20,124,15,488,7,6069,2176,5,739,1618,5718 0
18,20,265,10,325,17,241,233 0
163,7,213,66,12,790,820,32,12,234 0
78,89,30,2039,149,535,1644,3746,1534,6792,81,311,51,75,46,410,28,97,1098,30499,2,3044,116,254,75,46,410,28,3842,10875,2,488,1462,5261,9860,188,2565,75,46,410,28,344,7167,2,252,30500,461,75,46,410,28,889,30501,15595,752,7968,75,46,410,28,3564,2768,128,30,3910,75,46,410,28,2958,5398,75,46,410,28,371,179,30,224,75,46,410,28,295,1310,12,2703,7578 5,13,6,10
3663 0
11,726 0
781,10,7121,400,223,10,101,1343,104,14,460,15,4421 0
671,75,46,410,28,578,1055 37
554,75,46,410,28,631,866,51,159 0
2226,840,75,46,410,28,152 0
4797,2614,184,36,250,2,1010,36,2565,77,19,141,3567,792,1247,283,2854,626,30502,283,30503,138,15596,5026,59,172,925,82,3358,1953,82,607,521,59,1875,1953,59,310,4480,291,737,491,59,635,446,283,5534,626,82,3149,8528,82,75,46,410,28,31,290,93,122,973,4,276,4486,492,2501,111,11375,574,105,651,1048,980,41,628,224,75,46,410,28,463,528,12,11,180,326,202,75,46,410,28,1186,2,1125,28,725,2,570,28,2286,822,2,682,1657,1405,2,15583,2496,112,36,11,780,2,487,919,305,75,46,410,28,90,10,452,193,2,11,942,26,856,91,75,46,410,28,135,145,5,212,28,246,5,253,43,28,11,387,2,711,26,766,28,14922,12,6,217,193,187,75,46,410,28,463,2,133,2,2170,28,978,28,43,300,302,445,75,46,410,28,619,5,3914,28,11,79,949,75,46,410,28,951,1746,992,175,2,199,590,193,2,43,466,193,972,139,75,46,410,28,413,5,646,98,102,28,5335,2570,3675,4789,649,5252,9,54,8,2,524,2263,9,54,8,2,824,2040,9,54,8,2,689,10951,9,54,8,2,379,183,9,54,8,2,804,13442,2,1578,75,695,28,284,2,770,7057,9,72,8,4789,649,3785,9,54,8,2,524,1747,2,824,1645,9,54,8,2,689,5671,9,54,8,2,379,51,9,54,8,2,804,14912,2,1578,75,695,28,284,2,770,8947,9,72,8,4789,1498,723,9,72,8,4789,1498,1408,9,72,8,4789,335,3380,2,1178,2702,9,54,8,2,22,931,2,5712,30504,335,30505,6074,6143,9,54,8,4789,1157,5931,2,5646,30506,2,30507,1390,9,72,8,2,30508,1212,9,54,8,2,30509,13948,9,72,8,2,7675,148,4789,1330,8509,9,72,8,2,2986,75,879,28,30510,5914,1250,2,15597,30511,8781,30512,298,5096,9,72,8,2,615,14237,2,458,9840,9,54,8,2,266,6660,9,54,8,2,530,1956,9,54,8,2,665,4996,2,698,9992,2,443,30513,9,72,8,4789,298,8939,9,72,8,2,615,14224,2,458,5594,9,54,8,2,266,8837,9,54,8,2,530,1332,9,54,8,2,665,8906,2,698,5618,2,443,10743,9,72,8,4789,666,30514,666,30515,1081,1192,2,41,1753,1333,9,72,8,2,41,897,788,9,54,8,2,41,1637,481,2,41,732,35,2,41,1675,30516,2584,30517,9,72,8,2,2585,30518,2,2661,11459,2,2662,6275,2,2663,30519,1513,152,2,1458,152,2,2664,152,2,2130,395,9,72,8,4789,2456,9339,2,3251,90,2,2194,66,2,2676,66,2,2443,66,2,5448,8143,2,2136,617,2,1679,15598,2456,1676,2,3251,90,2,2194,171,2,2676,66,2,2443,66,2,5448,75,879,28,8143,2,2136,395,2,1679,15598,2677,66,2,3034,66,2,2195,66,2,1793,15599,2677,66,2,3034,66,2,2195,66,2,1793,15599,5311,1500,2,3370,1499,2,3230,152,2,3511,451,2,6482,30520,3370,1499,2,3230,30521,30522,156,3135,152,5887,426,464,36,11,160,7,796,26,305,79 24,14,19,18,29,26,30,20,33,31
147,75,46,410,28,399,1257 0
145,14868,513,1672,12,591,2,1088,2,1663,2,2696 0
610,1599,65,158 0
242,5,114,552,6519,14,15,1258,292,30523,407,13,3746,2,116,2,1336,2,2553,629,13,1872,5,514,10,50,182,1825,15600,317,2565,2,7641,2,30524,5,63,1498,2653 10,5,13
18,85,21,15,149,3904,2,461,75,46,410,28,27,450,2,5,2386 0
46,46,4,2565,75,46,410,28,6378,1995,9422,14,12258,30525,9,4945,6143,8,3925,15,6721,2565 0
1737,18,479,3972,2,1170,460,15,682,1414,71,176,55,65,29,75,46,898,28,62,30526 0
15,15597,7,1429,14,373,1905,7,763,1949,2006,252,15601 0
29,14,1785,1391,30527,5,1360,7,2786,5420,2,119,30528,586,18,14,936,10,2880,1971,10,6069 0
30529,38,176,50,61,5893,42,5732,65,333,4735,10,4735,32,333,4735,15602,1674,649,5,30530,6967,434,135,4735,15602,7961,649,5,30531,6262 0
264,6262,13,1114,397,2,975,26,633,3438,9,1155,32,12,5873,30532,8,319,10090,975,4315,5,1873,9364,2,1195,5978,82,15601,9364,10,75,879,28,30533,2,71,319,772,12,14940,108,760,1269,14,264 0
4900,27,15,145,7,75,879,28,30534,136,18,14,11,1735,1972,1834,1942,10,6045,4900,145,7,8235,75,46,410,28,3661,15282,30535,760,9053,10,6069,11876,136,18,14,3972,2,11,5621,17,2176,11995,29,2424,1546,470,10,1022,2441,6353,75,46,410,28,2159,18,14,2505,657,2441,6353,5,23,7147,1269,14,30536,11873,281,65,1341,9,30537,65,6349,8,46,46,4,15603,1111,75,46,410,28,30,14,1905,7,1111,12,644,7,5529,2270,5,30538,1251 0
113,31,2707,91,12,2275,2,278,513,1672,12,786,1511,2122,10,50,3806,65,97,147,19,30539 0
15603,1111,14481,3601,180,30540,1588 0
155,6659,40,155,91,785,32,147,14,1905,7,1387,513,1672,12,786,1511 0
707,19,2408 0
93,364,470 0
46,46,4,461,75,46,410,28,266,27,450,2,278,20,889,2953,12,15595,5,39,15,3564,2768,1466,19,7314,40,540,889,426,10,6045,889,4402 0
2396,2,3987,2,3450,539,540,4212,752,10,1364,339,30541,4418,10,461,46,46,4,251,1498,2653 0
30542,14,30543,10545,1825,4861 0
30544,2653,14,75,879,28,109,393,8582,14,553,218 0
68,53,11,4893,12,6,1311,5,68,14,11,160,7,132,353 0
2898,14,31,1905,7,63,4861 0
5640,14,218,65,406,1825,15600,9,476,30545,5,30546,8 0
155,5121,540,5640,46,46,4,3904,36,11,160,7,566,2,598,566,519,5625,10,1872 0
1311,5,464,129,66 0
108,1467,26,6033,40,1150,1314 0
540,801,46,46,4,81,75,46,410,28,126,310,2,607,1197,4408,1759,13,2153,46,46,4,3746,75,46,410,28,126,15596,46,46,4,2039,75,46,410,28,126,2854,2,30547,46,46,4,127,75,46,410,28,126,3358,2,1875,2,737,2,5534,2,172,46,46,4,254,75,46,410,28,126,635,2009,4,6069,760,4158,2,11,3907 5,19,13,18,29,10,26,30,20,31
5254,4402,524,2,1178,5,887,1942,1834 0
1210,339,4,31,1683,877,4,4630,300,4,888,2,2084,138,715,4,275,715,3743,30548,30549,2,195,3546,2,705,46,30550 0
