69,49,4,30477,30,7,156,360,64 0
279,80,17,356,7,23,2172,1682,12,6,13426,65,15593,10,30478 0
18,1007,42,4366,19,15593,151,18,166,4121,988,5,63,3760,672 0
18,687,84,20,621,18,20,15,15428 0
18,39,841,61,1785,5,39,841,1009,26,12286,2916,2100 0
18,20,214,30479 0
11,901,142,26,150,2100,10210 0
18,39,841,61,2300,12,87,150,2018,4,11,596,2,469,2,1642,2,26,150,849 0
18,549,15,5426,2328,419,5,20,382,10,1418,10,6,6171,5,2836,6,12713,12 0
648,1453,23,848,4,13795,648,1931,23,106,848,3945,5,23,864,660 0
12,6,1087,2,23,864,222,31,30480 0
258,129,686,17,558,7,1604,237,6351 0
9,374,19,30481,20,3044 6
8,23,12156,20,252,1572,3819,75,1179,28,5494,2,48,38,14,185,17,23 0
18,39,15,43,4446 0
136,237,2,18,21,549,23,1054,3206 0
77,3567,792,9,4802,1503,30482,8,1247,22,9,3315,347,30483,60,35,8,25,283,46,154,45,9,62,8,172,9,896,547,8,474,22,9,925,45,60,35,8,25,33,3358,9,5291,8,1296,22,9,1953,45,60,35,8,25,33,46,154,45,9,62,8,607,83,22,9,521,45,60,35,8,25,59,98,154,123,46,284,45,9,62,8,1875,767,1296,22,9,1953,45,60,35,8,25,59,98,154,123,46,2287,45,9,62,8,210,9,894,8,109,22,9,491,45,60,35,8,25,283,98,154,123,46,365,45,9,62,8,310,3432,22,9,4480,45,60,35,8,25,291,98,154,123,46,365,45,9,62,8,737,9,1133,8,109,22,9,491,45,60,35,8,25,59,46,284,45,9,62,8,9041,183,22,9,183,22,45,60,35,8,25,32,575,98,154,123,2,60,35,45,9,183,22,8,509,5,102,1555,9,579,22,8,283,46,1725,45,9,62,8,9008,3273,9,910,1361,3273,8,51,2411,9,14534,3273,8683,6884,8,1206,1834,138,1106,46,35,1361,9,62,8,2854,9,6476,8,196,22,9,626,45,60,35,8,25,283,98,154,123,2,176,60,196,22,268,27,420,32,865,138,1467,2039,46,1280,45,9,62,8,635,130,22,9,446,45,60,35,8,25,283,46,154,45,9,62,8,5534,196,22,9,196,22,45,60,35,8,25,33,3149,9,4742,9,3149,8,8,1963,22,25,33,46,154,45,9,62,8,773,10,1150,38,239,10,30484,3124,41,9,30485,10821,3124,41,8,35,2072,9,3124,41,9949 24,19,18,29,26,30,20,17
9,1800,8,8,965,32,575,2,2208,10,3495,2026,793,82,98,462,123,5,237,19,8629,316 0
46,196,1990,9,62,8,1873,1212,41,7327,1212,41,7327,60,35,965,59,98,154,123,2,361,2208,84,27,2051,1694,7,362,744,30486,15,107,46,35,2389,9,62,8,137,184,36,250,2,1010,36,2565,2,163,7,213,318,5,66,32,3688,5208,12,38,30487,359,67,94,2960,296,1529,121,1764,30488,436 0
323,4,672,2,988,5,590,53,992,30489,92,177,23,282,67,968,5,23,30490,81,341,311,51,47,1931,23,983,1522,17,30491,251,1587,692,9620,17,3149 5,24
1534,1168,2,15592,2565,461,642,5,1492,1492,32,256,1400,1158,14015,860 0
85,917,35,8,5559 0
4711,1128,1403,2006,1826 0
411,31,1667,90,71 0
37,1660,2,18,74,448,57,5,37,14,6805 0
18,692,10,155,23,728,108,18,21,983,5559 0
17,110,2,92,3673,207,23,1831 0
51,8,4032,4,2119,80 0
437,4,1542,32,937,724 0
