67,54,4,18021,528,150,436,224,694,30,4,64,10245,4767,231,3515,684,4,2344,3634,12733,189,47,4,10241,882,7039,4,50,38,6,1174,7,122,2344,3634,12,6,528,499,668,17,15,439,112 1,1,1,1,1,1,1,1,1,1,1,1,1,1,1,1,1,1,1,1,1,1,1,1,1,1,1,1,1,1,1,1,1,1,1,1,1,1,1,1,1,1,1,1,1
159,50,99,749,201,3,16,86,10,640,7,437 1,1,1,1,1,1,1,1,1,1,1,1
62,1011,20,72,17,325 1,1,1,1,1,1
3088,143,31,2145,157 1,1,1,1,1
241,7,6,48,111,18022 1,1,1,1,1,1
23,5603,21,68,19,6,1809,518,3,693,16,14,97,202,17,4353,458 1,1,1,1,1,1,1,1,1,1,1,1,1,1,1,1,1
39,4,203,462,22,32,3,1829,1160,22,32,3,613,279,22,69,3,236,141,22,32,3,218,125,22,32,3,950,231,22,305 1,1,11,1,1,1,1,1,1,1,1,1,9,1,1,1,1,12,1,1,1,1,13,1,1,1,1,1,1,1,1
102,101,4,275,201,10,52,60,197 1,1,1,1,1,1,1,1,1
23,148,14,3089,5,23,130,156,14,335,5,145 1,1,1,1,1,1,1,1,1,1,1,1
16,14,3632,624 1,1,1,1
74,14,11,1161,715,1453,5,216,133,57,217,100,97,222 1,1,1,1,1,1,1,1,1,1,1,1,1,1
23,155,57,91,783,3,5,639,722,344,244,416,2353,27,6,53,649 1,1,1,1,1,1,1,1,1,1,1,1,1,1,1,1,1
23,4174,14,1064,60,5,14,211 1,1,1,1,1,1,1,1
23,1362,2399,14,4573,13,15,416,1108,156,5,239,3,15,44,304,5,310 1,1,1,1,1,1,1,1,1,1,1,1,1,1,1,1,1,1
16,21,62,1162,561 1,1,1,1,1
11,213 1,1
23,214,14,703,97,1128,3,222,3,26,15,989,1518 1,1,1,1,1,1,1,1,1,1,1,1,1
74,14,11,975,93,5,789,1591,133,57,217,100 1,1,1,1,1,1,1,1,1,1,1,1
177,4,924,13,15,2433,851,1136,893 1,1,1,1,1,1,1,1,1
16,21,15,4354,3,75,14,209 1,1,1,1,1,1,1,1
339,4,10248,3,110,431,4,137,211 1,1,1,1,3,3,3,1,1
178,106,4,845,232,179 1,7,1,1,1,1
12734,4,179,253,437,4,50,1403,16,21,62,3884,7,1539,1029 1,1,1,1,1,1,1,1,1,1,1,1,1,1,1
50,41,1494,3885,289 1,1,1,1,1
941,360,244,681,17,6,10249,10,1784,12,23,198 1,1,1,1,1,1,1,1,1,1,1,1
13,1586,641,3,2344,1830,3317,3,6437,3,107 1,1,1,1,1,1,1,1,1,1,1
205,867,43,2344,487,3317,229,19,3745,539,3,18023 1,1,1,1,1,1,1,1,1,1,1,1
