67,54,4,18047,12742,3,18048,3,2661,221,43,271,1291,13,64,4993,19,12747 1,1,1,1,1,1,1,1,1,1,1,1,1,1,1,1,1,1
30,35,607,43,64,4993,20,81,43,271,13,6,28,5,514,10,52,4994,5,492 1,1,1,1,1,1,1,1,1,1,1,1,1,1,1,1,1,1,1,1
6,102,77,20,660,43,808,101 1,1,1,1,1,1,1,1
172,5,355,20,98,2477,13 1,1,1,1,1,1,1
30,7,61,328,4,12,1922,3,40,14,15,4995,428,13,30,7,181,120,76,161,315,431,251,12,3318,3,61,13,10256,30,7,1983,48,34,584,10,24,188,3,5,98,640,7,131,34,7,8764,2004,1385,7,24,70,303,3,190,166,24,3240,116,37,18,38,12,3318,13,128,244,131,226,7,184,5,744,693,18,14,334,3639,5,18,55,37,74,14,62,118,12,34,13,380,3,269,3,35,60,35,724 1,1,1,1,1,1,1,1,1,1,1,1,1,1,1,1,10,10,10,3,3,3,3,3,3,3,1,1,1,1,1,1,1,1,1,1,1,1,1,1,1,1,1,1,1,1,1,1,1,1,1,1,1,1,1,1,1,1,1,1,1,1,1,1,1,1,1,1,1,1,1,1,1,1,1,1,1,1,1,1,1,1,1,1,1,1,1,1,1,1,1,1,1,1,1,1,1
18,1343,1087,3516,13,11,1734,5,631,49,1735,209,3,51,2832,319,7,92 1,1,1,1,1,1,1,1,1,1,1,1,1,1,1,1,1,1
18,631,37,6,34,14,1414,2120,27,85,3,5,6,3013,37,14,479,20,24,188,34,37,20,10257,7,6,34,37,18,38,186,18,38,24,431 1,1,1,1,1,1,1,1,1,1,1,1,1,1,1,1,1,1,1,1,1,1,1,1,1,1,1,1,1,1,1,1,1,1,3
80,39,30,4,18,21,15,30,7,106,3,71,3,431,3,5,567,373,161,315,4026,5,584 1,1,1,1,1,1,1,1,1,7,1,4,1,3,1,1,1,1,1,1,1,1,1
99,429,154,20,208,52,12,1519,3,75,20,44 1,1,1,1,1,1,1,1,1,1,1,1
150,30,4,269,17,567,373,5,71,324 1,1,1,1,1,1,1,1,4,1
206,30,4,18,109,31,728 1,1,1,1,1,1,1
18,238,12,6,80,3,334,558,87,183 5,5,5,5,5,5,5,5,5,5
81,7,182,4,35,607,12,6,940 1,1,1,1,1,1,1,1,1
395,122,55,17,402 1,1,1,1,1
127,4,35,607,12,6,940 1,1,1,1,1,1,1
395,122,55,17,402 1,1,1,1,1
39,4,35,607,12,6,940 1,1,1,1,1,1,1
395,122,55,17,402 1,1,1,1,1
102,101,4,980,3,410,3,2274,3,2356,428,3,5,12,11,758,342 1,1,1,1,1,1,1,1,1,1,1,1,1,1,1,1,1
1130,3,416,7040,3,133,1000,3,1481,680,3,63,94,18049,3,5,718,1045,853,42 1,1,1,1,1,1,1,1,1,1,1,1,1,1,1,1,1,1,1,1
797,1124 1,1
1561,1313,57,1110 1,1,1,1
136,14,332 1,1,1
155,57,91,7,1065,3,407,3,26,1116 1,1,1,1,1,1,1,1,1,1
612,4,145,156,5,239 1,1,1,1,1,1
214,14,280 1,1,1
326,327,3640,3,396,3,5,11,1641,3,1482,3,26,2670 1,1,1,1,1,1,1,1,1,1,1,1,1,1
6,196,14,204,3,617,3,5,683 1,1,1,1,1,1,1,1,1
18,21,802,246,225,6,473,2068,18050,5,565,975,93 1,1,1,1,1,1,1,1,1,1,1,1,1
457,532,4,6,28,21,15,44,836,5,44,1348 1,1,1,1,1,1,1,1,1,1,1,1
3090,20,602,306,5606,805,5,897,143,44 1,1,1,1,1,1,1,1,1,1
689,264,4,177,338,239,13,886,66,356 1,1,1,1,1,1,1,1,1,1
48,241,20,72,545 1,1,1,1,1
318,499,438,4,35,1152,3,18,20,162,10,6,1642,189,17,15,896,481,7,898,75,134,44,41,52,261,163,3,139,321,10,122,134,18,21,88,380,2348,3,35,1152,3,18,20,866,261,10,163,12,211,5,2275,534 1,1,1,1,1,1,1,1,1,1,1,1,1,1,1,1,1,1,1,1,1,1,1,1,1,1,1,1,1,1,1,1,1,1,1,1,1,1,1,1,1,1,1,1,1,1,1,1,1,1,1,1,1
18,20,162,10,6,1642,189,12747,13,505,7,48,34 1,1,1,1,1,1,1,1,1,1,1,1,1
497,4773,3,2661,107 1,1,1,1,1
487,4,18051,292,4,18052,533,43,4,4773,3,2661,746,18053,1608,250,31,81,43,262,331,250 1,1,1,1,1,1,1,1,1,1,1,1,1,1,1,1,1,1,1,1,1,1
