67,54,4,18883,18884,40,14,808,671,112,13,3931,5330,9,509,47,18885,8,3,15,1578,379,719,425,10,2784,24,301,451 1,1,1,1,1,1,1,1,1,1,1,1,1,1,1,1,1,1,1,1,1,1,1,1,1,1,1,1,1
18,21,31,221,15,1622,12,1087,87 1,1,1,1,1,1,1,1,1
18,1049,40,1089,3,517,18,38,1602,2108,432,58,113,183 1,1,1,1,1,1,1,1,1,1,1,1,1,1
18,44,21,24,1551,18886,3,13,108,65,7,1602,1298 1,1,1,1,1,1,1,1,1,1,1,1,1
24,99,1551,99,17,558,65,13,6,712,1745,5,1602,1298 1,1,1,1,1,1,1,1,1,1,1,1,1,1
6,432,488,58,113,183,3,5,74,14,11,2899,132 1,1,1,1,1,1,1,1,1,1,1,1,1
18,90,88,362,34 1,1,1,1,1
18,90,284,7,5359,3,600,18,21,18887,13043,13,15,18888,4776 1,1,1,1,1,1,1,1,1,1,1,1,1,1,1
674,4,4230,3366,1091,2641,256,311,1091,99,1238,12,18889,33,2147,8924,127,4,790,254,4,1253,3,1628,1828,3,512,1804,2795,4,1221,18890,3,51,132,7153,278 1,1,1,1,1,1,1,1,1,1,1,1,1,1,1,1,1,1,1,1,1,1,1,1,1,1,1,1,1,1,1,1,1,1,1,1,1
11,1732,3,485,3,6453 14,14,1,1,1,1
146,36,63,18891,397,2791,186,18,38,15,1091 1,1,1,1,1,1,1,1,1,1,1
3190 1
11,727 1,1
2555,4,832,388,33,151,3,1447,399,719,33,583,7,302,440,108,1020,5,117,848,58,1020,5,36,848,13,142,3,36,848,13,151 1,1,1,1,1,1,1,1,1,1,1,1,1,1,1,1,1,1,1,1,1,1,1,1,1,1,1,1,1,1,1,1
545,4,787,3,2484,3,6571,3,280,3,480,701,4,18892,148,10488,196,4,617,3,683,3,11,277,227,4,1929,27,665,863,18893,442,1086,3,1042,91,136,4,11,309,26,879,3,216,217,73,222,3,576,320,632,155,4,751,682,644,4,455,304,310,11,1099,567,4,675 1,1,1,1,1,1,1,1,23,1,1,1,1,1,6,6,1,1,1,1,1,1,1,1,1,1,1,1,1,1,1,1,1,1,1,1,1,1,1,1,1,1,1,1,1,1,1,1,1,1,1,1,1,1,1,1,1,1,1,1,1,1,1,1,1
11,777,240,362,4,280,3,952,1465,329,588,188,4,11,690,3,1044,3,4837,246,779,4,1883,72,3,11,240,2281,4,44,1558,3188,3,131,2108,3687 1,1,1,1,1,23,1,1,1,1,1,1,1,1,1,1,1,1,1,1,1,1,1,1,1,1,1,1,1,1,1,1,1,1,1,1
5063,44 1,1
11,243,26,240 1,1,1,1
1238,2678,943 1,1,1
8925,77,569,531,4,565,10,433,3806,93,9,7897,8,352,4,2214,339,4,1578,379,5690,428 1,1,1,1,1,1,1,1,1,1,1,1,1,1,1,1,1,1,1,1,1,1
104,4,176,2740,33,1742,7898,1471,166,66,5690,258 1,1,1,1,1,1,1,1,1,1,1,1
159,40,20,24,671,255,7,1742,432,3,41,31,2695,268,2351,27,40,802 1,1,1,1,1,1,1,1,1,1,1,1,1,1,1,1,1,1
79,138,2830,3,5,773,10,86,10,67,6,54,5,2630,7,24,7899 1,1,1,1,1,1,1,1,1,1,1,1,1,1,1,1,1
79,90,256,3455,26,2555,7,2740,373 1,1,1,1,1,1,1,1,1
178,644,33,79,146,256,148,82,7,3654,12,6,80 1,1,1,1,1,1,1,1,1,6,1,1,1
18,20,10488,89 1,1,6,1
18,20,244,3367,10,417,88,148,297,9,50,508,274,279,22,25,605,8,3,5,1081,10,527,353,5,288,671 1,1,1,1,1,1,1,1,1,1,1,1,1,1,1,1,1,1,1,1,1,1,1,1,1,1,1
18,1535,6,436,341,7,142,5,731,37,92,14,244,1434,13044,10489,4416 1,1,1,1,1,1,1,1,1,1,1,1,1,1,1,1,1
41,96,40,483,976,5,13045,27,441,112 1,1,1,1,1,1,1,1,1,1
195,436,936,33,2033,1238,295 1,1,1,1,1,1,1
41,144,836,3,7900,5,520,1134,89 1,1,1,1,1,1,1,1,1
41,503,1018,1402,27,441,112 1,1,1,1,1,1,1
253,439,13,271,12,36,129 1,1,1,1,1,1,1
56,56,56,56,56,56,56,56,56,56,56,56,56,56,56,56,56,56,56,56,56,56,56,56,56,56,56,56,56,56,56,56,56,56,56,56,56,56,3121,10490,3,8926,3807,3,107 1,1,1,1,1,1,1,1,1,1,1,1,1,1,1,1,1,1,1,1,1,1,1,1,1,1,1,1,1,1,1,1,1,1,1,1,1,1,1,1,1,1,1,1,1
55,4,221,13,64,10491,5,235 1,1,1,1,1,1,1,1
14,5690,3,38,18894,1551,711 1,1,1,1,1,1,1
11,1238,159,6081,148,20,10488 1,1,1,1,1,1,6
64,10491,242,15,1238,3,41,96,1551 1,1,1,1,1,1,1,1,1
1403,18,14,106,3,51,18,14,3367,10,49,254 1,1,1,1,1,1,1,1,1,1,1,1
235,341,7,142,13,24 1,1,1,1,1,1
18,41,2377,13,64,10491 1,1,1,1,1,1
250,2412,43,3121,10490,3,8926,3807,3,107 1,1,1,1,1,1,1,1,1,1
250 1
