67,54,4,20223,281,297,702,13526,2583,13527,5437,2815,3,5434,9156,3,1743,9157,13528,9,3010,8,20224,10788,505,4,176,106 1,1,1,1,1,1,1,1,1,1,1,1,1,1,1,1,1,1,1,1,1,1,1,1,1,1,1,7
178,975,93 1,1,1
195,71 1,4
282,4,5434,14,15,1872,87,302,428,121,61,17,96,115,7,39,483,35,60,35,17,301,975,93,225,6,80,58,113 1,1,1,1,1,1,1,1,1,1,1,1,1,1,1,1,1,1,1,1,1,1,1,1,1,1,1,1,1
186,50,749,24,15,493,113,183,3,18,20,244,2624,5,606,15,377,12,228,7,24,289,290,10,116,7,2624,35,60,35,15,2405,12,24,347,5,392 1,1,1,1,1,1,1,1,1,1,1,1,1,1,1,1,1,1,1,1,1,1,1,1,1,1,1,1,1,1,1,1,1,1,1,1,1
18,2072,60,10,40,5,286,242,60,17,15,113,26,470 1,1,1,1,1,1,1,1,1,1,1,1,1,1
286,18,749,64,6692,121,118,24,228,7,289,188,10,125,22,12,6,744 1,1,1,1,1,1,1,1,1,1,1,1,1,1,1,1,1,1
866,3,18,387,975,93,75,3,27,85,3,14,115,10,24,384,5,21,68,244,5110,17,24 1,1,1,1,1,1,1,1,1,1,1,1,1,1,1,1,1,1,1,1,1,1,1
7,55,3,18,126,729,630,6,80,493,129,5,92,20,2122,118,10,141,22,15,65 1,1,1,1,1,59,1,1,1,1,1,1,1,1,1,1,1,1,1,1,1
18,146,24,63,366,46,68,845,1349,179,3,471,66,20225,1540,225,6,80,1517,7,113 1,1,1,1,1,1,1,1,1,1,1,1,1,1,1,1,1,1,1,1,1
18,21,38,15,1517,7,266,12,6,3970,225,6,80,1517,7,129 1,1,1,1,1,1,1,1,1,1,1,1,1,1,1,1
18,465,21,31,1702,96,115,13,64,6151,5438,35,50,38,420,17,575,13,24,71 1,1,1,1,1,1,1,1,1,1,1,1,1,1,1,1,1,1,1,4
18,146,24,63,94,12,64,6692,82,668,20,44,35,60 1,1,1,1,1,1,1,1,1,1,1,1,1,1
18,90,88,739,3,760,3,118,226,7,184,26,437,19,380 1,1,1,1,1,1,1,1,1,1,1,1,1,1,1
11,249,26,459 1,1,1,1
2502,81,7,182,72 1,1,1,1,1
18,109,146,970,13,911,37,18,14,5141,1667,916,18,21,38,51,21,55,92,225,6,80,493,129 1,1,1,1,1,1,1,1,1,1,1,1,1,1,1,1,1,1,1,1,1,1,1,1
39,4,35,55,12,6,67,5,660 1,1,1,1,1,1,1,1,1
127,4,218,646,263 1,1,1,1,1
102,101,4,18,14,15,787,428,12,11,199,342 1,1,1,1,1,1,1,1,1,1,1,1
24,196,14,244,7284 1,1,1,1,1
63,94,20226,3,19,390,92,14,5786,3,133,7,1421,3,140,7,850,3,140,14,115,223,320,624,17,24 6,6,6,6,6,6,6,6,6,1,1,1,1,1,1,1,1,1,1,1,1,1,1,1,1,1
227,630,44,406 1,1,1,1
136,4,11,910 1,1,1,1
155,91,10,463,100,3,11,876,26,1116 1,1,1,1,1,1,1,1,1,1
612,77,4,44,304,3,310,3,2463,589,213,27,70,1456,1876 1,1,1,1,1,1,1,1,1,1,1,1,1,1,1
214,14,703 1,1,1
114,4,18,21,5313,2215,975,93,10,794,2959 1,1,1,1,1,1,1,1,1,1,1
339,5,104,4,1872,87,302,428,13,4,176,301,975,93 1,1,1,1,1,1,1,1,1,1,1,1,1,1
81,28,82,95,149,295,3,18,109,46,2466,51,92,14,1466,265,159,6,99,85,92,20,144,5,98,24,347,21,265 1,1,1,1,1,1,1,1,1,1,1,1,1,1,1,1,1,1,1,1,1,1,1,1,1,1,1,1,1
50,1526,6,975,93,208,52,422,10,6,729 1,1,1,1,1,1,1,1,1,1,59
1241,3,50,1260,24,10,488,6,729,5,18,41,454,271,1560,10,2046,271,731,1667,18,14,191,35,92,208,49,15,493,65,10,538 1,1,1,1,1,1,1,1,59,1,1,1,1,1,1,1,1,1,1,1,1,1,1,1,1,1,1,1,1,1,1,1
41,482,118,24,289,649,19,1667,18,2072,10,1285,6,729,5,24,149 1,1,1,1,1,1,1,1,1,1,1,1,1,59,1,1,1
41,144,3368,1817,1134,5,1425,35,60 1,1,1,1,1,1,1,1,1
178,106,159,1285,729 1,7,1,1,59
41,126,274,12,15,266,228,51,1260,24,31,10,126,40,17,6,441,493,65 1,40,40,40,40,40,40,40,40,40,40,40,40,40,40,40,40,40,40
41,126,27,1211,22,15,65,5,118,10,279,22,15,65,5,18,41,96,115,12,6,441,493,113,17,15,390,63,94,144 1,1,1,1,1,1,1,1,1,1,1,1,1,1,1,1,1,1,1,1,1,1,1,1,1,1,1,1,1,1
195,71 1,4
6,28,14,1610,1175,10,810,62,987,13,64,6151,5438,641,6,71,10,122,134,74,14,2600,312,119,368,191,10,84,24,165,389 1,1,1,1,1,1,1,1,1,1,1,1,1,1,1,4,1,1,1,1,1,1,1,1,1,1,1,1,1,8,1
6,28,10,96,115,13,271,43,2174,1560,5,376,12,6,441,117,113,17,15,63,94,144,5,2110,134,11,1954,7,24,975,93 1,1,1,1,1,1,1,1,1,1,1,1,1,1,1,1,1,1,1,1,1,1,1,1,1,1,1,1,1,1,1
497,6199,852,13525,3,107 1,1,1,1,1,1
426,4,746,20227,806,4,10788,825,4,20228,843,4,10788 1,1,1,1,1,1,1,1,1,1,1,1,1
