67,54,4,22740,14413,436,599,318,499,67,28,4,4327,3,2376,542,4,22741,2523,4,22742,3964,4,832,4946,434,4,22743,22744,973,1007,4,3931,11277,85,28,221,22745,730,234,775,10,1127,123,58,65,282,447,358,468,12,640,7,170,34,12,23,53,657,5,1423,13,535,914,1127 1,1,1,1,1,1,1,1,1,1,1,1,1,1,1,1,1,1,1,1,1,1,1,1,1,1,1,1,1,1,1,1,1,1,1,1,1,1,1,1,1,1,1,1,1,1,1,1,1,1,1,1,1,1,1,1,1,1,1,1,1,1,1,1,1
258,6,34,14,470,3012,16,14,775,10,321 1,1,1,1,1,1,1,1,1,1,1
16,21,15,30,17,623,373,13,1019,12954,10,6,155 1,1,1,1,1,1,1,1,1,1,1,1,1
20,221,43,23,451,40,113,35,60,35,43,273,16,21,68,481,115,17,62,679,17,441,3144,51,6,34,14,681,984,89,3,16,468,425,17,172 1,1,1,1,1,1,1,1,1,1,1,1,1,1,1,1,1,1,1,1,1,1,1,1,1,1,1,1,1,1,1,1,1,1,1,1
16,90,88,931,26,326,1029,16,90,88,1297,10,23,188,26,248 1,1,1,1,1,1,1,1,1,1,1,1,1,1,1,1
21,38,125,948,655,314,95,1694,151,3,185,393,3,106,3,9488,2143,918,3,623,373,3,155,2882,3,153,1419,3,1416,164,254,236,3,622,3,218,3,203,127,200,579,1754,11,793,140,314,26,1001,3,590,3,249,3,459 1,1,1,1,1,1,1,1,4,1,15,15,15,7,1,1,1,1,1,1,1,1,1,1,1,1,1,1,1,1,1,12,12,21,21,13,13,11,1,1,1,1,1,1,1,1,1,1,1,1,1,1,1,1
3967,11,678,84,3,243,3,555,5775,11,841,314,3,2236,3,1670,3,3689,3,2419,3,535,1475,3,818,243,3,2157,3219,11,263,3,407,3,437,612,11,48,34,3,418,3,760,3,739,9489,122,282,196,11,277,3,2338,352,11,4075,3,11278,3,102,77,207,480,3,410,642,1754,122,757,55,3219,91,10,463,5,1051,3,11,876,3,407,26,1116,612,145,156,5,239,3,44,304,78,310,3,11,213,3,561,26,502,4947,152,396,1058,188,10666,11,246,3,449,10,191,2051,2471,10,388,5124,3,6616,2471,10,125,5124,3,775,10,1404,415,321,19,59,248,3,22746,10,248,204,3,2329,82,5121,5881,319,3,9490,193,3,775,10,655,4010,19,59,248,290,10,22747,34,3,779,77,409,1256,5,511,33,11279,196,11,277,3,11,243,7,173,738,1855,657,3,2617,3914,1793,59,657,3,5211,3,2617,3,6482,1080,33,5393,1164,11,22748,3475,59,248,34,33,235,13,262,3,403,5,77,508,4031 1,1,1,1,1,1,1,1,1,1,1,1,1,1,1,1,1,1,1,1,1,1,1,1,1,1,1,1,1,1,1,1,1,1,1,1,1,1,1,1,1,1,1,1,1,1,1,1,1,1,1,1,1,1,1,1,1,1,1,1,1,1,1,1,1,1,1,1,1,1,1,1,1,1,1,1,1,1,1,1,1,1,1,1,1,1,1,1,1,1,1,1,1,1,1,1,1,1,1,1,1,1,1,1,1,1,1,1,1,1,1,1,1,1,1,1,1,1,1,1,1,1,1,1,1,1,1,1,1,1,1,1,1,1,1,1,1,1,1,1,1,1,1,1,1,1,1,1,1,1,1,1,1,1,1,1,1,1,1,1,1,1,1,1,1,1,1,1,1,1,1,1,1,1,1,1,1,1,1,1,1,1,1,1,1,1,1,1,1,1,1,1,1,1,1,1,1,1,1,1,1,1,1,1,1,1,1,1,1,1
34,179,12,6,1147,13,1720,5,1816 1,1,1,1,1,1,1,1,1
16,146,16,237,31,572,15,976,679,2370,744,13,508 1,1,1,1,1,1,1,1,1,1,1,1,1
74,57,11,1111,2295,2370,17,13728,22749,5,41,261,13,34,39,5,96,115,13,23,503,6482,1080,679,12,1436,3236,19,22750,278,3931,3668,230,262,331,55,282,122,1203,55,17,296,402 1,1,1,1,1,1,1,1,1,1,1,1,1,1,1,1,1,1,1,1,1,1,1,1,1,1,1,1,1,1,1,1,1,1,1,1,1,1,1,1,1,1,1
1656,3,40,28,21,30,7,188,34,3,59,2921,5,248,34,17,75,16,21,68,503,17,62,4165,1436,679,441,113 1,1,1,1,1,1,1,1,1,1,1,1,1,1,1,1,1,1,1,1,1,1,1,1,1,1,1,1
6,34,20,984,12,6,99,493,65,1152,37,16,21,38,535,321,290,10,34 1,1,1,1,1,1,1,1,1,1,1,1,1,1,1,1,1,1,1
16,109,31,46,88,323,26,837,11,314,7,179,7,326,26,931 1,1,1,1,1,1,1,1,1,1,1,1,1,1,1,1
11,3986 1,1
21,403,7,623,399,75,1338,1627,201,27,341,17,1080,1818 1,1,1,1,1,1,1,1,1,1,1,1,1,1
579,376,193,316,122,757,55,545,122,1203,55,17,296,77 1,1,1,1,1,1,1,1,1,1,1,1,1,1
273,77,4,15,78,1117,1200,3,925,2960,204,3,670,1006,233,531,3,511,204,10,691,1008,783,3,409,700,3,44,6581,100,3,193,2947,2350 1,1,1,1,1,1,1,1,1,1,1,1,1,1,1,1,1,1,1,1,1,1,1,1,1,1,1,1,1,1,1,1,1,1
79,146,37,139,46,370,34,39,16,14,132,449,10,321,3,8279,16,20,887,2082,40,744,186,16,671,953,517,16,20,12,1520,681,34 1,1,1,1,1,1,1,1,1,1,1,1,1,1,1,1,1,1,1,1,1,1,1,1,1,1,1,1,1,1,1,1,1
39,1771,810,230,438,22751,22752,19,209,266,188,5,53,2921,34,3,132,265,139,34,39,12,6,230 1,1,1,1,1,1,1,1,1,1,1,1,1,1,1,1,1,1,1,1,1,1,1,1
6,28,21,11,273,1030,27,40,85,5,14,449,10,321,97,1224 1,1,1,1,1,1,1,1,1,1,1,1,1,1,1,1
138,6,28,82,30,7,623,399,3,16,1338,160,268,3783,172,7,23,1080,10,172,17,1818,5,546,1410,679,10,192,17,1657,76,35,60 1,1,1,1,1,1,1,1,1,1,1,1,1,1,1,1,1,1,1,1,1,1,1,1,1,1,1,1,1,1,1,1,1
79,20,2865,679,89,3,313,16,14,1338,16,368,31,572,15,22753,976,679,9,16,21,527,397,13,39,8 1,1,1,1,1,1,1,1,1,1,1,1,1,1,1,1,1,1,1,1,1,1,1,1,1,1
138,37,6,28,109,31,46,88,273,1030,3,92,14,3720,17,201,10,52,261,163,19,62,265,34,389,13,554,8106,35,60,5,439,13,23,1803,503,4165,1436,679,441,113 1,1,1,1,1,1,1,1,1,1,1,1,1,1,1,1,1,1,1,1,1,1,1,1,1,1,1,1,1,1,1,1,1,1,1,1,1,1,1,1,1
79,5,150,1535,10,369,134,79,387,88,273,116 1,1,1,1,1,1,1,1,1,1,1,1
534,19,261,211,801,188,34,81,1445,50,46,1150,221,5,101,6,28,5,660,6,385,82,101,3,81,5,740,13,6,385,82,607,7,30,3,5,235,6,172,3,104,7,198,5,566,7,6,28,13,6,385 1,1,1,1,1,1,1,1,1,1,1,1,1,1,1,1,1,1,1,1,1,1,1,1,1,1,1,1,1,1,1,1,1,1,1,1,1,1,1,1,1,1,1,1,1,1,1,1,1,1,1
40,55,21,68,867,205,43,3931,11277,3,229,22754,22755,973,224,1933,607,12,6,230,55,158,4,6311,3492,9,73,8,3931,11277,3,229,22756,11279,3,1203,22757,8316,3,1203 1,1,1,1,1,1,1,1,1,1,1,1,1,1,1,1,1,1,1,1,1,1,1,1,1,1,1,1,1,1,1,1,1,1,1,1,1,1,1,1
