67,54,4,22829,112,55,28,414,4,7235,3,9498,3275,542,4,14433,533,54,4,11292,533,43,4,11290,11291,3,229 1,1,1,1,1,1,1,1,1,1,1,1,1,1,1,1,1,1,1,1,1,1,1,1,1,1,1
54,7,112,4,11292,730,234,4,70,2921,34,13,70,194,114,584 1,1,1,1,1,1,1,1,1,1,1,1,1,1,1,1
30,7,61,328,4,50,38,6,1174,7,122,9498,7235,12,513,89 1,1,1,1,1,1,1,1,1,1,1,1,1,1,1,1
16,526,70,11293,1050,845,22830,10558,19,22831 1,1,1,1,1,1,1,1,1,1
6,28,146,1470,306,215,42,265,12,23,116,139,6,540 1,1,1,1,1,1,1,1,1,1,1,1,1,1
137,6,34,14,855 1,1,1,1,1
16,768,92,35,1371,511,12,6,70,2921 1,1,1,1,1,1,1,1,1,1
16,1616,2265,7,34,35,9500,19,6,2734,34,1024 1,1,1,1,1,1,1,1,1,1,1,1
6,116,57,984,13,1742,321,17,312,306,58,2331,15,65,5,492,4042,13,427 1,1,1,1,1,1,1,1,1,1,1,1,1,1,1,1,1,1,1
74,14,11,84,12,6,2265,7,116,13,5091,5660 1,1,1,1,1,1,1,1,1,1,1,1
6,28,90,88,95,249,26,459,3,11,314,7,326,26,931,179,3,11,837,3,11,323,3,11,6112,140,314 1,1,1,1,1,1,1,1,1,1,1,1,1,1,1,1,1,1,1,1,1,1,1,1,1,1,1
81,7,39,30,4,405,89,82,112,3,50,46,81,80,39,3,206,5,150,30,3,39,1003,5,127 1,1,1,1,1,1,1,1,1,1,1,1,1,1,1,1,1,1,1,1,1,1,1,1,1
74,21,68,11,694,84,35,1129,10,6,356,112 1,1,1,1,1,1,1,1,1,1,1,1
81,7,182,4,269,17,1058,640,35,768,270 1,1,1,1,1,1,1,1,1,1,1
11,95,249,3,11,459,3,11,48,34,3,11,226,7,184,3,11,291,34,3,11,314,7,326,26,931,179,3,11,6112,140,314 1,1,1,1,1,1,1,1,1,1,1,1,1,1,1,1,1,1,1,1,1,1,1,1,1,1,1,1,1,1,1,1
6,427,7,6,182,143,81,5,57,72 1,1,1,1,1,1,1,1,1,1
102,77,4,6,28,14,410,5,642,10,85,3,1150,5,469 1,1,1,1,1,1,1,1,1,1,1,1,1,1,1
23,1626,5,1246,57,211 1,1,1,1,1,1
16,722,232,2067,5,2383 1,1,1,1,1,1
16,1127,97,62,1224,2388,13,44,1404,7818,5,22832 1,1,1,1,1,1,1,1,1,1,1,1
16,14,449,10,1210,19,1404,5,415 1,1,1,1,1,1,1,1,1
16,14,449,10,321,22833,12,15,3467,1334,13,204,2064 1,1,1,1,1,1,1,1,1,1,1,1,1
74,14,406,471,7,759,12,6,1365,1080,13,2471,406,10,382,851,3,899,406,10,125,851 1,1,1,1,1,1,1,1,1,1,1,1,1,1,1,1,1,1,1,1,1,1
74,14,11,246,10,1046,225,11293,762,3,4837,762,3,8144,1178,3,3887,618,3,26,1470,6139,6140,100 1,1,1,1,1,1,1,1,1,1,1,1,1,1,1,1,1,1,1,1,1,1,1,1
74,14,296,1006,628,12,6,194,114,13,204,511,100 1,1,1,1,1,1,1,1,1,1,1,1,1
433,1056,12,6,384,3,1688,1056,12,6,595,100 1,1,1,1,1,1,1,1,1,1,1,1
74,14,2439,2993,3,11,7479,3,44,1256,12,6,194,114 1,1,1,1,1,1,1,1,1,1,1,1,1,1
3467,248,1849,5,562,6040,154,57,72,100 1,1,1,1,1,1,1,1,1,1
74,14,34,13,70,657,281,2378 1,1,1,1,1,1,1,1
339,4,176,11293,771 1,1,1,1,1
178,1365,4464,13,1920,2675,76 1,1,1,1,1,1,1
195,70,657,6841 1,1,1,1
420,4,176,50,38,11294,235,13,6,28,223,23,534,5,268,516,2076 1,1,1,1,1,1,1,1,1,1,1,1,1,1,1,1,1
6,28,41,86,13,163,288,1572,37,16,3952,12,102,340 1,1,1,1,1,1,1,1,1,1,1,1,1,1
178,6,28,20,1175,10,557,308,5,10,1784,12,14436,3582,288,35,1291,35,92,109,31,1302,23,116 1,1,1,1,1,1,1,1,1,1,1,1,1,1,1,1,1,1,1,1,1,1,1,1
195,6,28,20,1331,19,6,1255,7,140,2228 1,1,1,1,1,1,1,1,1,1,1
16,20,1240,223,140,599,425,27,14432,1177,124 1,1,1,1,1,1,1,1,1,1,1
16,14,527,10,179,23,140,868,15,2064,353,5,3582,288 1,1,1,1,1,1,1,1,1,1,1,1,1,1
16,41,482,62,172,27,6,140,599,134,2450,2943,57,31,1624 1,1,1,1,1,1,1,1,1,1,1,1,1,1,1
253,6,1953,104,20,235,13,6,28 1,1,1,1,1,1,1,1,1
233,7,23,664,143,2730 1,1,1,1,1,1
12,1488,1470,306,215,42,7,89,78,47,966,29,73,279,435,112,20,1858,19,1331,5,2297,7,198 1,1,1,1,1,1,1,1,1,1,1,1,1,1,1,1,1,1,1,1,1,1,1,1
50,773,6,28,10,513,13,271,35,160,134,23,116,369 1,1,1,1,1,1,1,1,1,1,1,1,1,1
92,20,808,1174,10,513,13,201 1,1,1,1,1,1,1,1
4377,11290,11291,3,229 1,1,1,1,1
426,4,2722,4,11292,22834,2074,4,22835,6010,1120,4,22836,6011,1120,4,22837 1,1,1,1,1,1,1,1,1,1,1,1,1,1,1,1,1
