67,54,4,13498,528,9726,3873,224,294,3070,11712,4,15214,3,25330,3,25331,3,25332,29,25333,4,25334,29,3232,3666,3070,25335,3232,25336,3,25337,3070,11712,4,15215,301,1396,3,15215,1396,29,25338,29,11713,4,3020,29,15216,4,25339,29,25340,4,25341,29,25342,3380,1879,29,3232,25343,3,25344,3,25345,3,25346,3070,3232,15217,3070,25347,9730,25348,9730,29,3232,25349,3,25350,3070,11714,4,11715,29,3232,7317,3070,7126,4,25351,29,15218,519,519,9730,29,3232,25352,3070,11714,4,11715,29,7126,4,893,29,15218,519,519,9730,29,3232,25353,3070,11712,4,484,15214,408,29,11714,4,11715,29,3232,25354,3070,8496,4,53,29,3232,25355,3070,9731,4,1140,29,8496,4,53,29,11713,4,15219,29,3232,25356,3070,9731,4,1140,29,11713,4,15219,29,3232,25357,3070,8496,4,599,29,25358,4,25359,29,3232,25360,3070,8496,4,599,29,3232,15220,3070,1876,4,11716,47,11717,3380,29,8496,4,599,29,9731,4,1140,29,15221,4,11718,29,11719,4,11718,29,3232,15220,2722,3070,9731,4,1140,29,15221,4,11716,29,11719,4,11716,29,25361,4,8497,29,25362,4,8497,29,3232,25363,3070,1876,4,8497,47,11717,3380,29,11719,4,11718,29,25364,4,8497,3380,47,11717,29,15216,4,8497,29,1809,4,117,117,117,25365,29,3232,2992,55,4,730,234,528,168,55,3274,15222,47,25366,1651,1106,25367,27,10217,272,509,15222,14,162,10,528,224,110,445,5,6357,9,5151,123,625,4646,8,10,6,309,30,7,61,328,40,1483,379,767,21,15,403,7,212,54,188,170,87 1,1,1,1,1,1,1,1,1,1,1,1,1,1,1,1,1,1,1,1,1,1,1,1,1,1,1,1,1,1,1,1,1,1,1,1,1,1,1,1,1,1,1,1,1,1,1,1,1,1,1,1,1,1,1,1,1,1,1,1,1,1,1,1,1,1,1,1,1,1,1,1,1,1,1,1,1,1,1,1,1,1,1,1,1,1,1,1,1,1,1,1,1,1,1,1,1,1,1,1,1,1,1,1,1,1,1,1,1,1,1,1,1,1,1,1,1,1,1,1,1,1,1,1,1,1,1,1,1,1,1,1,1,1,1,1,1,1,1,1,1,1,1,1,1,1,1,1,1,1,1,1,1,1,1,1,1,1,1,1,1,1,1,1,1,1,1,1,1,1,1,1,1,1,1,1,1,1,1,1,1,1,1,1,1,1,1,1,1,1,1,1,1,1,1,1,1,1,1,1,1,1,1,1,1,1,1,1,1,1,1,1,1,1,1,1,1,1,1,1,1,1,1,1,1,1,1,1,1,1,1,1,1,1,1,1,1,1,1,1,1,1,1,1,1,1,1,1,1,1,1,1,1,1,1,1,1,1,1,1,1,1,1,1,1,1,1,1,1,1,1,1,1,1,1,1,1,1,1,1,1,1,1,1,1,1,3,3,3,3,3,3,3,3,3,3,3,3,3,1,1,1,1,1,1,1,1,1,1,10,10,10,1,1,1,1
16,526,619,123,117,12,2165,27,8491,139,52,801,13,212,139,61,13,116,7,1575,34,5,307 1,1,3,3,3,3,3,1,1,1,1,1,1,10,1,1,1,1,1,1,1,1,1
1442,139,164,16,20,933,74,20,166,15,147,13,175,7,6,466 1,1,1,1,1,1,1,1,1,1,1,1,1,1,1,1
16,1196,10,46,116,7,1575,34,5,25368,630,15,493,113,7,164,5,61,10,25369,258,834,16,38,445,630,320,113,7,25370,27,37,85,23,309,466,20,467,5,23,443,309,20,2571 1,1,1,1,1,1,1,1,1,1,1,1,1,1,1,1,1,1,1,1,1,1,1,1,2,2,2,2,2,2,2,2,2,2,2,2,2,2,2,2,2,2,2,2
1831,1101,10,251,6,443,309,3,51,92,20,2564,1603,13,11,5648,1734,7,23,116 1,1,1,1,1,1,1,1,1,1,1,3,3,1,1,1,1,1,1,1
99,87,3,16,61,425,13,268,626,7,23,3240,4355,5,526,445,75,111,268,260,7,6,443,309 1,1,1,1,1,1,1,1,1,1,1,1,1,1,1,2,2,2,2,2,2,2,2,2
74,20,11,2731,2076,1382 1,1,1,1,1,1
16,21,68,1775,355,13,39,5,417,23,1575,34,265,3,51,6,437,21,828 1,1,1,1,1,1,1,1,1,1,1,1,1,1,1,1,1,1,1
1974,6,1575,34,21,15223,5,16,21,1639,312,1496 1,1,1,1,1,1,1,1,1,1,1,1
16,132,61,17,445 1,1,1,1,1
89,16,953,1696,11586,17,445,37,111,23,3543,76,10,52,170,13,15,586,42,260,858,6,4802,7,6,671,2250,1528 22,22,22,22,22,22,22,22,22,22,22,22,22,22,22,22,22,22,22,22,22,22,22,22,22,22,22,22
6,7828,309,14,381,5,2020,13,717,76,115,10,382,42 22,22,22,22,22,22,22,22,22,22,22,22,22,22
6,671,2250,21,15,365,1616,2763,260 22,22,22,22,22,22,22,22,22
1757,21,7254,42,260,637,10,6,671,2794 22,22,22,22,22,22,22,22,22,22
614,21,382,42,260,637,13,25371,1298,66,6,2491 22,22,22,22,22,22,22,22,22,22,22,22
6,15224,78,840,29,3338,14,883,5,6,9732,78,840,29,614,14,883 22,22,22,22,22,22,22,22,22,22,22,22,22,22,22,22,22
6,9732,78,840,29,309,14,31,678 22,22,22,22,22,22,22,22,22
6,6831,243,20,343,13,6357,13,15,5151,123,625,643,4646,251 1,1,1,1,1,1,1,1,1,1,1,1,1,1,1
16,953,19,1109,108,34,770,5,12,11,342 1,1,1,1,1,1,1,1,1,1,1
80,39,30,212,619,123,117,2165,9,15224,78,840,29,309,3,9732,78,840,29,309,3,9732,78,840,29,614,8,287,106,71,7516,127,25372,78,840,29,263,25373,78,840,29,590,1052,3,25374,78,840,29,2099,25375,78,840,29,361,1098,206,30,920,3,210,727,245,13,551,919,1109,1495,7968,3,285,17,723,191,3396,1215,485,4,117,15225,19,3076,238,4,334,180,991,183,3834,4,25376,9,3100,5,353,5513,8,353,4,71,288,4,775,10,191,681,4658,116,150,30,539,25377,13,142,661,13,130,15226,583,27,1996,39,27,163,4,1778,335,22,32,8493,945,22,69,289,125,22,32,236,171,22,32,423,447,22,32,4427,141,22,32,613,1211,22,69,1384,171,22,32,2541,141,2365,32,1827,462,22,32,729,141,22,32,2604,141,22,32,102,77,2012,4,1428,408,140,4,1847,842,701,4,6509,3,1912,3,581,450,4,25378,814,4,60,197,6498,358,12,480,352,4,410,3,642,123,117,3,942,91,5,4266 1,1,1,10,3,3,3,3,3,3,3,3,3,3,3,3,3,3,3,3,3,3,3,3,3,3,3,15,7,4,1,1,1,1,1,1,1,1,1,1,1,1,1,1,1,1,1,1,1,1,1,1,1,1,1,1,1,1,1,1,1,1,1,1,1,1,1,1,1,1,1,1,1,1,1,1,1,1,1,1,1,5,5,5,5,5,5,1,1,1,1,1,1,1,1,1,1,1,1,1,1,1,1,1,1,1,1,1,1,1,1,1,1,1,1,1,1,1,1,1,1,1,1,1,25,1,1,1,25,1,1,1,1,1,1,1,12,1,1,1,26,1,1,1,1,1,1,1,9,1,1,1,1,1,1,1,1,1,1,1,11,1,1,1,20,1,1,1,1,1,1,1,1,1,1,1,1,1,1,1,1,1,1,1,1,1,1,1,1,1,1,1,1,1,1,1,1,1,1,1,1,1,1,1,1,1,1,1,1,1,1,1
925,1544,204 1,1,1
628,1006,14968,194,114,31,154,4658,308,406 1,1,1,1,1,1,1,1,1,1
11,741,1030,136,4,332,3,687,1017,97,3094 1,1,1,1,1,1,1,1,1,1,1
576,917,3,11,5381 1,1,1,1,1
216,133,433,3,11,222 1,1,1,1,1,1
11,857,1189,103,4,145,304,3,310,3,11,9318,3,11,1099 1,1,1,1,1,1,1,1,1,1,1,1,1,1,1
1630,31,2507,1844,4,91,574,362,4,152,3,11587 1,1,1,1,1,1,1,1,1,1,1,1
11,10664 1,1
326,327,12,233,4440,531,4,53,562,2598,12,469 1,1,1,1,1,1,1,1,1,1,1,1
11,25379,3,367,152,222 1,1,1,1,1,1
133,433,3265,3,11,1379 1,1,1,1,1,1
81,7,182,72,12,402,708,35,55,270,149,154,149,4,177,4,566,5,104,339,4,1483,379,13,212,3,110,619,13,871,466,260,3,132,110,6357,10,794,309,25380,104,4,176,103,4,25381,60,179 1,1,1,1,1,1,1,1,1,1,1,1,1,1,1,1,1,1,1,1,1,1,1,1,10,1,1,3,3,3,3,3,3,3,3,3,3,3,3,3,1,1,1,1,1,1,1,1
86,137,254 1,1,1
296,228,252,5,423,6690 1,1,11,1,26,1
488,2319,19,423,13,301,6512 1,1,1,26,1,1,1
95,118,236,10,171,22,10665,41,144,772,520,12,272,1291,13,2527,82 1,1,12,1,1,1,1,1,1,1,1,1,1,1,1,1,1
1237,228,268,35,160 1,1,1,1,1
1004,2598,711,1067,44 1,1,1,1,1
1127,711,308,1682,2839 1,1,1,1,1
86,2397,17,132,138,8492,884,5,170,3543,443,309,76 1,25,1,1,1,1,1,1,1,1,1,1,1
118,308,315,3565,35,25382,178,2572,4,71,19,25383,86,17,132 1,1,1,1,1,1,1,1,1,1,1,1,1,1,1
144,1386,13362,165,1024,35,160 1,1,1,48,48,48,48
195,361,4,19,25384,41,84,10,1735,477,19,423,10,1468,357,3064,13,25385 1,1,1,1,1,1,1,1,1,1,1,26,1,1,1,1,1,1
1084,233,554,253,1326,4,25386,86,4427,268,104,135,609,6781,10253,25387,3,1010,3,14969,682,25388,607,161,4,3512 1,1,1,1,1,1,1,1,1,1,1,1,1,1,1,1,1,1,1,1,1,1,1,1,1,1
