67,54,4,25545,9734,11722,112,79,4,5915,3668,54,7,112,4,25546,426,4,2377,151,3,142,3,212,3,5,2407,172,282,4,5915,14,503,10,46,187,1416,164,19,25547 1,1,1,1,1,1,1,1,1,1,1,1,1,1,1,1,1,1,1,4,1,7,7,10,1,1,1,1,1,1,1,1,1,1,1,1,1,1,1,1
64,8160,5916,21,1066,37,18,52,172,169,10,164 1,1,1,1,1,1,1,1,1,1,1,1
89,3,146,37,18,14,191,60 1,1,1,1,1,1,1,1
18,9394,66,103,977,5,14,132,530,10,6285,12,15,4952,288,1572 1,1,1,1,1,1,1,1,1,1,1,1,1,1,1,1
89,3,18,90,88,48,34,26,94,3,307,27,427,29,131,3,211,187,595,474 1,1,1,1,1,1,1,1,1,1,1,1,1,1,1,1,1,1,1,1
90,109,51,768,265,12,24,288,2153 1,1,1,1,1,1,1,1,1
109,46,10,488,1770,3906,18,14,46,6,244,1783,7,24,169,1575,34 1,1,1,1,1,1,1,1,1,1,1,1,1,1,1,1,1
313,3,40,14,681,602,306,92,20,169,10,24,619,5,14,98,265 1,1,1,1,1,1,1,1,1,1,1,1,3,1,1,1,1
18,14,2145,484,470,681,476,408,315,619 1,1,1,1,1,1,1,1,1,3
146,265,2460,29,18,14,244,4720,3,530,66,495,597,421,914,11,2797,887,406 1,1,1,1,1,1,1,1,1,1,1,1,1,1,1,1,1,1,1
11,760,3,391,19,36,2347 1,1,1,1,1,1,1
11,34,12,24,248,186,18,321 1,1,1,1,1,1,1,1
146,37,18,14,2145,285,19,24,1386,29,24,1386,12,6,272,1970,25548,51,132,19,6,194,518 1,1,1,1,1,1,1,1,1,1,1,31,31,31,31,31,31,1,1,1,1,1,1
18,14,49,960,1872,189,12,6,272,5,1897,12,6,973 1,1,1,8,1,1,1,1,1,1,1,1,1,1
11,1805,914,1292 1,1,1,1
24,5761,1386,1970,7257,9,1970,117,552,8,146,37,18,14,244,429,89,29,24,4590,14,12,25549,9749,9,21,2944,191,5,7877,8,29,190,166,92,14,684,10,429,90,1393,3,1968,3,5836,38,1590,1902,99,112,147,71,324,1759,1887,7,798,931,4,1195,36,3,132,110,9735,516,3,96,43,1795,106,935,280,3241,7587,4,110,918,64,6808,181,15276,39,203,9,947,478,8,547,22,9,1026,45,49,36,8,25,32,47,388,45,9,73,8,2541,1341,964,298,125,2365,9,125,2365,298,13355,1541,49,36,8,25,32,47,388,45,9,73,8,960,5236,3429,9,165,2755,5236,3429,8,1364,189,9,15277,9,117,8,11736,3429,1633,8,521,35,496,3,25550,189,12,6,272,5,180,189,12,6,973,47,117,129,9,73,8,1918,289,9,932,8,171,22,9,171,22,45,49,36,8,25,69,47,1847,45,9,73,8,610,2223,912,964,231,22,9,231,22,2299,2402,49,36,8,25,32,47,388,2299,1919,912,964,180,22,9,180,22,298,1147,900,49,36,8,25,32,47,388,45,9,73,8,2071,125,22,9,378,45,49,36,8,25,276,47,388,45,9,73,8,5236,6924,9736,960,165,3429,1188,189,521,32,3,2084,1120,47,6374,47,117,129,9,73,8,1918,752,5097,9,4535,8,4145,189,9,4145,189,568,49,36,8,25,47,568,9,73,8,127,2935,33,874,1176,1707,33,263,5854,3,1692,15278,33,1439,474,1732,4,334,5049,29,238,5855,123,558,991,485,4,15247,357,4,200,1144,4,1219,66,7556 1,1,1,1,1,1,1,1,1,1,1,1,1,1,1,1,1,1,1,1,1,1,1,1,1,1,1,1,1,1,1,1,1,1,1,1,1,1,1,1,1,1,1,1,1,1,1,1,1,1,1,4,4,1,1,1,1,1,1,1,1,1,1,1,1,1,1,1,1,1,7,1,23,1,1,1,1,1,1,1,10,10,1,11,1,1,1,1,1,1,1,1,1,1,1,1,1,1,1,1,1,1,1,1,1,1,1,1,1,1,1,1,1,1,1,1,1,1,1,1,1,1,1,1,1,1,1,8,1,1,1,1,1,1,1,1,1,1,1,1,1,1,1,1,1,1,1,1,1,1,1,1,1,1,1,1,1,1,1,1,1,1,1,1,1,1,1,1,1,1,1,1,1,1,1,1,1,1,1,1,1,1,1,1,1,31,1,1,1,1,9,9,9,9,1,1,1,1,1,1,1,1,1,1,1,1,1,1,1,20,1,1,1,1,1,1,1,1,1,1,1,1,1,1,1,1,1,1,1,1,1,12,1,1,1,1,1,1,1,1,1,1,1,1,1,1,1,1,1,1,1,8,1,1,1,1,1,1,1,1,1,1,1,1,1,1,1,1,1,1,1,1,1,1,1,1,1,1,1,1,1,1,1,1,1,1,1,1,1,1,1,1,1,1,1,1,1,1,1,1,1,1,1,1,1,5,5,5,5,5,1,1,1,1,1,1,1,1,1,1,1,1,1,1,1,1
920,17,2583,87,10,11726,3,768,4067,15248,3,3720 1,1,1,1,1,1,1,1,1,1,1,1
21,58,727,5,615,2263 1,1,1,1,1,1
21,58,9737,3,36,245,15249,5,36,12,11727 1,1,1,1,1,1,1,1,1,1,1
11,2029 1,1
11728,7279 1,1
1037,21,15250,399 1,1,1,1
1022,4,9,11,374,8,256,1719,2942,3,15251,151,12,661,9,8503,12,23,5811,8,329,5229,914,419,9,11729,12,11730,15252,123,58,13,3942,9,1970,11731,9,11,374,8,256,3857,3,3594,3,687,3,4444,3,567,3,623,329,895,373,12,24,573,3,1363,1603,11732,9,11,374,8,256,11733,1083,314,9,11,374,8,256,895,1271,3,11734,7463,9,11,374,8,256,545,3,971,3,6454,3,432,935,9,329,8,256,1906,12,9739,9,11,374,8,256,363,3,2569,3,3863,329,1460,12,24,15253,12,58,15254,2944,191,12,4590,316,205,148,15279,3,364,1106,3,1207,4278,719,207,4,2269,719,12,480,227,4,797,3,863,3,665,3,1536,3,11,910,3,11,216,222,857,4434,3,58,329,216,1700,136,4,332,3,66,1213,4,1304,914,232,737,656 1,1,1,1,1,1,1,1,1,1,1,4,1,1,1,1,1,1,1,1,1,1,1,1,1,1,1,1,1,1,1,1,1,1,1,1,1,1,1,1,1,1,1,1,1,1,1,1,1,1,1,1,1,1,1,1,1,1,1,1,1,1,1,1,1,1,1,1,1,1,1,1,1,1,1,1,1,1,1,1,1,1,1,1,1,1,1,1,1,1,1,1,1,1,1,1,1,1,1,1,1,1,1,1,1,1,1,1,1,1,1,1,1,1,1,1,1,1,1,1,1,1,1,1,6,6,6,1,1,1,1,1,1,1,1,1,1,1,1,1,1,1,1,1,1,1,1,1,1,1,1,1,1,1,1,1,1,1,1,1,1,1,1,1,1,1,1,1,1,1,1,1,1,1
11,407,3,1116,3,26,876,720,4,455,3,409,25551,3,11,1099,362,4,152,3,2938,3,1289,531,4,3065,3,11,565,4434,93,3,11,1346,246,352,4,999,3,8081,117,3,942,2232 1,1,1,1,1,1,1,1,1,1,1,1,1,1,1,1,1,1,1,1,1,1,1,1,1,1,1,1,1,1,1,1,1,1,1,1,1,1,1,1,1,1,1,1
925,1544,204 1,1,1
670,628,1006,12,233,531 1,1,1,1,1,1
1056,433,675,783 1,1,1,1
691,1008,5,1207,3894,204,177,9,5393,8,4,338,27,1912,1815,29,409,694,3,309,9,886,8,29,1287,80,811,2963,3,2696,2611,1976,1129,10,25552,29,25553,914,9596,14739,29,367,684,10,1036,849,376,197,886,25554,10,25555,873,4,1364,379,719,61,684,311,39,483 1,1,1,1,1,1,1,1,1,1,1,1,1,1,1,1,1,1,1,1,1,1,1,1,3,3,3,3,1,1,1,1,1,1,1,1,1,1,1,1,1,1,1,1,1,1,1,1,1,1,1,1,1,1,1,1,1,1,1,1,1,1
36,8,212,110,95,619,4,191,60 1,1,10,3,3,3,3,1,1
96,976,43,528,609,5538 1,1,1,1,1,1
132,4140,914,103,977,5,197,10,52,191,244,60 1,1,1,1,1,1,1,1,1,1,1,1
131,1575,453,9,25556,3240,4355,8,265,914,265,534 1,1,1,1,1,1,1,1,1,1,1,1
64,5538,2040,5,21,25557,1889,534,5,976,25558 1,1,1,1,1,1,1,1,1,1,1
11,268,418,29,18,731,10,872,233,134,553 1,1,1,1,1,1,1,1,1,1,1
95,580,630,839 1,1,1,1
79,660,231,42,3297,10,254 1,1,1,1,1,1,1
148,185,89,51,25559,630,839,27,25560,5,27,174,1622,1089,56,2298,252,547,22,3,610,3,1919,3,5,167,289,135,528,56,1502,977,56,9659,1889,2310,724,3,655,314,3,5,288,9,914,103,977,58,8,151,4,372,95,25561,1284,3708,42,9,66,3116,42,8,3,1143,839 1,1,1,1,1,1,1,1,1,1,1,1,1,1,1,1,11,1,1,1,9,9,20,1,1,1,1,1,1,1,1,1,1,1,1,1,1,1,1,1,1,1,1,1,1,1,1,1,1,4,1,1,1,1,16,16,16,16,16,16,16,16,1,1,1
79,914,265,1386,89,4166,914,118,10,960,1970,25562,69 1,1,1,1,1,1,1,1,1,8,1,1,1
11,255,7,1292,132,37,18,21,488,6,1884 1,1,1,1,1,1,1,1,8,8,8
41,827,1284,27,441,112 1,1,1,1,1,1
95,580,630,839 1,1,1,1
6925,336,25563,10,1962,630,839 1,1,1,1,1,1,1
3284,6926,18,41,454,914,88,147,3,479,3,828,185,1386,3,2216 1,1,1,1,1,1,1,1,1,1,1,1,1,1,1,1
86,10,96,976 1,1,1,1
25564,5,1175,1889,655,314 1,1,1,1,1,1
6219,1980,29,11741,1590,1902,6926,117,8,1795,4,256,931,399,4,25565,3719,1043,29,420,2377,12,36,87,210,8,142,4,148,2230,4625,19,137,389,29,79,190,684,10,190,244,25566,89 1,1,1,1,1,1,1,1,1,1,1,1,1,1,1,1,1,1,1,1,1,1,1,1,1,1,7,7,1,1,1,1,1,1,1,1,1,1,1,1,1,1,1
18,41,369,10,122,271,12,1970,58,113,5,827,286 1,1,1,1,1,1,1,1,1,1,1,1,1
41,98,46,24,5774,144,92,27,163,170,85,10,1457,15,493,312,54,802,108,8,2407,341,192,169,10,3961,1416,164,4,1427,10,25567,5331,3,79,21,25568,341,17,15,266,341,164,5,15280,1624,25569,78,840,29,320,129,183,9,25570,8,5,21,11,91,173,116,422,10,40 1,1,1,1,1,1,1,1,1,1,1,1,1,1,1,1,1,1,1,1,1,1,1,1,1,1,1,1,1,1,1,1,1,1,1,1,1,1,1,1,1,1,1,1,1,1,1,1,1,1,1,1,1,1,1,1,1,1,1,1,1,1,1,1,1
18,109,31,160,268,2809,154,27,40,85,17,266,341,164 1,1,1,1,1,1,1,1,1,1,1,1,1,1
50,41,3,313,3,660,40,914,24,1448,10,810,1671,16,109,46,88,483,35,60,13,24,164,5,1457,37,35,62,2227,10,40,55 1,1,1,1,1,1,1,1,1,1,1,1,1,1,1,1,1,1,1,1,1,1,1,1,1,1,1,1,1,1,1,1
79,82,148,14,131,185,89,51,2230,630,839,19,24,137,389 1,1,1,1,1,1,1,1,1,1,1,1,1,1,1
50,41,122,24,188,12,1970,58,113,85,3,169,10,164,5,810,1671,24,148,14,60,179 1,1,1,1,1,1,1,1,1,1,1,1,1,1,1,1,1,1,1,1,1,1
79,21,11,403,10,508,432,11181,51,41,144,24,6483,5,836,89 1,1,1,1,1,1,1,1,1,1,1,1,1,1,1,1
79,41,235,13,64,5916,641,186,18,160,10,488,24,252 1,1,1,1,1,1,1,1,1,1,1,1,1,11
18,14,19,40,17,24,212,470,1511,10,1833,35,2104,35,284,29,50,41,98,660,914,64,5538,684,23,3504,684,6,252 1,1,1,1,1,1,10,1,1,1,1,1,1,1,1,1,1,1,1,1,1,1,1,1,1,1,1,1,11
71,179,265,9,122,270,8 1,1,1,1,1,1,1
15,2154,7,40,3406,1291,914,149,5,177,41,52,781,10,64,5916 1,1,1,1,1,1,1,1,1,1,1,1,1,1,1,1
320,8,4068,4,56,56,81,1402,4,79,3111,10,1493,17,132,29,1535,8881,29,18,41,25571,27,2377,112,56,56,7589,4,1500,25572,465,89,160,17,1018,51,79,242,31,3111,10,235,5,464,78,986,29,36,87,315,619,79,10,1521,12,58,113,26,2110 1,1,1,1,1,1,1,1,1,1,1,1,1,1,1,1,1,1,1,1,1,1,1,1,1,1,1,1,1,1,1,1,1,1,1,1,1,1,1,1,1,1,1,1,1,1,1,1,1,1,1,3,1,1,1,1,1,1,1,1
78,840,29,215,42,7,1294,435,112,1858,25573,28,684,270,483 1,1,1,1,1,1,1,1,1,1,1,1,1,1,1
4192,8160,11742,8505,3,107 1,1,1,1,1,1
