67,54,4,26832,5904,373,599,162,55,28,4,15663,7622,542,4,15664,6521,4,208,1695,3,3133,426,4,15675,220,2024,1447,399,61,10,230,139,2969,255,2694,30,9847,1654,9626,2211,6225,26833,240,29,26834,1154,11471 1,1,1,1,1,1,1,1,1,1,1,1,1,1,1,1,1,1,1,1,1,1,1,1,1,1,1,1,1,1,1,1,1,1,1,1,1,1,1,1,1,1,1,1,1,1,1,1
241,48,4,13047,766,1390,27,5039,632,912,10,5972,3,2341,4,7270,3,3823,5,9840,3,9,59,8,2200,3,8557,6440,3,3823,1090,5,6395,2618 1,1,1,1,1,1,1,1,1,1,1,1,1,1,1,1,1,1,1,1,1,1,1,1,1,1,1,1,1,1,1,1,1,1
98,5591,635,4219,10,6,9,187,8,793,6631,12,6,155 1,1,1,1,1,1,1,1,1,1,1,1,1,1
2029,570,660,1797,5,291,858,13,373 1,1,1,1,1,1,1,1,1
26835,2187,10,3145,10525,113,5554,15676 1,1,1,1,1,1,1,1
11921,7,5554 1,1,1
866,2066 1,1
15666,6879,1948,275,626,76 1,1,1,1,1,1
118,3128,908,211,53,1797,908 1,1,1,1,1,1,1
694,118,12,978,12,15668,5,70,473,1443,8111,635,1963,17,2024,76 1,1,1,1,1,1,1,1,1,1,1,1,1,1,1,1
301,381,2465,792,5,53,997,792 1,1,1,1,1,1,1,1
74,14,1355,5939,7,6,53,792 1,1,1,1,1,1,1,1
74,14,173,118,12,978,12,6,70,997,792 1,1,1,1,1,1,1,1,1,1,1
26836,162,17,1300,7,1329,1818 1,1,1,1,1,1,1
15677,6322,26837,33,369,10,224,190,2271,26838,33,6879,111,627,76 1,1,1,1,1,1,1,1,1,1,1,1,1,1,1
2271 1
598,529,13,380 1,1,1,1
188,34,26839,33,126,11922,30,7,61,328,4,293,7622,14,15,1476,379,498,13,1195,6960,1447,373,110,2187,5,320,2106,113,5554,3,698,43,1501,2025,9,19,452,8,5,11921,7,5554,19,15676 1,1,1,1,1,1,1,1,1,1,1,1,1,1,1,1,1,1,1,1,1,1,1,1,1,1,1,1,1,1,1,1,1,1,1,1,1,1,1,1,1,1,1,1,1
40,20,96,43,1329,1300,5,15677 1,1,1,1,1,1,1,1
16,126,11922,19,9849 1,1,1,1,1
16,3625,66,859,40,272,5,26840,616,5,2685,748,1210 1,1,1,1,1,1,1,1,1,1,1,1,1
43,6,85,16,2971,6,5419,3,16,2304,5,2129,6,59,518,7,23,1316,19,6,1109,3,2116,15,381,2208,27,23,1653 1,1,1,1,1,1,1,1,1,1,1,1,1,1,1,1,1,1,1,1,1,1,1,1,1,1,1,1,1
6,28,146,37,16,242,31,1516,2778 1,1,1,1,1,1,1,1,1
11,1670,3,11,314,7,3436,3,11,2756,656,7,6,114,3,11,323,3,11,9429,3,11,84,12,889,3,11,48,34,3,11,226,7,184 1,1,1,1,1,1,1,1,1,1,1,1,1,1,1,1,1,1,1,1,1,1,1,1,1,1,1,1,1,1,1,1,1,1
28,55,377,1059,5,500,25,1278,225,6,80,493,65 1,1,1,1,1,1,1,1,1,1,1,1,1
11,95,5324,7,446,26,3803 1,1,1,1,1,1,1
16,20,1500,10,230,834,16,20,469,19,103,450 1,1,1,1,1,1,1,1,1,1,1,1
177,111,924,13,11,202,7,2117 1,1,1,1,1,1,1,1
413,241,111,11,432,26,174,448 1,1,1,1,1,1,1,1
149,143,543,13,2624,5,1687,126 1,1,1,1,1,1,1,1
81,7,182,4,207,4,377,1059,225,6,80,493,113,3,1194,377,25,1278,225,80,170,65 1,1,1,1,1,1,1,1,1,1,1,1,1,1,1,1,1,1,1,1,1,1
11,249 1,1
386,4,11,307,3,109,3,263,3,1753,227,4,11,136,474,3,11,136,2157,3,11,2419,3,11,841,314,103,4,11,48,34,3,11,418,3,11,4785,1583,4,11,12935,3,329,648,3,11,432,273,4,11,697,3,301,555,3,837,3,323,1058,4,11,301,188,34,3,11,7332,26841,3,11,136,34,3,11,248,34,3,11,303,34,1795,4,11,1235,3,11,796,1185,4,11,1368,3,1745,3,432,55,9841,4,1447,399,35,270,918,7,9842,82,8455,12,2697,11912,251,20,469,12,6,794,309,12,5927,29,26842,10645,15678,6701,1013,1303,71,130,213,17,215,87,39,15679,3046,25,32,9844,9,26843,45,8,36,298,25,32,752,682,1549,36,298,25,32,1570,478,36,22,9,1314,45,49,36,8,25,32,1054,1547,9,2326,1547,8,462,22,9,462,9,1188,8,22,45,49,36,8,25,69,236,9,800,8,141,22,9,515,45,49,36,8,25,276,3848,9,5040,8,108,22,9,647,45,49,36,8,25,58,298,32,452,9,1484,456,8,108,22,9,647,45,49,36,8,25,608,3,49,58,45,2370,3,286,36,32,2822,9,2822,782,8,108,22,9,647,45,49,36,8,25,608,5417,9,14426,3756,8,141,22,9,515,45,49,36,8,25,1750,167,300,1986,36,22,9,1314,45,49,36,8,25,1869,167,300,5,391,274,279,22,9,686,45,49,829,8,25,32,11595,9,9218,3943,3714,8,2534,22,9,26844,818,5693,49,125,1633,8,25,32,123,180,65,127,1846,33,616,5924,4,245,1272,13,150,976,43 1,1,1,1,1,1,1,1,1,1,1,1,1,1,1,1,1,1,1,1,1,1,1,1,1,1,1,1,1,1,1,1,1,1,1,1,1,1,1,1,1,1,1,1,1,1,1,1,1,1,1,1,1,1,1,1,1,1,1,1,1,1,1,1,1,1,1,1,1,1,1,1,1,1,1,1,1,1,1,1,1,1,1,1,1,1,1,1,1,1,1,1,1,1,1,1,1,1,1,1,1,1,1,1,1,1,1,1,1,3,3,3,3,3,3,3,3,3,3,3,3,3,3,15,1,1,1,1,1,1,1,1,1,1,1,1,1,1,1,1,1,1,1,1,1,1,1,1,1,1,1,1,1,1,1,1,1,1,1,1,1,1,1,1,1,1,1,1,1,1,1,1,1,1,1,1,1,1,1,1,1,1,1,1,1,12,1,1,1,1,1,1,1,1,1,1,1,1,1,1,1,1,1,1,1,1,1,1,1,1,1,1,1,1,1,1,1,1,1,1,1,1,1,1,1,1,1,1,1,1,1,1,1,1,1,1,1,1,1,1,1,1,1,1,1,1,1,1,1,1,1,1,1,1,1,1,1,1,1,1,1,1,1,1,1,1,1,1,1,1,1,1,1,1,1,1,1,1,1,1,1,1,1,1,1,1,9,1,1,1,1,1,1,1,1,1,1,1,1,1,1,1,1,1,1,1,1,1,1,1,1,1,1,1,1,1,1,1,1,1,1,1,1,1,1,1,1,1,1,1
636,920,11,727 1,1,1,1
636,238,1119,485,9843,3949,17,171,87 14,14,1,1,1,1,1,1,1
11,150,30,7,373,316,205,15680,26845,26846,11923,26847,42,658,11,758,26848,3,11,1171,748,983,115,136,4,11,638,777,227,4,11,3425,26,4943,29,665,29,863,196,4,7284,197,1151,1103,5531,1543,531,4,97,93,3,743,720,4,304,310,48,4,91,155,97,407,26,876,214,4,152,3,952,11,969,638,4,193,9846,3,521,352,4,928,2657,192,5,104,4,1476,379,498,13,6960,1447,2642,110,2187,220,113,5554 1,1,1,1,1,1,1,1,1,1,1,1,1,1,1,1,1,1,1,1,1,1,1,1,1,1,1,1,1,1,1,1,1,1,1,1,1,1,1,1,1,1,1,1,1,1,1,1,1,1,1,1,1,1,1,1,1,1,1,1,1,1,1,1,1,1,1,1,1,1,1,1,1,1,1,1,1,1,1,1,1,1,1,1,1,1,1,1,1,1,1,1,1,1,1,1,1
110,26849 1,1
126,11922,9849 1,1,1
2969,255,12,481,7,2624 1,1,1,1,1,1
28,82,196,21,68,55,43,23,229,82,12,6,80,35,15,284,205,7,9850,9,693,11,202,7,76,858,7,26850,149,46,31,68,543,13,40,12,6,80,8 1,1,1,1,1,1,1,1,1,1,1,1,1,1,1,1,1,1,1,1,1,1,1,1,1,1,1,1,1,1,1,1,1,1,1,1,1,1,1
16,82,137,1515,13,15679,26851 1,1,1,1,1,1,1
176,4703,1687,178,103,450,2014,195,284,2691,1029,2279,10,40,255 1,1,1,1,1,1,1,1,1,1,1,1,1,1,1
550,482,1668,10,8788 1,1,1,1,1
253,326,389,17,648,75,14,646,128,453,9,693,52,11924,7,26852,82,26853,915,8 1,1,1,1,1,1,1,1,1,1,1,1,1,1,1,1,1,1,1,1
346,86,34,389 1,1,1,1
1426,3037,4311,3,107 1,1,1,1,1
5,1265,7194,3,229 1,1,1,1,1
