67,54,4,26778,15660,200,404,17,112,4,504,10,500,1154,2642,7,6,3145 1,1,1,1,1,1,1,1,1,1,1,1,1,1,1,1,1,1
1195,6960,9601,1351,4,1195,6960,9,1797,5,4622,2973,5,244,742,3823,1090,2973,240,8,30,4,28,14,15,1000,87,302,498,121,1196,46,1654,223,210,113,183 1,1,1,1,1,1,1,1,1,1,1,1,1,1,1,1,1,1,1,1,1,1,1,1,1,1,1,1,1,1,1,1,1,1,1,1,1
19,11909,16,20,503,17,15,838,3,470,23,451,508,16,46,62,4331,2128,27,6,1122,85 1,1,1,1,1,1,1,1,1,1,1,1,1,1,1,1,1,1,1,1,1,1
6,838,722,2181,5,6,4331,2128,722,15,1355,756,11910,5972,1887,75,20,862 1,1,1,1,1,1,1,1,1,1,1,1,1,1,1,1,1,1
1704,275,504,10,500,1154,2642 1,1,1,1,1,1,1
19,7621,62,362,5,2281,241,143,359,111,4,1194,1390,7,6,766,7,6,443,3145,9,11911,43,2128,33,1355,756,5,6332,8,912,949,6,1730,5972,3,543,13,862,7477,2642 1,1,1,1,1,1,1,1,1,1,1,1,1,1,1,1,1,1,1,1,1,1,1,1,1,1,1,1,1,1,1,1,1,1,1,1,1,1,1,1,1
98,537,10,52,432,4522,470,469,19,2201,938 1,1,1,1,1,1,1,1,1,1,1
98,3,985,7270,3,3823,5,9840,577,638,543,13,2024,76 1,1,1,1,1,1,1,1,1,1,1,1,1,1
19,7621,15,48,241,275,1390,7,6,194,3145,912,949,6,48,1447,3482 1,1,1,1,1,1,1,1,1,1,1,1,1,1,1,1,1
40,14,424,13,908,12,6,9,59,8,2200,3,8557,6440,3,3823,1090,5,6395,2618 1,1,1,1,1,1,1,1,1,1,1,1,1,1,1,1,1,1,1,1
6,197,14,365,1963,17,1447,373,5,6672,4780 1,1,1,1,1,1,1,1,1,1,1
74,14,15,5591,635,4219,10,6,9,187,8,793,6631,12,6,155 1,1,1,1,1,1,1,1,1,1,1,1,1,1,1,1
2029,570,660,1797,5,291,858,13,373 1,1,1,1,1,1,1,1,1
6,155,635,20,1520,381,17,2029,10,172 1,1,1,1,1,1,1,1,1,1
16,557,334,1497,13,11,140,314,5,673,116,186,16,4862,23,1199,60 1,1,1,1,1,1,1,1,1,1,1,1,1,1,1,1,1
9841,4,918,7,9842,82,8455,12,2697,11912,251,20,469,12,6,794,309,12,5927,6701,1013,1303,71,130,213,17,215,87,5924,4,636,920,11,727,636,238,1119,7490,320,3438,135,87,9843,3949,17,171,87,11,150,30,7,373,425,13,848 1,1,1,1,1,1,1,1,1,1,1,1,1,1,1,1,1,1,1,15,1,1,1,1,1,1,1,1,1,1,1,1,1,1,14,14,1,1,1,1,1,1,1,1,1,1,1,1,1,1,1,1,1,1,1
81,7,182,4,207,4,125,948,140,314,3,590,3,11,249,3,11,459,3,399,887,724,35,681,3,2050,115,3066,386,4,11,263,3,11,307,3,11,109,3,11,1753,3,11,407,227,4,11,136,474,3,598,9,187,8,136,2157,3,11,2419,3,11,841,314,103,4,11,48,34,3,11,418,9,130,213,17,215,991 1,1,1,1,1,1,1,1,1,1,1,1,1,1,1,1,1,1,1,1,1,1,1,1,1,1,1,1,1,1,1,1,1,1,1,1,1,1,1,1,1,1,1,1,1,1,1,1,1,1,1,1,1,1,1,1,1,1,1,1,1,1,1,1,1,1,1,1,1,1,1,1,1,1,1,1,1
8,4785,3,11,735,76,1583,4,11,300,3,11,375,3,11,446,3,11,648,3,11,432,273,4,11,697,3,11,555,3,11,323,3,11,4254,577,638,4,11,985,577,638,1058,4,11,188,34,3,11,136,34,3,11,248,34,3,11,303,34,1795,4,11,1235,3,11,796,3,26,11,756,1596,4,11,2691,3,11,687,26,11,5312,76,1185,4,11,1368,3,11,1745,3,11,432,39,4,274,215,22,32,9844,6398,32,752,682,1549,231,1034,32,1570,478,36,22,32,1054,1547,36,298,69,236,141,22,276,2822,108,22,32,218,755,22,276,9845,58,298,32,127,4,15661,102,101,4,5996,1924,9608,136,4,11,638,777,227,4,11,3425,26,4943,29,665,29,863,196,4,11,277,531,4,97,93,3,743,720,4,304,310,48,4,91,155,97,407,26,876,214,4,152,3,952,11,969,638,4,193,9846,3,521,352,4,928,2657,532,9,457,5,3783,8,122,270,192,5,104,4,1000,87,302,498,13,1195,6960,2024,1447,373 1,1,1,1,1,1,1,1,1,1,1,1,1,1,1,1,1,1,1,1,1,1,1,1,1,1,1,1,1,1,1,1,1,1,1,1,1,1,1,1,1,1,1,1,1,1,1,1,1,1,1,1,1,1,1,1,1,1,1,1,1,1,1,1,1,1,1,1,1,1,1,1,1,1,1,1,1,1,1,1,1,1,1,1,1,1,1,1,1,1,1,1,1,9,1,1,1,1,1,1,1,1,1,1,1,1,1,1,1,1,1,1,1,1,1,1,12,1,1,1,1,1,1,1,13,1,1,1,1,1,1,1,1,1,1,1,1,1,1,1,1,1,1,1,1,1,1,1,1,1,1,1,1,1,1,1,1,1,1,1,1,1,1,1,1,1,1,1,1,1,1,1,1,1,1,1,1,1,1,1,1,1,1,1,1,1,1,1,1,1,1,1,1,1,1,1,1,1,1,1,1,1,1,1,1,1,1,1,1,1,1,1,1,1,1,1,1
16,14,191,334,60 1,1,1,1,1
138,6,1097,1497,1692,7,23,373,119,46,5612,10,126,13,584,671,3,35,23,747,240,14,26779,12,1692,5,74,21,68,202,7,63,314 1,1,1,1,1,1,1,1,1,1,1,1,1,1,1,1,1,1,1,1,1,1,1,1,1,1,1,1,1,1,1,1,1
139,584,14,492,12,2100,113,3,50,41,122,201,17,1631,7,1760,51,344,139,26780 1,1,1,1,1,1,1,1,1,1,1,1,1,1,1,1,1,1,1,1
134,16,557,1497,5,74,21,68,1103,626,7,76,3,119,208,5612,10,1642,201,976,97,516 1,1,1,1,1,1,1,1,1,1,1,1,1,1,1,1,1,1,1,1,1,1
134,6,570,111,173,626,26,16,1639,1496,3,286,119,41,126,182,516,2104,6322 1,1,1,1,1,1,1,1,1,1,1,1,1,1,1,1,1,1,1
16,14,31,15,591,2339,138,23,1195,7,76,5,2291,7,116 1,1,1,1,1,1,1,1,1,1,1,1,1,1,1
1521,12,108,113,10,192,116,5,10,1567,6879,570 1,1,1,1,1,1,1,1,1,1,1,1
1426,1265,7194,3,107 1,1,1,1,1
426,4,64,11913,8558,64,3165,15662 1,1,1,1,1,1,1,1
