67,54,4,27855,54,4,27856,3,27857,272,39,67,1397,4,15967,3,3955,3,4534 1,1,1,1,1,1,1,1,1,1,1,1,1,1,1,1,1,1,1
540,4,6,28,14,15,1483,87,302,358,503,17,15,70,562,1823 1,1,1,1,1,1,1,1,1,1,1,1,1,3,3,3
164,14,10,52,582,19,27858,3,43,64,15968 1,1,1,1,1,1,1,1,1,1,1
730,234,78,61,328,4,28,21,15,30,7,71,330,354,76 1,1,1,1,1,1,1,1,1,1,1,1,1,1,1
16,21,100,725,139,36,893 1,1,1,1,1,1,1
725,21,68,61,17,1087,87,3,51,21,1639,984,159,4241,11635,12014,16,20,104,19,164,3,51,38,431,27859,3,5,526,619,12049 1,1,1,1,1,1,1,1,1,1,1,1,1,1,1,1,1,1,1,1,1,1,1,1,3,3,3,1,1,3,3
16,387,243,10,6,1140,7,23,2163,415,100,15969 1,1,1,1,1,1,1,1,1,1,1,1
243,1749,984,5,143,343,13,484,1455,408,75,46,159,265 1,1,1,1,1,1,1,1,1,1,1,1,1,1
6,243,57,1064,3,51,415,557,34 1,1,1,1,1,1,1,1,1
725,21,31,265,159,619 1,1,1,1,1,3
80,39,30,4,176,142,178,1169,165,1048,71,195,3910,1013,27860,489,3,303,3,657,3,136,253,212,110,619,12049,3,110,431,27861,80,591,30,4,176,619,1200,27862,178,251,849,1985,195,15970,3369,860,13,15971,3460,253,2053,860,3067,346,2790,2965,460,5794,15972,3,15973,9,1926,1419,8,652,1416,164,27863,90,147,13,207,1901,150,30,4,74,14,11,150,30,134,2762,1105,10,207,1901 1,1,1,1,1,7,1,4,4,4,4,1,1,1,1,1,1,1,1,1,1,1,1,10,1,3,3,1,3,3,3,1,1,1,1,1,3,3,3,1,10,3,3,1,1,1,1,1,1,1,1,1,1,1,1,1,1,1,1,1,1,1,1,1,1,1,1,1,1,1,1,1,1,1,1,1,1,1,1,1,1,1,1,1,1,1,1,1,1
39,4,706,108,22,605,3,210,22,608,3,5131,669,22,69,3,1570,36,9910,3,4746,662,2735,1211,22,3,2125,586,22,9,880,8,3,348,6289,22,69,3,2875,1288,22,605,3,423,447,3760,9,488,1023,8,3,613,215,22,69,3,1384,171,22,276,3,27864,125,22,276,3,252,462,9910,9,488,1023,8,3,906,3,950,127,4,4517,33,27865,206,30,4,238,4,334,2255,3,238,27866,87,541,157,4,2100,27867,597,615,87,183,17,180,87,2352,1229,4,200,6070,1543,4,9,15974,8,4,200,12,99,117,129 1,1,1,1,1,1,1,1,1,1,1,1,1,1,1,1,1,1,1,1,1,1,1,1,1,1,1,1,1,1,1,1,1,17,1,1,1,1,33,1,1,1,1,50,1,1,1,1,1,1,1,9,1,1,1,1,1,1,1,1,1,15,1,1,1,1,54,1,1,1,1,1,1,1,1,1,1,1,1,1,1,1,1,1,1,5,5,5,5,5,5,5,5,1,1,1,1,1,1,1,1,1,1,1,1,1,1,1,1,1,1,1,1,1,1,1,1,1,1,1,1
288,4,103,977,597,27868,3,368,2798,1214,948,4910,66,11395,10,473,1109,9,58,2645,8,97,307,2686,4,919,3926,161,4,920,81,7,182,4,207,4,2028,13,2765,3,60,387,3,60,2056 1,1,1,1,1,1,1,1,1,1,1,1,1,1,1,1,1,1,1,1,1,1,1,1,1,1,1,1,1,1,1,1,1,1,1,1,1,1,1,1,1,1,1,1,1
1261,180,948,169,10,619,3,21,4758,558,948,227,4,30,7,1416,164 1,1,1,1,1,3,1,1,1,1,1,1,1,1,1,1,1
11,30,7,413,1373,3,1906,3,412,1111,3,15975,34,3,9373,3,1040,411,3,1653,432,3,2039,2093,3,15976,261,3,889,84,9,158,2053,889,3,2899,3,15977,3,26,2546,691,8,3,2236,3,1670,3,759,1673,3,338,411,3,26,841,314 1,1,1,1,1,1,1,1,1,1,1,1,1,1,1,1,1,1,1,1,1,1,1,1,1,1,1,1,1,1,1,1,1,1,1,1,1,1,1,1,1,1,1,1,1,1,1,1,1,1,1,1,1,1,1,1,1
386,4,90,263,1181,3,1753,3,407,3,1234,3,3489,3,5325,3,854,3,6000,3,803,3,391,1274,3,26,8098 1,1,1,1,1,1,1,1,1,1,1,1,1,1,1,1,1,1,1,1,1,1,1,1,1,1,1
612,4,30,7,142,5,776 1,1,1,1,7,1,15
30,7,431,27869 3,3,3,3
258,20,1987,9411,5,242,31,190,60 1,1,1,1,1,1,1,1,1
427,19,6346,17,2100,552,13,48,34,75,525,584,10,70,303,97,307,3,300,3,26,990 1,1,1,1,1,1,1,1,1,1,1,1,1,1,1,1,1,1,1,1,1,1
1031,17,445,27,27870,124,286,10,27871,17,164,12049 1,1,1,1,1,1,1,1,1,1,1,1
38,619,1200,13,2285,27872 1,3,3,3,3,3
21,31,38,88,116,26,943,1798,159,164 1,1,1,1,1,1,1,1,1,1
1132,111,565,509,3,131,989,7,621,2908,3,11,766,759,448,3,2910,1320,42 1,1,1,1,1,1,1,1,1,1,1,1,1,1,1,1,1,1,1
429,154,139,619,27873,3,20,5309,17,325,290,10,27874,177,448 1,1,1,3,1,1,1,1,1,1,1,1,1,1,1
11,30,7,6329,249,3,611,3,418,3,93,3,437,3,48,34,3,739,3,26,1923,1728,437 1,1,1,1,1,1,1,1,1,1,1,1,1,1,1,1,1,1,1,1,1,1,1
361,4,30,7,3369,860 1,1,1,1,1,1
30,7,779,432,3020,619 1,1,1,1,1,3
38,333,7,1716,5,1031,19,1054,139,164 1,1,1,1,1,1,1,1,1,1
27875,5,27876,143,72,17,432,15969 1,1,1,1,1,1,1,1
11,30,7,812,3,3158,3,84,12,326,1215,3,535,1475,3,1059,84,3,300,3,375,3,648,3,446,3,291,34,3,1199,1098,3,2039,7159,26,2688 1,1,1,1,1,1,1,1,1,1,1,1,1,1,1,1,1,1,1,1,1,1,1,1,1,1,1,1,1,1,1,1,1,1,1,1
3748,4,11,30,7,2432,3,1464,3,26,4941 1,1,1,1,1,1,1,1,1,1,1
1309,4,30,7,861,1419 1,1,1,1,1,1
11,30,7,4325,3,1235,3,756,3,4941,3,1091,3,1393,3,1408,3,377,5092,26,5119,7,798,5183,3,1837,3,1157,3,26,1206,7,336 1,1,1,1,1,1,1,1,1,1,1,1,1,1,1,1,1,1,1,1,1,1,1,1,1,1,1,1,1,1,1,1,1
1058,4,30,7,3910,1013,801,27877 1,1,1,1,1,1,1,1
61,49,706,3,5131,3,1570,478,3,4746,3,5,27878,30,7,762,34,3,618,34,3,2157,3,1354,3,26,406,13,1693 1,1,1,1,1,1,1,1,1,1,1,1,1,1,1,1,1,1,1,1,1,1,1,1,1,1,1,1,1
352,4,11,30,7,697,3,419,3,1524,3,1725,3,2505,3,323,3,4075,3,837,3,1507,3,2006,3,26,174,6760,656 1,1,1,1,1,1,1,1,1,1,1,1,1,1,1,1,1,1,1,1,1,1,1,1,1,1,1,1,1
330,354,4,30,7,100,725 1,1,1,1,1,1,1
30,7,937,283,10,2163,27879,30,7,971,3,2915,3,1790 1,1,1,1,1,1,1,1,1,1,1,1,1,1
1596,4,30,7,1169,165,1048,71,801,7303,144,588,32,26,2077 1,1,1,1,4,4,4,4,1,1,1,1,1,1,1
588,712,1197,2019,605 1,1,1,1,1
11,30,7,687,147,3,2486,26,1585,1098,3,2039,970,3,2039,4463,4766,4,30,7,494,3020,619,3,2927,1368 1,1,1,1,1,1,1,1,1,1,1,1,1,1,1,1,1,1,1,1,1,1,3,1,1,1
11,30,7,432,3,908,3,1760,26,584 1,1,1,1,1,1,1,1,1,1
1808,4,11,30,7,958,3,4312,1648,3,363,3,26,4528 1,1,1,1,1,1,1,1,1,1,1,1,1,1
196,4,11,30,7,277,3,448,5824,3,27880,3,3446,3,26,1371 1,1,1,1,1,1,1,1,1,1,1,1,1,1,1,1
102,77,4,2573,4,853,1844,4,680,27881,2049,4,1106,408,655,4,27882,148,4,15978,3282,4,1188,207,4,60,387,3,60,2056,227,4,1172,3,12050,204,97,363 1,1,1,1,1,1,1,1,1,1,1,1,1,1,1,1,1,1,1,1,1,1,1,1,1,1,1,1,1,1,1,1,1,1,1,1,1,1
11,2036,3,687,8353,3,136,813,917,3,216,777,97,222,3,11,474,3,3446,3,240,3,246,3,26,2837,5020 1,1,1,1,1,1,1,1,1,1,1,1,1,1,1,1,1,1,1,1,1,1,1,1,1,1,1
656,675,13,406,471,7,759,748,899,10,171,851 1,1,1,1,1,1,1,1,1,1,1,1
2919,5,8377,338,979 1,1,1,1,1
2065,4,4570,2309,1016,3,1436,117,10209,2248,3,368,3155,1575,2716,4,473,8592,3,27883,10,194,53,15979,48,4,184,327,91 1,1,1,1,1,1,1,1,1,1,1,1,1,1,1,1,1,1,1,1,1,1,1,1,1,1,1,1,1
11,448,4283,26,2219,7,194,15980,405,5292 1,1,1,1,1,1,1,1,1,1
675,3,744,386,656 1,1,1,1,1
130,4,145,239,3,44,156,3,11,213,3,502,26,561,3,4990 1,1,1,1,1,1,1,1,1,1,1,1,1,1,1,1
214,4,152,3,979,3,13,1039,3,11,1453,3,44,326,327,3,11,1061,26,777,240 1,1,1,1,1,1,1,1,1,1,1,1,1,1,1,1,1,1,1,1,1
4081,917,3,675,3,97,243,3,7185,3,26,989,813 1,1,1,1,1,1,1,1,1,1,1,1,1
11,2837,15981,26,5020 1,1,1,1,1
7133,4,11,690,246,26,860 1,1,1,1,1,1,1
4061,4,11,908,330,354,4,11,93,3,2915,3,26,1525,813 1,1,1,1,1,1,1,1,1,1,1,1,1,1,1
11347,217,11348,217,15982,31,1046,574,11349,433,10,70,3,31,777,10,53,2367,11350,433,10,70,3,31,777,10,53,352,4,15983,4,678,4580,4,449,10,1164,12051,13,2361 1,1,1,1,1,1,1,1,1,1,1,1,1,1,1,1,1,1,1,1,1,1,1,1,1,1,1,1,1,1,1,1,1,1,1,1,1,1,1,1
678,1412,296,10,3877 1,1,1,1,1
377,27884,10,889,100,925,1016,3,247,3,5,4131,3,4,3036,204,3,15984,3,11,27885,1416,164,10,70,925,1637,78,3725,4,204 1,1,1,1,1,1,1,1,1,1,1,1,1,1,1,1,1,1,1,1,1,1,1,1,1,1,1,1,1,1,1
3505,5,5399,762,4347,877,12,7866,5,628 1,1,1,1,1,1,1,1,1,1
877,511,10,1925,9581,10,5019,3,5398,3,5,1575 1,1,1,1,1,1,1,1,1,1,1,1
15985,4,204 1,1,1
11,314,7,841,10,1275,1040,1696,12052,154 1,1,1,1,1,1,1,1,1,1
925,3746,3,123,4,204 1,1,1,1,1,1
2222,97,2419,26,965,3847 1,1,1,1,1,1
4979,1017 1,1
925,3242,4,204 1,1,1,1
877,628,5,4347,10,6971,5,15986,762 1,1,1,1,1,1,1,1,1
925,2005,4,204 1,1,1,1
1439,656,675,97,2549,26,4259 1,1,1,1,1,1,1
11,27886,26,4132,35,1439,1417,19,1109,7,1431 1,1,1,1,1,1,1,1,1,1,1
944,161,4,642,123,195,197,11698,5,2026 1,1,1,1,1,1,1,1,1,1
79,787,5,2484,17,77 1,1,1,1,1,1
449,10,2730,664,999,5,91 1,1,1,1,1,1,1
449,10,4266,2133,1377,5,664,10221,5,10286 1,1,1,1,1,1,1,1,1,1
2297,4,700,33,3678,97,2771,628,5,1256,4,1256,5,628,204,10,473,5,194,114 1,1,1,1,1,1,1,1,1,1,1,1,1,1,1,1,1,1,1,1
1009,4,204 1,1,1
1056,4,31,154,114,4,11,743,26,750 1,1,1,1,1,1,1,1,1,1
1058,4,44,471,7,759 1,1,1,1,1,1
196,4,1371,10,70,2163,415,3,5,53,2163,3,2552,3,5,1990 1,1,1,1,1,1,1,1,1,1,1,1,1,1,1,1
617,5,683,10,1008 1,1,1,1,1
1677,543 1,1
11,277,26,93 1,1,1,1
192,4,252,102,161,4,1016 1,1,54,1,1,1,1
15987,14,15,1483,87,302,358,503,17,15,70,562,1100,1823 1,1,1,1,1,1,1,1,1,1,1,1,1,1
28,21,30,7,142,3,212,110,619,1200,3,776,3,1169,165,1048,71,3,3369,860,3,5,3910,1013 1,1,1,1,7,1,10,3,3,3,3,15,1,4,4,4,4,1,1,1,1,1,1,1
16,90,147,13,207,1901 1,1,1,1,1,1
1901,2448,2408,81,5,27887,1066,10,205,1901,2448,2408,65,7,164 1,1,1,1,1,1,1,1,1,1,1,1,1,1,1
104,4,4170,4021,4,2853,3,284,207,450,4,2831,3,120,1334,3,284,4595,3,1444,1334,34,355,4,5986,4571,63,4,200,4171,4,429,228,1202,712,39,4,706,108,22,605,3,210,22,608,3,5131,669,22,69,3,1570,478,36,9910,3,4746,662,2735,1211,22,3,2125,586,22,9,880,8,3,348,6289,22,69,3,2875,1288,22,605,3,423,447,3760,9,488,1023,8,3,613,215,22,69,3,1384,171,22,276,3,1839,125,22,276,3,252,462,9910,9,488,1023,8,3,906,3,950,39,10,52,2066,19,65,7,164,4,5131,10,52,488,108,65,397,164,3,1570,478,3,2875,3,4746,3,348,9,10,52,488,139,495,228,15988,8,3,1839,10,52,488,117,65,397,164,3,27888,3,5,906,10,52,488,36,113,397,164,71,39,4,2875,3,348,10,52,2066,139,495,228,15988,2574,4,1358,17,544,65,169,10,164,203,4,1358,17,175,113,169,10,164 1,1,1,1,1,1,1,1,1,1,1,1,1,1,1,1,1,1,1,1,1,1,1,1,1,1,1,1,1,1,1,1,1,1,1,1,1,1,1,1,1,1,1,1,1,1,1,1,1,1,1,1,1,1,1,1,1,1,1,1,1,1,1,1,1,1,1,1,1,17,1,1,1,1,33,1,1,1,1,50,1,1,1,1,1,1,1,9,1,1,1,1,1,1,1,1,1,12,1,1,1,1,54,1,1,1,1,1,1,1,1,1,1,1,1,1,1,1,1,1,1,1,1,1,1,1,1,1,1,1,1,1,1,1,33,1,1,1,17,1,1,1,1,1,1,1,1,1,1,12,1,1,1,1,1,1,1,1,1,1,1,1,1,1,1,1,1,1,1,1,1,1,33,1,17,1,1,1,1,1,1,1,1,1,1,1,1,1,1,1,1,1,1,1,1,1,1,1,1,1
1198,4,139,2398,6071,264,4,6944,5,1425,27889,111,338,1871,3,292,804,2575,3,645,3,2712,3,2611,3,3651,3,2773,3,2445 1,1,1,1,1,1,1,1,1,1,1,1,1,1,1,1,1,1,1,1,1,1,1,1,1,1,1,1,1,1
1075,10,356,177,66,1448,668 1,1,1,1,1,1,1
3005,1164,401 1,1,1
9698,7648,27890,3,6557,3,5607,15989 1,1,1,1,1,1,1,1
