67,54,4,28472,1225,4826,3,2380,5219,3864,3,107 1,1,1,1,1,1,1,1,1,1,1,1
2891,8612,124,28473,5913,469,12106,3,399,12107,684,4,3398,2457,542,4,8613,882,64,3864,4,50,38,6,1174,7,122,3398,2457,12,6,612,224,89 1,1,1,1,1,1,1,1,1,1,1,1,1,1,1,1,1,1,1,1,1,1,1,1,1,1,1,1,1,1,1,1,1,1
40,3953,767,86,10,122,394,271,5,64,28474,12108 1,1,1,1,1,1,1,1,1,1,1,1
50,46,235,40,13,64,12108,5,50,272,1338,1250,12,7195,3740,360,233,237,160,10,122,271,2825,12,293,2457,82,198 1,1,1,1,1,1,1,1,1,1,1,1,1,1,1,1,1,1,1,1,1,1,1,1,1,1,1,1
16,55,37,23,140,21,118,10,5453,948,5,37,16,21,68,96,976,43,64,12108,121,14,1237,289,5,663,835,228 1,1,1,1,1,1,1,1,1,1,1,1,1,1,1,1,1,1,1,1,1,1,1,1,1,1,1,1
16,21,38,11,226,7,184,27,427 1,1,1,1,1,1,1,1,1
16,21,1005,11,173,84,12,23,194,114,93 1,1,1,1,1,1,1,1,1,1,1
16,21,131,739,5,11,1923,1728,437 1,1,1,1,1,1,1,1,1
23,39,389,158,203,462,22,25,651,3,289,382,22,25,1047,3,2427,171,22,25,1047,3,1088,171,22,25,1047,3,613,231,22,25,1047,3,736,125,22,25,651,3,729,108,22,25,1047,3,4308,125,22,25,651,3,5,4374,279,2365,946 1,1,1,1,11,1,1,1,1,1,1,1,1,1,1,1,25,1,1,1,1,1,13,1,1,1,1,1,9,1,1,1,1,1,12,1,1,1,1,1,20,1,1,1,1,1,1,1,1,1,1,1,1,1,1,1,1
12,475,10,959,3,2681,3,5,4102 1,1,1,1,1,1,1,1,1
23,102,77,14,639,17,15,63,94,7,5468,70,5,53,303,2198 1,1,1,1,1,1,1,6,6,6,6,6,6,6,6,6
139,427,3,40,468,467,10,8010,70,5,53,303,2198 1,1,1,1,1,1,1,1,1,1,1,1,1
23,130,156,14,586,5,145 1,1,1,1,1,1,1
386,156,14,1079,23,702,737,1045,14,1137,42 1,1,1,1,1,1,1,1,1,1,1
23,155,57,91,10,463,3,600,184,327,57,954,1736 1,1,1,1,1,1,1,1,1,1,1,1,1
612,77,14,639,17,2321,1630,5,15,152,589,891,213 1,1,1,1,1,1,1,1,1,1,1,1,1
23,214,14,152,5,396 1,1,1,1,1,1
114,57,639,17,93,10,23,384,100 1,1,1,1,1,1,1,1,1
684,4,3398,2457,542,4,8613,3278,1225,4826,3,2380,1145,14,639,17,338,239,13,62,1090,7,28475,5,44,694,3,11,202,7,325,26,490 1,1,1,1,1,1,1,1,1,1,1,1,1,1,1,1,1,1,1,1,1,1,1,1,1,1,1,1,1,1,1,1,1
11,84,66,169,1145 1,1,1,1,1
12,1351,3,293,2457,14,137,52,343,17,1889,817,130,371 1,1,1,1,1,1,1,1,1,1,1,1,1,1
23,350,172,425,20,639,17,15,2411,7,1682,5,756,350,1029 1,1,1,1,1,1,1,1,1,1,1,1,1,1,1
50,237,1338,2477,13,86,2192,13,976,2067,10,23,663,3,392,3,5,347 1,1,1,1,1,1,1,1,1,1,1,1,1,1,1,1,1,1
134,74,57,88,664,26,483,3,395,745,271,15,454 1,1,1,1,1,1,1,1,1,1,1,1,1
1015,3,8614,9944,3,107 1,1,1,1,1,1
28476,250,31,81,43,262,331,250 1,1,1,1,1,1,1,1
