67,54,4,28490,6046,318,1141,112,6411,3,5472,28491,112,54,4,28492,40,28,20,221,3,1187,5,101,43,2503,35,60,35,64,8221,3808,50,46,81,5,3808,461,50,46,660 1,1,1,1,1,1,1,1,1,1,1,1,1,1,1,1,1,1,1,1,1,1,1,1,1,1,1,1,1,1,1,1,1,1,1,1,1,1,1,1,1
30,7,61,234,4,40,14,15,7092,358,121,61,13,234,7,418,3,226,7,184,5,15,207,190,7,323 1,1,1,1,1,1,1,1,1,1,1,1,1,1,1,1,1,1,1,1,1,1,1,1,1,1
6,28,258,16,21,68,190,6159,17,6,80,544,65,5,21,1005,23,130,5314 1,1,1,1,1,1,1,1,1,1,1,1,1,1,1,1,1,1,1
16,1466,21,38,23,173,174,49,23,130,156,5,63,94,477,16,20,27,163,3,5,23,1164,46,68,12,6,36,8287,10,7257 1,1,1,1,1,1,1,1,1,1,1,1,1,1,1,1,1,1,1,1,1,1,1,1,1,1,1,1,1,1,1
6,28,21,38,15,377,1059,13,375,5,300,35,60,35,48,1236,12,23,28493 1,1,1,1,1,1,1,1,1,1,1,1,1,1,1,1,1,1,1
6,28,537,2171,299,984,3,5,16,3,1241,3,61,10,6,318,499 1,1,1,1,1,1,1,1,1,1,1,1,1,1,1,1,1
81,7,182,4,35,135,6,1679,55 1,1,1,1,1,1,1,1,1
80,39,30,4,165,1048,71,324 1,1,1,1,8,4,4,4
39,4,165 1,1,8
127,4,11,374,357,127 1,1,1,1,1,1
206,30,5,150,30,4,35,135,6,1679,55 1,1,1,1,1,1,1,1,1,1,1
102,101,4,40,14,15,2274,3,2356,358,12,504,342 1,1,1,1,1,1,1,1,1,1,1,1,1
133,28494,3,386,156,171,3,63,94,14,9694,3,1133,1045,14,231,42,19,702,737 1,1,1,1,1,1,1,1,1,1,1,1,1,1,1,1,1,1,1,1
136,4,332,3,296,471,7,759,3,11,1161,715,3911 1,1,1,1,1,1,1,1,1,1,1,1,1
103,4,145,3,2254,3,11,213,14,463,3,91,304,5,310 1,1,1,1,1,1,1,1,1,1,1,1,1,1,1
155,4,269,1065,27,6,649,3,376,91,3,232,737,656,3,5099 1,1,1,1,1,1,1,1,1,1,1,1,1,1,1,1
352,4,410,5,642,123,117,3,96,233,1965,999 1,1,1,1,1,1,1,1,1,1,1,1
268,402,7,6,77,57,35,135,6,1679,55 1,1,1,1,1,1,1,1,1,1,1
457,172,4,149,57,173,17,15,345,7,14576,3,392,7,2018,3,347,7,2334,3,3353,7,1352,3,897,7,5860,3,3311,7,2221,3,805,7,8461,3,512,7,28495,696,785,7,4959,3,824,7,28496,3,1281,7,16159,79,7,4247,3,1067,7,28497,177,111,2248,1549,3,145,3,1267 1,1,1,1,1,1,1,1,1,1,1,1,1,1,1,1,1,1,1,1,1,1,1,1,1,1,1,1,1,1,1,1,1,1,1,1,1,1,1,1,1,1,1,1,1,1,1,1,1,1,1,1,1,1,1,1,1,1,1,1,1,1,1,1,1,1
340,1598,12,230,4,6,28,20,221,3,1187,5,101,12,6,318,499,13,149,564,5,35,607,270 1,1,1,1,1,1,1,1,1,1,1,1,1,1,1,1,1,1,1,1,1,1,1,1
12,475,10,6,270,264,3,6,28,38,15,48,738,75,111,118,350,5733 1,1,1,1,1,1,1,1,1,1,1,1,1,1,1,1,1,1
6,28,82,177,1291,13,23,30,14,479,17,15,692,1267 1,1,1,1,1,1,1,1,1,1,1,1,1,1
6,28,3,1241,3,417,370,2305 1,1,1,1,1,1,1,1
6,2305,1246,11,84,12,6,28,82,130,156 1,1,1,1,1,1,1,1,1,1,1
6,28,557,5099,5,2254,5,207,60,197 1,1,1,1,1,1,1,1,1,1
6,1771,20,1049,10,1717,13,3595 1,1,1,1,1,1,1,1
6,28,370,1720,5,1405,5,38,15,28498,3595,711,27,1995,14173,13,1442,84,10,338,1267,12,6,36,8287 1,1,1,1,1,1,1,1,1,1,1,1,1,1,1,1,1,1,1,1,1,1,1,1,1
6,28,258,37,23,48,1236,538,1442,96,3595 1,1,1,1,1,1,1,1,1,1,1
6,28,370,203,3,2213,3,1133,5,676,477,12,6,318,499 1,1,1,52,1,53,1,1,1,1,1,1,1,1,1
16,14,19,2305,1685 1,1,1,1,1
5213,66,6,103,594,143,732,641,284,299,6,28,10,6,593,149,1540,12,691,7,23,826,12,17,15,778,490 1,1,1,1,1,1,1,1,1,1,1,1,1,1,1,1,1,1,1,1,1,1,1,1,32,32,32
6,104,27,40,85,14,17,6,28,10,52,162,10,6,1635,3,52,1642,5,286,10,1717,10,103,593,4161 1,1,1,1,1,1,1,1,1,1,1,1,1,1,1,1,1,1,1,1,1,1,1,1,1,1
278,9,158,451,8,4,103,594 1,1,1,1,1,1,1,1
603,801,4,176,778,490 1,1,1,1,32,32
178,692,1267 1,1,1
566,9,158,534,748,261,8,4,6,28,14,162,12,2275,534 1,1,1,1,1,1,1,1,1,1,1,1,1,1,1
2528,198,85,14,586,435 1,1,1,1,1,1
1218,28499,12112,16160,3,107 1,1,1,1,1,1
16161,28500,28501,533,43,4,12112,16160,3,107 1,1,1,1,1,1,1,1,1,1
16161,250,31,81,43,262,331,250 1,1,1,1,1,1,1,1
