67,54,4,28767,528,9963,39,599,404,17,112,4,96,115,4,8146,5,30,7,3407,1843,694,30,4,293,4923,369,17,513,89 1,1,1,1,1,1,1,1,1,1,1,1,1,1,1,1,1,1,1,1,1,1,1,1,1,1,1,1,1,1
23,99,112,20,12,1387,3193,3,96,75,16,38,15,1078,429,154 1,1,1,1,1,1,1,1,1,1,1,1,1,1,1,1
16,38,68,104,10,191,128,8622,225,1135,3,5,119,1081,10,745,201,3364,10,191,470 1,1,1,1,1,1,1,1,1,1,1,1,1,1,1,1,1,1,1,1,1
23,429,154,20,359,19,28768,3,5,275,131,1362,325 1,2,2,2,2,2,2,2,2,2,2,2,2
16,492,615,1818,5,38,11,116,405,6,154 1,1,1,1,1,1,1,1,1,1,1
649,19,571,461,3,119,242,31,84,88,39,5,1175,201,10,86,13,23,712,308 1,1,1,1,1,1,1,1,1,1,1,1,1,1,1,1,1,1,1,1
11554,3,16,20,636,449,10,8622,225,1135,9263,290,10,15,5324,13,854 1,1,1,1,1,1,1,1,1,1,1,1,1,1,1,1,1
16,38,98,146,15,6804,511,7,226,7,184,37,20,957,484,1119,408,3,51,20,3966,13,6,6736,7,541 1,1,1,1,1,1,1,1,1,1,1,1,1,1,1,1,1,1,1,1,1,1,1,1,1,1
6,1206,7,571,255,21,118,10,1684,85,135,113 1,1,1,1,1,1,1,1,1,1,1,1
16,631,92,14,31,2145,226,7,184,3,51,62,2040,37,3023,190,1976 1,1,1,1,1,1,1,1,1,1,1,1,1,1,1,1,1
16,14,449,10,86,23,712,308,3,158,23,3582,5,28769,2309,97,535 1,1,1,1,1,1,1,1,1,1,1,1,1,1,1,1,1
16,90,88,48,453,3,418,3,1435,130,3360,3,616,26,611 1,1,1,1,1,1,1,1,1,1,1,1,1,1,1
80,39,30,4,3507,3,212,3,110,619,3,3407,1843,776,3,2433,851,1136,893,3,2127,3,8146,39,9,660,8,4,8623,180,22,622,2010,25,32,236,125,22,218,108,22,25,32,348,3217,501,22,815,549,25,32,102,101,4,1546,4,4291,1612,4,215,1665,4,11,199,342 1,1,1,1,4,1,10,1,3,3,1,1,1,15,1,1,1,1,1,1,1,1,1,1,1,1,1,1,1,1,1,21,1,1,1,12,1,1,13,1,1,1,1,17,1,1,1,1,1,1,1,1,1,1,1,1,1,1,1,1,1,1,1,1,1
2251,4,11,277,3,797 1,1,1,1,1,1
1877,4,569,1674,4,216,217,97,222 1,1,1,1,1,1,1,1,1
576,11,1161,715,1453 1,1,1,1,1
1613,4,91,10,463 1,1,1,1,1
1502,4,53,692,2399,1744,5,2321 1,1,1,1,1,1,1,1
145,156,5,239,3,44,304,5,310,3,13,11,1162,26,1094 1,1,1,1,1,1,1,1,1,1,1,1,1,1,1
74,143,11,213,3,2443,26,502 1,1,1,1,1,1,1,1
1614,4,44,326,327,3,152,5,396,3,13,11,1128,26,240,857 1,1,1,1,1,1,1,1,1,1,1,1,1,1,1,1
1595,4,11,750,3,743,26,93 1,1,1,1,1,1,1,1
217,975,133 1,1,1
177,4,338,1871,28770,3,2433,851,1136,893,2328,28771,3,2127 1,1,1,1,1,1,1,1,1,1,1,1,1,1
1129,10,356,177,3,2328,694,14,416,1810 1,1,1,1,1,1,1,1,1,1
192,5,104,4,293,28772,14,191,60,13,6,708,7,571,1922,255,7,226,7,184 1,1,1,1,1,1,1,1,1,1,1,1,1,1,1,1,1,1,1,1
50,272,1175,37,571,927,191,31,5511,201,66,288 1,1,1,1,1,1,1,1,1,1,1,1
119,46,3530,201,13,15,2612,450,89,10,268,5609,319,88,14646,921,7,23,116 1,1,1,1,1,1,1,1,1,1,1,1,1,1,1,1,1,1,1
119,41,235,6,461,225,6,2174,19,2735,7,40,113 1,1,1,1,1,1,1,1,1,1,1,1,1
6,270,104,20,235,13,64,16226,9964,3,121,14,12,5628 1,1,1,1,1,1,1,1,1,1,1,1,1,1
4728,208,3,4413 1,1,1,1
5,16226,9964,3,107 1,1,1,1,1
84,10,39,40,112,236,125,22,6550,8152,126,4,28773,36,298,25,32,218,108,22,25,32,1705,1407,126,4,28774,815,549,25,32,2426,6892,126,4,28775,622,2010,25,32,1705,1407,126,4,28776,348,3217,501,22,28777,4136,87,126,4,28778,58,298,25,69,8623,180,22,2426,6892,126,4,28779,49,36,27,1230,167,205,867,43,4728,15,208,1203,19,3909,108,3,3225 1,1,1,1,1,12,1,1,1,1,1,1,1,1,1,1,1,13,1,1,1,1,1,1,1,1,1,1,1,1,1,1,1,1,1,1,21,1,1,1,1,1,1,1,1,17,1,1,1,1,1,1,1,1,1,1,1,1,1,1,1,1,1,1,1,1,1,1,1,1,1,1,1,1,1,1,1,1,1,1,1,1,1,1
