67,54,4,28807,281,297,424,9963,39,599,793,147,181,120,76,103,1843,477,8622,1135,4125,29,445,111,586,42,443,53,1264,3,388,42,637,309,3,388,42,671,2250,3,335,42,53,2075,3,171,42,671,1809,3,614,44 1,1,1,1,1,1,1,1,1,1,1,1,10,10,10,3,3,1,1,1,1,1,2,2,2,2,2,2,2,2,2,2,2,2,2,2,2,2,2,2,2,2,2,2,2,2,2,2,2,1,1,1
526,6660,556,9,11755,10,6,309,3,2250,3,2794,8 1,3,3,1,1,1,1,1,1,1,1,1,1
99,28808,1135,3225,111,62,4761,131,1362,1911,1472 1,1,1,1,1,1,1,1,1,1,1
557,1497 1,1
612,77,211 1,1,1
2842,904 1,1
16,86,10,122,64,9964,1551 1,1,1,1,1,1,1
71,324,348,945,22,69 4,4,17,1,1,1
1190,3885,622,4510,22,32,12,1519,3,17,733,398,16230,903,733,398,99,129,476,3,16231,773,201,10,2383,312,19,353 1,1,21,1,1,1,1,1,1,1,1,1,1,1,1,1,1,1,1,1,1,1,1,1,1,1,1,1
631,16,14,4428,13,2728 1,1,1,1,1,1
6985,4,16,557,1497 1,1,1,1,1
144,398,5,336,16235,1538,89 1,1,1,1,1,1,1
287,236,141,22,32 15,12,1,1,1
572,60 1,1
144,903,520,3,897,3,5,5785 1,1,1,1,1,1,1,1
2112,580,28809,4,95,520,1597,1349,13,580,1000,3,926,586,3,1380,2253,3,5,486,393,13002,1998,1905,3,1225,3225,3,3635,1232,3,5,3882,11271,81,7,169,154,295,8322,209,5658,185,1998,897 1,1,1,1,1,1,1,1,1,1,1,1,1,1,1,1,1,1,1,1,1,1,1,1,1,1,1,1,1,1,1,1,1,1,1,1,1,1,1,1,1,1,1,1,1
2907,13,6,28,29,11,2099,3,3161,3,26,249 1,1,1,1,1,1,1,1,1,1,1,1
284,422,10,236 1,1,1,12
1285,3,3976,2071 1,1,1,12
369,12,939,113,10,827,897,5,5785 1,1,1,1,1,1,1,1,1
6,28,1535 1,1,1
454,12,6,3007,17,147,26,664 1,1,1,1,1,1,1,1
6985,4,132,19,2071,97,518,915 1,1,1,1,12,1,1,1
897,886 1,1
86,10,96 1,1,1
2043,992,76,607,19,3981,1475,5364,2319,340,21,68,420,3,51,21,31,68,244,2581 1,1,1,1,1,1,1,1,1,1,1,1,1,1,1,1,1,1,1,1
138,1033,1581,28810,4,640,37,1118,745,201,446 1,1,1,1,1,1,1,1,1,1,1
84,10,1384,171,22,32 1,1,1,1,1,1
6985,4,191,60,19,1384,97,116 1,1,1,1,1,1,1,1
1234,90,173,226,7,184,35,60,35,407,3,263,3,26,1181 1,1,1,1,1,1,1,1,1,1,1,1,1,1,1
557,19,1994 1,1,1
155,91 1,1
86,137,355,3,158,516,7,992,3,75,14,166,2279,10,23,28811,76 1,1,1,1,1,1,1,1,1,1,1,1,1,1,1,1,1
494,2237,483,3,824,12,794,6284,3,653,794,3184,3,1054,264,3,3514,3,1332,3,5,1669,569 1,1,1,1,1,1,1,1,1,1,1,1,1,1,1,1,1,1,1,1,1,1,1
144,972,3,3424 1,1,1,1
6985,4,972,5,3424,569 1,1,1,1,1,1
144,4112,444,3,96,836 1,1,1,1,1,1
8624,9965,16,557,19,6983,3,97,116 1,1,1,1,1,1,1,1,1
127,1339,127,308,39,8623,180,22,29,2848,4,49,36,27,1230,167,203,1026,906,6983,12140,2485,1458,12141,4,29,2848,4,12142,1458,85,12143,27,421,105,770,2124,39,276,29,2848,4,2751,348,3217,501,22,29,2848,4,58,298,25,69,622,6541,25,32,29,2848,4,49,13,1429,26,671,911,3797,2862,36,1681,105,1405,1314,25,167,737,1863,274,279,69,218,108,22,25,32,1994,6172,1318,1096,69,959,1092,1096,29,2848,4,58,1222,892,167,1384,171,22,25,32,29,2848,4,191,31,5385,2071,378,25,32,84,12,340,5,2081,752,872,126,4,16236,1182,4,6985,33,2332,752,1828,126,4,16236,1182,4,6985,33,2332,2671,276,126,4,28812,1182,4,6985,33,2332,3616,515,25,32,1705,1407,126,4,16233,1182,4,28813,33,2332,80,39,30,1234 1,1,1,1,1,1,1,1,1,1,1,1,1,1,1,1,11,1,1,1,1,1,1,1,1,1,1,1,1,1,1,1,1,1,1,1,1,1,1,1,1,1,1,17,1,1,1,1,1,1,1,1,1,1,21,1,1,1,1,1,1,1,1,1,1,1,1,1,1,1,1,1,1,1,1,1,1,1,9,1,1,13,1,1,1,1,1,1,1,1,1,1,1,1,1,1,1,1,1,1,1,1,1,1,1,1,1,1,1,1,1,1,12,1,1,1,1,1,1,1,1,1,1,1,1,1,1,1,1,1,1,1,1,1,1,1,1,1,1,1,1,1,1,1,1,1,1,1,1,1,1,1,1,1,1,1,1,1,1,1,1,1,1,1,1,1,1,1,1
854,1306,6929,70,4818,893 1,1,1,1,1,1
3139,82,771,3,161,315,12145 1,1,1,1,1,1,1
1345,1416,4569,150,30,11,374,150,30,7,623,373 1,1,1,1,1,1,1,1,1,1,1,1
661,208,46,38,1759,779,1271 1,1,1,1,1,1,1
206,30,17,8621,3,7523,12,12146,3,132,919 1,1,1,1,1,1,1,1,1,1,1
896,4067,3,267,727,66,671,4067 1,1,1,1,1,1,1,1
288,27,1376,544,85,135,113,3,712,939 1,1,1,1,1,1,1,1,1,1
3415 14
11,173,541 1,1,1
81,7,182,3160,173,10,146 1,1,1,1,1,1,1
90,590,3,3101,3,249,3,459,3,421,970,3,16237,3,1393,26,1968,3,611,3,1171,3,418,3,48,453,3,2203,184,147,3,84,12,2222,3,535,1475,3,291,34,3,375,3,446,3,648,3,1366,3,779,432,3,796,3,1235,3,725,3,26,595,474 1,1,1,1,1,1,1,1,1,1,1,1,1,1,1,1,1,1,1,1,1,1,1,1,1,1,1,1,1,1,1,1,1,1,1,1,1,1,1,1,1,1,1,1,1,1,1,1,1,1,1,1,1,1,1,1,1,1,1,1,1
102,101,133,1973,5,145,63,94,4291,386,156,680,5,2478,140,1952,624,207,197,787,28814,767,12,11,199,342,196,11,277,3,4107,3,26,2432,227,100,4642,5695 1,1,1,1,1,1,1,1,1,1,1,1,1,1,1,1,1,1,1,1,1,1,1,1,1,1,1,1,1,1,1,1,1,1,1,1,1,1
863 1
665 1
11,1866 1,1
2369,569,136,97,240,26,687,448 1,1,1,1,1,1,1,1
44,216,1700 1,1,1
11,216,222,638,11,875,26,2109,1189,48,6209,10,1051 1,1,1,1,1,1,1,1,1,1,1,1,1
232,100,737,656 1,1,1,1
11,407,3,1065,3,26,1116,720,145,156,5,239 1,1,1,1,1,1,1,1,1,1,1,1
11,213,3,502,3,26,561,214,152,5,396 1,1,1,1,1,1,1,1,1,1,1
11,240,26,1128,114,11,93 1,1,1,1,1,1,1
11,1850 1,1
232,443,1070,3327,3532,11,1044,26,690,246,352,2214,566,369,12,544,10,939,16234 1,1,1,1,1,1,1,1,1,1,1,1,1,1,1,1,1,1,1
2227,127,143,81 1,1,1,1
55,2687,43,1987,594,3197,1861,208,52,61 1,1,1,1,1,1,1,1,1,1
12147,867,17,5930,3,4731,19,4659,1245,3,2560,3,208,52,9924,1988,3509,1861 1,1,1,1,1,1,1,1,1,1,1,1,1,1,1,1,1,1
