67,54,4,29040,28,414,4,6608,3,2376,257,542,4,29041,259,54,7,112,4,29042,6046,164,2247,172,282,4,293,6608,14,15,447,1882,358,13,15,1549,39,30,75,158,15,30,7,15,1195,210,3269,3349,283,3,507,10,52,8860,290,10,3400,9,290,10,1373,12,2641,8 1,1,1,1,1,1,1,1,1,1,1,1,1,1,1,1,1,1,1,1,1,1,1,1,1,1,1,1,1,1,1,1,1,1,1,1,1,1,1,1,1,1,1,1,1,1,1,1,1,1,1,1,1,1,1,1,1,1,1,1,1,1,1,1
23,283,20,16305,949,23,3109,5,1241,16,526,2968,2588,16301,17,10938 1,1,1,1,1,1,1,1,1,1,1,1,1,1,1,1
16,14,98,110,4485,3443,12170,12,6,1736,80 1,1,1,1,1,1,1,1,1,1,1
20,221,12,4499,224,89,3,6058,626,60,3,51,500,2787,3,510,17,168 1,1,1,1,1,1,1,1,1,1,1,1,1,1,1,1,1,1
90,1473,3,21,38,44,5254,2284,3,90,362,34,3,693,16,242,46,128,1790,170,65,183 1,1,1,1,1,1,1,1,1,1,1,1,1,1,1,1,1,1,1,1,1,1
23,1264,234,14,4258,188,34 1,1,1,1,1,1,1
7,55,3,16,38,68,5350,223,58,113,1841,13,1453,5,34,3,241,111,1355,3352,5,15,2281,633,1799,3,75,20,2544,3,587,143,3777 1,1,1,1,1,1,1,1,1,1,1,1,1,1,1,1,1,1,1,1,1,1,1,1,1,1,1,1,1,1,1,1,1
551,55,128,261,66,1017,774,170,65,183,3,51,40,21,10818 1,1,1,1,1,1,1,1,1,1,1,1,1,1,1
674,4,3400,3,507,10,1769,822,12,2641,29,875,4464,29,209,756,350,76,29,181,120,76,3,161,315,181,120,556,466,85,117,12,2266,29,4485,3443,3,698,43,553,16302,29,30,7,1563,937,1648,3,161,315,100,216,2225,29,776,29,165,1048,71,324,29,1657,3648,27,6,4446,3,3549,444,29,30,7,3071,283,76,13,473,1583,432,12,3067,3,606,1308,1111,63,763,1698,29,2288,29,30,7,6356,411,858,23,4485,3661,29,161,315,53,5435,822,29,363,29,330,354,76,3,161,315,100,5159,556 1,1,1,1,1,1,1,1,1,1,1,1,1,1,1,1,1,1,1,10,10,10,3,3,3,10,10,10,3,3,3,3,3,3,1,1,1,1,1,1,1,1,1,1,1,1,1,1,1,1,1,1,1,1,15,1,8,4,4,4,4,1,1,1,1,1,1,1,1,1,1,1,1,1,1,1,1,1,1,1,1,1,1,1,1,1,1,1,1,1,1,1,1,1,1,1,1,1,1,1,1,1,1,1,1,1,1,1,1,1,1,1,1,1,1,1,1
256,199,153,371,139,103,593,1044,1850,490,66,1881,927,2501,4,176,4514,5,8256,70,12168,12,2333,178,3062,27,4446,5,3549,12,2333,195,100,216,2225,12,2333,253,181,120,556,466,12,2266,108 1,1,1,1,1,1,1,1,1,1,1,1,1,1,1,1,1,1,1,1,1,1,1,1,1,1,1,1,1,1,1,1,1,1,1,1,1,1,10,10,10,1,1,1,1
9972,526,100,5159,5,153,120,251,849,320 1,1,1,1,1,1,1,1,1,1
9973,103,593,13,15,251,469,12,6,53,2075,120,652,4537,2588,12167,254,4,1117,736,9,1052,8,125,22,25,276,99,228,138,4,5564,27,5541,272,1117,1406,9,423,8,447,22,25,32,99,228,138,4,5564,27,5541,272,1117,3203,9,815,8,171,22,25,32,99,228,138,4,5564,27,5541,272,1117,4162,1400,9,2604,8,141,22,25,276,167,4,1820,1117,4280,9,2382,8,180,22,25,32,99,228,138,4,5564,27,5541,272,1117,165,596,1643,141,189,521,605,397,1429,99,228,138,4,5564,27,5541,272,1117,165,596,1643,680,189,521,608,397,2204,29043,9,10671,8,1078,1580,99,228,138,4,29044,27,5541,272,1117,165,145,1643,1315,1024,134,588,601,1139,669,745,519,189,29,17,588,66,4782,10,1592,745,210,189,29,17,588,66,6369,10,1142,745,320,189,29,17,588,66,5332,10,4256,745,615,189,29,17,588,66,6936,10,1582,745,141,189,29,17,588,442,1582,745,625,189,5,454,1422,229,29,521,892,9,1392,329,1230,8,99,228,138,4,5564,27,5929,973,1117,1690,108,5138,462,22,9,1223,108,5465,22,8,1014,298,25,3523,167,4,34,99,228,138,4,5564,27,29045,973,1117,1212,9,729,8,108,22,25,32,99,228,138,4,5564,27,5541,272,1117,218,9,1088,8,171,22,25,32,99,228,138,4,5564,27,5541,272,1117,7403,456,9,2393,8,3372,189,521,32,601,4252,442,1117,610,2223,912,964,9,784,707,8,1582,22,25,32,601,4252,442,1117,1650,3813,9,1541,8,9,1778,8,335,22,25,32,99,228,138,4,5564,27,5541,272,1117,1868,9,930,8,231,22,25,276,233,4,16306,1318,33,442,29046,579,4,11,352,84,3,323,3,2224,942,3,2314,11,263,3,307,11,48,34,3,109,21,68,221,17,6480,982,43,609,10331,3,121,242,31,704,16,38,88,308,194,798,411,11,446,3,375,545,4,6169,29047,1713,581,29048,1250,3,480,362,152,3,952,3,1465,3,2554,1017,29049,13,381,3087,29050,3,11,4390,3,11,685,3,11,29051,12170,2026,3,2638,29,5254,2638,3,6351,3,2280,7284,554,3,10492,193,149,4,349,4044,83,9,1312,8,524,333,5363,59,9,1977,8,42,536,4774,83,9,1589,8,1381,1542,1733,83,9,1739,8,42,456,9,578,149,8,2958,59,9,1305,8,351,663,9,578,149,8,1944,83,9,1276,8,351,835,9,578,149,8,2337,83,9,1310,8,351,769,9,578,149,8,3701,59,9,1450,8,351,392,9,578,149,8,4365,83,9,1311,8,219,347,9,578,149,8,2949,83,9,1601,8,219,345,9,578,149,8,3010,9,1359,8,219,1228,3,2083,3,1941,3,4795,478,233,44,120,2639,29052,59,9,10709,8,120,6663,1469,59,9,10710,8,4277,120,6167,3650,83,9,1360,8,4277,7955,7377,83,9,13184,8,10591,336,456,1413,9,9686,8,351,336,347,7237,6724,6606,10684,42,4435,2936,9,1323,8,2003,4436,4890,9,1323,8,2003,4437,504,9,193,8,2003,506,4,91,155,241,9,29053,8,4,131,187,5,504,59,11977,3,131,29054,1978,5809,187,442,59,3,11,448,2281,633,1799,3,11,326,1390,26,2090,3,128,1390,443,2968,895,873,4,29055,498,110,2797,2588,17,10938,3,110,2932,1280,7,1841,1799,3,132,13,15788,3,199,153,371,13,6606,442,36,42,5,284,1091,3,29056,1817,29057,56,144,29058,56,1091,1571,3,496,3775,6,1620,72,16,21,3700,12,6,80,56,740,13,1698,138,212,403,56,1078,5254,198,3,5254,757,278,17,88,5254,422,664 1,1,1,1,1,1,1,1,1,1,1,1,1,1,1,1,1,1,12,12,12,12,12,12,12,12,12,12,12,12,12,12,12,12,12,26,26,26,26,26,26,26,26,26,26,26,26,26,26,26,26,26,1,1,1,1,1,1,1,1,1,1,1,1,1,1,1,1,1,1,1,1,1,1,1,1,1,1,1,1,1,1,1,1,1,1,1,1,1,1,1,1,1,1,1,1,1,1,1,8,8,8,8,8,8,8,8,8,8,8,8,8,8,8,8,8,8,1,8,8,8,1,1,1,1,1,1,1,1,1,1,1,1,1,1,1,1,1,1,1,1,1,8,8,8,1,1,1,1,1,1,1,1,1,1,1,1,1,1,1,1,1,1,1,1,1,1,1,1,1,1,1,1,1,1,1,1,1,1,1,1,1,1,1,1,1,1,1,1,1,1,1,1,1,1,1,1,1,1,1,1,1,1,1,1,1,1,1,1,1,1,1,1,1,1,1,1,1,1,1,1,1,1,1,1,1,1,1,1,1,1,1,1,1,1,1,1,1,1,1,1,1,1,1,1,1,1,1,1,1,20,20,20,20,20,20,20,20,20,20,20,20,20,20,20,20,20,13,13,13,13,13,13,13,13,13,13,13,13,13,13,13,13,13,1,1,1,1,1,1,1,1,1,1,1,1,1,1,9,1,1,1,1,1,1,1,1,1,1,1,1,1,1,1,25,25,1,1,1,1,1,1,1,1,1,1,1,1,1,1,1,1,1,1,1,1,1,1,1,1,1,1,1,1,1,1,1,1,1,1,1,1,1,1,1,1,1,1,1,1,1,1,1,1,1,1,1,1,1,1,1,1,1,1,1,1,1,1,1,1,1,1,1,1,1,1,1,1,1,1,1,1,1,1,1,1,1,1,1,1,1,1,1,1,1,1,1,1,1,1,1,1,1,1,1,1,1,1,1,1,1,1,1,1,1,1,1,1,1,1,1,1,1,1,1,1,1,1,1,1,1,1,1,1,1,1,1,1,1,1,1,1,1,1,1,1,1,1,1,1,1,1,1,1,1,1,1,1,1,1,1,1,1,1,1,1,1,1,1,1,1,1,1,1,1,1,1,1,1,1,1,1,1,1,1,1,1,1,1,1,1,1,1,1,1,1,1,1,1,1,1,1,1,1,1,1,1,1,1,1,1,1,1,1,1,1,1,1,1,1,1,1,1,1,1,1,1,1,1,1,1,1,1,1,1,1,1,1,1,1,1,1,1,1,1,1,1,1,1,1,1,1,1,1,1,1,1,1,1,1,1,1,1,1,1,1,1,1,1,1,1,1,1,1,1,1,1,1,1,1,1,1,1,1,1,1,1,1,1,1,1,1,1,1,1,1,1,1,1,1,1,1,1,1,1,1,1,1,1,1,1,1,1,1,1,1,1,1,1,1,1,1,1,1,1,1,1,1,1,1,1,1,1,1,1,1,1,1,1,1,1,1,1,1,1,1,1,1,1,1,1,1,1,1,1,1,1,1,1,1,1,1,1,1,1,1,1,1,1,1,1,1,1,1,1,1,1,1,1,1,1,1,1,1,1,1,1,1,1,1,1,1,1,1,1,1,1,1,1,1,1,1,1,1,1,1,1,1,1,1,1,1,1,10,10,1,1,1,1,1,1,1,1,1,1,1,1,1
6,5254,4060,197,244,2310,3,470,50,3107,6,1390,1282,5888,10,6,443,326,56,395,732,6046,591,594,13,88,664,497,6540,2817,14932,3,107 1,1,1,1,1,1,1,1,1,1,1,1,1,1,1,1,1,1,1,1,1,1,1,1,1,1,1,1,1,1,1,1,1
