67,54,4,28949,1180,58,2431,55,28,82,414,4,2376,28950,542,4,16273,54,7,168,10,5806,4,6657,54,7,688,10,281,297,4,10702,2474,4,199,314,7,28951,27,444,7,9971,30,564,66,4,79,3,302,940,3,688,55 1,1,1,1,1,1,1,1,1,1,1,1,1,1,1,1,1,1,1,1,1,1,1,1,1,1,1,1,1,1,1,1,1,1,1,1,1,1,1,1,1,1,1,1,1,1,1,1,1,1,1,1,1
30,7,61,328,4,1232,1446,498,13,256,3400,1086,1769,822,5,2262,4322,3,354,4607,3,13,95,100,16274,5,153,120,251,9,9972,8,5,95,103,445,251,10,6,2075,9,9973,8 1,1,1,1,1,1,1,1,1,1,1,1,1,1,1,1,1,1,1,1,1,1,1,1,1,1,1,1,1,1,1,1,1,1,3,3,3,1,1,1,1,1,1
79,61,10,1779,9418,13,1268,291,34,788,6,973,169,10,168,3,717,12,1692,3,1845,12,6,28952,1177,3,3413,3,5,5057,13,15,34,1024,7,28953,34 1,1,1,1,1,1,1,1,1,1,1,1,1,1,1,1,1,1,1,1,1,1,1,1,1,1,1,1,1,1,1,1,1,1,1,1,1
135,940,16,146,377,34,12,6,272,13,3004,10,572,25,82,5,286,118,34,37,2441 1,1,1,1,1,1,1,1,1,1,1,1,1,1,1,1,1,1,1,1,1
98,424,13,990,3,329,300,3,11,375,3,11,307 1,1,1,1,1,1,1,1,1,1,1,1,1
405,849,7,15,1935,1334,27,1779,230,3,79,1204,4187,405,540,5,38,199,314,7,670,5,1009,628,12,6,634,82 1,1,1,1,1,1,1,1,1,1,1,1,1,1,1,1,1,1,1,1,1,1,1,1,1,1,1,1
135,757,940,27,1779,230,3,79,138,1720,17,362,34,9,963,28954,8,13,3100,3334,3032,27,16275,13,866,377,12,148,10,28955,5,126,19,5622,17,94,1623 1,1,1,1,1,1,1,1,1,1,1,1,1,1,1,1,1,1,1,1,1,1,1,1,1,1,1,1,1,1,1,1,1,1,1,1,1
27,6,1122,85,3,79,1268,837,12,764 1,1,1,1,1,1,1,1,1,1
135,940,16,20,146,10,52,3945,2051,263,5,375,5,1204,199,314,7,16276,400,12,6,214,5,194,114 1,1,1,1,1,1,1,1,1,1,1,1,1,1,1,1,1,1,1,1,1,1,1,1,1
438,27,6,1987,28956,28957,199,314,7,16276,27,6,444,7,9971 1,1,1,1,1,1,1,1,1,1,1,1,1,1,1
135,273,3,38,16277,248,3,11,5062,1256,3,11,5402,28958,3,923,143,479,17,621,1899 1,1,1,1,1,1,1,1,1,1,1,1,1,1,1,1,1,1,1,1,1
362,1186,6244,51,20,146,35,15,500,264 1,1,1,1,1,1,1,1,1,1
241,7,28959,242,31,111,2976,2549,7,1080,3,11,152,1233,240,26,2675,6264 1,1,1,1,1,1,1,1,1,1,1,1,1,1,1,1,1,1
28960,3100,3334,3032,27,1779,3,13,11,9629,28961,13,894,333,28962,5,1698,36,1034,4104,19,9097 1,1,1,1,1,1,1,1,1,1,1,1,1,1,1,1,1,1,1,1,1,1
98,5008,329 1,1,1
921,1377,10,52,1086,252,5,423 1,1,1,1,1,54,1,50
11,2211,20,582,5,28963,5,1941,3,5,1228,143,409,135,146 1,1,1,1,1,1,1,1,1,1,1,1,1,1,1
28964,79,20,1440,13,2142,12,6,586,82,19,61,13,232,922,10,633,3,12,481,7,185,349,10,1245,79,20,3260,343,13,2185,9,5563,3,2689,5,2918,8 1,1,1,1,1,1,1,1,1,1,1,1,1,1,1,1,1,1,1,1,1,1,1,1,1,1,1,1,1,1,1,1,1,1,1,1,1,1
4286,143,781,5,506,197,91 1,1,1,1,1,1,1
28965,103,898,143,96,13,118,805,4,3200,3809,5800,7569,3,897,1514,4,2086,12886,11,234,7,48,34,405,23,1216 1,1,1,1,1,1,1,1,1,1,1,1,1,1,1,1,1,1,1,1,1,1,1,1,1,1,1
5,11,146,7,28966,177,84 1,1,1,1,1,1,1
28967,347,118,66,2545,10,2592,1377,10,52,1086,199,19,209,3653 1,1,1,1,1,1,1,1,1,1,1,1,1,1,1
79,688,10,5202,17,268,1776,7,1593,1899,3,1593,1850,1769,3,3929,3,16278,362,325,3,28968,81,7,182,19,168,4,644,4,11,739,3,11,760,1844,4,307,3,11,263,3,11,1181,1166,361,4,291,34,35,270,3,11,1366,3,11,2052,3,449,10,46,2836,1309,4,135,1779,230,146,7,3087,336,12,6714,5042,28969,13,377,5858,1058,4,472,377,10,673,656,12,6,1587,3,28970,656,12,70,248,3,449,10,688,10,5,66,2262,8949,4,410,5,642,1200 1,1,1,1,1,1,1,1,1,1,1,1,1,1,1,1,1,1,1,1,1,1,1,1,1,1,1,1,1,1,1,1,1,1,1,1,1,1,1,1,1,1,1,1,1,1,1,1,1,1,1,1,1,1,1,1,1,1,1,1,1,1,1,1,1,1,1,1,1,1,1,1,1,1,1,1,1,1,1,1,1,1,1,1,1,1,1,1,1,1,1,1,1,1,1,1,1,1,1,1,1,1,1,1,1,1,1,1
5806,438,4,16279,4,21,472,1030,9,2262,4322,8,3,51,885,1667,677,1129,10,137,77,56,442,444,27,16280 1,1,1,1,1,1,1,1,1,1,1,1,1,1,1,1,1,1,1,1,1,1,1,1,1,1
33,671,679,111,266,2745,2137,1799,66,9974,56,442,4972,13,2507,7,2068,1850,574,66,16281 1,1,1,1,1,1,1,1,1,1,1,1,1,1,1,1,1,1,1,1,1
4968,1850,1769,19,390,264,3,313,4100,464,158,1850,490,701,7513,76,28971,3,352,278,3,96,16282,161,4,199,5583,1086,12156,35,6729,7,2303,4021,33,110,16283,6586,9,382,22,123,36,3,171,22,123,36,8,13,1954,7,16284,66,1294,42,10,36,42 1,1,1,1,1,1,1,1,1,1,1,1,1,1,1,1,1,1,1,1,1,1,1,1,1,1,1,1,1,1,1,1,1,1,1,1,1,1,1,1,1,1,1,1,1,1,1,1,1,1,1,1,1,1,1,1,1,1,1
16285,371,4,284,1849,158,393,3563,66,95,993,3,422,5888,13,44,7,63,94 1,1,1,1,1,1,1,1,1,1,1,1,1,1,1,1,1,1,1
33,336,830,72,33,819,2871,56,442,755,89,16286,34,4,5885,260,1123,2981,1219,7,4037,221,19,2138,29,482,6222,325,9711,266,1298,258 1,1,1,1,1,1,1,1,1,1,1,1,1,1,1,1,1,1,1,1,1,1,1,1,1,1,1,1,1,1,1,1
313,3,4795,478,1857,3,5,2639,1043,33,46,10432,148,5383,132,37,1899,826,319,16287,432,4,3100,3334,3032,56,885,134,40,3136,1148,325,1900,11216,432,9773,1180,278,28972,120,76,4,33,805,6093,19,168,3,51,866,233,1043,3,166,805,3792,12,481,7,3929,169,10,168,33,943,650,252,3,423,12,3157,7,1403,4918,33,791,613,33,9882,3,2427,3,839,2142,8130,28973,4,33,3805,13,11,1899,33,1165,13,559,1578,42,3,11,8794,3,11,6383,33,610,3536,16288,28974,324,33,19,5806,165,1638,3,41,1668,10,1315,1024,80,39,30,4,176,3400,507,10,1769,822,12,9969,4415,1875,12,2641,178,875,4464,195,803,157,167,959,4459,253,212,110,619,1200,12,2266,593,359,12,1306,2975,4,883,2491,10,614,3,883,2285,10,309,3,1559,2491,10,8412,29,429,8498,28975,325,29,445,13,251,12,2075,9973,346,16268,698,43,16269,7586,12155,329,5664,931,9,5254,17,336,8,460,1524,82,3,110,100,216,2225,652,776,833,2606,995,1657,3648,4446,3718,304,141,377,841,5,2236,1477,4331,432,12,3067,9,58,189,4104,82,8,72,2128,12,12157,1708,2288,2001,6356,411,4485,3661,8627,2218,3494 1,1,1,1,1,1,1,1,1,1,1,1,1,1,1,1,1,1,1,1,1,1,1,1,1,1,1,1,1,1,1,1,1,1,1,1,1,1,1,1,1,1,1,1,1,1,1,1,1,1,1,1,1,1,1,1,1,1,1,1,1,1,1,1,54,54,54,54,50,1,1,1,1,1,1,1,9,1,1,1,25,1,1,1,1,1,1,1,1,1,1,1,1,1,1,1,1,1,1,1,1,1,1,1,1,9,1,1,1,1,1,1,8,8,8,8,1,1,1,8,8,1,1,1,1,1,1,1,1,1,1,1,1,1,1,1,1,1,1,1,1,1,1,1,1,1,1,10,1,10,3,3,3,3,3,3,3,3,1,1,1,1,1,1,1,1,1,1,1,1,1,1,1,1,1,1,1,1,1,1,1,1,1,1,1,1,1,1,1,1,1,1,1,1,1,1,1,1,1,1,1,1,1,1,1,1,1,1,1,15,1,4,1,1,1,1,1,1,1,1,1,1,1,1,1,1,1,1,1,1,1,1,1,1,1,1,1,1,1,1,1,1,1,1,1,1,1,1
53,5435,872,5545,849,12,8627,2434,199,363,4,139,23,1373,16,20,244,363,5,2847,6738,6022,1331,5,20,124,139,2208,23,1788,5,527,10,1092,2688 1,1,1,1,1,1,1,1,1,1,1,1,1,1,1,1,1,1,1,1,1,1,1,1,1,1,1,1,1,1,1,1,1,1,1
16,21,68,19,3075,4175,5,137,245,13,23,551,19,11,39 1,1,1,1,1,1,1,1,1,1,1,1,1,1,1
23,923,82,46,265,159,1639,3520,12,2266 1,1,1,1,1,1,1,1,1,1
2520,100,28976,556,3,153,120,251,9972,3201,374,7227,7,180,1420,12,148,1226,59,3,187,303,39,4,169,10,168,27,1779,252,462,22,25,32,423,447,22,613,215,22,25,69,2031,215,22,25,32,932,171,22,25,32,1798,1104,167,12158,171,22,25,32,8842,501,22,25,58,305,167,622,108,22,605,3,608,596,165,8183,605,3,581,1034,608,28977,1455,10,16270,305,167,2681,4459,58,1222,69,4709,794,58,1222,69,959,4459,58,1222,167,115,10,892,127,4,16289,1318,12156,150,30,4,1169,5088,206,30,4,238,4,1285,12,2266,139,238,5855,17,215,87,541,157,4,334,233,541,12,2266,288,4,2262,4322,2686,4,919,150,4,920,3,491,5421,3,723,9,16290,8,12,3619,102,77,4,316,4,28978,28979,12159,12160,28980,42,3180,814,4,1417,12,859,12,480,28981,225,724,4076,1455,227,4,965,5169,12,469,136,4,332,3,576,601,7974,29,216,222,19,187,48,4,416,876,27,187,649,3,376,1304,16291,737,28982,644,4,455,3,6375,3,1710,2409,5024,362,4,5254,204,29,152,3,1465,3,952,531,4,617,3,11,93,352,4,410,3,642,10,1150,3,5202,3,28983,3,2489,29,2903,372,7,927,7,80,58,3134,29,925,1544,204,29,240,3,1256,12,2363,409,1345,3,634,2674,1345,29,628,3422,1345,12,2363,3,6897,634,29,433,3593,2363,3,519,3593,634,29,511,928,204,2363,3,1688,12,634,82,998,7114 1,1,1,1,1,1,1,1,1,1,1,1,1,1,1,1,1,1,1,1,1,1,1,1,1,1,1,1,1,54,1,1,1,1,50,1,1,9,1,1,1,1,27,1,1,1,1,1,1,1,1,1,25,25,1,21,1,1,1,1,1,1,1,1,1,1,1,21,1,1,1,1,1,8,8,1,1,1,1,1,1,1,1,1,1,1,1,1,1,1,1,1,1,1,1,1,1,1,1,1,1,1,1,1,1,1,1,1,1,1,1,1,1,1,1,1,1,1,5,5,5,5,5,5,5,5,5,5,5,1,1,1,1,1,1,1,1,1,1,1,1,1,1,1,1,1,1,1,1,1,1,1,1,1,1,1,1,1,1,1,1,1,1,6,1,1,1,1,1,1,1,1,1,1,1,1,1,1,1,1,1,1,1,1,1,1,1,1,1,1,1,1,1,1,1,1,1,1,1,1,1,1,1,1,1,1,1,1,1,1,1,1,1,1,1,1,1,1,1,1,1,1,1,1,1,1,1,1,1,1,1,1,1,1,1,1,1,1,1,1,1,1,1,1,1,1,1,1,1,1,1,1,1,1,1,1,1,1,1,1,1,1,1,1,1,1,1,1,1,1,1,1,1,1,1,1,1,1,1,1,1,1,1,1,1,1,1,1,1,1,1,1,1,1,1,1,1,1,1,1,1,1,1,1
149,4,5202,63,16292,28984,902,47,28985,456,9,578,149,8,3421,9,1305,8,351,663,9,578,149,8,2221,9,1276,8,351,835,9,578,149,8,5821,83,9,1310,8,351,769,9,578,149,8,12161,59,9,1450,8,351,392,9,578,149,8,1997,83,9,1311,8,219,347,9,578,149,8,755,83,9,1601,8,219,345,9,578,149,8,4671,83,9,1359,8,219,512,3358,59,9,1478,8,219,1555,2394,59,9,1659,8,219,1184,2905,9,1660,8,1556,486,961,3799,59,9,2602,8,654,1461,3202,59,9,2464,8,654,2013,2592,9,2385,8,654,496,1131,1701,9,2386,8,219,486,1131,1649,9,3691,8,219,1981,1982,2059,9,3579,8,721,2509,141,9,3580,8,721,2083,2690,9,3378,8,3590,1941,2282,9,3591,8,3592,1258,1259,3465,1967,9,2720,8,1454,1905,1956,1514,9,3248,8,42,1905,1988,4179,1520,266,10,2721,422,1514 1,1,1,1,1,1,1,1,1,1,1,1,1,1,1,1,1,1,1,1,1,1,1,1,1,1,1,1,1,1,1,1,1,1,1,1,1,1,1,1,1,1,1,1,1,1,1,1,1,1,1,1,1,1,1,1,1,1,1,1,1,1,1,1,1,1,1,1,1,1,1,1,1,1,1,1,1,1,1,1,1,1,1,1,1,1,1,1,1,1,1,1,1,1,1,1,1,1,1,1,1,1,1,1,1,1,1,1,1,1,1,1,1,1,1,1,1,1,1,1,1,1,1,1,1,1,1,1,1,1,1,1,1,1,1,1,1,1,1,1,1,1,1,1,1,1,1,1,1,1,1,1,1,1,1,1,1,1,1,1,1,1,1,1,1,1,1,1,1,1,1,1,1,1,1,1,1,1,1,1,1,1,1,1,1,1,1,1
2438,3809,9,2673,8,1454,2423,1214,9,3285,8,721,1258,1259,7544,9,3822,8,721,1433,3,3610,5083,7393,1263,4,28986,6397,4,28987,5202,63,16292,28988,902,47,28989,349,4178,83,9,1312,8,524,333,5316,59,9,1977,8,42,560,2931,59,9,2119,8,1451,734,28990,59,9,2202,8,1785,536,9682,9,1589,8,1381,653,388,9,1360,8,1227,786,5098,9,1479,8,1588,823,6210,9,1480,8,654,795,4651,9,1424,8,42,79,4247,83,9,3162,8,1060,1074,1857,1074,1738,57,5291,344,17,1484,5000,340 1,1,1,1,1,1,1,1,1,1,1,1,1,1,1,1,1,1,1,1,1,1,1,1,1,1,1,1,1,1,1,1,1,1,1,1,1,1,1,1,1,1,1,1,1,1,1,1,1,1,1,1,1,1,1,1,1,1,1,1,1,1,1,1,1,1,1,1,1,1,1,1,1,1,1,1,1,1,1,1,1,1,1,1,1,1,1,1,1,1,1,1,1,1,1,1,1,1,1,1,1,1,1,1,1,1,1,1,1,1,1,1,1
2206,28991,59,9,2834,8,1060,1154,1066,370,1257,1125,1277,1542,1490,83,9,1739,8,42,577,141,59,9,1786,8,42,847,117,59,9,1740,8,42,830,108,9,1832,8,42,864,519,9,1691,8,42,714,1209,28992,83,9,2240,8,524,714,577,28993,9,2241,8,524,714,847,8973,83,9,2577,8,524,714,830,7782,83,9,2242,8,524,714,864,2873,9,2278,8,524,1661,200,9,44,8,1577,200,9,44,8,2360,200,2096,200,1971,4,336,3,63,1898,123,58,12162,27,5202,29,7619,193,1580,29,3044,965,5938,193,1580,177,4,924,27,382,3,409,1090,3,302,563,363,12,11103,506,9,6940,8,4,211,48,97,301,26,985,1984,26,854 1,1,1,1,1,1,1,1,1,1,1,1,1,1,1,1,1,1,1,1,1,1,1,1,1,1,1,1,1,1,1,1,1,1,1,1,1,1,1,1,1,1,1,1,1,1,1,1,1,1,1,1,1,1,1,1,1,1,1,1,1,1,1,1,1,1,1,1,1,1,1,1,1,1,1,1,1,1,1,1,1,1,1,1,1,1,1,1,1,1,1,1,1,1,1,1,1,1,1,1,1,1,1,1,1,1,1,1,1,1,1,1,1,1,1,1,1,1,1,1,1,1,1,1,1,1,1,1,1,1,1,1,1,1,1,1,1,1,1,1,1,1,1,1,1,1,1
103,978,44,3,11,205,7,93,26,3901 1,1,1,1,1,1,1,1,1,1
1605,84,35,397,5,70,3819,1935,1334,35,397,97,758,3034,26,698 1,1,1,1,1,1,1,1,1,1,1,1,1,1,1,1
679,9,15932,8,4,101,4,679,7,6,875,3,2068,3,1365,1080 1,1,1,1,1,1,1,1,1,1,1,1,1,1,1,1
101,54,4,9099 1,1,1,1
2371,1793,4,6,169,1793,57,1382,17,2371,10,290,4034,4884,535 1,1,1,1,1,1,1,1,1,1,1,1,1,1,1
2371,14,1049,13,6,146,7,169,5497,241,66,1135,7303,28994,87,302,498,13,30,7,3400,66,4582,1373,12,2641,13,301,511,314,5,670,314,998,9971 1,1,1,1,1,1,1,1,1,1,1,1,1,1,1,1,1,1,1,1,1,1,1,1,1,1,1,1,1,1,1,1,1,1,1
4856,4,13516,2745,689,143,564,7,6,875,3,2068,3,1365,1080 1,1,1,1,1,1,1,1,1,1,1,1,1,1,1
6,6403,2745,689,57,564,66,6114,868,4972 1,1,1,1,1,1,1,1,1,1
6,689,57,504,759,28995,12,6,2068,5,1365,1080 1,1,1,1,1,1,1,1,1,1,1,1
6,875,1080,679,20,390,544,85,290,10,759 1,1,1,1,1,1,1,1,1,1,1
11,1462,20,157 1,1,1,1
461,4,875,1080,4,9975,7,6,875,12163,14,55,66,12164,868,3861 1,1,1,1,1,1,1,1,1,1,1,1,1,1,1,1
1083,3250,2137,722,3791,548,7,2745,365,2137,630,6,16245,5,6295,1903,1768 1,1,1,1,1,1,1,1,1,1,1,1,1,1,1,1,1
789,1657,8629,1549,57,61,27,28996,3,16293,3,16294,3,16295,3,28997 1,1,1,1,1,1,1,1,1,1,1,1,1,1,1,1
6,28,14,161,315,789,3062,5,3399,75,646,1254,5492 1,1,1,1,1,1,1,1,1,1,1,1,1
6,3062,66,28998,868,4360,3,356,55,3,14,31,60,678,290,10,759,5492,5,1254 1,1,1,1,1,1,1,1,1,1,1,1,1,1,1,1,1,1,1,1
2068,1080,4,74,14,1355,3399,7,3476,10,9976,13,314,7,2012,7,3476,5,741,8458,27,40,548 1,1,1,1,1,1,1,1,1,1,1,1,1,1,1,1,1,1,1,1,1,1,1
8630,14,55,66,5439,868,9976 1,1,1,1,1,1,1
74,14,741,2745,365,2137,630,6,1850,2352,27,6,3476,444 1,1,1,1,1,1,1,1,1,1,1,1,1,1
2745,266,2137,1799,57,55,789,10,6,1850,27,9974,868,12165 1,1,1,1,1,1,1,1,1,1,1,1,1,1
15,365,2137,12166,14,61,868,40,1799,27,9977,5,912,66,11627,868,4972 1,1,1,1,1,1,1,1,1,1,1,1,1,1,1,1,1
40,266,2745,2137,1799,2507,6,1850,574,66,9977,868,6114 1,1,1,1,1,1,1,1,1,1,1,1,1
6,1850,14,381,66,9977,868,6114,543,13,8630,5,365,2745,2137 1,1,1,1,1,1,1,1,1,1,1,1,1,1,1
365,2137,14,98,61,12,6,1850,2352,7,6,443,2068,1850,5,27,6,9978 1,1,1,1,1,1,1,1,1,1,1,1,1,1,1,1,1,1
381,1432,7,2745,365,2137,14,55,12,28999,6,443,2068,1850,5,6,1044,2908 1,1,1,1,1,1,1,1,1,1,1,1,1,1,1,1,1,1
1365,1080,4,9975,7,6,1365,1080,14,55,13,1616,36,16296,7,3393,19,3718 1,1,1,1,1,1,1,1,1,1,1,1,1,1,1,1,1,1
74,14,15,29000,13,1503,27,9979 1,1,1,1,1,1,1,1
1657,722,2745,15183,630,170,1365,1657,5,1657,2012,314,27,9979,3,5925 1,1,1,1,1,1,1,1,1,1,1,1,1,1,1,1
2745,365,2137,27,6,16297,57,55,963,6,9979,5,5925,1657,444 1,1,1,1,1,1,1,1,1,1,1,1,1,1,1
504,10,170,260,7,6,100,8141,3699,27,5925,4871,1498,5,1657,2012,314,7,5925,14,55 1,1,1,1,1,1,1,1,1,1,1,1,1,1,1,1,1,1,1,1,1
6,28,21,38,169,164,7,6,8144,1178,7,3393,5,3718 1,1,1,1,1,1,1,1,1,1,1,1,1,1
6,9978,3347,27,29001 1,1,1,1,1
6,1044,2908,197,16298,1935,5,74,14,2745,365,2137,963,6,473,1044,2908 1,1,1,1,1,1,1,1,1,1,1,1,1,1,1,1,1
2745,365,2137,14,55,27,6,443,1385,7,6,10929,7145 1,1,1,1,1,1,1,1,1,1,1,1,1
339,4,176,266,2745,2137,1799,66,9974,868,4972,13,2507,7,6,2068,1850,574,66,9977,868,6114 1,1,1,1,1,1,1,1,1,1,1,1,1,1,1,1,1,1,1,1,1,1
6,1154,505,17,40,1799,158,2203,1298,5492,26,29002,12166,26,2853,1799 1,1,1,1,1,1,1,1,1,1,1,1,1,1,1,1
420,7823,2068,5,1365,1080,679,13,1462,5,2745,6403,868,6,59,1080,5,872,1080 1,1,1,1,1,1,1,1,1,1,1,1,1,1,1,1,1,1,1
134,224,934,3,482,390,872,1080,679,13,1462 1,1,1,1,1,1,1,1,1,1,1
64,5195,20,1240,7,40,27,14821,973,19,9099 1,1,1,1,1,1,1,1,1,1,1
178,8630,7,6,2068,1850,66,29003,444,5,27,29004 1,1,1,1,1,1,1,1,1,1,1,1
195,6,1044,2908,57,4051,689,51,46,15,16298,12,197,508,29005 1,1,1,1,1,1,1,1,1,1,1,1,1,1,1
390,6403,689,868,6,2184,1044,2908,550,476,172,40 1,1,1,1,1,1,1,1,1,1,1,1
253,1920,1657,76,7,6,1365,1080,27,9979,5,5925 1,1,1,1,1,1,1,1,1,1,1,1
1920,1657,76,7,6,875,1080,27,16293,16294,16295 1,1,1,1,1,1,1,1,1,1,1
346,169,591,3399,7,6,875,1080,5,3062,57,4051,172,19,6,264,290,10,759 1,1,1,1,1,1,1,1,1,1,1,1,1,1,1,1,1,1,1
395,122,169,241,146,17,6,402 1,1,1,1,1,1,1,1
460,131,741,8458,13,2012,314,27,3476,197,3852,5,208,52,66,169,1297 1,1,1,1,1,1,1,1,1,1,1,1,1,1,1,1,1
679,9,6940,8,4,679,2068,5,1365,1080,97,5,13,4652,30,4,30,7,356,1850,1769 1,1,1,1,1,1,1,1,1,1,1,1,1,1,1,1,1,1,1,1,1
161,315,95,8846,556 1,1,1,1,1
132,13,1719,788,7,314,7,194,114,670,400,5,511 1,1,1,1,1,1,1,1,1,1,1,1,1
2371,4,679,1080,54,9099 1,1,1,1,1,1
540,4,29006,509,689,7,6,2184,1080,20,582,97,5,13,4652 1,1,1,1,1,1,1,1,1,1,1,1,1,1,1
461,4,74,14,62,302,1769,822,27,9976 1,1,1,1,1,1,1,1,1,1
74,14,14123,7,6,44,8458,27,40,444 1,1,1,1,1,1,1,1,1,1
74,14,11,202,7,3250,93,10,508,199,822,12,6,1080 1,1,1,1,1,1,1,1,1,1,1,1,1,1
74,14,9975,7,6,44,1365,12163 1,1,1,1,1,1,1,1
74,14,1616,36,16296,7,3393,19,3718 1,1,1,1,1,1,1,1,1
74,14,1920,84,12,6,4446,5,3549,1182,8592 1,1,1,1,1,1,1,1,1,1,1
74,14,118,2745,2137,12,6,4446,5,3549,1657,313,6,4219,16297,57,60,2294,3,5,600,411,368,31,52,492,2955,3,92,14,482,244,2379 1,1,1,1,1,1,1,1,1,1,1,1,1,1,1,1,1,1,1,1,1,1,1,1,1,1,1,1,1,1,1,1,1
74,14,15,381,1935,1657,4259,27,29007 1,1,1,1,1,1,1,1,1
74,14,11,202,7,173,2934,260,12,6,2068,26,1365,1080 1,1,1,1,1,1,1,1,1,1,1,1,1,1
101,7,6,1850,722,8630,912,66,6,9976,444,811 1,1,1,1,1,1,1,1,1,1,1,1
74,14,1525,1298,5492,12,6,3550,2542,6,29008,1850 1,1,1,1,1,1,1,1,1,1,1,1
6,9978,14,7584,5,722,5697,19,2745,140,6986 1,1,1,1,1,1,1,1,1,1,1
74,14,11,424,4559 1,1,1,1,1
11,354,1298,3348,57,1946 1,1,1,1,1,1
74,14,15,381,70,997,792 1,1,1,1,1,1,1
74,14,2622,27,6,70,155,649 1,1,1,1,1,1,1,1
40,208,1282,2413,26,1984,5,3966,13,48,738,14,420 1,1,1,1,1,1,1,1,1,1,1,1,1
339,4,7289,5,2137,448,12,6,9978,6481,19,209,8630 1,1,1,1,1,1,1,1,1,1,1,1,1
6,1154,505,158,1850,490,3,5,7513,76 1,1,1,1,1,1,1,1,1,1
354,6277,5,5618,57,482,602,166,290,10,6,2658,7,354,1298,3348,5,448,4559 1,1,1,1,1,1,1,1,1,1,1,1,1,1,1,1,1,1,1
2138,4,2138,7,6,1518,13,5898,20,2494,35,135,13187,1638 1,1,1,1,1,1,1,1,1,1,1,1,1,1
461,4,290,10,6,1692,7,679,689,3,7823,6986,143,582,10,172,6,5733 1,1,1,1,1,1,1,1,1,1,1,1,1,1,1,1,1,1
6,2502,7,6,291,2591,57,31,2672,172,5,134,224,934,3,496,6986,550,52,582 1,1,1,1,1,1,1,1,1,1,1,1,1,1,1,1,1,1,1,1
40,20,15,4884,406,264,290,10,3827,1462,2315,5,656 1,1,1,1,1,1,1,1,1,1,1,1,1
6,28,20,2422,5,775,10,2484 1,1,1,1,1,1,1,1
11,202,17,62,621,1899,14,1946 1,1,1,1,1,1,1,1
74,14,504,260,7,6,53,3819,120,1123,2981,92,1219 1,1,1,1,1,1,1,1,1,1,1,1,1
6,3823,4699,14,883 1,1,1,1,1
74,14,16299,260,1123,2981,6,1219,7,6,3570,6222,120 1,1,1,1,1,1,1,1,1,1,1,1,1
6,153,120,368,31,52,192,19,40,264 1,1,1,1,1,1,1,1,1,1
339,4,176,406,264,290,10,4884,709,5,28,656,313,11,202,7,62,621,1899,14,1946 1,1,1,1,1,1,1,1,1,1,1,1,1,1,1,1,1,1,1,1,1
15,390,679,13,476,1462,2315,5,3098,208,52,564,134,224,934 1,1,1,1,1,1,1,1,1,1,1,1,1,1,1
178,504,260,14,55,1123,443,10,6,1219,7,6,53,3819,120 1,1,1,1,1,1,1,1,1,1,1,1,1,1,1
195,16299,260,1123,2981,6,1219,7,6,4037 1,1,1,1,1,1,1,1,1,1
241,1080,9,6940,8,4,146,401,29009,2578,4,1232,1446,7163,61,13,301,273,1030,3,291,34,3,4331,432,3,626,153,371,3,417,3323,17,621,1899 1,1,1,1,1,1,1,1,1,1,1,1,1,1,1,1,1,1,1,1,1,1,1,1,1,1,1,1,1,1,1,1,1,1,1
16300,505,557,29010,367,1449,15611,701,2853,1647 1,1,1,1,1,1,1,1,1,1
16279,4,21,472,1030,9,2262,4322,8,3,51,885,1667,677,1129,10,137,77,56,442,444,27,16280 1,1,1,1,1,1,1,1,1,1,1,1,1,1,1,1,1,1,1,1,1,1,1
671,679,111,266,2745,2137,1799,66,9974,56,442,4972,13,2507,7,2068,1850,574,66,16281,29,11,1850,1769,19,390,264,3,313,4100,464,158,1850,490,701,7513,76,16150,5,4142,96,29011,1044,241,10,172,17,2853,1647,15128,475,3,273,21,773,17,679,13,1334,717,5,29012,6986,10,1593,490,3,75,21,68,890,16282,161,4,199,5583,1086,12156,35,6729,7,2303,4021,29,110,16283,6586,9,382,22,123,36,3,171,22,123,36,8,13,1954,7,16284,66,1294,42,10,36,42,3,132,19,3180,1929,880,57,1137,42 1,1,1,1,1,1,1,1,1,1,1,1,1,1,1,1,1,1,1,1,1,1,1,1,1,1,1,1,1,1,1,1,1,1,1,1,1,1,1,1,1,1,1,1,1,1,1,1,1,1,1,1,1,1,1,1,1,1,1,1,1,1,1,1,1,1,1,1,1,1,1,1,1,1,1,1,1,1,1,1,1,1,1,1,1,1,1,1,1,1,1,1,1,1,1,1,1,1,1,1,1,1,1,1,1,1,1,1,1,1,1,1,1,1,1,1,1
3129,718,5,2843,35,572,29013,16289,1318,35,127,16285,371,4,284,1849,158,393,3563,66,95,993,3,422,5888,13,44,7,63,94 1,1,1,1,1,1,1,1,1,1,1,1,1,1,1,1,1,1,1,1,1,1,1,1,1,1,1,1,1,1
11,1462,27,1779,29,336,830,72,29,29014,11650,42,29,819,2592,755,89,5043,819,16286,34,4,5885,260,1123,2981,1219,7,4037,221,19,2138,29,482,6222,325,9711,266,1298,258 1,1,1,1,1,1,1,1,1,1,1,1,1,1,1,1,1,1,1,1,1,1,1,1,1,1,1,1,1,1,1,1,1,1,1,1,1,1,1,1
313,3,4795,478,1857,3,5,2639,1043,33,41,96,29015,161,3,1697,3,34,16287,432,4,3100,3334,3032,56,885,134,40,3136,1148,325,1900,283,12,481,7,423,3,252,9773,1180,96,3,104,19,1019,2211,29016,3947,252,3,423,17,132,29017,325,4,805,6093,19,168,3,51,866,233,1043,3,166,805,3792,12,481,7,3929,169,10,168,33,650,252,3,423,12,3157,7,1403,4918,33,1515,333,442,180,33,791,613,1342,4,3805,13,11,1899,29,1165,13,559,1578,42,3,11,8794,3,11,6383,33,610,3,16288,839,2142,8130,239,33,924,29018,324,4,1315,1024,892,33,41,4562,10,596,711,606,1964,29019,4,1833,353,35,2211,166,19,3896,29020,4,791,815,3,659,2393,138,479,17,432,29021,4,41,160,977,711,211,29,4279,29022,4,296,11027,29023,3083,8325,3,107 1,1,1,1,1,1,1,1,1,1,1,1,1,1,1,1,1,1,1,1,1,1,1,1,1,1,1,1,1,1,1,1,1,1,1,1,50,1,54,1,1,1,1,1,1,1,1,1,1,54,1,50,1,1,1,1,1,1,1,1,1,1,1,1,1,1,1,1,1,1,1,1,1,1,1,1,1,1,1,54,1,50,1,1,1,1,1,1,1,1,1,1,1,1,9,1,1,1,1,1,1,1,1,1,1,1,1,1,1,1,1,1,1,1,9,1,1,1,1,1,1,1,1,1,1,1,8,8,1,1,1,1,1,8,1,1,1,1,1,1,1,1,1,1,1,1,1,1,1,1,1,1,1,1,1,1,1,1,1,1,1,1,1,1,1,1,1,1,1,1,1,1,1,1,1
281,297,281,29024 1,1,1,1
