67,54,4,29975,5806,281,162,55,3,281,297,414,4,7686,3,3458,509,47,4,688,66,9565,436,198,599,54,7,168,4,12267,296,726,732,1240,4,9939,4,12056,358,66,10658,4501,4449,3,11607,220,30,7,5378,151,356,96,27,8565,9335,3,162,10,9565,436,198,599,139,1639,3984,405,15,112,10,23,848,12,7592 1,1,1,1,1,1,1,1,1,1,1,1,1,1,1,1,1,1,1,1,1,1,1,1,1,1,1,1,1,1,1,1,1,1,1,1,1,1,1,1,1,1,1,1,1,1,1,1,4,4,1,1,1,1,1,1,1,1,1,1,1,1,1,1,1,1,1,1,1,1,1,1,1
43,146,3,28,20,983,19,6,6346,27,23,848,82,1422,3,9271,10,6,1109,5,38,697,308,123,29976,37,20,3598,43,1766,29977 1,1,1,1,1,1,1,1,1,1,1,1,1,1,1,1,1,1,1,1,1,1,1,1,1,1,1,1,1,1,1
29978,359,27,37,85,143,442,501,5,1101,27,2016,143,4615 1,1,1,1,1,1,1,1,1,1,1,1,1,1
16,20,3419,10,1147,3,834,475,1101,10,4498,23,2065,143,98,4615,3,43,58,331 1,1,1,1,1,1,1,1,1,1,1,1,1,1,1,1,1,1,1,1
74,197,10,52,128,16506,7,3913,12,6,473,2065,9,31,1375,19,241,570,8 1,1,1,1,1,1,1,1,1,1,1,1,1,1,1,1,1,1,1
313,3,79,38,3598,3032,3,5,20,469,19,231,42,10030,2609,3,13,12032,5,9885,17,3098,13,2141,718,1045 1,1,1,1,1,1,1,1,1,1,1,1,1,1,1,1,1,1,1,1,1,1,1,1,1,1
15,738,660,1048,155,1984,543,13,1834,854,3,5,79,20,126,19,3846 1,1,1,1,1,1,1,1,1,1,1,1,1,1,1,1,1
19,953,10,6,1147,3,28,20,98,514,10,46,15,63,94,7,12268 1,1,1,1,1,1,1,1,1,1,1,1,1,29,29,29,29
16,370,686,228,7,4098,12,6,1147,35,60,35,170,475,228,12,6,3716 1,1,1,1,1,53,1,1,1,1,1,1,1,1,1,1,1,1
12,6,3716,3,28,242,31,46,88,268,3598,697,308 1,1,1,1,1,1,1,1,1,1,1,1,1
15,413,241,722,11,741,243,3,4216,1939,26,174,448 1,1,1,1,1,1,1,1,1,1,1,1,1
79,20,343,13,2166,5,247,165,3905 1,1,1,1,1,1,8,8,8
1998,3359,143,72 1,1,1,1
475,1168,275,1562,43,177,4203,3,35,60,35,153,765,819,9482,336,3316,20,269,17,16507,3,51,20,376,72 1,1,1,1,1,1,1,1,1,1,1,1,1,1,1,1,1,1,1,1,1,1,1,1,1,1
28,98,387,29979,9,349,367,8,13,1207,7,2327,851 1,1,1,1,1,1,1,1,1,1,1,1,1
600,16,38,673,136,2157,43,273,278,77,3,16,526,15,1365,8546,37,722,15,10528,91,633,3,13,345,7,2667,3,1506,9915,1620,2874,20,72 1,1,1,1,1,1,1,1,1,1,1,1,1,1,1,1,1,1,1,1,1,1,1,1,1,1,1,1,1,1,1,1,1,1
1862,47,210,3509,29980,5,539,4710,13,15,1257,7,1183,42,12269,5,210,42,577 1,1,1,1,1,1,1,1,1,1,1,1,1,1,1,1,1,1,1
3550,587,5,63,587,143,98,359,3,5,57,401 1,1,1,1,1,1,1,1,1,1,1,1
405,23,124,438,3,28,1515,2141,1133,13,965,29981,12,469 1,1,1,1,1,1,1,1,1,1,1,1,1,1
4376,19,12267,272,20,29982,29983,6167,10987,3,13,2961,7,279,5,231,42,880 1,1,1,1,1,1,1,1,1,1,1,1,1,1,1,1,1,1
23,4594,20,866,2843 1,1,1,1,1
16,557,1607,211,13,148,29984,9,3099,4242,8,16508,3,29985,3,967,42,19,5169 1,1,1,1,1,1,29,1,1,1,1,1,1,1,1,1,1,1,1
103,898,143,72 1,1,1,1
139,28,82,573,953,66,4156,3,18,1066,688,10,3308 1,1,1,1,1,1,1,1,1,1,1,1,1
38,11,146,30,7,106,26,697,935 1,1,1,1,1,76,1,1,1
573,146,28,46,598,2914,12,6,80,3,99,29986,834,28,237,1639,1169,2970,3,424,13,185,345 1,1,1,1,1,1,1,1,1,1,1,1,1,1,1,1,1,1,1,1,1,1,1
674,4,176,165,1048,151,3,801,440,1708,20,96,27,8565,9335,51,21,31,38,451,26,145,198,17,128,85 1,1,1,8,8,8,1,1,1,1,1,1,1,1,1,1,1,1,1,1,1,1,1,1,1,1
39,19,168,4,176,4098,378,247,29987,167,3099,442,1491,178,1405,29988,247,13435,167,195,165,2513,9,137,29989,8,253,3846,2576,247,1750,17,1834,8112,346,6705,378,247,32,460,2166,672,247,2322,652,247,1798,29990,405,688,127,4,790,135,1779,6919,403,4,245,13,573,12,12270,3,5,285,12,15,3432,9,885,317,8 1,1,1,1,1,53,1,1,1,1,1,1,1,1,1,1,1,1,1,1,8,8,1,1,1,1,1,1,1,1,1,1,1,1,1,1,1,1,1,1,1,1,1,1,1,36,36,1,1,1,1,1,1,1,1,1,1,1,1,1,1,1,1,1,1,1,1,1,1,1,1,1,1
16,2718,163,17,16,109,31,238,3,51,109,46,728,6252,146,43,23,573,186,16,424,13,170,1915,7,2524 1,1,1,1,14,14,14,14,14,1,1,1,1,1,1,1,1,1,1,1,1,1,1,1,1,1
573,14,31,2040,7,357,157,3,51,98,368,31,826,92,319 1,1,1,1,1,1,1,1,1,1,1,1,1,1,1
1022,4,142,573,5,661,77,4,701,4,292,1035,523,2060,148,29991,716,125,3298,13424,42,4594,658,207,4,2072,29992,34,3,1170,233,114 1,1,1,1,1,1,1,1,1,1,1,1,1,1,6,6,1,1,1,1,1,1,1,1,1,1,1,1,1,1,1,1
227,4,3464,3,1055,381,51,1115,3,412,5319,48,4,751,682,1910,4,304,310,29993,3,11,213 1,1,1,1,1,1,1,1,1,1,1,1,1,1,1,1,1,1,1,1,1,1,1
362,4,1289,3,152,3,979,3,2045 1,1,1,1,1,1,1,1,1
2783,3980,1233,794,53,473,214,3,29994 1,1,1,1,1,1,1,1,1
1714,4,44,29995 1,1,1,1
311,1554,3087,243,70,303,29,3980,29996,2783,548,19,100,1423,574 1,1,1,1,1,1,1,1,1,1,1,1,1,1,1
11,93,3806,29,13699 1,1,1,1,1
532,9,12267,8,4,3610,2639,29997,9,9252,8,3610,6663,1294,9,8133,8,4277,3610,6167,1232,9,9253,8,4277,349,11919,83,9,1312,8,524,333,11937,9,1977,8,42,560,4247,9,2119,8,1451,734,29998,9,2202,8,1785,536,15486,83,9,1589,8,1381,653,1437,9,1360,8,1227,786,5654,9,1479,8,1588,823,5495,9,1480,8,654,795,4047,9,1424,8,42,79,4359,83,9,5810,8,1060,2206,4675,9,2834,8,1060,1542,1490,83,9,1739,8,42,577,141,59,9,1786,8,42,847,539,9,1740,8,42,830,36,9,1832,8,42,864,519,9,1691,8,42,714,1209,29999,83,9,2240,8,524,714,577,30000,9,2241,8,524,714,847,30001,83,9,2577,8,524,714,830,6094,9,2242,8,524,714,864,3809,9,2278,8,524,1661,200,9,44,8,1577,200,9,44,8,2360,200,2096,200,456,9,578,149,8,2666,9,1305,8,351,663,9,578,149,8,2949,59,9,1276,8,351,835,9,578,149,8,4411,83,9,1310,8,351,769,9,578,149,8,6684,9,1450,8,351,392,9,578,149,8,1299,9,1311,8,219,347,9,578,149,8,755,83,9,1601,8,219,345,9,578,149,8,5822,83,9,1359,8,219,512,3198,9,1478,8,219,1555,2334,59,9,1659,8,219,430,4795,478,755,83,9,11641,8,351,1184,2679,83,9,1660,8,1556,486,961,2811,9,2602,8,654,1461,3202,59,9,2464,8,654,2013,2249,83,9,2385,8,654,496,1131,1701,9,2386,8,219,486,1131,1293,83,9,2995,8,219,1380,3633,9,3244,8,219,393,9712,219,365,2048,3694,1322,9,6458,8,219,1981,1982,547,9,3579,8,721,2509,1651,9,3580,8,721,2083,4682,83,9,3378,8,3590,1941,1932,9,3591,8,3592,1258,1259,1956,3025,9,2720,8,1454,1905,1956,1514,1389,9,3248,8,42,2438,3200,9,2673,8,1454,2423,547,83,9,3285,8,721,1258,1259,30002,83,9,3822,8,721,5488,9,2166,8,3328,9,11058,8,7393,2585,11252,9,1706,8,5503,11411,9,91,8,3584,1508,9,193,8,2736,72,9,193,8,3585,565,9,193,8,3586,2854,16509,9,3479,8,3587,63,1508,9,193,8,1838,3025,9,3480,8,3588,1508,9,193,8,6835,72,9,193,8,3466,72,9,193,8,1886,1018,565,9,193,8,4435,1308,9,1323,8,2003,4436,7772,9,1323,8,2003,4437,504,9,193,8,2003,3951,2567,1323,9,4233,8,5128,2147,763,1087,9,193,8,2003,2983,478,3933,1087,9,193,8,2003,4611,4243,492,177,4,924,3,1303,1562,506,4,10314,1991,3,4417,91 1,1,1,1,1,1,1,1,1,1,1,1,1,1,1,1,1,1,1,1,1,1,1,1,1,1,1,1,1,1,1,1,1,1,1,1,1,1,1,1,1,1,1,1,1,1,1,1,1,1,1,1,1,1,1,1,1,1,1,1,1,1,1,1,1,1,1,1,1,1,1,1,1,1,1,1,1,1,1,1,1,1,1,1,1,1,1,1,1,1,1,1,1,1,1,1,1,1,1,1,1,1,1,1,1,1,1,1,1,1,1,1,1,1,1,1,1,1,1,1,1,1,1,1,1,1,1,1,1,1,1,1,1,1,1,1,1,1,1,1,1,1,1,1,1,1,1,1,1,1,1,1,1,1,1,1,1,1,1,1,1,1,1,1,1,1,1,1,1,1,1,1,1,1,1,1,1,1,1,1,1,1,1,1,1,1,1,1,1,1,1,1,1,1,1,1,1,1,1,1,1,1,1,1,1,1,1,1,1,1,1,1,1,1,1,1,1,1,1,1,1,1,1,1,1,1,1,1,1,1,1,1,1,1,1,1,1,1,1,1,1,1,1,1,1,1,1,1,1,1,1,1,1,1,1,1,1,1,1,1,1,1,1,1,1,1,1,1,1,1,1,1,1,1,1,1,1,1,1,1,1,1,1,1,1,1,1,1,1,1,1,1,1,1,1,1,1,1,1,1,1,1,1,1,1,1,1,1,1,1,1,1,1,1,1,1,1,1,1,1,1,1,1,1,1,1,1,1,1,1,1,1,1,1,1,1,1,1,1,1,1,1,1,1,1,1,1,1,1,1,1,1,1,1,1,1,1,1,1,1,1,1,1,1,1,1,1,1,1,1,1,1,1,1,1,1,1,1,1,1,1,1,1,1,1,1,1,1,1,1,1,1,1,1,1,1,1,1,1,1,1,1,1,1,1,1,1,1,1,1,1,1,1,1,1,1,1,1,1,1,1,1,1,1,1,1,1,1,1,1,1,1,1,1,1,1,1,1,1,1,1,1,1,1,1,1,1,1,1,1,1,1,1,1,1,1,1,1,1,1,1,1,1,1,1,1,1,1,1,1,1,1,1,1,1,1,1,1,1,1,1,1,1,1,1,1,1,1,1,1,1,1,1,1,1,1,1,1,1,1,1,1,1,1,1,1,1,1,1,1,1,1,1,1,1,1,1,1,1,1,1,1,1,1
192,5,104,4,12056,256,165,1048,151,3,31,39,96,3,1584,3598,697,255,12,3157,7,170,106 1,1,1,1,1,1,8,8,8,1,1,1,1,1,1,1,1,1,1,1,1,76,76
176,352,33,697,255,816,3984,13,1169,1845,352,77 1,1,1,1,1,1,1,1,1,1,1,1
479,17,106,4933 1,1,1,1
79,38,2870,27,1987,124,75,242,31,508,4025 1,1,1,1,1,1,1,1,1,1,1
174,284,158,490,3,16510 1,1,1,1,1,1
273,278,3,13,420,17,4,1548,3624,1548,679,220,1254,10,172,17,789,14051,3,2138,5281,3,30003,1329,1548,2166,9,86,66,1779,8,1548,144,3316,1018,3,12271 1,1,1,1,1,1,1,1,1,1,1,1,1,1,1,1,1,1,1,1,1,1,1,1,1,1,1,1,1,1,1,1,1,1,1,1,1
573,21,1500,12,128,874,1746,75,119,41,527,10,1946 1,1,1,1,1,1,1,1,1,1,1,1,1
178,1120,33,118,349,3,266,1616,1207,110,2870 1,1,1,1,1,1,1,1,1,1,1
11,5450,1085,17,132,3,51,506,13,1991,1963,17,854 1,1,1,1,1,1,1,1,1,1,1,1,1
41,126,1433,5,2648,3260,3,5,2172,135,587,295 1,1,1,1,1,1,1,1,1,1,1,1
479,17,16510,3,35,6422,368,61,220,142,5,697 1,1,1,1,1,1,1,1,1,1,1,1
41,773,9565,436,10,1457,6422,7617,10,3550,943,66,2870,169,10,688 1,1,1,1,1,1,1,1,1,1,1,1,1,1,1,1
126,5256,3260,12,2521 1,1,1,1,1
195,1844,33,110,311,1101,2016,27,1779,3,137,184,2141,19,658,3,13,3195,756,2118 1,1,1,1,1,1,1,1,1,1,1,1,1,1,1,1,1,1,1,1
138,160,17,679,3,208,46,10,3098,5,2016 1,1,1,1,1,1,1,1,1,1,1
41,454,1901 1,1,1
86,2016,597,1010,312,410,3,17,2065,2727 1,1,1,1,1,1,1,1,1,1
41,126,30004,17,4203,2784,266,30005,1538,5,100,350,1984 1,1,1,1,1,1,1,1,1,1,1,1,1
253,30006,170,106,220,202,7,1399,1182,2591,3922,9,30007,8 1,1,76,76,1,1,1,1,1,1,1,1,1,1
41,179,148,220,30008,1685,3,13,475,7,1893,17,523,179 1,1,1,1,1,1,1,1,1,1,53,1,1,1
2112,839,279,42,377,10,30009,89,3,5,2142,1491,6,96,65 1,1,1,1,1,1,1,1,1,1,1,1,1,1,1
144,30010 1,1
86,1687,17,1399,7646 1,1,1,1,1
346,153,33,153,371,220,819,2545,3,885,472 1,1,1,1,1,1,1,1,1,1,1
1403,199,19,209,2348,138,151,220,500,513 1,1,1,1,1,1,1,1,1,1
41,144,336,4243,3,1697,10,172 1,1,1,1,1,1,1,1
1164,43,271,14,30011,2567,51,11,349,26,734,2567 1,1,1,1,1,1,1,1,1,1,1,1
861,2085,401,3,98,13,1193,10,172,17,4058 1,1,1,1,1,1,1,1,1,1,1
98,144,336,30012,5,5689,6270,17,11059,3,1998,6270,3,5,5689,961,17,14254,771,12,2428,7,142,5,1235 1,1,1,1,1,1,1,1,1,1,1,1,1,1,1,1,1,1,1,1,1,1,1,1,1
460,2572,33,1236,345,179,29,4430,1685,17,151 1,1,1,1,1,1,1,8,8,1,1
21,2548,51,11,3359,27,1779,29,242,31,953,12,6283 1,1,1,1,1,1,1,1,1,1,1,1,1
41,160,1752,165,139,1685,3565,1603,12,1398 1,1,1,8,1,1,1,1,1,1
652,902,33,9473,833,1155,33,815,3,676,3577,3,9540,3,5202,5906,6304,16511,47,30013 1,1,1,1,1,1,1,1,1,1,1,1,1,1,1,1,1,1,1,1
