67,54,4,31897,3499,2362,153,761,162,55,510,331,4,64,31898,7365,1201,4588,4,64,31899,5916,404,17,168,4,245,6253,153,761,3697,161,4,3977,72,3,6301,72,31900,4,4013,175,16962,5,16963,31901,5117,3,72,31902,8628,4,12431,3,4300,3,16964,3,1202,2020,282,4,4317,498,13,30,7,31903,1086,151,3,142,526,31904,245,6253,9,31905,8,153,761,19,10107 1,1,1,1,1,1,1,1,1,1,1,1,1,1,1,1,1,1,1,1,1,1,1,1,1,1,1,1,1,1,1,1,1,1,1,1,1,1,1,1,1,1,1,1,1,1,1,1,1,1,1,1,1,1,1,1,1,1,1,1,1,1,1,1,1,1,1,1,1,4,1,7,1,1,1,1,1,1,1,1,1,1,1
6,28,90,88,6837,116,397,761 1,1,1,1,1,1,1,1
1605,438,698,43,416,5888,7,6,6202,1442,16965 1,1,1,1,1,1,1,1,1,1,1
160,5622,17,2142,7,8026,139,493,435,16965,33,2270,1070,7,6,6202,33,232,336,2284,159 1,1,1,1,1,1,1,1,1,1,1,1,1,1,1,1,1,1,1,1,1
2014,3,11,234 1,1,1,1
31906,426,31907,31908,426,336,2284 1,1,1,1,1,1,1
80,39,30,4,1205,1086,151,5,142,123,16966,232,336,2284,169,10,761 1,1,1,1,1,1,4,1,7,1,1,1,1,1,1,1,1
11,6837,116 1,1,1
11,1082,3,212,3,330,604 1,1,1,1,1,1,1
31909,902,4,469,2664,1415,3,31,160,35,1702,16967,1271,4,208,2459,16968,4,2155,2692,269,12432,1029,7184,16969,33,2984,4265,12,4350,3,31910,5262,1563,937,1648,2868,3769,187,1726,860,918,3,2459,3769,3547,860,918,3,2476,137,761,4,54,10107,3,3977,317,31911,682,9,1122,35,6301,8,3,31912,3,251,356,761,4,200,4887,30,4,1698,33,200,80,820,7779,4,53,2363,1415,9,636,157,8,80,591,30,4,1415,127,4,790,39,4,1999,36,2077,6227,36,2077,11239,2062,32,815,3140,2256,69,613,647,16970,206,30,4,919,7380,12433,29,285,12,7542,31913 1,1,1,1,1,1,1,1,1,1,1,1,1,1,1,1,1,1,1,1,1,1,1,1,1,1,1,1,1,1,1,1,1,1,1,1,1,1,1,1,1,1,1,1,1,1,1,1,1,1,1,1,1,1,1,1,1,1,1,1,1,1,1,1,1,1,1,1,1,1,1,1,1,1,1,1,1,1,1,1,1,1,1,1,1,1,1,1,1,1,1,1,1,1,1,1,1,1,1,1,1,1,1,1,1,1,1,1,1,1,1,1,1,9,1,1,1,1,1,1,1,1,1,1,1,1,1
197,5392,306,258,440 1,1,1,1,1
245,13,551,121,14,60,51,109,31,1418 1,1,1,1,1,1,1,1,1,1
58,491,5,58,723 1,1,1,1,1
1732,4,334,1294,87,183,485,4,200,150,30,4,4018,3,583,290,10,63,935,3 5,5,5,5,5,5,1,1,1,1,1,1,1,1,1,1,1,1,1,1
5425,583,12,3628,440 1,1,1,1,1
21,117,2603,3,233,2310,97,39,147 1,1,1,1,1,1,1,1,1
11,150,30,7,861,76,3,142,3,151,3,130,76,3,690,3,26,1759 1,1,1,1,1,1,1,7,1,4,1,1,1,1,1,1,1,1
81,7,182,4,1754,4,1097,2460,5,1059 1,1,1,1,1,1,1,1,1,1
140,314,7,16971,225,6,80,87 1,1,1,1,1,1,1,1
350,4,11,31914,3,11,854,3,72,2676,154 1,1,1,1,1,1,1,1,1,1,1
612,4,11,431,3,458,3,6329,130,76 1,1,1,1,1,1,1,1,1,1
11,109,3,760,3,26,380,48,34 1,1,1,1,1,1,1,1,1
11,30,7,185,393 1,1,1,1,1
1583,4,11,3158,3,1012,76,3,5053,76,3,11661,3,2052,3,446,26,648 1,1,1,1,1,1,1,1,1,1,1,1,1,1,1,1,1,1
1309,4,11,1091,82,3,1610,336,5183,3,11,1837,26,8216,3,11,861,411 1,1,1,1,1,1,1,1,1,1,1,1,1,1,1,1,1,1
1596,4,71,196,4,11,277,26,2927,1368,1185,4,11,30,7,494,3,9048,763,31915,3710,4,11,1013,26,1354,354,4,11,30,7,10910,3,1745,26,2915,813,2694,4,11,30,7,373,3,196,373,3,31916,3,31917,273,4,11,555,3,30,7,697,3,26,419,1808,4,11,30,7,363,3,958,26,174,1808,935,102,77,140,4,31918,1207,4,4787,148,4,31919,523,4,31920,814,4,787,498,12,480 1,1,1,1,1,1,1,1,1,1,1,1,1,1,1,1,1,1,1,1,1,1,1,1,1,1,1,1,1,1,1,1,1,1,1,1,1,1,1,1,1,1,1,1,1,1,1,1,1,1,1,1,1,1,1,1,1,1,1,1,1,1,1,1,1,1,1,1,1,1,1,1,1,1,1,1,1,1,1,1,1,6,6,6,1,1,1,1,1,1,1,1,1
227,4,1124,5778,3,1117,78,364,91,5,1110,136,4,332,3,11,309,3,11,879,3,4595,31921,632,155,4,751,1069,720,4,145,3,1270,3,11,12434,362,4,152,3,2938,3,11,969,3,11,291,222,761,861,4,31922,33,396,531,4,11,93,12,634,1069,3,217,133,443,196,4,617,3,2498,3,11,277,188,4,11,5781,149,4,295,4343,705,1840,3,592,2906,3,869,2616,3,769,581,9,294,8,3,392,1217,9,294,8,3,888,2906,9,294,8,3,1680,1214,3,870,5661,9,294,8,4344,705,2451,3,592,1944,3,869,3703,9,294,8,3,769,125,9,294,8,3,392,335,9,294,8,3,888,2807,9,294,8,3,1680,625,3,870,4242,4344,870,1000,7007,705,2451,3,592,3337,9,294,8,3,869,3010,9,294,8,3,769,1469,3,392,547,9,294,8,3,888,3669,9,294,8,3,1680,996,3,870,2060,4343,1568,856,4344,1568,141,7007,1568,929,4343,399,3708,9,294,8,3,1179,2750,3,3388,4666,4344,399,3715,9,294,8,3,1179,1880,3,3388,5009,4344,4216,9128,7007,399,3390,9,294,8,3,1077,1293,3,1506,3715,3,1388,1888,3,1938,2949,4343,12402,2021,4344,12402,31923,3,11,1891,370,4344,8870,1288,9,294,8,3,8871,2846,3,1283,11361,9,294,8,3,7102,31924,3,718,880,16972,9,294,8,3,16929,3421,9,294,8,3,11788,2750,3,10399,1695,4344,560,2023,2714,9,294,8,3,10400,1413,9,294,8,7007,1565,1299,9,47,8,3,1527,279,3,1566,4385,9,294,8,3,1077,1293,4343,897,31925,9,294,8,3,1336,2807,9,294,8,3,2340,601,5596,9,602,306,3392,471,8,4343,3388,4666,4343,897,31926,9,294,8,3,1336,2037,3,2340,601,5596,9,602,306,3392,471,8,4344,897,31927,9,294,8,3,1336,2871,3,3388,5009,3,2340,601,5596,9,602,306,3392,471,8,4343,2984,9431,9,294,8,4343,1284,401,4344,1284,4209,9,294,8,4343,349,31928,3,734,10098,9,294,8,3,560,3529,9,294,8,3,333,5316,9,294,8,3,653,31929,3,786,6298,9,47,8,3,823,9002,3,536,3421,9,294,8,4344,349,31930,3,734,8832,9,294,8,3,560,3104,9,294,8,3,333,7632,9,294,8,3,653,31931,3,786,6171,3,823,5645,3,536,7127,9,294,8,8688,349,11257,9,294,8,3,734,16973,9,294,8,3,560,5101,9,294,8,3,333,8210,9,294,8,3,653,16974,3,786,6171,3,823,4680,3,536,4935,7007,349,13625,9,294,8,3,734,11132,9,294,8,3,560,3344,9,294,8,3,333,5178,9,294,8,3,653,16974,9,47,8,3,786,5144,3,823,4605,3,536,1618,9,294,8,4343,795,4651,4344,795,3701,8688,795,4054,7007,795,3879,4343,42,7856,1914,9,294,47,8,3,42,7103,117,3,42,6057,58,9,294,8,4344,42,4878,31932,9,294,47,8,3,42,4879,3838,9,294,47,8,3,42,5113,2679,9,294,47,8,3,42,5114,1293,3,42,5115,1701,8688,42,4878,31933,3,42,4879,7351,3,42,5113,3427,3,42,5114,3198,9,294,8,3,42,5115,829,4343,42,2323,519,3,42,7857,36,9,294,8,3,42,7858,519,3,42,7859,519,4344,5116,7969,3,5757,31934,9,294,8,3,5758,6093,3,5759,3809,3,5760,2149,8688,5116,31935,9,294,8,3,5757,1857,3,5758,12397,3,5759,7957,3,5760,3058,4343,1661,433,3,15069,433,3,4097,433,3,31936,433,3,8872,1104,2878,4344,1577,329,3,16975,329,8688,79,4044,9,294,8,3,1074,1715,9,294,8,3,1067,4680,7007,79,4044,9,294,8,3,1074,1715,9,294,8,3,1067,4605,4343,6990,401,192,5,104,4,176,110,12435,4,12431,329,3140,329,8082,329,4106,2020,33,139,1990,65,1202,770,389,33,450,5858,5,2015,33,539,33,31937,938,3,96,4595,5383,33,2142,31938,3,41,1358,1440,33,153,353,33,5877,31939,32,33,1054,264,33,34,355,178,151,58,4,16976,144,1392,5,1230,33,857,151,594,5288,195,142,4,35,270,253,1335,4,153,353,3,1461,1888,346,153,761,6301,4494,33,5215,5,207,3042,8433,31940,3,229,153,1191,6418,31941 1,1,1,1,1,1,1,1,1,1,1,1,1,1,1,1,1,1,1,1,1,1,1,1,1,1,1,1,1,1,1,1,1,1,1,1,1,1,1,1,1,1,1,1,1,1,1,1,1,1,1,1,1,1,1,1,1,1,1,1,1,1,1,1,1,1,1,1,1,1,1,1,1,1,1,1,1,1,1,1,1,1,1,1,1,1,1,1,1,1,1,1,1,1,1,1,1,1,1,1,1,1,1,1,1,1,1,1,1,1,1,1,1,1,1,1,1,1,1,1,1,1,1,1,1,1,1,1,1,1,1,1,1,1,1,1,1,1,1,1,1,1,1,1,1,1,1,1,1,1,1,1,1,1,1,1,1,1,1,1,1,1,1,1,1,1,1,1,1,1,1,1,1,1,1,1,1,1,1,1,1,1,1,1,1,1,1,1,1,1,1,1,1,1,1,1,1,1,1,1,1,1,1,1,1,1,1,1,1,1,1,1,1,1,1,1,1,1,1,1,1,1,1,1,1,1,1,1,1,1,1,1,1,1,1,1,1,1,1,1,1,1,1,1,1,1,1,1,1,1,1,1,1,1,1,1,1,1,1,1,1,1,1,1,1,1,1,1,1,1,1,1,1,1,1,1,1,1,1,1,1,1,1,1,1,1,1,1,1,1,1,1,1,1,1,1,1,1,1,1,1,1,1,1,1,1,1,1,1,1,1,1,1,1,1,1,1,1,1,1,1,1,1,1,1,1,1,1,1,1,1,1,1,1,1,1,1,1,1,1,1,1,1,1,1,1,1,1,1,1,1,1,1,1,1,1,1,1,1,1,1,1,1,1,1,1,1,1,1,1,1,1,1,1,1,1,1,1,1,1,1,1,1,1,1,1,1,1,1,1,1,1,1,1,1,1,1,1,1,1,1,1,1,1,1,1,1,1,1,1,1,1,1,1,1,1,1,1,1,1,1,1,1,1,1,1,1,1,1,1,1,1,1,1,1,1,1,1,1,1,1,1,1,1,1,1,1,1,1,1,1,1,1,1,1,1,1,1,1,1,1,1,1,1,1,1,1,1,1,1,1,1,1,1,1,1,1,1,1,1,1,1,1,1,1,1,1,1,1,1,1,1,1,1,1,1,1,1,1,1,1,1,1,1,1,1,1,1,1,1,1,1,1,1,1,1,1,1,1,1,1,1,1,1,1,1,1,1,1,1,1,1,1,1,1,1,1,1,1,1,1,1,1,1,1,1,1,1,1,1,1,1,1,1,1,1,1,1,1,1,1,1,1,1,1,1,1,1,1,1,1,1,1,1,1,1,1,1,1,1,1,1,1,1,1,1,1,1,1,1,1,1,1,1,1,1,1,1,1,1,1,1,1,1,1,1,1,1,1,1,1,1,1,1,1,1,1,1,1,1,1,1,1,1,1,1,1,1,1,1,1,1,1,1,1,1,1,1,1,1,1,1,1,1,1,1,1,1,1,1,1,1,1,1,1,1,1,1,1,1,1,1,1,1,1,1,1,1,1,1,1,1,1,1,1,1,1,1,1,1,1,1,1,1,1,1,1,1,1,1,1,1,1,1,1,1,1,1,1,1,1,1,1,1,1,1,1,1,1,1,1,1,1,1,1,1,1,1,1,1,1,1,1,1,1,1,1,1,1,1,1,1,1,1,1,1,1,1,1,1,1,1,1,1,1,1,1,1,1,1,1,1,1,1,1,1,1,1,1,1,1,1,1,1,1,1,1,1,1,1,1,1,1,1,1,1,1,1,1,1,1,1,1,1,1,1,1,1,1,1,1,1,1,1,1,1,1,1,1,1,1,1,1,1,1,1,1,1,1,1,1,4,1,1,1,1,1,1,1,1,1,4,1,1,1,7,1,1,1,1,1,1,1,1,1,1,1,1,1,1,1,1,1,1,1,1,1,1,1,1,1,1,1,1,1
