67,54,4,31942,153,761,162,55,31943,646,7,1205,4,1395,3,142,54,7,40,861,761,4,31944,29,31945,66,31946,29,4013,16962,5,16963,29,12431,8628,426,4,185,347,282,4,293,6693,14,15,1279,1446,832,256,1205,1086,151,110,12435,10107,2234,2308,466,400 1,1,1,1,1,1,1,1,1,1,1,1,1,4,1,7,1,1,1,1,1,1,1,1,1,1,1,1,1,1,1,1,1,1,1,1,1,1,1,1,1,1,1,1,1,1,1,1,1,1,1,4,1,1,1,1,1,1,1
79 1
38,15,153,2772,19,31947,1287,6860,3,11,199,3050 1,1,1,1,1,1,1,1,1,1,1,1
313,3,347,21,1831,10,667,998,58,82,1151,516,17,1091,5,1959 1,1,1,1,1,1,1,1,1,1,1,1,1,1,1,1
74,21,68,128,664,7,39,2458,356,3,35,16,1041,1242,23,254 1,1,1,1,1,1,1,1,1,1,1,1,1,1,1,1
23,8082,444,21,68,194,35,15,284,1085,17,23,6202,1029 1,1,1,1,1,1,1,1,1,1,1,1,1,1
293,6693,14,52,162,17,153,761,862,10,1593,199,3050 1,1,1,1,1,1,1,1,1,1,1,1,1
137,4441,4,4897,8689,69,3,16964,4483,22,305,174,254,4,6227,31948,2077,3,1999,2510,36,2077,3,1812,1147,3296,32,3,2261,799,305,3,16708,846,69,3,5877,12319,32,3,815,549,32,3,1829,16851,32,3,165,596,11942,69,5,1884,31949,3020,911,3,950,32 1,1,1,1,1,1,1,1,1,1,1,1,1,1,1,1,1,1,1,1,1,1,1,59,59,1,1,1,1,1,1,1,1,1,1,1,1,1,1,1,1,1,1,1,1,1,1,1,8,8,1,1,1,8,1,1,1,1,1,1
1694,4,1205,1086,151,5,142,123,16966,232,336,2284,169,10,761 1,1,1,1,4,1,7,1,1,1,1,1,1,1,1
11,1082,3,212,3,330,604 1,1,1,1,1,1,1
16967,1271,4,208,2459,16968,4,2155,2692,269,12432,1029,7184,16969,33,2984,9431,12,3745,3,2697,5262,1563,937,1648,2868,3769,187,1726,860,918,3,2459,3769,3547,860,918,3,2476,31950,193,12436,77,4,31951,3457,3,3566,3,832,3,480,16977,1929,3,665,3,4329,3,11,309,3,31952,3500,455,3,5003,1270,31953,1069,3,11,407,3,11,1116,7983,5734,3,2651,5739,11,248,93,6133,15,78,1117,123,117,89,82,149,4,434,705,592,869,769,6426,2909,9,294,8,2807,9,294,8,1035,1413,3502,2019,9,294,8,3156,853,1695,434,392,888,1680,870,6426,2253,9,294,8,2282,9,294,8,2018,257,36,259,3583,9,294,47,8,3502,2632,9,294,8,2394,9,294,8,1413,257,58,259,10081,9,294,8,434,1568,6426,210,3502,320,434,399,1179,1077,1506,6426,3344,3502,2714,2394,2042,2777,434,1388,1938,3388,3502,1880,2949,4927,434,1565,1527,1566,1077,3502,625,900,5870,9,294,8,2042,434,3388,3502,4927,434,349,734,560,333,6426,31954,31955,9,294,8,4637,9,294,8,4414,9,294,8,3502,31956,8626,9,294,8,6028,9,294,8,7351,9,294,8,434,653,786,823,536,6426,16852,9435,6387,8192,3502,31957,7755,6823,9,294,8,14401,434,795,6426,4359,3502,3879,434,42,4878,42,4879,42,5113,42,5114,3502,31958,12437,9,294,8,2811,2905,434,42,5115,3502,829,434,5116,5757,5758,5759,3502,31959,31960,5699,5596,434,5760,3502,3058,434,79,1074,1067,6426,4419,1293,6037,434,2585,2452,2736,2635,3502,1706,257,117,259,193,193,193,434,2920,2372,1838,2858,3502,4091,193,1944,193,434,3185,2453,1886,5714,3502,193,193,2074,9,294,8,193,434,10403,3786,3354,3186,3502,193,519,36,108,9,294,8,434,3355,3676,8873,3502,193,2074,193,434,10404,3502,193,434,6990,3502,4086,9,872,8,257,210,259,873,4,293,6693,14,15,1279,1446,832,256,1205,1086,151,110,12435,10107,2234,2308,466,400 1,1,1,1,1,1,1,1,1,1,1,1,1,1,1,1,1,1,1,1,1,1,1,1,1,1,1,1,1,1,1,1,1,1,1,1,1,1,1,1,1,1,1,1,1,1,1,1,1,1,1,1,1,1,1,1,1,1,1,1,1,1,1,1,1,1,1,1,1,1,1,1,1,1,1,1,1,1,1,1,1,1,1,1,1,1,1,1,1,1,1,1,1,1,1,1,1,1,1,1,1,1,1,1,1,1,1,1,1,1,1,1,1,1,1,1,1,1,1,1,1,1,1,1,1,1,1,1,1,1,1,1,1,1,1,1,1,1,1,1,1,1,1,1,1,1,1,1,1,1,1,1,1,1,1,1,1,1,1,1,1,1,1,1,1,1,1,1,1,1,1,1,1,1,1,1,1,1,1,1,1,1,1,1,1,1,1,1,1,1,1,1,1,1,1,1,1,1,1,1,1,1,1,1,1,1,1,1,1,1,1,1,1,1,1,1,1,1,1,1,1,1,1,1,1,1,1,1,1,1,1,1,1,1,1,1,1,1,1,1,1,1,1,1,1,1,1,1,1,1,1,1,1,1,1,1,1,1,1,1,1,1,1,1,1,1,1,1,1,1,1,1,1,1,1,1,1,1,1,1,1,1,1,1,1,1,1,1,1,1,1,1,1,1,1,1,1,1,1,1,1,1,1,1,1,1,1,1,1,1,1,1,1,1,1,1,1,1,1,1,1,1,1,1,1,1,1,1,1,1,1,1,1,1,1,1,1,1,1,1,1,1,1,1,1,1,1,1,1,1,1,1,1,1,1,1,1,1,1,1,1,1,1,1,1,1,1,1,1,1,1,1,1,1,1,1,1,1,1,1,1,1,1,1,1,4,1,1,1,1,1,1,1
16,41,52,162,10,6,281,297,845,262,3871,10108,3,107 1,1,1,1,1,1,1,1,1,1,1,1,1,1
17,153,761,862 1,1,1,1
176,153,33,416,2219,466,400,3,31961,290,10,15,2411,7,1283,1900,118,2047,10,8082,1900,199,3050 1,1,1,1,1,1,1,1,1,1,1,1,1,1,1,1,1,1,1,1,1,1,1
104,17,153,761,2772,40,2441,134,284,3,134,31,284,41,191,671,3013,12,6,272 1,1,1,1,1,1,1,1,1,1,1,1,1,1,1,1,1,1,1,1
178,31962,791 1,1,1
137,389,17,132,3,401,153,2772,195,13535,60,179,3,313,237,982,1812,5,2261,138,153,765 1,1,1,1,1,1,1,1,1,1,1,1,1,1,1,1,59,1,1,1,1,1
237,126,4098,2022,305 40,40,40,1,1
253,12082,11,479,3,1836,72,346,31963,333,211,3,905,1293,3,41,1347,650,317,5,659,17,862 1,1,1,1,1,1,1,1,1,1,1,1,1,1,1,1,1,1,1,1,1,1,1
460,10793,836,10795,3,4087,3,3388,3,5299,3,1461,3,4897,444,605 1,1,1,1,1,1,1,1,1,1,1,1,1,1,1,1
9758,31964,2896,11790,3,4688,1534,47,31965,28,221,5,101,13,153,1444,50,740,13,6,81,7,28,147,3,30,3,39,3,102,101,3,192,5,104,35,402,12,6,1444,55,270 1,1,1,1,1,1,1,1,1,1,1,1,1,1,1,1,1,1,1,1,1,1,1,1,1,1,1,1,1,1,1,1,1,1,1,1,1,1,1,1,1,1
903,224,112,1567,13,28 1,1,1,1,1,1
1401,20,235,13,28,3,153,761,757,3,5,9042 1,1,1,1,1,1,1,1,1,1,1,1
3871,2896,10108,3,107 1,1,1,1,1
