67,54,4,31975,281,297,424,12438,1993,124,404,17,112,439,365,63,366,793,147,71,324,79,425,13,11,234,708,366,464,365 1,1,1,1,1,1,1,1,1,1,1,1,1,1,1,1,1,1,1,4,4,1,1,1,1,1,1,1,1,1
18,20,221,58,65,183,3,17,367,1091,5,5521,20,193 1,1,1,1,1,1,1,1,1,1,1,1,1,1
18,21,68,49,1999 1,1,1,1,1
18,14,115,27,421,336,5201,3,90,249,3,361,923,3,263,3,277,3,618,34 1,1,1,1,1,1,1,1,1,1,1,1,1,1,1,1,1,1,1,1
18,14,49,24,254 1,1,1,1,1
491,12,13,24 1,1,1,1
308,39,1999,4049,31976,25,69,123,539,65,2533,462,22,25,105,2326,1547,901,25,69,770,2124,39,892,175,1008,5006,3820,932,378,25,105,1286,515,25,69,49,10302,397,15,911,218,171,22,25,105,4361,515,25,608,49,13,1199,610,799,3,117,298,25,69,729,515,25,105,8032,58,22,397,1231,911,752,487,945,189,25,105,102,77,63,94,31977,133,1578,140,4935,89,3,4265,624,668,63,345,1921,31978,27,4482,139,1429,668,718,1045,231,42,207,197,60,387,3,60,2056,3,11,199,342 1,1,1,1,1,1,1,1,1,1,11,1,1,1,1,1,1,1,1,1,1,1,1,1,1,1,1,1,1,1,1,1,21,1,1,1,1,1,1,1,1,13,1,1,1,1,12,1,1,1,1,1,1,9,1,1,1,1,1,1,20,1,1,1,1,1,1,1,1,1,1,1,1,1,1,1,1,1,6,6,6,1,1,1,1,1,1,1,1,1,1,1,1,1,1,1,1,1,1,1,1,1,1,1,1,1,1,1,1,1,1,1,1,1
196,617,5,683 1,1,1,1
11,277,227,367,2432,10,412,638,11,875,908,48,155,57,91,720,569,214,396,97,240,3327,3532,11,690,246,192,5,104,15,185,366,367,411,367,1085,364,235,13,64,31979,10,1147,17,492,285,115 1,1,1,1,1,1,1,1,1,1,1,1,1,1,1,1,1,1,1,1,1,1,1,1,1,1,1,1,1,1,1,1,1,1,1,1,1,1,1,1,1,1,1,1,1,1,1
1147,31980,5,79,31981,10,1147,78,840,29,4877,9967,3,1203,205,867,43,4877,9967,3,1203,607,161,4,603 1,1,1,1,1,1,1,1,1,1,1,1,1,1,1,1,1,1,1,1,1,1,1,1,1
