67,54,4,31966,281,297,424,12438,1993,124,793,147,71,324,63,366,46,68,232,27,163 1,1,1,1,1,1,1,1,1,1,1,1,4,4,1,1,1,1,1,1,1
733,398,82,46,68,232 1,1,1,1,1,1
119,57,827,37,465 1,1,1,1,1
106,63,94,14,3461,89,3,16978 7,1,1,1,1,1,1,1
119,41,160,10,96,40,976 1,1,1,1,1,1,1
24,663,21,68,115,15,1103,1928 1,1,1,1,1,1,1,1
119,41,160,10,84,963,24,39,10,122,134,6,729,37,119,1627,24,19,118,24,663 1,1,1,1,1,1,1,1,1,1,1,1,20,1,1,1,1,1,1,1,1
436,936,18,86,10,1574,3450,5,1402 1,1,1,1,1,1,1,1,1
6,28,82,2177,27,6,53,248,21,68,1004,5,14,60,1064,27,40,85 1,1,1,1,1,1,1,1,1,1,1,1,1,1,1,1,1,1
102,101,63,94,16978,140,5713,624,136,687,77,14,569,638,11,908,48,155,57,91,13,11,407,3,1065,3,26,1116,720,11,213,3,502,3,26,561 1,1,1,1,1,1,1,1,1,1,1,1,1,1,1,1,1,1,1,1,1,1,1,1,1,1,1,1,1,1,1,1,1,1,1,1
216,13,44,1700,97,222,114,91,566,369,14,10,122,271,525,12,6,1826 1,1,1,1,1,1,1,1,1,1,1,1,1,1,1,1,1,1
71,198,14,4428 1,1,1,1
18,21,24,412,144,5,764,96,976 1,1,1,1,1,1,1,1,1
119,41,525,235,13,24,88,268,903,223,6,71,13,1335 1,1,1,1,1,1,1,1,1,1,1,1,1,1
55,2687,43,1987,594,3197,1861,208,52,61 1,1,1,1,1,1,1,1,1,1
205,867,43,7714,5214,19,4788,615,3,1985 1,1,1,1,1,1,1,1,1,1
