67,54,4,32215,350,278,55,414,4,8698,4740,509,47,4,12453,54,7,162,4,17040,54,7,278,4,32216,404,17,278,4,2888,30,7,61,328,4,5544,4740,14,15,244,787,1428,379,522,674,173,17,15,505,7,2888,66,15,635,862,19,24,53,412,188,12,1519 1,1,1,1,1,1,1,1,1,1,1,1,1,1,1,1,1,1,1,1,1,1,1,1,1,1,1,1,1,1,1,1,1,1,1,1,1,1,1,1,1,1,1,1,1,1,1,1,1,1,1,1,1,1,1,1,1,1,1,1,1,1
18,866,526,15,9228,12,1604,7,40,87,17,6445,1189,75,6,1704,20,98,543,13,2888 1,1,1,1,1,1,1,1,1,1,1,1,1,1,1,1,1,1,1,1,1
18,61,17,172,7,291,34,37,21,68,61,17,129,51,1749,14286,2779,15,112,10,6,318,702 1,1,1,1,1,1,1,1,1,1,1,1,1,1,1,1,1,1,1,1,1,1,1
1243,4740,146,37,225,6,80,493,129,18,21,68,1204,140,314,3,871,6739,3,421,970,5,590 1,1,1,1,1,1,1,1,1,1,1,1,1,1,1,1,1,1,1,1,1,1,1
16,291,34,14,768,35,15,1925,10,4789,34,37,126,12,24,70,518,3,626,10,24,2120,5,4028,57,5,286,24,53,518 1,1,1,1,1,1,1,1,1,1,1,1,1,1,1,1,1,1,1,1,1,1,1,1,1,1,1,1,1,1
137,92,14,717,424,13,300,5,375 1,1,1,1,1,1,1,1,1
18,90,326,147,21,38,128,535,13,336,5,128,1206,159,168,51,40,14,207,31,15,147 1,1,1,1,1,1,1,1,1,1,1,1,1,1,1,1,1,1,1,1,1,1
579,14,98,32217,17,1636,75,57,209,5,1046,394,7,75,57,2475,10,768 1,1,1,1,1,1,1,1,1,1,1,1,1,1,1,1,1,1
579,4,12,402,376,569 1,1,1,1,1,1
80,39,30,4,142,3,287,9,256,44,429,154,12,80,8,3,418,3,812,3,687,635,3,10124,4395,3,100,2691,1913,3,71,324,317,645,3,2888,80,591,30,4,110,3602,3455,1300,2563,3,110,53,1114,862,17029,39,9,137,8,4,3978,501,22,662,625,523,3172,171,22,521,65,218,171,22,25,65,736,171,22,276,1919,335,22,25,65,1118,171,22,25,65,32218,4053,7173,1547,399,1072,950,127,4,1765,646,361,1098,150,30,4,848,123,58,32219,3,848,17041,317,645,3,5252,17041,317,645,3,1020,32220,399,3,1020,32221,3939,3,573,914,690 1,1,1,1,7,1,15,1,1,1,1,1,1,1,1,1,1,1,1,1,1,1,1,1,1,1,1,1,1,1,4,4,4,4,4,1,1,1,1,1,1,1,1,1,1,1,1,1,1,1,1,1,1,1,1,1,1,1,1,1,1,1,1,1,1,1,1,13,1,1,1,1,12,1,1,1,20,1,1,1,1,1,1,1,1,1,8,8,1,1,1,1,1,1,1,1,1,1,1,1,1,1,1,1,1,1,1,1,1,1,1,1,1,1,1,1,1,1,1,1,1,1,1,1,1,1,1,1
11,403,7,4973,26,2676,12,6,150 1,1,1,1,1,1,1,1,1
206,30,4,6,28,14,15,6987,3415,13,15,125,87,1543,10,32222,238 1,1,1,1,1,1,1,14,14,1,1,1,1,1,1,1,1
6,28,21,11,374,3322,1543 1,1,1,1,1,1,1
6,28,14,2306,13,939,727,5,14,919,66,24,1221,2746,27,266,82 1,1,1,1,1,1,1,1,1,1,1,1,1,1,1,1,1
18,20,3682,12,4156,1170,10,32223,12,6,215,82,5,6,344,469,18,21,112,20,32224 1,1,1,1,1,1,1,1,1,1,1,1,1,1,1,1,1,1,1,1,1
11,2676,1543,26,341,709 1,1,1,1,1,1
258,18,38,68,154,17,2676,12,6,80,87,183 1,1,1,1,1,1,1,1,1,1,1,1
11,32225,1543 1,1,1
102,101,4,316,205,4,4835,364,1942,148,5440,716,581,880,1035,42,658,207,197,4,480,227,4,863,3,665,3,678,1412,928,204,196,4,617,5,683,136,4,332,155,4,751,100,130,4,455,1270,11,1099,214,4,1289,3,152,3,717,246,11,9826,1058,4,1043,114,4,11,1379,352,4,9803,123,117,11,2976,670,26,1009,1030 1,1,1,1,1,1,1,1,1,1,1,1,1,1,1,1,1,1,1,1,1,1,1,1,1,1,1,1,1,1,1,1,1,1,1,1,1,1,1,1,1,1,1,1,1,1,1,1,1,1,1,1,1,1,1,1,1,1,1,1,1,1,1,1,1,1,1,1,1,1,1,1,1,1,1,1,1
1356,154,4,349,2105,3558,996,333,2148,536,13874,364,2277,59,2018,832,3104,705,2152,592,1967,869,2421,769,1651,392,996,819,17008,870,8838,399,2902,22,1715,2007,125,3090,10381,1176,401,336,1898,16034,72,66,7313,2391,6709,16645,117,6743,3088,32226,4676,2545,1322,42,4284,32227,1490,42,1538,1232,1165,32228,53,1529,14,381,1988,32229 1,1,1,1,1,1,1,1,1,1,1,1,1,1,1,1,1,1,1,1,1,1,1,1,1,1,1,1,1,1,1,1,1,1,1,1,1,1,1,1,1,1,1,1,1,1,1,1,1,1,1,1,1,1,1,1,1,1,1,1,1,1,1,1,1,1,1,1,1,1,1,1
74,32230,2383,53,692,1394 1,1,1,1,1,1
1057,53,32231,14,44 1,1,1,1,1
6,1505,891,1138,14,335,42 1,1,1,1,1,1,1
74,57,32232,766,759,448 1,1,1,1,1,1
376,569 1,1
241,214,32233,17040,339,4,176,32234,1390,858,153,32235,3,5864,3,5,931 1,1,1,1,1,1,1,1,1,1,1,1,1,1,1,1,1
461,543,13,411,1992,602,166,2956 1,1,1,1,1,1,1,1
178,931,6799 1,1,1
195,291,908,3,118,159,169,264,3,208,52,543,13,626,7,374,4973,3,1992,1759 1,1,1,1,1,1,1,1,1,1,1,1,1,1,1,1,1,1,1,1
253,2691,635,3,886 1,1,1,1,1
241,48,32236,339,4,176,3128,3,100,4433,3,2109,3,4622,3,5,8557,1189,166,1282,2000,2144,306,2888,138,6,28,440,5,291,858 1,1,1,1,1,1,1,1,1,1,1,1,1,1,1,1,1,1,1,1,1,1,1,1,1,1,1,1,1,1,1
178,100,2691,635 1,1,1,1
6035,4,32237,1704,505,4,852,1891,4750,484,17042,577,638,3,862,408,9,158,32238,8,4,577,638,13,17043,17044,9,122,55,8,32239 1,1,1,1,1,1,1,1,1,1,1,1,1,1,1,1,1,1,1,1,1,1,1,1,1,1,1,1,1,1,1
1891,4750,484,17042,577,638,3,862,408,4,577,638,13,17043,17044,9,122,55,8 1,1,1,1,1,1,1,1,1,1,1,1,1,1,1,1,1,1,1
339,4,1243,4740,14,15,787,1428,379,522,13,862,722,32240,32241,12,15,53,412,635,5,3128,577,638 1,1,1,1,1,1,1,1,1,1,1,1,1,1,1,1,1,1,1,1,1,1,1,1
1898,532,20,31,564 1,1,1,1,1
313,3,403,14,31,508,7,80,6000,341,709 1,1,1,1,1,1,1,1,1,1,1
224,3739,244,508,7,182,2888 1,1,1,1,1,1,1
27,40,85,18,109,31,46,62,714,934,17,4973,516,51,18,208,1255,1496,66,266,228,1202 1,1,1,1,1,1,1,1,1,1,1,1,1,1,1,1,1,1,1,1,1,1
27,40,85,18,14,3367,10,126,1202,97,235,92,13,24,150,5,64,10125 1,1,1,1,1,1,1,1,1,1,1,1,1,1,1,1,1,1
420,4,5455,482,103,679,138,24,403,7,418,35,103,4973,14,62,714,934,17,516 1,1,1,1,1,1,1,1,1,1,1,1,1,1,1,1,1,1,1,1
5455,420,144,1333,5455,420,126,706,1675,25,2088 1,1,1,1,1,1,1,1,1,1,1
41,235,40,268,13,28,5,150,1560 1,1,1,1,1,1,1,1,1
74,14,11,4813,17,516,27,40,85,5,119,550,2861,597,64,10125,14,1382,10,1438,13,1243,4740 1,1,1,1,1,1,1,1,1,1,1,1,1,1,1,1,1,1,1,1,1,1,1
5455,98,420,1999,1155,477,18,14,19,1470,306,558,22,25,706 1,1,1,1,1,1,1,1,1,1,1,1,1,1,1
36,4049,11793 1,1,1
2752,96 1,1
941,360,17,40,1751,278 1,1,1,1,1,1
395,454,13,664 1,1,1,1
28,221,101,5,1401,235,13,64,13690 1,1,1,1,1,1,1,1,1
3042,6247,5197,3,229,350,1191,499,7,350,198,6418,47,32242 1,1,1,1,1,1,1,1,1,1,1,1,1,1
