67,54,4,33361,426,4,1078,439,282,4,1483,719,13,151,3,458,13,2294,559,3,3929,66,15,381,326,1085,3,5,717,1768,2292 1,1,1,1,1,1,1,1,1,1,1,1,1,4,4,1,1,1,1,1,1,1,1,1,1,1,1,1,1,1,1
18,21,68,190,334,60,95,3,5,258,24,226,7,184,753,476,405,6,33362 1,1,1,1,1,1,1,1,1,1,1,1,1,1,1,1,1,1,1
24,1626,14,232,3,600,18,21,828,136,5,489,34,17,75,18,20,221,12,6,34,224 1,1,1,1,1,1,1,1,1,1,1,1,1,1,1,1,1,1,1,1,1,1
641,24,151,3,24,712,33363,8289,1386,57,12,6,33364,471,3,19,960,388,1034,69,5,1884,335,1034,4147,17,1231,911 1,1,4,4,1,1,31,31,31,31,31,31,31,31,1,1,8,1,1,1,1,8,1,1,1,1,1,1
81,24,353,3,18,14,91,31,234,13,6,1335,6187,18,21,68,138 1,1,1,1,1,1,1,1,1,1,1,1,1,1,1,1,1
18,86,10,724,33365,33366,11107,12,4080,5,5748,1199 1,1,1,1,1,1,1,1,1,1,1,1
147,817,130,371,4,559,171,42,209,756,350,76,280,71,324,4,33367,31,60,179,106,287,2043,992,76,391,1274,4,131,756,3,31,1234 1,1,1,1,1,1,1,1,1,1,1,1,23,4,4,1,1,1,1,1,7,15,1,1,1,1,1,1,1,1,1,1,1
1487,7707,2093,4,33368,4,2004,5,525,70,384,78,840,29,78,840,29,918,621,260,4,99,713,2937,3381,1054,1874,494,39,959,5,3990,2009,117,22,2011,1750,167,226,7,184,47,36,129,9,73,8,1918,959,1092,58,1222,1096,1750,167,407,47,36,1092,9,73,8,203,9,947,478,8,547,22,9,1026,45,49,36,8,25,32,47,388,45,9,73,8,274,215,22,9,686,45,49,36,8,25,32,47,180,45,9,73,8,2789,782,1389,22,9,33369,45,49,36,8,25,69,123,141,65,47,125,45,9,73,8,2326,1547,462,22,9,462,9,1188,8,22,45,49,36,8,25,305,47,388,45,9,73,8,2655,782,125,22,9,378,45,49,36,8,25,32,123,180,65,47,180,45,9,73,8,165,2775,3267,36,426,2775,33370,3267,521,8827,15938,123,388,65,47,210,4516,9,6043,8,165,2775,13,3267,1580,521,108,123,105,47,108,4516,9,6043,8,3373,9,2456,8,829,22,9,2400,45,49,36,8,25,69,167,958,47,180,45,9,73,8,33371,625,42,6830,69,123,388,65,3,2107,10,683,196,1014,85,135,65,47,1491,1633,9,73,8,960,9,165,2755,8,231,189,521,69,123,388,65,3,191,31,2391,40,165,13,174,165,47,108,2801,9,73,8,289,9,932,8,171,22,9,549,45,49,36,8,25,32,47,335,45,9,73,8,1712,456,3828,1337,9,8768,45,49,36,8,25,32,47,180,45,9,73,8,218,171,22,9,549,45,49,36,8,25,32,47,180,45,9,73,8,1884,9,165,4053,8,447,189,521,1392,47,108,2801,9,73,8,1118,3841,171,22,25,2384,47,335,45,9,73,8,1223,108,5465,22,9,1690,108,5138,462,22,8,36,298,25,1750,167,34,47,180,45,9,73,8,11748,165,3267,36,521,892,3,1918,47,1582,10,52,157,320,85,105,47,210,4516,9,6043,8,316,205,148,33372,3,364,1183,3,655,5979,948,9,115,929,842,159,33373,8,951,63,345,5453,18,197,60,5,14,4011 1,1,1,1,1,1,1,1,1,1,1,1,1,1,1,1,1,1,1,1,1,1,1,1,1,1,1,1,1,1,1,1,1,1,1,1,1,1,1,1,1,1,1,1,1,1,1,1,1,1,1,1,1,1,1,1,1,1,1,1,1,1,11,1,1,1,1,1,1,1,1,1,1,1,1,1,1,1,1,1,1,1,1,9,1,1,1,1,1,1,1,1,1,1,1,1,1,1,1,1,1,1,1,1,1,1,1,1,1,1,1,1,1,1,1,1,1,1,1,1,1,1,1,1,1,1,1,1,1,1,1,1,1,1,1,1,1,1,1,1,1,1,1,1,1,1,1,1,1,1,1,1,1,1,1,1,1,1,1,1,1,1,1,1,8,1,1,1,1,1,1,1,1,1,1,1,1,1,1,1,1,1,1,1,8,1,1,1,1,1,1,1,1,1,1,1,1,1,1,1,1,1,1,1,1,1,1,1,1,1,1,1,1,1,1,1,1,1,1,1,1,1,1,1,1,1,1,1,1,1,1,1,1,1,1,1,1,1,1,1,1,1,1,1,8,8,8,8,8,1,1,1,1,1,1,1,1,1,1,1,1,8,1,1,1,1,1,1,1,1,1,1,1,1,1,1,1,1,1,1,1,1,1,1,1,1,1,1,1,1,1,1,1,1,1,1,1,1,1,1,1,1,1,1,1,1,1,1,1,13,1,1,1,1,1,1,1,1,1,1,1,1,1,1,1,1,8,1,8,1,1,1,1,1,1,1,1,1,1,1,1,1,1,1,1,1,1,1,1,1,1,1,1,1,1,1,1,1,1,1,1,1,1,1,1,1,1,1,1,1,1,1,1,1,1,1,1,8,1,1,1,1,1,1,1,1,1,1,1,1,1,1,1,1,1,1,1,1,1,1,1,1,1,1,1,1,1,1,1,1,1,1,1,1,1,1,1,1,1,1,1,1,1,1,1,1
2972,136,3,155,751,1069,13,11,407 1,1,1,1,1,1,1,1,1
455 1
362,33374,3,33375 1,1,1,1
114,11,93,873,4,1057,191,60,3,51,24,2756,151,14,1851,24,372,173,39,147,37,41,13497,1036,10,1398,436,698 1,1,1,1,1,1,1,1,1,1,1,1,4,1,1,1,1,1,1,1,1,1,1,1,1,1,1,1
50,235,13,24,223,1335,4292,17,151,5,2865,1335,510,9,75,50,1526,18,21,38,11673,17282,80,8 1,1,1,1,1,1,1,1,4,1,1,1,1,1,1,1,1,1,1,1,1,1,1,1
36,8,151,4,118,960,66,388,1034,69,10,231,1034,605,5,608 1,1,4,1,1,8,1,1,1,1,1,1,1,1,1,1
118,1884,66,335,10,1188,1034,4147 1,8,1,1,1,1,1,1
50,41,1347,62,398,89,5,18,41,439,13,64,7395,12,4202,36,2106 1,1,1,1,1,1,1,1,1,1,1,1,1,1,1,1,1
41,160,10,503,412,77,5,2516,441,112 1,1,1,1,1,1,1,1,1,1
781,4678 1,1
58,8,142,4,148,60,179,19,218,5,274 1,1,7,1,1,1,1,1,13,1,9
119,33376,2843,6,2789,117,8,458,4,289,3,218,3,1534,210,8,361,4,2319,69,6690 1,1,1,1,1,1,1,1,1,1,1,13,1,9,1,1,1,1,1,1,1
7307,167 1,1
108,8,494,4,3929 1,1,1,1,1
19,2201,332 1,1,1
144,836,89 1,1,1
320,8,3303,4,3456,290,33377 1,1,1,1,1,1,1
7589,6926 1,1
4192,33378,6970,6034,10157,3,107 1,1,1,1,1,1,1
2268,3121,82,55,2268,235,13,64,6970,6034 1,1,1,1,1,1,1,1,1,1
1483,379,428,13,170,3,500,179,151 1,1,1,1,1,1,1,1,4
21,68,1001,140 1,1,1,1
96,15,365,1978,33379,353 1,1,1,1,1,1
165,118 8,1
398,890 1,1
510,17,412,77 1,1,1,1
4192,9638,17278,17279,3,107 1,1,1,1,1,1
