67,54,4,17283,1519,279,3,2459,668,112,684,4,3960,8709,33380,47,33381,40,14,15,1973,87,302,1822,280,358,121,20,261,95,66,6,33382,17284,224,121,14,425,17,96,115,7,23,5094,801,71,324 1,1,1,1,1,1,1,1,1,1,1,1,1,1,1,1,1,1,1,1,1,1,1,23,23,1,1,1,1,1,1,1,1,1,1,1,1,1,1,1,1,1,1,1,1,4,4
16,20,221,12,6,318,702,19,8435,13,6,234,7,798,1206,3,1837,3,5,207,31,190,60 1,1,1,1,1,1,1,1,1,1,1,1,1,1,1,1,1,1,1,1,1,1,1
169,10,37,3,16,38,68,343,13,907,43,23,747,198,331,17,15,798,1748,411,13,1999,5,286,3850,51,16,242,31,299,476 1,1,1,1,1,1,1,1,1,1,1,1,1,1,1,1,1,1,1,1,1,1,1,1,1,1,1,1,1,1,1
16,1031,10,6,318,702,5,20,162,10,6,124,517,23,63,366,20,12,6,17182,5,16,20,801,13,71,27,37,85 1,1,1,1,1,1,1,1,1,1,1,1,1,1,31,31,31,31,31,31,1,1,1,1,1,4,1,1,1
16,20,261,19,33383,19,165,596,180,189,12,6,495,5,558,189,12,6,973,5,20,1260,10,96,115,12,6,1201,224,89 1,1,1,1,1,1,8,8,1,1,1,1,1,1,1,1,1,1,1,1,1,1,1,1,1,1,1,1,1,1
159,261,3,23,63,366,46,68,12,6,4794 1,1,1,1,31,31,31,31,31,31,31
40,2441,3,92,14,7708,58,552,139,23,99,911 1,1,1,1,1,1,1,1,1,1,1,1
80,39,30,4,16,21,15,30,7,703,623,1394 1,1,1,1,1,1,1,1,1,1,1,1
16,122,15,4269,5,677,57,235,15,301,540,17,6,1122 1,1,1,1,1,1,1,1,1,1,1,1,1,1
16,368,31,46,12368,517,7,23,1822,280,3,16,368,31,52,269,19,6,3666,17,6,1122 1,1,1,1,1,1,1,1,23,23,1,1,1,1,1,1,1,1,1,1,1,1
16,98,745,15,30,7,391,1274 1,1,1,1,1,1,1,1
11,106 1,1
16,109,46,15,30,7,1730,992,5,280 1,1,1,1,1,1,1,1,1,23
80,591,30,4,16,21,38,100,657,164,17,5578,12368,35,62,15046 1,1,1,1,1,1,1,1,1,1,1,1,1,1,1,1
81,7,182,4,11,48,34 1,1,1,1,1,1,1
269,81,7,182,17,1091,116,13,118,1206,5,1837 1,1,1,1,1,1,1,1,1,1,1,1
174,81,7,33384,21,1013,207,13,312,34,12,6,657 1,1,1,1,1,1,1,1,1,1,1,1,1
98,21,478,992 1,1,1,1
150,30,4,150,30,7,280,5,106,51,11,71,26,181,120,76 1,1,1,1,1,1,1,1,1,1,1,4,1,1,1,1
206,30,4,16,14,15,1095,51,14,527,10,334 1,1,1,18,18,18,18,1,1,1,1,1
16,238,602,306,175,1308,15,65 1,1,1,1,1,1,1,1
16,14,15,355,5,14,19,2461 1,1,1,1,1,1,1,1
16,21,58,727,5,14,3751 1,1,1,1,1,1,1
102,101,4,16,14,1822,280,5,3385,223,8162,624 1,1,1,1,1,23,23,1,1,1,1,1
63,94,33385 1,1,1
133,8191,196,33386,14,202,7,4850,7486 1,1,1,1,1,1,1,1,1
16,21,7107 1,1,1
413,5,136,33387,3,1172 1,1,1,1,1,1
1955,656,57,204 1,1,1,1
1055,877,3,1554,5,1115,10,691 1,1,1,1,1,1,1,1
612,182,33388,3,310,1718 1,1,1,1,1,1
11,1162,3,1094 1,1,1,1
386,33389,10,463,5,1051 1,1,1,1,1,1
11,1190,327 1,1,1
33390,3,244,1063,10,101,17,240,26,1128 1,1,1,1,1,1,1,1,1,1
19,406,77,3,74,57,11,240,777 1,1,1,1,1,1,1,1,1
33391,1093,1544,204 1,1,1,1
101,7,764,13,4240,14,72,35,16,14,31,449,10,190,6,4240,12,394,764 1,1,1,1,1,1,1,1,1,1,1,1,1,1,1,1,1,1,1
40,2219,14,1470,19,6,70,322,306,53 1,1,1,1,1,1,1,1,1,1
149,359,470,2170,4,733,398,7,856,3,345,19,8435,14635,3,347,2044,3,392,1245,3,456,3583,3,663,2105,3,835,967,3,1012,400,154,13,2680,141,3,2532,141,3,1981,1982,4227,3,1131,1160,3,486,961,4619,3,1461,2037,3,2013,2105,3,512,4114,3,733,2434,192,5,104,4,176,301,788,71,324 1,1,1,1,1,41,41,41,41,1,31,31,31,31,1,1,1,1,1,1,1,1,1,1,1,1,1,1,1,1,1,1,1,1,1,1,1,1,1,1,1,1,1,1,1,1,1,1,1,1,1,1,1,1,1,1,1,1,1,1,1,1,1,1,1,1,1,1,1,4,4
6,28,14,1822,280,3,21,2850,7,165,1794 1,1,1,23,23,1,1,1,1,8,1
23,63,366,89,57,476,159,168 1,1,1,1,1,1,1,1
16,14,19,165,956,15,65 1,1,1,8,1,1,1
16,144,23,63,366,117,85,15,65,5,159,261,3,677,46,68,963,3449,10,7367,6,28,14,31,15,232,2339,17,348,13,23,99,347,7,8142,16,208,52,15,2339,17,1731 1,1,1,1,1,1,1,1,1,1,1,1,1,1,1,1,1,1,1,1,1,1,1,1,1,1,1,1,1,1,1,1,1,1,1,1,1,1,1,1,1,1
27,6,61,85,3,23,1981,1982,14,131,185,51,23,2680,5,2532,57,44 1,1,1,1,1,1,1,1,1,1,1,1,1,1,1,1,1,1
16,21,535,468,10,6,224,5,237,2562,10,46,23,112,757,5,3063,2970,13,6,224,331,10,1237,6,228,7,23,165,5,98,46,23,63,154,359,1845,2144,306,425,12,6,224 1,1,1,1,1,1,1,1,1,1,1,1,1,1,1,1,1,1,1,1,1,1,1,1,1,1,1,1,8,1,1,1,1,1,1,1,1,1,1,1,1,1,1
119,41,118,23,596,10,171,189,12,6,495,5,1695,189,12,6,973 1,1,1,1,8,1,1,1,1,1,1,1,1,1,1,1,1
119,41,285,13,6,112,757,5,3063,10,1237,6,165,228,5,98,890,149,154 1,1,1,1,1,1,1,1,1,1,1,1,8,1,1,1,1,1,1
119,41,390,23,733,398,12,15,129,5,98,390,23,347,5,1012,400,154,27,37,85,10,122,134,16,208,52,15,2339,17,1731 1,1,1,1,1,1,1,1,1,1,1,1,1,1,1,1,1,1,1,1,1,1,1,1,1,1,1,1,1,1,1
50,1260,6,28,10,369,10,6,224,12,320,129,5,98,17,201,10,1347,6,63,366,295,909,113,597,23,63,366,57,845,476,179 1,1,1,1,1,1,1,1,1,1,1,1,1,1,1,1,1,1,1,1,1,1,1,1,1,1,1,1,1,1,1,1
6265,64,6396,5130,33392,4,33393,806,4,33394,33395,825,4,33396,843,4,33397,250,31,81,43,262,331,250 1,1,1,1,1,1,1,1,1,1,1,1,1,1,1,1,1,1,1,1,1,1,1,1
