67,54,4,33792,6429,929,1600,4144,1073,3,3377,929,7700,3,2517,14582,3,5483,33793,33794,9,33795,8,33796,12532,730,234,4,629,7700,468,12,10,2259,198,224,17,2816,139,49,2781 1,1,1,1,1,1,1,1,1,1,1,1,1,1,1,1,1,1,1,1,1,1,1,1,1,1,1,1,1,1,1,1,1,1,1,1,1,1,1,1,1
30,7,61,328,4,18,14,15,4991,428,13,209,12533,5575,159,6,440,7,581,12,24,53,2200,5,24,1068 1,1,1,1,1,1,1,1,1,1,1,1,1,1,1,1,1,1,1,1,1,1,1,1,1,1
18,21,68,10,6,318,702,311,85,17,3346,1280,963,24,1068 1,1,1,1,1,1,1,1,1,1,1,1,1,1,1
18,21,68,138,311,438,7,907,158,2781,5,5798 1,1,1,1,1,1,1,1,1,1,1,1
18,14,104,10,46,24,76,591,355,12,6,441,493,129 1,1,1,1,1,1,1,1,1,1,1,1,1,1
18,372,95,61,10,6,318,702,19,1135,539,3,2476,13,474,5,1280,7,24,12533,12,24,1068 1,1,1,1,1,1,1,1,1,1,1,1,1,1,1,1,1,1,1,1,1,1,1
18,20,138,15,1581,7,2781 1,1,1,1,1,1,1
226,139,49,6,671,45,3,18,387,2338,12,6,666,3,1316,3,5,248,5,35,60,35,2816 1,1,1,1,1,1,1,1,1,1,1,1,1,1,1,1,1,1,1,1,1,1,1
18,90,88,226,7,184,3,535,184,26,314,7,2778 1,1,1,1,1,1,1,1,1,1,1,1,1
18,454,6,318,702,5,20,1564,10,488,49,2781,35,40,20,372,166,62,2561,1105 1,1,1,1,1,1,1,1,1,1,1,1,1,1,1,1,1,1,1,1
470,132,3,18,14,425,17,96,115,66,37 1,1,1,1,1,1,1,1,1,1,1
18,1645,226,139,488,907,24,116,7,2816,5,4955,46,265,244,3066 1,1,1,1,1,1,1,1,1,1,1,1,1,1,1,1
18,14,464,640,7,3346,1280,963,24,1068 1,1,1,1,1,1,1,1,1,1
80,39,30,4,71 1,1,1,1,4
39,4,2424,3,1223,35,160,17,34 1,1,21,1,1,1,1,1,1
127,4,18,14,2561,10,2188,5,132,2781 1,1,1,1,1,1,1,1,1,1
18,299,2816,66,394 1,1,1,1,1
102,101,4,24,53,2200,981,683 1,1,1,1,1,1,1,1
24,100,1068,981,1111,3,2539,246,13,128,6134,35,60,35,128,3346,1280 1,1,1,1,1,1,1,1,1,1,1,1,1,1,1,1,1
74,14,11,4390,37,50,550,190 1,1,1,1,1,1,1,1
192,5,104,4,627,7,24,12533 1,1,1,1,1,1,1,1
138,6,95,127,10,2781,3,119,41,1375,160,10,49,15,1976,907 1,1,1,1,1,1,1,1,1,1,1,1,1,1,1,1
18,21,68,19,5798,12,6,80,13,232,295 1,1,1,1,1,1,1,1,1,1,1
1151,6,558,42,3404,127,7,5798,1129,10,2781,3,50,704,5798,14,15,232,4292,17,132 1,1,1,1,1,1,1,1,1,1,1,1,1,1,1,1,1,1,1,1,1
134,40,109,31,285,3,50,704,175,546,482,3846,17,516 1,1,1,1,1,1,1,1,1,1,1,1,1,1
50,41,530,5134,5,745,24,856,65,4876,7,5798,5,50,1564,24,10,2754,107 1,1,1,1,1,1,1,1,1,1,1,1,1,1,1,1,1,1,1
134,18,387,88,2561,1105,10,40,297 1,1,1,1,1,1,1,1,1
50,98,1758,24,335,45,7,1223,35,60,35,2081,24,2081,24,1581,7,2424,707,755,22,15,65 1,1,1,1,1,1,1,1,1,1,1,1,1,1,1,1,1,21,21,1,1,1,1
18,546,122,24,451,12,267,113 1,1,1,1,1,1,1,1
497,17347,17348,3,107 1,1,1,1,1
533,43,4,17347,17348,746,33797,3667,2449,806,4,12532,825,4,33798,843,4,12532 1,1,1,1,1,1,1,1,1,1,1,1,1,1,1,1,1,1
