67,54,4,33882,1594,379,4469,426,4,33883,850,3760,3,5,218,125,22,7726,223,3126,403,4,142,514,6166,1694,142,151,58,3,3824,1220,39,252,9,727,1026,45,49,36,45,9,73,8,32,3,49,35,496,3024,215,33884,22,9,49,36,8,25,32,3,6398,2188,3917,3444,36,2180,2094,305,123,539,65,3,157,175,1862,17,13733,412,2671,9,2359,965,1318,8,1014,1318,2530,32,123,856,65,1712,456,14097,45,25,32,3,49,35,496,218,171,22,9,549,45,49,36,8,25,32,3,49,35,496,348,846,45,49,36,45,9,73,8,25,69,3,49,35,496,736,382,22,9,1632,45,49,36,8,25,276,784,707,9,610,2223,912,964,8,672,45,819,5689,49,955,45,9,73,8,25,32,233,4229,277,2555,212,832,399,11,2572,832,13,151,2795,699,193,485,193,357,193,285,2468,3926,12538,36,872,9930,4035,193,3495,12539,1260,10,157,6775 1,1,1,1,1,1,1,1,1,9,1,1,1,1,13,1,1,1,1,1,1,1,7,1,1,1,7,4,4,1,15,1,1,11,1,1,1,1,1,1,1,1,1,1,1,1,1,1,1,28,1,1,1,1,1,1,1,1,1,1,1,1,1,1,1,1,1,1,1,1,1,1,1,1,1,1,1,1,1,1,1,1,1,1,1,1,1,1,1,1,1,1,1,1,1,1,1,1,1,1,1,13,1,1,1,1,1,1,1,1,1,1,1,1,1,1,17,1,1,1,1,1,1,1,1,1,1,1,1,1,1,12,1,1,1,1,1,1,1,1,1,1,9,9,1,1,1,1,1,1,1,1,1,1,1,1,1,1,1,1,1,1,1,1,1,1,1,1,1,1,1,1,1,4,1,14,14,1,1,1,1,1,1,1,1,1,1,1,1,1,1,1,1,1,1,1
579,889,409,841,409,249,193,555,193,323,193,837,193,697,193,48,34,193,418,193,611,193,437,193,407,193,263,193,7635,193,300,193,375,193,446,193,648,193,140,314,1001,291,34,193,1408,1014,796,193,17373,193,2313,193,9880,193,2419,193,2486,1098,193,1585,1098,193,7899,2396,2791,17,9474 1,1,1,1,1,1,1,1,1,1,1,1,1,1,1,1,1,1,1,1,1,1,1,1,1,1,1,1,1,1,1,1,1,1,1,1,1,1,1,1,1,1,1,1,1,1,1,1,1,1,1,1,1,1,1,1,1,1,1,1,1,1,1,1,1,1,1
6536,409,3161,193,188,34,193,432,193,638,11,985,277,193,4598,193,3277,314,193,9475,193,3534,3316,1980,1512,17374,1333,2159,3874,409,2442,193,2954,193,1464,193,353,409,1818,117,393,5524,148,14761,7726,35,270,523,1000,716,680,655,9066,842,79,27,10116,82,4819 1,1,1,1,1,1,1,1,1,1,1,1,1,1,1,1,1,1,1,1,1,1,1,1,1,1,1,1,1,1,1,1,1,1,1,1,1,1,1,1,1,1,6,6,1,1,1,1,1,1,1,1,1,1,1,1,1,1,1
352,944,161,409,2329,409,700,409,670,409,1009,409,136,910,11,12540,11,638,193,687,1043,48,407,11,720,327,304,310,409,213,11,214,152,952,240,11,280,11,222,114,93,11,2329,44 1,1,1,1,1,1,1,1,1,1,1,1,1,1,1,1,1,1,1,1,1,1,1,1,1,1,1,1,1,1,1,1,1,1,1,1,71,1,1,1,1,1,1,1
9199,142,148,365,27,668,3,51,476,43,7726,29,364,4,118,218,171,3760,317,58,151,19,353,29,364,4,86,353,5,1516,655,3824,19,236,3,5,353,29,364,4,86,1122 1,7,1,1,1,1,1,1,1,1,1,1,1,1,1,13,1,1,4,4,4,1,1,1,1,1,1,1,1,1,1,15,1,12,12,1,1,1,1,1,1,1
1220,224,12541,29,972,365,29,364,29,86,1712 1,1,1,1,1,1,1,1,1,1,1
1562,43,177,29,364,4,179,148 1,1,1,1,1,1,1,1
233,4229 1,1
1260,10,810,1089,13,3917 1,1,1,1,1,1
465,2377,36,129 1,1,1,1
