67,54,4,33934,33935,3,33936,3,12546,6,28,20,221,19,33937 1,1,1,1,1,1,1,1,1,1,1,1,1,1,1
50,660,37,50,46,1187,5,101,6,28,3,81,6,385,607,19,6,28,82,940,3,5,235,6,172,3,104,7,198,3,5,566,13,6,28 1,1,1,1,1,1,1,1,1,1,1,1,1,1,1,1,1,1,1,1,1,1,1,1,1,1,1,1,1,1,1,1,1,1,1
730,234,4,484,322,411 1,1,1,1,1,1
408,30,7,61,328,4,6,28,14,15,6443,498,13,15,30,7,2644,71,3,63,366,12,6,7854,40,113,3,209,153,765,19,2499,507,10,71,121,38,15,100,3149,121,61,13,117,65,7,70,1404,283,3,261,5,5804,5154,890 1,1,1,1,1,1,1,1,1,1,1,1,1,1,1,1,4,4,1,1,1,1,1,1,1,1,1,1,1,1,1,1,1,1,4,1,1,1,1,1,1,1,1,1,1,1,1,1,1,1,1,1,1,1,1
11,685 1,1
6,28,38,377,511,12,100,764,507,10,71,604 1,1,1,1,1,1,1,1,1,1,4,1
16,90,300,3,375,3,249,3,291,34,3,263,3,226,184,3,26,48,34 1,1,1,1,1,1,1,1,1,1,1,1,1,1,1,1,1,1,1
6,28,14,2713,5,1438,3559 1,1,1,1,1,1,1
16,98,21,15,30,7,106 1,1,1,1,1,1,7
6,427,7,6,80,39,30,3,206,30,3,150,30,3,591,30,3,81,7,182,3,127,3,5,39,35,135,6,385,82,55 1,1,1,1,1,1,1,1,1,1,1,1,1,1,1,1,1,1,1,1,1,1,1,1,1,1,1,1,1,1,1
102,101,4,807,14,2833,3,133,1273,3,386,156,125,3,63,94,14,33938,3,5,1045,1035,42,19,702,737 1,1,1,1,1,1,1,1,1,1,1,1,1,1,6,6,6,6,1,1,1,1,1,1,1,1
207,4,11,758,342,3,2484 1,1,1,1,1,1,1
227,4,1172,5,1121 1,1,1,1,1
1055,143,100,1416,2713 1,1,1,1,1
1709,143,91 1,1,1
818,2596,20,1110 1,1,1,1
136,14,332 1,1,1
155,4,91,10,463,100,3,11,407,26,876 1,1,1,1,1,1,1,1,1,1,1
103,77,4,145,156,5,239 1,1,1,1,1,1,1
11,213,3,502,3,26,561 1,1,1,1,1,1,1
291,77,4,232,326,327,3,1763,3,396,3,5,152 1,1,1,1,1,1,1,1,1,1,1,1,1
114,77,4,11,595,93,3,1346,246,3,26,3757 1,1,1,1,1,1,1,1,1,1,1,1
1058,101,4,6,28,21,100,3149 1,1,1,1,1,1,1,1
196,77,4,6,28,21,683,7973,27,8165,7,23,100,764,29,313,3,16,21,15,36,632,3178,283,12,6,1404,7,23,70,322,37,14,33939,5,21,128,7131,261,19,7973 1,1,1,1,1,1,1,1,1,1,1,1,1,1,1,1,1,1,1,1,1,1,1,1,1,1,1,1,1,1,1,1,1,1,1,1,1,1,1,1,1
92,3486,21,5804,5107 1,1,1,1,1
92,14,396 1,1,1
273,101,4,670,628,1006,783,233,114 1,1,1,1,1,1,1,1,1
511,377,100,764,3,10,6,595 1,1,1,1,1,1,1,1
427,7,6,194,114,143,204,10,691,1008,5,675 1,1,1,1,1,1,1,1,1,1,1,1
354,101,217,1459,5,1032,133 1,1,1,1,1,1,1
318,499,438,4,15,6443,498,71,13,5804,5154,322,283 1,1,1,1,1,1,1,4,1,1,1,1,1
284,801,14,1266,3,152,1233,411,3,26,2267 1,1,1,1,1,1,1,1,1,1,1
6,28,82,349,20,12072,824,5,1281,143,44 1,1,1,1,1,1,1,1,1,1,1
16,20,416,683 1,1,1,1
23,392,20,6920,23,347,7,3715,29,313,3,92,20,377,66,23,2499,1023 1,1,1,1,1,1,1,1,1,1,1,1,1,1,1,1,1,1
456,20,2375,3,663,20,33940,62,738,7,23,322,7,6,70,242,31,275,88,2267,29,313,3,138,23,939,5154,5107,5,7131,261,19,23,1777,3,119,1904,10,343,201,13,33941,22,7,5563 1,1,1,1,1,1,1,1,1,1,1,1,1,1,1,1,1,1,1,1,1,1,1,1,1,1,1,1,1,1,1,1,1,1,1,1,1,1,1,1,1,1,1,1,1
16,98,370,1126,17,128,34 1,1,1,1,1,1,1
6,28,63,94,557,365,5,27,175,802,92,20,33942 6,6,6,6,6,6,6,6,6,6,6,6,6
16,370,141,22,7,2261,3,141,22,7,1893,247,35,60,35,231,22,7,1893,337 1,1,1,1,1,1,1,53,53,53,53,53,1,1,1,53,53,53,53,53
6,28,82,63,94,1031,467,10,6914,169,10,168 6,6,6,6,6,6,6,6,6,6,6,6
6,28,82,747,198,331,20,454,121,740,13,6,168,10,6,39,594 1,1,1,1,1,1,1,1,1,1,1,1,1,1,1,1,1
801,4,176,71,322,283 1,1,1,4,1,1
178,106 1,7
497,7229,3,12546,107 1,1,1,1,1
487,4,17379,292,4,17379,533,43,4,7229,3,12546,746,33943,1608,250,31,81,43,262,331,250 1,1,1,1,1,1,1,1,1,1,1,1,1,1,1,1,1,1,1,1,1,1
