67,54,4,15923,34073,3,34074,3,12551,12552,730,234,4,616 1,1,1,1,1,1,1,1,1,1,1,1,1,1
50,660,37,50,46,221,5,172,40,28,3,81,6,385,82,607,3,5,235,6,172,3,104,7,198,3,5,566,13,6,28 1,1,1,1,1,1,1,1,1,1,1,1,1,1,1,1,1,1,1,1,1,1,1,1,1,1,1,1,1,1,1
30,7,61,328,4,40,14,15,4957,428,13,15,30,7,71,5,106,121,17,6,99,900,552,2145,21,38,1805,299,319,7,859 1,1,1,1,1,1,1,1,1,1,1,1,1,1,4,1,7,1,1,1,1,1,1,1,1,1,1,1,1,1,1
18,126,190,616,46,535,13,1170,5,590,3,636,2145,537,166,40,397 1,1,1,1,1,1,1,1,1,1,1,1,1,1,1,1,1
18,109,190,15,1103,1928,616,186,18,1210,115,5,1031,10,2891,8801,818,164,599,834,677,4690,24,10,52,12,130,893,5,781,24,10,1186 1,1,1,1,1,1,1,1,1,1,1,1,1,1,1,1,1,1,1,1,1,1,1,1,1,1,1,1,1,1,1,1,1
81,7,182 1,1,1
72,17,249,3,459,3,48,34,3,226,7,184,3,5,291,34 1,1,1,1,1,1,1,1,1,1,1,1,1,1,1,1
18,109,162,10,170,11396,6793 1,1,1,1,1,1,1
80,39,30,4,30,7,10165,34075,180,87,183 1,1,1,1,1,1,1,1,1,1,1
18,14,5604,71,5,106 1,1,4,4,1,7
297,3,127,3,206,30,3,5,150,30,4,35,135,6,940 1,1,1,1,1,1,1,1,1,1,1,1,1,1,1
102,101,4,62,280,428,980,3,410,3,5,642 1,1,1,1,23,1,1,1,1,1,1,1
18,21,15,3482,239,12,6,6284,19,6,450,13,364,804,1306,319,35,60,51,31,12,6986,13,24,2311 1,1,1,1,1,1,1,1,1,1,1,1,1,1,1,1,1,1,1,1,1,1,1,1,1
24,63,94,14,850,589 1,6,6,6,6,6
18,14,980,5,410,5,24,1239,14,44 1,1,1,1,1,1,1,1,1,1
136,14,332 1,1,1
48,14,91 1,1,1
103,77,14,4673,97,213,3,502,3,26,561 1,1,1,1,1,1,1,1,1,1,1
214,14,152,5,396 1,1,1,1,1
114,4,97,750,3,743,3,26,93 1,1,1,1,1,1,1,1,1
18,109,46,62,548,7,685,12,24,794,188,3,396,3,11,1935,91 1,1,1,1,1,1,1,1,1,1,1,1,1,1,1,1,1
318,499,438,4,6,28,21,62,177,37,111,1136,17400,13,422,2172,1549,3482,17401,239 1,1,1,1,1,1,1,1,1,1,1,1,1,1,1,1,1,1,1,1
24,48,738,14,2026 1,1,1,1,1
6,427,7,24,149,77,14,250,31,81,43,262,331,250,43,6,4451,594,5,6,104,14,10,49,24,10,6,445,149,17,15,2506,34076,3962 1,1,1,1,1,1,1,1,1,1,1,1,1,1,1,1,1,1,1,1,1,1,1,1,1,1,1,1,1,1,1,1,1,1
505,4,1136,17400 1,1,1,1
497,12172,3,12551,12552,107 1,1,1,1,1,1
487,4,7696,292,4,7696,533,43,4,12172,3,12551,12552,746,34077,1608 1,1,1,1,1,1,1,1,1,1,1,1,1,1,1,1
