67,54,4,34256,404,17,112,40,14,15,2846,87,302,358,510,10,6,71,355,594,17,2756,71,43,64,34257,234,40,28,14,162,10,6,124,17,1730,34258,7,61,328,6,28,21,15,141,87,30,7,317,58,71 1,1,1,1,1,1,1,1,1,1,1,1,1,1,1,1,1,4,1,1,1,1,4,1,1,1,1,1,1,1,1,1,1,1,1,1,1,1,1,1,1,1,1,1,1,1,1,1,4,4,4
16,20,343,13,348,5,165 1,1,1,1,38,1,8
885,186,348,20,1285 38,38,38,38,38
137,6,28,14,343,13,10113,335,69,5,1884,215,1392,35,62,1201 1,1,1,1,1,1,8,1,1,1,8,1,1,1,1,1
6,179,21,68,500 1,1,1,1,1
6,28,154,23,63,366,170,85,15,65,13,295,471,66,34259,137,353,14,31,60,179 1,1,1,1,1,1,1,1,1,1,1,1,1,1,1,1,1,1,1,1,1
6,28,21,31,68,2800,43,1292 1,1,1,1,1,1,1,1
71,698,158,604,13,837,12,764,5,1383,13,34260 1,1,1,1,1,1,1,1,1,1,1,1
16,38,1730,556,99,421 1,1,1,1,1,1
16,370,960,5906,16,20,19,5710,225,421,13,345,1738,225,34261,16,137,14,19,12328,247,1685 1,1,8,1,1,1,1,1,1,1,1,1,1,1,1,1,1,1,1,1,1,1
16,21,291,34,5,14,31,1702,724,127,34262,39,30,5064,39,147,158,4,142,3,2301,3,70,657,938,3,153,763,34263,30,150,30,14,269,17,71,206,30,6,28,14,4752,35,15,1109,1495,7968,34264,6,28,14,15,34265,28,82,541,1278,208,52,2039,34266,7,182,579,4,334,3889,132,5,775,10,745,34267,236,171,1868,1582,32,784,669,289,1491,5917,6681,2077,165,35,270,457,532,3463,149,532,4,2504,4987,9,34268,8,592,34269,34270,1573,1018,34271,77,316,148,6137,364,1490,34272,11,4850,3,227,11,3757,3,11,3576,34273,11,222,1718,11,879,48,34274,304,3,310,44,3,11,34275,280,3,34276,433,93,3,11,283,2367,2245,133,204,3,715,765,34277,3410,2089,377,4240,154,34278,808,339,14,37,23,71,14,209,500,179 1,1,1,1,1,1,1,1,1,1,1,1,1,1,1,1,1,1,7,1,1,1,1,1,1,1,1,1,1,1,1,1,1,1,1,4,1,1,1,1,1,1,1,1,1,1,1,1,1,1,1,1,1,1,1,1,1,1,1,1,1,1,1,1,1,1,1,1,1,1,1,1,1,12,12,1,1,1,9,9,1,1,1,1,1,8,1,1,1,1,1,1,1,1,41,41,1,1,1,1,1,1,1,1,1,1,1,1,1,1,1,1,1,1,1,1,1,1,1,1,1,1,1,1,1,1,1,1,1,1,1,1,1,1,1,1,1,1,1,1,1,1,1,1,1,1,1,1,1,1,1,1,1,1,1,1,1,1,1,1,1,1,1,4,1,1,1,1
92,14,885,134,16,14,2581,13,258,165,228 1,1,1,1,1,1,1,1,1,8,1
16,14,132,2325,13,1943,3,46,370,215,42,7,23,712,165,228,99,34279,91,160,312,34280,808,420,34281,160,17,5710,477,345,1738,557,225,34282,2755,10,335,189,662,625,552,9,745,2370,5,12,272,8,34283,145,180,189,521,85,175,228,34284,301,1315,1024,4,145,662,320,552,2023,7628,108,189,2023,7705,141,189,2023,10168,558,189,2023,78,840,29,5332,125,34285,914,16138,3,107 1,1,1,1,1,1,1,1,1,1,1,1,1,1,8,1,1,1,1,1,1,1,1,1,1,1,1,1,1,1,1,1,1,1,8,1,1,1,1,1,1,1,1,1,1,1,1,1,1,1,1,1,1,1,1,1,1,1,1,1,1,1,1,1,1,1,1,1,1,1,1,1,1,1,1,1,1,1,1,1,1,1,1,1,1,1,1,1
