67,54,4,34313,15330,34314,10169,3,107 1,1,1,1,1,1,1,1,1
5883,34315,17429,1418,6854,2579,3,241,17430,882,64,10169,4,844,28,5303,5966,1295,949,6,668,89,17,15,513,112 1,1,1,1,1,1,1,1,1,1,1,1,1,1,1,1,1,1,1,1,1,1,1,1,1,1
35,360,731,3,18,21,15,916,5,1549,30,7,330,354,76,13,100,194,114,556,466 1,1,1,1,1,1,1,1,1,1,1,1,1,1,1,1,1,1,1,1,1
24,53,194,114,556,466,38,1559,711,356,3,51,20,1624,8408,43,64,9519 1,1,1,1,1,1,1,1,1,1,1,1,1,1,1,1,1,1
12,34316,3,119,38,2468,15,5946,260,12,6,443,1385,7,40,466,43,3796,3,5,18,526,3108,13,15,1845,1662,1156 1,1,1,1,1,1,1,1,1,1,1,1,1,1,1,1,1,1,1,1,1,1,1,1,1,1,1,1
15,866,1321,264,359,12,34317,111,15,2248,883,466,5,18,21,557,2184,1497 1,1,1,1,1,1,1,1,1,1,1,1,1,1,1,1,1,1
18,14,31,1409,308 1,1,1,1,1
18,90,88,427,34,12,6,764,26,173,725,116 1,1,1,1,1,1,1,1,1,1,1,1
95,3,313,3,24,1037,38,1005,128,750,7,24,53,415 1,1,1,1,1,1,1,1,1,1,1,1,1,1
18,557,19,266,228,203,12,475,10,236,5,24,174,39 1,1,1,1,1,11,1,1,1,12,1,1,1,1
18,14,15,3415 1,1,1,14
19,101,89,3,18,197,60,5,12,232,3983 1,1,1,1,1,1,1,1,1,1,1
63,94,20,1370,27,4831,12,6,70,303 1,1,1,1,1,1,1,1,1,1
194,114,133,57,217,27,6,562,444,100 1,1,1,1,1,1,1,1,1,1
19,6,70,3,74,14,15,1610,3,2726,857,133,225,24,1100,10,2367,2245,556,466,3,5,6,322,14,617,5,60,1070 1,1,1,1,1,1,1,1,1,1,1,1,1,1,1,1,1,1,1,1,1,1,1,1,1,1,1,1,1
19,6,53,3,50,550,31,857,15,133,225,24,556,466,1615 1,1,1,1,1,1,1,1,1,1,1,1,1,1,1
6,53,322,14,416,16382,306,6,70,3,5,74,57,128,131,12556,84,19,6,671,415,12,1409 1,1,1,1,1,1,1,1,1,1,1,1,1,1,1,1,1,1,1,1,1,1,1
74,57,11,2376,26,9014,283,26,548,7,34318,325 1,1,1,1,1,1,1,1,1,1,1,1
74,14,15,1610,1193,2137,564,225,6,789,1591,120,27,6,595,13,62,1449,94,7,620,231,1420 1,1,1,1,1,1,1,1,1,1,1,1,1,1,1,1,1,1,1,1,1,1,1
40,16402,62,595,1514,7,1143,2416,5,5641,8132,185 1,1,1,1,1,1,1,1,1,1,1,1
15,513,1321,264,20,582,12,6,354,457,89 1,1,1,1,1,1,1,1,1,1,1
6,70,194,114,556,557,2248,883 1,1,1,1,1,1,1,1
35,1403,3,6,53,194,114,556,21,132,722,10,52,1559 1,1,1,1,1,1,1,1,1,1,1,1,1,1
629,5966,53,194,114,556,466,21,1559,1770,405,6,99,170,129,5,24,2511,14,91,312,1809 1,1,1,1,1,1,1,1,1,1,1,1,1,1,1,1,1,1,1,1,1,1
27,6,61,85,3,18,109,31,46,88,14574,116,7,2528,2346,325,3,693,6,416,3167,7,24,415,14,15,91,205 1,1,1,1,1,1,1,1,1,1,1,1,1,1,1,1,1,1,1,1,1,1,1,1,1,1,1,1
6,356,30,7,40,466,158,15,169,2025,606,3290,5,311,3108,237,31,10626,60,17,88,1101,8186,26,390,17431,7,40,1409,3661 1,1,1,1,1,1,1,1,1,1,1,1,1,1,1,1,1,1,1,1,1,1,1,1,1,1,1,1,1,1
2663,3,18,21,1803,38,233,7,24,194,114,813,157,17,556,1605,5,88,3481,556,237,52,4884,698 1,1,1,1,1,1,1,1,1,1,1,1,1,1,1,1,1,1,1,1,1,1,1,1
50,41,160,10,81,24,356,1617,66,2082,40,87,10,1964,6,161,7,24,5898,5,1146,6,1755,1317,52 1,1,1,1,1,1,1,1,1,1,1,1,1,1,1,1,1,1,1,1,1,1,1,1,1
27,6,61,85,3,313,3,18,197,10,46,1809,3,693,404,2511,5,14,1864,1497 1,1,1,1,1,1,1,1,1,1,1,1,1,1,1,1,1,1,1,1
50,704,92,237,52,404,10,118,24,13491,340,5,50,1190,15,105,228,7,423,10,1804,15,3179,203 1,1,1,1,1,1,1,1,1,1,1,1,1,1,1,1,1,1,1,1,1,1,11,11
50,1858,1770,235,6,205,7,627,325,158,312,717,12556,196,84,7,6,415,3,427,34,3,26,283 1,1,1,1,1,1,1,1,1,1,1,1,1,1,1,1,1,1,1,1,1,1,1,1
27,15,5077,3,50,41,122,24,188,12,267,129,17,34319,3,51,50,1610,1175,6,28,5,24,1037,10,732,1186,2104,134,74,57,88,116,37,508,627,7,24,3478 1,1,1,1,1,1,1,1,1,1,1,1,1,1,1,1,1,1,1,1,1,1,1,1,1,1,1,1,1,1,1,1,1,1,1,1,1,1,1
134,24,2511,368,557,211,3,92,1338,237,52,2562,10,1358,46,10,482,15,1549,3481,556,13,244,406,557,813,12,40,28 1,1,1,1,1,1,1,1,1,1,1,1,1,1,1,1,1,1,1,1,1,1,1,1,1,1,1,1,1
941,360,465,17,1301,1186,10,1784,12,24,198 1,1,1,1,1,1,1,1,1,1,1
395,191,31,1837,10,732,271,134,50,368,52,7,268,1224 1,1,1,1,1,1,1,1,1,1,1,1,1,1
1015,3,497,17432,3458,10463,3,229,426,4,16619,3095,9519,107 1,1,1,1,1,1,1,1,1,1,1,1,1,1
853,34320,1418,3,702,11548,34321,3,241,34322 1,1,1,1,1,1,1,1,1,1
