67,54,4,36482,230,273,278,28,414,4,2193,5168,542,4,17824,54,4,10204,2474,4,2381,1882,3092,498,61,13,53,4056,5,36483 1,1,1,1,1,1,1,1,1,1,1,1,1,1,1,1,1,1,1,1,1,1,1,1,1,1,1,1,1,1
282,4,40,79,21,15,80,39,30,173,17,106,3,776,3,5,71,324,317,178,135,23,551,3,12,1604,16,768,53,666,323 1,1,1,1,1,1,1,1,1,1,1,7,1,15,1,1,1,1,1,1,1,1,1,1,1,1,1,1,1,1,1
16,488,238,27,6,85,5,258,37,23,1030,538 1,1,1,1,1,1,1,1,1,1,1,1
16,20,12,23,712,258,7,436,597,40,744 1,1,1,1,1,1,1,1,1,1,1
16,99,55,190,44,139,6,36484,10118,3,75,1182,27,223,11574 1,1,1,1,1,1,1,1,1,1,1,1,1,1,1
16,866,1343,15,7537,3,135,23,1078,3,5,2957,27,36485,10,3742,2171,17,23,421,3445,35,62,2178 1,1,1,1,1,1,1,1,1,1,1,1,1,1,1,1,1,1,1,1,1,1,1,1
16,1343,15,8164,5,55,323,12,23,70,303,405,6,8164 1,1,1,1,1,1,1,1,1,1,1,1,1,1
139,3,477,527,10,1627,23,7169,19,3,16,387,626,323,1152,37,23,303,1749,11997,5,16,20,11,1810,449,10,1210 1,1,1,1,1,1,1,1,1,1,1,1,1,1,1,1,1,1,1,1,1,1,1,1,1,1,1,1
1766,20,2174,5,6,79,953,27,6,17825,230,963,36486 1,1,1,1,1,1,1,1,1,1,1,1,1
14819,419,1024,1139,625 1,1,1,1,1
79,1031,17,6792,5,606,3098,5,2016,10,572,570 1,1,1,1,1,1,1,1,1,1,1,1
1694,4,176,71,324,317,58,178,106,195,776,254,4,176,348,178,622,195,203,9,242,31,49,8,253,800,9,242,31,49,8,233,4,790,2795,4,269,17,238,3,598,5737,2555,4,874,701,4,292,1130,523,1772,148,16572,880,853,42,19,658,545,4,207,280,498,3,2422,227,1124,797,3,818,2596,1110,136,4,11,222,48,4,91,10,463,100,130,4,145,156,5,239,3,11,213,362,152,3,396,3,1763,531,11,750,3,743,3,26,93,29,1459,5,2367,2245,133,217,352,1010,4,410,3,642,10,414,3,87,3,129,3,65,7,113,3,17825,7538,4,2232,968,3731,1861,29,96,36487,1768,1678,1965,97,1242,29,390,11,134,3,5,3,26,51,97,1861,29,414,1854,3,36488,11434,4,5196,61,19,678,3,7952,2053,7411,6966 1,1,1,4,4,4,4,1,7,1,15,1,1,1,17,1,21,1,54,1,1,1,1,1,1,42,1,1,1,1,1,1,1,1,1,1,1,1,1,1,1,1,1,1,1,1,1,1,1,1,1,6,6,1,1,1,1,1,1,1,1,1,1,1,1,1,1,1,1,1,1,1,1,1,1,1,1,1,1,1,1,1,1,1,1,1,1,1,1,1,1,1,1,1,1,1,1,1,1,1,1,1,1,1,1,1,1,1,1,1,1,1,1,1,1,1,1,1,1,1,1,1,1,1,1,1,1,1,1,1,1,1,1,1,1,1,1,1,1,1,1,1,1,1,1,1,1,1,1,1,1,1,1,1,1,1,1,1,1,1,1,1,1,1,1,1,1,1,1,1,1
925,4,1055,5591,3,1554,3,36489,10,4656 1,1,1,1,1,1,1,1,1,1
11,8405,10,9343,10,53,412 1,1,1,1,1,1,1
70,4315,2562,3,412,3404,1017,29,1441,511,6560,10,691,1008 1,1,1,1,1,1,1,1,1,1,1,1,1,1
53,1114,2349,3,394,194,5,473 1,1,1,1,1,1,1,1
2525,185,675,3,1439,3155,1017 1,1,1,1,1,1,1
670,4,44,2526,5,1256 1,1,1,1,1,1
296,628,12,70,473,5,194,114,29,17548,3866,12,53,473,114,10,34,9581 1,1,1,1,1,1,1,1,1,1,1,1,1,1,1,1,1,1
14046,656,7,53,657,2471 1,1,1,1,1,1
4351,4,31,192,1056,4,10232,12701,4984,12702,5976,5594,415,59,58,58,58,193,58,58,467,187,58,58,58,193,58,58,467,3894,4,1441,511,10,691,1008,12,53,1316,3,303,3,5,248 1,1,1,1,1,1,1,1,1,1,1,1,1,1,1,1,1,1,1,1,1,1,1,1,1,1,1,1,1,1,1,1,1,1,1,1,1,1,1,1,1,1,1,1
449,10,1845,6966,35,61,19,6,53,3,51,31,312,1149 1,1,1,1,1,1,1,1,1,1,1,1,1,1
700,4,31,192 1,1,1,1
149,4,430,456,2401,59,1305,351,430,663,3156,83,1276,351,430,835,2073,1310,351,430,1072,1658,14287,59,1450,351,512,2902,1478,219,1555,2316,1659,219,1184,1537,1660,1556,430,1800,2061,125,1311,219,430,347,1774,1601,219,430,345,9096,83,1359,219,1258,1259,3465,2105,2720,1454,1905,1956,1514,3248,42,295,2124,4,1905,1988,4179,1520,266,10,2721,422,1514 1,1,1,1,1,1,1,1,1,1,1,1,1,1,1,1,1,1,1,1,1,1,1,1,1,1,1,1,1,1,1,1,1,1,1,1,1,1,1,1,1,1,1,1,1,1,1,1,1,1,1,1,1,1,1,1,1,1,1,1,1,1,1,1,1,1,1,1,1,1,1,1,1,1,1,1,1,1
2438,601,2149,2673,1454,1258,1259,1491,3822,721,349,3940,1312,524,333,10143,1977,42,560,5655,2119,1451,734,36490,2202,1785,536,12470,83,1589,1381,653,1437,1360,1227,786,6336,1479,1588,823,3324,83,1480,654,795,4419,1424,42,1737,79,4047,3162,1060,1737,2206,6523,2834,1060,1154,1066,370,689,4,6792,4,302,70,6630,490,29,1559,70,281,216,120,29,2829,12,70,2191,2440,120 1,1,1,1,1,1,1,1,1,1,1,1,1,1,1,1,1,1,1,1,1,1,1,1,1,1,1,1,1,1,1,1,1,1,1,1,1,1,1,1,1,1,1,1,1,1,1,1,1,1,1,1,1,1,1,1,1,1,1,1,1,1,1,1,1,1,1,1,1,1,1,1,1,1,1,1,1,1,1,1,1,1
177,4,924,3,1106,3,309,3,11,7394,84 1,1,1,1,1,1,1,1,1,1,1
339,4,2381,1882,3092,498,61,13,70,36491,419 1,1,1,1,1,1,1,1,1,1,1
16,21,15,169,70,6630,419,758,43,241,570,5,62,1559,70,281,216,120 1,1,1,1,1,1,1,1,1,1,1,1,1,1,1,1,1,1
36492,3908,66,6,70,1878,10,6,70,2115,1282,15,166,921,17,419,12,40,28 1,1,1,1,1,1,1,1,1,1,1,1,1,1,1,1,1,1,1
420,4,176,162,10,7751,273,178,679,13,717,10,192,1950,7,419,5,1153,36493,17416,14,61 1,1,1,1,1,1,1,1,1,1,1,1,1,1,1,1,1,1,1,1,1,1
195,1301,63,94,10,9567,3,13,620,2142,839,36494,186,570,359,3,79,546,52,6722,5,77,96,3,3966,13,63,94 1,1,1,1,1,1,1,1,1,1,1,1,1,1,1,1,1,1,1,1,1,1,1,1,1,1,1,1
253,482,676,134,1961,7,490,14,31,470,742,35,10,4882,1939,949,490,1520,1328,15,341 1,1,1,1,1,1,1,1,1,1,1,1,1,1,1,1,1,1,1,1,1
3963,36495,5509,3,107 1,1,1,1,1
273,385,710,47,36496 1,1,1,1,1
