67,54,4,36497,273,224,513,1120,4,215,5188,110,742,187,2115,419,10204,13,866,6436,698,43,291,5,413,774,411,282,4,28,61,417,10204,139,15,667,290,10,6,199,788,7,2788,323 1,1,1,1,1,1,1,1,1,1,1,1,1,1,1,1,1,1,1,1,1,1,1,1,1,1,1,1,1,1,1,1,1,1,1,1,1,1,1,1,1,1,1,1
413,241,111,4796,12,6,187,2115,1961,3,5,751,275,187,1878,1449 1,1,1,1,1,1,1,1,1,1,1,1,1,1,1,1
6,28,20,162,10,6,36498 1,1,1,1,1,1,1
513,413,241,6,495,139,168,275,4796,858,6,2184,187,2115,1961 1,1,1,1,1,1,1,1,1,1,1,1,1,1,1
517,7,1759,474,3,16,1031,19,10,606,6436,75,20,582,43,6,10814,4142,594 1,1,1,1,1,1,1,1,1,1,1,1,1,1,1,1,1,1,1
16,2594,5,20,261,10,977,19,36499,13,53,8427,5,4253,2788,4217 1,1,1,1,1,1,1,1,1,1,1,1,1,1,1,1
203,20,1367,17,419,1155,51,20,866,488,27,977,17,885,404 54,1,1,1,1,1,1,1,1,1,1,1,1,1,1
23,419,1948,275,15,44,1132,5,36500,2612,450 1,1,1,1,1,1,1,1,1,1,1
15,5481,1134,20,72 1,1,1,1,1
3362,20,44 1,1,1
1998,520,4110,275,131,5289 1,1,1,1,1,1
6,28,20,7652,19,11634,13,62,291,1083,4803,411 1,1,1,1,1,1,1,1,1,1,1,1
6,4803,20,1004,5,5029,907,1367 1,1,1,1,1,1,1,1
16,242,60,5,286,20,7652,36501,13,249,3,555,3,300,3,5,375 1,1,1,1,1,1,1,1,1,1,1,1,1,1,1,1,1
23,6436,1192,275,3155,1329,75,606,3108,12,6,26 1,1,1,1,1,1,1,1,1,1,1,1
5029,907,143,465,1367,17,284,411,7,6,1192 1,1,1,1,1,1,1,1,1,1,1
6,28,242,60,3,51,1078,513,679,7,6,12050,19,9866,111,15,742,3,36502,3,5980,4019,633,1799,4219,10,6,6436,1192 1,1,1,1,1,1,1,1,1,1,1,1,1,1,1,1,1,1,1,1,1,1,1,1,1,1,1,1,1
40,208,1282,2090 1,1,1,1
64,8676,3,10814,4142,262,3,5227,10,162,293,5168,5360,17,633,2678,5,587 1,1,1,1,1,1,1,1,1,1,1,1,1,1,1,1,1,1
475,1605,993,208,52,934,134,40,633,1799,14,3486,411 1,1,1,1,1,1,1,1,1,1,1,1,1
28,90,249,26,459 1,1,1,1,1
16,21,38,555,1041,405,6,80,1517,7,113 1,1,1,1,1,1,1,1,1,1,1
40,20,15,793,147,871,12,23,438,51,286,538 1,1,1,1,1,1,1,1,1,1,1,1
293,5168,21,132,68,319,7,977,17,58,129,3,5,16,14,191,334,60 1,1,1,1,1,1,1,1,1,1,1,1,1,1,1,1,1,1
16,14,449,10,321,13,6,1224,7,15,36503,2343 1,1,1,1,1,1,1,1,1,1,1,1
23,1059,14,232,3,5,16,391,60,19,2708 1,1,1,1,1,1,1,1,1,1,1
16,21,15,244,976,150,121,14,36504,858,12,23,39,198 1,1,1,1,1,1,1,1,1,1,1,1,1,1
23,3983,46,68,232,482,6,36505,16,21,95,68,868 1,1,1,1,1,1,1,1,1,1,1,1,1
477,12,977,3,23,551,758,36506,201,139,36507,15,1328,4875,7,5015,1553,36508,66,17210 1,1,1,1,1,1,1,1,1,1,1,1,1,1,1,1,1,1,1,1
16,1319,186,16,2483,271,223,40 1,1,1,1,1,1,1,1
15,976,522,2524,21,1170,12,10,23,163,5,198,17,201,900,552,15,65 1,1,1,1,1,1,1,1,1,1,1,1,1,1,1,1,1,1
16,14,449,10,1224,13,2765,51,368,31,400,2028 1,1,1,1,1,1,1,1,1,1,1,1
23,53,248,21,128,628,3,51,23,303,557,492,11940 1,1,1,1,1,1,1,1,1,1,1,1,1
74,57,598,14707,12,6,3254,37,57,31,11861 1,1,1,1,1,1,1,1,1,1,1
16,21,38,15,1328,4875,7,53,489,34,422,10,7337,27,37,618 1,1,1,1,1,1,1,1,1,1,1,1,1,1,1,1
62,7838,508,37,6,150,482,489,3399,27,128,802,12,6,1398,186,6,28,21,2594,2774,400,12,6,303 1,1,1,1,1,1,1,1,1,1,1,1,1,1,1,1,1,1,1,1,1,1,1,1,1
16,98,21,598,657,34,19,6,1122,518,37,14,602,5110 1,1,1,1,1,1,1,1,1,1,1,1,1,1
930,21,68,575,17,6,489,34,3,693,6,150,1526,37,2156,228,1036,10,15,363,1626 1,1,1,1,1,1,1,1,1,1,1,1,1,1,1,1,1,1,1,1,1
677,57,527,10,377,6,1432,7,5106,16,157 1,1,1,1,1,1,1,1,1,1,1
1694,4,36509,35,270,5231,7184,12395,254,4,36510,108,36511,850,36512,210,36513,945,69,36514,36515,1582,69,36516,13683,215,69,15051,58,305,36517,1662,10,59,489,36518,125,36519,125,36520,3,682,752,233,4,5181,33,442,874,1105,36521,4,245,13,491,5,522,2524 1,1,1,1,1,1,1,1,1,1,1,1,1,1,1,1,1,1,1,1,1,1,1,1,1,1,1,1,1,1,1,1,1,1,1,1,1,1,1,1,1,1,1,1,1,1,1,1,1,1,1,1,1,1,1,1,1,1
1221,2178 1,1
11,2352,157,7,88,3170 1,1,1,1,1,1
77,4,814,33,148,11226 1,1,1,1,1,1
133,1973,5,145 1,1,1,1
2269 1
1010,33,410,5,2672,642,3,2232,5,2663,3,2067,3,2040,7,137,927 1,1,1,1,1,1,1,1,1,1,1,1,1,1,1,1,1
1626,14,4083,13,1319,26,13246,35,999 1,1,1,1,1,1,1,1,1
925,33,863,3,665,3,6257,13,1194,2788,678,4217,3,59,1316,2349,3,1439,1017,3,4620,1610,3,775,10,185,489,19,53,3,1114,511,204,670,33,1006,628,783,19,70,3,59,303,7552,13,6897,628,783,3,59,248,13,16587,637,628,3,376,6897,3894,33,204,10,691,1008,783,13,1194,5196,10,36522,1056,33,2725,19,6,53,518,13,6462,415,29,376,44,4351,33,44,6060,19,6,53,700,33,36523,13,36524,7,53,248,3,334,211,13,2343,12784,4,110,187,2115,419,13,6436,3,2594,3470 1,1,1,1,1,1,1,1,1,1,1,1,1,1,1,1,1,1,1,1,1,1,1,1,1,1,1,1,1,1,1,1,1,1,1,1,1,1,1,1,1,1,1,1,1,1,1,1,1,1,1,1,1,1,1,1,1,1,1,1,1,1,1,1,1,1,1,1,1,1,1,1,1,1,1,1,1,1,1,1,1,1,1,1,1,1,1,1,1,1,1,1,1,1,1,1,1,1,1,1,1,1,1,1,1,1,1,1,1,1,1,1,1,1
1399,411,633,1799,27,1192,7,6436 1,1,1,1,1,1,1,1
11,202,7,182,411 1,1,1,1,1
7337,7,59,489 1,1,1,1
176,162,17,17482,355,35,235 1,1,1,1,1,1,1
1083,5357,41,52,469,27,128,802,12,6,1398,9,186,284,7,411,14,2173,826,319,26,343,8 1,1,1,1,1,1,1,1,1,1,1,1,1,1,1,1,1,1,1,1,1,1,1
178,546,52,19,203,17,36525,1155,3,51,41,235,13,64,8676,397,126 1,1,1,1,54,1,1,1,1,1,1,1,1,1,1,1,1
195,86,1775,36526,355 1,1,1,1,1
253,17,3698,34,12,6,489,3,41,527,5185,279,276 1,1,1,1,1,1,1,1,1,1,1,1,1
28,41,488,2708 1,1,1,1
134,5185,14,575,3,208,118,10,215,276,139,175,113,7,340 1,1,1,1,1,1,1,1,1,1,1,1,1,1,1
711,5185,115,10,215,276,3,237,2335,2020,930,35,135,28,5,150,2562 1,1,1,1,1,1,1,1,1,1,1,1,1,1,1,1,1
27,441,987,3,134,828,53,303,4075,9,75,14,166,8,3,41,1175,591,3399,7,6,489 1,1,1,1,1,1,1,1,1,1,1,1,1,1,1,1,1,1,1,1,1,1
346,513,12,117,129 1,1,1,1,1
5096,7445,4303,3,107 1,1,1,1,1
