69,49,4,15604,11163,4483,1124,183,15605,3593,9070,2,3963,15606,9071,9072,2,96 1,1,1,1,1,1,1,1,1,1,1,1,1,1,1,1,1,1
3964,2,4790,6097,11164,1415,579,2,4484,15607,14,15,2463,200,307,259,1643,6098,6777,762,104,14,926,17,1524,42,58,4790,11165 1,1,1,1,1,1,1,1,1,1,1,1,1,1,1,1,1,1,1,1,1,1,1,1,1,1,1,1,1
173,15,223,146,16,9073,19,6,15608,27,140,5,2862,63,1219,10,24,52,754 1,1,1,1,1,1,1,1,1,1,1,1,1,1,1,1,1,1,1
16,20,201,27,15609,144,5,20,936,16,39,15,805 1,1,1,1,1,1,1,1,1,1,1,1,1
16,20,730,12,63,662,6778,5,1293,10,55,2000,121,6099,2,5,16,14,947,15,2611 1,1,1,1,1,1,1,1,1,1,1,1,1,1,1,1,1,1,1,1,1
16,14,401,17,1072,437 1,1,1,1,1,1
78,89,30,14,686,17,11,754,6779,937 1,1,1,1,1,1,1,1,1,1
16,21,15,30,7,81,5,535,1644 1,1,1,1,1,4,1,1,1
16,826,2091,2,6100,2,987,5,11166 1,1,1,1,23,1,20,1,22
16,14,85,453,42,58,5150,6780,17,63,2690 1,1,1,1,1,1,1,1,1,1,1
16,113,31,1374 14,14,14,14
16,1553,3762 1,1,1
16,14,15,1501,6781,27,15610,15611 1,1,1,1,1,1,1,1
19,122,80,16,21,1234,277,7,6,52,754,173,938,11167,256,6,4791 1,1,1,1,1,1,1,1,1,1,1,1,1,1,1,1,1
6,4791,14,978,15612,26,4792,13,11,11168,277,1375 1,1,1,1,1,1,1,1,1,1,1,1
4485,2691,5,2051,2691,14,86,34 1,1,1,1,1,1,1,1
68,14,11,182,388 1,1,1,1,1
68,53,11,106,181,142,13,106,350,9074,5151 1,1,1,1,1,1,1,1,1,1,1
68,14,11,11169,277,5151 1,1,1,1,1,1
11,794,34,14,166 1,1,1,1,1
11,15613,2,11170,26,3763,277,14,166 1,1,1,1,1,1,1,1,1
47,209,621,170,10,245,15,2389,11171,13,24,662,4198 1,1,1,1,1,1,1,1,1,1,1,1,1
16,14,947,15,2611,17,3283 1,1,1,1,1,1,1
24,5152,273,31,1035,15,686,805,1923,80,2,5,92,40,4199,6,1554,3764 1,1,1,1,1,1,1,1,1,1,1,1,1,1,1,1,1,1
47,209,621,170,10,1682,12,6,662,6778,13,6,11171 1,1,1,1,1,1,1,1,1,1,1,1,1
47,40,125,170,168,12,1036,236,17,163,27,6,11172,622 1,1,1,1,1,1,1,1,1,1,1,1,1,1
494,4,52,754,805 1,1,1,1,1
9075,9071,9072,2,96 1,1,1,1,1
15614,15615,384,4,4790,11165,2,96 1,1,1,1,1,1,1,1
5150,6780,2,96 1,1,1,1
3965,144,3284,1258,2268,518,9070,2,3963,11173,9071,9072,2,96 1,1,1,1,1,1,1,1,1,1,1,1,1,1
800,4,11174,827,4,15616,818,4,11174,232,31,177,42,240,312,232 1,1,1,1,1,1,1,1,1,1,1,1,1,1,1,1
