69,49,4,15617,11163,303,1315,101,3964,2,4790,2,6782 18,1,1,1,1,1,1,1,1,1,1,1,1
11164,101,49,4,15618,6,29,20,201,5,755,12,6,303,441 1,1,1,1,1,1,1,1,1,1,1,1,1,1,1
6,29,20,201,42,6,303,325,427 1,1,1,1,1,1,1,1,1
47,50,285,6,583,13,6,427 1,1,1,1,1,1,1,1
47,50,85,201,6,29,2317,5,177,6,89,69 1,1,1,1,1,1,1,1,1,1,1,18
38,14,15,2001,2531,10,6,89,69 1,1,1,1,1,1,1,1,18
30,7,629,391,4,1924,2,38,14,15,15619,345,104,1351,7,363,123,7,272,2,402,2,5,52,197,2209,422 1,1,1,1,1,1,1,1,1,1,1,1,1,1,1,1,1,1,1,1,1,1,1,1,1,1,1
16,85,1185,1024,44,34,2,71,16,21,39,17,15,1316,7,198,86,182,228 1,1,1,1,1,1,1,1,1,1,1,1,1,1,1,1,1,1,1
16,20,718,12,65,24,763,203,1925,80,13,38,34,5,20,85,166,10,50,106,147,142 1,1,1,1,1,1,1,1,1,1,1,1,1,1,1,1,1,1,1,1,1,1
6,29,21,11,44,34,27,6,95,7,233,12,6,303,441,5,11,255,7,194 1,1,1,1,1,1,1,1,1,1,1,1,1,1,1,1,1,1,1,1
163,7,213,4,32,1683,5,355,66 1,1,1,1,1,1,1,1,1
78,89,30,4,32,1683,12,6,948 1,1,1,1,1,1,1,1,1
179,30,5,128,30,4,32,1683,12,6,948 1,1,1,1,1,1,1,1,1,1,1
93,122,4,19,93,122,2,6,29,14,214,2464,2,15,9076,2,214,779,762,12,11,180,326 1,1,1,1,1,1,1,1,1,1,1,1,1,1,1,1,1,1,1,1,1,1,1
6,67,94,14,15620,2,6,296,1645,2,5,6,870,4486,1474 1,1,1,1,1,1,1,1,1,1,1,1,1,1,1
1186,5,1125 1,1,1
6,44,14,90,10,452 1,1,1,1,1,1
6,118,21,15,135,145,5,212 1,1,1,1,1,1,1,1
6,187,14,133 1,1,1,1
16,21,52,197,2209,277 1,1,1,1,1,1
16,85,2,7,99,19,562,122,2,21,15,133,417,71,16,687,16,21,39,136,5153 1,1,1,1,1,1,1,1,1,1,1,1,1,1,1,1,1,1,1,1,1
6,217,53,43 1,1,1,1
6,899,122,14,2612 1,1,1,1,1
364,1958,12,189,4,38,14,15,762,13,263,34,104,40,3153,15,4793,609,10,1167,286,2465 1,1,1,1,1,1,1,1,1,1,1,1,1,1,1,1,1,1,1,1,1,1
16,21,85,39,106,5154,518,142,19,24,147 1,1,1,1,1,1,1,1,1,1,1
16,14,4200,27,38,95 1,1,1,1,1,1
16,113,31,5155,15,9077,939,1923,17,24,44,34,2,48,124,37,16,14,15,381,5,13,147,142,2,16,40,85,55,265,17,1167,286,371 1,1,1,1,1,1,1,1,1,1,1,1,1,1,1,1,1,1,1,4,1,1,1,1,1,1,1,1,1,1,1,1,1,1
15,205,14,548,27,6,95,7,38,5156 1,1,1,1,1,1,1,1,1,1
642,9,317,630,712,377,8,4,32,256 1,1,1,1,1,1,1,1,1,1
6,29,74,630,14,281,185 1,1,1,1,1,1,1
1416,15621,5579,6101,2,96 1,1,1,1,1,1
11175,15622,15623,597,42,4,5579,6101,2,96 1,1,1,1,1,1,1,1,1,1
11175,232,31,177,42,240,312,232 1,1,1,1,1,1,1,1
