69,49,4,15703,949,7739,141,99,414,4,3964,2,4790,2321,4,15704,512,46,4,9079,49,4,2322,2,15705,17,885,2,361,125,15706,15707,74,99,2778,4,9113,174,637,5168,17,178,2,2004,2,120,2,2469,2,104,279,174,1686,15708,466,98,7737,234,4,9113,174,637,5168,17,178,2,2004,2,120,2,2469,2,104,20,12,3160,532,7740,146,2,151,39,394,12,24,54,349 1,1,1,1,1,1,1,1,1,1,1,1,1,1,1,1,1,1,1,1,1,1,1,1,1,1,1,1,1,1,1,1,1,1,1,1,1,1,1,1,1,9,1,1,1,4,1,1,1,1,1,1,1,1,1,1,1,1,1,1,1,1,1,1,9,1,1,1,4,1,1,1,1,1,1,1,1,1,1,1,1,1,1,1,1,1,1
1447,38,20,915,2538,19,84 1,1,1,1,1,1,1
2054,6795,349,65,478,423 1,1,1,1,1,1
20,411,448,24,7741,74,48,549,621,6,349,20,610,9114,2,1379,3063,123,10,433,168,10,43 1,1,1,1,1,1,1,1,1,1,1,1,1,1,1,1,1,1,1,1,1,1,1
237,2,7742,2,20,1041,2005,174,15,4498,2,1236,100,10,1418,10,1281,2,514,16,39,1686,15709 1,1,1,1,1,1,1,1,1,1,1,1,1,1,1,1,1,1,1,1,1,1,1
1282,84,20,2539,10,5587,1965 1,1,1,1,1,1,1
1007,10,535,3773,100,27,11214,3973,2697,915,394,12,24,386 1,1,1,1,1,1,1,1,1,1,1,1,1,1
12,736,2,21,1099,274,12,1686,2,3974,337,36,549,1621,5,6796 1,1,1,1,1,1,1,1,1,1,1,1,1,1,1,1
6,1099,274,20,6112,3975,2,48,1380,100,10,24,1726 1,1,1,1,1,1,1,1,1,1,1,1,1
578,39,2323,2393,26,3774,5588,2,222,31,50,15,1188,2698,2,11,167,174,24,3161 1,1,1,1,1,1,1,1,1,1,1,1,1,1,1,1,1,1,1,1
4499,12,886,532,221,2,151,16,1008,24,440,2,104,936,170,10,1297,10,189 1,1,1,1,1,1,1,1,1,1,1,1,1,1,1,1,1,1,1
7,99,2,12,15710,9115,2,39,91,429,98,165,39,1966,19,4500,614,2,9115,1009,10,91,429,429,227,182,602,76,5,130,41,2776,2273,2154,7743,6113,15711,369,730,17,11215,602,505,2,2154,1619,6113,3162,369,730 1,1,1,1,1,1,1,1,1,1,1,1,1,3,3,3,3,3,3,1,1,2,2,2,2,2,2,2,2,2,2,2,2,2,2,2,2,3,3,3,3,3,3,3,3,3,3,3,3,3
304,429,39,2004,1339,2212 1,1,1,1,1,1
237,39,1687,429,3775,35,117,63,656,7,455,2,1651,861,2,150,2394,185 1,1,1,1,1,1,1,1,1,1,1,1,1,1,1,1,1,1
117,24,3976,91,950,2,20,265,10,1353,17,35,2779,17,15712 1,1,1,1,1,1,1,1,1,1,1,1,1,1,1
937,2,12,2470,7744,2,39,54,568,901,4493,3973,3977,1007,10,15713,819,20,6797,174,3439,580,1622,2,480,174,6114,5,2324,162,2,174,149,1051,12,862,9,110,4213,12,37,568,8 1,1,1,1,1,1,1,1,1,1,1,1,1,1,1,1,1,1,1,1,1,1,1,1,1,1,1,1,1,1,1,1,1,1,1,1,1,1,1,1,1,1,1
11,1652,2,11,2540,2,11,1809 1,1,1,1,1,1,1,1
11,3163,862,820,12,54,568,65,580,1622,2,11,3294 1,1,1,1,1,1,1,1,1,1,1,1,1
11,167,174,988 1,1,1,1
637,4,120,36,131,98,159,178,103,1966,32,256,2469,1168,36,19,4796,5,4804,2,21,2213,3976,950,5,9109,12,78,2004,32,256,5586,257,4,131,1397,1200,190,59,211,474,473,449,4796,314,262,9,1481,59,19,158,99,8,737,314,262,9,83,19,158,99,8,4211,314,262,9,1280,19,158,99,8,15714,742,9,105,19,158,99,8,210,9,130,19,158,99,8,1201,314,262,4804,314,262,9,447,59,19,158,99,8,9,501,449,25,4806,119,158,586,8,1804,192,4,184,250,1100,4,1881,4,6798,15715,430,4,515,9,1109,10,50,430,167,8,7745,4,515,295,174,15716,837 1,1,4,1,6,1,1,9,1,3,1,1,1,1,1,1,1,1,1,1,1,1,1,1,1,1,1,1,1,1,1,16,1,1,6,6,1,1,1,11,1,28,1,1,1,1,1,1,1,1,1,1,1,23,1,1,1,1,1,1,1,1,1,1,1,1,1,1,1,1,1,1,1,1,1,1,1,1,1,12,1,1,1,1,1,1,26,1,1,1,1,1,1,1,1,1,1,1,1,1,7,1,1,1,1,1,1,1,1,1,1,1,1,1,1,19,19,19,19,1,1,1,1,1,1,1,1,1,1,1,1,1,1,1,1,1
21,15717,567,104,295,174,24,1202 1,1,1,1,1,1,1,1
11216,98,15718 1,1,1
990,4,5169,174,852,27,439,196,2,587,7,371,27,15719,603,174,430,2,116 1,1,1,1,1,1,1,1,1,1,1,1,1,1,1,1,1,1,1
1202,174,183,6799 1,1,1,1
638,4,9116,1653,105,980,41,19,628,224,4,15720,2,436,202,4,1623 1,1,1,1,1,1,1,1,1,1,1,1,1,1,1,1,1
11,2699,2055 1,1,1
1504 1
966,599 1,1
112,4,330,2,11,293,229 1,1,1,1,1,1,1
623,4,418,246,2,253 1,1,1,1,1,1
15721,5589,417,1810,27,5170,4807,10,15722,5,112 1,1,1,1,1,1,1,1,1,1,1
314,1154,417,27,2541,653,32,57,2006,15723,74,2214 1,1,1,1,1,1,1,1,1,1,1,1
2215,4,1398 1,1,1
11,15724,340,4,1381 1,1,1,1,1
11217 1
516,4,11,1505,2,967,171,1203 1,1,1,1,1,1,1,1
181,4,11,690,2,175 1,1,1,1,1,1
323,4,916,4,15725,175 1,1,1,1,1,1
951,4,591,2,15726,1237,11218,2,1967,2,1221,10,688,10,5590,28,901,2700,275,10,5591,28,5171,4808,1929,1088,2,219,2,15727,1445,275,2,952,1930,2,54,5592,14,610,9114,2701,136,54,568,860,1654,56,466,10,879,5,15728,175,193,15729,11219,2395,863,86,394,4214,2,98,56,3164,3978,3604,3440,56,15730,1028,2097,56,1559,4215,1052,731,4,43,2780,5,1419,28,11,2781 1,1,1,1,1,1,1,1,1,1,1,1,1,1,1,1,1,1,1,1,1,1,1,1,1,1,1,1,1,1,1,1,1,1,1,1,1,1,1,1,1,1,1,1,1,1,1,1,1,1,1,1,1,1,1,1,1,1,1,1,1,1,1,1,1,1,1,1,1,1,1,1,1,1,1,1,1,1,1,1,1,1,1,1,1,1
11,3441,3165 1,1,1
6115,15731,15732,15733,2396,15734,15735,15736,15737,15738,114,5172,54,83,83,83,83,83,83,83,83,83,83,83,83,157,83,83,83,83,83,83,83,83,83,3295,83,83,1099,4,6116,15,6800,12,466,10,879,5,1157,1686,2006,1968 1,1,1,1,1,1,1,1,1,1,1,1,1,1,1,1,1,1,1,1,1,1,1,1,1,1,1,1,1,1,1,1,1,1,1,1,1,1,1,1,1,1,1,1,1,1,1,1,1,1,1,1
4809,7,6800,9,404,15739,8,14,373,7746,157,891,1382,680,2,31,15,2692,15740,2270,2,85,174,765,2318,2325,829,476,157,1560,765 1,1,1,1,1,1,1,1,1,1,1,1,1,1,1,1,1,1,1,1,1,1,1,1,1,1,1,1,1,1,1
149,3166,274,10,1585,1203,2274 1,1,1,1,1,1,1
2951,4,11220,11221,4216,11222,5593,5173,853,54,51,51,51,148,51,51,423,157,171,51,171,148,102,51,100,314,4501,4,11,4810,19,6801,26,15741,672,4,15742,54,386,610,151,748,3442,4,43,5174,4,2056,6117,397,2397,1298,294,2322,3776,3296,9,54,8,2322,15743,633,2057,1259,294,2322,3776,3777,9,72,8,15744,15745,749,15746,1299,294,2322,3776,3167,9,72,8,2322,3776,1688,1689,7747,1420,294,2322,3776,9117,9,54,8,5175,5176,379,854,1300,169,2322,3776,331,1506,1586,169,2322,3776,358,15747,1354,169,2322,3776,6118,9,72,8,2322,3776,224,2868,442,2618,1482,169,2322,5177,3778,9,54,8,11207,15748,1531,3168,1727,169,2322,5177,2702,9,54,8,15749,15750,1042,1624,1690,1421,2322,5177,1001,968,367,7748,169,5175,5176,6119,9,72,8,15751,15752,1587,15753,2952,169,5175,5176,15754,9,72,8,5175,5176,940,367,15755,6802,169,5175,5176,244,9,54,8,5175,5176,544,367,56,169,5175,5176,3779,1483,3297,5175,5176,2056,7749,15756,3979,7750,917,7751,22,41,7742,9118,2056,15757,917,125,790,15758,15759,654,374,15760,7752,41,7742,9118,11223,9,72,8,7742,9118,1532,991,67,830,298,4811,1260,398,2322,4217,5594,9,72,8,15761,15762,615,11224,2326,6803,2322,4217,15763,9,54,8,15764,11225,458,5178,2216,1399,2322,4217,3443,9,54,8,15765,9119,266,15766,1969,41,2322,4217,11226,9,54,8,2322,4217,530,1767,1340,1141,2322,4217,665,3605,1448,1561,2322,4217,698,7753,1449,550,2322,4217,443,4218,1507,1301,2322,4217,666,4219,1383,41,2322,4217,150,1532,2007,788,15767,9120,2322,15768,1728,66,2327,840,2327,624,1649,4796,456,15769,15770,294,2322,11227,456,4812,9,54,8,2322,11227,691,1319,4,15771,3298,9,5595,15772,15773,4813,8,12,54,15774,9,6120,8,5,157,11228,11229,9,350,15775,680,8 1,1,1,1,1,1,1,1,1,1,1,1,1,1,1,1,1,1,1,1,1,1,1,1,1,1,1,1,1,1,1,1,1,1,1,1,1,1,1,1,1,1,1,1,1,1,1,1,1,1,1,1,1,1,1,1,1,1,1,1,1,1,1,1,1,1,1,1,1,1,1,1,1,1,1,1,1,1,1,1,1,1,1,1,1,1,1,1,1,1,1,1,1,1,1,1,1,1,1,1,1,1,1,1,1,1,1,1,1,1,1,1,1,1,1,1,1,1,1,1,1,1,1,1,1,1,1,1,1,1,1,1,1,1,1,1,1,1,1,1,1,1,1,1,1,1,1,1,1,1,1,1,1,1,1,1,1,1,1,1,1,1,1,1,1,1,1,1,1,1,1,1,1,1,1,1,1,1,1,1,1,1,1,1,1,1,1,1,1,1,1,1,1,1,1,1,1,1,1,1,1,1,1,1,1,1,1,1,1,1,1,1,1,1,1,1,1,1,1,1,1,15,15,15,15,15,15,15,15,15,15,15,15,15,1,1,1,1,1,1,1,1,1,1,1,1,1,1,1,1,1,1,1,1,1,1,1,1,1,1,1,1,1,1,1,1,1,1,1,1,1,1,1,1,1,1,1,1,1,1,1,1,1,1,1,1,1,1,1,1,1,1,1,1,1,1,1,1,1,1,1,1,1,1,1,1,1,1,1,1,1,1,1,1,1,1,1,1,1,1,1,1,1,1,1,1,1,1,1,1,1,1,1,1,1,1,1,1,1,1,1,1,1,1,1,1,1,1,1,1,1,1,1,1,1,1,1,1,1,1,1,1,1,1,1,1,1,1,1,1,1
15776,6804,4,21,15777,2275,7,157,9121,65,4814,2,362,11230,74,1297,664,7,54,293,2,85,174,225,15778,9122,74,5,218,15779,350,7754,2394 1,1,1,1,1,1,1,1,1,1,1,1,1,1,1,1,1,1,1,1,1,1,1,1,1,1,1,1,1,1,1,1,1
11,182,900,3606,26,15780,3780 1,1,1,1,1,1,1
147,4,548,691,11231,929,4,66,320,4,9113,174,637,5168,17,178,2,120,2,2469,1168,2,2004,2,103,134,91,429,104,279,174,2782,394,7740,158,10,141,3299,117,3063,123,2,5,1686,394,314,15781,2953,314,908,821,157,11228,11229,350,1484,2,54,2619,1484,2,11,182,1261,3606 1,1,1,1,1,1,1,1,1,1,1,1,1,1,1,9,1,4,1,1,1,1,1,1,1,1,1,1,1,1,1,1,1,1,1,1,1,1,1,1,1,1,1,1,1,1,1,1,1,1,1,1,1,1,1,1,1,1,1,1,1,1,1,1,1
323,73,174,15782,1355,19,157,2,5596,1686,394,2,157,1099,864,2,314,157,9123,765 1,1,1,1,1,1,1,1,1,1,1,1,1,1,1,1,1,1,1,1
979,4220,5,908,53,31,557 1,1,1,1,1,1,1
884,108,64,14,15,657,3444,5,231,864,53,15783,1099,584,5,11232,1588,20,2782,394,15784,146 1,1,1,1,1,1,1,1,1,1,1,1,1,1,1,1,1,1,1,1,1,1
323,4,551,2155,317,11233,2,15785 1,1,1,1,1,1,1,1
56,40,85,1729,5597,2155,9,317,5597,1075,2,15786,2,2398,1654,7755,2,15787,2,2156,7756,8,124,299,7,3439,580,2783,5,3607,439 1,1,1,1,1,1,1,1,1,1,1,1,1,1,1,1,1,1,1,1,1,1,1,1,1,1,1,1,1,1,1
56,40,85,1729,15788,124,134,91,429,2,598,2007,918,6805,536,314,7,3064 1,1,1,1,1,1,1,1,1,1,1,1,1,1,1,1,1,1
56,40,155,374,536,314,7,3169,120,338 1,1,1,1,1,1,1,1,4,1
56,124,1353,299,2,40,155,3445,2008,5,3608,74 1,1,1,1,1,1,1,1,1,1,1,1
56,884,108,2004,20,316,12,2954,7,9124,2,304,7743 1,1,1,1,1,1,1,1,1,1,1,1,1
40,2869,17,3781,2,3300,6806 1,1,1,1,1,1,1
519,1029,15,1533,10,15789,6807,32,21,39,1283,2004 1,1,1,1,1,1,1,1,1,1,1,1
623,4,838,11234,257,110 1,1,1,1,1,1
126,210,27,4212,262 1,12,1,1,1
4815,2217,100,10,7757,1353,4,126,174,4804,5,4796 1,1,1,1,1,1,1,1,1,1,1,1
1534,14,1691,110,2,48,40,301,10,55,4502 1,1,1,1,1,1,1,1,1,1,1
2009,4,11,2058,2,6808,11235,252,15790,2471,333 1,1,1,1,1,1,1,1,1,1,1
2870,4,486,105,59,17,110,2,2399,100,32,865,2,2153 1,1,1,1,1,1,1,1,1,1,1,1,1,1
2620,374 1,1
3446,4,1730,19,405,2537,2,742 1,1,1,1,1,1,1,1
6809 1
15791,2871,15792,2,195,15793,323,427,46,15794,1533,285,174,15795,6121,2,2703,427 1,1,1,1,1,1,1,1,1,1,1,1,1,1,1,1,1,1
