67,54,4,17975,7029,198,599,7029,281,297,424,581,7030,1073,8756,3,6464,10239,3630,3,7031,7762,17976,30,7,61,328,4,629,3630,14,369,17,96,115 1,1,1,1,1,1,1,1,1,1,1,1,1,1,1,1,1,1,1,1,1,1,1,1,1,1,1,1,1,1,1,1,1,1,1
18,21,38,1517,7,268,255,7,40,5983,511,12,75,24,303,190,166,92,2767,7025,5,286,18,299,128,94,12,24,48 1,1,1,1,1,1,1,1,1,1,1,1,1,1,1,1,1,1,1,1,1,1,1,1,1,1,1,1,1
18,299,15,416,226,7,184 1,1,1,1,1,1,1
92,99,180,896 1,1,1,1
18,299,35,1087,35,544,26,939,15,65 1,1,1,1,1,1,1,1,1,1
6,1206,21,3,313,3,377,5,18,14,190,476,5,476,3,35,18,1783,10,1516,128,140 1,1,1,1,1,1,1,1,1,1,1,1,1,1,1,1,1,1,1,1,1,1
50,704,140,314,14,530,10,52,2528 1,1,1,1,1,1,1,1,1
18,98,14,602,590,35,18,1783,10,1516,140 1,1,1,1,1,1,1,1,1,1,1
24,106,21,68,845,476,179 1,7,1,1,1,1,1
913,753,10,52,575,334,15,1928,12,475,10,6,274 28,1,1,1,1,1,1,1,1,1,1,1,9
102,101,4,63,94,14,12720 1,1,1,6,6,6,6
140,21,2715,66,669,10,4763,624 1,1,1,1,1,1,1,1
386,156,14,3084,133,14,5598,136,14,332 1,1,1,1,1,1,1,1,1,1
74,14,11,908 1,1,1,1
48,14,91,10,1051,5,463 1,1,1,1,1,1,1
103,77,14,145,145,13,11,213,3,561,26,502 1,1,1,1,1,1,1,1,1,1,1,1
214,14,152,5,396 1,1,1,1,1
74,14,11,1128 1,1,1,1
114,57,91,7,750,3,743,5,93 1,1,1,1,1,1,1,1,1
457,532,4,1348,57,630,44,406 1,1,1,1,1,1,1,1
192,5,104,176,106 1,1,1,1,7
422,60,179,19,913,2038,274 1,1,1,1,28,1,9
178,140 1,1
132,1196,10,1516,128,140,5,190,681,476,35,15,295,7,92 1,1,1,1,1,1,1,1,1,1,1,1,1,1,1
195,5983,48,94 1,1,1,1
50,191,31,704,18,21,181,120,76,138,6,288,154 1,1,1,1,1,1,1,1,1,1,1,1,1
12,691,7,40,3,119,41,527,10,179,24,63,94,5,299,24,10,1516,128,140 1,1,1,1,1,1,1,1,1,1,1,1,1,1,1,1,1,1,1,1
1533,3,40,41,575,13,6,1954,7,24,116 1,1,1,1,1,1,1,1,1,1,1
2668,5982,4352,3,107 1,1,1,1,1
12721,17977,872,806,4,17978,825,4,17979,843,4,17980 1,1,1,1,1,1,1,1,1,1,1,1
