67,54,4,17968,7029,198,599,7029,281,297,424,615,7030,1073,8756,3,6464,10239,3630,3,7031,7762,17969,629,3630,468,12,17,268,172 1,1,1,1,1,1,1,1,1,1,1,1,1,1,1,1,1,1,1,1,1,1,1,1,1,1,1,1,1,1
18,21,68,12,4762,5981,17,1062,129 1,1,1,1,1,1,1,1,1
24,234,14,37,18,21,1602,12,6,48 1,1,1,1,1,1,1,1,1,1
18,109,31,46,88,418 1,1,1,1,1,1
18,109,31,55,37,40,14,424,13,380 1,1,1,1,1,1,1,1,1,1
18,109,46,990,424,13,92 1,1,1,1,1,1,1
18,109,31,46,88,226,7,184 1,1,1,1,1,1,1,1
40,1602,21,68,12,24,48,19,5,650,17,6,99,1062,113 1,1,1,1,1,1,1,1,1,1,1,1,1,1,1
18,14,334,479 1,1,1,1
18,21,15,30,7,1220,5,106 1,1,1,1,1,1,1,7
18,98,21,287,5,14,52,343,13,236 1,1,1,15,1,1,1,1,1,12
24,436,936,21,68,12,890 1,1,1,1,1,1,1
18,21,1123,38,15,2396 1,1,1,1,1,1
18,160,10,46,15,513,1402,359 1,1,1,1,1,1,1,1
313,3,89,50,272,372,479,223,24,48,1602 1,1,1,1,1,1,1,1,1,1,1
102,101,4,24,63,94,14,3245,3,386,156,14,125,5,133,14,7032,136,14,332 1,1,1,1,1,1,1,1,1,1,1,1,1,1,1,1,1,1,1,1
74,14,11,908 1,1,1,1
48,14,91,10,394,1051,5,463 1,1,1,1,1,1,1,1
103,77,14,145,145,13,11,213,3,561,26,502 1,1,1,1,1,1,1,1,1,1,1,1
214,14,152,5,396 1,1,1,1,1
74,14,11,1128 1,1,1,1
114,57,91,7,750,3,743,5,93 1,1,1,1,1,1,1,1,1
457,532,4,24,456,14,2666,3,1348,57,233,376,630,44,406 1,1,1,1,1,1,1,1,1,1,1,1,1,1,1
972,14,6465,1228,57,401,27,40,85 1,1,1,1,1,1,1,1,1
119,781,24,17,62,1145,3,75,111,44,338,239,13,1452,2894,804,84 1,1,1,1,1,1,1,1,1,1,1,1,1,1,1,1,1
119,98,781,24,17,62,288,572,154,13,3512,146,111,37,18,1031,10,15,3631,130,156,7,2667,3,18,20,19,6,1638,17,320,435,215,896 1,1,1,1,1,1,1,1,1,1,1,1,1,1,1,1,1,1,1,1,1,1,1,1,1,1,1,1,1,1,1,1,1,1
18,38,11,202,7,325 1,1,1,1,1,1
192,5,104,4,176,48,1602 1,1,1,1,1,1,1
50,272,31,1671,1146,14,646,40 1,1,1,1,1,1,1,1
18,208,46,15,747,350,147 1,1,1,1,1,1,1
18,41,52,96,115,13,1186,12,175,113 1,1,1,1,1,1,1,1,1,1
92,14,17970,10,122,37,18,109,31,46,62,448,288,572,154 1,1,1,1,1,1,1,1,1,1,1,1,1,1,1
178,1220,3,60,179,27,6,61,85 1,1,1,1,1,1,1,1,1
86,1122,228,7,1782 1,1,1,1,1
195,106,3,60,179,61 1,7,1,1,1,1
253,287 1,15
119,41,827,40,19,24,441,112 1,1,1,1,1,1,1,1
684,4,3630,3,7031,542,47,4,7762,208,625,3,2476,1167,58,119,41,98,160,10,503,15,513,1402 1,1,1,1,1,1,1,1,1,1,1,1,1,1,1,1,1,1,1,1,1,1,1,1
2668,5982,4352,3,107 1,1,1,1,1
17971,17972,806,4,12719,825,4,17973,843,4,17974 1,1,1,1,1,1,1,1,1,1,1
