69,49,4,15851,486,105,501,449,22,291,9134,184,109,22,33,4225,2,2268,211,370,22,33,2220,1303,22,59,2221,204,22,33,888,204,22,59,1615,1537,2,15852,2534,30,4,774,10,163,81,5,741,167 18,1,1,1,6,1,7,1,1,1,1,13,1,1,1,1,1,1,11,1,1,1,1,1,1,1,1,1,1,1,1,1,1,1,1,1,1,1,1,1,1,1,1,1,4,1,1,1
16,39,54,9139,12,1589,21,2476,106,121,136,6,162 1,1,1,1,1,1,1,1,1,1,1,1,1
278,2,16,267,37,24,558,53,11250,1170,15,199,333,5,199,1077 1,1,1,1,1,1,1,1,1,1,1,1,1,1,1,1
16,21,39,106,115,7,1403,12,6,2061,465 1,1,1,1,1,1,1,1,1,1,1
16,21,1453,24,558,27,37,95,5,21,514,558,12,6,15853,74 1,1,1,1,1,1,1,1,1,1,1,1,1,1,1,1
140,67,968,4,569,15854,74,2,5,1625,12,6,594,74,2,71,16,3791,10,3176,1341,6,498,1485 1,1,1,1,1,1,1,1,1,1,1,1,1,1,1,1,1,1,1,1,1,1,1,1
981,4,16,21,201,58,9135,667,15,376,26,393 1,1,1,1,1,1,1,1,1,1,1,1
428,781,400,223 1,1,1,1
16,21,39,15,5608,74,4228,42,444 1,1,1,1,1,1,1,1,1
84,21,504,214,182,15855 1,1,1,1,1,1
1358,4,239,17,9136,1483,28,43,12,78 1,1,1,1,1,1,1,1,1,1
527,4,11,337,422 1,1,1,1,1
91,4,11,44,34 1,1,1,1,1
11,2100,366,19,639,645,16,113,50,185,366,19,639,448,2874,12,6,1477 1,1,1,1,1,1,1,1,1,1,1,1,1,1,1,1,1,1
343,4,11,756,78,89,30,4,77,4,16,14,19,268,131,271,16,20,158,10,24,700,162 1,1,1,1,1,1,1,1,1,1,1,1,1,1,1,1,1,1,1,1,1,1,1
179,30,4,16,14,2788,10,808,10,500,32,15,15856,9140,11251 1,1,1,1,1,1,1,1,1,1,1,1,1,1,1
16,1886,37,16,319,4229,84,5,1302,10,4821,423,15,1814 1,1,1,1,1,1,1,1,1,1,1,1,1,1
24,503,21,61,460,167,13,1127,16,1886,10,55,1294,7,993,364,17,11246,332 1,1,1,1,1,1,1,1,1,1,1,1,1,1,1,1,1,1,1
163,7,213,4,256,93,73,4,16,1404,13,15,2611 1,1,1,1,1,1,1,1,1,1,1,1,1
1423,4230,15857,48,24,9103,14,413 1,1,1,1,1,1,1,1
111,4,11252,289,4,1174,2,135,616,4,4822,86,3068,2,100,462,136,1110,202,4,822 5,5,5,1,1,1,1,1,1,1,1,1,1,1,1,1,1,1,1,1,1
625,4,43,243,2,86,229,112,4,11,920,44,4,90,10,452,118,4,43,246,28,314,5609,253 1,1,1,1,1,1,1,1,1,1,1,1,1,1,1,1,1,1,1,1,1,1,1,1
970 1
1812,653,872,417,187,4,11,953 1,1,1,1,1,1,1,1
11,342 1,1
11,277 1,1
11,782,2787 1,1,1
217,4,617,754,79 1,1,1,1,1
967,617,157,2,395,2060,64,1849,157,2,395,2060,68,14,15,2103,611,7,54,48,6,11253,479,10,55,15858,6824,2958,181,7764 1,1,1,1,1,1,1,1,1,1,1,1,1,1,1,1,1,1,1,1,1,1,1,1,1,1,1,1,1,1
1030,4,7765,1849 1,1,1,1
2959,2325,15859,1933,27,6,1560,853 1,1,1,1,1,1,1,1
3611,5,114,4,215,558,873,15,1450,7,123,119,223,2282,271,866,465 1,1,1,1,1,1,1,1,1,1,1,1,1,1,1,1,1
2543,6,486,10,462,956,5,954,10,1454,333,4230,11254 1,1,6,1,1,1,1,1,1,1,1,1,1
750,11255,11256,108,460,87,115,7,1403,26,558,456,365 1,1,1,1,1,1,1,1,1,1,1,1,1
2404,6,2103,611,10,58,5605,74,2405,151,16,2280,170,400,223 1,1,1,1,1,1,1,1,1,1,1,1,1,1,1
55,1769,37,16,1302,15,1401,1771 1,1,1,1,1,1,1,1
374,2,1768,2,4227,2,801,2,4508,389,17,1402,5,331,3305,4,11255,11256,259,236,260,3063,198,384,4,9138,5605,2,1885,2,4509,2268,3787,2,96 1,1,1,1,1,1,1,1,1,1,1,1,1,1,1,1,1,1,1,1,1,1,1,1,1,1,1,1,1,1,1,1,1,1,1
3790,3306,11249,2,1885,2,3612 1,1,1,1,1,1,1
