69,49,4,15863,507,128,424,308,957,30,4,24,15864,366,4510,2,48,355,2,3307,14,280 18,1,1,1,1,1,1,1,1,1,1,1,1,1,1,1,1,1,1,1,1,1
11,44,422 1,1,1
11,702,26,655 1,1,1,1
77,4,172,370,22,33,2,210,109,22,33,2,2330,3177,22,33,93,122,4,821,170,10,55,57,1019 1,1,11,1,1,1,1,12,1,1,1,1,26,1,1,1,1,1,1,1,1,1,1,1,1
24,111,14,15865,5,24,118,145,14,1174,5,135 1,1,1,1,1,1,1,1,1,1,1,1
16,14,6827,643 1,1,1,1
68,14,11,1078,580,1386,5,293,243,53,171,193,86,229 1,1,1,1,1,1,1,1,1,1,1,1,1,1
24,226,53,90,722,2,5,5600,3968,316,214,1234,4231,27,6,52,1562 1,1,1,1,1,1,1,1,1,1,1,1,1,1,1,1,1
24,4823,14,2623,57,5,14,185 1,1,1,1,1,1,1,1
24,1424,2624,14,4232,13,15,610,2160,145,5,212,2,15,43,246,5,253 1,1,1,1,1,1,1,1,1,1,1,1,1,1,1,1,1,1
16,21,63,1093,1422 1,1,1,1,1
11,417 1,1
24,187,14,599,86,953,2,229,2,26,15,1425,1455 1,1,1,1,1,1,1,1,1,1,1,1,1
68,14,11,904,79,5,806,2104,243,53,171,193 1,1,1,1,1,1,1,1,1,1,1,1
147,4,764,13,15,2961,1563,1241,984 1,1,1,1,1,1,1,1,1
16,21,15,5611,2331,13,63,307,6828 1,1,1,1,1,1,1,1,1
1323,2,6,3794,14,11,1735,3969 1,1,1,1,1,1,1,1
320,4,11259,2,103,371,4,281,185 1,1,1,1,3,3,1,1,1
115,7,366,176,55,63,958,4233,2,645,2,393,47,40,881,170,15,6829 1,1,1,1,1,1,1,1,1,1,1,1,1,1,1,1,1,21
165,127,4,1400,199,338 1,10,1,1,1,1
11260,4,425,249,366,4,47,1732,16,21,63,6131,7,1626,1037,4234,13,11262,5612,5,188,409,76 1,1,1,1,1,1,1,1,1,1,1,1,1,1,1,1,1,1,1,1,1,1,1
3308,1279,907,6,1590,1144 1,1,1,1,1,1
2268,1773,3787,2,195,705,46,15866,681,809,42,2268,1773,3787,2,195,1655,139,4,678 1,1,1,1,1,1,1,1,1,1,1,1,1,1,1,1,1,1,1,1
