69,49,4,15890,11273,2,15891,2,3603,201,42,260,1264,13,58,5189,19,11278 1,1,1,1,1,1,1,1,1,1,1,1,1,1,1,1,1,1
30,32,1283,42,58,5189,20,177,42,260,13,6,29,5,514,10,55,6133,5,991 1,1,1,1,1,1,1,1,1,1,1,1,1,1,1,1,1,1,1,1
6,93,73,20,941,42,784,122 1,1,1,1,1,1,1,1
233,5,583,20,85,9147,13 1,1,1,1,1,1,1
30,7,156,360,4,12,2001,2,38,14,15,9148,407,13,30,7,164,143,76,139,304,371,1527,12,4238,2,279,13,11279,30,7,2544,44,34,1539,10,23,168,2,5,85,1360,7,149,34,7,15892,2281,1694,7,23,70,349,2,404,621,23,3293,115,37,18,39,12,4238,13,106,214,149,255,7,194,5,1242,645,18,14,791,4512,5,18,166,37,68,14,63,383,12,34,13,639,2,2318,2,32,57,32,1041 1,1,1,1,1,1,1,1,1,1,1,1,1,1,1,1,9,9,9,3,3,3,3,3,3,3,1,1,1,1,1,1,1,1,1,1,1,1,1,1,1,1,1,1,1,1,1,1,1,1,1,1,1,1,1,1,1,1,1,1,1,1,1,1,1,1,1,1,1,1,1,1,1,1,1,1,1,1,1,1,1,1,1,1,1,1,1,1,1,1,1,1,1,1,1,1,1
18,1379,1262,3453,13,11,1853,5,687,826,2161,3614,2,48,2876,286,7,84 1,1,1,1,1,1,1,1,1,1,1,1,1,1,1,1,1,1
18,687,37,6,34,14,2409,2223,27,511,2,5,6,5190,37,14,1628,20,23,168,34,37,20,11280,7,6,34,37,18,39,151,18,39,23,371 1,1,1,1,1,1,1,1,1,1,1,1,1,1,1,1,1,1,1,1,1,1,1,1,1,1,1,1,1,1,1,1,1,1,3
78,89,30,4,18,21,15,30,7,127,2,81,2,371,2,5,592,332,139,304,5613,5,993 1,1,1,1,1,1,1,1,1,10,1,4,1,3,1,1,1,1,1,1,1,1,1
97,415,215,20,176,55,12,1426,2,71,20,43 1,1,1,1,1,1,1,1,1,1,1,1
128,30,4,318,17,592,332,5,81,341 1,1,1,1,1,1,1,1,4,1
179,30,4,18,113,31,1656 1,1,1,1,1,1,1
18,1591,12,6,78,2,706,462,159,146 8,8,8,8,8,8,8,8,8,8
163,7,213,4,32,1283,12,6,948 1,1,1,1,1,1,1,1,1
361,125,586,17,885 1,1,1,1,1
137,4,32,1283,12,6,948 1,1,1,1,1,1,1
361,125,586,17,885 1,1,1,1,1
77,4,32,1283,12,6,948 1,1,1,1,1,1,1
361,125,586,17,885 1,1,1,1,1
93,122,4,1040,2,413,2,2790,2,2963,407,2,5,12,11,1451,326 1,1,1,1,1,1,1,1,1,1,1,1,1,1,1,1,1
1285,2,610,6831,2,296,982,2,1851,723,2,67,94,15893,2,5,651,1304,738,41 1,1,1,1,1,1,1,1,1,1,1,1,1,1,1,1,1,1,1,1
822,2286 1,1
1657,1405,53,1130 1,1,1,1
112,14,330 1,1,1
226,53,90,7,1056,2,856,2,26,1223 1,1,1,1,1,1,1,1,1,1
562,4,135,145,5,212 1,1,1,1,1,1
187,14,463 1,1,1
300,302,4239,2,375,2,5,11,1739,2,1592,2,26,3179 1,1,1,1,1,1,1,1,1,1,1,1,1,1
6,181,14,175,2,619,2,5,682 1,1,1,1,1,1,1,1,1
18,21,845,277,191,6,412,2012,15894,5,617,904,79 1,1,1,1,1,1,1,1,1,1,1,1,1
489,467,4,6,29,21,15,43,801,5,43,1768 1,1,1,1,1,1,1,1,1,1,1,1
2877,20,553,271,7769,783,5,867,129,43 1,1,1,1,1,1,1,1,1,1
908,426,4,147,399,212,13,869,65,498 1,1,1,1,1,1,1,1,1,1
44,205,20,66,385 1,1,1,1,1
303,441,408,4,32,1155,2,18,20,265,10,6,2545,1045,17,15,1154,1501,7,785,71,108,43,40,55,874,140,2,117,748,10,125,108,18,21,87,939,3059,2,32,1155,2,18,20,1487,874,10,140,12,185,5,2964,630 1,1,1,1,1,1,1,1,1,1,1,1,1,1,1,1,1,1,1,1,1,1,1,1,1,1,1,1,1,1,1,1,1,1,1,1,1,1,1,1,1,1,1,1,1,1,1,1,1,1,1,1,1
18,20,265,10,6,2545,1045,11278,13,494,7,44,34 1,1,1,1,1,1,1,1,1,1,1,1,1
526,4513,2,3603,96 1,1,1,1,1
495,4,15895,276,4,15896,597,42,4,4513,2,3603,813,15897,1852,232,31,177,42,240,312,232 1,1,1,1,1,1,1,1,1,1,1,1,1,1,1,1,1,1,1,1,1,1
