69,49,4,15904,15905,141,99,1280,292,528,13,1385,775,2,311,51,120,2,914,104,1305,406,2,1848,757,5,3766,34 1,1,1,1,1,1,1,1,1,1,1,1,1,1,4,4,4,1,1,1,1,1,1,1,1,1,1,1
18,1540,1351,7,406,337,2,71,14,2409,2,15906,5,5192 1,1,1,1,1,1,1,1,1,1,1,1,1,1
18,586,406,2965,34,2,71,21,61,2015,100,12,6,78,13,44,205,5,1033,609 1,1,1,1,1,1,1,1,1,1,1,1,1,1,1,1,1,1,1,1
18,1351,7,1848,388,5,34,12,3796,32,57 1,1,1,1,1,1,1,1,1,1,1
1305,388,12,1585,5,744 1,1,1,1,1,1
18,21,61,3180,12,960,1296,22,291,2,1934,83,22,5,4829,109,22,59 1,1,1,1,1,1,1,1,1,1,1,1,1,1,1,1,1,1
18,21,1008,2334,2,15907,4515,37,18,319,31,4229,6,34,32,63,1287 1,1,1,1,1,1,1,1,1,1,1,1,1,1,1,1,1
18,14,926,17,63,4516,141,10,954,5,6833,286,23,34,709 1,1,1,1,1,1,1,1,1,1,1,1,1,1,1
167,1385,775,4,902,911,2547,13,188,1385,2,1235,9152,2,9153,2548,2,2225,6136,1356,127,2469,76,36,58,199,309,4,795,7772,9154,4,380,4517,81,341,6834,6835,1168,58,199,3797,527,77,1286,9,1889,8,1456,2,35,45,9,62,8,25,283,7773,9,9155,8,35,1593,2478,506,2224,9,3991,8,683,2,35,45,9,62,8,25,291,4,51,1555,509,2,102,1555,506,3616,9,6137,767,8,1541,2,35,45,9,62,8,25,33,4829,9,1934,1565,8,390,2,35,45,9,62,8,25,59,138,138,406,34,4,578,11288,100,80,1286,9,1889,8,2479,2,35,45,9,62,8,25,291,960,9,2480,8,683,2,102,595,9,62,8,25,291,98,154,107,9,62,8,1803,1397,9,131,1397,9,1629,8,8,1200,956,506,2,105,956,506,405,59,910,1361,51,2411,1206,873,138,138,1692,9,1594,397,8,7774,2,35,45,9,62,8,25,33,98,365,107,9,62,8,184,521,2,35,45,9,62,8,25,33,131,135,1803,9,131,135,1629,8,1175,923,405,1934,521,2,35,45,9,62,8,25,1595,138,34,12,168,2,6138,137,172,36,905,2335,36,905,1100,4,295,12,15908,13,15909 1,1,1,1,1,1,1,1,1,1,1,1,1,1,1,1,1,1,1,1,10,1,1,1,1,1,1,1,1,1,1,1,1,1,1,1,1,1,1,1,1,1,1,1,1,1,1,1,1,1,1,1,1,1,1,1,1,1,1,1,1,1,1,1,1,1,1,1,1,1,1,1,1,1,1,1,1,1,1,1,1,1,1,1,1,1,1,1,1,1,1,1,1,1,1,1,1,1,1,1,1,1,1,1,1,1,1,1,1,1,1,1,1,1,1,1,1,1,1,1,1,1,1,1,1,1,1,1,1,1,1,1,1,1,1,1,1,1,1,1,1,1,1,1,1,1,1,1,1,1,1,1,1,1,1,6,1,1,1,1,1,1,1,1,1,1,1,1,1,1,1,1,1,1,1,1,1,1,1,1,1,1,1,1,1,1,1,1,1,1,1,1,1,1,1,1,1,1,1,1,1,13,1,1,1,1,1,1,1,1,1,6,6,6,1,1,1,1,1,1,1,1,1,1,1,1,1,1,1,1,1,1,1,1,1,1,1,1,1,1,1,1,1,1,1,1,1,1,1,1,1,1
3798,2,3799,98,83,159 1,1,1,1,1,1
11,2226,840 1,1,1
114,4,35,8,2107,1012,2,239,10,1385,15910,21,201,58,9156,32,63,1287,17,1243,7,23,1024,757,34 1,1,1,1,1,1,1,1,1,1,1,1,1,1,1,1,1,1,1,1,1,1,1,1,1
2878,909,3800 1,1,1
222,31,1454,97,1207 1,1,1,1,1
539,4830,9157,536,4,1224 1,1,1,1,1,1
51,8,2793,12,11289,6836,239,10,3619,2052,19,960,9,5,2224,17,1353,709,8 1,1,1,1,1,1,1,1,1,1,1,1,1,1,1,1,1,1,1
1208,470,42,15911 1,1,1,1
209,621,10,11290,23,34,338,322,10,150,9158,9,1095,36,2879,2,15912,2,2162,8 1,1,1,1,1,1,1,1,1,1,1,1,1,1,1,1,1,1,1,1
102,8,3619,687,1191,27,140,50,61,456,2287,110,19,486,59 1,1,1,1,1,1,1,1,1,1,1,1,1,1,1
183,8,15913,2966,65,2880,644,5,90,15914,2,15915 1,1,1,1,1,1,1,1,1,1,1,1
15916,5,5193 1,1,1
438,257,65,1777,972,424,1741 1,1,1,1,1,1,1
47,6139,23,1682,10,55,2001 1,1,1,1,1,1,1
58,2268,9159,40,3181,6,3620,11291,814,15917 1,1,1,1,1,1,1,1,1,1
1306,9160,5614,2,195 1,1,1,1,1
