69,49,4,15939,414,4,9149,2,6134,485,4,15940,622,101,401,17,356 1,1,1,1,1,1,1,1,1,1,1,1,1,1,1,1,1
699,419,136,947,15941,922,2,5,586,1853,3303,58,15942,476,230,59 1,1,1,1,1,1,1,1,1,1,1,1,1,1,7,1
167,1385,775,4,902,911,2547,13,188,1385,2,1235,9152,2,9153,2548,2,2225,6136,1356,127,2469,76,309,9154,4,380,4517,81,341,6834,6835,1168,77,1692,9,1594,397,8,25,33,9,7774,45,60,35,45,9,62,8,98,365,123,8,2224,9,3991,8,25,291,9,683,45,5194,60,35,45,9,62,8,8,2,51,1555,509,2,102,1555,506,3616,9,6137,767,8,25,33,9,1541,45,60,35,45,9,62,8,8,1286,9,1889,8,25,291,9,2479,45,60,35,45,9,62,8,8,1286,9,1889,8,25,283,9,1456,45,60,35,45,9,62,8,8,11298,25,283,9,7779,45,60,684,7780,45,9,62,8,8,2,3172,1171,852,262,7,1286,32,119,11299,960,9,2480,8,25,291,9,2881,45,60,35,45,9,62,8,8,2,60,35,1973,27,1244,7773,9,9155,8,7781,2478,509,2967,9,2549,850,1512,8,11300,2482,33,1803,1397,9,131,1397,9,1629,8,8,6141,506,2,564,956,506,405,59,184,25,33,9,521,45,60,35,45,9,62,8,8,11301,5195,684,41,7781,3182,506,910,1361,5617,1206,873,138,138,1934,25,3063,98,119,107,138,34,12,168,2,6138,9,521,45,60,35,45,9,62,8,8,2,39,3288,1566,10,11313,2,4829,3154,3803 1,1,1,1,1,1,1,1,1,1,1,1,1,1,1,1,1,1,1,1,10,1,1,19,1,1,1,1,4,4,1,1,1,1,1,1,1,1,1,1,1,1,1,1,1,1,1,1,1,1,1,1,1,1,1,1,1,1,1,1,1,1,1,1,1,1,1,1,1,1,1,1,1,1,1,1,1,1,1,1,1,1,1,1,1,1,1,1,1,1,1,1,1,1,1,1,1,1,1,1,1,1,1,1,1,1,1,1,1,1,1,1,1,1,1,1,1,1,1,1,1,1,1,1,1,1,1,1,1,1,1,1,1,1,1,1,1,1,1,1,1,1,1,1,1,1,1,1,1,1,1,1,1,1,1,1,1,1,1,1,1,1,1,1,1,1,1,1,1,1,1,1,1,1,1,1,1,1,1,1,1,1,1,1,1,1,1,1,1,1,6,6,1,1,1,1,1,1,1,1,1,1,1,1,1,1,1,13,1,1,1,1,1,1,1,1,1,1,1,1,7,1,1,1,1,1,1,1,1,1,1,1,1,1,1,1,1,1,1,1,1,1,1,1,1,1,1,1,1,1,1,1,1,1,1,1,1,1,1,1,1,1,1,1,1,1
21,1936,5199,10,260,36,58,5614,910,2483,1974,3183,4241,2,11302,11303,131,135,1803,9,1175,923,405,2,245,32,575,137,172,36,905,2335,36,905,2063,36,905,4,3993,1934,6147,15943 1,1,1,1,1,1,1,1,1,1,1,1,1,1,1,1,6,6,6,1,1,1,1,1,1,1,1,1,1,1,1,1,1,1,1,1,1,1,1,1,1,1
93,73,4,2464,528,2,15944,2,3071,2334 1,1,1,1,1,1,1,1,1,1
520,359,616 1,1,1
2878,289,368,111,11314,226,90,2,694,418,1268,242,4,161,1012,4,15945,2,1934,165,120,4,1191,6148,2,19,857,15946,2,383,10,196,956,283 1,1,1,1,1,1,1,1,1,1,1,1,1,1,1,1,1,1,1,1,1,1,1,1,1,1,1,1,1,1,1,1,1,1
102 1
249,15947,692,2630 1,1,1,1
1542,15948,1306,9160,2391,5614,2,96 1,1,1,1,1,1,1,1
