67,54,4,18109,404,17,278,4,1188,87,302,498,13,626,5296,3,514,10,46,5002,3250,19,679,3,119,46,68,278,10,575,172,3,284,582,15,1083,3250,862 1,1,1,1,1,1,1,1,1,1,1,1,1,1,1,1,1,1,1,1,1,1,1,1,1,1,1,1,1,1,1,1,1,1,1,1,1,1
282,4,1188,379,358,13,674,173,17,151,3,3891,1029,3,1319,3,363,5,1013,121,20,162,17,626,194,188,34 1,1,1,1,1,1,1,1,1,4,1,1,1,1,1,1,1,1,1,1,1,1,1,1,1,1,1
16,21,38,5296,17,27,1376,544,87,75,14,2175,12,23,794,1365,1177,3,1169,584,3,984,13,1210 1,1,1,1,1,1,1,1,1,1,1,1,1,1,1,1,1,1,1,1,1,1,1,1
6,34,38,626,1152,37,16,21,15,244,500,582,161 1,1,1,1,1,1,1,1,1,1,1,1,1
16,368,31,1210,51,17,15,493,435,27,15,85 1,1,1,1,1,1,1,1,1,1,1,1
16,90,741,18110 1,1,1,1
16,38,62,679,7,6,6482,1080,18111,75,275,5002,3250,18112,17,62,1984,1178,12,23,3250 1,1,1,1,1,1,1,1,1,1,1,1,1,1,1,1,1,1,1,1,1
16,21,38,62,3424,75,20,44,3,16,21,38,15,1083,570,75,20,12779 1,1,1,1,1,1,1,1,1,1,1,1,1,1,1,1,1,1
16,109,31,46,62,185,961,26,2013,1138 1,1,1,1,1,1,1,1,1,1
23,1319,14,2237,5,1762,10,23,151 1,1,1,1,1,1,1,1,4
16,20,481,115,17,15,4165,2836,2772,10,172,6,3250,1178,3,51,6,34,21,68,470,170,3,16,20,162,17,62,2362,285,115 1,1,1,1,1,1,1,1,1,1,1,1,1,1,1,1,1,1,1,1,1,1,1,1,1,1,1,1,1,1,1
7,55,16,21,2237,494,422,10,23,1319,3,1851,494,7,209,76 1,1,1,1,1,1,1,1,1,1,1,1,1,1,1,1
16,90,88,140,314,3,249,3,459,3,421,970,3,377,1059 1,1,1,1,1,1,1,1,1,1,1,1,1,1,1
16,109,146,590,75,21,1639,626 1,1,1,1,1,1,1,1
674,4,176,151,178,3891,1029,13,2243,1440,195,71,1082,253,363,346,1319,460,1957,652,256,2676,8784,833,4360,18113,13,4583,666,323,5,136,34,995,2207,141,3893,3527,254,4,4361,3,7790,3,1522,3,2176,3,8785,3,2677,3,165,3,950,3,1827,233,4,790,1022,4,661,38,71,3,573,583,7,567,373 1,1,1,4,1,1,1,1,1,1,1,1,1,1,1,1,1,1,1,1,1,1,1,1,1,1,1,1,1,1,1,1,1,1,15,1,1,1,1,1,12,1,1,1,1,1,1,1,1,1,1,1,8,1,1,1,11,1,1,1,1,1,1,1,1,1,1,1,1,1,1
1144,4,285,12,12780,5993,18114,405,75,85,16,38,18115,1543,10,4362 1,1,1,1,1,1,1,1,1,1,1,1,1,1,1,1
919,66,285,12,6,2579,7,18116,8776,16,146,15,180,18117,403,7,699,3,1221,403,7,1602,485,157,3,488,159,18118 1,1,1,1,1,1,1,1,1,1,1,1,18,18,18,18,18,1,1,1,1,1,1,1,1,1,1,1
90,247,18119 1,1,1
545,4,207,4,2280,767,3,12,11,18120,342,227,4,1852,601,665,3,1042,97,3425,3,11,879,3,11,910,48,4,751,4583,644,4,455,5003,304,3,310,3,11,3320,362,4,329,588,3,152,3,979,3,2045,3,11,1128,531,4,11,1379,352,4,18121,1006,783,29,1688,3321,1056,3,217,2724,3,3525,3,4363,3,2439,415,100,149,4,819,1932,392,279,333,5994,349,2482,536,4782,653,1733,18122,29,12781,2007,1294,6483,5003,3424,12782,4,5003,292,5297,320,1388,2316,679,18123,4,5002,18124,5614,12,12783,5,2617,3,479,17,1984,1178,12784,4,293,7049,14,15,1188,87,302,358,13,15,544,87,18125,7,18126,194,188,34,3,18127,12,1692 1,1,1,1,1,1,1,1,1,1,1,1,1,1,1,1,1,1,1,1,1,1,1,1,1,1,1,1,1,1,1,1,1,1,1,1,1,1,1,1,1,1,1,1,1,1,1,1,1,1,1,1,1,1,1,1,1,1,1,1,1,1,1,1,1,1,1,1,1,1,1,1,1,1,1,1,1,1,1,1,1,1,1,1,1,1,1,1,1,1,1,1,1,1,1,1,1,1,1,1,1,1,1,1,1,1,1,1,1,1,1,1,1,1,1,1,1,1,1,1,1,1,1,1,1,1,1,1,1,1,1,1,1,1,1,1,1,1,1,1,1,1,1,1,1,1
6,34,21,626,10,15,173,444,1152,37,16,5004,372,7,23,65,12,859 1,1,1,1,1,1,1,1,1,1,1,1,1,1,1,1,1,1
16,242,46,62,679,7,6,6461,1080,75,20,72,708,92,242,275,18128,5614,12,6,1903,5,2281,1083,3250 1,1,1,1,1,1,1,1,1,1,1,1,1,1,1,1,1,1,1,1,1,1,1,1,1
677,1849,6,664,7,311,8786,26,1033,1984,1178 1,1,1,1,1,1,1,1,1,1,1
16,109,46,153,765,3,51,11,174,448,10,508,643 1,1,1,1,1,1,1,1,1,1,1,1,1
119,464,160,15,493,3164,5995,7,532,10,826,40,319 1,1,1,1,1,1,1,1,1,1,1,1,1
174,1984,1178,1152,35,1759,66,4364,546,52,2955 1,1,1,1,1,1,1,1,1,1,1
12,475,3,16,21,15,403,7,15,269,1333,3,885,134,16,1466,38,308,2676,26,20,343,4783 1,1,1,1,1,1,1,1,1,1,1,1,1,1,1,1,1,1,1,1,1,1,1
14,88,7,40,2676,367,420,4,56,7791,12785,56,12786,336,18129,6484,961,35,74,57,18130,8786,56,18131,18132,56,10293,785,56,482,48,241,10,1593,155,373,138,23,30,7,699,56,1084,233,554,56,41,81,6,679,13,4181,10,299,15,476,1154,56,482,2836,862,441,113,3,1974,41,31,52,449,10,582,89 1,1,1,1,1,1,1,1,1,1,1,1,1,1,1,1,1,1,1,1,1,1,1,1,1,1,1,1,1,1,1,1,1,1,1,1,1,1,1,1,1,1,1,1,1,1,1,1,1,1,1,1,1,1,1,1,1,1,1,1,1,1,1,1,1,1,1,1,1,1,1,1
56,41,81,1787,5,1933,13,64,18133,12,6,2441 1,1,1,1,1,1,1,1,1,1,1,1
941,360,17,40,278 1,1,1,1,1
7792,12787,5615,3,107 1,1,1,1,1
