67,54,4,18134,404,17,112,4,903,17,71,12788 1,1,1,1,1,1,1,1,1,1,4,1
826,319,174,12789,1058,771 1,1,1,1,1,1
450,7,8787,340,5,53,489,1050 1,1,1,1,1,1,1,1
694,30,4,53,489,1050,20,575,51,344,99,226,85 1,1,1,1,1,1,1,1,1,1,1,1,1
1123,15,113,26,470 1,1,1,1,1
8787,20,1307,34,51,20,31,449,10,7055,92 1,1,1,1,1,1,1,1,1,1,1
190,211,5,31,984,159,99,221 1,1,1,1,1,1,1,1
2483,271,16,14,2208,467,23,39,5,16,14,2046,23,1622,731,223,40 1,1,1,1,1,1,1,1,1,1,1,1,1,1,1,1,1
11,199,474,26,268,1976,618,234,174,306,1146,20,768,12,808,356,55 1,1,1,1,1,1,1,1,1,1,1,1,1,1,1,1,1
427,7,81,7,182,465,886 1,1,1,1,1,1,1
39,4,6,39,5616,14,1122,35,99,85,3,708,17,475,7,1126,132 1,1,1,1,1,1,1,1,1,1,1,1,1,1,1,1,1
102,101,4,148,10275 1,1,1,1,1
174,701,1043 1,1,1
655 1
18135 1
700,4,1341 1,1,1
2484 1
5996 1
227,4,18136 1,1,1
500,2716,5617 1,1,1
155,4,91 1,1,1
130,4,569 1,1,1
214,77,4,416,2047,12,6485 1,1,1,1,1,1,1
15,1103,12790,2006,12,114 1,1,1,1,1,1
1058,101,4,394,489,13,406,1693 1,1,1,1,1,1,1,1
53,489,308,1693,14,265,1129,10,6,99,2097 1,1,1,1,1,1,1,1,1,1,1
666,13,18137,82,205,61 1,1,1,1,1,1
2150,465,111,10294,851,7,2471,5298 1,1,1,1,1,1,1,1
471,7,759,12,394,489,1441,3,312,12,6,53,518 1,1,1,1,1,1,1,1,1,1,1,1,1
18138,7,196,19,6,7793,518,7,666 1,1,1,1,1,1,1,1,1
21,2674,7,5997,762,7,666 1,1,1,1,1,1,1
6,427,7,618,101,3,770,7,2956 1,1,1,1,1,1,1,1,1
886,66,99,2097 1,1,1,1
339,4,71,12788 1,1,4,1
826,319,174,12789,1058,771,4166,12,489 1,1,1,1,1,1,1,1,1
575,43,8787 1,1,1
1498,84,7,871,1195 1,1,1,1,1
161,315,7794,5998 1,1,1,1
185,347 1,1
104,4,176,86,8787,115,58,45,167,711,956,15,65,29,2678,138 1,1,1,1,1,1,1,1,1,1,1,1,1,1,1,1
178,208,482,3885,2436,3,138,23,311,3758,5,2047,153,400,10,7795,340 1,1,1,1,1,1,1,1,1,1,1,1,1,1,1,1,1
195,976,903,17,71,198,13,174,331 1,1,1,1,1,1,1,1,1
566,4,903,12,210,129,26,470 1,1,1,1,1,1,1,1
2668,7056,3165,3,107 1,1,1,1,1
