67,54,4,18168,281,297,424,10278,1622,124,404,17,112,1428,379,498,13,151,3,3154,142,3,2243,1440,3,287,3,7060,61,13,2035 1,1,1,1,1,1,1,1,1,1,1,1,1,1,1,1,1,4,1,1,7,1,1,1,1,15,1,1,1,1,3
28,20,12,23,3313,9,114,406,102,308,1086,170,2243,1440,5,1498,8,597,272,7,168 1,1,1,1,1,1,1,1,1,1,1,1,1,1,1,1,1,1,1,1,1
16,38,1268,128,118,421,970,123,58,113,73,263,5,118,648 1,1,1,1,1,1,1,1,1,1,1,1,1,1,1
16,98,1268,627,484,18169,408,364,724,75,16,1762,10,500,3253,3530 1,1,1,1,1,1,1,1,1,1,1,1,1,1,1,1
16,2957,7799,272,13,1104,590,3,1386,10300,16,1031,10,23,2838,1416,1089,27,8791,5,1268,990 1,1,1,1,1,1,1,1,1,1,1,1,1,1,1,1,1,1,1,1,1,1
23,1386,20,2470,3,148,18170,3,523,4587,177,275,2442,6489,329,10252,292,18171,442,53,13,472,1865,5300 1,1,1,1,1,1,1,1,1,1,1,1,1,1,1,1,1,1,1,1,1,1,1,1
23,897,5,805,143,269 1,1,1,1,1,1
16,20,343,13,252,3,1534,3,1176,3,5,676 1,1,1,1,11,1,1,1,1,1,1,1
16,21,68,923,770,159,8791 1,1,1,1,1,1,1
147,1003,9,81,8,6000,793,71,324,793,4031,793,776,793,181,120,76,793,2243,1440,793,489,34,793,71,1082,793,1013,793,363,793,153,765,793,590,793,266,188,34,793,226,7,184,793,3893,3527,4185,2245,2043,992,76,238,161,4,1221,1095,648,436,936,793,147,181,120,76,30,7,212,220,269,1011,18172,9,3160,19,7061,8,29,159,286,38,193,8792,12,10277,3,8793,3,18173,9,51,344,18174,10296,8 1,1,1,1,1,1,1,1,1,1,1,1,1,1,10,10,10,1,1,1,1,1,1,1,1,1,1,1,1,1,1,1,1,1,1,1,1,1,1,1,1,1,1,1,1,1,1,1,1,1,1,1,1,1,1,1,1,1,1,1,1,10,10,10,1,1,1,1,2,2,2,1,1,1,1,1,1,1,1,1,1,1,1,1,1,1,1,1,1,1,1,1,1,1
79,19,252,3,5295,13,4366,1579,9,99,772,12796,1579,6438,3,580,2958,8 1,1,11,1,12,1,1,1,1,1,1,1,1,1,1,35,35,35
1165,12791,4,559,1594,42,3,1562,3,131,509,3,11,8794 1,1,1,1,1,1,1,1,1,1,1,1,1,1
1553,1139,5619,10301 1,1,1,1
873,4,445,401 1,1,1,1
791,252 1,11
237,827,772,393,5,84,10,236,382,32,17,2774,341,709,355 1,1,1,1,1,12,12,12,1,1,1,1,1,1,1
406,12,157,7,1534,3,1176,13,2243,1440 1,1,1,1,1,1,1,1,1,1
2243,1440,1097,170,6001,3,166,507,10,3891,1029,66,71 1,1,1,1,1,1,1,1,1,1,1,1,1
86,10,1268,616,329,300,13,1742,1210 1,1,1,1,1,1,1,1,1
19,7790,18175,3,7062,141,305,3,2121,2034,4367,3892 1,1,1,1,1,1,1,1,1,1,1,1
873,4,1175,7063,1278 1,1,1,1,1
160,4367,3892 1,1,1
86,7790,1389,3760,3,208,160,10,377,7062 1,1,1,1,1,1,1,1,1,1
153,765,28,21,15,256,151,5,1319 1,1,1,1,1,1,4,1,1
472,819,471,66,1684,3,51,1031,35,266,35,1932,12,6,124,13,1959 1,1,1,1,1,1,1,1,1,1,1,1,1,1,1,1,1
6490,8795,963,7064,18176,1287,153,76 1,1,1,1,1,1,1,1
4588,64,12797 1,1,1
16,527,16,728,320,615,4368,2361,7,1599,32,51,1770,109,887,728,35,681,35,37 1,1,1,1,1,1,1,1,1,1,1,1,1,1,1,1,1,1,1,1
873,4,1175,1959,3,1687,329,3652,7065,3020,445 1,1,1,1,1,1,1,1,1,1,1
308,39,4361,171,22,25,32,2533,36,32,1118,378,25,32,950,672,25,69,770,2124,39,165,4182,521,1245,1034,605,3,1695,1034,18177,8785,108,25,32,2677,3324,22,25,69,167,7790,1389,22,25,32,58,298,25,32,1522,549,25,32,2681,965,1318,1014,1318,2530,32,8789,141,22,25,32,752,487,2534,3325,25,32,512,1072,18178,25,305,2125,3326,25,662,113,19,3428,3021,13,5005,4368 1,1,12,1,1,1,1,11,1,1,1,1,1,1,1,1,1,1,1,1,1,8,1,1,1,1,1,1,1,1,1,1,1,1,1,1,1,1,1,1,1,1,1,1,1,1,1,1,1,1,1,1,1,1,1,1,1,1,1,1,1,1,1,1,1,1,1,1,1,1,1,1,1,1,1,1,1,1,1,1,1,1,1,1,1,1,1,1
1599,3,557,4585,442,10302,3166,7800,25,32,18179,9,12798,32,167,8,35,496,203,462,22,25,32,175,1008,2126,35,496,601,1756,816,442,47,231,601,1756,816,442,3653,320,2775,12799,5006,1248,3429,18180,18181,157,35,496,47,231,18182,18183,340,175,1008,154,18184,9,5301,231,3,3653,108,8,33,18185,2608,496,296,726,81,7,182,72,2246,55,270 1,1,1,1,1,1,1,1,1,1,1,1,1,1,1,1,1,1,1,1,1,1,1,1,1,1,1,1,1,1,1,1,1,1,1,1,1,1,1,1,1,1,1,1,1,1,1,1,1,1,1,1,1,1,1,1,1,1,1,1,1,1,1,1,1,1,1,1,1,1,1,1,1,1,1,1,1,1,1
102,101,807,4787,133,382,63,94,3654,1417,386,156,625,322,77,377,511,682,764 1,1,1,1,1,1,6,6,6,1,1,1,1,1,1,1,1,1,1
207,197,7801,3,2280,358,3,480 1,1,1,1,1,1,1,1
196,209,715,1873,84,682,2959,3,196,3167,3,2619 1,1,1,1,1,1,1,1,1,1,1,1
227,1806,3,863,3,665,3,3531,91,97,685,26,1296 1,1,1,1,1,1,1,1,1,1,1,1,1
11,202,7,1575,2443,26,34,13,1575,759,19,77 1,1,1,1,1,1,1,1,1,1,1,1
136,576,5007,29,216,2725,3,217,100,97,222,3,11,3096 1,1,1,1,1,1,1,1,1,1,1,1,1,1
48,751,682,968,7802 1,1,1,1,1
214,2098,3,11,969 1,1,1,1,1
44,326,327 1,1,1
779,77,5008,193,12,6,2247 1,1,1,1,1,1,1
114,11,743,3,750,3,93 1,1,1,1,1,1,1
31,2034,4367 1,1,1
3327,3532,12800,2177,59,489 1,1,1,1,1,1
682,666,872,18186,762,8796 1,1,1,1,1,1
1268,618,34,682,1788,5,5302,3,59,489,5,59,7803 1,1,1,1,1,1,1,1,1,1,1,1,1
3894,928,204,682,666 1,1,1,1,1
377,18187,1086,34,682,666,3,187,18188 1,1,1,1,1,1,1,1,1
409,628,682,2363,3,416,406,43,34 1,1,1,1,1,1,1,1,1
352,15,78,1117,1200,3,925,2960,928,204 1,1,1,1,1,1,1,1,1,1
1056,217,5,675,123,210,114 1,1,1,1,1,1,1
415,682,2439 1,1,1
700,1043,3,51,606,2343,1086,4369 1,1,1,1,1,1,1,1
604,682,764 1,1,1
192,5,104,176,212,4,2035,3,19,252,3,676,3,1163 1,1,1,1,1,1,3,1,1,11,1,1,1,1
18189,10,126,3,445,401,12,272 1,1,1,1,1,1,1,1
237,827,772,393,5,84,10,236,382,32,17,2774,341,709,355 1,1,1,1,1,12,12,12,1,1,1,1,1,1,1
52,244,8797,12,157,7,1534,3,1176,13,2243,1440,9,16,21,3154,142,51,14,114,2243,186,16,1210,115,8 1,1,1,1,1,1,1,1,1,1,1,1,1,1,1,1,7,1,1,1,1,1,1,1,1,1
33,1553,278,857,33,7804,123,2402,33,118,1534,29,659,1176,13,401,445 1,1,1,1,1,1,1,1,1,1,1,1,1,1,1,1,1
33,6491,390,1165,35,135,1553,33,772,1579,401,29,3168,236,10,382,32 1,1,1,1,1,1,1,1,1,1,1,1,1,12,1,1,1
178,148,4,2243,18190,106,33,982,7062,3,8788,33,148,179,13,1534,9,16,41,31,52,449,10,530,163,19,40,8,3,247,1848,329,4584,35,160 1,1,1,1,1,1,1,1,1,1,1,1,1,1,1,1,1,1,1,1,1,1,1,1,1,1,1,1,1,1,1,1,1,1,1
195,1319,4,151,329,209,4370 1,1,1,4,1,1,1
86,1959,13,1687,7065 1,1,1,1,1
33,3652,3,659,1176 1,1,1,1,1
253,151,4,19,165,4182,3,1413,10303,3,18191 1,4,1,1,8,1,1,1,1,1,1
86,892,1386,3,1237,35,160 1,1,1,1,1,1,1
6491,8798,865,5,299,15,1335,278 1,1,1,1,1,1,1,1
50,272,479,37,16,14,19,1520,681,145,165,646,23,4186,5,23,266,7805,27,8791,1023 1,1,1,1,1,1,1,1,1,1,8,1,1,1,1,1,1,1,1,1,1
16,208,160,10,84,188,10,596,5,145,9,20,1063,12,6,80,1086,500,889,5,1013,8 1,1,1,1,1,1,1,1,1,1,1,1,1,1,1,1,1,1,1,1,1,1
346,648,4,6491,118,326,389,9,137,19,3166,329,950,8 1,1,1,1,1,1,1,1,1,1,1,1,1,1
460,79,278,395 1,1,1,1
16,41,166,160,977 1,1,1,1,1
941,17,6,1349,198,2897,50,41,86,10,96,13,360 1,1,1,1,1,1,1,1,1,1,1,1,1
5303,10304,18192,1664,95,149,2015,539,4,18193,33,442,819,8799,18194,4,18195,836,4,3328,442,5304,601,5009,29,1067,447,19,676,897,1263,18196,33,442,18197,3875,292,7806,12796,1579,4,18198,177,18199,4,924 1,1,1,1,1,1,1,1,1,1,1,1,1,1,1,1,1,1,1,1,1,1,1,1,1,1,1,1,1,1,1,1,1,1,1,1,1,1,1,1,1,1,1,1,1,1
523,8800,1865,5300,3,1865,58,3,117,3,1934,506,4,193,205,867,43,5303,10304,229,19,4788,1352,3,12801 1,1,1,1,1,1,1,1,1,1,1,1,1,1,1,1,1,1,1,1,1,1,1,1,1
