69,49,4,16173,101,99,29,414,4,5214,2,4260,485,4,7820,597,49,4,16174,597,42,4,3197,3637,2,96 18,1,1,1,1,1,1,1,1,1,1,1,1,1,1,1,1,1,1,1,1,1,1,1,1,1
49,7,101,4,16175,6,29,14,15,9251,407,13,15,30,7,81,2,127,2,164,143,76,104,774,12,80,17,961 1,1,1,1,1,1,1,1,1,1,1,1,1,1,1,4,1,10,1,9,9,9,1,1,1,1,1,1
361,125,6,134,99,65,507,65,16176 1,1,1,1,1,1,1,1,1
18,14,139,304,1527,12,9252,5,9253 1,1,3,3,3,3,3,3,3
304,23,1154,746,18,85,39,15,817,1867,71,21,61,2230,3299 1,1,1,1,1,1,1,1,1,1,1,1,1,1,1
18,21,311,51,81,5,23,797,728,50,61,214,57,425 1,1,1,1,4,1,1,1,1,1,1,1,1,1
18,14,281,19,310,823,22,1190 1,1,1,1,20,1,1,1
5,607,83,22,1190 1,22,1,1,1
18,14,1634,10,2891,23,333,5,2236,1269 1,1,1,1,1,1,1,1,1,1
18,21,31,39,87,115,7,1403 1,1,1,1,1,1,1,1
18,39,1376,106,121,117,23,523,118,2491,48,23,121,21,61,185 1,1,1,1,1,1,1,1,1,1,1,1,1,1,1,1
23,184,20,288,264,42,507 1,13,1,1,1,1,1
18,21,11,939,44,34,2,702,2,655,2,79,2,26,756 1,1,1,1,1,1,1,1,1,1,1,1,1,1,1
18,21,15,30,7,889,1705,461,5,39,2424,11393,12,6,78 1,1,1,1,1,1,1,1,1,1,1,1,1,1,1
27,6,95,7,23,118,2491,18,39,61,3090,5,39,106,2647,7837,166,5,85,2213,15,67,4553 1,1,1,1,1,1,1,1,1,1,1,1,1,1,1,1,1,1,1,1,1,1,1
18,21,31,166,87,2223,34,2,263,34,2,1463,2,26,3319 1,1,1,1,1,1,1,1,1,1,1,1,1,1,1
18,113,60,23,889,4017,5,23,1962,53,3175,19,6,889,4017 1,1,1,1,1,1,1,1,1,1,1,1,1,1,1
47,39,285,13,29,5,567,363,511,37,18,454,433,15,752,10,1514,23,1132,889,1705,461,48,18,589,10,11394,153 1,1,1,1,1,1,1,1,1,1,1,1,1,1,1,1,1,1,1,1,1,1,1,1,1,1,1,1
85,166,19,23,4864,20,37,18,39,15,409,1016,5,380,1843,693,19,205,65,9252,5,9253 1,1,1,1,1,1,1,1,1,1,1,1,1,1,1,1,1,1,1,1,1,1
18,454,433,15,540,205,12,16177 1,1,1,1,1,1,1,1
18,14,31,460,87,263,34 1,1,1,1,1,1,1
18,21,188,168,34,5,1407,34 1,1,1,1,1,1,1,1
7,99,18,85,39,251,6888,1733,12,6,78,48,3470,10,125,6181,1375,12,9254,26,27,5650,11395,9102,144 1,1,1,1,1,1,1,1,1,1,1,1,1,1,1,1,1,1,1,1,1,1,1,1,1
361,125,23,560,1363,71,20,177,13,6,29,5,23,567 1,1,1,1,1,1,1,1,1,1,1,1,1,1
93,122,4,18,14,12,11,180,326 1,1,1,1,1,1,1,1,1
67,94,9255 1,1,1
112,4,330,86,920,26,229 1,1,1,1,1,1,1
226,4,90,86,856,2,1056,2,26,1223 1,1,1,1,1,1,1,1,1,1
91,4,145,2218,135,2,43,246,5,253 1,1,1,1,1,1,1,1,1,1
11,1093,2,970,26,229 1,1,1,1,1,1
187,4,829,463,2,133,2,375 1,1,1,24,1,1,1,1
18,411,21,106,2348,1867,1787,23,70,1270 1,1,1,1,1,1,1,1,1,1
18,21,15,52,582,143,1059 1,1,1,1,1,1,1
6,1867,21,2237,476,12,1118,1323,10,158,101 1,1,1,1,1,1,1,1,1,1,1
11,4554 1,1
525,243,175 1,1,1
161,164,143,76 1,9,9,9
18,21,11,115,7,5651,118,353,19,23,231,322 1,1,1,1,1,1,1,1,1,1,1,1
23,67,94,14,57,425,13,6,134,383,12,6,184,65,105,10,130,22,82 1,1,1,1,1,1,1,1,1,1,1,1,13,1,1,1,1,1,1
155,5219 1,1
6182 1
155,961,1042,542 1,1,1,1
311,51,81 1,1,4
23,97,654,374,20,4811,71,14,1536 1,1,1,1,1,1,1,1,1
126,231,77 1,1,1
889,1705,461 1,1,1
18,454,50,15,752,3645,63,412,2238,48,18,3646,472,1564 1,1,1,1,1,1,1,1,1,1,1,1,1,1
18,14,2102,37,92,50,31,2349,286,1023,332,26,6183,3199,2569,26,150,1489,17,23,889,1705,461 1,1,1,1,1,1,1,1,1,1,1,1,1,1,1,1,1,1,1,1,1,1,1
155,801 1,1
30,7,409,1016,5,380,1843,693,2177,11389 1,1,1,1,1,1,1,1,1,1
472,129,362,185,19,908,65,9252,5,9253 1,1,1,1,1,1,1,1,1,1
18,692,540,908,12,259,198 1,1,1,1,1,1,1
18,40,207,100,13,260,12,16178,393,92,319,433,15,1401,1771,5,1384,472,1564 1,1,1,1,1,1,1,1,1,1,1,1,1,1,1,1,1,1,1
4865,3197,3637,2,96 1,1,1,1,1
384,4,2630,4,16179,16180,2178,4,16181,6184,1070,4,16182,6185,1070,4,16183 1,1,1,1,1,1,1,1,1,1,1,1,1,1,1,1,1
