67,54,4,18208,414,4,5305,3,4371,542,4,8803,4371,14,15,3533,428,13,106,3,71,5,1044,260,121,468,12,17,15,102 1,1,1,1,1,1,1,1,1,1,1,1,1,1,1,1,1,1,7,1,4,1,1,1,1,1,1,1,1,1
18,21,1044,260,35,607,43,24,169,679,82 1,1,1,1,1,1,1,1,1,1,1
18,368,712,321,223,108,435,5,286,387,34,12,24,1423,5,3762 1,1,1,1,1,1,1,1,1,1,1,1,1,1,1,1
18,21,128,384,34,13,321,3,51,92,14,31,543,5,109,31,957,139,226,18209,3431 1,1,1,1,1,1,1,1,1,1,1,1,1,1,1,1,1,1,1,1,1
6,1423,5,1346,34,538,13,427 1,1,1,1,1,1,1,1
18,109,31,2283,46,188,34,13,6,1423,5,1346,34 1,1,1,1,1,1,1,1,1,1,1,1,1
18,98,21,598,70,525,322,34,37,190,166,62,4789,8804,34,12,24,322 1,1,1,1,1,1,1,1,1,1,1,1,1,1,1,1,1,1
18,49,2840,598,17,37,322,34 1,1,1,1,1,1,1,1
18,109,31,46,88,5620,26,837,12,24,764,26,666 1,1,1,1,1,1,1,1,1,1,1,1,1
18,21,11,95,1297,3,249,26,459 1,1,1,1,1,1,1,1,1
18,21,11,84,12,24,326,26,931 1,1,1,1,1,1,1,1,1
18,21,317,58,71 1,1,1,1,4
18,21,68,49,622,108,22,337 1,1,1,1,21,1,1,1
946 1
24,140,14,211 1,1,1,1
18,109,299,1908,2728,172 1,1,1,1,1,1
18,21,15,30,7,106 1,1,1,1,1,7
18,21,31,38,88,48,34,3,760,3,739,3,437,19,380,26,93 1,1,1,1,1,1,1,1,1,1,1,1,1,1,1,1,1
24,63,94,14,636,60,179,186,18,468,17,24,112,425,3,51,24,491,3,10306,1412,3,15,757,49,24,63,94,27,163,5,18,146,37,92,14,2230,3089 1,1,1,1,1,1,1,1,1,1,1,1,1,1,1,1,1,1,1,1,1,1,1,1,1,1,1,1,1,1,1,1,1,1,1,1,1,1
18,14,137,19,4591,1743,2354,58,298,337 1,1,1,1,9,1,1,1,1,1
651,3,3024,36,298,337 1,1,28,1,1,1
651,3,1807,215,22,2568 1,1,13,1,1,1
18,21,15,30,7,287 1,1,1,1,1,15
18,20,1098,7,236,12,6,80 1,1,1,1,42,42,42,42
18,21,68,49,6,2620,1327,22,337 1,1,1,1,1,34,1,1,1
1208 1
97,698 1,1
18,109,31,191,145,567,10307,51,21,31,55,88,240 1,1,1,1,1,1,1,1,1,1,1,1,1
18,14,7808,3329 1,1,1,1
119,235,12806,1083,2048,570,3,51,18,242,31,1081,10,191,92,27,40,85 1,1,1,1,1,1,1,1,1,1,1,1,1,1,1,1,1,1
119,98,235,895,373,1018 1,1,1,1,1,1
17,132,18,1904,10,191,554,1084,123,195,18,21,31,38,88,300,3,375,3,446,3,1366,26,2841,3,291,34,26,140,314 1,1,1,1,1,1,1,1,1,1,1,1,1,1,1,1,1,1,1,1,1,1,1,1,1,1,1,1,1,1
395,122,24,492,39,2842,12,6,1960 1,1,1,1,1,1,1,1,1
206,30,4,18,14,920 1,1,1,1,1,1
18,728,598,51,31,2039,541 1,1,1,1,1,1,1
18,109,31,238 14,14,14,14
74,14,11,30,7,4592,1229 1,1,1,1,1,1,1
150,30,4,395,122,150,30,2842,12,6,1960 1,1,1,1,1,1,1,1,1,1,1
81,7,182,4,72 1,1,1,1,1
18,21,31,38,15,95,3534,1902 1,1,1,1,1,1,1,1
102,77,4,18,14,15,244,787,428,12,11,199,342 1,1,1,1,1,1,1,1,1,1,1,1,1
24,63,94,425,14,3763 1,6,6,6,6,6
24,136,14,332,97,910,26,222 1,1,1,1,1,1,1,1
155,57,91,97,407,3,1065,26,1116 1,1,1,1,1,1,1,1,1
24,567,57,97,240,26,1189 1,1,1,1,1,1,1
24,103,77,111,15,145,156,5,239,3,44,304,3,310,97,1162,3,1094,26,213 1,1,1,1,1,1,1,1,1,1,1,1,1,1,1,1,1,1,1,1
214,14,152,3,396,97,1128 1,1,1,1,1,1,1
18,14,504,280 1,1,1,23
24,779,77,14,97,240 1,1,1,1,1,1
18,21,11,1044,246,19,1046 1,1,1,1,1,1,1
24,194,114,628,14,1006 1,1,1,1,1,1
18,109,31,46,88,330,93 1,1,1,1,1,1,1
24,443,133,57,217 1,1,1,1,1
24,511,14,204,10,691,1008,12,24,764 1,1,1,1,1,1,1,1,1,1
192,5,104,4,9,36,8,188,34,13,1346,5,1423,34,13,321 1,1,1,1,1,1,1,1,1,1,1,1,1,1,1,1
40,14,1019,290,10,24,1044,260 1,1,1,1,1,1,1,1
313,3,18,14,27,341,17,725,138,24,71,3,106,5,287 1,1,1,1,1,1,1,1,1,1,4,1,7,1,15
119,41,144,194,114,4372,120,264,10,826,319,725 1,1,1,1,1,1,1,1,1,1,1,1
18,368,49,6,2840,2403 1,1,1,1,1,1
17,24,322,34,75,50,191,31,704,14,422 1,1,1,1,1,1,1,1,1,1,1
9,58,8,317,58,71 1,1,1,1,1,4
18,160,15,733,398 1,1,1,1,1
24,63,94,5307,546,52,845,10308 1,1,1,1,1,1,1,1
18,146,37,92,14,543,998,37,444,186,24,491,144,92 1,1,1,1,1,1,1,1,1,1,1,1,1,1
18,160,35,5011 1,1,1,1
18,21,11,202,17,604,27,40,85 1,1,1,1,1,1,1,1,1
9,117,8,436,936 1,1,1,1,1
18,160,15,3534,1902,75,18,20,138,89 1,1,1,1,1,1,1,1,1,1
41,144,554,1084,123,195,119,235,512,1804,17,2070,1468 1,1,1,1,1,1,1,1,1,1,1,1,1
18,41,96,115,12,1062,129,5,2403 1,1,1,1,1,1,1,1,1
18,21,31,38,15,95,3534,1902 1,1,1,1,1,1,1,1
18,20,138,15,3534,1902,12,6,53,3430,97,698 1,1,1,1,1,1,1,1,1,1,1,1
3895,4188,3,107 1,1,1,1
12807 1
