67,54,4,18267,12816,3,18268,3,6012,6,28,20,221,12,2962,13,385,3,64,10323 1,1,1,1,1,1,1,1,1,1,1,1,1,1,1,1,1,1,1,1
1444,82,55,20,81 1,1,1,1,1
6,28,20,221,5,101,43,271 1,1,1,1,1,1,1,1
395,122,6,1444,82,55,17,402,7,6,28,82,80,39,3,206,3,150,30,3,81,7,182,3,5,102,77 1,1,1,1,1,1,1,1,1,1,1,1,1,1,1,1,1,1,1,1,1,1,1,1,1,1,1
730,234,4,277,19,248 1,1,1,1,1,1
30,7,61,328,4,15,10319,498,1500,12,43,23,150,640,7,15,10324,277,19,23,100,595,5,89,3,394,595,57,416,312,2539,306,712 1,1,1,1,1,1,1,1,1,1,1,1,1,1,1,1,1,1,1,1,1,1,1,1,1,1,1,1,1,1,1,1,1
16,21,11,535,184,3,11,48,34 1,1,1,1,1,1,1,1,1
6,28,157,10,245,12,8811,210,65,183,3,953,12,10325,10,245,132,3902,13,23,150,425 1,1,1,1,1,1,1,1,1,1,1,1,1,1,1,1,1,1,1,1,1,1
16,21,15,30,7,484,130,147,17,75,16,14,49,289,3,2684,3,5,1212,5,14,2581,13,571,39 1,1,1,1,1,1,1,1,1,1,1,1,1,1,1,13,1,1,20,1,1,1,1,1,1
16,631,417,23,248,143,31,2539 1,1,1,1,1,1,1,1
92,20,344,89,37,6,150,2487,10,1005,35,16,20,640,7,15,277,37,16,38,416,118,474,7,571,595,100 1,1,1,1,1,1,1,1,1,1,1,1,1,1,1,1,1,1,1,1,1,1,1,1,1,1,1
6,28,82,491,146,37,18,10326,201,301,916,10327,5,1005,37,6,277,1196,834,6,10327,12817,3261,2129,23,595,12,37,1075,1950,3,74,14,4598,13,202,7,5625 1,1,1,1,1,1,1,1,1,1,1,1,1,1,1,1,1,1,1,1,1,1,1,1,1,1,1,1,1,1,1,1,1,1,1,1,1,1
16,98,109,46,202,7,209,715,1873,84,12,23,248 1,1,1,1,1,1,1,1,1,1,1,1,1
6,248,474,14,877,100,109,31,912,10,6,1346,5,14,673 1,1,1,1,1,1,1,1,1,1,1,1,1,1,1
6,28,146,37,16,263,186,16,14,319,12,6,1585,10325,737,3,51,109,31,3658,88,1181 1,1,1,1,1,1,1,1,1,1,1,1,1,1,1,1,1,1,1,1,1,1
21,472,739,5,760,7,117,2347,75,21,31,84 1,1,1,1,1,1,1,1,1,1,1,1
16,21,38,11,627,226,7,184,5,11,48,34 1,1,1,1,1,1,1,1,1,1,1,1
80,39,30,4,173,17,106,3,1524 1,1,1,1,1,1,7,1,1
16,21,11,30,7,971 1,1,1,1,1,1
80,591,30,4,11,173,591,540 1,1,1,1,1,1,1,1
206,30,4,16,14,15,80,1095,3,109,31,728,26,157,357 1,1,1,1,1,1,5,5,5,1,1,1,1,1,1
245,13,23,150 1,1,1,1
150,30,4,2101 1,1,1,1
81,7,182,4,376,3,72 1,1,1,1,1,1,1
127,4,21,11,127 1,1,1,1,1
102,101,4,16,14,980,3,410,3,12,11,342,3,1130 1,1,1,1,1,1,1,1,1,1,1,1,1,1
44,5,211,316,205,3,1045,18269,42,19,702,737 1,1,1,1,1,1,1,1,1,1,1,1
23,77,14,569,708,17,5625,10,6,100,595,13,209,715,1873,84,100,5,565,5313,93,100,877,5,6,595,344,467,10,6,794,322 1,1,1,1,1,1,1,1,1,1,1,1,1,1,1,1,1,1,1,1,1,1,1,1,1,1,1,1,1,1,1,1
16,21,1610,5,877,3,217,2367,2245,133,12,6,764 1,1,1,1,1,1,1,1,1,1,1,1,1
6,427,7,23,101,14,569,13,91,155,5,184,327 1,1,1,1,1,1,1,1,1,1,1,1,1
318,499,438,4,6,28,1645,21,11,104,10,299,15,1622,12,6013 1,1,1,1,1,1,1,1,1,1,1,1,1,1,1,1
16,2050,319,62,2180,17,10325,198,19,953,10,6,318,499 1,1,1,1,1,1,1,1,1,1,1,1,1,1
50,2907,13,201,5,23,150,27,3027,223,6,160,10,1442,299,15,747,198,1622 1,1,1,1,1,1,1,1,1,1,1,1,1,1,1,1,1,1,1
16,20,138,6,1397,17,6,18270,124,5,6014,385 1,1,1,1,1,1,1,1,1,1,1,1
16,21,223,117,113,7,23,39,53,5,16,14,933,37,16,41,160,10,122,3659 1,1,1,1,1,1,1,1,1,1,1,1,1,1,1,1,1,1,1,1
6,150,1535,6,2041,7,40,2345 1,1,1,1,1,1,1,1
747,505,4,89,14,3527 1,1,1,1,1,1
16,14,933,10,86,23,39,35,1367,10,185,6,764,10,377,6,474 1,1,1,1,1,1,1,1,1,1,1,1,1,1,1,1,1
566,4,261,12,2275,534,10,96,115,13,6,747,198,331 1,1,1,1,1,1,1,1,1,1,1,1,1,1
497,12818,3,6012,107 1,1,1,1,1
487,4,12819,292,4,12819,533,43,4,12818,3,6012,746,18271,3660,250,31,81,43,262,331,250 1,1,1,1,1,1,1,1,1,1,1,1,1,1,1,1,1,1,1,1,1,1
