67,54,4,18291,1387,1299,3,2489,262,55,50,582,15,30,5,273,101,7,6,28,5,235,23,355,13,6,385 1,1,1,1,1,1,1,1,1,1,1,1,1,1,1,1,1,1,1,1,1,1,1,1,1,1,1
50,81,6,385,82,55,5,740,13,23,607,461,5,104,7,198 1,1,1,1,1,1,1,1,1,1,1,1,1,1,1,1
6,28,14,15,1772,87,302,498,13,142,3,151,5,365,393,3,6016,19,452,17,1924,3,1906,3,121,61,210,12822,13,187,1114,2349,5,2151,99,78,986,29,36,435 1,1,1,1,1,1,1,1,1,7,1,4,1,15,15,15,1,1,1,1,1,1,1,1,1,1,1,1,1,1,1,1,1,1,1,1,1,1,1,1
20,162,17,1524,2351,5,241,570,20,72 1,1,1,1,1,1,1,1,1,1
751,20,98,44 1,1,1,1
16,38,38,15,1075,255,12,6,10336,12,6,80 1,1,1,1,1,1,1,1,1,1,1,1
20,126,19,15,1163,5,252,5,261 1,1,1,1,12,1,11,1,1
23,551,190,16,208,31,52,37,2581,51,23,905,20,2845,89 1,1,1,1,1,1,1,1,1,1,1,1,1,1,1
92,38,68,58,186,16,1295,12,13,6,1524,78,840,29,6,77,89,111,4,4580,20,18292,4041,5,666,759,2951 1,1,1,1,1,1,1,1,1,1,1,1,1,1,1,1,1,1,1,1,1,1,1,1,1,1,1
53,18293,2447,13,742,12823,4041,5,717,7072,2951,13,62,18294,3540,884,1291,6,965,1657 1,1,1,1,1,1,1,1,1,1,1,1,1,1,1,1,1,1,1,1
70,1114,323,12,6,2089,7,5631,894,5,602,12824,12,6,5019,51,4011,877 1,1,1,1,1,1,1,1,1,1,1,1,1,1,1,1,1,1
20,31,12,8813,6017 1,1,1,1,1
670,3,1009,3,700,376,44 1,1,1,1,1,1,1
192,4,161,315,1524,284,422,10,1924,53,4759,604,13,205,7,209,1769,26,325 1,1,1,1,1,1,1,1,1,1,1,1,1,1,1,1,1,1,1
6,4755,14,312,166,646,9,1540,159,50,242,31,122,88,240,243,1769,6,59,4759,1093,19,6,241,8,5,14,18295,507,10,1906 1,1,1,1,1,1,1,1,1,1,1,1,1,1,1,1,1,1,1,1,1,1,1,1,1,1,1,1,1,1,1
104,4,81,452,1199,826,13,201 1,1,1,1,1,1,1,1
86,252,5,452,5,1163,86,142,5,151,179,41,1008,649,13,2728,641,6,53,4759,604,369,12,320,129 1,11,1,1,1,12,1,7,1,4,1,1,1,1,1,1,1,1,1,1,1,1,1,1,1
1015,3,2661,10337,3,107 1,1,1,1,1,1
7820,5630,124,273,18296,18297,1458,18298 1,1,1,1,1,1,1,1
