67,54,4,18391,528,12855,258,124,882,64,4604,4,941,360,244,681,17,844,1430,7,7834,7083,17,172,7,181,120,76,5,15,70,181,120,1391,35,607,19,241,570 1,1,1,1,1,1,1,1,1,1,1,1,1,1,1,1,1,1,1,1,1,1,1,1,1,10,10,10,1,1,1,1,1,1,1,1,1,1,1
18,14,15,4809,428,13,2237,30,7,699,157,7,1470,306,18392,87,334,620,4045,87,183 1,1,1,1,1,1,1,5,5,5,5,5,5,5,5,5,5,5,5,5,5
18,2103,66,106,3,287,3,345,1098,3,5,1146,197,10,52,15,95,505,7,803 1,1,1,7,1,15,1,1,1,1,1,1,1,1,1,1,1,1,1,1
18,21,2283,68,244,406,12,24,308,2103,66,188,34,3,5,21,636,68,12,88,317,7,145,288,1078 1,1,1,1,1,1,1,1,1,1,1,1,1,1,1,1,1,1,1,1,1,1,1,1,1
18,95,21,1005,437,19,380,225,6,80,267,10,544,129,5,21,68,343,13,170,706,2020,35,60,35,62,959,2009,27,163,5,62,959,1092 1,1,1,1,1,1,1,1,1,1,1,1,1,1,1,1,1,1,1,1,1,1,1,1,1,1,1,1,1,1,1,1,1,1
13,571,516,3,24,437,265,3,51,237,627,35,6,1202,143,2020 1,1,1,1,1,1,1,1,1,1,1,1,1,1,1,1
18,109,146,128,255,7,48,1602,3,75,18,768,35,15,1602,190,12,24,48,3,75,41,99,17,435,27,15,85 1,1,1,1,1,1,1,1,1,1,1,1,1,1,1,1,1,1,1,1,1,1,1,1,1,1,1,1
571,57,31,380,422,5,57,957,620,711,135,113 1,1,1,1,1,1,1,1,1,1,1,1
18,20,469,19,815,13,128,265,3,51,109,190,35,134,18,41,464,387,571,255 1,1,1,1,1,1,1,1,1,1,1,1,1,1,1,1,1,1,1,1
10,268,172,24,116,7,828,263,5,226,7,184,3,18,526,15,241,570,10,172,17,350,3908 1,1,1,1,1,1,1,1,1,1,1,1,1,1,1,1,1,1,1,1,1,1,1
40,20,582,19,18393,5,242,31,111,88,202,7,545,3,313,3,74,20,181,120,1926,13,1523,55,12,6,53,1264,181,120 1,1,1,1,1,1,1,1,1,1,1,1,1,1,1,1,1,1,1,1,1,1,1,1,1,1,1,1,1,1
74,20,15,741,929,643,1391,7,6,70,181,120 1,1,1,1,1,1,1,1,1,1,1,1
18,20,286,510,10,271,17,268,172 1,1,1,1,1,1,1,1,1
80,39,30,4,106 1,1,1,1,7
287 15
345,1098 1,1
53,3105,1528,893 1,1,1,1
5647,432 1,1
2043,992,76 1,1,1
1220 1
803 1
137,39,4,706,2020,913,215,22,32,663,835,141,2365,32,218,180,22,32,203,547,22,32,512,1804,1327,22,32,1712,279,1337,32,236,141,22,32,1522,171,22,32,959,1092,29,2848,4,5,2009,906,127,4,127,18,146,370,8825,2688,2091,13,6,387,7,2432,27,6,85,7,24,2396 1,1,1,1,1,28,1,1,1,1,1,1,1,1,13,1,1,1,11,1,1,1,1,1,1,1,1,1,1,1,1,12,1,1,1,1,1,1,1,1,1,1,1,1,1,1,1,1,1,1,1,1,1,1,1,1,1,1,1,1,1,1,1,1,1,1,1
357,127,8825,2688,3,75,646,1464,135,24,146 1,1,1,1,1,1,1,1,1,1,1
150,30,4,639,17,24,661,13,778,490,27,12865,573,13,484,62,985,130,3,408,121,583,27,12866,206,30,4,18,334,238,4045,87,183,3,356,238,267,1308,135,65,17,1294,87 1,1,1,1,1,1,1,1,1,1,1,1,1,1,1,1,1,1,1,1,1,1,1,1,1,1,1,1,5,1,1,1,1,1,1,1,1,1,1,1,1,1,1
18,245,1272,51,24,491,245,270,24,12,6,1122,5649 1,1,1,1,1,1,1,1,1,1,1,1,1
81,7,182,4,18,90,88,173,84,12,140 1,1,1,1,1,1,1,1,1,1,1
18,21,855,555,1307,13,5010 1,1,1,1,1,1,1
18,146,209,263,5,407,3,75,21,68,265,19,706 1,1,1,1,1,1,1,1,1,1,1,1,1
18,21,226,7,184,13,380,51,90,380,48,34 1,1,1,1,1,1,1,1,1,1,1,1
11,194,114,93,3,418,3,26,616,2914 1,1,1,1,1,1,1,1,1,1
18,146,24,992,116,57,265,19,24,815 1,1,1,1,1,1,1,1,1,1
18,21,11,30,7,419,3,11,30,7,494 1,1,1,1,1,1,1,1,1,1,1
18,146,24,366,46,68,353,179 1,1,1,1,1,1,1,1
376,912,81,7,182,20,72 1,1,1,1,1,1,1
102,101,4,1612,4,586,1546,4,18394,1665,4,18,14,62,1789,428,12,11,342,5,1250,27,427,2251,4,770,7,277,1877,4,703,1674,4,576,20,27,346,18,38,217,216,97,222,1613,4,155,57,91,97,173,407,1502,4,145,3,304,5,310,97,213,1614,4,152,13,15,396,988,2849,860,1595,4,18,38,11,93,12,24,114,13,217,443,133,2540,4,18,14,410,5,642,2182,4,4606,624,177,4,722,338,239,27,586,13,15,53,3105,1528,893 1,1,1,1,1,1,6,6,6,1,1,1,1,1,1,1,1,1,1,1,1,1,1,1,1,1,1,1,1,1,1,1,1,1,1,1,1,1,1,1,1,1,1,1,1,1,1,1,1,1,1,1,1,1,1,1,1,1,1,1,1,1,1,1,1,1,1,1,1,1,1,1,1,1,1,1,1,1,1,1,1,1,1,1,1,1,1,1,1,1,1,1,1,1,1,1,1,1,1,1,1,1,1,1,1,1
192,5,104,4,7834,7083,21,311,341,709,17,181,76,158,106,3,287,3,15,269,150,30,3,5,1602,699,157,12,6,80 1,1,1,1,1,1,1,1,1,1,1,1,1,1,7,1,15,1,1,24,24,24,1,1,1,1,1,1,1,1
18,61,21,38,553,5324,7,15,803,2290,3,75,21,68,922,10,706,5,959,2009,340 1,1,1,1,1,1,1,1,1,1,1,1,1,1,1,1,1,1,1,1,1
24,48,241,570,722,1523,12,6,53,1264,181,120,35,60,35,15,70,181,120,1391 1,1,1,1,1,1,1,1,1,1,1,1,1,1,1,1,1,1,1,1
50,191,1526,18,160,268,172,671,43,400,264,3,5,50,41,1567,62,1813,429,154,5,482,103,593,10,268,5001,24,3524,13,24,311,7086,2850,5,448,35,221,19,24,95,241,570 1,1,1,1,1,1,1,1,1,1,1,1,1,1,1,1,1,1,1,1,1,1,1,1,1,1,1,1,1,1,1,1,1,1,1,1,1,1,1,1,1,1,1
18,41,86,15,1341,2020,13,284,475,7,174,1092,10,179,24,803 1,1,1,1,1,1,1,1,1,1,1,1,1,1,1,1
104,4,176,1813,1021,10,172,17,325,12,1950,7,6,53,182,35,60,35,6,614,18395,1076 1,1,1,1,1,1,1,1,1,1,1,1,1,1,1,1,1,1,1,1,1,1
178,516,7,24,5325,35,135,844,668 1,1,1,1,1,1,1,1,1
195,50,41,122,24,465,12,96,115,12,175,129,5,482,103,593,17,268,172 1,1,1,1,1,1,1,1,1,1,1,1,1,1,1,1,1,1,1
253,50,46,1564,24,10,1717,10,6,318,702,13,6,387,7,88,173,48,34,26,626,226,7,184 1,1,1,1,1,1,1,1,1,1,1,1,1,1,1,1,1,1,1,1,1,1,1,1
84,10,39,40,112,706,2020,913,215,22,32,663,835,141,2365,32,218,180,22,32,203,547,22,32,512,1804,1327,22,32,1712,279,1337,32,236,141,22,32,1522,171,22,32,959,1092,5,2009,906,663,1804,141,2365,32,959,2009,92,14,15,1174,10,4013,12,24,198,5,50,41,86,10,1107,360,2842 1,1,1,1,1,1,1,28,1,1,1,1,1,1,1,1,13,1,1,1,11,1,1,1,1,1,1,1,1,1,1,1,1,12,1,1,1,1,1,1,1,1,1,1,1,1,1,1,1,1,1,1,1,1,1,1,1,1,1,1,1,1,1,1,1,1,1,1,1,1
1015,3,4197,6475,107 1,1,1,1,1
205,867,43,4197,6475,107 1,1,1,1,1,1
19,3909,1173,3,18396 1,1,1,1,1
