69,49,4,16425,29,414,4,5268,2,3662,206,485,4,16426,208,49,7,101,4,16427,384,4,401,17,356,116,2,120,2,178,28,2558,17,568,162,9311,234,4,1697,292,600,216,120,2247,2,789,2,421,2,178,103,1071 18,1,1,1,1,1,1,1,1,1,1,1,1,1,1,1,1,1,1,1,1,1,1,1,1,10,1,4,1,9,1,1,1,1,1,1,1,1,1,1,1,1,4,4,1,16,1,1,1,9,3,3
18,14,724,11513,568,162,13,58,9312,19,9311 1,1,1,1,1,1,1,1,1,1,1
18,692,63,147,2,1311,2,801,2,6926 1,1,1,1,1,1,1,1,1,1
13,16428,10,23,623,709,2,18,14,290,1833,154,22,33,2,184,130,22,33,2,235,368,59,2,5,230,204,22,25,33 1,1,1,1,1,1,1,1,1,1,21,1,1,1,1,13,1,1,1,1,1,1,1,1,1,7,1,1,1,1
18,14,85,290,211,370,22,25,33 1,1,1,1,11,1,1,1,1
47,1293,23,18,454,1171,290,211,788,123,158,10,162 1,1,1,1,1,1,1,11,1,1,1,1,1
18,88,87,455,2,270,2,272,2,402 1,1,1,1,1,1,1,1,1,1
536,4,120,2247,2,18,267,37,23,1191,50,61,32,252,32,2501,4890,12,6932,2,5,32,344,32,11514,12,6,16429 1,1,4,4,1,1,1,1,1,1,1,1,1,1,1,1,1,1,1,1,1,1,1,1,1,1,1,1
18,14,290,607,83,22,51,1555,509 1,1,1,22,1,1,1,1,1
97,2821,1163,12,1215,6933,536,4,1012,28,18,826,2888,196,22,513,259,697,1625 15,15,15,1,1,1,1,1,1,1,1,1,1,1,1,1,1,1,1
47,2179,29,31,10,60,2888,788,123,158,10,568,162 1,1,1,1,1,1,1,1,1,1,1,1,1
39,1320,288,16430,5,483 1,1,1,1,1,1
499,4,32,256,4,1376,647,109,727,136,2470,2502 1,1,1,1,1,1,1,1,1,1,1,1
1605,167,1605,164,143,76,1071,421,81,789,1138,1320,3348,2362,5692,1138,1108,215,1605,77,1605,230,683,25,33,1932,1017,25,33,1833,1674,25,33,235,1668,25,59,210,9,894,8,390,35,45,9,62,8,25,33,184,446,25,33,310,778,35,45,9,62,8,25,59,2016,1303,22,5276,1160,513,83,1902,98,102,1165,4572,590,9,2128,516,917,778,25,51,1366,866,259,697,32,865,2888,9,3844,8,626,25,1834,138 1,1,1,9,9,9,1,1,4,16,1,1,1,1,1,1,1,1,1,1,1,7,1,1,1,1,1,1,1,21,1,1,1,1,1,1,1,12,1,1,1,1,1,1,1,1,1,1,1,13,1,1,1,20,1,1,1,1,1,1,1,1,21,1,1,1,1,1,1,1,1,1,1,1,1,1,1,1,1,1,1,1,1,1,1,1,1,1,1,1,1,1,1,1,1,1
7762,9,16431,8,491,35,45,9,62,8,25,33,1605,137,1605,747,1605,520,359,1605,67,94,4,56,16432,206,52,349,208,206,1147,208,296,4,56,1258,206,135,208,206,1410,208,121,4,56,6222,206,643,208,759,4,3349,2,3485,2,436,2,11,293,229,202,4,966,90,330,16433,2,11,846,2,11,293,229 1,1,1,1,1,1,1,1,1,1,1,1,1,1,1,1,1,1,1,1,1,1,1,1,1,1,1,1,1,1,1,1,1,1,1,1,1,1,1,1,1,1,1,1,1,1,1,1,1,1,1,1,1,1,1,1,1,1,1,1,1,1,1,1,1,1,1,1,1,1,1,1,1
118,4,574,2,1268,226,4,745,11,16434,187,4,1381,2,133,2,875,2,1325,516,4,11,16435,258,4,147,2,1311,2,6926,2,801,2,3608,2,2806,2056,790,17,5268,2,3662,6928,67,9313,9314,1903,46,11515,215,1745,772,1904,1412 1,1,1,1,1,1,1,1,1,1,1,1,1,1,1,1,1,1,1,1,1,1,1,1,1,1,1,1,1,1,1,1,1,1,1,1,1,1,1,1,1,1,1,1,1,1,1,1,1,1,1,1,1,1
502,1412 1,1
190,358,4891,220,46,16436,169,1873,1829,2822,220,6934,169,331,1792,11516,169,397,1604,16437,294,633,1982,11517,294,749,2363,9315,294,488,689,244,16438,294,1498,2653,854,4294,294,16439,1143,16440,612,16441,1200,16442,612,4528,1178,1333,16443,612,11518,3988,1710,6935,169,2817,3988,1517,2168,169,11518,5627,6936,6223,550,1370,2129,16444,550,1937,2057,16445,550,442,4005,16446,169,5277,3845,361,4229,16447,790,17,5268,2,3662,6928,67,9313,9314,1903,46,11515,215,1745,772,1904,1412 1,1,1,1,1,1,1,1,1,1,1,1,1,1,1,1,1,1,1,1,1,1,1,1,1,1,1,1,1,1,1,1,1,1,1,1,1,1,1,1,1,1,1,1,1,1,1,1,1,1,1,1,1,1,1,1,1,1,1,1,1,1,1,1,1,1,1,1,1,1,1,1,1,1,1,1,1,1,1,1,1,1,1,1,1,1,1,1,1,1,1,1,1,1,1,1,1,1,1,1,1
502,1412 1,1
190,298,16448,11519,7897,615,16449,16450,11520,458,1247,16451,550,266,9316,16452,41,530,16453,220,16454,16455,665,5693,220,16456,16457,698,5675,11521,550,666,3667,16458,443,7759,46,16459,7897,11522,41,5278,16460,1637,41,2034,16461,1753,41,16462,16463,732,41,1982,6224,1675,41,1789,16464,11522,46,11523,16465,1637,46,16466,16467,1753,46,16468,16469,732,46,6937,16470,1675,46,3346,16471,2130,261,64,3846,16472,1057,1069,6938,16473,1057,64,9,1060,8,1506,16474,5277,3845,361,4229,2735 1,1,1,1,1,1,1,1,1,1,1,1,1,1,1,1,1,1,1,1,1,1,1,1,1,1,1,1,1,1,1,1,1,1,1,1,1,1,1,1,1,1,1,1,1,1,1,1,1,1,1,1,1,1,1,1,1,1,1,1,1,1,1,1,1,1,1,1,1,1,1,1,1,1,1,1,1,1,1,1,1,1,1,1,1,1,1,1,1,1,1,1,1,1,1,1,1,1,1,1
1532,790,17,5268,2,3662,6928,389,9313,9314,1903,46,16475,215,1745,772,1904,1412 1,1,1,1,1,1,1,1,1,1,1,1,1,1,1,1,1,1
502,1412 1,1
190,1947,1676,772,2419,4,4892,3847,16476,11524,16477,2898,2080,16478,975,148,358,148,16479,4893,148,3988,148,67,148,16480,6862,2178,9317,148,16481,148,298,7766,16482,615,2003,1499,4828,1518,5279,148,11525,16483,1518,7898,148,150,148,1657,148,11526,148,5277,3845,361,4229,2735 1,1,1,1,1,1,1,1,1,1,1,1,1,1,1,1,1,1,1,1,1,1,1,1,1,1,1,1,1,1,1,1,1,1,1,1,1,1,1,1,1,1,1,1,1,1,1,1,1,1,1,1,1,1,1,1,1,1
147,4,764,157,3621,2,4199,4492,2800,833,4,161,6939,4,2821,1163,11527 1,1,1,1,1,1,1,1,1,1,1,1,4,1,15,15,1
40,855,607,2,5,247,310,447,22,25,59 1,22,22,1,1,20,20,1,1,1,1
1293,23,10,31,60,221,262,6,465,7,6,568,162,5,176,2296,852,262,158,10,2101,37,1485 1,1,1,1,1,1,1,1,1,1,1,1,1,1,1,1,1,1,1,1,1,1,1
18,2425 1,1
2472,13,59,262,23,120,40,55,419,425,2,1926,12,2556 1,1,1,1,1,4,1,1,1,1,1,1,1,1
9318,3819,16484,251,11527,48,7899,110,5,454,55,1104,13,310 1,1,1,1,1,1,1,1,1,1,1,1,1,20
280,3106,17,310,124 1,1,1,20,1
165,623,4,116,2,178,103,1071 1,1,1,10,1,9,3,3
40,155,147,80 1,1,1,1
18,14,1433,27,38,95 1,1,1,1,1,1
1293,10,838,211,788,123,158,10,568,162 1,1,1,11,1,1,1,1,1,1
186,1012,4,1293,10,838,2888,788,123,158,10,162 1,1,1,1,1,1,1,1,1,1,1,1
176,60,1165,17,34,1853,3195 1,1,1,1,1,1,1
249,3638,4,724,17,568,162,16485,58,9312,9311 1,1,1,1,1,1,1,1,1,1,1
2558,716,5,4199,258,32,256,2,317,1311,2,801,2,6926,2,1321,2,147,2,5,2806,9,125,258,256,17,457,8,351,9319,4,149,1427,4,4573,1776,22,25,33,98,102,123,6940,46,102,1555 1,1,1,1,1,1,1,1,1,1,1,1,1,1,1,1,1,1,1,1,1,1,1,1,1,1,1,1,1,1,1,1,1,1,1,1,1,1,1,1,1,1,1,1,1,1
459,1542,223,7,1615,16486,9,153,223,158,10,724,568,162,8,10,5694,23,1191,5,120,526,16487,6941,11528,2,96 1,1,1,1,1,1,1,1,1,1,1,1,1,1,1,1,1,1,1,1,4,1,1,1,1,1,1
