69,49,4,16411,6928,303,1315,101,5268,2,3662,11505,101,49,4,16412,38,29,20,201,7894,13,58,16413,2,4570,99,47,50,177,5,13,71,47,1061 18,1,1,1,1,1,1,1,1,1,1,1,1,1,1,1,1,1,1,1,1,1,1,1,1,1,1,1,1,1,1,1,1,1,1
629,391,4,44,34 1,1,1,1,1
30,7,629,391,4,38,14,15,4293,528,104,279,13,849,7,44,34 1,1,1,1,1,1,1,1,1,1,1,1,1,1,1,1,1
6,29,21,15,334,30,7,164,143,76,5,373,288,39,15,369,730,12,1589,7,6930,6,29,39,63,656,7,44,2246,13,366,434,748,10,7895,15,16414 1,1,1,1,1,9,9,9,9,9,1,1,1,1,1,3,1,1,1,1,1,1,1,1,1,1,1,17,17,17,17,1,1,1,1,1,1
6,29,416,37,38,14,2100,17,23 1,1,1,1,1,1,1,1,1
18,113,31,1844,50,422,13,639,136,460,23,369,730 1,1,1,1,1,1,1,1,1,1,1,3,1
37,222,3469,13,468,5,110,6,29,416,18,39,15,1053,403,617,348,7,44,2246,722,6,107,355 1,1,1,1,1,1,1,1,1,1,1,1,1,1,1,1,1,1,1,1,1,1,1,1
6,29,1493,10,16415,224,144,5,434,748,11508,6931,6,144,16416,18,39,2033,7,23,422 1,1,1,1,1,1,1,1,1,1,1,1,1,1,1,1,1,1,1,1,1
6,29,14,4200,19,1367,10,6,303,441 1,1,1,1,1,1,1,1,1,1
163,7,213,4,32,119,6,1901,99 1,1,1,1,1,1,1,1,1
78,89,30,4,5186,81,341,2,1071,2,369,2,164,143,76,2,305,127 1,1,1,1,4,4,4,4,3,1,3,1,9,9,9,1,1,10
77,4,607,2,172,2,235,2,5,355,32,119,6,1901,99 1,1,22,1,11,1,1,1,1,1,1,1,1,1,1
137,4,16417 1,1,1
93,122,4,38,14,15,2790,2,2963,528,12,11,180,326 1,1,1,1,1,1,1,1,1,1,1,1,1,1
520,359,4,870,4486,2,296,1767,2,372,145,105,2,67,94,16418 1,1,1,1,1,1,1,1,1,1,1,1,1,5,5,5
1161,1304,14,738,41,19,674,662 1,1,1,1,1,1,1,1
202,4,1186,2,1125 1,1,1,1,1
1237,53,1025,2,1967,2,1221,10,688,5,4571 1,1,1,1,1,1,1,1,1,1,1
2285,6190,53,175 1,1,1,1
226,4,90,10,452,193 1,1,1,1,1,1
11,942 1,1
11,856 1,1
562,4,135,145,5,212 1,1,1,1,1,1
93,73,14,355,32,119,6,1901,99 1,1,1,1,1,1,1,1,1
489,233,4,258,53,182,17,63,147,71,482,15,399,212,27,1767,2351,119,1409 1,1,1,1,1,1,1,1,1,1,1,1,1,1,1,1,1,1,1
68,53,11509,518,2579,12,1511,2717,5,2489 1,1,1,1,1,1,1,1,1,1
38,20,1323,10,15,158,147,65,1231,3666,5,20,514,10,55,86,182,228 1,1,1,1,1,1,1,1,1,1,1,1,1,1,1,1,1,1
6,316,280,228,19,6,147,14,37,15,937,3997,1807,12,3629,14,110,4527 1,1,1,1,1,1,1,1,1,1,1,1,1,1,1,1,1,1
358,14,5690,2,379,1250,2,331,1267,2,397,1604,2,633,2034,2,749,204,2,4549,1893,2,867,11510,2,3436,2361,2,1328,3346,2,442,2618,2,769,830,3347,2,835,9310,2,2190,7896,2,64,4033,2,1069,16419,1728,482,11,67,2,11,16420,16421,2,11,3308 1,1,1,1,1,1,1,1,1,1,1,1,1,1,1,1,1,1,1,1,1,1,1,1,1,1,1,1,1,1,1,1,1,1,1,1,1,1,1,1,1,1,1,1,1,1,1,1,1,1,1,1,1,1,1,1,1,1,1,1
44,810,482,11,3843,2,11,305,79 1,1,1,1,1,1,1,1,1
364,1958,12,189,4,6,29,20,201,5,1121,12,6,303,441,13,258,5,426,1156,32,1283,256 1,1,1,1,1,1,1,1,1,1,1,1,1,1,1,1,1,1,1,1,1,1,1
6,29,74,30,14,1628,17,714 1,1,1,1,1,9,9,17
6,29,431,63,172,2,32,57,32,501,2,434,12,6,303,441 1,1,1,1,11,1,1,1,1,7,1,1,1,1,1,1
18,21,1558,4200,722,23,2319,7,2545,434,12,6,303,441 1,1,1,1,1,1,1,1,1,1,1,1,1,1
6,29,40,2413,2580,91,785,239,10,23,373,134,44,422,537,5221,4267,10,6,144,5,108,472,53,483,6,29,40,2413,15,3339,91,708,1155,32,63,352,2059,215 1,1,1,1,1,1,1,1,1,1,1,1,1,1,1,1,1,1,1,1,1,1,1,1,1,1,1,1,1,1,1,1,1,1,1,1,1,1,1
678,494,4,714 1,1,1,17
642,9,317,630,712,377,8,4,6,29,20,265,10,6,144,12,2964,630 1,1,1,1,1,1,1,1,1,1,1,1,1,1,1,1,1,1
1416,16422,11511,5691,2,96 1,1,1,1,1,1
11512,16423,16424,597,42,4,11511,5691,2,96 1,1,1,1,1,1,1,1,1,1
11512,232,31,177,42,240,312,232 1,1,1,1,1,1,1,1
