67,54,4,18895,426,4,61,10,2259,198,17,369,10,285,3406,282,4,79,14,15,1320,379,18896,121,356,285,35,62,7153,278,121,21,31,285,95,507,10,198,17,24,328,573,121,21,95,2488,2492 1,1,1,1,1,1,1,1,1,1,1,1,1,1,1,1,1,1,1,1,1,1,1,1,1,1,1,1,1,1,1,1,1,1,1,1,1,1,1,1,1,1,1,1,1,1,1
629,5330,20,99,221,17,62,1908,77,12,13046,139,75,18,21,4217,24,439,1089 1,1,1,1,1,1,1,1,1,1,1,1,1,1,1,1,1,1,1
7,55,3,79,20,95,221,12,230,17,1268,408,92,537,166,808,148,20,365,408 1,1,1,1,1,1,1,1,1,1,1,1,1,1,1,1,1,1,1,1
79,38,1104,1636,3,51,4417,90,1242,3,3675,3,529,3,307,3,678,84,3,26,207,93 1,1,1,1,1,1,1,1,1,1,1,1,1,1,1,1,1,1,1,1,1,1
1694,4,256,1698,169,10,2791,9,7050,17,1091,8,256,1091,256,5283,3456,7047,4,3190,256,843,405,4067,132,2159,308,3,7851,3,11,843,11,18897,285,35,7153,5691 1,1,1,1,1,1,1,1,1,1,1,1,1,1,1,1,1,1,1,1,1,1,1,1,1,1,1,1,1,1,1,1,1,1,1,1,1,1
7046,4,573,583,13047,399,27,13048,58,18898,3,36,848,13,142,36,848,151,254,4,1253,3,5692,233,4,790,545,4,148,8927,1634,9,983,8,480,3,4759,1657,7901,3,455,11,3320,3,11,216,222,3,155,751,682,3,362,703,3,567,1043,3,2281,97,18899,3,531,1043,3,193,10492 1,1,1,1,1,1,1,1,1,1,1,1,1,1,7,1,1,1,1,1,1,1,1,1,1,1,1,1,6,6,6,6,6,6,1,1,1,1,1,1,1,1,1,1,1,1,1,1,1,1,1,1,1,1,1,1,1,1,1,1,1,1,1,1,1,1,1
873,4,567,4,955,632,6572,7,131,5693,1926,12,473,6082,53,567,19,2791,1402 1,1,1,1,1,1,1,1,1,1,1,1,1,1,1,1,1,1,1
79,1831,439,3456,1151,390,1101,10,732,79,43,451 1,1,1,1,1,1,1,1,1,1,1,1
567,77,409,89 1,1,1,1
79,5052,17,3456,19,18900 1,1,1,1,1,1
79,1535,1511,17,2458,7,40,1089 1,1,1,1,1,1,1,1
103,4,79,13,166,747,142 1,1,1,1,1,7,7
148,82,8927,12,2868,5,35,60,35,89 6,6,6,1,1,1,1,1,1,1
79,1499,254,27,10493,112 1,1,1,1,1,1
1331,79,899,641,999,439,13,451 1,1,1,1,1,1,1,1
11,202,1182,2591,3922 1,1,1,1,1
41,46,79,439,13,451,19,5360,10,417,671,1334,12718 1,1,1,1,1,1,1,1,1,1,1,1,1
2740,4,79,464,13,145,7899 1,1,1,1,1,1,1
11,202,7,5690,19,579 1,1,1,1,1,1
1596,4,1579,10494,3,926,335,3,3039,2958,3,7154,1695,3,18901,12913,41,439,13,451,10,2417,417,7,520,194,1325 1,1,78,78,1,1,1,1,1,1,1,1,1,1,1,1,1,1,1,1,1,1,1,1,1,1,1
95,3565,1603,10495,353 1,1,1,1,1
4068,4,99,1238,1043 1,1,1,1,1
1238,582,89 1,1,1
160,10,52,503,17,2796,2797 1,1,1,1,1,1,1
8926,10496,250,2412,51,31,81,43,1007,250 1,1,1,1,1,1,1,1,1,1
