69,49,4,16492,1326,1408,2,2897,4574,7900,2,96 18,1,1,1,1,1,1,1,1,1,1,1
16493,9320,3593,9321,2,4034,9322,536,4,2999,3107,512,46,6942,828,9323,4,47,701,1034,29,2,2999,3107,2,12,6,507,622,80,5,16,1044,621,16,14,504 1,1,1,1,1,1,1,1,1,1,1,1,1,1,1,1,1,1,1,1,1,1,1,1,1,1,1,1,1,1,1,1,1,1,1,1,1
16,404,24,882,53,419,5,37,16,319,974,1441,6871 1,1,1,1,1,1,1,1,1,1,1,1,1
16,404,214,1442 1,1,1,1
24,231,77,563,556,196,22,119,107,2,1606,677,284,22,119,107,2,235,105,22,119,107 1,1,1,1,7,1,1,1,1,1,23,1,1,1,1,1,1,1,1,1,1,1
19,73,80,2,16,21,15,67,94,7,11532,2,15,118,145,7,1211,5,135 1,1,1,1,1,1,1,5,5,5,5,5,1,1,1,1,1,1,1
121,4218,643 1,1,1
392,5,112,483 1,1,1,1
44,14,90 1,1,1
91,73,14,686,17,63,970,5,15,5280,653,872,417 1,1,1,1,1,1,1,1,1,1,1,1,1
6,468,7,24,73,20,483 1,1,1,1,1,1,1
2736,579,2900,1322,14,869,4577,43,399,212,5,15,52,1000,2823 1,1,1,1,1,1,1,1,1,1,1,1,1,1,1
68,14,15,1535,6944,3848,3983 1,1,1,1,1,1,1
47,880,287,3107,14,448,214,57 1,1,1,1,1,1,1,1
16,209,621,10,50,24,1148,243,5696,16494,5,47,1880,10,3340,37,1384 1,1,1,1,1,1,1,1,1,1,1,1,1,1,1,1,1
12,736,2,24,556,21,61,316,631,15,107,5,108,16,319,1897,84,793,15,107,16,40,50,15,419,338,5,268,2233,328,2643 1,1,1,1,7,1,1,1,1,1,1,1,1,1,1,1,1,1,1,1,1,1,1,1,1,1,1,1,1,1,1
47,1208,37,92,383,84,10,196,22,59 1,1,1,1,1,1,1,1,1,1
47,85,936,170,1550,10,60,24,296,5,16,319,1454,63,568,19,84 1,1,1,1,1,1,1,1,1,1,1,1,1,1,1,1,1
108,84,2357,1431,252,92,319,2543,6,262 1,1,1,1,1,1,1,1,1,1
16,963,37,47,125,170,428,12,173,1036,198,17,1072,11533,5,47,40,55,3000,10,273,393 1,1,1,1,1,1,1,1,1,1,1,1,1,1,1,1,1,1,1,1,1,1
108,87,167,2801,12,6,2534,361,273,31,2899,10,1026,260 1,1,1,1,1,1,1,1,1,1,1,1,1,1
1152,329,17,2092,260,10,907,13,24,203 1,1,1,1,1,1,1,1,1,1
7903,1646 1,1
2999,3107,512,46,6942,3351,1326,1408,2,2897,1027,1928,2,6227,4894,6946,2,96 1,1,1,1,1,1,1,1,1,1,1,1,1,1,1,1,1,1
4576,89,538,1439,11534,518,9324,2,4034,9325,16495,800,4,11535,827,4,16496,818,4,11535,232,2819,48,31,177,42,240,1741,232 1,1,1,1,1,1,1,1,1,1,1,1,1,1,1,1,1,1,1,1,1,1,1,1,1,1,1,1,1
