67,54,4,18961,281,297,281,168,55,28,4,3569,3,2869,542,4,18962,162,54,4,8946,262,4,4071,8947,451,4,4071,8947,732,4,18963,3569,9,18964,8,18965,426,4,3675,3,118,7915,1634,113,282,4,509,3569,14,62,8948,832,13,256,3122,73,701,354,1460,3,7869,9,110,2556,3,374,881,8,121,61,139,267,113,7,118,3675,3,118,7915,5,678,5068 1,1,1,1,1,1,1,1,1,1,1,1,1,1,1,1,1,1,1,1,1,1,1,1,1,1,1,1,1,1,1,1,1,1,1,1,1,1,1,1,1,1,1,1,1,1,1,1,1,1,1,1,1,1,1,1,1,1,1,1,1,1,1,1,1,1,1,1,1,1,1,1,1,1,1,1,1,1,1,1,1,1,1
135,23,551,121,1640,35,23,747,7161,3,509,3569,20,12,23,3313,597,223,267,113,183,3,186,18,1196,1005,118,3675,5,1242 1,1,1,1,1,1,1,1,1,1,1,1,1,1,1,1,1,1,1,1,1,1,1,1,1,1,1,1,1,1
16,387,700,3426,5,1196,1242,150,2084,13,1231,174,3,5,52,1242,223,1153,6,1422,16,20,12,20,23,2133 1,1,1,1,1,1,1,1,1,1,1,1,1,1,1,1,1,1,1,1,1,1,1,1,1,1
40,118,12,170,225,6,80,2100,65 1,1,1,1,1,1,1,1,1
16,640,7,128,323,12,23,53,248,51,376,21,38,11,174,741,670,26,1009,1030 1,1,1,1,1,1,1,1,1,1,1,1,1,1,1,1,1,1,1,1
16,21,38,11,95,249,3,459,3,307,3,1719,670,26,1009,314 1,1,1,1,1,1,1,1,1,1,1,1,1,1,1,1
11,301,1157 1,1,1
40,30,20,406,43,28,73,3310,10,2484 1,1,1,1,1,1,1,1,1,1
230,438,4,3316,1018,5,1817,1168,12,230,143,394,72 1,1,1,1,1,1,1,1,1,1,1,1,1
506,5,1836,582,111,11,2366,1178 1,1,1,1,1,1,1,1
413,241,20,582,111,11,84,66,169,3,693,74,20,15,381,118,12,6,978,7,6,525,1529,284,508,7,44,94,5365 1,1,1,1,1,1,1,1,1,1,1,1,1,1,1,1,1,1,1,1,1,1,1,1,1,1,1,1,1
2870,20,72 1,1,1
79,20,162,10,281,297,17,268,1168,7,95,84,12,944,161,5,8949,278 1,1,1,1,1,1,1,1,1,1,1,1,1,1,1,1,1,1
39,30,2238,419,4,18966 1,1,1,1,1,1
452,982,1603,10522,3,4072,126 1,1,1,1,1,1,1
537,476,10523,1597,881,110,59,2556,4,18967,895,1271,3369,860,5366,283,106,287,1283,71,324,13,330,604,3781,3913,4,122,609,7916,1460,4,96,43,609,6089 1,1,1,1,1,1,1,1,1,1,1,1,1,1,1,1,7,15,1,4,4,1,1,1,1,1,1,1,1,1,1,1,1,1,1,1
537,2391,354,5,1190,1460 1,1,1,1,1,1
19,2292,1707 1,1,1
126,7917,10524 1,1,1
3105,1528,893,4,177,18968,924,13,671,851,7918,893,5,4354,13,309 1,1,1,1,1,1,1,1,1,1,1,1,1,1,1,1
177,10525,44,338,239,13,4843,1136,893,5,598,893,18969 1,1,1,1,1,1,1,1,1,1,1,1,1
74,14,15,1452,6087,2494,2308,13,15,1303,3570,1090 1,1,1,1,1,1,1,1,1,1,1,1
74,57,1452,563,5,1552,84 1,1,1,1,1,1,1
153,765,3,472,347,18970,363,752,487,1874,39,19,168,274,799,25,32,1731,9,5069,8,3046,25,69,4641,9,6580,782,8,141,22,25,32,4072,9,203,329,6090,8,36,568,25,69,236,125,22,25,32,7917,9,8950,8,141,22,25,69,3797,2862,568,9,8951,478,8,945,22,25,69,127,4,1176,1707,33,263,3,8952,33,361,1098,150,30,4,173,150,30,17,151 1,1,1,1,1,1,1,1,1,1,1,1,1,9,1,1,1,33,1,1,1,1,1,1,1,1,1,1,1,1,1,1,1,1,1,1,1,1,1,1,1,1,1,12,1,1,1,1,1,1,1,1,1,1,1,1,1,1,1,1,1,1,1,1,1,1,1,1,1,1,1,1,1,1,1,1,1,1,1,1,1,1,1,1,1,1
206,30,4,245,13,551,121,14,747,7161 1,1,1,1,1,1,1,1,1,1
3415,3,11,485,135,146 14,1,1,1,1,1
102,77,701,4,18971,3,18972,3,18973,3,6091,3,1914,42,19,658,814,4,18974,3,480,3,1417,12,859,1438,12,492,3935,3,10526,1377,227,4,1806 1,1,1,1,1,1,1,1,6,1,1,1,1,1,1,1,1,1,1,1,1,1,1,1,1,1,1,1,1,1,1,1,1,1,1
1852,3,4642,5695 1,1,1,1
665,3,11,1866 1,1,1,1
409,1239,3,1536 1,1,1,1
644,4,455,3,11,1099,48,4,1304,362,4,280,3,152,3,952,1465 1,1,1,1,1,1,1,1,1,1,1,23,1,1,1,1,1
18975,588,531,4,11,93,3,617,3,60,1070,352,4,18976,9,1150,3,469,8 1,1,1,1,1,1,1,1,1,1,1,1,1,1,1,1,1,1,1
18977,942,1780 1,1,1
925,1544,204 1,1,1
670,628,1006,7919,3,1006,1378,3,3422,19,59,384,899,3,376,1006,19,1587 1,1,1,1,1,1,1,1,1,1,1,1,1,1,1,1,1,1
1009,204,10527 1,1,1
2297,1043,19,6581,1345 1,1,1,1,1
700,31,192 1,1,1
149,705,3421,3,592,1967,3,869,2293,3,769,8953,3,399,2714,3,5299,2557,3,22,2044,3,392,1469,3,819,2044,3,4183,3765,3316,1134,72,3550,366,2008,3,1506,1594,3,10528,3,91,3,11,13081,3,18978,3,11,349,3,376,193 1,1,1,1,1,1,1,1,1,1,1,1,1,1,1,1,1,1,1,1,1,1,1,1,1,1,1,1,1,1,1,1,1,1,1,1,1,1,1,1,1,1,1,1,1,1,1,1,1,1,1,1,1,1
349,2777,3,333,8954,3,536,4234,3,795,5070,3,653,1600,1836,72,1340,679,1329,9,8946,8,11,199,490 1,1,1,1,1,1,1,1,1,1,1,1,1,1,1,1,1,1,1,1,1,1,1,1,1
209,70,1619,5696,5,100,2238,490,3,211,66,169 1,1,1,1,1,1,1,1,1,1,1,1
131,626,7,4421,5,1672,696,3018,2745,5697,75,14,1452,3,166,422,10,626,7,381,884,937,76 1,1,1,1,1,1,1,1,1,1,1,1,1,1,1,1,1,1,1,1,1,1,1
694,985,7,1529,5,7920,543,13,626,7,5367,1053,314 1,1,1,1,1,1,1,1,1,1,1,1,1
506,9,8946,8,4,1043,241,1329,9,8946,8,11,202,7,62,199,2244,1178 1,1,1,1,1,1,1,1,1,1,1,1,1,1,1,1,1,1
131,118,1525,7,6,525,1529,13,118,4421,7921 1,1,1,1,1,1,1,1,1,1,1
600,40,166,1282,7162,84,13,18979,692,1525,3,482,44,94,5365,12,6,2593,224,481 1,1,1,1,1,1,1,1,1,1,1,1,1,1,1,1,1,1,1,1
177,4,338,239,3,2433,851,1136,893,13,585,18980 1,1,1,1,1,1,1,1,1,1,1,1
53,1090,2549,5,1562,43,187,12,2473,442,996 1,1,1,1,1,1,1,1,1,1,1
192,78,104,8948,832,13,256,3122,73,701,354,1460,3,7163,9,216,260,110,2556,3,881,8,121,61,13,267,113,7,118,3675,3,7915,3,700,3426,5,678,5068 1,1,1,1,1,1,1,1,1,1,1,1,1,1,1,1,1,1,1,1,1,1,1,1,1,1,1,1,1,1,1,1,1,1,1,1,1,1
6,921,7,40,18981,557,885 1,1,1,1,1,1,1
138,23,44,807,3,44,506,5,44,1836,3,62,2366,921,14,2379 1,1,1,1,1,1,1,1,1,1,1,1,1,1,1,1
479,17,15,18982,921,3,1275,1881,26,3553,3,14,2379,138,241,5,679,295 1,1,1,1,1,1,1,1,1,1,1,1,1,1,1,1,1,1
313,3,18983,76,208,52,15,284 1,1,1,1,1,1,1,1
138,6,422,1435,788,7,116,3,627,3122,73,1460,14,602,166,3,693,2209,788,7,3122,73,208,197,10,46,15,1435,788,5698,517,15,3900,7,7164,43,150,2084,21,68,2971,477,6,1178,4060,20,12,1488,312,18984 1,1,1,1,1,1,1,1,1,1,1,1,1,1,1,1,1,1,1,1,1,1,1,1,1,1,1,1,1,1,1,1,1,1,1,1,1,1,1,1,1,1,1,1,1,1,1,1,1,1
35,508,12,6,241,295,3,44,94,5365,208,52,15,284,3,693,6,2291,7,1157,810,40,602,166 1,1,1,1,1,1,1,1,1,1,1,1,1,1,1,1,1,1,1,1,1,1,1,1
2870,582,12,6,230,20,1356,5,31,1953,17,596 1,1,1,1,1,1,1,1,1,1,1,1
175,268,505,10,482,237,52,62,10529,1178,3,1851,290,10,106 1,1,1,1,1,1,1,1,1,1,1,1,1,1,7
15,312,1808,921,546,98,52,482,12,40,28 1,1,1,1,1,1,1,1,1,1,1
363,368,2209,3623,4060,13,3675,5,7915,3,1540,12,6,1789 1,1,1,1,1,1,1,1,1,1,1,1,1,1
313,3,92,14,1063,10,2141,192,40,12,6,2658,7,15,7161,3,35,509,3569,14,137,1063,10,496,13,664 1,1,1,1,1,1,1,1,1,1,1,1,1,1,1,1,1,1,1,1,1,1,1,1,1,1
1460,4,506,3,1836,72 1,1,1,1,1,1
18985,72,17,199,1881,927 1,1,1,1,1,1
372,166,921,57,627,354,701,3122,73,1460 1,1,1,1,1,1,1,1,1,1
41,2964,262,482,1808,278,86,7917,17,1885,3122,73,41,278,352,17,355,7,3122,73,5,268,1168,7,284,596,256,2238,419,4,137,19,4072,9,31,19,452,290,10,667,341,8,3,41,86 1,1,1,1,1,1,1,1,1,1,1,1,1,1,1,1,1,1,1,1,1,1,1,1,1,1,1,1,1,1,1,1,1,1,1,1,1,1,1,1,1,1,1,1,1
2212,4,41,126,1825,287,4,86,236,378,25,32,142,4,610,1155,4,1803,19,4072,17,1881,2665 4,1,1,1,1,15,1,1,12,1,1,1,7,1,9,1,1,1,1,1,1,1,1
726,161,4,41,160,10,235,13,551,1560 1,1,1,1,1,1,1,1,1,1
3458,1637,6582,3,229,710,47,18986 1,1,1,1,1,1,1,1
