69,49,4,16548,507,141,99,6956,4582,16549,11550,49,7,141,16550,2,49,7,16551,12,308,16552,1412,4,9346,6237,2,195,38,11554,471,14,265,17,1906,7,1387,714 18,1,1,1,1,1,1,1,1,1,1,1,1,1,1,1,1,1,1,1,1,1,1,1,1,1,1,1,1,1,1,1,1,1,1,1,1,17
2701,1024,756,2,338,7,127,5,1899 1,1,1,1,1,1,10,1,16
288,39,534,7,11555,34,1632,19,42,639,2,1359,2073,16553 1,1,1,1,1,1,1,1,1,1,1,1,1,1
51,123,146,39,656,7,11555,34,16554,10,1907,27,468 1,1,1,1,1,1,1,1,1,1,1,1,1
16,285,24,1533,6957 1,1,1,1,1
9346,6237,104,909,859,1906 1,1,1,1,1,1
637,4,756,2,116,2,1899,2,1413 1,1,1,1,10,1,16,1,1
257,4,4038,521,33,2,3354,35,347,33,2,184,446,33,2,669,3315,33,2,4839,390,33,2,5283,683,59 1,1,1,1,1,1,1,1,1,1,1,13,1,1,1,25,1,1,1,12,1,1,1,1,1,1
385,4,436 1,1,1
111,157,349,1147,16555,2,289,1470,1714,2,157,788,2284,2,650,5206,727 5,5,5,5,5,5,1,1,1,1,1,1,1,1,1,1,1
112,330,2,487,919,2,625,952,229,2,617,157,16556,1223,2,44,355,90 1,1,1,1,1,1,1,1,1,1,1,1,1,1,1,1,1,1
91,43,246,2,6239,2131,253,2,9347,2993,65,1709,10,1562,2,11,120,26,1371 1,1,1,1,1,1,1,1,1,1,1,1,1,1,1,1,1,1,1
187,599,2,558,57,2125,2,11,1440,26,1059 1,1,1,1,1,1,1,1,1,1,1
2269,1459,336,243,12,362,882 1,1,1,1,1,1,1
999,4,1565,2,847,16557,27,368,2,16558,2,16559 1,1,1,1,1,1,1,1,1,1,1,1
3794,2,576,518,1807,142 1,1,1,1,1,1
47,75,289,4,11554,471,39,134,939,168,422,37,176,55,958,12,2275 1,1,1,1,1,1,1,1,1,1,1,1,1,1,1,1,1
50,285,3286,1394,5,2327,2353,16560,5,503,2,317,1583,415,1011,638,164,1677 1,1,1,1,1,1,1,1,1,1,1,1,1,1,1,1,1,1
32,16,267,4039,383,12,1277,12,939,168,34,2,110,16561,1502,35,656,3765,27,468,9,12,644,7,306,6958,7,116,2,1899,2,182,883,8,16,21,2738,10,2110,164,1677,71,40,55,3355,17,1775 1,1,1,1,1,1,1,1,1,1,1,1,1,1,1,1,1,1,1,1,1,1,1,1,1,1,1,10,1,16,1,1,1,1,1,1,1,1,1,1,1,1,1,1,1,1,1
16,40,50,1072,67,426,5,464,80 1,1,1,1,1,1,1,1,1
457,7,429,40,2739,1348 1,1,1,1,1,1
5684,2740,710,6959,2,195 1,1,1,1,1,1
