67,54,4,19076,1361,4426,3,3370,8964,6096,3,107 1,1,1,1,1,1,1,1,1,1,1,1
171,19077,1073,10543,3,3814,684,4,4846,4424,47,8971,882,64,6096,4,50,38,6,1174,7,122,293,4424,12,513,89 1,1,1,1,1,1,1,1,1,1,1,1,1,1,1,1,1,1,1,1,1,1,1,1,1,1,1
1057,16,14,422,211,66,15,103,3573 1,1,1,1,1,1,1,1,1
372,1511,3,95,16,20,7933,650,66,23,2746,27,13106 1,1,1,1,1,1,1,1,1,1,1,1,1
16,21,68,334,363,223,40 1,1,1,1,1,1,1
23,39,389,158,4425,850,1047,3,706,320,651,3,5373,8972,651,3,4556,3815,1142,651,3,3564,210,22 1,1,1,1,1,1,1,1,1,1,1,1,1,1,1,1,20,1,1,1,1,1,1,1
651,3,1839,171,22 1,1,12,1,1
651,3,6596,850,1047,3,512,3,752,872,5,487,3,7173 1,1,1,1,1,1,1,1,1,1,1,1,1,1
5079,1592,651,3,2382,1142,651,3,596,165 1,1,1,1,1,1,1,1,8,8
19,102,101,16,20,60,197,12,11,342 1,1,1,1,1,1,1,1,1,1
16,38,15,63,94,7,13114,13,15,130,156,7,388,3,140,20,7934,624,75,21,118,4045,624,66,1102 1,1,1,1,1,1,1,1,1,1,1,1,1,1,1,1,1,1,1,1,1,1,1,1,1
48,20,91,10,463 1,1,1,1,1
103,77,275,15,917,576,27,180,851,3,4573,1630,13,15,44,304,5,310,97,213,3,502,26,561 1,1,1,1,1,1,1,1,1,1,1,1,1,1,1,1,1,1,1,1,1,1,1,1
216,57,217,100,97,222 1,1,1,1,1,1
214,20,152,3,396 1,1,1,1,1
74,14,11,1061,3,11,6598,992 1,1,1,1,1,1,1,1
114,97,93 1,1,1
1145,275,44,338,239,13,15,156,7,4587,694,7,19078,13,62,1090,7,586,851 1,1,1,1,1,1,1,1,1,1,1,1,1,1,1,1,1,1,1
40,14,15,44,565,5,886,66,23,356,565,19,19079,4424,47,8971,33,58,33,1361,4426,3,3370,1241,3,293,4424,14,211,27,40,85,66,15,103,2979 1,1,1,1,1,1,1,1,1,1,1,1,1,1,1,1,1,1,1,1,1,1,1,1,1,1,1,1,1,1,1,1,1,1,1,1
119,41,810,6,1936,1237,12,23,39,389,1427,10,23,457,295 1,1,1,1,1,1,1,1,1,1,1,1,1,1,1
1586,641 1,1
1015,3,8963,13112,3,107 1,1,1,1,1,1
19080,806,4,13115,825,4,19081,843,4,13115,250,31,81,43,262,331,250 1,1,1,1,1,1,1,1,1,1,1,1,1,1,1,1,1
