69,49,4,16652,1426,1143,2,2134,7932,2833,5296,2,96 18,1,1,1,1,1,1,1,1,1,1,1,1
83,16653,16654,3214,16655,2,5297,16656,536,4,4304,3674,512,46,7936,828,58,5296,4,47,39,6,1068,7,930,287,3674,12,437,80 1,1,1,1,1,1,1,1,1,1,1,1,1,1,1,1,1,1,1,1,1,1,1,1,1,1,1,1,1,1
1172,2,16,14,448,214,57,65,15,562,3486 1,1,1,1,1,1,1,1,1,1,1
2555,2,16,589,10,1313,121,48,1172,16,14,448,57 1,1,1,1,1,1,1,1,1,1,1,1,1
24,231,89,322,1128,7937,761,1004,2,517,259,22,641,2,4589,7938,641,2,6100,5713,1296,22,641,2,5711,183,22,641,2,153,3335,172,15,107,2,6246,761,1004,2,1985,105,641,2,1042,5714,1776,22,1004,2,442,5,632,495,2,131,486,1743,190,5,109,135,12,6,465,2,1893,190,7,486,5,614,7,135,12,6,1485 1,1,1,1,1,1,1,1,1,1,1,1,1,1,1,1,1,1,23,1,1,1,1,1,1,1,1,1,1,1,11,11,1,1,1,1,1,1,1,12,1,1,1,1,1,1,1,1,1,1,1,1,1,1,6,6,1,1,1,1,6,1,1,1,1,1,1,1,6,1,1,1,6,1,1,1
19,93,122,2,16,20,463 1,1,1,1,1,1,1
67,94,7,4540,13,15,118,145,7,1470,2,121,20,16657,643,71,14,264,83,643,65,1615,16658 5,5,5,5,1,1,1,1,1,1,1,1,1,1,1,1,1,1,1,1,1,1,1
44,20,90,10,452,5,1043 1,1,1,1,1,1,1
91,73,821,15,919,487,27,154,1474,2,15,7939,3224,1457,13,15,43,246,2,253,86,387,2,711,26,766 1,1,1,1,1,1,1,1,1,1,1,1,1,1,1,1,1,1,1,1,1,1,1,1,1,1
625,53,171,193,86,229 1,1,1,1,1,1
24,187,14,463,2,133,5,375 1,1,1,1,1,1,1,1
84,14,1169,10,3811,87,1119 1,1,1,1,1,1,1
68,14,11,6250,1002 1,1,1,1,1
217,53,86,79 1,1,1,1
1322,821,43,399,212,13,15,145,7,9368,1950,7,16659,13,63,1000,7,284,1474 1,1,1,1,1,1,1,1,1,1,1,1,1,1,1,1,1,1,1
38,14,15,43,3112,869,65,498,3112 1,1,1,1,1,1,1,1,1
1195,2,287,3674,14,448,57,65,15,562,3486 1,1,1,1,1,1,1,1,1,1,1
92,40,1029,6,1633,3361,12,24,89,322,1975,10,24,489,457 1,1,1,1,1,1,1,1,1,1,1,1,1,1,1
2555,2,16,222,60,24,7937,38,465,5,1195,16,40,4590,24,258,168,10,1089 1,1,1,1,1,1,1,1,1,1,1,1,1,1,1,1,1,1,1
47,222,1022,13,170,6251,106,121,274,13,4312,338 1,1,1,1,1,1,1,1,1,1,1,1
47,880,84,1279,500,10,881,170,106,2401,4313,1155,32,15,121,274,7,154,643,32,16660,10,6974,3674,2,4304,512,46,7936,3351,1426,1143,2,2134,287,3674,40,808,12,1091,17,15,911,5,308,101 1,1,1,1,1,1,1,1,1,1,1,1,1,1,1,1,1,1,1,1,1,1,1,1,1,1,1,1,1,1,1,1,1,1,1,1,1,1,1,1,1,1,1,1,1,1
1810,1646 1,1
1027,2,7930,11584,2,96 1,1,1,1,1,1
4585,224,144,2822,11585,1142,5709,2,2193,5710,800,4,11586,827,4,16661,818,4,11586,16662,232,2819,48,31,177,42,240,1741,232 1,1,1,1,1,1,1,1,1,1,1,1,1,1,1,1,1,1,1,1,1,1,1,1,1,1,1,1,1
