69,49,4,16873,1327,605,99,29,4,6288,2,7011,485,4,11678,605,49,4,16874,440,4,1707,2751,9,16875,8,2778,4,255,7,194,234,4,287,6288,14,15,546,200,307,471,13,637,7,116,2,254,2,120,311,591,2,188,168,16876,11679,12,2222,30,2,104,658,10,6,189,42,2065,117,5162,65,535,27,6290,16877,221,13,180,255,7,194,5,168,34 1,1,1,1,1,1,1,1,1,1,1,1,1,1,1,1,1,1,1,1,1,1,1,1,1,1,1,1,1,1,1,1,1,1,1,1,1,1,1,1,1,1,1,1,10,1,16,1,4,4,4,1,1,1,1,1,1,1,1,1,1,1,1,1,1,1,1,1,1,1,1,1,1,1,1,1,1,1,1,1,1,1,1
34,20,31,5192,5286,168,2,48,5322,10,6,52,478 1,1,1,1,1,1,1,1,1,1,1,1,1
2625,42,272,5,402,98,35,2,969 1,1,1,1,1,1,1,1,1
11,44,34 1,1,1
21,578,1898,1155,5162,937 1,1,1,1,1,1
11,655,26,531,79 1,1,1,1,1
11,508,26,250 1,1,1,1
11,228,12,300,1183 1,1,1,1,1
11,67,119,3518,26,1463 1,1,1,1,1,1
12,189,2,520,359,32,2260,4,1285,2,111,16878,2,492,982,2,574,1200,2,738,41,19,628 1,1,1,1,1,1,1,1,1,1,5,5,1,1,1,1,1,1,1,1,1,1,1
431,211,5,235,2,1837,86,1716,2,106,1640,5,1286,13,419,1716,2,5,2307,219,5,237,25 1,11,1,1,1,21,1,1,1,1,1,1,1,1,1,1,1,1,1,1,1,1,1
637,4,16879,36,19,310,5,4612,11680,36,3614,251,19,364,2,119,29,4307,12,11681,16880 1,1,1,1,1,20,1,31,1,1,1,1,1,1,1,1,1,1,1,5,5
19,230,5,16881,6291,16882,7,3313,2069,434,15,1870,9418,2,9419,1079,142,19,205,16883,9420,168,34,192,4,747,257,4,7015,105,22,25,33,2,230,204,22,25,59,2,1372,83,22,25,509,2,109,22,25,506,2,635,2,5291,761,22,25,506,2,16884,154,22,25,33,2,4612,990,4,16885,1100,4,16886,2015,32,11682,4,153,4328,7,4925,119,420,16887,4,2222,16888,4,152,499,4,11,16889 1,7,1,26,1,1,1,1,1,1,1,1,1,1,1,1,1,1,1,1,1,1,1,1,1,1,1,1,1,1,1,1,1,1,7,1,1,1,1,1,22,1,1,1,1,1,1,1,1,1,1,12,1,26,1,1,1,1,1,1,1,1,1,1,1,31,1,1,1,1,1,1,1,1,1,1,1,1,1,1,1,1,32,32,32,1,1,1,1,1,1,1
11,9421,16890,79 1,1,1,1
11,228,12,1077,26,121 1,1,1,1,1,1
11,250,2,2138,1184,2,484 1,1,1,1,1,1,1
11,34 1,1
11,690 1,1
73,4,11683,4,276,4926,2,492,1910,2,111,16891,2,574,1200,2,738,41,19,1391,2,1944,41,628,759,4,16892,2,4613,2,463,2,1939,12,886,12,436,181,4,11,16893,202,4,3519,2,2417,2,570,2,2354,822,2,4258,2587,5,90,2,1130,2907,2,43,3512,112,4,330,2,65,2,620,31,782,2,487,27,83,601,1369,4,863,44,2,1398,2,11,7016,2,11,7980,7017,623,4,11684,574,246,2,253,2,3520,653,417,2,1457,31,4927,340,4,463,2,1125,2,875,2,1325,2,1381,2,11,1003,2,11,7018,2,2996,832,156,19,6292,168,4,4567,277,2,839,1076,277,27,6290,7019,516,4,11,79,2,720,26,673,2,619,2,243,2572,48,156,323,4,4928,2,916,3377,2,951,16894,175,2,3521,192,938,217,2,1099,175 1,1,1,1,1,1,1,1,1,1,5,5,5,1,1,1,1,1,1,1,1,1,1,1,1,1,1,1,1,1,24,1,1,1,1,1,1,1,1,1,1,1,1,1,1,1,1,1,1,1,1,1,1,1,1,1,1,1,1,1,1,1,1,1,1,1,1,1,1,1,1,1,1,1,1,1,1,1,1,1,1,1,1,1,1,1,1,1,1,1,1,1,1,1,1,1,1,1,1,1,1,1,1,1,1,1,24,1,1,1,1,1,1,1,1,1,1,1,1,1,1,1,1,1,1,1,1,1,1,1,1,1,1,1,1,1,1,1,1,1,1,1,1,1,1,1,1,1,1,1,1,1,1,1,1,1,1,1,1,1,1,1,1,1,1,1,1,1,1,1,1
2261,74,171,5,863,12,1203,531,5,2295 1,1,1,1,1,1,1,1,1,1
853,423,193 1,1,1
258,4,2056,4,2056,790,17,6288,2,7011,4929,7020,11685,215,1745,772,1904,1412 1,1,1,1,1,1,1,1,1,1,1,1,1,1,1,1,1,1
502,1412 1,1
190,357,397,2837,1298,294,357,633,1747,1259,294,357,749,2884,1299,294,357,1688,1689,7981,1420,294,9422,6293,72,11686,11687,442,3222,1482,169,1531,3515,1727,169,1042,931,1690,1421,357,1873,2083,934,1300,169,357,331,1624,72,1586,169,357,358,3177,72,1354,169,1103,1096,3378,2644,2550,1245,1700,1891,1475,3186,41,772,2419,4,1700,2109,3995,1431,252,10,3996,2151,1475 1,1,1,1,1,1,1,1,1,1,1,1,1,1,1,1,1,1,1,1,1,1,1,1,1,1,1,1,1,1,1,1,1,1,1,1,1,1,1,1,1,1,1,1,1,1,1,1,1,1,1,1,1,1,1,1,1,1,1,1,1,1,1,1,1,1,1,1,1,1,1,1,1,1,1,1,1,1,1,1
2288,456,1858,2551,1245,1103,1096,1324,4068,612,7020,16895,442,4329,1482,169,1531,2487,54,1727,169,1042,931,1690,1421,488,975,4069,2588,550,1370,2034,2513,550,1937,2554,2310,550,2152,1123,1435,2514,169,488,1123,684,3876,169,1813,1850,2344,3877,612,2447,854,3878,612,1103,1096,3378,2827,2550,1245,1700,1891,1475,3186,41,772,2419,4,1700,2109,3995,1431,252,10,3996,2151,1475 1,1,1,1,1,1,1,1,1,1,1,1,1,1,1,1,1,1,1,1,1,1,1,1,1,1,1,1,1,1,1,1,1,1,1,1,1,1,1,1,1,1,1,1,1,1,1,1,1,1,1,1,1,1,1,1,1,1,1,1,1,1,1,1,1,1,1,1,1,1,1,1,1,1,1,1,1,1,1,1
2288,2424,2551,1245,772,2419,4,6294,2752,2373,723,3695,612,1103,1096,2884,4068,612,7020,16896,1103,1096,3378,66,148,2734,66,148,1532,4,7020,16897,215,1745,772,1904,1412 1,1,1,1,1,1,1,1,1,1,1,1,1,1,1,1,1,1,1,1,1,1,1,1,1,1,1,1,1,1,1,1,1,1,1,1,1
502,1412 1,1
190,298,2796,1260,398,266,11688,54,1969,41,458,3879,2216,1399,615,16898,2326,1779,443,7982,1507,1301,530,1470,1340,1141,665,5323,1448,1561,698,9423,1449,550,666,5324,1383,41,1430,64,7021,3185,1057,1430,1046,1506,772,2419,4,1046,2627,53,6144,316,17,1855,5619,364 1,1,1,1,1,1,1,1,1,1,1,1,1,1,1,1,1,1,1,1,1,1,1,1,1,1,1,1,1,1,1,1,1,1,1,1,1,1,1,1,1,1,1,1,1,1,1,1,1,1,1,1,1,1,1,1,1,1
1430,2165,16899,2969,1057,1225,1856,431,1307,1081,1192,1658,1678,72,1698,41,1102,1408,54,1780,41,1145,102,54,1699,41,732,183,1857,41,1193,35,1816,41,559,2336,11689,2166,398,559,1102,9424,2167,398,559,1145,2201,2485,398,559,732,7983,72,2168,398,559,1193,3510,2228,398,1513,152,43,1458,152,43,2412,152,2486,152,147,4,307,52,3209,1871,984,2,43,399,11690,464,4,584,4,11,4237,26,160,7,421,14,156 1,1,1,1,1,1,1,1,1,1,1,1,1,1,1,1,1,1,1,1,1,1,1,1,1,1,1,1,1,1,1,1,1,1,1,1,1,1,1,1,1,1,1,1,1,1,1,1,1,1,1,1,1,1,1,1,1,1,1,1,1,1,1,1,1,1,1,1,1,1,1,1,1,1,1,1,1,1,1,1,1,1,1,1,1,1,1,1,1,1,1,1,1
68,14,15,497,601,693,12,6,70,197,409 1,1,1,1,1,1,1,1,1,1,1
38,20,4930,10,55,5742,2258,19,44,3516,1079,142,53,557,13,3313,741,1079,76 1,1,1,1,1,1,1,1,1,1,1,1,1,1,1,1,1,1,1
320,4,3313,741,1079,76,70,197,1548,693,4930,10,55,5742,2258,19,44,3516,205,4,205,44,584,4,11,2666 1,1,1,1,1,1,1,1,1,1,1,1,1,1,1,1,1,1,1,1,1,1,1,1,1,1
6,1455,14,7,43,5743 1,1,1,1,1,1
68,14,2919,3659,7,6,1455 1,1,1,1,1,1,1
9077,7022,3311,14,156 1,1,1,1,1
225,1079,5325,7812,53,1164,557,13,3313,741,1079,76 1,1,1,1,1,1,1,1,1,1,1,1
12,736,2,12,6,806,1636,70,197,1548,68,14,3515,601,693 1,1,1,1,1,1,1,1,1,1,1,1,1,1,1
6,693,21,15,5736,1079,16900,4070,10,1079,7812 1,1,1,1,1,1,1,1,1,1,1
68,14,85,156,16901,2394,1013,6,693,5,1131,274 1,1,1,1,1,1,1,1,1,1,1,1
6,584,53,557,13,5742,2258 1,1,1,1,1,1,1
15,7023,4311,7,5742,2258,14,156,12,6,52,197,1548 1,1,1,1,1,1,1,1,1,1,1,1,1
164,143,3780,156 1,1,1,1
11,4071,26,4614,26,2133,780,14,156 1,1,1,1,1,1,1,1,1
68,14,11,2306,1289 1,1,1,1,1
6,11691,16902,53,483 1,1,1,1,1
361,125,597,187,444 1,1,1,1,1
320,4,161,43,5743,1455,361,125,2202,444,995,233,7,1619 1,1,1,1,1,1,1,1,1,1,1,1,1,1
165,225,5742,2258,5,3313,741,1079,76 1,1,1,1,1,1,1,1,1
7024,2202,1455,261,75,7020,16903,444,4,38,708,20,177,13,58,16904 1,1,1,1,1,1,1,1,1,1,1,1,1,1,1,1
2202,7,6,4615,20,13,5,86,6295 1,1,1,1,1,1,1,1,1
4330,4,3302,11692,2202,1811,7,6,44,5,412,187,20,716,13,5,86,6295 1,1,1,1,1,1,1,1,1,1,1,1,1,1,1,1,1,1
16905,2435,129,1156,5,6890 1,1,1,1,1,1
584,4,68,14,15,497,1261,541,7022 1,1,1,1,1,1,1,1,1
68,14,11,160,7,15,5666,667,6,1455,10,1208,15,1619 1,1,1,1,1,1,1,1,1,1,1,1,1,1
6,16906,7,6,1560,2394,53,2432,861 1,1,1,1,1,1,1,1,1
68,14,11,160,7,1440 1,1,1,1,1,1
6,3235,143,5,3822,53,861 1,1,1,1,1,1,1
68,53,1616,132,1469,193 1,1,1,1,1,1
68,14,149,3696,7,6,717,70,132,143 1,1,1,1,1,1,1,1,1,1
6,52,132,143,14,861 1,1,1,1,1,1
320,4,483,2202,7,6,2012,1455,2,86,160,7,1619,26,1440 1,1,1,1,1,1,1,1,1,1,1,1,1,1,1
149,3696,7,6,717,70,132,143 1,1,1,1,1,1,1,1
7984,833,4,38,14,15,546,200,307,471,13,180,255,7,194,5,168,34 1,1,1,1,1,1,1,1,1,1,1,1,1,1,1,1,1,1
161,507,36,40,1167,286,17,371,431,211,2,16907,2,235,2,3015,12,189,91,707,2,1752,785,19,230,2,5291,32,1287,28,40,126,2307,17,419,583 1,1,1,1,1,1,1,1,1,11,1,21,1,1,1,1,1,1,1,1,1,1,1,1,7,1,26,1,1,1,1,1,1,1,1,1
165,132,36,792,2500,2,479,2340,10,450,2,557,13,188,132,776,2,218,239,10,1229,76,40,126,10,207,186,2870,36,381,2,5687,1543,2448,131,2,40,11693,10,486,631,82,4331,14,90,249,1031,36,30,5,156,391,7,188,168,34,2,252,10,16908,1292,17,34,1853,32,11694,9425,12,1630,351,1353,36,11695,7722,2,182,16909,5286,3965,117,503,74,2947,614,159,146,40,2183,10,7025,11696,11697,459,2009,6178,16910,636,1210,5307,2,19,742 1,1,1,1,1,1,1,1,1,1,1,1,1,1,1,1,1,1,1,1,1,1,1,1,1,1,1,1,1,4,4,4,4,1,1,1,1,1,1,1,1,1,1,1,1,1,1,1,1,1,1,1,1,1,1,1,1,1,1,1,1,1,1,1,1,1,1,1,1,1,1,1,1,1,1,1,1,1,1,1,1,1,1,1,1,1,1,1,1,1,1,1,1,1,1,1,1,1,1,1,1,1
843,3092,140,117,180,91,1243,991,28,40,50,241,328,9172,346,814,9426,144 1,1,1,1,1,1,1,1,1,1,1,1,1,1,1,1,1,1
4865,11698,11699,705,16911 1,1,1,1,1
