67,54,4,19228,19229,3,19230,3,4650,3690,6,28,20,1187,5,101,2518,43,271 1,1,1,1,1,1,1,1,1,1,1,1,1,1,1,1,1,1,1
730,234,4,70,48,766,34 1,1,1,1,1,1,1
30,7,61,328,4,6,28,14,15,3537,358,121,61,10,13169,124,318,499,13,11,13171,30,7,2625,525,48,766,34 1,1,1,1,1,1,1,1,1,1,1,1,1,1,1,1,1,1,1,1,1,1,1,1,1,1,1,1
6,28,258,6,34,14,984,13,656,158,6040,3,3945,3,5,2971 1,1,1,1,1,1,1,1,1,1,1,1,1,1,1,1
6,28,258,37,28,38,13172,13,15,2601,1599,2801,19,23,70,48,766,17,34,1734,5,38,34,1734,5,20,983,12,15,3055 1,1,1,1,1,1,1,1,1,1,1,1,1,1,1,1,1,1,1,1,1,1,1,1,1,1,1,1,1,1
23,1417,467,19,23,70,518,20,34,3,5,40,495,3,880,115,5,477,299,115,3,1302,6,48,766,34 1,1,1,1,1,1,1,1,1,1,1,1,1,1,1,1,1,1,1,1,1,1,1,1,1,1
6,28,235,40,34,13,23,747,198,331,405,6,80,58,113,5,121,38,68,12,5628,37,92,14,1019,762,4586 1,1,1,1,1,1,1,1,1,1,1,1,1,1,1,1,1,1,1,1,1,1,1,1,1,1,1
6,28,90,88,555,3,678,84,3,5,616 1,1,1,1,1,1,1,1,1,1,1
90,88,136,34 1,1,1,1
90,88,2788,48,34 1,1,1,1,1
90,88,300,3,375,3,990,3,26,437 1,1,1,1,1,1,1,1,1,1
90,88,291,34 1,1,1,1
16,21,68,1130 1,1,1,1
11,263 1,1
80,39,30,4,158,106,5,4069,1048,71 1,1,1,1,1,7,1,4,4,4
6,28,98,21,1543,10,3322,5,3322,84,19,241,570,356 1,1,1,1,1,1,1,1,1,1,1,1,1,1
206,30,4,80,699,3,80,485,3,11,247,357,1229,3,245,13,23,150,3,5,16,14,919 1,1,1,46,46,1,1,1,1,1,1,1,1,1,1,1,1,1,1,1,1,1,1
150,30,4,2101 1,1,1,1
81,7,182,4,35,934,12,6,30,7,61,328,3,376,72 1,1,1,1,1,1,1,1,1,1,1,1,1,1,1
39,4,122,757,55,17,296,1003,7,39 1,1,1,1,1,1,1,1,1,1
127,4,6,28,21,11,374,127,10,39 1,1,1,1,1,1,1,1,1,1
102,101,4,6,28,14,980,5,410,12,11,199,342 1,1,1,1,1,1,1,1,1,1,1,1,1
807,13173,3,133,7,1428,3,386,156,7,680,3,63,94,13174,3,5,718,1045,1137,42,19,702,737 1,1,1,1,1,1,1,1,1,1,1,1,6,6,6,1,1,1,1,1,1,1,1,1
227,14,1121 1,1,1
2802,4,11,411 1,1,1,1
2369,14,44 1,1,1
136,14,332,5,396 1,1,1,1,1
386,77,4,48,766,14,246 1,1,1,1,1,1,1
28,21,4048,3,777,2625,789,525,5,574,525,48,766,246 1,1,1,1,1,1,1,1,1,1,1,1,1,1
44,184,327,100,3,11,1065,3,1116,3,26,407 1,1,1,1,1,1,1,1,1,1,1,1
103,77,4,145,156,5,239,3,11,213,3,5,44,133,783 1,1,1,1,1,1,1,1,1,1,1,1,1,1,1
214,14,152 1,1,1
6,28,21,128,673,1432,7,70,473,2168,246,1123,19231,27,6,19232,1809 1,1,1,1,1,1,1,1,1,1,1,1,1,1,1,1,1
11,1482,26,1641 1,1,1,1
196,14,617,3,683,3,5,204,3,11,243,3,26,277 1,1,1,1,1,1,1,1,1,1,1,1,1,1
114,57,396 1,1,1
44,471,7,759 1,1,1,1
11,743,3,750,26,93 1,1,1,1,1,1
273,77,4,1411,1093,645,868,2005,204,100 1,1,1,1,1,1,1,1,1,1
11,670,26,1009,1030 1,1,1,1,1
457,532,4,173,17,696,785,7,4196,3,824,7,13175,3,1281,7,19233,456,2152,3,663,1967,3,835,7,2616,3,3353,1469,3,392,2021,3,347,2905,3,5,345,7,19234,2680,7,996,3,2532,7,680,3,2083,7,1772,3,5,1941,9000,138,6,1488,37,6,28,38,128,70,473,2168,34,5,34,20,584,525,10,6,70,574,1385,3,28,370,15,70,473,2168,1321,3,75,20,72 1,1,1,1,1,1,1,1,1,1,1,1,1,1,1,1,1,1,1,1,1,1,1,1,1,1,1,1,1,1,1,1,1,1,1,1,1,1,1,1,1,1,1,1,1,1,1,1,1,1,1,1,1,1,1,1,1,1,1,1,1,1,1,1,1,1,1,1,1,1,1,1,1,1,1,1,1,1,1,1,1,1,1,1,1,1,1,1,1
11,202,7,1419,26,5053,84,3,543,13,8913 1,1,1,1,1,1,1,1,1,1,1
6,28,38,15,48,738,3,75,111,11,301,84,66,169,264 1,1,1,1,1,1,1,1,1,1,1,1,1,1,1
11,202,7,250,31,81,43,262,331,250,6,28,370,1720,247,3,5,866,370,58,1223,45,3,5,38,1954,7,23,34 1,1,1,1,1,1,1,1,1,1,1,1,1,1,1,1,1,1,1,1,1,1,1,1,1,1,1,1,1
28,82,1401,20,235,13,64,2988,3,121,14,6,28,82,747,198,331,3,5,121,14,12,5628,10,261,6,28,163,13,34,39,5,762,3578 1,1,1,1,1,1,1,1,1,1,1,1,1,1,1,1,1,1,1,1,1,1,1,1,1,1,1,1,1,1,1,1,1,1
6,28,14,52,261,163,12,2275,534 1,1,1,1,1,1,1,1,1
747,505,4,70,48,766,34 1,1,1,1,1,1,1
497,13176,3,4650,3690,107 1,1,1,1,1,1
487,4,13177,292,4,19235,533,43,4,13176,3,4650,3690,746,19236,1608 1,1,1,1,1,1,1,1,1,1,1,1,1,1,1,1
