69,49,4,16969,29,414,4,4618,2,2512,28,485,4,11725,597,19,4,16970,42,11726,11727,2,96 1,1,1,1,1,1,1,1,1,1,1,1,1,1,1,1,1,1,1,1,1,1,1
2512,14,15,3326,994,407,2,16971,2617,2,104,774,13,849,7,7996,12,23,70,2042 1,1,1,1,1,1,1,1,1,1,1,1,1,1,1,1,1,1,1,1
18,1249,39,15,1111,2,71,3338,5333,34,5,106,388,2,48,11,2035 1,1,1,1,1,1,1,1,1,1,1,1,1,1,1,1,1
1632,23,12,10,50,63,233 1,1,1,1,1,1,1
5152,227,11,805,5,191,6,97,451,236,5299,50,504,7038,2,5,18,774,12,1053,490,18,20,936,10,433,84,1453,286,42,23,3965,2,48,355,699,791,199,5,7997,108,6,1207,14,1242,1633 1,1,1,1,1,1,1,1,1,1,1,1,1,1,1,1,1,1,1,1,1,1,1,1,1,1,1,1,1,1,1,1,1,1,1,1,1,1,1,1,1,1,1,1,1,1
78,89,30,1128,344,67,94,5,81 1,1,1,1,10,10,10,1,4
11,158,2106 1,1,1
11,77 1,1
11,334,624,137 1,1,1,1
16972,11,128,30,7,87,167 1,1,1,1,1,1,1
295,1310,5,1109,10,1374,2,48,706 1,1,1,1,1,1,1,1,1
19,122,2,18,21,275,502,7,721,7,23,2042,1323,10,6,16973,663 1,1,1,1,1,1,1,1,1,1,1,1,1,1,1,1,1
11,2970,2,5290,2,79,26,3227 1,1,1,1,1,1,1,1
66,11728,5750,215 1,1,1,1
1234,277,191,6,525,11729 1,1,1,1,1,1
43,3074,496 1,1,1
784,320,14,37,18,3172,50,1236,15,149,16974,2,71,21,3701,26,1490,1242,15,2428,805,124,23,439,5,16975,1033,2,48,7998,38,20,2,84,21,660,3020,3491,2,18,14,4619,57,2,5,68,14,11,1451,860,2,393,47,40,125,23,168,32,865 1,1,1,1,1,1,1,1,1,1,1,1,1,1,1,1,1,1,1,1,1,1,1,1,1,1,1,1,1,1,1,1,1,1,1,1,1,1,1,1,1,1,1,1,1,1,1,1,1,1,1,1,1,1,1,1,1,1,1
5751,11726,11727,2,96 1,1,1,1,1
384,4,16976,2410,1955,2,96 1,1,1,1,1,1,1
11730,36,7039,16977,481,16978,16979,16980,16981 1,1,1,1,1,1,1,1,1
