69,49,4,16960,29,414,4,4618,2,2512,28,485,4,11725,597,27,4,16961,42,4073,2863,2,96 1,1,1,1,1,1,1,1,1,1,1,1,1,1,1,1,1,1,1,1,1,1,1
132,470,99,84,14,15,1068,930,930,552,4618,12,1524 1,1,1,1,1,1,1,1,1,1,1,1,1
18,20,926,10,1089,42,58,1955 1,1,1,1,1,1,1,1
552,4618,21,15,30,7,81,341,17,6,97,4028,159 1,1,1,1,1,1,4,4,4,4,4,4,4
18,85,21,15,928,30,7,127 1,1,1,1,1,1,1,10
18,994,65,7994,12,2134,117,1544,68,17,1262,159 1,1,1,1,1,1,1,1,1,1,1,1
23,97,16962,20,32,15,7995,5748 1,1,1,1,1,1,1,1
18,14,699,57 1,1,1,1
18,88,1274,2,272,2,402,2,263,34 1,1,1,1,1,1,1,1,1,1
18,85,88,255,7,194,26,1673,2000,1232 1,1,1,1,1,1,1,1,1,1
18,88,388,5,2867,7,807,2,508,2,469 1,1,1,1,1,1,1,1,1,1,1
18,14,290,23,77,2218 1,1,1,1,1,1
137,11,334,624,137 1,1,1,1,1
78,89,30,161,81,341,17,173,4028,159 1,1,1,1,4,4,1,1,1,1
165,127 1,10
186,883,249,789,179,30,18,88,309,26,1785 1,1,1,16,1,1,14,14,14,1,1
18,21,153,837,1308,13,23 1,1,1,1,1,1,1
128,30,318,17,81 1,1,1,1,4
77,737,109,22,1647,107,2,987,447,22,793,15,107,2,2375,83,22,793,15,107,2,1650,183,22,1647,107,2,9,18,39,16963,181,3121,13,3841,10,383,6,262,8,210,109,22,1647,107,2,172,370,22,15,107,9,18,14,31,290,172,8 1,23,1,1,1,1,1,20,1,1,1,1,1,1,22,1,1,1,1,1,1,31,1,1,1,1,1,1,1,1,1,1,1,1,1,1,1,1,1,1,12,1,1,1,1,1,11,1,1,1,1,1,1,1,1,1,11,1
163,7,213,552,4618,88,87,134,901,228,2,1274 1,1,1,1,1,1,1,1,1,1,1,1
18,88,44,34,2,255,7,194,2,272,2,402,2,263,34,2,435,2,613,2,807,2,508,2,469 1,1,1,1,1,1,1,1,1,1,1,1,1,1,1,1,1,1,1,1,1,1,1,1,1
93,73,552,4618,1423,57 1,1,1,1,1,1
67,94,14,9441 5,5,5,5
1782,121,14,16964,540,67,94,14,5749 1,1,1,1,5,5,5,5,5
19,122,7,392,5,112,36,11,7826 1,1,1,1,1,1,1,1,1
620,14,133,2,375,2,11,1064 1,1,1,1,1,1,1,1
44,14,90,10,1043,5,452 1,1,1,1,1,1,1
118,36,135,145,5,212,2,11,1093 1,1,1,1,1,1,1,1,1
187,14,133,2,300,302,156 1,1,1,1,1,1,1
217,36,617,79 1,1,1,1
489,548 1,1
320,552,4618,21,81,5,127,13,15,829,251,331 1,1,1,1,4,1,10,1,1,1,1,1
23,389,482,2867,7,975,2,71,4934,381,1358 1,1,1,1,1,1,1,1,1,1,1
712,163,7,23,77,2,18,14,19,15,214,199,560,338,2,5,23,67,94,21,61,57,425 1,1,1,1,1,1,1,1,1,1,1,1,1,1,1,1,1,1,1,1,1,1,1
278,2,80,6,67,94,14,2984,2368 1,1,1,1,1,1,1,1,1
47,40,125,23,12,173,248,10,497,198 1,1,1,1,1,1,1,1,1,1
108,23,67,94,589,10,55,344,2,92,454,954,10,383,23,262,7,3122 1,1,1,1,1,1,1,1,1,1,1,1,1,1,1,1,1,1
47,85,2517,10,552,4618,6,2189,7,290,172,5,37,18,454,126,23,82,172 1,1,1,1,1,1,1,1,1,1,11,1,1,1,1,1,1,1,11
2785,4073,2863,2,96 1,1,1,1,1
16965,16966,16967,16968 1,1,1,1
