69,49,4,17082,1556,3434,605,99,11753,4944,11754,8021,10,1556,17083,2211,4,58,17084,36,4946,42,58,9461,440,4,608,6946 1,1,1,1,1,1,1,1,1,1,1,1,1,1,1,1,1,1,1,1,1,1,1,1,1,1,1,1
1713,36,608,17085,715,139,4,275,858,391,982,200,307,4541,650,299,1136,19,735,2,7794,13,270,2,11,455,2,318,783,5,5154,11759,142 1,1,1,1,1,1,1,1,1,1,1,1,1,1,1,1,1,1,1,1,1,1,1,1,1,1,1,1,1,1,1,1,1
30,7,156,360,916,4944,14,15,982,200,307,4541,86,182,78,178,104,658,10,6,1087,490,7,734,270,13,839,352 1,1,1,1,1,1,1,1,1,1,1,1,1,1,1,9,1,1,1,1,1,1,1,1,1,1,1,1
18,687,18,21,61,270,17,196,159,278,12,6,97,223,26,393,2,21,1282,264,1265,2,110,650,839,352 1,1,1,1,1,1,1,1,1,1,1,1,1,1,1,1,1,1,1,1,1,1,1,1,1,1
11,455,2,396,2,3888,2,250,2,1309,2,508,2,17086 1,1,1,1,1,1,1,1,1,1,1,1,1,1
3242,12,15,3376,17,97,1316,7,159 1,1,1,1,1,1,1,1,1
11,754,388 1,1,1
1008,2065,5,20,124,17087,2016,98,183,5,651,650,1716 1,1,1,1,1,1,21,1,1,1,1,1,1
12,1087,20,124,211,5,556,521,219 1,1,1,1,11,1,11,1,1
2424,17088,2,131,5,652 1,1,1,6,1,1
39,318,783,6275,36,498,783,12,1557,20,564,198,146,36,6830,1086,10,1556,32,11,11760,1509,12,2756,12,1556,36,34,739,2172 1,1,1,1,1,1,1,1,1,1,1,1,1,1,1,1,1,1,1,1,1,1,1,1,1,1,1,1,1,1
404,2237,553,270 1,1,1,1
20,5224,6312,27,1054,1272,286,7,1693,17,1403 1,1,6,1,1,1,1,1,1,1,1
78,89,30,35,8,1336,17,1212,159,36,3783,1136,2,981,13,2324,1522 1,1,1,1,1,4,1,1,1,1,1,1,1,1,1,1,1
51,8,116,12,78,48,31,480,17,363,159,239,10,252,111,102,8,254,183,8,30,7,877,13,4566,6216,83,8,1472,259,8,30,7,421,13,3114,585,481,8,188,70,197,445,580,1570,611,77,27,140,4,2923,11761,59,3686,9401,291,2452,1915,33,4839,390,857,131,17089,19,1480,4,32,256,2400,211,370,22,33,2016,556,6312,137,1640,5,11762,50,1074,23,270,12,6,78,128,30,152,3871 1,1,10,1,1,1,1,1,1,1,1,1,1,1,1,1,1,16,1,1,1,1,1,1,1,1,1,1,1,1,1,1,1,1,1,1,1,1,1,1,1,1,1,1,1,1,1,1,1,1,1,1,1,1,1,1,1,1,1,12,1,6,6,6,1,1,1,1,1,1,11,1,1,1,21,11,6,1,1,1,1,1,1,1,1,1,1,1,1,1,1,1
179,30,7052,245,4,578,8022,245,4,578 1,1,1,1,1,1,14,14,14,14
295,650,23,943 1,1,1,1
14,2432,1701,2840,3528 1,1,1,1,1
163,7,213,224,4,11,121,274,2,11,1112,2,11,469,2,228,12,1077,372,4,11,1945,2,250,2,9462,2,702,2,17090,202,4,11,112,388,2,112,2757,2,3498,91,4,11,44,34,2,11,396,2,8023,2,676,76,1766,4,11,272,2,402,2,435,2,613,2,11,588,26,1463,532,922 1,1,1,1,1,1,1,1,1,1,1,1,1,1,1,1,1,1,1,1,1,1,1,1,1,1,1,1,1,1,1,1,1,1,1,1,1,1,1,1,1,1,1,1,1,1,1,1,1,1,1,1,1,1,1,1,1,1,1,1,1,1,1,1,1,1,1,1,1,1
899,4,11,1232,2,868,2,394,2,5761,897,799,4,11,1790,897,799,1031,4,11,168,34,2,112,34,2,349,34,6313,4,11,1173,2,1277,2,807,11,1233,93,73,111,2374,36,4947,17091,296,4948,1565,1285,980,41,19,3210,1417,17092,1799,2024,4541,2,281,34,739 1,1,1,1,1,1,1,1,1,1,1,1,1,1,1,1,1,1,1,1,1,1,1,1,1,1,1,1,1,1,1,1,1,1,1,1,1,1,1,1,1,1,1,1,1,1,1,1,1,1,1,1,1,1,1,1,1,1,1,1,1,1
72,5,1829,36,11,229,2,11,269,2,11,9463,2823 1,1,1,1,1,1,1,1,1,1,1,1,1
487,36,8024,13,43,17093 1,1,1,1,1,1
1977,36,418 1,1,1
17094,1709 1,1
11,1058 1,1
4622,302 1,1
44,36,225,1849,662,8025,12,1912,2,225,17095 1,1,1,1,1,1,1,1,1,1,1
187,36,133,2,463,2,978 1,1,1,1,1,1,1
11,2787 1,1
2915,148 1,1
1270,36,11,229 1,1,1,1
882,36,188,580,1570,142,193,13,611,19,806,70,17096 1,1,1,1,1,1,1,1,1,1,1,1,1
258,357,397,1917,1298,294,357,633,3777,72,1259,294,357,749,1944,54,1299,294,357,1688,1689,6912,7053,294,357,1873,2083,1569,72,1300,169,357,331,7054,72,1586,169,357,358,17097,72,1354,169,442,4088,1482,169,1531,4322,72,1727,169,1042,2644,1690,1421,488,975,3297,6223,550,1370,2263,54,7055,550,1937,2034,2310,550,2152,1123,1435,2514,169,488,1123,1517,3876,169,1587,7010,2952,169,367,3177,169,344,1864,11763,1390,6802,169,252,1864,3529,1749,169,1813,1850,3889,72,3530,612,2447,903,3705,612,2373,934,6934,612,2446,1182,3890,3891,2309,2827,3892,3893,1103,1096,8026,4069,72,2550,1245,2288,17098,72,2551,1245,1103,1096,2515,2952,612,298,4329,1260,398,266,7056,54,2484,41,458,4937,54,2626,1399,615,11764,54,2795,1779,443,7057,1507,1301,530,1944,1340,1141,665,5341,1448,1561,698,6314,54,1449,550,666,7058,72,1383,41,64,3013,3185,1057,2165,9464,2969,1057,464,10,784,568,2,3613,2,225,1079,2117,2,225,197,4809,17099,73 1,1,1,1,1,1,1,1,1,1,1,1,1,1,1,1,1,1,1,1,1,1,1,1,1,1,1,1,1,1,1,1,1,1,1,1,1,1,1,1,1,1,1,1,1,1,1,1,1,1,1,1,1,1,1,1,1,1,1,1,1,1,1,1,1,1,1,1,1,1,1,1,1,1,1,1,1,1,1,1,1,1,1,1,1,1,1,1,1,1,1,1,1,1,1,1,1,1,1,1,1,1,1,1,1,1,1,1,1,1,1,1,1,1,1,1,1,1,1,1,1,1,1,1,1,1,1,2,2,1,1,1,1,1,1,1,1,1,1,1,1,1,1,1,1,1,1,1,1,1,1,1,1,1,1,1,1,1,1,1,1,1,1,1,1,1,1,1,1,1,1,1,1,1,1,1,1,1,1,1,1,1,1,1,1,1,1,1,1,1,1,1,1,1,1,1,1,1,1,1,1,1
8027,399,5342,52,4832,1000,2,43,1950 1,1,1,1,1,1,1,1,1
1598,42,4949,650,2331,7,1951,2,1846,12,35,2,2535,2,4792 1,1,1,1,1,1,1,1,1,1,1,1,1,1,1
1039,2669,65,999,12,1426 1,1,1,1,1,1
704,1271,676,3024,1636,1562,751,1709,52,3229,3024,1820,2463,9,9465,8,1241 1,1,1,1,1,1,1,1,1,1,1,1,1,1,1,1,1
9466 1
5343,3024,5344,1865,9,9467,8,794,15,52,4623 1,1,1,1,1,1,1,1,1,1,1
3024,6315,2744,9,9468,8,9469 1,1,1,1,1,1,1
5256 1
628 1
9470 1
3706,8028,2232,9471 1,1,1,1
72,4950 1,1
5762 1
7059,3706,6316,579,9,6317,8,9472 1,1,1,1,1,1,1,1
70,4623 1,1
3706,4089,1163,9,6317,8,786,9473 1,1,1,1,1,1,1,1
4089 1
3706,9474 1,1
1673,9475,585,2141,41,9,354,196,41,8,9476 1,1,1,1,1,1,1,1,1,1,1
8029,9477,891,72,7060,3706,1271,676,68,14,160,7,1866,7,6,794,1271,5763 1,1,1,1,1,1,1,1,1,1,1,1,1,1,1,1,1,1
68,14,3659,7,6,794,5,806,1271,7061 1,1,1,1,1,1,1,1,1,1
68,14,11,160,7,1271,676,4031 1,1,1,1,1,1,1,1
6,1344,9478,4338,14,109,2142 1,1,1,1,1,1,1
6,3979,9478,4338,14,83,2142 1,1,1,1,1,1,1
68,14,149,10,634,1271,2075,42,1947,5,3125,1681 1,1,1,1,1,1,1,1,1,1,1,1
52,3229,6,52,3229,14,1425 1,1,1,1,1,1,1
541,676,2,1455,2,5343,306,541,5764,53,3855,48,68,14,11,238 1,1,1,1,1,1,1,1,1,1,1,1,1,1,1,1
6,541,676,14,2371 1,1,1,1,1
68,14,11,160,7,541,776,42,1947,26,3125,1681 1,1,1,1,1,1,1,1,1,1,1,1
52,2037,6,52,719,3894,1118,14,43 1,1,1,1,1,1,1,1,1
6,52,719,653,496,9104,6,197,1238,7,43 1,1,1,1,1,1,1,1,1,1,1
68,14,863,52,719,1520 1,1,1,1,1,1
68,14,3097,1424,52,719,1037,9,125,816,721,11765,8 1,1,1,1,1,1,1,1,1,1,1,1,1
68,14,11,160,7,52,719,2783 1,1,1,1,1,1,1,1
6,2124,872,1177,14,2141,41 1,1,1,1,1,1,1
2371,676,36,4566,2,3243,68,14,1947,5,3125,1681,160,7,617,2371,776 1,1,1,1,1,1,1,1,1,1,1,1,1,1,1,1,1
70,2037,6,70,2037,14,31,1425 1,1,1,1,1,1,1,1
6,70,719,653,496,14,667,43,1238 1,1,1,1,1,1,1,1,1
3244,76,5,8030,342,68,14,11,160,7,3244,1205 1,1,1,1,1,1,1,1,1,1,1,1
68,14,15,2980,1352,8031,5,7062,7060,373,1126,3244,2471 1,1,1,1,1,1,1,1,1,1,1,1,1
6318,1323,10,6,708,7,17100,2,6,585,21,4522,42,109,41,5,1424,816,721,1113,53,110,166 1,1,1,1,1,1,1,1,1,1,1,1,1,1,1,1,1,1,1,1,1,1,1
1556,17101,982,200,307,407,13,1136,2,318,783,12,644,270,5,305,17102,19,464 1,1,1,1,1,1,1,1,1,1,1,1,1,1,1,1,1,1,1
1732,4909,65,4919 1,1,1,1
35,8,313,4,211,2,1318 1,1,2,1,11,1,1
209,3869,18,692,2652,429,48,40,838,1222,17,1583,429,12,221 1,1,1,1,1,1,1,1,1,1,1,1,1,1,1
209,31,1495,652 1,1,1,1
155,797,945 1,1,1
51,8,212,4,393,2468,31,63,1144 1,1,1,1,1,1,1,1,1
1318,32,1620 1,1,1
102,8,1808,4,18,21,1598,5,218,1626,1037 1,1,1,1,1,1,1,1,1,1,1
209,4624,10,50,1047,19,9479,36,40,2728,132,32,10,3707,31 1,1,1,1,1,1,1,1,1,1,1,1,1,1,1
183,8,1136,36,319,1418,17,735,80 1,1,1,1,1,1,1,1,1
301,10,1026,964,1045,10,3340,95 1,1,1,1,1,1,1,1
83,8,120,51,36,6312,17,110,2,40,218,881,168,857,3115 1,1,4,4,1,6,1,1,1,1,1,1,1,1,1
18,14,1654,4288,10,50,6312,2,40,881,27,2022,1054,1272 1,1,1,1,1,1,6,1,1,1,1,1,1,1
259,8,2009,91,2,381,333 1,1,1,1,1,1,1
838,1222,548,380,429,12,221 1,1,1,1,1,1,1
481,8,1210,4,339,4,742,2,877,4,652,219,28,2714,4,138 1,1,1,1,1,1,1,1,1,1,1,1,1,1,1,1
614,8,3092,36,10,2756,80,6311,17103,2,17104 1,1,1,1,1,1,1,1,1,1,1
