67,54,4,19357,18,82,191,681,476,66,24,34,187,1114,323,9,367,19358,10620,771,8 1,1,1,1,1,1,1,1,1,1,1,1,1,1,1,1,1,1,1,1,1
18,4252,19359,49,2092,3,51,2144,118,24,10621,5,1190,128,4861,199,3,132,650,571,254 1,1,1,1,1,1,1,1,1,1,1,1,1,1,1,1,1,1,1,1,1
24,187,412,484,2093,15,1629,408,3,27,11,1409,85,9,7797,3,31,6624,186,18,82,10622,8,3,5,598,92,1414,974,19360,18,21,31,387,2962,26,6522,1111,26,261 1,1,1,1,1,1,1,1,1,1,1,1,1,1,1,1,1,1,1,1,1,1,1,1,1,1,1,1,1,1,1,1,1,1,1,1,1,1,1,1
18,21,535,4862,19361,6,187,518,7,24,1431,3,5,461,18,408,9021,408,1199,12,24,187,5398,29,18,355,43,4862,19,59,3,5,1475,1041,3,1540,49,3665,3030 1,1,1,1,1,1,1,1,1,1,1,1,1,1,1,1,1,1,1,1,1,1,1,1,1,1,1,1,1,1,1,1,1,1,1,1,1,1,1
6,34,21,19362,18,132,344,299,484,15,10240,408,132,5,286 1,1,1,1,1,1,1,1,1,1,1,1,1,1,1
1037,21,1005,18,82,31,841,334,35,60 1,1,1,1,1,1,1,1,1,1
24,137,254,158,10623,279,1230,3,5295,125,3,2454,180,69,3,932,19363,3,1650,125,32,1916,1142,32 1,1,1,1,1,1,1,1,12,1,1,20,1,1,1,1,1,1,25,1,1,1,1,1
18,82,7970,10,3952,6,295,7,24,95,63,285,3,158,392,1188,1962,2316,3,333,6123,19,77,3,18,21,1001,140,159,50,99,749,24,29,18,468,12,19364,2262,3,51,14,449,10,49,15,493,2307,13,24,3467,2343,3,5,2429,8781,6,101,19365,13,344,732,1641 1,1,1,1,1,1,1,1,1,1,1,1,1,1,1,1,1,1,1,1,1,1,1,1,1,1,1,1,1,1,1,1,1,1,1,1,1,1,1,1,1,1,1,1,1,1,1,1,1,1,1,1,1,1,1,1,1,1,1,1,1,1,1
4253,19366,29,2447,31,678,29,3036,296,97,2652,26,1866 1,1,1,1,1,1,1,1,1,1,1,1,1
19367,57,2725,19368,3,51,18,21,377,19369,6,187,194,1114,1076,9,2729,3,2712,8,29,1349,5399,5,19370,628 1,1,1,1,1,1,1,1,1,1,1,1,1,1,1,1,1,1,1,1,1,1,1,1,1,1
187,194,1114,323,3,13,602,202,323,7,19371,19372,29,16,355,10,976,6,5592,2586,492,29,329,3636,82,6124 1,1,1,1,1,1,1,1,1,1,1,1,1,1,1,1,1,1,1,1,1,1,1,1,1,1
18,841,951,502,27,388,632,19,187,3,586,632,19,59,29,9022,525,10,6,187,3,51,13226,1396,269,19373,9,7797,3,1392,442,3906,4863,8 1,1,1,1,1,1,1,1,1,1,1,1,1,1,1,1,1,1,1,1,1,1,1,1,1,1,1,1,1,1,1,1,1,1
1439,1017 1,1
7971,2222,60 1,1,1
3276,13227,3,51,19374,91 1,1,1,1,1,1
18,21,15,1194,4779,3,13,377,2719,66,19375,10,2150,100,19376,783,3,51,675 1,1,1,1,1,1,1,1,1,1,1,1,1,1,1,1,1,1,1
628,557,60,3117 1,1,1,1
4184,4,265,187,3636,82 1,1,1,1,1,1
679,111,681,759,3,51,11,2976,448,19377,86,13,137,355 1,1,1,1,1,1,1,1,1,1,1,1,1,1
50,1603,19378,6,19379,7,122,24,465,12,223,320,129 1,1,1,1,1,1,1,1,1,1,1,1,1
497,19380,3,19381,1330,3,107 1,1,1,1,1,1,1
