69,49,4,17105,3640,2,1110,723,2,3666,17106,384,4,1678,292,407,265,13,844,1781,11766,2508,234,4,8032,4234,552,17107,74,5765,65,23,2402,30,2,18,21,39,311,51,81,17,1262,159,5,14,110,6919,65,1262,7,6,1294,7,37,76,2,317,981,2,527,5,1358 1,1,1,1,1,1,1,1,1,1,1,1,1,1,1,1,1,1,1,1,1,1,1,1,1,1,1,1,1,1,1,1,1,1,1,1,1,1,4,4,4,1,1,1,1,1,1,1,1,1,1,1,1,1,1,1,1,1,1,1,1,1,1
38,2900,10,1136,5,2508,1312,564,198,146,2,947,15,52,3334,1241,2199,37,288,2213,1914,1582,1388,117,17108,17,15,1154,95 1,1,1,1,1,1,1,1,1,1,1,1,1,1,1,1,1,1,1,1,1,1,1,1,1,1,1,1,1
85,741,2,27,1502,12,1756,2,10,23,381,76,14,164,143,76,4339,10,15,4951,1471,371,12,1326,11767,136,237,18,21,39,6920,7,1127,479,10,55,23,3293,17109,52,1373,34,5,15,2325,7,4625,12,23,197,44,37,2640,27,468,5,53,8033,2,781,2499,297,18,21,95,10,954,15,17110 1,1,1,1,1,1,1,1,1,1,4,1,1,9,9,9,1,1,1,3,3,3,1,1,1,1,1,1,1,1,1,1,1,1,1,1,1,17,1,1,1,1,1,1,1,1,1,1,1,1,1,1,1,1,1,1,1,1,1,1,1,1,1,1,1,1,1,1,21
12,736,2,552,4944,416,37,23,67,1927,50,2099,573,197,2,19,11768,11766,6,2730,7,760,432,964,2,71,8034,23,6319,5,268,2955,271,43 1,1,1,1,1,1,1,1,1,1,1,1,1,1,1,1,1,1,1,1,1,1,1,1,1,1,1,1,1,1,1,1,1,1
18,14,19,15,17111,735,1384,2,48,1493,10,6,2420,938,4820,146,13,1781,12,6,644,7,735 1,1,1,1,1,1,1,1,1,1,1,1,1,1,1,1,1,1,1,1,1,1,1
18,222,31,1418,10,735,80,2,32,23,2217,20,428,1431,252 1,1,1,1,1,1,1,1,1,1,1,1,1,1,1
947,15,140,3595,2,552,4944,5642,11769,12,6,368,74,5,1351,7,1579,6219,7,618,2,1540,151,1216,100,65,6,3599,2318 1,1,1,1,1,1,1,1,1,1,1,1,1,1,1,1,1,1,1,1,1,1,1,1,1,1,1,1,1
18,14,773,10,4872,919,915,10,655 1,1,1,1,1,1,1,1,1
18,88,134,596,2,469,2,270,26,44,34 1,1,1,1,1,1,1,1,1,1,1
197,445,388,589,10,55,15,860,5,18,14,1360,7,52,2103,34 1,1,1,1,1,1,1,1,1,1,1,1,1,1,1,1
637,4,1136,32,15,772,7,120,19,735,2,120,741,17112,28,216,5345,5346,1914,28,4548,28,116,12,6,78,28,178,103,1966,9480,2,704,12,2758,2824,227,585,2922,41,28,421,28,883,13,1686,611,453,42,58,9457,28,216,339,1574,13,66,412,2238,2,548,752,2,3479,5,3489,832,2,815,335,259,159,146,103,2542,28,1472,28,599,592,2377,28,216,877,103,6216,959,28,17113,11770,2,438,2516,4,6320,259,159,146,28,52,349,1241,2199,103,3126,98,51,2,373,288,153,223,146,77,4,2452,594,25,33,2,4839,105,25,33,2,2923,4952,25,59,2,17114,102,1366,33,2,888,2,11771,2,1165,46,102,138,2,3232,35,347,25,33,2,211,474,25,33,2,857,131,196,190,509,2,3453,35,347,25,291,13,1275,4090,257,4,152,137,4,9163,1489,270,28,11762,1757,1217,128,30,4,4091,179,30,4,295,27,140,13,943,7,2372,159,2,248,726,65,498,3840,4275,12,6,680,2,21,2841 1,1,1,1,1,1,1,4,1,1,1,4,1,1,1,1,1,1,1,1,1,1,10,1,1,1,1,9,1,3,1,1,1,1,1,1,1,1,1,1,1,1,1,1,1,1,1,1,1,1,1,1,1,1,1,1,1,1,1,1,1,1,1,1,1,1,1,1,1,1,1,1,1,1,1,1,1,1,1,1,1,1,1,1,1,1,1,1,1,1,1,1,1,1,1,1,1,1,1,1,1,1,1,1,1,1,1,1,1,1,1,1,1,1,1,1,1,1,1,1,12,1,1,1,1,1,1,1,1,1,1,1,1,1,1,1,1,1,1,1,1,1,1,1,1,1,1,1,1,1,11,1,1,1,1,6,6,1,1,1,1,1,1,1,1,1,1,1,1,1,1,1,1,1,1,1,1,1,1,1,1,1,1,1,1,1,1,1,1,1,1,1,1,1,1,1,1,1,1,1,1,1,1,1,1,1,1,1,1
1109,10,500,12,7063 1,1,1,1,1
2239,4,578,245,671,2,2759,1109,554,2,11,1528,624,245,163,7,213,4,9,261,8,106,2188,67,9297,288 1,1,14,14,14,14,1,1,1,1,1,1,1,1,1,1,1,1,1,1,1,1,1,1,1,1
11,134,1652,2,272,2,402,2,596,2,469,2,250,2,1309,3531,2,435,2,1463,2,3319,2,807,2,263,34 1,1,1,1,1,1,1,1,1,1,1,1,1,1,1,1,1,1,1,1,1,1,1,1,1,1,1
385,4,2024,2,3310,407,12,436 1,1,1,1,1,1,1,1
276,5334,1474,2,111,17115,2,492,1529,2,574,934,2,1048,1080,41,19,628 1,1,1,1,1,1,1,1,1,1,1,1,1,1,1,1,1,1
202,4,1742,2,518,2,725,2,570,2,822,2,9481,2,5282,6233,11,17116,2,802,2907,1130,2,11,815,269,26,277,2,11,846,2,112,330,2,11,2306,269,26,229 1,1,1,1,1,1,1,1,1,1,1,1,1,1,1,1,1,1,1,1,1,1,1,1,1,1,1,1,1,1,1,1,1,1,1,1,1,1,1,1
17117,418,2,324,246,5,253,2,11,1093,2,970,26,417 1,1,1,1,1,1,1,1,1,1,1,1,1,1
4340,745,193,13,634,10,199,558,193,2,11,1945,2,1056,26,1223 1,1,1,1,1,1,1,1,1,1,1,1,1,1,1,1
8035,133,2,875,2,1325,2,4341,2,4284,17118,1003,26,342,2,11,541,2,6917,26,132,229 1,1,1,1,1,1,1,1,1,1,1,1,1,1,1,1,1,1,1,1,1,1
5347,225,11772,79,7,531 1,1,1,1,1,1
11773,142,108,188,580,17119,7,531,13,1189,5258,7064,7,52,2103 1,1,1,1,1,1,1,1,1,1,1,1,1,1,1
5766,11774,98,102,2,4613,2,17120,4581,2,1239,598,1039,919,2,48,17121,1625,2,951,3193,175,2,901,2799,175,193,2,4092,395,5,863,12,3999,2,2973,2,9482,5,7952,2,590,3804,225,956,5,531,467,4,649,2397,2,524,3687,2,824,1347,2,6321,1865,2,379,1324,2,792,5348,2,770,1347,2,335,4329,2,5209,3297,2,22,2827,2,1434,3509,28,298,3708,11,1307,2,266,5349,2,443,7896,28,64,4219,2,1069,934,999,4,764,13,847,4093,2,3091,5,2961,1563,1241,984,2,11,5767,313,26,743,908,4,464,80,482,305,580,127,13,1874,79,5,350,1079,2117,193 1,1,1,1,1,1,1,1,1,1,1,1,1,1,1,1,1,1,1,1,1,1,1,1,1,1,1,1,1,1,1,1,1,1,1,1,1,1,1,1,1,1,1,1,1,1,1,1,1,1,1,1,1,1,1,1,1,1,1,1,1,1,1,1,1,1,1,1,1,1,1,1,1,1,1,1,1,1,1,1,1,1,1,1,1,1,1,1,1,1,1,1,1,1,1,1,1,1,1,1,1,1,1,1,1,1,1,1,1,1,1,1,1,1,1,1,1,1,1,1,1,1,1,1,1,1,1,1,1,1,1,1,1
4342,2557,27,6,52,409,1562,373,218,4297,17122,79,26,2258 1,1,1,1,1,1,1,1,1,1,1,1,1,1
715,139,4,905,9483,860,1363,4,1781,3652,2508,103,371,102,198,146,2,120,2,527,2,438,833,4,1678,200,307,407,13,218,3624,4003,3817,65,4953,81 1,1,1,1,1,1,1,1,1,1,1,1,3,1,1,1,1,4,1,1,1,1,1,1,1,1,1,1,1,1,1,1,1,1,1,4
12,1731,10,11775,11462,6,542,7,1781,37,18,4343,117,735,2,18,176,1525,65,3476,37,40,4344,6,2532,111 1,1,1,1,1,1,1,1,1,1,1,1,1,1,1,1,1,1,1,1,1,1,1,1,1,1
35,8,67,94,36,17123,1149,80,36,108,6,256,14,1691,2,7065,10,247,6163,83,22,25,291,51,8,132,353,36,155,1942,12,221,36,10,735,12,221,36,2052,431,8036,12,2420,3115,36,383,3453,10,51,1366,25,291,13,1275,17,11776,102,8,2188,9297,36,64,21,15,8037,401,27,4954,2,40,1026,536,4,908,638,150,2,3974,12,644,7,216,815,335,36,266,185,526,8038,2254,11777,2,96 1,1,1,1,1,1,1,1,1,1,1,1,1,1,1,1,1,1,1,1,1,1,1,1,1,1,1,1,1,1,1,1,1,1,1,1,1,1,1,1,1,1,1,1,1,1,1,1,1,1,1,1,1,1,1,1,1,1,1,1,1,1,1,1,1,1,1,1,1,1,1,1,1,1,1,1,1,1,1,1,1,1,1,1,1,1,1,1,1,1,1,1,1
