69,49,4,17190,29,414,4,7076,2,8050,206,485,4,17191,208,49,7,101,4,17192,2402,467,5,1172,424,1910,292,345,858,391,6,29,14,724,17,4222,7,4097,2333,1137,1842,7,197,8051,19,17193 1,1,1,1,1,1,1,1,1,1,1,1,1,1,1,1,1,1,1,1,1,1,1,1,1,1,1,1,1,1,1,1,1,1,1,1,1,1,1,1,1,1,1,1,1,1
30,7,156,360,6,29,1351,7,197,8051,505,136,17194 1,1,1,1,1,1,1,1,1,1,1,1,1
78,545,30,158,162,1128,4,17195,11,4224,1294,128,30,68,12,11,128,30,7,3288,2614,10,224,2473 1,1,1,1,1,1,1,1,1,1,1,1,1,1,1,1,1,1,1,1,1,1,1,1
78,89,30,231,89,167,563,4,1413,850,2569,685,3479,832,179,30,309,4,706,154,831,146,2,9504,10,182,3162,912,1374,554,245,4,11,30,7,2786,245,2474,1240,4,152,163,7,213,77,4,2220,933,17196,137,4,152,562,4,11,30,7,127,2,11,371,28,88,455,2,11805,2,11,892,2,11,754,79 1,1,1,1,1,1,1,1,1,1,1,1,1,1,1,1,8,8,8,8,8,8,8,8,8,8,8,8,8,1,1,1,1,1,1,1,1,1,1,1,1,1,1,1,1,1,1,1,1,1,1,1,1,1,1,1,1,1,1,1,1,1,1,1,1,1,1,1,1,1,1,1,1
64,113,31,352,28,319,974,100,15,4633,7,1965,11806,15,17197,13,106,270 1,1,1,1,1,1,1,1,1,1,1,1,1,1,1,1,1,1
372,4,11,30,7,1284,26,188,409,76,28,88,2100,255,7,194 1,1,1,1,1,1,1,1,1,1,1,1,1,1,1,1
17198,2569,1030,4,11,30,7,1030,167,1766,4,8052,2,261,17199,17200,2,100,10,112,5,17201,4960,12,1414 1,1,1,1,1,1,1,1,1,1,1,1,1,1,1,1,1,1,1,1,1,1,1,1,1
4223,4,11,30,7,902,76,28,88,2403,26,1385,6126,4,11,30,7,132,353,28,88,1173,2,807,2,1617,6127,1031,4,88,34,26,4819,7,1129,6816,4,11,30,7,81,2,11,9505,5182,4,64,416,16,14,1581,10,1171,588,5,7077,319,97,354,17202,2,11,2158,26,993,17203,1734,4,11,182,1734,167,73,17204,17205,348,17206,17207,17208,6818,75,276,4,657,5344,516,2,11,342,2,112,1486,919,2,11,229,2278,4,5601,3301,219,2,817,1559,2873,4,12,199,955,226,4,90,193,118,4,135,212,2,11,387,2,5602,2,11,1422,187,4,463,2,3479,832,217,4,31,755,242,211,93,139,4,591,57,5183,17,162 1,1,1,1,1,1,1,1,1,1,1,1,1,1,1,1,1,1,1,1,1,1,1,1,1,1,1,1,1,1,1,1,1,1,1,1,1,1,1,1,1,1,1,1,1,1,1,1,1,1,1,1,1,1,1,1,1,1,1,1,1,1,1,1,1,1,1,1,1,1,1,1,1,1,1,1,1,1,1,1,1,1,1,1,1,1,1,1,1,1,1,1,1,1,1,1,1,1,1,1,1,1,1,1,1,1,1,1,1,1,1,1,1,1,1,1,1,1,1,1,1,1,1,1,1,1,1,24,1,1,1,1,1,1,1,1,1,1,1,1,1,1,1,1,1
1910,292,345,13,657,352,2059,2,1911,11,3849,160,7,182,17209,76 1,1,1,1,1,1,1,1,1,1,1,1,1,1,1,1
64,21,15,17210,3301,219,2278,5,657,5344,2885 1,1,1,1,1,1,1,1,1,1,1
114,4506,4224,4,224,2473,2,1040,17211,314,4507,4,3302,34,583,4,3302,5603,67,4,152,5184,4,152,1054,77,4,60,19,107,7,162,77,10,55,2329,19,107,7,162,4,152,381,77,4,31,9506,3449,4,1845,17,102,123,297,162,172,4,1845,17,481,123,297,162,1222,4,117,2279,1884,258,11355,764,2,4623,145,1956,2,513,1088,2,1663,11,228,65,6329,7,11807,5,17212 1,1,1,1,1,1,1,1,1,1,1,1,1,1,1,1,1,1,1,1,1,1,1,1,1,1,1,1,1,1,1,1,1,1,1,1,1,1,1,1,1,1,1,1,1,1,1,1,1,1,1,1,1,1,1,1,1,1,1,1,1,1,1,1,1,1,1,1,1,1,1,1,1,1,1,1,1,1,1,1,1,1,1,1,1,1,1,1
240,6820,5604,99,47,50,177,38,6128,242,5,2957,13,6,242,5,909,114,13,6,640,6129,4,526,7050,2,5356,1050,2,96 1,1,1,1,1,1,1,1,1,1,1,1,1,1,1,1,1,1,1,1,1,1,1,1,1,1,1,1,1,1
