67,54,4,20348,9185,318,1141,112,6484,3,3037,13569,112,54,4,20349,221,13,64,1150 1,1,1,1,1,1,1,1,1,1,1,1,1,1,1,1,1,1,1,1
80,39,30,3,206,30,3,150,30,3,81,7,182,3,39,3,127,4,143,81,5,660 1,1,1,1,1,1,1,1,1,1,1,1,1,1,1,1,1,1,1,1,1,1
395,122,385,55,17,268,402 1,1,1,1,1,1,1
30,4,50,1187,5,101,6,28,2503 1,1,1,1,1,1,1,1,1
6,30,1656,14,35,96 1,1,1,1,1,1
40,14,15,1997,1882,358,121,20,95,261,66,6,124,425,139,15,1624,2506,5794,5,10816,849 1,1,1,1,1,1,1,1,1,1,1,1,1,1,1,1,1,1,1,1,1,1
16,61,40,744,17,15,20350,66,23,10816,1862,75,16,1526,208,46,1639,20351,26,38,92,2844,1004,186,16,20,983,19,6,20352,5,1344,115 1,1,1,1,1,1,1,1,1,1,1,1,1,1,1,1,1,1,1,1,1,1,1,1,1,1,1,1,1,1,1,1,1
16,21,68,3792,9187,633,159,2082,89 1,1,1,1,1,1,1,1,1
16,21,11,249,3,459 1,1,1,1,1,1
11,174,234 1,1,1
80,39,30,4,158,71,3,106,3,212,3,365,393 1,1,1,1,1,4,1,7,1,10,1,15,15
39,4,16,49,913,3,1088,3,13573,3,1052,5,2404 1,1,1,1,28,1,13,1,20,1,12,1,1
127,4,16,21,11,127,10,39 1,1,1,1,1,1,1,1
81,7,182,4,376,72 1,1,1,1,1,1
206,30,4,16,245,13,23,150 1,1,1,1,1,1,1,1
150,30,4,16,21,11,173,150,30 1,1,1,1,1,1,1,1,1
102,101,4,23,807,14,5423,3,130,156,1942,3,63,94,20353 1,1,1,1,1,1,1,1,1,1,1,1,1,1,1
16,14,62,980,5,410,358,12,11,199,342 1,1,1,1,1,1,1,1,1,1,1
227,33,1172,3,1121 1,1,1,1,1
1239,91 1,1
136,14,332 1,1,1
48,91,10,463,100 1,1,1,1,1
612,77,14,145,156,5,239,97,213,3,502,26,561 1,1,1,1,1,1,1,1,1,1,1,1,1
214,14,152,3,396 1,1,1,1,1
131,280 1,1
196,14,617,5,683 1,1,1,1,1
53,2435,14,13,128,538,4643 1,1,1,1,1,1,1
11,1375,2783,633,3,5,6,548,963,6,10816,2544,14,204 1,1,1,1,1,1,1,1,1,1,1,1,1,1
23,10817,20354,57,7293,13,9187,633 1,1,1,1,1,1,1,1
114,97,743,3,750,26,93 1,1,1,1,1,1,1
273,410,5,642 1,1,1,1
1411,1093,1544,57,204 1,1,1,1,1
11,670,26,1009,1030 1,1,1,1,1
278,4,16,14,221,12,278,43,6,1795,594,5,23,1862,20,2208,188,5,2844,938 1,1,1,1,1,1,1,1,1,1,1,1,1,1,1,1,1,1,1,1
92,14,885,35,40,20,469,43,1340,4022,6,4022,8094,7,6,1862 1,1,1,1,1,1,1,1,1,1,1,1,1,1,1,1
313,3,92,197,10,46,10818,3792,27,40,85 1,1,1,1,1,1,1,1,1,1,1
566,4,16,14,261,12,2275,534,13,1564,10,369,17,369,7,116,26,17,88,174,479,3,5,10,454,10,46,96,115,1567,17,871,441,113 1,1,1,1,1,1,1,1,1,1,1,1,1,1,1,1,1,1,1,1,1,1,1,1,1,1,1,1,1,1,1,1,1,1
1218,20355,9186,7294,3,107 1,1,1,1,1,1
13574,20356,20357,533,43,4,9186,7294,3,107 1,1,1,1,1,1,1,1,1,1
13574,250,31,81,43,262,331,250 1,1,1,1,1,1,1,1
