67,54,4,20410,3710,278,55,414,4,10835,5446,509,47,4,13594,54,7,168,10,5447,4,13595,278,54,4,13595,2474,4,335,379,719,20411,6214,3,1150,403,7,2605,3,3139,82,9200,3,812,3,142,5,2996,1584,717,3161,3,2099,282,4,40,14,15,335,379,719,12822,403,7,2605,3,3139,82,3,812,3,142,3,2996,5,553,1353,121,387,170,34,3,474,5,2157,12,6,9201,618,7,394,666,58,421,183 1,1,1,1,1,1,1,1,1,1,1,1,1,1,1,1,1,1,1,1,1,1,1,1,1,1,1,1,1,1,1,1,1,1,1,1,1,1,1,1,1,1,1,1,1,7,1,1,1,1,1,1,1,1,1,1,1,1,1,1,1,1,1,1,1,1,1,1,1,1,1,7,1,1,1,1,1,1,1,1,1,1,1,1,1,1,1,1,1,1,1,1,1,1,1
18,631,74,20,417,128,1111,3,11,3181,12,571,618 1,1,1,1,1,1,1,1,1,1,1,1,1
18,550,31,1436,26,976,24,666 1,1,1,1,1,1,1,1
18,631,6,34,13596,10,858,233,7,6,618,12,24,666,3,1788,3,2150,3,489,5,384 1,1,1,1,1,1,1,1,1,1,1,1,1,1,1,1,1,1,1,1,1,1
18,1005,474,12,24,187,384,3,11,474,26,1111,12,174,618 1,1,1,1,1,1,1,1,1,1,1,1,1,1,1
24,762,57,717,246 1,1,1,1,1
18,1773,1075,762,453,12,169,255,1762,10,2605,3,600,31,35,170 1,1,1,1,1,1,1,1,1,1,1,1,1,1,1,1
18,98,2903,489,5,2150,34,7,1075,51,602,2265,7097,12,5147,477,49,20412,17,3807 1,1,1,1,1,1,1,1,1,1,1,1,1,1,1,1,1,1,1,1
571,116,538,186,357,143,488 1,1,1,1,1,1,1
18,90,95,249,26,459 1,1,1,1,1,1
18,492,62,615,65,438,7,4462,17,4294,1353,267,65,183 1,1,1,1,1,1,1,1,1,1,1,1,1,1
1496,18,190,24,1353,21,538,5,18,14,27,24,472,66,15,386,3573,13597,263,5,307 1,1,1,1,1,1,1,1,1,1,1,1,1,1,1,1,1,1,1,1,1
18,109,146,128,131,13598,3420,529,159,1023 1,1,1,1,1,1,1,1,1,1
18,90,140,314,3,196,84,3,277,3,84,12,3433,3,1473,3,683,1431,3,84,12,889,3,323,3,2313 1,1,1,1,1,1,1,1,1,1,1,1,1,1,1,1,1,1,1,1,1,1,1,1,1,1
579,329,17,9202,3194,3,412,10836,31,5110 1,1,1,1,1,1,1,1,1,1
1022,639,17,573,20413 1,1,1,1,1
24,116,242,31,2072,10,7295,5,18,61,10,6,1147,20414 1,1,1,1,1,1,1,1,1,1,1,1,1,1
77,639,17,148,20415,3,523,2217,3,292,853,3,9123,853,42,3,246,20416,12,2363,82,3,187,384 1,1,1,6,6,1,1,1,1,1,1,1,1,1,1,1,1,1,1,1,1,1,1,1
349,4807,3,333,9095,3,536,20417,3,2015 1,1,1,1,1,1,1,1,1,1
141,1043,3,506,13597,2320,155,3094 1,1,1,1,1,1,1,1
18,20,162,10,281,297,17,268,172 1,1,1,1,1,1,1,1,1
18,146,377,34,13,4691,3,694,265,12,666,618,20418 1,1,1,1,1,1,1,1,1,1,1,1,1
674,4,2996,4,553,1353,159,13599,3,110,6635,2882,5147,3807,4,516,10837,1086,1012,371,5147,2759,2234,3662,5,2968,1300,5448,3139,2605,4,1363,6707,186,18,1584,136,3,489,3,657,3,48,766,3,384,5,1575,34,29,96,43,64,3274,1925,27,13600,1725,555,142,812,3369,5,2849,860,110,10838,3581,163,254,4,5445,647,32,4475,3046,32,962,378,32,4906,3296,32,4244,1269,32,950,231,69,752,872,329,1828,167,5086,3,7295,3,13589,137,254,4,4244,447,22,276,4906,10839,32,815,378,32,167,4691,233,4,13601,1896,13602,861,147,13603,994,976,2404,3,13604,1144,4,919,6215,3,11,485,3,699,26,357,1022,4,573,13605,6214,9,618,34,5,474,3,196,84,3,3139,82,8,3,212,3,151,583,27,1106,379,77,4,701,4,1130,4448,4574,29,148,20419,29,523,1437,29,716,125,227,4,797,3,1042,91,11,243,155,4,377,588,27,649,720,4,455,11,1099,3,576,615,362,4,152,3,952,3,1465,3,988,860,187,7,1017,4295,4,1194,762,246,10,1046,3,1409,858,48,3,303,3,248,29,131,20420,246,1291,2184,1080,29,377,525,3,2051,2471,5,899,7,136,75,18,146,14,472,29,489,3,2150,5,1788,13,296,1693,3,952,29,416,1233,20421,367,4811,858,9201,618,100,3,1409,59,671,9201,3,11,3181,26,685,29,11,5302,26,4190,951,618,448,29,657,954,2157,51,13606,1693,29,187,442,59,384,8097,3,296,1693,29,595,13606,1693,29,628,204,20422,4,11,277,3,4107,3,26,3194,84,149,4,5447,63,20423,20424,902,47,20425,349,3344,9,1312,8,524,333,7258,9,2437,8,42,560,3833,9,2531,8,1451,734,20426,9,2615,8,1785,536,20427,83,9,1589,8,1381,653,1600,9,1360,8,1227,786,6037,9,1479,8,1588,823,5030,9,1480,8,654,795,3810,9,1424,8,42,2007,2008,83,9,13203,8,8753,430,456,2401,59,9,1305,8,351,430,663,2037,9,1276,8,351,430,835,1035,59,9,1310,8,351,430,1072,1658,6653,9,1450,8,351,512,3328,9,1478,8,219,1555,3202,9,1659,8,219,1184,955,9,1660,8,1556,430,1800,2061,141,9,1311,8,219,430,347,2042,9,1601,8,219,687,6216,3956,10840,9,13607,8,9203,63,587,33,401,5447,1444,78,6616 1,1,1,1,1,1,1,1,1,1,1,1,1,1,1,1,1,1,1,1,1,1,1,1,1,1,1,1,1,1,1,1,1,1,1,1,1,1,1,1,1,1,1,1,1,1,1,1,1,1,1,1,1,1,1,1,1,1,1,7,1,1,1,1,1,1,1,1,1,1,1,1,1,1,1,1,1,1,1,1,9,1,1,1,1,1,1,1,1,1,1,1,1,1,1,1,1,1,1,1,1,1,1,1,1,1,9,1,1,1,1,1,1,1,1,1,1,1,1,1,1,1,1,1,1,1,1,1,1,1,1,1,14,14,14,14,1,1,1,1,1,1,1,1,1,1,1,1,1,1,1,1,1,1,1,1,1,1,1,1,1,1,1,1,1,1,1,1,1,1,1,7,6,6,1,1,1,1,1,1,1,1,1,1,1,1,1,1,1,1,1,1,1,1,1,1,1,1,1,1,1,1,1,1,1,1,1,1,1,1,1,1,1,1,1,1,1,1,1,1,1,1,1,1,1,1,1,1,1,1,1,1,1,1,1,1,1,1,1,1,1,1,1,1,1,1,1,1,1,1,1,1,1,1,1,1,1,1,1,1,1,1,1,1,1,1,1,1,1,1,1,1,1,1,1,1,1,1,1,1,1,1,1,1,1,1,1,1,1,1,1,1,1,1,1,1,1,1,1,1,1,1,1,1,1,1,1,1,1,1,1,1,1,1,1,1,1,1,1,1,1,1,1,1,1,1,1,1,1,1,1,1,1,1,1,1,1,1,1,1,1,1,1,1,1,1,1,1,1,1,1,1,1,1,1,1,1,1,1,1,1,1,1,1,1,1,1,1,1,1,1,1,1,1,1,1,1,1,1,1,1,1,1,1,1,1,1,1,1,1,1,1,1,1,1,1,1,1,1,1,1,1,1,1,1,1,1,1,1,1,1,1,1,1,1,1,1,1,1,1,1,1,1,1,1,1,1,1,1,1,1,1,1,1,1,1,1,1,1,1,1,1,1,1,1,1,1,1,1,1,1,1,1,1,1,1,1,1,1,1,1,1,1,1,1,1,1,1,1,1,1,1,1,1
48,20428,20429,902,47,20430,603,6,2505,548,7,3094,27,6,155,649,3,416,312,1525,306,221,19,1663,558,3,10283,6,422,2410,7,571,461,508,62,845,703,921 1,1,1,1,1,1,1,1,1,1,1,1,1,1,1,1,1,1,1,1,1,1,1,1,1,1,1,1,1,1,1,1,1,1,1,1,1,1
313,3,3966,13,241,7,6,48,237,52,157,17,268,172 1,1,1,1,1,1,1,1,1,1,1,1,1,1
177,4,924,382,309,1865,13608,1075,10,169,7958,10841,4,335,379,719,10842,2605,5,2996,110,95,4294,1353,1584,717,3161,3,2099,5,3420,529 1,1,1,1,1,1,1,1,1,1,1,1,1,1,1,1,1,1,1,1,1,1,1,1,1,1,1,1,1,1,1,1
6,6708,7,2099,3,20431,3,367,8098,3,3139,82,3,812,3,142,5,7060,20432,6,284,7,6214 1,1,1,1,1,1,1,1,1,1,1,1,1,1,1,7,1,1,1,1,1,1,1
1119,3,15,5755,7,40,76,368,61,97,196,3623,9,182,4395,13609,6214,8 1,1,1,1,1,1,1,1,1,1,1,1,1,1,1,1,1,1
6,1563,1692,7,24,618,4159,14,1287,284,3933,76 1,1,1,1,1,1,1,1,1,1,1,1
6,100,666,1950,14,2230,3,51,626,10,858,174,618,1152,35,6,384,14,31 1,1,1,1,1,1,1,1,1,1,1,1,1,1,1,1,1,1,1
20433,20434,14,1033,1631,138,6,3066,1954,7,6,1178 1,1,1,1,1,1,1,1,1,1,1,1
24,2099,208,60,1282,845,2605 1,1,1,1,1,1,1
119,420,134,1382,3,80,3218,3,3653,3,2007,395,144,3218,3,3653,3,13610,8099,5,5433,3,2983,478,444,3,1836,3914,1793,7,100,666,3,187,384,941,360,17,40,1751,278 1,1,1,1,1,1,1,1,1,1,1,1,1,1,1,1,1,1,1,1,1,1,1,1,1,1,1,1,1,1,1,1,1,1,1,1,1,1,1,1,1
119,41,96,13,360 1,1,1,1,1
2929,5303,9204,3,107 1,1,1,1,1
710,20435 1,1
