67,54,4,20485,7301,6715,124,1225,1173,3,3067,684,4,3918,3,6176,8105,47,4,13636,2761,4,6176,21,68,191,60,159,24,70,486,657,4478,12,1135,7,6497,18,464,21,34,12,6,70,657,5,6,53,657,3,75,14,166,290,10,1498 1,1,1,1,1,1,1,1,1,1,1,1,1,1,1,1,1,1,1,1,1,1,1,1,1,1,1,1,1,1,1,1,1,1,1,1,1,1,1,1,1,1,1,1,1,1,1,1,1,1,1,1,1,1,1,1
18,21,68,49,1223,17,34,179 1,1,1,1,1,1,1,1
6716,3,18,14,31,46,147,13,648,3,35,18,14,49,15,554,8106 1,1,1,1,1,1,1,1,1,1,1,1,1,1,1,1,1
18,14,49,13341,5,20486,17,24,2070 1,1,1,1,1,1,1,1,1
12,475,3,18,21,38,15,30,7,70,1591,2267,5,14,49,4783,2404,3,97,202,7,361,1896,26,20487,446 1,1,1,1,1,1,1,1,1,1,1,1,1,1,1,1,1,1,1,1,1,1,1,1,1,1
18,14,49,1262,17,24,63,94,179,3,5,14,98,49,930,17,34,179 1,1,1,1,1,1,1,1,1,1,1,1,1,1,1,1,1,1
27,163,3,18,14,2034,15,3673,4015,37,64,10852,21,1367 1,1,1,1,1,1,1,1,1,1,1,1,1,1
12,475,3,18,14,157,15,2515,17,1127,186,1987,6,1422,5,15,2343,186,6504,6,1422 1,1,1,1,1,1,1,1,1,1,1,1,1,1,1,1,1,1,1,1,1
18,468,89,17,24,987,13,24,723 1,1,1,1,1,1,1,1,1
18,953,12,15,2262 1,1,1,1,1
19,101,3,24,63,94,89,14,9215,13,15,133,7,382,5,15,386,156,7,2520,18,14,1130 1,1,1,1,1,1,1,1,1,1,1,1,1,1,1,1,1,1,1,1,1,1,1
103,77,14,15,145,156,5,239,3,304,3,310,3,97,213 1,1,1,1,1,1,1,1,1,1,1,1,1,1,1
24,136,14,332,3,600,18,109,46,13637,34,10,1046 1,1,1,1,1,1,1,1,1,1,1,1,1
24,155,57,91,10,463 1,1,1,1,1,1
18,21,34,783,6,4837,762,12,6,2068,5,6221,548 1,1,1,1,1,1,1,1,1,1,1,1,1
18,21,128,34,13,2471,27,6,657,3,13,406,759,27,394,657 1,1,1,1,1,1,1,1,1,1,1,1,1,1,1,1
18,21,11,202,7,194,114,685,26,93 1,1,1,1,1,1,1,1,1,1
24,330,133,57,204 1,1,1,1,1
24,3321,1056,57,1688 1,1,1,1,1
18,21,232,975,133 1,1,1,1,1
18,90,363,5,1057,14,1175 1,1,1,1,1,1,1
18,104,15,3513,10,8107,2104 1,1,1,1,1,1,1
39,57,2842,12,1960 1,1,1,1,1
566,4,18,41,96,115,13,271,17,15,492,102,101,12,1361,7,40,87,3,5,18,41,52,772,27,37,85 1,1,1,1,1,1,1,1,1,1,1,1,1,1,1,1,1,1,1,1,1,1,1,1,1,1,1
7302,5454,3,107 1,1,1,1
7301,6715,124,20488,4,20489,816,20490,816,20491 1,1,1,1,1,1,1,1,1,1
