67,54,4,20497,162,55,64,13639,4296,629,3918,14,15,3559,1438,382,2058,302,5153,355,688,66,13640,10,8105,17,172 1,1,1,1,1,1,1,1,1,1,1,1,1,1,1,1,1,1,1,1,1,1,1,1,1,1,1
403,20498,66,169,1960,55,5,2663,13,230,331 1,1,1,1,1,1,1,1,1,1,1
24,674,14,639,17,142,3,812,3,284,212,3,881,3,284,2605,13,374,3662,2759,13,2090,3,110,2544,12,7233 1,1,1,1,1,7,1,1,1,10,10,1,1,1,1,1,1,1,1,1,1,1,1,1,1,1,1
18,21,68,19,4120,7098,907,17,1087,113 1,1,1,1,1,1,1,1,1,1
138,24,1499,17,1698,5,24,3758,5,1150,1499,17,164,3,18,21,68,343,39,5,3117 1,1,1,1,1,1,1,1,1,1,1,1,1,1,1,1,1,1,1,1,1
18,20,27,13640,5,20,19,20499,3,4907,5,818,2689,17,24,2759,5,20,20500,10,8105,230,17,367,2224,942,3,84,12,1010,3,300,5,291,34 1,1,1,1,1,1,1,1,1,1,1,1,1,1,1,1,1,1,1,1,1,1,1,1,1,1,1,1,1,1,1,1,1,1,1
12,230,3,62,362,241,359,111,301,504,766,1390,12,4387,6717,2880,895,13,5647,76 1,1,1,1,1,1,1,1,1,1,1,1,1,1,1,1,1,1,1,1
15,413,241,20,569,5,1427,10,169,55,12,940,3,150,20501,537,24,942,14,472 1,1,1,1,1,1,1,1,1,1,1,1,1,1,1,1,1,1,1,1
254,4,815,171,22,69,3,930,1582,22,69,3,2427,125,22,305,3,1052,125,22,32,3,3283,755,22,32,3,252,462,22,32,3,13641,108,22,32,3,4907,1327,22,69,3,2648,945,22,247,32,3,2689,501,22,25,305,3,218,141,22,32,3,610,447,22,69,3,4112,7214,189,521,662,129,5,2326,1547,462,22,305 1,1,1,1,1,1,1,1,1,1,1,1,25,1,1,1,1,12,1,1,1,1,1,1,1,1,1,11,1,1,1,1,1,1,1,1,1,1,1,1,1,1,1,1,1,1,1,1,1,1,1,1,1,1,13,1,1,1,1,9,1,1,1,1,1,1,1,1,1,1,1,1,1,1,1,1
1545,2501,4,70,5987,12,3474,1022,4,13642,27,40,85,1144,4,11,485,5,1117,20502,157,579,4,376,72 1,1,1,1,1,1,1,1,1,1,1,1,1,14,14,14,14,14,14,14,14,1,1,1,1
19,77,3089,3,5803,3,716,856,3,133,1188,18,197,1250,214,14,152,5,396,3,11,1280,66,2932,1489 1,1,1,1,1,1,1,1,1,1,1,1,1,1,1,1,1,1,1,1,1,1,1,1,1
91,155,20503,13,1298,213,11,93,3,1441,330,133,352,77,14,406,3,18,368,96,1564,9,50,1438,128,3559,8,5,1170,233,939 1,1,1,1,1,1,1,1,1,1,1,1,1,1,1,1,1,1,1,1,1,1,1,1,1,1,1,1,1,1,1
942,14,15,1928,2224 1,1,1,1,1
700,31,154 1,1,1
70,303,4,11,202,7,1266,66,247,20504 1,1,1,1,1,1,1,1,1,1
532,4,20505,924,1232,3,1452,292,804,20506,12,10854 1,1,1,1,1,1,1,1,1,1,1,1
349,20507,3,333,5144,3,536,20508,1257,4,2008,42,10855,3,1173,42,577,3,117,42,4660 1,1,1,1,1,1,1,1,1,1,1,1,1,1,1,1,1,1,1,1,1
705,5022,9,403,7,209,2406,8,3,592,1853,3,3391,20509,3,345,8108,1461,2871,3,44,1228,3,2083,3,1941 1,1,1,1,1,1,1,1,1,1,1,1,1,1,1,1,1,1,1,1,1,1,1,1,1,1
4184,4,382,87,302,13,142,3,881,3,284,212,3,2605,13,3662,2759,5,132,627,895,1390,19,362,241,477,19,4120,7098,907 1,1,1,1,1,1,7,1,1,1,10,10,1,1,1,1,1,1,1,1,1,1,1,1,1,1,1,1,1,1
18,21,1574,164,12,80,5,465,1574,164,1023,12,230 1,1,1,1,1,1,1,1,1,1,1,1,1
41,2659,86,137,907,3,2033,872,1257,66,554 1,1,1,1,1,1,1,1,1,1,1
3130,1054,444,5455,564,2138,7,6222,884,10,981,17,6222,325,9,881,3,142,3,212,3,2314,8 1,1,1,1,1,1,1,1,1,1,1,1,1,1,1,1,1,7,1,10,1,1,1
3947,650,19,838,17,132,138,341,17,3662 1,1,1,1,1,1,1,1,1,1
10601,103,1989,3,86,20510,5,9216,389 1,1,1,1,1,1,1,1,1
13154,361,5,528,134,224,534,627 1,1,1,1,1,1,1,1
497,13639,4296,3,107 1,1,1,1,1
47,20511,426,4,64,5454 1,1,1,1,1,1
