67,54,4,20552,164,168,55,426,4,61,17,155,761,282,4,293,4470,14,15,4895,498,13,2584,155,76,290,10,4298,350,2205 1,1,1,1,1,1,1,1,1,1,1,1,1,1,1,1,1,1,1,1,1,1,1,1,1,1,1,1,1,1
16,20,162,10,6,6224,66,20553,10,9227,13,5458,386,371,606,7815,2016,5,168,10,6,39,3716 1,1,1,1,1,1,1,1,1,1,1,1,1,1,1,1,1,1,1,1,1,1,1
405,37,168,16,20,1003,17,155,761 1,1,1,1,1,1,1,1,1
16,20,261,10,15,977,2495,5,286,10,163,267,65,183 1,1,1,1,1,1,1,1,1,1,1,1,1,1
16,369,132,17,1513,155,761,66,15,3006,3977 1,1,1,1,1,1,1,1,1,1,1
674,4,4298,350,2205,756,391,1274,212,9,99,103,445,20554,8,1923,585,831,71,812,13658,5807,1091,1159,8895,2913,100,10315,606,48,1862,70,322,894,290,10,1434,3608,1093,3637,2501,4,2255,4,6633,7306,3,9228,3,70,6721,13,311,70,518,3898,862,9,64,3301,8,20555,4,53,48,1862,39,9,660,20556,19,168,8,4,2176,515,25,6180,613,686,25,305,706,515,25,32,663,835,3336,964,20557,25,32,1819,4909,25,32,1118,549,25,32,1999,2510,36,298,25,32,7307,20558,25,276,9229,10873,9,3140,8,4483,22,25,69,2456,1314,25,276,167,1820,236,378,25,32,9230,125,42,9,669,6724,8,25,1327,22,2322,950,231,305,2114,25,58,298,69,167,648,4647,9,1662,8,7308,279,20559,13659,1846,1675,25,10874,3,20560,3,9231,3,10875,1846,3473,25,20561,3,9232,3,8118,3,20562,165,596,1643,521,1413,189,397,1429,165,145,521,210,189,397,3059,947,478,9,203,8,25,462,22,32,8113,7041,367,228,521,544,85,113,906,36,298,25,32,127,4,790,4,11,374,357,127,77,4,701,4,5459,3,1490,145,3,20563,3,13660,3,853,42,19,20564,207,4,787,498,12,480,19,965,1133 1,1,1,1,1,1,1,1,10,1,1,1,1,1,1,1,1,1,4,1,1,1,1,1,1,1,1,1,1,1,1,1,1,1,1,1,1,1,1,1,1,1,1,1,1,1,1,1,1,1,1,1,1,1,1,1,1,1,1,1,1,1,1,1,1,1,1,1,1,1,1,1,1,1,1,1,1,1,9,1,1,1,1,1,1,1,1,1,1,1,1,1,1,1,1,1,1,1,1,1,1,1,1,1,1,1,1,1,1,1,1,1,1,1,1,1,1,1,1,1,1,1,1,1,1,1,12,1,1,1,1,1,1,1,1,1,1,1,1,1,1,1,1,1,1,1,1,1,1,1,1,1,1,1,1,1,1,1,1,1,1,1,1,1,1,1,1,1,1,1,1,1,1,1,1,1,1,1,1,8,8,8,1,1,1,1,1,8,8,8,1,1,1,1,11,11,1,11,1,1,1,1,1,1,1,1,1,1,1,1,1,1,1,1,1,1,1,1,1,1,1,1,1,1,1,1,1,1,1,1,1,1,1,1,1,1,1,1,1,1,1,1,1,1,1,1,1,1,1,1
1438,15,493,3487,27,15,85 1,1,1,1,1,1,1
425,13,23,150 1,1,1,1
136,4,332,3,11,910,155,4,1736,3,91,3,7289,675 1,1,1,1,1,1,1,1,1,1,1,1,1,1
130,4,455,97,857,3091,362,4,152,3,396,3,1763,1309,4,10876,29,7309,13,244,381,3781,13661,6725,4,548,7,1111,225,6,6725,13,152,196,51,11,196,3574,3,1280,3,26,4390,1714,4,3065,3,329,565,2553,743 1,1,1,1,1,1,1,1,1,1,1,1,1,1,1,1,1,1,1,1,1,1,1,1,1,1,1,1,1,1,1,1,1,1,1,1,1,1,1,1,1,1,1,1,1,1,1,1,1,1,1
3194,859,2638,13,2725,3183,878 1,1,1,1,1,1,1
192,4,4895,498,13,2584,350,2205,3,162,132,17,155,761,104,4,20565,149,5,264,158,20566,17,141,189,1231,4104,3,6726,3,1281,20567,17,155,761,29,591,2448,205,5,19,940,20568,254,12,26,135,64,6727,9,890,29,1382,660,8,9233,684,7309,20569,2325,9234,2864,12778,3,229,6224,164,3485,20570 1,1,1,1,1,1,1,1,1,1,1,1,1,1,1,1,1,1,1,1,1,1,1,1,1,1,1,1,1,1,1,1,1,1,1,1,1,1,1,1,1,1,1,1,1,1,1,1,1,1,1,1,1,1,1,1,1,1,1,1,1,1,1,1,1,1,1,1,1
