67,54,4,20571,350,9196,9235,224,694,30,4,293,4470,14,15,335,1741 1,1,1,1,1,1,1,1,1,1,1,1,1,1,1,1,1
358,220,256,4298,350,2205,110,1513,70,155,761,12,1604,1985,3808,2325,438,21,68,698,43,3697,13662,3,10877,8119,5,170,4771 1,1,1,1,1,1,1,1,1,1,1,1,1,1,1,1,1,1,1,1,1,1,1,1,1,1,1,1,1
293,4470,20,372,95,162,66,13663,868,20572,17,234,7,170,590,5,437,3,600,97,116,7,411,26,199,466,3050 1,1,1,1,1,1,1,1,1,1,1,1,1,1,1,1,1,1,1,1,1,1,1,1,1,1,1
23,1264,234,20,207,323,5,590,744,220,244,673,308 1,1,1,1,1,1,1,1,1,1,1,1,1
475,3,16,146,15,244,500,1059,5,86,140,314 1,1,1,1,1,1,1,1,1,1,1,1
405,37,168,3,16,20,1698,10,15,333,78,840,29,180,5,23,3088,2863,369,188,10,472 1,1,1,1,1,1,1,1,1,1,1,1,1,1,1,1,1,1,1,1,1,1
23,323,20,537,10,52,2518,422,10,23,10468,35,16,20,607,35,46,62,4082,5808,1278 1,1,1,1,1,1,1,1,1,1,1,1,1,1,1,1,1,1,1,1,1
1335,20,278,3,15,4484,1862,20,469,5,1862,4908,143,126,10,1804,23,1335 1,1,1,1,1,1,1,1,1,1,1,1,1,1,1,1,1,1
16,20,261,97,7998,19,20573 1,1,1,1,1,1,1
6,28,86,220,9236,2315,5,1728,5460,27,163,5,722,62,615,948,140,1001,12,602,306,58,129 1,1,1,1,1,1,1,1,1,1,1,1,1,1,1,1,1,1,1,1,1,1,1
16,20,265,597,63,285,275,15,269,3697,9237,9,539,763,8,19,9238 1,1,1,1,1,1,1,1,1,1,1,1,1,1,1,1,1
761,1120,20,278,5,6,28,20,1494,19,6227,7310,2077,3,5,286,525,5461,115,10,32,228,649,19,1120,420 1,1,1,1,1,1,1,1,1,1,1,1,1,1,1,1,1,1,1,1,1,1,1,1,1,1
16,465,1204,8119,5,20,126,19,9239,1142,1337,521,32,19,20574,17,15,349,7,20575,27,37,85,14,333,20,6523,5,4596,20576 1,1,1,1,1,1,1,1,1,1,1,1,1,1,1,1,1,1,1,1,1,1,1,1,1,1,1,1,1,1
15,390,836,20,564,89,5,275,627,8119,29,333,20577,3315,3,349,1160,5,4596,20578 1,1,1,1,1,1,1,1,1,1,1,1,1,1,1,1,1,1,1,1
1401,20,235,13,64,13664,5,6,28,20,732,5,1564,10,61,10,6,6224,1147,17,268,172,5,516 1,1,1,1,1,1,1,1,1,1,1,1,1,1,1,1,1,1,1,1,1,1,1,1
80,39,30,4,176,4298,350,2205,9,1704,543,13,10878,8,3,671,801,12,2975 1,1,1,1,1,1,1,1,1,1,1,1,1,1,1,1,1,1,1
178,756,391,1274 1,1,1,1
195,181,120,76 1,10,10,10
253,317,58,71 1,4,4,4
346,812 1,1
460,1091,9,13658,5807,8 1,1,1,1,1,1
652,1159,1257,2913 1,1,1,1
833,2270,10315 1,1,1
995,70,3608,3637,5,322,894 1,1,1,1,1,1,1
1079,10877,8119,80,591,30,4,176,70,6721,5,3898,862,2255 1,1,1,1,1,1,1,1,1,1,1,1,1,1
178,53,20579,20580 1,1,1,1
195,2564,3,620,5708,84,10,127,1545,4,11,374,127,33,1105,4,257,81,259,39,9,660,8,4,727,82,203,547,36,25,105,13665,58,298,25,69,7311,672,25,2088,1812,1675,25,69,3717,672,25,69,2188,3120,25,105,1829,4885,25,105,2671,9240,36,965,69,165,58,189,521,605,1712,215,1337,25,105,13666,108,22,25,69,906,36,298,25,105,596,165,320,189,521,105,2997,3714,36,5765,69,706,108,22,25,105,962,549,25,105,4300,20581,20582,25,69,6227,7310,22,25,909,174,65,2814,49,36,298,662,320,552,167,300,206,30,4,4694,4193,3,137,285,66,163 1,1,1,1,1,1,1,1,1,1,1,1,1,1,1,1,1,1,1,1,1,1,1,1,1,1,11,1,1,1,1,1,1,1,1,1,1,1,1,1,20,1,1,1,1,1,1,1,1,1,1,1,1,1,1,1,1,1,1,1,1,8,1,1,1,1,1,1,1,1,1,1,1,1,1,1,1,1,1,1,1,8,8,8,8,8,8,1,1,1,1,1,1,1,1,1,1,1,1,1,1,1,1,1,1,1,1,1,1,1,1,1,1,1,1,1,1,1,1,1,1,1,1,1,1,1,1,1,1,1,1,1
245,13,551,5,723 1,1,1,1,1
334,238,125,2058,183 5,5,5,5,5
4910,33,20583 1,1,1
1664,95,149,4,20584,3697,9237,3392,192,5,104,4,335,1741 1,1,1,1,1,1,1,1,1,1,1,1,1,1
358,110,187,155,761,1604,1985,17,8117,13,916,3,698,124,438,3,132,61,13,10877,8119 1,1,1,1,1,1,1,1,1,1,1,1,1,1,1,1,1,1,1,1,1
28,1564,10,61,10,230,27,6224 1,1,1,1,1,1,1,1
902,757,2754,1698,58,189,4104,9,20585,8,1698,13667,1281,86,9239,1142,22,521,105,1494,6228,231,1337,521,113,659,6227,395,278,411,76,147,4,20586,411,33,395,144,15,3697,9237,300,33,86,2814,167,71,324,9,1609,788,8,33,86,220,1210,596,5,145,165,58,189,605 1,1,1,1,1,1,1,1,1,1,1,1,1,1,1,1,1,1,1,1,1,1,1,1,1,1,1,1,1,1,1,1,1,1,1,1,1,1,1,1,1,1,1,1,1,1,4,4,4,4,4,4,1,1,1,1,8,8,8,8,8,8,8
86,10,450,1386,12,481,7,209,1202,340,155,761,33,86,4300,5,144,4897,444,12,272 1,1,1,1,1,1,1,1,1,1,1,1,1,1,1,1,1,1,1,1,1
1237,228,1427,86,706,5,3717 1,1,1,1,1,1,1
86,2665,220,7311,5,2997,2043,992,76,33,86,962,3,2188,3,5,20587,1370 1,1,1,1,1,1,1,1,1,1,1,1,1,1,1,1,1,1
10468,33,86,1728,5460,9,9236,8,27,20588,135,552,86,13666,27,647,135,65,13,3059,5,2235,395,278,1335,1220,33,86,2950,4695,4911,33,86,2671,36,1318,69,181,120,76,33,86,1812,5,252,391,1274,33,20589,1804,718,27,421 1,1,1,1,1,1,1,1,1,1,1,1,1,1,1,1,1,1,1,1,1,1,1,1,1,1,1,1,1,1,1,1,1,1,1,1,1,10,10,10,1,1,20,1,11,1,1,1,1,1,1,1,1
390,391,264,186,16,14,8120 1,1,1,1,1,1,1
84,10,39,40,112,6227,7310,22,25,909,174,65,126,4,20590,1182,4,20591,3565,404,4,20592,33,2332,6229,4450,3,1203,2687,43,4,6229,4450,205,867,43,6229,4450,3,1203,607,161,4,603 1,1,1,1,1,1,1,1,1,1,1,1,1,1,1,1,1,1,1,1,1,1,1,1,1,1,1,1,1,1,1,1,1,1,1,1,1,1,1,1,1,1,1,1
