67,54,4,20672,281,297,168,55,5156,3,6230,509,47,10881,54,7,168,4,1387,141,3,3474,451,4,4205,5157,262,4,13690,3,7320,2474,4,307,282,4,257,135,28,3,940,259,13691,403,458,3,803,3,1395,3,142,3,881,9,110,6731,540,8,1584,199,307,40,272 1,1,1,1,1,1,1,1,1,1,1,1,1,1,1,1,1,1,1,1,1,1,1,1,1,1,1,1,1,1,1,1,1,1,1,1,1,1,1,1,1,1,1,1,1,1,1,1,4,1,7,1,1,1,1,1,1,1,1,1,1,1,1
79,146,18,21,38,15,931,411,650,5,19,17,6,80,170,129,3623,35,798,2041,3,1206,3,796 1,1,1,1,1,1,1,1,1,1,1,1,1,1,1,1,1,1,1,1,1,1,1,1
1031,10,4123,5747,224,36,3314,1676,5,370,20673 1,1,1,1,1,1,1,1,1,1,1
1031,188,19,10896,914,11,1954,7,923,5,631,254,20,84,9,367,10,4302,135,230,9246,8 1,1,1,1,1,1,1,1,1,1,1,1,1,1,1,1,1,1,1,1,1,1
19,3291,272,3,3625,115,13,307 1,1,1,1,1,1,1,1
537,4698,12,24,3021,5,38,535,914,184,186,527,10,299,1777 1,1,1,1,1,1,1,1,1,1,1,1,1,1,1
307,681,984,914,308,3,237,538,914,1417,467,3,424,914,990 1,1,1,1,1,1,1,1,1,1,1,1,1,1,1
79,90,529,27,6,85,7,6,255,9,146,128,866,10897,7321,529,12,4123,230,3,1075,10,7321,529,18,21,38,650,5,19,17,7322,20674,18,242,31,2123,10,6,230,1933,8 1,1,1,1,1,1,1,1,1,1,1,1,1,1,1,1,1,1,1,1,1,1,1,1,1,1,1,1,1,1,1,1,1,1,1,1,1,1,1,1,1,1
90,418,3,303,26,1575,34 1,1,1,1,1,1,1
90,118,12,634,93,3,11,95,84,12,254,3,1349,39,389,2458,3,31,15,1629,7,2179,12,353,3,5,11,95,353,84 1,1,1,1,1,1,1,1,1,1,1,1,1,1,1,1,1,1,1,1,1,1,1,1,1,1,1,1,1,1
79,109,391,19,6731,2347,51,631,18,109,40,517,7,24,992,76 1,1,1,1,1,1,1,1,1,1,1,1,1,1,1,1
79,109,704,18,38,1075,307,1014,991,183,186,18,20,162,10,4123,3,933,18,38,458,3,5,20,3339 1,1,1,1,1,1,1,1,1,1,1,1,1,1,1,1,1,1,1,1,1,1,1,1,1
517,7,24,116,19,3291,9247,3,79,1031,949,4123,5747,224 1,1,1,1,1,1,1,1,1,1,1,1,1,1
135,5747,55,3,177,27,37,85,111,563,363,12,50,3,2473,3,2773,3,2445,3,10898 1,1,1,1,1,1,1,1,1,1,1,1,1,1,1,1,1,1,1,1,1
79,370,252,462,5,289,171,22,247,3,5,20,781,10,4123,230 1,1,11,1,1,1,1,1,1,1,1,1,1,1,1,1
230,438,4,19,953,10,4123,230,3,79,38,701,292,2833,3,364,1232,3,148,5786,3,716,900,3,718,880,1137,42,658 1,1,1,1,1,1,1,1,1,1,1,1,1,1,1,1,1,1,6,6,1,1,1,1,1,1,1,1,1
79,82,177,20,1164,35,111,563,363,12,6499 1,1,1,1,1,1,1,1,1,1,1
79,370,1798,1104,123,36,3,613,247,108,22,1580,3,613,279,22,25,1580,3,5,146,177,84,265,914,156,179 1,1,37,1,1,1,1,9,1,1,1,1,1,9,1,1,1,1,1,1,1,1,1,1,1,1,1
506,12,230,20,91 1,1,1,1,1
2130,20,12,20675,9,701,20676,405,169,4123,168,834,458,20,801,8 1,1,1,1,1,1,1,1,1,1,1,1,1,1,1,1
579,4,11,4101 1,1,1,1
128,970 1,1
11,84,12,10899 1,1,1,1
329,683,263 1,1,1
11,407 1,1
11,8036 1,1
11,3873,6164 1,1,1
11,3705,323 1,1,1
674,4,176,212,852,11,429,532,19,5616,682 1,1,1,10,1,1,1,1,1,1,1
178,458,852,1539,458,9,713,4667,4,131,3629,3,11,35,3,11,509,3,1076,53,692,1029,858,6,811,1961,3,559,1594,42,8,195,142,253,1395,852,135,79,3,144,366,5,677,46,68,20677 1,1,1,1,1,1,1,1,1,1,1,1,1,1,1,1,1,1,1,1,1,1,1,1,1,1,1,1,1,1,1,1,7,1,4,1,1,1,1,1,1,1,1,1,1,1
346,803,852,11,163,718,460,881,852,13679,13,2790,9,8005,3,3165,3,674,29,1704,4,10890,5351,7,7883,5,4485,13,3662,5,199,10891,3,166,937,6730,12,1692,8,1028,13680,1823,9,13681,8,1159,4037,251,9,13692,8,1830,682,562,1156,2231,682,216,2225,652,110,10900,39,4,176,274,279,22,25,32,178,218,108,195,289,125,32,253,1839,125,346,3179,252,460,1286,755,652,1384,171,833,423,447,995,1054,1079,4389,2062,69,127,4,176,2813,178,20678,195,780,253,1846,346,3141,460,8122,652,3177,833,6235,995,20679,1079,20680,1144,4,28,245,12,6,20681,548,1272 1,1,1,1,1,1,1,1,1,1,1,1,1,1,1,1,1,1,1,1,1,1,1,1,1,1,1,1,1,1,1,1,1,1,1,1,1,1,1,1,1,1,1,1,1,1,1,1,1,1,1,1,1,1,1,1,1,1,1,1,1,1,1,1,1,9,1,1,1,1,1,13,1,1,1,1,1,1,12,1,1,1,11,1,21,1,1,1,1,1,26,1,1,1,1,1,1,1,1,1,1,1,1,1,1,1,1,1,1,1,1,1,1,1,1,1,1,1,1,1,1,1,1,1,1,1,1,1,1
491,575,24,191,10305 1,1,1,1,1
1732,4,36,1333,123,215,991 5,5,5,5,5,5,5
334,539,87,183 5,5,5,5
485,4,1119,1113,4,72,1022,4,4018,583,27,2277,914,985,130,5,266,148,5425,38,212,5,151,108,2603,233,38,619,77,4,701,4,20682,13693,20683,20684,5744,1035,42,1467 1,1,1,1,1,1,1,1,1,1,1,1,1,1,1,1,1,1,1,1,10,1,1,1,1,1,1,1,1,1,1,1,1,1,1,1,1,1,1,1
13379,949,266,3258,19,1467,186,773,10,20685 1,1,1,1,1,1,1,1,1,1
98,197,312,4381,5,126,157,2264,762,7,1481 1,1,1,1,1,1,1,1,1,1,1
207,4,480,3,1417,12,859 1,1,1,1,1,1,1
227,4,1042,220,1536,196,4,11,277,136,4,332,3,296,1693,3,20686,3,217,216,914,1345,222,3,11,879,26,635,3,11,638,48,4,751,100,1910,4,455,409,304,310,3,11,1099,362,4,409,588,3,152,3,979,1714,4,11,93,352,4,4405 1,1,1,1,1,1,1,1,1,1,1,1,1,1,1,1,1,1,1,1,1,1,1,1,1,1,1,1,1,1,1,1,1,1,1,1,1,1,1,1,1,1,1,1,1,1,1,1,1,1,1,1,1,1,1,1,1,1,1
1010,409,3,925,645,868,2005,204 1,1,1,1,1,1,1,1
670,1006,2363,5,634 1,1,1,1,1
1009,204,10,986,5,13694,233,210,114 1,1,1,1,1,1,1,1,1
532,4,1290,4,230,149,8126,20687,1258,1259,1956,72,9,193,8,2418,72,9,193,8,63,8126,512,3529,9,1478,8,219,1555,2592,9,1659,8,219,1184,2044,9,1660,8,1556,5603,20688,9,20689,8,8127,63,8126,6732,456,9,578,149,8,2375,9,1305,8,351,663,9,578,149,8,1944,83,9,1276,8,351,835,9,578,149,8,2421,9,1310,8,351,769,9,578,149,8,7323,9,1450,8,351,392,9,578,149,8,2021,83,9,1311,8,219,347,9,578,149,8,1932,9,1601,8,219,345,9,578,149,8,4418,83,9,1359,8,219,1883,4,63,8126,20690,349,6236,83,9,1312,8,524,333,7138,9,2437,8,42,560,1211,9,2531,8,1451,734,20691,9,2615,8,1785,536,5428,9,1589,8,1381,653,1733,9,1360,8,1227,786,6604,9,1479,8,1588,823,4605,9,1480,8,654,795,5388,9,1424,8,42,1737,79,1499,9,5810,8,1060,1745,1891,1154,1066,370,1257,1125,1277,1542,1942,83,9,1739,8,42,577,117,59,9,1786,8,42,847,58,59,9,1740,8,42,830,58,9,1832,8,42,864,519,9,1691,8,42,714,1209,20692,83,9,2240,8,524,714,577,8047,59,9,2241,8,524,714,847,7957,9,2577,8,524,714,830,10565,9,2242,8,524,714,864,3058,9,2278,8,524,1661,200,9,200,8,1577,200,9,200,8,2360,200,9,200,8,2096,200,9,200,8,1425,4,200,27,40,168 1,1,1,1,1,1,1,1,1,1,1,1,1,1,1,1,1,1,1,1,1,1,1,1,1,1,1,1,1,1,1,1,1,1,1,1,1,1,1,1,1,1,1,1,1,1,1,1,1,1,1,1,1,1,1,1,1,1,1,1,1,1,1,1,1,1,1,1,1,1,1,1,1,1,1,1,1,1,1,1,1,1,1,1,1,1,1,1,1,1,1,1,1,1,1,1,1,1,1,1,1,1,1,1,1,1,1,1,1,1,1,1,1,1,1,1,1,1,1,1,1,1,1,1,1,1,1,1,1,1,1,1,1,1,1,1,1,1,1,1,1,1,1,1,1,1,1,1,1,1,1,1,1,1,1,1,1,1,1,1,1,1,1,1,1,1,1,1,1,1,1,1,1,1,1,1,1,1,1,1,1,1,1,1,1,1,1,1,1,1,1,1,1,1,1,1,1,1,1,1,1,1,1,1,1,1,1,1,1,1,1,1,1,1,1,1,1,1,1,1,1,1,1,1,1,1,1,1,1,1,1,1,1,1,1,1,1,1,1,1,1,1,1,1,1,1,1,1,1,1,1,1,1,1,1,1,1,1,1,1,1,1,1,1,1,1,1,1,1,1,1,1,1,1,1,1,1,1,1,1,1,1,1,1,1,1,1,1,1,1,1,1,1
2330,4,336,20693,20694,336,587,33,603,146,4,20695,10901,504,9,7324,10,601,8128,9248,8,10902,4213,1435,1125,907,1855,56,56,56,56,56,56,56,56,56,56,56,56,56,56,56,56,56,56,56,56,56,56,56,5462,1254,10903,1794,3850,1794,5158,1254,5463,1794,2648,1254,3110,1254,3978,1254,3351,1254,4302,1254,10904,1254,4117,1254,4118,1254,689,4,48,36,2257,8126,20696,339,4,91,155,100,13,11,202,7,350,93 1,1,1,1,1,1,1,1,1,1,1,1,1,1,1,1,1,1,1,1,1,1,1,1,1,1,1,1,1,1,1,1,1,1,1,1,1,1,1,1,1,1,1,1,1,1,1,1,1,1,1,1,1,1,1,1,1,1,1,1,1,1,1,1,1,1,1,1,1,1,1,1,1,1,1,1,1,1,1,1,1,1,1,1,1,1,1,1,1,1,1,1,1,1
177,4,9247,20697,4,924,27,1273 1,1,1,1,1,1,1,1
829,643,2442,12,2445 1,1,1,1,1
9247,20698,4,924,27,1000 1,1,1,1,1,1
829,643,6232,12,8129 1,1,1,1,1
9247,27,5747,4,924,27,382 1,1,1,1,1,1,1
36,643,2442,12,2445 1,1,1,1,1
829,643,2442,12,2773 1,1,1,1,1
20699,4,829,643,2442,12,50,3,645,3,2445,5418,339,4,13691,914,403,458,3,212,3,803,12,914,380,307,37,126,19,272,7,168 1,1,1,1,1,1,1,1,1,1,1,1,1,1,1,1,1,1,1,10,1,1,1,1,1,1,1,1,1,1,1,1
79,21,68,1410,20700,17,828,1091 1,1,1,1,1,1,1,1
477,307,14,166,3384,66,458,5,803,3,803,1302,43,95,328,14,372,166,921 1,1,1,1,1,1,1,1,1,1,1,1,1,1,1,1,1,1,1
458,14,4792,3238,43,4,44,2130,9,1540,12,2371,10,185,2130,12,20701,19,169,168,17,458,8,3,91,506,3,91,155,77,3,5,79,14,464,46,380,529,1075,10,1146,18,537,19,272,7,168 1,1,1,1,1,1,1,1,1,1,1,1,1,1,1,1,1,1,1,1,1,1,1,1,1,1,1,1,1,1,1,1,1,1,1,1,1,1,1,1,1,1,1,1,1,1,1
134,175,1526,24,177,722,937,84,3,40,237,1623,62,5285,37,24,307,14,62,3240,4355 1,1,1,1,1,1,1,1,1,1,1,1,1,1,1,1,1,1,1,1,1
313,3,563,84,197,673,19,976,172,7,177,84 1,1,1,1,1,1,1,1,1,1,1,1
103,898,57,72,470,2170 1,1,1,1,1,1
104,4,176,307,852,791,10,1471,103,898 1,1,1,1,1,1,1,1,1,1
72,470,2170 1,1,1
1028,791,4797,1159,2681,5,959,2011,1830,791,163,289,228,17,132 1,1,1,1,1,1,1,1,1,1,1,1,1,1,1
109,31,197,10,52,1053,1930 1,1,1,1,1,1,1
2231,79,21,31,370,429,154,75,20,420,139,372,95,4123,168 1,1,1,1,1,1,1,1,1,1,1,1,1,1,1
237,2695,40,132,10,575,5609,319,1153,367,177,84,57,5648,5,934,7,173,937,76 1,1,1,1,1,1,1,1,1,1,1,1,1,1,1,1,1,1,1,1
27,137,444,7,437,3,79,237,31,52,449,10,191,15,2497,154 1,1,1,1,1,1,1,1,1,1,1,1,1,1,1,1
1934,4279,278 1,1,1
178,1091,852,390,4912,1028,135,79,5,940,3,311,127,3,693,79,14,885,19,1149,1105 1,1,1,1,1,1,1,1,1,1,1,1,1,1,1,1,1,1,1,1,1
41,126,4117,25,649,19,336,587,532,66,10905 1,1,1,1,1,1,1,1,1,1,1
195,1395,852,791,1286,1028,144,69,1921,1159,1825,253,1927,852,103,3,266,2179,3,71,353 1,4,1,1,21,1,1,1,1,1,1,1,1,1,1,1,1,1,1,1,1
346,1155,852,791,163,2319 1,1,1,1,1,1
460,726,161,852,135,55,66,3474,3,296,726 1,1,1,1,1,1,1,1,1,1,1
41,2964,79,3,451,3,150 1,1,1,1,1,1,1
2929,9249,852,6162,3,229,710,47,20702 1,1,1,1,1,1,1,1,1
