69,49,4,17636,1556,3434,141,99,414,4,4668,2,5405,512,4,9647,2809,1724,4,6391,440,4,49,7,141,10,3393,4,1091,12017,2,2143,2778,4,1529,2360,407,13,178,2,421,2,670,279,13,255,7,194 1,1,1,1,1,1,1,1,1,1,1,1,1,1,1,1,1,1,1,1,1,1,1,1,1,1,1,1,1,1,1,1,1,1,1,1,1,1,9,1,1,1,1,1,1,1,1,1
234,4,9,1156,65,29,8 1,1,1,1,1,1,1
552,4668,21,15,30,7,164,143,76,2,4515,37,18,21,15,118,860 1,1,1,1,1,1,9,9,9,1,1,1,1,1,1,1,1
18,14,773,10,881,268,885,27,6,156,95 1,1,1,1,1,1,1,1,1,1,1
119,307,1276,2,18,6392,6,494,7,178,5,1626,118,353,585,1516,41 1,1,1,1,1,1,1,1,1,9,1,1,1,1,1,1,1
18,20,12,23,1054,1120,7,424,532,102,123,158,10,141,2,151,18,1220,10,3792,7,15,1621 1,1,1,1,1,1,1,1,1,1,1,1,1,1,1,1,1,1,1,1,1,1,1
18,549,469,2,1242,645,84,20,619,12,23,1477 1,1,1,1,1,1,1,1,1,1,1,1
37,107,18,2931,15,3040,1111,2,17637,19,15,17638,12,23,140 1,1,1,1,1,1,1,1,1,1,1,1,1,1,1
18,2808,23,52,568,2,48,88,4130 1,1,1,1,1,1,1,1,1
6,400,107,2,18,20,6173,192,191,2,166,15,682,250,2,5,20,12018 1,1,1,1,1,1,1,1,1,1,1,1,1,1,1,1,1,1
6,107,158,10,141,2,18,416,37,18,519,841,194,5,39,10,1297,890,6,1087 1,1,1,1,1,1,1,1,1,1,1,1,1,1,1,1,1,1,1,1
19,1367,10,3393,27,17639,9648,973,129,4,289,1993,111,17640,574,1200,1347,41,19,674,662 1,1,1,1,1,1,1,1,1,1,1,1,1,1,1,1,1,1,1,1,1
18,39,15,2233,1087,408,7,2298,697,2998 1,1,1,1,1,1,1,1,1,1
962,2,18,20,480,17,2249,670,2896,13,6393,2,517,5,4128 1,1,1,1,1,1,1,1,1,1,1,1,1,1,1
15,2082,1401,215,20,318,17,1551,710,18,431,35,5818,7,43,4337 1,1,1,1,1,1,1,1,1,1,1,1,1,1,1,1
647,259,697,1209,2,18,3912,7,8140,751,1494,44,34,2,6993 1,1,1,1,1,1,1,1,1,1,1,1,1,1,1
147,227,4,399,1257,1572,12019,2,13,2481,3017,2849,2,5,2070,591,2,9649 1,1,1,1,1,1,1,1,1,1,1,1,1,1,1,1,1,1
23,34,1493,10,9650,13,1391,1837,5,1286 1,1,1,1,1,1,1,21,1,1
350,1272,7,219,501,129,124 1,1,1,7,7,1,1
7154,4379,660 1,1,1
1013,8141,6,107,7,141,9,12020,8,23,67,94,4086,6394,10,3364,9651,2,23,118,145,264,10,17641 1,1,1,1,1,1,1,1,1,1,5,5,5,5,5,5,5,1,1,1,1,1,1,1
119,6,29,2,18,5623,460,15,3071,7030,2,5,537,773,10,7895,23,194 1,1,1,1,1,1,1,1,1,1,1,1,1,1,1,1,1,1
18,20,730,19,1765,2,237,3501,10,3155,17,5230,4,17642 1,1,1,1,1,1,1,1,1,1,1,1,1,1
18,20,549,1737,10,55,12,3913,305,79 1,1,1,1,1,1,1,1,1,1
18,20,480,13,6393,2,3525,2016,2,235,5,3155 1,1,1,1,1,1,1,1,1,1,1,1
13,1051,12,5249,2,23,34,5,255,7,194,504 1,1,1,1,1,1,1,1,1,1,1,1
785,129,2519,5,227,4,4210,5267,2,867,5824,2,3436,17643,18,20,321,19,652,2,5779,9,645,884,108,18,431,84,8 1,1,1,1,1,1,1,1,1,1,1,1,1,1,1,1,1,1,1,1,1,1,1,1,1,1,1,1,1
6,29,281,88,34 1,1,1,1,1
18,14,3460,2071,2,5224,67,12021,2,2162 1,1,1,1,1,1,1,1,1,1
78,89,4,161,178,165,421,36,585,1516,41,2,1626,353,119,307,377,1246 1,1,1,1,9,1,1,1,1,1,1,1,1,1,1,1,1,1
186,670,249,120,351,116,459,883,36,103,52,3487,2,70,3487,2,12022,703,2,225,582,7155,2,5,15,3822,369 1,1,1,4,1,10,1,1,1,1,1,1,1,1,1,1,1,1,1,1,1,1,1,1,1,1,1
3001,4,29,6395,18,826,3392,17,848,2,714,2,2003,257,17,127,2,2162 1,1,1,1,1,1,1,1,1,1,1,1,1,1,1,1,1,1
119,1363,5642,12,189,4,161,473,1541,25,33,165,2375,758,6396,33,186,1266,390,25,33,249,1342,446,25,33,351,17644,2,888,459,889,1345,636,1255,843,184,1974,25,33,1038,501,626,25,59,1065,5825,2201,22,25,138,1552,17645,138,1718,1165,137,4,161,2335,9,2381,8,165,2520,2,3390,186,669,249,2063,2,1292,351,5826,459,9652,179,4,989,1553,119,107 1,1,1,1,1,1,1,28,1,1,1,1,22,1,1,1,1,12,1,1,1,1,1,1,1,1,1,1,1,1,1,1,1,1,1,1,12,1,1,1,1,7,1,1,1,1,1,1,1,1,1,1,1,1,1,1,1,1,1,1,1,1,1,1,1,1,1,1,1,1,1,1,1,1,1,1,1,1,1,1,1,1,1
1591,35,1860,17,1262,159,2,48,706,481,159,146,93,73,4,73,4,638,4,276,759,4,202,4,487,83,601,181,4,11,484 8,8,8,8,8,8,8,8,8,8,8,8,1,1,1,1,1,1,1,1,1,1,1,1,1,1,1,1,1,1,1
44,4,6107,3719,1945,2,11,942,1139 1,1,1,1,1,1,1,1,1
118,4,17646,2,135,2,11,387,1139,340,4,133,2,875,2,1381,2025,4,619,2,57,2346,13,617,754,79 1,1,1,1,1,1,1,1,1,1,1,1,1,1,1,1,1,1,1,1,1,1,1,1,1,1
11,782,967,26,64,243 1,1,1,1,1,1
278,2,21,171,4845,243 1,1,1,1,1,1
323,4,413,2,646,2,2071 1,1,1,1,1,1,1
5224,241,17647 1,1,1
258,4,397,9,510,282,8,3296,54,9,1298,8,294,633,9,510,282,8,2123,9,1259,8,294,749,9,510,282,8,3657,9,1299,8,294,689,9,510,282,8,6397,9,1420,8,294,379,9,510,282,8,105,9,1300,8,169,331,9,510,282,8,1267,9,1586,8,169,358,9,510,282,8,1604,72,9,1354,8,169,3393,67,9653,12023,1903,46,17648,1148,2898,17649,54,9,12024,8,1148,8142,1333,72,9,12025,8,4991,1148,7156,1951,72,9,1340,8,4991,298,2635,9,1260,8,398,266,17650,54,9,2484,8,41,443,3116,54,9,1507,8,1301,530,1470,9,1340,8,1141,666,3667,9,1383,8,41,1658,1956,72,9,1698,8,41,1102,723,54,9,1780,8,41,1145,259,9,1699,8,41,4082,3703,456,8143,9,4354,8,1679,2080,9,4355,8,1793,2008,617,9,148,8,3885,66,9,148,8,4084,66,9,148,8,4080,66,9,148,8,4081,66,9,148,8,4083,67,66,9,148,8,3393,189,282,9654,17651,1903,46,17652,1103,1096,1891,66,9,148,8,2734,66,9,148,8,3393,189,282,9654,17653,1903,46,17654,1103,1096,1891,66,9,148,8,2734,66,9,148,8,3393,67,9653,17655,1903,46,17656,1103,1096,1891,4883,72,9,2550,8,1245,1700,1891,1475,2436,72,9,3186,8,41,2288,5267,72,9,2551,8,1245,1103,1096,5723,72,9,2952,8,612,1551,15,75,569,7157,36,678,1547,4,17657,12026,318,17,1551,11786,311,15,7157,3393,1868,75,6299 1,1,1,1,1,1,1,1,1,1,1,1,1,1,1,1,1,1,1,1,1,1,1,1,1,1,1,1,1,1,1,1,1,1,1,1,1,1,1,1,1,1,1,1,1,1,1,1,1,1,1,1,1,1,1,1,1,1,1,1,1,1,1,1,1,1,1,1,1,1,1,1,1,1,1,1,1,1,1,1,1,1,1,1,1,1,1,1,1,1,1,1,1,1,1,1,1,1,1,1,1,1,1,1,1,1,1,1,1,1,1,1,1,1,1,1,1,1,1,1,1,1,1,1,1,1,1,1,1,1,1,1,1,1,1,1,1,1,1,1,1,1,1,1,1,1,1,1,1,1,1,1,1,1,1,1,1,1,1,1,1,1,1,1,1,1,1,1,1,1,1,1,1,1,1,1,1,1,1,1,1,1,1,1,1,1,1,1,1,1,1,1,1,1,1,1,1,1,1,1,1,1,1,1,1,1,1,1,1,1,1,1,1,1,1,1,1,1,1,1,1,1,1,1,1,1,1,1,1,1,1,1,1,1,1,1,1,1,1,1,1,1,1,1,1,1,1,1,1,1,1,1,1,1,1,1,1,1,1,1,1,1,1,1,1,1,1,1,1,1,1,1,1,1,1,1,1,1,1,1,1,1,1,1,1,1,1,1,1,1,1,1,1,1,1,1,1,1,1,1,1,1
44,9654,17658,1903,46,17659,678,11,180,4511,76 1,1,1,1,1,1,1,1,1,1,1
2919,76,7,6,2012,1455 1,1,1,1,1,1
2169,805,7,17660,2014,1782 1,1,1,1,1,1
3393,44,2,35,3134,9653,2850,1903,46,17661,678,957,149,2171,7,6,91,5316,13,2789,7,305,5754,14,1447,10,2264,421 1,1,1,1,1,1,1,1,1,1,1,1,1,1,1,1,1,1,1,1,1,1,1,1,1,1,1,1
305,79 1,1
147,4,35 1,1,1
9,17662,1572,17663,8,764,27,1987,1823 1,1,1,1,1,1,1,1,1
43,1000,2,43,2504,5,2331,1950 1,1,1,1,1,1,1,1
2070,3017,3629,2,456,3017,2717,2,2489 1,1,1,1,1,1,1,1,1
51 1
9,9648,1572,17664,8,764,27,365,1823 1,1,1,1,1,1,1,1,1
43,1000 1,1
43,2504,5,2331,1950 1,1,1,1,1
2481,3017,3330,2,2849 1,1,1,1,1
2070,3017,591,2,1088,2,1663,2,2717,2,2489 1,1,1,1,1,1,1,1,1,1,1
102 1
9,9648,1572,17665,8,399,12027,27,12019 1,1,1,1,1,1,1,1,1
2070,268,7746 1,1,1
183 1
9,12020,1572,17666,8,764,27,1767,1823 1,1,1,1,1,1,1,1,1
2070,2866,660 1,1,1
242,5,114,4,1529,2360,407,13,178,2,17667,2,555,104,279,13,255,7,194 1,1,1,1,1,1,1,1,9,1,1,1,1,1,1,1,1,1,1
514,10,55,1551,15,318 1,1,1,1,1,1
962,13,66,91,785,2,237,1795,318,12,6,644,7,305,79 1,1,1,1,1,1,1,1,1,1,1,1,1,1,1
218,4919,1588 1,1,1
161,313,4,147,110,185,710,211,2,473,2,652,3062,11,4491,17,17668,842,3015,5,3478,32,1620 1,1,1,1,1,1,1,1,1,28,1,1,1,1,1,1,1,1,1,1,1,1,1
1050,12028,372,139,1773,82,3019,2,6976,785,165,1808,4,656,7,3913,305,79,710,431,390,219,235,2,884,389,2564,842,2099,66,17669,186,212,4,110,764,2,1547,2004,13,5166,12,189 1,1,1,1,1,1,1,1,1,1,1,1,1,1,1,1,1,1,1,1,1,1,1,1,1,1,1,1,1,1,1,1,1,1,1,1,1,1,1,1,1,1,1
710,11,3019,13,2210,842,1620,3015,12,189,2,319,881,108,1633,17,145,338,249,255,7,194,4,218,1401,12,736,10,421,2,670 1,1,1,1,1,1,1,1,1,1,1,1,1,1,1,1,1,1,1,1,1,1,1,1,1,1,1,1,1,1,1
351,3494,972,139,4,710,29,1795,3377,2172,842,119,567,113,31,50,15,30,7,17670,19,158,134,3862,1050,1167,286,689,17671,9,1582,19,189,2813,8,2,392,1574,9,134,1328,380,8144,12,644,7,652,245,8,2,77,2,2162,3062,392,205,591 1,1,1,1,1,1,1,1,1,1,1,1,1,1,1,1,1,1,1,1,1,1,1,1,1,1,1,1,1,1,1,1,1,1,1,1,1,1,1,1,1,1,1,1,1,1,1,1,1,1,1,1,1,1,1,1,1
5230,459,1210,4,710,838,2305,532,1574,2349,286,842,2568,5684,17672,842,12029,2,195,705,4,17673 1,1,1,1,1,1,1,1,1,1,1,1,1,1,1,1,1,1,1,1,1,1
