67,54,4,20706,414,4,5464,3,2818,542,4,10906,2818,468,12,89 1,1,1,1,1,1,1,1,1,1,1,1,1,1,1,1
16,21,68,190,4173,60 1,1,1,1,1,1
2145,21,11,301,234 1,1,1,1,1
16,464,21,108,893,725,12,23,3762,5,16,86,10,238,15,1814,1308,135,65 1,1,1,1,1,1,1,1,1,1,1,18,18,18,18,18,18,18,18
23,604,14,2410,5,23,366,46,68,232,17,6,372,1678,12,6,8130,471,19,165 1,1,1,1,1,1,1,1,1,1,1,1,1,1,1,1,1,1,1,8
23,140,21,68,211 1,1,1,1,1
16,21,38,11,226,7,184,26,48,34,5,23,81,7,182,14,376,72 1,1,1,1,1,1,1,1,1,1,1,1,1,1,1,1,1,1
1215,4,238,223,15,1814,1308,135,65 1,1,18,18,18,18,18,18,18
109,31,728,3,31,2145,299,681,288 1,1,1,1,1,1,1,1,1
23,248,6237,344,186,16,321,225,108,893 1,1,1,1,1,1,1,1,1,1
92,109,887,6237,186,16,14,285,12,6,20707,6650 1,1,1,1,1,1,1,1,1,1,1,1
102,77,4,16,981,60 1,1,1,1,1,1
23,63,94,14,10448 6,6,6,6,6
23,133,14,1232,5,145 1,1,1,1,1,1
1481,57,2520,155,57,91 1,1,1,1,1,1
11,3323,196,243 1,1,1,1
11,222 1,1
433,216 1,1
214,14,152,5,396,3,11,1128,3,11,3102,240,3,11,222 1,1,1,1,1,1,1,1,1,1,1,1,1,1,1
377,133,12,6,764,5,377,3183,878,5,377,511,7,2719,5,1248,1008 1,1,1,1,1,1,1,1,1,1,1,1,1,1,1,1,1
192,5,104,4,9,36,8,71 1,1,1,1,1,1,1,4
41,144,23,733,398,10,122,834,119,1210 1,1,1,1,1,1,1,1,1,1
86,19,23,137,389 1,1,1,1,1
1175,201,10,118,23,288,5,1854,23,353 1,1,1,1,1,1,1,1,1,1
16,21,62,412,77,503 1,1,1,1,1,1
23,764,981,3461,3,693,119,41,46,10,52,198,138,23,604,5,330,354,76 1,1,1,1,1,1,1,1,1,1,1,1,1,1,1,1,1,1,1
9,58,8,725 1,1,1,1
711,465,3,2355,10,293,5464,223,6,714,1511,7,334,238 1,1,1,1,1,1,1,1,1,1,1,1,1,1
16,14,530,10,527,157,6,3753 1,1,1,1,1,1,1,1
1758,201,15,1581,17,47,4579,16,41,49,175,15,65,17,2100,65,5,286,530,115,10,36,337 1,1,1,1,1,1,1,1,1,1,1,1,1,1,1,1,1,1,1,1,1,1,1
1208 1
16,21,11,4653 1,1,1,1
50,98,1175,201,10,157,6,1662 1,1,1,1,1,1,1,1
1533,3,119,41,52,449,10,299,201,650,6,1711 1,1,1,1,1,1,1,1,1,1,1,1
50,98,1175,201,10,321,597,92,6237,27,1376,2100,123,15,65,10,527,5,7325,23,248 1,1,1,1,1,1,1,1,1,1,1,1,1,1,1,1,1,1,1,1,1
9,117,8,106 1,1,1,7
1025,839,14,10,299,23,63,94,467,223,5703,41,118,6,13696,10,956,15,65 1,1,1,1,1,1,1,1,1,1,1,1,1,1,13,1,1,1,1
9,210,8,287 1,1,1,15
60,179,19,236 1,1,1,12
827,23,520 1,1,1
9,108,8,604 1,1,1,1
211 1
16,109,887,190,6,160,17,88,39,17,92 1,1,1,1,1,1,1,1,1,1,1
9,320,8,20708 1,1,1,1
41,144,23,1084,1553 1,1,1,1,1
16,14,31,1751,12,15,3450 1,1,1,1,1,1,1
16,21,38,15,1980 1,1,1,1,1
28,41,96,115,13,271,12,117,129 1,1,1,1,1,1,1,1,1
4487,9250,3,107 1,1,1,1
13697 1
