67,54,4,20770,674,281,297,424,13714,3,4303,13713,20771,282,4,1243,13714,14,15,20772,302,28,7,7330,121,2798,15,505,7,1864,106,5,468,12,89,17,15,1078,13511 1,1,1,1,1,1,1,1,1,1,1,1,1,1,1,1,1,1,1,1,1,1,1,1,1,1,1,1,1,7,7,1,1,1,1,1,1,1,1
28,197,10,52,191,1248 1,1,1,1,1,1
18,21,68,2581,13,24,2904,389,3,75,543,7,1919,5,98,913 1,1,1,1,1,1,1,1,1,1,1,1,20,1,1,28
159,1025,99,2784,3,6,28,21,1261,620,558,10,125,624 1,1,1,1,1,1,1,1,1,1,1,1,1,1
18,21,68,288,19,15,105,1721,5,724,244,60,3,394,7,75,46,38,244,3,244,173,5,8137,295,19,24,63,94,5,94,89,19,101,20,3655,12,394,303 1,1,1,1,1,1,1,1,1,1,1,1,1,1,1,1,1,1,1,1,1,1,1,1,1,1,1,1,1,1,1,1,1,1,1,1,1,1,1
6,28,20,640,7,128,595,474,3,5,12,981,868,24,297,50,55,37,18,38,68,19,932,3,75,20,15,20773,66,6,85,7,24,372,95,168 1,1,1,1,1,1,1,1,1,1,1,1,1,1,1,1,1,1,1,1,1,1,1,1,1,1,1,1,1,1,1,1,1,1,1,1
50,3066,1668,10,932,10,913,3,75,50,190,237,745,24,681,476,1890,922,5,1734,7,24,116,225,6,441,493,65 1,1,1,1,1,1,28,1,1,1,1,1,1,1,1,1,1,1,1,1,1,1,1,1,1,1,1,1
6,603,483,13,6,28,89,14,266,188,34,3,75,18,21,38,209,17,6,99,170,87,139,2103,15,667,12,7239,119,46,527,15,6450,13715,7,3117,1370,3,75,46,158,859,427,3,7795,9134,1325,3,5,188,288 1,1,1,1,1,1,1,1,1,1,1,1,1,1,1,1,1,1,1,1,1,1,1,1,1,1,1,1,1,1,1,1,1,1,1,1,1,1,1,1,1,1,1,1,1,1,1,1,1,1,1
6,28,14,510,132,10,6,20774,1002,124,1044,224,17,594,10,564,268,575,3,5,1533,516,3,7,24,34 1,1,1,1,1,1,1,1,1,1,1,1,1,1,1,1,1,1,1,1,1,1,1,1,1,1
516,420,66,6,1044,224,41,52,20775 1,1,1,1,1,1,1,1,1
28,14,503,10,96,115,13,271,465,12,267,10,544,129 1,1,1,1,1,1,1,1,1,1,1,1,1,1
2227,4,6,483,7,24,1908,1018,20,2417,98,5,28,740,10,46,24,393,144,89,3,51,109,31,1081,10,46,1275,15,1402,26,15,1238,1787 1,1,1,1,1,1,1,1,1,1,1,1,1,1,1,1,1,1,1,1,1,1,1,1,1,1,1,1,1,1,1,1,1,1
18,640,37,18,109,31,46,4833,12,571,540,5,37,40,14,3023,37,18,14,31,157,10,5,109,31,1081,10,46,359 1,1,1,1,1,1,1,1,1,1,1,1,1,1,1,1,1,1,1,1,1,1,1,1,1,1,1,1,1
50,1101,10,235,6,160,5,3208,92,14,1936,10,1410,86,1018,5,41,86,10,191,40,13,6,28,12,6,1398,3,51,17,132,3,6,28,6734,1499,1275,7,6,267,101 1,1,1,1,1,1,1,1,1,1,1,1,1,1,1,1,1,1,1,1,1,1,1,1,1,1,1,1,1,1,1,1,1,1,1,1,1,1,1,1,1
2860,3600,10922,3,107 1,1,1,1,1
20776,4,20777,20778,20779,20780,250,2412,51,31,81,43,1007,250 1,1,1,1,1,1,1,1,1,1,1,1,1,1
