69,49,4,17850,637,303,1315,101,7176,2,7177,12099,101,49,4,17851,38,29,20,201,13,58,17852,7178,2,63,303,325,427 18,1,1,1,1,1,1,1,1,1,1,1,1,1,1,1,1,1,1,1,1,1,1,1,1,1,1,1,1
6,629,391,2,30,7,629,391,2,78,89,30,2,77,2,137,2,179,30,2,128,30,2,5,163,7,213,4,32,166,19,6,69,42,58,7178,2,5,32,177,13,6,29,5,13,58,7178 1,1,1,1,1,1,1,1,1,1,1,1,1,1,1,1,1,1,1,1,1,1,1,1,1,1,1,1,1,1,1,1,18,1,1,1,1,1,1,1,1,1,1,1,1,1,1
1924,2,6,29,14,15,779,9517,407,2,104,21,39,534,7,406,3872,9688,44,34,664,5,19,814,6,408,7,38,223 1,1,1,1,1,1,1,1,1,1,1,1,1,17,17,17,17,17,17,17,1,1,1,1,1,1,1,1,1
38,21,2313,13,639,5,21,2342,4997,13,468 1,1,1,1,1,1,1,1,1,1,1
18,14,4200,27,156,2,48,279,10,6,303,441,490,18,1547,10,23,128,37,18,39,9539,290,23,344,67,94,77 1,1,1,1,1,1,1,1,1,1,1,1,1,1,1,1,1,1,1,1,1,1,1,1,1,1,1,1
93,122,4,6,93,122,14,32,166,42,58,7178 1,1,1,1,1,1,1,1,1,1,1,1
4890,2,6,122,14,1667,43,13,6,3693,7,6,67,94,2,71,9212,65,3255,10,4998,191,204,10,7179,6,29,74,1322,113,31,1035,180,142 1,1,1,1,1,1,1,1,1,1,1,1,1,1,1,1,1,1,1,1,1,1,1,1,1,1,1,1,1,1,1,1,1,1
489,233,4,6,91,783,47,14,17853,364,1958,12,189,4,47,2957,13,58,7178,37,6,29,21,15,2299,30,17,2477,714 1,1,1,1,1,1,1,1,1,1,1,1,1,1,1,1,1,1,1,1,1,1,1,1,1,1,1,1,1
6,29,40,55,265,10,6,144,17,241,233 1,1,1,1,1,1,1,1,1,1,1
18,21,1558,4200,434,12,6,303,441,5,21,431,921,4134 1,1,1,1,1,1,1,1,1,1,1,1,21,21
23,67,94,40,55,480,13,3597,7,63,1047,1836 1,1,1,1,1,1,1,13,13,13,13,13
678,494,4,2477,714 1,1,1,1,1
642,9,317,630,712,377,8,4,6,29,14,265,10,6,144,12,2964,630 1,1,1,1,1,1,1,1,1,1,1,1,1,1,1,1,1,1
1416,17854,2932,3492,9689,2,96 1,1,1,1,1,1,1
12100,17855,17856,597,42,4,2932,3492,9689,2,96 1,1,1,1,1,1,1,1,1,1,1
12100,232,31,177,42,240,312,232 1,1,1,1,1,1,1,1
