67,54,4,20820,404,17,112,28,14,425,10,2785,747,198,16,21,2024,623,373,5,21,492,625,1471,7,584,10,6,188,13,232,915 1,1,1,1,1,1,1,1,1,1,1,1,1,1,1,1,1,1,1,1,1,1,1,1,1,1,1,1,1,1,1,1
99,1112,20,8142,14,370,10935,909,117,129,9,139,23,320,113,8143,20821,8 1,1,1,1,1,1,1,1,1,1,1,1,1,1,1,1,1,1
29,30,7,61,328,293,4468,61,12,3124,13,15,1112,7,963,210,5,15,623,373,7,874,224,1616 1,1,1,1,1,1,1,1,1,1,1,1,1,1,1,1,1,1,1,1,1,1,1,1
3851,13727,4914,20,582,12,6,5814,182,3,5,76,912,2981,6,623,10,6,1809,7,6,1300,5,949,6,6570,5688 1,1,1,1,1,1,1,1,1,1,1,1,1,1,1,1,1,1,1,1,1,1,1,1,1,1,1
12,871,2508,16,370,3679,584 1,1,1,1,1,1,1
23,1112,557,9261,783,6,4915,3,51,20,1805,43,15,1328,4875,7,584,9257,13,1235,3,1206,3,5,796 1,1,1,1,1,1,1,1,1,1,1,1,1,1,1,1,1,1,1,1,1,1,1,1,1
12,475,3,16,20,486,1157 1,1,1,1,1,1,1
12,2808,23,1112,20,9261,266 1,1,1,1,1,1,1
225,6,99,615,129,3,16,21,387,266,188,34,7,626,118,170 1,1,1,1,1,1,1,1,1,1,1,1,1,1,1,1
23,1112,188,12,1374,3193,20,620,117,5,186,144,12,1361,20,3201,871,40,87,23,34,20,7,1328,170,3,5,390,241,570,5,1083,570,143,582 1,1,1,1,1,1,1,1,1,1,1,1,1,1,1,1,1,1,1,1,1,1,1,1,1,1,1,1,1,1,1,1,1,1,1
6738,76,20,221,12,6,1768,7,3393,13,9064,13307 1,1,1,1,1,1,1,1,1,1,1,1
6,10929,7145,5,6,13728,20822,143,3,313,3,204 1,1,1,1,1,1,1,1,1,1,1,1
16,20,126,12,871,1655,19,13725,5,20,503,10,46,15,13729,1050,3,51,23,34,1749,312,5,312,170,3,5,2863,16,20,162,10,6,8139,99,113,834,50,671,1818,201 1,1,1,1,1,1,1,1,1,1,1,1,1,1,1,1,1,1,1,1,1,1,1,1,1,1,1,1,1,1,1,1,1,1,1,1,1,1,1,1,1
159,168,16,20,126,19,2259,7333,5,21,492,625,1471,7,20823,13,15,99,1112,7,8142,16,14,290,17,10935,1050,19,20824,27,75,85,15,1112,41,52,144 1,1,1,1,1,1,1,1,1,1,1,1,1,1,1,1,1,1,1,1,1,1,1,1,1,1,1,1,1,1,1,1,1,1,1,1,1
23,4836,64,20825,21,575,201,2843,6,1010,3436,5,527,10,126,1190,266,228,1868,35,15,2436,9262,1325,17,1885,3698,34 1,1,1,1,1,1,1,1,1,1,1,1,1,1,1,1,1,1,1,1,1,1,1,1,1,1,1,1
16,14,31,606,23,167,34,254,244,2209 1,1,1,1,1,1,1,1,1,1
16,21,725 1,1,1
16,21,675,248,93,984,70,139,10935,1050,5,265,13,4367 1,1,1,1,1,1,1,1,1,1,1,1,1,1
11,48,116 1,1,1
147,623,373,104,35,270,725,4,21,2921,34,186,321,75,538,186,488 1,1,1,1,1,1,1,1,1,1,1,1,1,1,1,1,1
16,21,377,133,12,23,4852,100,5,21,15,256,238,5,71 1,1,1,1,1,1,1,1,1,1,1,1,1,1,4
71,324,317,58,144,23,366,4825 4,4,4,4,1,1,1,1
16,14,19,622,141,272,108,973 1,1,1,21,1,1,1,1
16,38,23,412,144,43,62,13730,95,5,11,202,7,1082,20,61 1,1,1,1,1,1,1,1,1,1,1,1,1,1,1,1
16,21,11,871,6739,3,3081,889,3,1393,1968,3,322,283,3,48,34,3,226,7,184,3,51,109,46,128,725 1,1,1,1,1,1,1,1,1,1,1,1,1,1,1,1,1,1,1,1,1,1,1,1,1,1,1
16,14,31,19,62,20826,1707,3,49,780,17,148,179,5,21,38,1235,66,203 1,1,1,1,1,1,1,1,1,28,1,1,1,1,1,1,1,1,1
80,39,30,35,270,122,4693,55,150,30,122,4693,206,30,122,4693,1215,16,21,488,238 1,1,1,1,1,1,1,1,1,1,1,1,1,1,1,1,1,1,1,5,5
232,206,1623,81,7,182,269,55,12,147,1003 1,1,1,1,1,1,1,1,1,1,1
376,72,12,402 1,1,1,1
316,205,63,94,20827,133,1188,386,156,625,140,5132,948,102,77,207,4,60,197,321,681,476,13,23,2343 1,1,6,6,6,1,1,1,1,1,1,1,1,1,1,1,1,1,1,1,1,1,1,1,1
196,4,11,277 1,1,1,1
227,4,1806 1,1,1
3036,204 1,1
863,1028,4408,4041,257,259,2951,257,259 1,1,1,1,1,1,1,1,1
841,928,204 1,1,1
3276,91,1028,1042,91,97,1296 1,1,1,1,1,1,1
136,4,332,3,66 1,1,1,1,1
11,879,26,635 1,1,1,1
217,216,682,97,222 1,1,1,1,1
11,309 1,1
48,4,751,1028,11,407,3,1065 1,1,1,1,1,1,1,1
720,4,576,210,632 1,1,1,1,1
409,304,3,310 1,1,1,1
11,1162,3,1094,3,213 1,1,1,1,1,1
214,4,1289 1,1,1
152,3,8038 1,1,1
11,969 1,1
188,4,11,8144,1178,246,26,5781 1,1,1,1,1,1,1,1
531,4,11,750,3,743,51,21,131,100,595,93 1,1,1,1,1,1,1,1,1,1,1,1
377,133,12,1032,5,79,51,232,3183,878,11,7334,618,26,283,12,23,248,26,764,11,1850,26,1346,34,19,1046,3892,8145,1009,604,10,2719,807,5,7335,1056,57,44,39,20828,7313,108,973,780,1211,22,25,32,950,305,13731,180,22,272,180,973,13,1720,558,22,1869,17,20829,51,31,160,92 1,1,1,1,1,1,1,1,1,1,1,1,1,1,1,1,1,1,1,1,1,1,1,1,1,1,1,1,1,1,1,1,1,1,1,1,1,1,1,1,1,1,1,1,28,1,1,1,1,1,1,1,1,1,1,1,1,1,1,1,1,1,1,1,1,1,1,1
962,171,1868,1123,1494,231,22,25,305,566,5,104,176,6587,50,704,16,21,15,2348,7,3698,34 1,1,1,1,1,1,1,1,1,1,1,1,1,1,1,1,1,1,1,1,1,1,1
50,704,37,119,41,126,266,228,20830,231,305,17,539,65,3,16,41,3389,271,223,1667,23,34,14,5,119,41,2208,23,973,13731,12,1814,134,119,368 1,1,1,1,1,1,1,1,1,1,1,1,1,1,1,1,1,1,1,1,1,1,1,1,1,1,1,1,1,1,1,1,1,1,1,1
50,191,31,1081,10,46,10,157,20831,365,228,7,1868,10,9262,2436,517,16,14,31,15,357,20832,5,50,1081,201,10,52,1250,5,16,21,11,20833,147,13,3720,20834,26,228 1,1,1,1,1,1,1,1,1,1,1,1,1,1,1,1,1,1,1,1,1,1,1,1,1,1,1,1,1,1,1,1,1,1,1,1,1,1,1,1,1
23,1112,14,266,5,41,86,10,96 1,1,1,1,1,1,1,1,1
134,23,34,14,27,421,75,1770,92,14,3,16,550,46,15,2348,7,3872,248,66,120,765,3,41,144,4916,9263,10,826,37,319,178,20835,144,4916,3,372,166,21,100,5159,76 1,1,1,1,1,1,1,1,1,1,1,1,1,1,1,1,1,1,1,1,1,1,1,1,1,1,1,1,1,1,1,1,1,1,1,1,1,1,1,1,1,1
16,109,31,1081,10,49,203,138,20836,12,6,80 1,1,1,1,1,1,1,1,1,1,1,1
50,41,13732,40,483,441,85,465,195,3521,41,3389,271,23,366,5,41,1237,818,1325,35,1936,3 1,1,1,1,1,1,1,1,1,1,1,1,1,1,1,1,1,1,1,1,1,1,1
16,160,1836,17,6064,3,13733,20837,10,2034,2768,12,1422,3,41,144,4916,3,41,126,266,228,218,17,148,5,1468,7,71,1383,5,20838,347,5,592,175,113,139,126,6,20839 1,1,1,1,1,1,1,1,1,1,1,1,1,1,1,1,1,1,1,1,1,1,1,1,1,1,1,1,1,1,1,1,1,1,1,1,1,1,1,1,1
41,144,520 1,1,1
41,86,10,450,148 1,1,1,1,1
41,126,203,186,16,14,41 1,1,1,1,1,1,1
104,10,96,115,13,28,43,3389,41,122,12,224,1521,12,117,129,5736,10936,229,20840,221,220,64,13734,121,740,13,104 1,1,1,1,1,1,1,1,1,1,1,1,1,1,1,1,1,1,1,1,1,1,1,1,1,1,1,1
