67,54,4,20800,2362,278,28,4,3068,4468,8139,1397,4,20801,510,331,4,64,20802,54,7,278,4,20803,28,1120,4,293,4468,14,15,1232,1446,767,13,2024,623,373,3,301,3393,1818,13,34,121,14,221,17,1631,7,584,340 1,1,1,1,1,1,1,1,1,1,1,1,1,1,1,1,1,1,1,1,1,1,1,1,1,1,1,1,1,1,1,1,1,1,1,1,1,1,1,1,1,1,1,1,1,1,1,1,1,1,1,1
282,4,293,4468,82,2694,30,20804,12,3124,186,16,20,801,13,623,373,9,874,6240,3,1112,8 1,1,1,1,1,1,1,1,1,1,1,1,1,1,1,1,1,1,1,1,1,1,1
16,526,3851,4914,12,3124,5,10925,2187,12,13501,23,198,20,27,5814,5,119,191,887,46,23,2187,67 1,1,1,1,1,1,1,1,1,1,1,1,1,1,1,1,1,1,1,1,1,1,1,1
6,28,1773,1958,516 1,1,1,1,1
6,28,20,60,597,16,38,62,185,1112,7,10926,12,13721 1,1,1,1,1,1,1,1,1,1,1,1,1,1
16,526,15,1083,570,12,9259,111,3323,5614,27,3718 1,1,1,1,1,1,1,1,1,1,1,1
12,10927,16,38,15,1112,7,20805,16,21,98,387,194,188,34,606,1010,3436,17,34,179 1,1,1,1,1,1,1,1,1,1,1,1,1,1,1,1,1,1,1,1,1
23,438,20,698,43,15,284,20806,411 1,1,1,1,1,1,1,1,1
16,14,1157,66,23,164 1,1,1,1,1,1
12,20807,16,38,15,3719,75,275,635,12,6,931,9,13722,1900,623,20808,8 1,1,1,1,1,1,1,1,1,1,1,1,1,1,1,1,1,1
6,28,82,20809,627 1,1,1,1,1
16,146,598,170,4775,34,37,1036,10,700,5294 1,1,1,1,1,1,1,1,1,1,1
19,6,65,7,61,3,16,1204,170,199,188,34,477,299,319,7,859 1,1,1,1,1,1,1,1,1,1,1,1,1,1,1,1,1
6,34,20,470,1098,37,16,773,23,491,10,1606,201,10,6,318,702 1,1,1,1,1,1,1,1,1,1,1,1,1,1,1,1,1
1123,397,953,10,6,230,16,387,6735,3,12,23,3487,16,20,20810,737,12,5,319 1,1,1,1,1,1,1,1,1,1,1,1,1,1,1,1,1,1,1,1
2802,20,278,12,6,230,5,1964,37,16,38,15,406,13723,2548,3,5,37,6,199,6735,20,372,166,507,10,958,5,118,737,1298,868,15,1682,13723,1436,3,420,13724,737,43,4883,737,2609,3,1202,3,5,1201,903 1,1,1,1,1,1,1,1,1,1,1,1,1,1,1,1,1,1,1,1,1,1,1,1,1,1,1,1,1,1,1,1,1,1,1,1,1,1,1,1,1,1,1,1,1,1,1,1,1,1
679,7,6,1365,1080,111,2024,76,858,7,6,3393,1903,1768,3,912,949,6,8140,3,394,4446,8141,10928,3,5,6,20811,152,1233 1,1,1,1,1,1,1,1,1,1,1,1,1,1,1,1,1,1,1,1,1,1,1,1,1,1,1,1,1,1
11,1769,7,6,10929,7145 1,1,1,1,1,1
293,4468,146,265,34,159,168 1,1,1,1,1,1,1
16,464,21,128,34,186,1170,66,175,269,10,20812 1,1,1,1,1,1,1,1,1,1,1,1
16,90,4893,1157,3,7332,1901,3,634,323,26,2313 1,1,1,1,1,1,1,1,1,1,1,1
16,237,166,10,52,198,27,6,8139,66,132,19 1,1,1,1,1,1,1,1,1,1,1,1
6,28,38,62,4836,66,5814,51,109,31,2903,23,414 1,1,1,1,1,1,1,1,1,1,1,1,1
80,39,30,4,623,399,9,30,135,282,8,142,881,230,317,58,151,19,818,1325,5769,1850,1271,2895,12,2791,256,803,39,4,13725,215,22,25,32,622,141,22,25,32,780,1211,22,25,32,1010,3436,180,22,69,1720,558,22,25,1869,2114,950,5,4210,167,648,127,4,790,206,30,4,10930 1,1,1,1,1,1,1,1,1,1,1,7,1,1,4,4,4,1,1,1,1,1,1,1,1,1,1,1,1,1,1,1,1,1,1,21,1,1,1,1,28,1,1,1,1,1,1,1,1,1,1,1,1,1,1,1,1,1,1,1,1,1,1,1,1,1,1,1
10931,5,245,13,551,12,20813 1,1,1,1,1,1,1
1215,4,335,1308,87,238,30,80,1602,541,6736,51,200,132,102,77,4,207,4,2269,3,12,11,199,342 1,1,46,46,46,46,46,1,1,1,1,1,1,1,1,1,1,1,1,1,1,1,1,1,1
227,4,863 1,1,1
665 1
1239,14,91 1,1,1
136,4,332,577,638,4,11,875,3,2109,3,1797,3,26,1726,908 1,1,1,1,1,1,1,1,1,1,1,1,1,1,1,1
103,4,304,3,310,3,11,213,3,502,3,26,561 1,1,1,1,1,1,1,1,1,1,1,1,1
48,4,155,91,10,463,100 1,1,1,1,1,1,1
214,4,152,3,396,3,1763,3,13,269,326,327 1,1,1,1,1,1,1,1,1,1,1,1
302,1017,591,1039 1,1,1,1
114,4,60,1070,13,11,93 1,1,1,1,1,1,1
11,3674,34,10,1046 1,1,1,1,1
273,4,925,1544,928,204,13,11,741,273,1030 1,1,1,1,1,1,1,1,1,1,1
1006,634,628,3,656,406,43,34 1,1,1,1,1,1,1,1
44,700 1,1
415,467,100,1309,4,11,20814,26,6737,448 1,1,1,1,1,1,1,1,1,1
20815,339,5,104,4,1232,1446,767,13,2024,623,373,3,301,3393,10932,5,34 1,1,1,1,1,1,1,1,1,1,1,1,1,1,1,1,1,1
6,28,82,5296,14,166,290,10,23,1080,1818 1,1,1,1,1,1,1,1,1,1,1
649,19,6,679,295,3,23,116,5,23,77,119,1526,16,14,62,999,2339,17,10933,7333,10,23,9146 1,1,1,1,1,1,1,1,1,1,1,1,1,1,1,1,1,1,1,1,1,1,1,1
50,235,13,293,4468,6,166,646,7,23,34 1,1,1,1,1,1,1,1,1,1,1
119,286,235,6,516,2076 1,1,1,1,1,1
293,4468,237,166,10,1410,15,438,7,10933,7333,10,1307,23,34 1,1,1,1,1,1,1,1,1,1,1,1,1,1,1
119,41,13726,9,104,8,6,28,82,2187,1560,272,3,13,15,516,10,96,19,6,1122,65 1,1,1,1,1,1,1,1,1,1,1,1,1,1,1,1,1,1,1,1,1,1
233,7,6,28,82,664,143,2730,10,23,20816 1,1,1,1,1,1,1,1,1,1,1
119,237,98,420,62,1309,2694,278,641,6,28,82,20817,5,174,284,182,340 1,1,1,1,1,1,1,1,1,1,1,1,1,1,1,1,1,1
6,28,344,38,9146,679,3,15,1083,570,208,52,7,1255,10,2785,6,4631,7,2024,76 1,1,1,1,1,1,1,1,1,1,1,1,1,1,1,1,1,1,1,1,1
7118,10934,9260,3,229,20818,20819,3,229 1,1,1,1,1,1,1,1,1
