67,54,4,20848,730,234,3442,30,7,61,328,293,4468,14,60,374,10,271 1,1,1,1,1,1,1,1,1,1,1,1,1,1,1,1,1,1
16,21,15,170,1029,931,5,170,3781,3913,1086,584,340,17,623,399 1,1,1,1,1,1,1,1,1,1,1,1,1,1,1,1
16,21,68,1048,19,15,3932,1862,17,931,1280,3,313,3,139,6,80,58,3932,1862,84,3,16,21,387,3442 1,1,1,1,1,1,1,1,1,1,1,1,1,1,1,1,1,1,1,1,1,1,1,1,1,1
16,132,61,465,12,3442,139,23,372,95,3932,1862,84 1,1,1,1,1,1,1,1,1,1,1,1,1
16,98,640,7,100,20849,34,75,14,406,23,3004,10,321,97,15,2515 1,1,1,1,1,1,1,1,1,1,1,1,1,1,1,1,1
40,14,15,1194,84,225,6,80,117,129 1,1,1,1,1,1,1,1,1,1
81,7,182,11,140,314,11,535,13,3081,889,26,2053,889,3,11,184,147,3,407,3,26,226,7,184,11,63,1745,26,2539,3026,80,39,30,623,373,33,110,13720,5,2187,725,4,21,2921,34,186,321,75,538,186,488 1,1,1,1,1,1,1,1,1,1,1,1,1,1,1,1,1,1,1,1,1,1,1,1,1,1,1,1,1,1,1,1,1,1,1,1,1,1,1,1,1,1,1,1,1,1,1,1,1,1,1,1
16,21,377,133,12,23,4852,100,5,21,15,256,238,5,71 1,1,1,1,1,1,1,1,1,1,1,5,5,1,4
71,324,317,58,494,181,120,76,39,203,9,947,478,8,547,22,9,1026,45,49,36,8,25,32,622,108,22,9,647,45,49,36,8,25,305,218,171,22,9,549,45,49,36,8,25,32,123,180,65,930,9,1868,8,1142,22,9,1801,568,49,36,8,25,305,729,9,1212,8,141,22,9,515,45,49,36,8,25,32,1223,141,5465,22,9,1690,141,5138,462,22,8,20850,45,49,1014,25,1750,167,34,784,707,9,610,2223,912,964,8,215,22,9,686,2299,2402,49,36,8,25,32,3,395,468,10,20851,36,129,5,46,130,156,5,20852,20853,144,127,790,102,77,316,205,4,5996,207,197,4,60,387,3,60,2056,386,4,44,156,3,184,20854 4,4,4,4,1,10,10,10,1,11,1,1,1,1,1,1,1,1,1,1,1,1,1,1,21,1,1,1,1,1,1,1,1,1,1,13,1,1,1,1,1,1,1,1,1,1,1,1,1,1,1,1,1,1,1,1,1,1,1,1,1,1,1,20,1,1,1,1,1,1,1,1,1,1,1,1,1,1,1,1,1,1,1,1,1,1,1,1,1,1,1,1,1,1,1,1,9,9,1,1,1,1,1,1,1,1,1,1,1,1,1,1,1,1,1,1,1,1,1,1,1,1,1,1,1,1,1,1,1,1,1,1,1,1,1,1,1,1,1,1,1,1,1,1,1,1,1,1,1,1,1,1,1
13736,4,11,690,246,26,240,291,77,4,152,3,952,3,20855,12,469,280,3,11,1061,3,11,240,1068,33,11,777,633,1799,4061,77,4,11,1726,1189,273,4,410,5,642 1,1,1,1,1,1,1,1,1,1,1,1,1,1,1,1,1,1,1,1,1,1,1,1,1,1,1,1,1,1,1,1,1,1,1,1,1,1,1,1,1
2663 1
44,700 1,1
1808,4,1246,999,3,942,20856 1,1,1,1,1,1,1
44,20857 1,1
196,4,44,3930,3,11,2432,779,77,4,44,1256,3,11,240,1309,492,11,5466,243,7894,44,154,44,2880,3,11,240,3781,4616,44,5092,3,44,269,9265,97,196,243,623,1688,457,532,819,33,1715,2330,402,17,4468,3,3068,8139,336,20858,13737,902,47,13738,402,4,1891,4,13738,1799,13739,20859,370,13739,13737,890,1007,4,874,3,2087,11,6135,1891,1915,4,336,1891,317,4,336,336,587,33,603,146,4,20860,9266,4476,9,442,13740,9248,8,10902,4213,1435,1125,907,1855,56,56,56,56,56,56,56,56,56,56,56,56,56,56,56,56,56,56,56,56,56,56,56,5462,1254,10903,1254,3850,1794,5158,1254,5463,1254,2648,1254,3110,1254,3978,1254,3351,1794,1723,1254,4302,1254,7336,6077,4117,1794,4118,1794,5065,3363,395,4572,999 1,1,1,1,1,1,1,1,1,1,1,1,1,1,1,1,1,1,1,1,1,1,1,1,1,1,1,1,1,1,1,1,1,1,1,1,1,1,1,1,1,1,1,1,1,1,1,1,1,1,1,1,1,1,1,1,1,1,1,1,1,1,1,1,1,1,1,1,1,1,1,1,1,1,1,1,1,1,1,1,1,1,1,1,1,1,1,1,1,1,1,1,1,1,1,1,1,1,1,1,1,1,1,1,1,1,1,1,1,1,1,1,1,1,1,1,1,1,1,1,1,1,1,1,1,1,1,1,1,1,1,1,1,1,1,1,1,1,1,1,1,1,1,1,1,1,1,1,1,1,1,1,1,1,1,1,1,1,1,1,1,1
192,176,3442,33,343,35,360,57,13,1723 1,1,1,1,1,1,1,1,1,1
178,100,657,34,33,138,3852,1692,7,40,627,147,3,50,237,564,15,241,570,7,6,194,13689,10,1593,88,13741,633,1799,37,119,368,31,857,19,545 1,1,1,1,1,1,1,1,1,1,1,1,1,1,1,1,1,1,1,1,1,1,1,1,1,1,1,1,1,1,1,1,1,1,1,1
195,916,1892,104,33,50,46,235,13,293,4468,37,119,57,166,413,3775,160,15,591,798,10938,13,62,4485,3661 1,1,1,1,1,1,1,1,1,1,1,1,1,1,1,1,1,1,1,1,1,1,1,1,1,1
16,1535,40,5,14,464,482,40 1,1,1,1,1,1,1,1
119,41,86,40,235,12,1201,96,115 1,1,1,1,1,1,1,1,1
497,3600,2155,5815 1,1,1,1
