69,49,4,17960,581,17,101,1894,93,73 18,1,1,1,1,1,1,1,1,1
167,1229,118,76,62,4,64 1,10,1,1,1,1,1
21,61,480,17,127,136,6927,151,18,1493,10,260,12,3260,18,1510,61,19,4136,83,1213,15,107,2,48,23,111,20,5805 1,1,1,1,10,1,1,1,1,1,1,1,1,1,1,1,1,1,13,1,1,1,1,1,1,1,1,1,5
136,37,95,2,1170,6,3867,7,15,6125,7,6372,2,23,111,21,2759,61,43,5,18,9706,37,23,111,14,15,496,7,460,1297,10,6,1925 1,1,1,1,1,1,1,1,1,1,1,1,1,1,1,1,1,1,1,1,1,1,1,1,1,1,1,1,1,1,1,1,1,1
12,4855 1,1
2143,18,20,17961,13,180,1101,118,353,5,235,20,1704,10,23,322,37,1717,27,37,95,737,2,8185,5,230 1,1,1,1,1,1,1,1,1,1,1,1,1,1,1,1,1,1,1,1,1,23,1,26,1,7
1170,106,336,79,2,18,589,19,38,322,5,687,37,18,404,57 1,1,1,1,1,1,1,1,1,1,1,1,1,1,1,1
18,288,17962,23,17963,12139,17964,42,23,4028,726,2,5,306,17965,5,17966,726 1,1,1,1,1,1,1,1,1,1,1,1,1,1,1,1,1,1
985,4,111,5749,28,118,56,764,17967,387,26,17968 1,1,5,5,5,1,1,1,1,1,1,1
147,482,11,1598,26,5210,1923 1,1,1,1,1,1,1
15,4,653,127 1,1,1,10
29,14,4288,10,383,26,228,23,257 1,1,1,1,1,1,1,1,1
289,4,126,156,257,5,40,954,5,383,23,77,19,23,400,101,2,15,376,65,110 1,1,1,1,1,1,1,1,1,1,1,1,1,1,1,1,1,1,1,1,1
1407,62,4,64 1,1,1,1
826,5011,2490,17,34,12,23,3717,2,112,5,1432 1,1,1,1,1,1,1,1,1,1,1,1
18,21,15,928,30,7,1407 1,1,1,1,1,1,1
985,4,1715,757,76,2,13,142,12,1432,5,882,2,5,106,6421,7,6,1389 1,1,1,1,1,1,1,1,1,1,1,1,1,1,1,1,1,1,1
68,14,388,7,6,2086,7,6,1432,2,1926,362,9708,2,48,84,113,31,12140,13,23,17969,4,2113 1,1,1,1,1,1,1,1,1,1,1,1,1,1,1,1,1,1,1,1,1,1,1,1
289,4,40,1029,11,142,27,38,95 1,1,1,1,1,1,1,1,1
592,1842,62,4,6,64 1,1,1,1,1,1
14,4028,159,103,4390,52,3395,4681,2,13,102,7,788,799,2054,2,13,15,1073,5841,12135,1842 1,1,1,1,1,1,1,1,1,1,1,1,1,1,1,1,1,1,1,1,1,1
18,20,2247,17970,9709 1,1,1,1,1
18,39,61,19,8183,109,1213,1190 1,1,1,1,1,1,1,1
17,83,159,2,48,38,20,855,1510,12,1110,3362,42,58,12136,7191,5,18,21,39,31,2214,7,2033 1,1,1,1,1,1,1,1,1,1,1,1,1,1,1,1,1,1,1,1,1,1,1,1
18,113,2,278,2,50,15,1560,5837,7,914,173,6,808,7,23,2475,5,151,23,567,514,15,403,5419,348,12,23,168,97,223,12,6,408,7,4662,23,15,12141,2,18,1795,17971,37,23,332,39,17972,4,3039,54,4390,3395,4681 1,1,1,1,1,1,1,1,1,1,1,1,1,1,1,1,1,1,1,1,1,1,1,1,1,1,1,1,1,1,1,1,1,1,1,1,1,1,1,1,1,1,1,1,1,1,1,1,1,1,1,1,1,1
11,2133,586,166 1,1,1,1
157,592,479,43 1,1,1,1
64 1
1302,1072,6420,19,6,157,592 1,1,1,1,1,1,1
11,5412,26,342,129,514,12,26,19,23,168 1,1,1,1,1,1,1,1,1,1,1
44,810,80,482,11,4529,17973,4,103,52,3395,4681,17,335 1,1,1,1,1,1,1,1,1,1,1,1,1,1
7,6,592,2,13,11,160,7,2033 1,1,1,1,1,1,1,1,1
289,4,11,241,364,1683,2,48,4528 1,1,1,1,1,1,1,1,1
1178 1
2519,1264,13,1072,2868 1,1,1,1,1
163,7,213,29,687,37,18,1302,1396,7,194,434,4682,100,1965,2,5,319,31,974,268,271,15,984,26,248,86,1216,255,7,194 1,1,1,1,1,1,1,1,1,1,1,1,1,1,1,1,1,1,1,1,1,1,1,1,1,1,1,1,1,1,1
18,2342,21,79,12,362,882,2,820,151,18,9710,12,6,1960,27,71,95,23,882,53,739,7,79 1,1,1,1,1,1,1,1,1,1,1,1,1,1,1,1,1,1,1,1,1,1,1,1
27,6,1140,95,2,18,88,702,5,687,37,18,3242,19,316,153,4683 1,1,1,1,1,1,1,1,1,1,1,1,1,1,1,1,1
18,88,44,34,2,687,37,18,2660,57,5,21,135,4011 1,1,1,1,1,1,1,1,1,1,1,1,1,1
23,8186,391,110,14,668,94,5,2546 1,1,1,1,1,1,1,1,1
18,39,61,947,15,17974,17,3562,17975,2,48,84,20,1983,42,2732,5,18,20,1788,3786,5843,1349,2,71,21,31,1911,3312 1,1,1,1,1,1,1,1,1,1,1,1,1,1,1,1,1,1,1,1,1,1,1,1,1,1,1,1,1
18,20,1293,10,750,2732,17,983,101,2,136,18,20,724,173,259,236,65,110 1,1,1,1,1,1,1,1,1,1,1,1,1,1,1,1,1,1,1
77,230,768,51,45,9,62,8,25,509,2923,17976,25,1519,235,9,787,8,446,35,45,9,62,8,25,59,737,9,1133,8,521,35,45,9,62,8,25,59,8185,9,17977,8,12142,25,33,3644,9,2649,1581,4023 1,7,1,1,1,1,1,1,1,1,1,1,1,1,1,1,1,1,1,1,1,1,1,1,1,1,23,1,1,1,1,1,1,1,1,1,1,1,26,1,1,1,1,1,1,1,1,1,1,1
8,5336,35,45,9,62,8,25,33,520,359,296,4,546,135,2289,4,2163,3542,121,4,1604,643,67,94,4,5749,52,349,93,73,202,1237,5688,1365,10,688 1,1,1,1,1,1,1,1,1,1,1,1,1,1,1,1,1,1,1,1,1,1,1,1,1,1,5,1,1,1,1,1,1,1,1,1,1
3026,5,2286,36,90 1,1,1,1,1
17978 1
18,14,103,225,9711,17979 1,1,1,1,1,1
17980 1
29,14,1667,7192,13,15,17981,1501,7,3369 1,1,1,1,1,1,1,1,1,1
112,11,1289,26,846 1,1,1,1,1
11,229 1,1
592,157,592,14,739,7,1064,26,799 1,1,1,1,1,1,1,1,1
8184,739,7,799 1,1,1,1
18,21,15,54,4390,3395,4681,13,3039,1791,5,11,160,7,181,2754 1,1,1,1,1,1,1,1,1,1,1,1,1,1,1,1
44,90,10,1043,5,452 1,1,1,1,1,1
694,118,14,764,2,86,387,2,766,2,2844,26,4093,2,27,546,119,1409 1,1,1,1,1,1,1,1,1,1,1,1,1,1,1,1,1,1
187,11,902,2,3139,26,150,5842,26,342 1,1,1,1,1,1,1,1,1,1
11,277,26,1739 1,1,1,1
445,839,2805,142,12,23,1389,2,48,68,53,268,1959,2805,142,12,23,1432,2,1926,362,9708,13,106,859,7193 1,1,1,1,1,1,1,1,1,1,1,1,1,1,1,1,1,1,1,1,1,1,1,1,1,1
199,336,243 1,1,1
11,673,26,720,2,48,68,14,395,2439,79,7,362,1585,5,6,12143,2026 1,1,1,1,1,1,1,1,1,1,1,1,1,1,1,1,1,1
1030,17982,28,1478,1738,2,2261,74,2,731,5,1099,3916,192,918 1,1,1,1,1,1,1,1,1,1,1,1,1,1,1
642,5,1492,67,2519,17,801,2,1835,2,945,5,1005,389,56,17983 1,1,1,1,1,1,1,1,1,1,1,1,1,1,1,1
147,56,7194,212,86,1598,26,4093 1,1,1,1,1,1,1,1
29,718,17,44,810,5,10,808,12,153,376 1,1,1,1,1,1,1,1,1,1,1
