69,49,4,17956,581,17,101,1894,93,73 18,1,1,1,1,1,1,1,1,1
167,592,1842,62,4,6,64 1,1,1,1,1,1,1
14,1859,159,103,4390,3395,4681,2,13,102,7,788,799,2054,2,13,15,1073,5841,12135,1842 1,1,1,1,1,1,1,1,1,1,1,1,1,1,1,1,1,1,1,1,1
18,74,61,19,8183,109,1213,1190 1,1,1,1,1,1,1,1
136,37,95,5,14,537,453,42,58,12136,7191 1,1,1,1,1,1,1,1,1,1,1
17,6,78,363,159,18,21,61,19,105,1213,7,8183,1190 1,1,1,1,1,1,1,1,1,1,1,1,1,1
985,4,3039,54,4390,3395,4681 1,1,1,1,1,1,1
11,2133,586,166 1,1,1,1
157,592,479,43 1,1,1,1
64 1
1302,1072,6420,19,6,157,592 1,1,1,1,1,1,1
15,4,103,52,3395,4681,17,335 1,1,1,1,1,1,1,1
7,6,592,2,13,11,160,7,2033 1,1,1,1,1,1,1,1,1
289,4,11,241,364,1683 1,1,1,1,1,1
1407,62,4,64 1,1,1,1
826,5011,2490,17,34,12,23,3717,5,1432 1,1,1,1,1,1,1,1,1,1
18,21,15,928,30,7,1407 1,1,1,1,1,1,1
985,4,839,1715,757,76,2,142,12,1432,5,882,2,13,106,6421,7,6,1389 1,1,1,1,1,1,1,1,1,1,1,1,1,1,1,1,1,1,1
15,4,149,2113 1,1,1,1
289,4,5011,20,5012 1,1,1,1,1
1229,118,76,62,4,64 10,1,1,1,1,1
21,61,480,17,127,136,6927,151,18,1493,10,260,12,3260,18,1510,61,19,4136,83,1213,15,107,2,48,23,111,20,5805 1,1,1,1,10,1,1,1,1,1,1,1,1,1,1,1,13,13,13,1,1,1,1,1,1,1,1,1,5
136,37,95,2,1170,6,3867,7,15,6125,7,6372,2,23,111,21,2759,61,43,5,18,9706,37,23,111,14,15,496,7,460,1297,10,6,1925 1,1,1,1,1,1,1,1,1,1,1,1,1,1,1,1,1,1,1,1,1,1,1,1,1,1,1,1,1,1,1,1,1,1
985,4,111,5805 1,1,5,5
118,14,764,2,86,387,2,766,2,2844,26,4093 1,1,1,1,1,1,1,1,1,1,1,1
147,482,11,1598 1,1,1,1
2301,1035,106,3696,7,6,12137 1,1,1,1,1,1,1
15,4,769,17957,127,314,289,4,64 1,1,1,1,10,1,1,1,1
936,37,92,549,84,20,4056,10,197,23,111 1,1,1,1,1,1,1,1,1,1,1
18,14,19,4136,105,1213,5,12138,1893,1213,82 1,1,1,13,1,1,1,26,1,1,1
18,2726,17958,1082,560,10,2308,23,560,10,12138,1258,5,4136,130,1213,82 1,1,1,1,1,1,1,1,1,1,26,1,1,13,1,1,1
92,40,155,23,111,12,497,236 1,1,1,1,1,1,1,1
520,359,296,4,1347,121,4,2397,643,2289,4,1662,3542,67,94,4,5805,93,73,202,225,5282,17959 1,1,1,1,1,1,1,1,1,1,1,1,1,1,1,1,5,1,1,1,1,1,1
1237,5688,1365,10,688 1,1,1,1,1
2301,1035,149,3696,7,6,12137 1,1,1,1,1,1,1
2444,14,90 1,1,1
64 1
21,412,5,197,3369 1,1,1,1,1
2583,66 1,1
112,11,1289,26,846 1,1,1,1,1
11,229 1,1
592,157,592,14,739,7,1064,26,799 1,1,1,1,1,1,1,1,1
8184,739,7,586 1,1,1,1
18,21,15,54,4390,3395,4681,13,3039,1791 1,1,1,1,1,1,1,1,1,1
44,44,14,90,10,289,75,15 1,1,1,1,1,1,1,1
3561,118,14,764,2,86,387,2,766,2,2844,26,4093,2,27,1347,119,1409 1,1,1,1,1,1,1,1,1,1,1,1,1,1,1,1,1,1
187,11,902,2,3139,26,150,5842,26,342 1,1,1,1,1,1,1,1,1,1
11,277,26,1739 1,1,1,1
445,839,2805,142,12,23,1389,5,1432 1,1,1,1,1,1,1,1,1
199,336,243 1,1,1
11,673,26,720 1,1,1,1
1030,9707,5,672,2,1478,1738,5,2261,74,53,192,667,43,1238 1,1,1,1,1,1,1,1,1,1,1,1,1,1,1
642,5,1492,67,2519,17,801,2,275,1835,5,1005 1,1,1,1,1,1,1,1,1,1,1,1
1728,482,15,817,1521,7,769,2064,28,38,20,718,17,1218 1,1,1,1,1,1,1,1,1,1,1,1,1,1
147,14,918,2,27,204,119,1409 1,1,1,1,1,1,1,1
64 1
14,10,808,12,497,236,17,15,111,155 1,1,1,1,1,1,1,1,1,1
