69,49,4,18037,378,325,1124,8190,7198,144,581,17,101,356,258,120,2,18038,2,116,2,254,825,167,44,34,18039,18040,36,11,2033 1,1,1,1,1,1,1,1,1,1,1,1,1,1,1,4,1,1,1,10,1,16,1,1,1,1,1,1,1,1,1
127,6,29,21,61,480,136,1452,7,2682,13,1010,12,736,10,24,230,5,184,5,737 10,1,1,1,1,1,1,1,1,1,1,25,1,1,1,1,7,1,13,1,23
136,37,95,2,24,331,21,12161,2237 1,1,1,1,1,1,1,1,1
804,185,27,7847,21,116,80,4371,5,5838,791,344 1,1,1,1,1,10,1,5,1,1,1,1
40,855,669,5,2308,184,10,130,2,3980,12,248,236,17,163,7,18041 1,25,25,1,1,13,1,1,1,1,1,1,1,1,1,1,1
81,341,290,987,778,25,59 4,4,1,20,1,1,1
16,21,185,1612,86,228 1,1,1,1,1,1
92,40,887,24,132,496,5,24,654,374 1,1,1,1,1,1,1,1,1,1
16,14,31,797,80,2,5,92,40,155,797,12,6,1787,1378,892,16,20,265,10,18042,1473,1695,144,12,18043,8194,84,20,1447,37,16,20,1972,490,7,3201 1,1,1,1,1,1,1,1,1,1,1,1,1,1,1,1,1,1,1,1,1,1,1,1,1,1,1,1,1,1,1,1,1,1,1,1,1
39,2462,9722,18044,2,5,85,3775,564,1376,3473 1,1,1,1,1,1,1,1,1,1,1
68,20,11,2325,7,1826,26,8195,19,24,744 1,1,1,1,1,1,1,1,1,1,1
16,21,15,293,1059,5,20,724,10,50,983,1575,12,6,97,451,198 1,1,1,1,1,1,1,1,1,1,1,1,1,1,1,1,1
278,2,11,1575,14,27,912 1,1,1,1,1,1,1
497,26,938,159,146,68,20,12162,293,76,1283 1,1,1,1,1,1,1,1,1,1,1
21,11,115,110,2,11,618,2,9722,2,48,261,1059,2,5,525,336,343,76,2,92,40,2029,10,18045 1,1,1,1,1,1,1,1,1,1,1,1,1,1,1,1,1,1,1,1,1,1,1,1,1
132,353,331,14,251,344,1402,5,18046,18047,1434 1,1,1,1,1,1,1,1,1,1,1
40,155,934,1719,389,117,185,322 1,1,1,1,1,1,1,1
424,927,11,2370 1,1,1,1
11,554 1,1
2590,154,606,119,107 1,1,1,1,1
68,14,134,43,544,367,19,105,22,7,184 1,1,1,1,1,1,1,1,1,1,13
1321,31,346 1,1,1
11,864,7109,5327,2,544,1987,5,940,2163,18048,1215 1,1,1,1,1,1,1,1,1,1,1,1
164,143,76,6,29,14,139,304,369 9,9,9,1,1,1,3,3,3
16,39,352,2059,215,117,6,1527,1508,2010,7,24,5016,313 1,1,1,1,1,1,1,1,1,1,1,1,1,1
38,20,938,10,1859,159,146,2,5,6,29,21,61,185,136 1,1,1,1,1,1,1,1,1,1,1,1,1,1,1
24,97,352,215,20,12,3924,13,12163,352,18049,150,167,309,578,81,18050,8196,309,139,4,1590,1055,268,271,109,831,146 1,1,1,1,1,1,1,1,1,1,1,1,1,1,1,1,1,1,8,8,8,8,8,8,8,8,8,8
228,12,2511,5,3011,184,130,22,25,33,1997,1760,247,4,12154,1010,1247,22,25,33,2144,9723,247,4,18051,1273,4,12164,36,2458,8197,1349,965,59,4852,4,284,2915,3670,4,83,247,4,12164,10,744,163,7,213,1368,56,11,1277,2,807,1612,6423,2,11,228 1,1,1,1,1,13,1,1,1,1,1,1,1,1,1,25,1,1,1,1,1,1,1,1,1,1,1,1,1,1,1,1,1,1,1,1,1,1,1,1,1,1,1,1,1,1,1,1,1,1,1,1,1,1,1,1,1,1,1,1
16,21,1024,756,27,173,83,4382,109,18052,21,39,1127,302,621,5005,346 1,1,1,1,1,1,1,1,1,1,1,1,1,1,1,1,1
70,14,268,5218,15,860 1,1,1,1,1,1
93,122,296,1910,67,94,3633,372,145,579,121,5252,337,73,199,6855,5,199,466,42,18053 1,1,1,1,1,1,5,1,1,1,1,1,1,1,1,1,1,1,1,1,1
21,276,2293,1203,5,157,14,354,354,52 1,1,1,1,1,1,1,1,1,1
928,8198,106,18054,2,11,1254 1,1,1,1,1,1,1
2174,11,79,2,11,64,26,967,243,48,853,619 1,1,1,1,1,1,1,1,1,1,1,1
3465,3466,11,4043,4685 1,1,1,1,1
2289,642,18055,236 1,1,1,1
64,2828,260,10,55,440 1,1,1,1,1,1
681,809,42,7199,661,9408,195,19,8199,4818,2,2656 1,1,1,1,1,1,1,1,1,1,1,1
