69,49,4,18115,12191,2013,325,622,101,440,608,3141,2515,2253,307,407,13,127,5,30,7,812,588,774,12,17,233,7,1467,18116,2,402,5,263,34,71,1220,173,15,223,146 1,1,1,1,1,1,1,1,1,1,1,1,1,1,1,1,1,10,1,1,1,1,1,1,1,1,1,1,1,1,1,1,1,1,1,1,1,1,1,1,1
18,523,166,2598,12,6,197,187,5,237,272,13,847,402 1,1,1,1,1,1,1,1,1,1,1,1,1,1
18,20,201,27,6,12191,378,325,19,18117,819,18,20,549,10,50,1427,5,3201 1,1,1,1,1,1,1,1,1,1,1,1,1,1,1,1,1,1,1
18,20,480,13,219,1971,5,874,140,19,2139 1,1,1,1,1,1,1,1,1,1,1
23,115,50,31,504,13,2139 1,1,1,1,1,1,1
18,21,11,1077,5,2291,404,3803 1,1,1,1,1,1,1,1
18,21,986,10,5421,2490,1844,363,697,117,1634,10,60,3196,25 1,1,1,1,1,1,1,1,1,1,1,1,1,1,1
18,21,31,61,382,10,1838,87,4394,4062 1,1,1,1,1,1,1,1,1,1
18,39,4208,577,1832,363,123,146 1,1,1,1,1,1,1,1
18,39,15,43,7862,2714,80 1,1,1,1,1,1,1
11,18118,2,2303,2,1463 1,1,1,1,1,1
11,508,2,469,26,1112 1,1,1,1,1,1
18,21,1376,191,109,946,12,6,97,376 1,1,1,1,1,1,1,1,1,1
18,21,15,30,7,197,339,588,12,6,78 1,1,1,1,1,1,1,1,1,1,1
752,346,12192,5,428,12,9739,9,608,7208,11598,14,23,18119,8 1,1,1,1,1,1,1,1,1,1,1,1,1,1,1
11,30,7,263,162 1,1,1,1,1
77,1255,9,1151,8,35,595,25,33,442,2294,5422,22,9,1481,22,5022 1,1,1,1,1,1,1,1,1,1,1,1,1,1,1,1,1
775,917,35,347,25,33,211,9,896,547,8,925,45,60,35,45,9,62,8,25,1980,230,683,45,25,33,98,365,123,184,105,22,9,390,45,60,35,8,25,33,98,154,123,2,17,344,67,94,2139,3258,45,25,33,98,102,123,167,438,254,127,358,1214,2338,1002,76,216,3142,805,4,52,4395,392,28,5851,28,2470,2,2044,12193,8206,4,943,587,12188,2044,216,1666,2893,9740,4,9741,28,293,5852,13,5023 1,1,1,1,1,1,11,1,1,1,1,1,1,1,1,1,1,1,1,1,1,7,1,1,1,1,1,1,1,13,1,1,1,1,1,1,1,1,1,1,1,1,1,1,1,1,1,1,1,1,1,1,1,1,1,1,1,1,16,10,1,1,1,1,1,1,1,1,1,1,1,1,1,1,1,1,1,1,1,1,1,1,1,1,1,1,1,1,1,1,1,1,1,1,1,1
462,41,2650,238,599,592,3780,4,12194,2977,1638,1137,1842,4,7,1841,28,9742,1665,4,18,3646,1522,150,271,12195 1,1,1,1,1,1,1,1,1,1,1,1,1,1,1,1,1,1,1,1,1,1,1,1,1,1
495,197,339,588,4,8209,141,12196,4,218,4885,1574 1,1,1,1,1,1,1,1,1,1,1,1
8210,346 1,1
692,356,8210,12,259,2207 1,1,1,1,1,1
3199,2569,4,3564,6204 1,1,1,1,1
1407,4,1389,2,1540 1,1,1,1,1
424,203,3397,4,6431,12,4687,948 1,1,1,1,1,1,1,1
837,4636,7204,14,424,203,3397,5,21,3500,7,12197 1,1,1,1,1,1,1,1,1,1,1,1
715,139,4,275,715,2,48,209,31,1821,7209,7,9608,3911,108,403,68,14,11,2401,9743,7,2906,65,93,3926 1,1,1,1,1,1,1,1,1,1,1,1,1,1,1,1,1,1,1,1,1,1,1,1,1,1
348,1308,40,5,12198,12,23,4687,948 1,1,1,1,1,1,1,1,1
285,27,4018,1215,579,2,3362,13,64 1,1,1,1,1,1,1,1,1
5,4286,18120,9,567,8 1,1,1,1,1,1
137,1573,179,30,18121,5,2840 1,1,1,1,1,1,1
11,430,2,2370,26,2226,840 14,14,14,14,1,1,1
385,4,8211,407,12,436,104,267,37,18,21,578,549,38,3176,12,23,3507 1,1,1,1,1,1,1,1,1,1,1,1,1,1,1,1,1,1
111,7210,157,5,54,1907,1147,5,1939 1,1,1,1,1,1,1,1,1
12199,157,349,1147 1,1,1,1
289,546,1714,276,5423,25,121,3657,9,5853,19,18122,8,181,18123 1,1,1,1,1,1,1,1,1,1,1,1,1,1,1
11,2699,2055 1,1,1
1559,14,682 1,1,1
44,14,90 1,1,1
694,4,418,2,11,4047,187,4,610,2088 1,1,1,1,1,1,1,1,1,1
558,156 1,1
1189,12,6,7806,2,6432,5,3237,13,11,1739,26,1592 1,1,1,1,1,1,1,1,1,1,1,1,1
11,1613,5381 1,1,1
812,4,11,693 1,1,1,1
577,14,3175,2724,5,2269,2244,318 1,1,1,1,1,1,1,1
752,12192,4,36,2187 1,1,1,1,1
36,153,51,675,1981,12,6,1023 1,1,1,1,1,1,1,1
192,1981,1377,836,175 1,1,1,1,1
36,577,12,6,2729,1023,2,12,6,4370,1023,2,12,6,4884,1023,5,12,6,5424,1023 1,1,1,1,1,1,1,1,1,1,1,1,1,1,1,1,1,1,1,1,1
36,67,12,6,2729,1023,5,12,6,4370,1023 1,1,1,1,1,1,1,1,1,1,1
752,9739,4,36,2187 1,1,1,1,1
36,248,35,675,2569,12,6,4884,1023,2,27,196,601 1,1,1,1,1,1,1,1,1,1,1,1,1
5854,5,11474 1,1,1
36,451,11473,378,3336 1,1,1,1,1
1994,9739,4,3564,2768 1,1,1,1,1
18124,1981 1,1
457,6433,649,3296,9,54,8,2,524,2127,2,824,738,9,54,8,2,689,8055,2,379,244,2,804,1789,2,770,3167,6433,335,2618,2,935,2266,2,1437,3044,2,1434,2200,2,1830,1862,6433,1465,854,2,1438,1439,2,1497,2141,2,935,2266,3135,2752,4,18125,7190,18126,18127,2752,311,4,389,389,1218,36,678,1547,4,18128,18129,634,9,9670,10,456,7164,9671,8,9672,4131,2082,1081,2929,3903,56,56,56,56,56,56,56,56,56,56,56,56,56,56,56,56,56,56,56,56,56,56,56,8151,1577,9673,1577,3919,3223,7165,1577,7166,1577,3012,1577,3390,1577,4671,1577,3920,1577,3725,1577,12058,1577,5384,1577,4111,1577,6433,6433,18130,18131,18132,298,5594,9,72,8,5348,4396,4322,4360,615,18133,9,72,8,18134,9,72,8,12200,8212,12201,458,9532,9,72,8,12202,9,72,8,7211,4397,4974,266,18135,9,72,8,18136,9,72,8,12203,12204,11675,5855,530,1653,1653,1767,1580,1767,665,6905,6314,6913,5425,7784,698,7212,4398,7213,7027,7214,443,1639,9,72,8,12205,9,72,8,18137,1776,7215,666,4072,4072,3708,3013,4072,6433,9744,9744,9744,18138,1081,1192,1192,1192,1192,1192,41,1753,1956,9,72,8,1174,1258,1258,2118,41,897,1143,9,54,8,1680,154,1893,1893,41,1637,83,183,83,183,183,41,732,515,35,35,515,35,41,1675,35,515,515,515,515,15,4,2515,2253,307,13,1467,263,34,2,272,5,402,13,160,7,1131,8189,5,339,588 1,1,1,1,1,1,1,1,1,1,1,1,1,1,1,1,1,1,1,1,1,1,1,1,1,1,1,1,1,1,1,1,1,1,1,1,1,1,1,1,1,1,1,1,1,1,1,1,1,1,1,1,1,1,1,1,1,1,1,1,1,1,1,1,1,1,1,1,1,1,1,1,1,1,1,1,1,1,1,1,1,1,1,1,1,1,1,1,1,1,1,1,1,1,1,1,1,1,1,1,1,1,1,1,1,1,1,1,1,1,1,1,1,1,1,1,1,1,1,1,1,1,1,1,1,1,1,1,1,1,1,1,1,1,1,1,1,1,1,1,1,1,1,1,1,1,1,1,1,1,1,1,1,1,1,1,1,1,1,1,1,1,1,1,1,1,1,1,1,1,1,1,1,1,1,1,1,1,1,1,1,1,1,1,1,1,1,1,1,1,1,1,1,1,1,1,1,1,1,1,1,1,1,1,1,1,1,1,1,1,1,1,1,1,1,1,1,1,1,1,1,1,1,1,1,1,1,1,1,1,1,1,1,1,1,1,1,1,1,1,1,1,1,1,1,1,1,1,1,1,1,1,1,1,1,1,1,1,1,1,1,1,1,1,1,1,1,1,1,1,1,1,1,1,1,1,1,1,1,1,1,1,1,1,1,1,1,1,1,1,1,1,1,1,1,1,1
314,2465,314,412,339,1228,17,588,9,577,14,3175,8 1,1,1,1,1,1,1,1,1,1,1,1,1
241,233,1633,9,3045,205,2,2112,2573,8 1,1,1,1,1,1,1,1,1,1
124,1131,8189,5,339,588,2,1287,233,14,31,7768 1,1,1,1,1,1,1,1,1,1,1,1
289,4,926,10,8209,2420,17,241,233 1,1,1,1,1,1,1,1,1
2420,1610,2423,4666,536,1549 1,1,1,1,1,1
6434,303,3137,312,1549,3679,10,3850,18139 1,1,1,1,1,1,1,1,1
1306,12206,2594,6435,2,96 1,1,1,1,1,1
