67,54,4,21047,21048,6754,224,9280,281,297,424,1214,5825,563,6752,3,13811,21049,3,229,21050,10975,21051,21052,629,6752,468,12,17,235,7,24,429,154,99,113,3,75,20,269 1,1,1,1,1,1,1,1,1,1,1,1,1,1,1,1,1,1,1,1,1,1,1,1,1,1,1,1,1,1,1,2,2,2,2,2,2,2,2,2
18,1031,929,435,5,996,896,19,15,3239,2344,10,15,3631,130,156,7,2909,3,75,20,547,42,7,2879 1,1,1,1,1,1,1,1,1,1,1,1,1,1,1,1,1,1,1,1,1,1,1,1,1
18,38,3286,5,4656,563,363,3,75,20,2879,7,173,181,76 1,1,1,1,2,2,2,1,1,1,1,1,1,1,1
18,86,10,46,48,34,344,186,18,14,288,4703,3,75,14,1435,321 1,1,1,1,1,1,1,1,1,1,1,1,1,1,1,1,1
18,21053,90,37,18,21,88,48,34,27,427,26,13,602,380 1,1,1,1,1,1,1,1,1,1,1,1,1,1,1
119,1196,15,235,7,1146,3170,7,993,18,1317,166,10,46,3,5,119,41,86,40,225,85,3,51,137,18,14,31,1751,12,993,134,119,368,355,24,39 1,1,1,1,1,1,1,1,1,1,1,1,1,1,1,1,1,1,1,1,1,1,1,1,1,1,1,1,1,1,1,1,1,1,1,1,1
104,4,50,41,126,24,89,19,274,799,5,19,62,203 1,1,1,1,40,40,40,40,40,1,60,60,60,60
18,1499,754,517,18,242,31,190,37,18,38,88,160,17,49,92 1,1,1,1,1,1,1,1,1,1,1,1,1,1,1,1
18,41,468,188,12,175,113,10,122,1667,24,133,14,19,274 1,1,1,1,1,1,1,1,1,1,1,1,1,1,40
89,63,94,20,21054,5,24,133,20,3293,119,41,118,6,274,35,572 1,1,1,1,6,1,1,1,1,1,1,1,1,1,40,1,1
50,41,86,10,285,13,24,9281,19,341,709,3620 1,1,1,1,1,1,1,1,1,1,1,1
24,174,341,709,158,71,3,106,3,5,776,3,693,24,393,14,137,60,179,13,62,580,7,8166,24,71,14,31,35,60,179,3,5,50,704,50,41,482,1347,24,10,3210,8167,17,268,355,7,40 1,1,1,1,1,4,1,7,1,1,15,1,1,1,1,1,1,1,1,1,1,1,1,1,1,4,1,1,1,1,1,1,1,1,1,1,1,1,1,1,1,1,1,1,1,1,1,1
18,41,369,10,122,271,12,15,113,82,85,3,5,18,1535,37,657,134,18,21,118,48,34,37,18,546,454,271,26,468,10,6,124 1,1,1,1,1,1,1,1,1,1,1,1,1,1,1,1,1,1,1,1,1,1,1,1,1,1,1,1,1,1,1,1,1
2860,4492,21055,8168,3,107 1,1,1,1,1,1
241,4,21056,21057,21058,21059 1,1,1,1,1,1
