69,49,4,18277,1516,292,103,605,17,44,34,2,2378,5,369,7,269 18,1,1,1,1,1,1,1,1,17,17,1,3,3,3,3,3
11,12249,18278,32,16,687,2272,403,15,11785,18279,750,348 1,1,1,1,1,1,1,1,1,1,1,1,1
16,14,7227,10,2891,558,6441,5,1882,761,727 1,1,1,1,1,1,1,1,1,1,1
16,14,3769,2648,10,4986,13,18280 1,1,1,1,1,1,1,1
16,404,1104 1,1,1
16,20,321,19,310,447,22,59,17,1098,7,18281,321,210,130,22,645,488,1462,2811,2,544,20,1767,12,1415 1,1,1,1,20,1,1,1,1,1,1,1,1,12,1,1,1,1,1,1,1,1,1,1,1,1
874,19,2161,645,84,20,316,1109,12,1477,17,1210 1,1,1,1,1,1,1,1,1,1,1,1
40,838 1,1
235,20,795,151,16,20,6442,18282 1,1,1,1,1,1,1,1
40,838,17,110,48,2296,7848,17,79 1,1,1,1,1,1,1,1,1
377,257,32,2260,4,77,2089,547,25,1770,775,9,5791,547,8,25,1770,1883,9,7105,8,25,1770,1227,9,3929,8,25,632,569,259,9,6438,767,8,25,153,1014,215,2234,4690,215,100,10,291,4,6940,46,204,4314,778,2,35,595,9,62,8,25,291,5431,9,3325,5195,8,390,2,51,45,9,62,8,25,33,9,235,9,787,8,446,2,35,45,9,62,8,25,59,8,2452,1953,2,35,45,9,62,8,25,33,2888,4690,25,59,1932,9,172,1721,1722,8,1017,2,35,45,9,62,8,25,33,473,9,1828,8,449,22,25,33,210,9,894,8,446,2,35,45,9,62,8,25,33,1833,9,1943,12250 1,1,1,1,1,1,1,1,1,1,1,1,1,1,1,1,1,1,1,1,1,1,1,1,1,1,1,1,1,1,1,1,1,1,1,1,1,1,1,1,1,1,1,1,1,1,1,1,1,1,1,1,1,1,1,1,1,1,1,13,1,1,1,1,1,1,1,1,1,1,1,1,1,1,1,1,1,1,1,1,1,1,1,1,1,1,1,1,1,1,1,1,1,1,1,1,1,1,1,1,1,1,11,1,1,1,1,1,1,1,1,1,1,1,1,1,1,28,1,1,1,1,1,1,1,12,1,1,1,1,1,1,1,1,1,1,1,1,21,1,1,1
9,1565,8,8,1674,2,102,45,9,62,8,25,33,737,9,1133,8,491,2,35,45,9,62,8,25,33,310,778,2,35,45,9,62,8,25,59,520,359,111,12251,2,616,12252,946,356,2003,236 1,1,1,1,1,1,1,1,1,1,1,1,1,23,1,1,1,1,1,1,1,1,1,1,1,1,20,1,1,1,1,1,1,1,1,1,1,1,5,5,1,1,1,1,1,1,1
