67,54,4,21088,1635,2892,162,55,28,414,4,10482,8154,542,4,21089,54,7,168,4,21090,528,4,7355,1635,262,4,5472,12744,3,107 1,1,1,1,1,1,1,1,1,1,1,1,1,1,1,1,1,1,1,1,1,1,1,1,1,1,1,1,1,1,1
30,7,61,328,4,40,14,15,1320,2058,302,358,13,103,341,709,7,106,3,317,645,151,3,7060,3,266,926,3,5,280,121,20,12,23,3313,597,1023,495,186,16,387,6220,34,2535,23,574,48,477,27,427,37,16,768,35,1414,12,3847,13,584,949,394,1575,5,868,10,23,188 1,1,1,1,1,1,1,1,1,1,1,1,1,1,1,1,1,7,1,4,4,4,1,24,1,1,1,1,1,23,1,1,1,1,1,1,1,1,1,1,19,19,19,19,19,19,19,1,1,1,1,1,1,1,19,19,19,19,19,19,19,19,1,1,1,1,1
6,34,5148,97,993,139,223,180,435 1,1,1,1,1,1,1,1,1
16,557,34,770,597,40,495,186,963,21091,272,3,16,465,1204,40,1414,511,12,6,1122,1950 1,1,1,1,1,1,1,1,1,1,1,1,1,1,1,1,1,1,1,1,1,1
16,98,537,3889,5,3974 1,1,1,1,1,1
19,6,1767,10,6,124,3,6,34,5148 1,1,1,1,1,1,1,1,1,1
16,20,34,770,748,61,10,6,1147,3,51,387,48,34,1656,477,12,5826,37,38,465,6757,43,6,85,16,20,172,12,1297 1,1,1,1,1,1,1,1,1,1,1,1,1,1,1,1,1,1,1,1,1,1,1,1,1,1,1,1,1,1
16,90,88,307,3,249,3,459,3,26,263 1,1,1,1,1,1,1,1,1,1,1
74,20,11,269,2348,10,23,34,3187,550,16,1946,88,1307,26,1302,709 1,1,1,1,1,1,1,1,1,1,1,1,1,1,1,1,1
124,438,4,19,61,10,6,1147,3,6,28,82,148,20,21092,523,1652,716,125,21093,718,880,388,42 1,1,1,1,1,1,1,1,1,1,1,1,6,6,6,1,1,1,1,1,1,1,1,1
16,20,252,901,25,123,36,3,613,647,247,123,117,228,3,247,1848,3,15,676,2315,7,3372,5,126,19,15,1685,27,4489,10984 1,1,52,1,1,1,1,1,53,1,1,1,1,1,1,1,37,1,1,1,1,1,1,1,1,1,1,1,1,1,1
16,20,943,10,6,445,149 1,1,1,1,1,1,1
445,532,4,614,4,2026,2764,13,335,42,443,1449,4904,4,2026,309,4,1137,42,260,139,484,9286,408,2250,1528,53,1898,4,2026,13,742,21094,3335,4,2026,6030,558,2564,7,309,5,251,469,13,484,1349,408,295 1,1,1,1,1,1,1,1,1,1,1,1,1,1,1,22,22,22,22,22,1,1,1,1,1,1,1,1,1,1,1,1,1,1,1,1,1,1,32,32,32,32,32,32,1,1,1,1,1
674,4,176,317,645,21095,2504,3715,12,8169,178,3387,471,2466,9,12,481,7,3754,8,195,280,253,106,346,10980,10981,4,110,4486,27,440,581,9,1980,21096,8,460,2301,29,21,68,1367,1357,51,31,137,157,652,2682,29,100,384,833,1354,995,256,3394,1079,110,854,4,9284 1,1,1,1,1,1,16,16,16,16,1,1,1,1,1,1,1,1,1,1,1,23,1,7,1,1,1,1,1,1,1,1,1,1,1,1,1,1,1,1,1,1,1,1,1,1,1,1,1,1,1,1,1,1,1,1,1,1,1,1,1,1,1
1477,715,1873,29,187,442,59,507,10,302,1373,29,127,4,21097,163,39,4,1919,1541,1675,3,36,21098,32,2684,378,3,58,45,25,32,932,549,3,36,45,25,69,4623,5172,3,36,45,32,1916,1801,36,45,32,206,30,4,245,13,23,551,12,21099 1,1,1,1,1,1,1,1,1,1,1,1,1,1,1,1,1,1,20,1,1,1,1,1,1,13,1,1,1,1,1,1,1,1,1,1,1,1,1,1,1,1,1,1,1,1,1,1,1,1,1,1,1,1,1,1,1,1,1
109,31,137,238,29,206,485,157 5,5,5,5,1,1,1,1
162,10,80,30,7,21100,357,157 1,1,1,1,1,1,1,1
162,10,80,2952,157,5,2091,7356,3,5,484,21101,157,408 1,1,1,1,1,1,1,1,1,1,1,1,1,1
99,157,7,2952,20,1014,991,183,29,90,95,157 1,1,1,1,1,1,1,1,1,1,1,1
16,90,80,21102,157 1,1,1,1,1
16,14,919,5,356,2832,62,21103,10767 1,1,1,1,1,1,1,1,1
1022,4,661,13,431,27,440,1897,5,419,12,23,382,82 1,1,24,24,24,24,24,24,1,1,1,1,1,1
4868,13,431,27,874,440 1,1,1,1,1,1
579,4,207,4,90,249,3,655,84,3,26,421,970,227,4,11,555,3,678,147,26,1654,644,4,122,282,386,4,11,1753,26,1181,1166,362,4,11,446,3,648,26,1366,352,4,11,4075,26,697,1182,4,11,21104,26,1585,1098,1010,4,11,2099,26,3161,1883,4,11,3957,26,13819,432 1,1,1,1,1,1,1,1,1,1,1,1,1,1,1,1,1,1,1,1,1,1,1,1,1,1,1,1,1,1,1,1,1,1,1,1,1,1,1,1,1,1,1,1,1,1,1,1,1,1,1,1,1,1,1,1,1,1,1,1,1,1,1,1,1,1,1
102,77,4,316,205,4,148,13820,523,21105,3572,880,1035,42,19,1467,1207,1137,207,4,1822,280,767,12,480,227,4,1852,29,665,29,1239,1110,13,21106,152,1233 1,1,1,1,1,1,1,1,1,1,1,1,1,1,1,1,1,1,1,1,1,23,1,1,1,1,1,1,1,1,1,1,1,1,1,1,1
576,1063,10,192,290,10,1768,2928 1,1,1,1,1,1,1,1
216,1700,217,97,222 1,1,1,1,1
48,4,1304,51,1736,130,4,1736,1270,214,4,280,1289,2098,29,2554,53,518,1039,66,4486,114,4,217,1032,3,3175,3,5,1459,133 1,1,1,1,1,1,1,1,1,1,1,23,1,1,1,1,1,1,1,1,1,1,1,1,1,1,1,1,1,1,1
209,715,1873,84,13,433,93,10,6,384 1,1,1,1,1,1,1,1,1,1
1647,12,6,53,8995,6507,66,2598,1004 1,1,1,1,1,1,1,1,1
511,204,12,3029,5,666 1,1,1,1,1,1
273,4,925,1544 1,1,1,1
1010,1006,12,100,473,5,194,114 1,1,1,1,1,1,1,1
2993,2439,100,21107,4,456,9,578,149,8,1840,21108,9,578,149,8,2037,835,9,578,149,8,2616,769,9,578,149,8,8170,392,9,578,149,8,279,347,9,578,149,8,1715,345,9,578,149,8,5453,512,2931,1555,2545,1184,2905,486,961,3920,1461,2037,2013,1967,496,1131,1701,486,1131,2416,2509,1651,2083,7929,1941,2592,2423,1245,349,3529,333,9287,536,21109,653,1996,795,4247,1737,79,4029,3162,1060,1737,1074,1715,1737,2206,5144,2834,1060,520,4,21110,1380,1273,393,2909,365,2048,13237,1413,266,2048,3694,1733,103,341,1538,3028,103,898,4,47,36,47,58,47,117,1905,335,1000,1336,193,3202,2438,193,601,2149,21111,103,1321,2697,1027,735,74,14,11,202,7,1027,260 1,1,1,1,1,1,1,1,1,1,1,1,1,1,1,1,1,1,1,1,1,1,1,1,1,1,1,1,1,1,1,1,1,1,1,1,1,1,1,1,1,1,1,1,1,1,1,1,1,1,1,1,1,1,1,1,1,1,1,1,1,1,1,1,1,1,1,1,1,1,1,1,1,1,1,1,1,1,1,1,1,1,1,1,1,1,1,1,1,1,1,1,1,1,1,1,1,1,1,1,1,1,1,1,1,1,1,1,1,1,1,1,1,1,1,1,1,1,1,1,1,1,1,1,1,1,1,1,1,1,1,1,1,1,1,1,1,1,1,1,1,1,1,1,1,1,1,1
74,14,11,202,7,1027,735,3687 1,1,1,1,1,1,1,1
74,14,11,202,7,1027,1504,43,1677,26,2805,1193 1,1,1,1,1,1,1,1,1,1,1,1
53,2629,6,53,2629,14,989 1,1,1,1,1,1,1
621,735,3,1518,3,4255,74,14,11,202,7,2911,621,260 1,1,1,1,1,1,1,1,1,1,1,1,1,1
6,621,735,14,2220 1,1,1,1,1
74,14,11,202,7,621,765,43,1677,26,2805,1193 1,1,1,1,1,1,1,1,1,1,1,1
6,621,2908,197,989 1,1,1,1,1
6,621,3178,27,6,13821,3482,14,2583,643 1,1,1,1,1,1,1,1,1,1
53,1529,6,53,692,978,5,589,400,57,630,44,406 1,1,1,1,1,1,1,1,1,1,1,1,1
74,14,675,53,692,1394 1,1,1,1,1,1
74,57,11,1375,1076,766,759,448 1,1,1,1,1,1,1,1
6,1505,891,1138,14,1483,42 1,1,1,1,1,1,1
2220,735,33,3343,3,3469,6,2220,735,197,44 1,1,1,1,1,1,1,1,1,1,1
350,735,3,7357,3,7358 1,1,1,1,1,1
6,350,735,197,44 1,1,1,1,1
70,1529,6,70,1529,14,31,989 1,1,1,1,1,1,1,1
6,70,692,589,400,14,630,44,406 1,1,1,1,1,1,1,1,1
177,4,2247,4,924,1273,13,671,851,1136,893 1,1,1,1,1,1,1,1,1,1,1
2328,13822,662,804,6023 1,1,1,1,1
2357,12,13823 1,1,1
563,1076,10985,12,50,5,1330,3286,2357,12,645,3,1016,3,1934,2500,13,3286,2442 1,1,1,1,1,1,1,1,1,1,1,1,1,1,1,1,1,1,1
1635,162,4,924,1666,13,671,851,1136,893 1,1,1,1,1,1,1,1,1,1
2328,694,13822,662,804,6713 1,1,1,1,1,1
2357,13608 1,1
4784,2472,506,4,339,4,91,155 1,1,1,1,1,1,1,1
6,1518,14,7993 1,1,1,1
402,7,6,155,14,3827,10,1768,2928,7,6,28 1,1,1,1,1,1,1,1,1,1,1,1
10986,5,104,4,40,14,15,1320,2058,302,358,13,103,341,709,7,106,3,151,3,7060,3,266,926,3,5,280,121,61,13,574,2095,37,20,1624,343,13,2731,10,6,309,325,4,516,252,901,25,32,423,2660,286,1269,25,32,86,4262,378,25,32,417,613,27,3019,25,305,5,1550,35,148,5,133,572,9,450,2328,75,20,5651,19,162,8,236,378,25,32,7811,17,625,552,247,1848,167,148,179,597,818,389,211,21112,709,3620,144,3362,444,3601,772,520,1597,41,160,899,341,709,21113,158,655,314,3,71,179,3,5,288,1572,239,4,1078,21114,450,2580,592,5,22,167,1342,4,99,374,559,1483,42,13,11,137,205,7,371,3684,1959,96,445,41,659,650,19,289,9,49,40,27,163,17,634,93,8,477,1959,148,179,13,4262,3,613,3,1848,167,2301,4,2700,27,163,13,1357,290,10,3040,2609,41,773,386,340,10,417,13824,5,527,10,461,1250,2609,86,2160,19,1511,7,2458,13,1357,151,144,2504,4430,17,132 1,1,1,1,1,1,1,1,1,1,1,1,1,1,1,1,7,1,4,1,24,1,1,1,1,1,23,1,1,1,1,1,1,1,1,1,1,1,1,1,1,1,1,1,52,1,1,1,77,1,1,1,1,1,1,13,1,1,1,40,53,1,1,1,1,1,1,1,1,1,1,1,1,1,1,1,1,1,1,1,1,47,1,1,1,1,1,1,1,1,37,1,1,1,1,1,1,1,1,1,1,1,1,1,1,1,1,1,1,1,1,1,1,1,1,1,1,1,1,1,1,1,1,1,1,1,1,1,1,1,1,1,1,1,1,1,1,1,1,1,1,1,1,1,1,1,1,1,1,1,1,1,1,1,1,1,1,1,1,1,1,1,1,1,1,1,1,1,1,1,13,1,53,1,37,1,1,1,1,1,1,1,1,1,1,1,1,1,1,1,1,1,1,1,1,1,1,1,1,1,1,1,1,1,1,1,1,1,4,1,1,1,1,1
41,13825,532,17,1014,65 1,1,1,1,1,1
41,166,160,1201,516 1,1,1,1,1
417,818,254,27,261,41,160,71,2160,1155,4,676,3577,1735,2286,25,69,5096,21115,21116,3,107 1,1,1,1,1,1,1,1,1,1,1,1,1,1,1,1,1,1,1,1,1,1
710,21117 1,1
