67,54,4,21846,528,7263,21847,124,404,17,112,4,293,5189,14,15,1106,379,498,220,95,801,212,110,309,251 1,1,1,1,1,1,1,1,1,1,1,1,1,1,1,1,1,1,1,1,1,1,10,3,3,3
694,30,4,509,5189,61,17,124,903,139,61,10,9377,12,1135,12801,220,139,16,387,58,255,7,48,34,99,1014,435,1231,5,31,424,13,88,116 1,1,1,1,1,1,1,1,1,1,1,1,1,1,1,1,1,1,1,1,1,1,1,19,19,1,1,1,1,1,1,1,1,1,1
19,6,495,7,168,3,28,387,312,170,48,34,5,94,584,10,394,303,5,188 1,1,1,1,1,1,1,1,1,19,19,19,19,19,19,19,19,19,1,1
34,828,17,58,552,3,2779,6,28,10,61,10,6,9377,230,17,268,198 1,1,1,1,1,1,1,1,1,1,1,1,1,1,1,1,1,1
12,6,230,3,28,20,343,13,252,3,610,3,1104,1798,3,5,48,34,538 1,1,1,1,1,1,1,1,11,1,9,1,37,37,1,1,19,19,1
177,111,3644,1552,12,11103 1,1,1,1,1,1
241,570,20,72,17,621,1899,26,174,199,1704 1,1,1,1,1,1,1,1,1,1,1
103,1989,143,72 1,1,1,1
28,20,162,10,6,281,297,594,17,268,355 1,1,1,1,1,1,1,1,1,1,1
7,55,3,27,4137,124,3,28,38,15,269,21848,111,2799,329,131,1911,1472,12,6,11108,1177,12,12782,3,96,115,13,44,288,713,12,21849 1,1,1,1,1,1,1,1,1,1,1,1,1,1,1,1,1,1,1,1,1,1,1,1,1,1,1,1,1,1,1,1,1
19,671,421,7,168,3,28,387,553,48,34,186,530,10,6,3538 1,1,1,1,1,1,1,1,1,19,19,1,1,1,1,1
517,7,23,341,709,17,76,3,6,1771,20,1049,10,1717,496,10,103,593 1,1,1,1,1,1,1,1,1,1,1,1,1,1,1,1,1,1
12,6,445,149,3,28,20,514,10,46,3904,212,13,62,309,4674 1,1,1,1,1,1,1,1,1,1,1,10,1,1,1,1
16,370,21850,251,10,6,794,5,443,309,13,1486,1298,406 1,1,1,1,1,1,1,1,1,1,1,1,1,1
614,13,504,76 1,1,1,1
1757,13,443,76 1,1,1,1
28,20,688,10,6,2582,17,268,21851,20,126,19,2213,5,21852,3,5,572,571,39,60 1,1,1,1,1,1,1,1,1,1,1,1,1,1,1,1,1,1,1,1,1
16,20,172,17,103,977 1,1,1,1,1,1
7,55,3,28,20,1240,7,6,350,635,2175,19,241,570,5,6,160,17,513,241,12,117,129 1,1,1,1,1,1,1,1,1,1,1,1,1,1,1,1,1,1,1,1,1,1,1
80,39,30,4,212,35,270,142,287,1354,151,317,58,812,350,635,39,9,660,8,4,252,462,22,25,32,274,5165,215,22,25,69,167,1354,2290,236,1632,25,32,218,1118,423,127,4,357,127,1916,3897,10,2816 1,1,1,1,10,1,1,7,15,1,4,4,4,1,1,1,1,1,1,1,1,11,1,1,1,1,9,1,1,1,1,1,1,1,1,12,1,1,1,13,1,26,1,1,1,1,1,1,1,1
150,30,4,573,583,27,1600,3,38,130,76 1,1,1,1,1,1,1,1,1,1,1
661,583,3628,7,15,1329,1887,3,1020,13,212,12,3970,3,848,13,212,206,30,4,245,12,6797,13,551 1,1,1,1,1,1,1,1,1,1,10,1,1,1,1,1,10,1,1,1,1,1,1,1,1
11104,21853 1,1
699,33,200,3,541,33,598,3,357,33,200,81,7,182,4,376,72,12,402,102,101,4,2793,4,8241,44,3,266,341,1612,4,1106,2102 14,14,14,1,1,1,1,1,1,1,1,1,1,1,1,1,1,1,1,1,1,1,1,1,1,1,1,1,1,1,1,1,1
156,4,581,3137,4,1772,12 1,1,1,1,1,1,1
2182,4,7756,842 1,1,1,1
1665,4,11,199,342 1,1,1,1,1
2251,4,11,277,3,797 1,1,1,1,1,1
1877,4,569,1674,4,216,217,97,222 1,1,1,1,1,1,1,1,1
576,11,1161,715,1453 1,1,1,1,1
1613,4,91,10,463,5,1051 1,1,1,1,1,1,1
1502,4,53,692,2399,1744,5,2321 1,1,1,1,1,1,1,1
145,156,5,239,3,44,304,5,310,3,13,11,1162,26,1094 1,1,1,1,1,1,1,1,1,1,1,1,1,1,1
74,143,11,213,3,2443,26,502 1,1,1,1,1,1,1,1
1614,4,44,326,327,3,152,5,396,3,13,11,1128,26,240,857 1,1,1,1,1,1,1,1,1,1,1,1,1,1,1,1
1595,4,11,750,3,743,26,93 1,1,1,1,1,1,1,1
217,562,133,97,222 1,1,1,1,1
217,975,133 1,1,1
177,4,924,1106,220,6452,3954 1,1,1,1,1,1,1
9380,5,11109 1,1,1
1664,95,149,4,1817,54,705,592,869,769,392,888,870,399,1179,22,14074,2375,1853,2421,7376,1173,1715,4465,1537,8240,3328,2316,4886,54,1579,2444,926,580,8240,2375,2909,1979,1652,1185,54,333,349,536,14074,8124,3358,4606,1425,54,2452,2920,2372,1838,2858,2453,4715,72,3785,433,1944,433,72,4887,54,1284,8240,21854,174,54,6800,8240,2401,192,5,104,4,293,5189,21,212,5,38,15,95,21855,968,431,168 1,1,1,1,1,1,1,1,1,1,1,1,1,1,1,1,1,1,1,1,1,1,1,1,1,1,1,1,1,1,1,1,1,1,1,1,1,1,1,1,1,1,1,1,1,1,1,1,1,1,1,1,1,1,1,1,1,1,1,1,1,1,1,1,1,1,1,1,1,1,1,1,1,1,1,1,1,1,1,1,10,1,1,1,1,1,1,1,1
16,21,504,3904,212,5,20,343,220,2514,251,123,117,10,6,170,2571,12,23,794,5,443,309 1,1,1,1,10,1,1,1,1,1,1,1,1,1,1,1,1,1,1,1,1,1,1
23,903,429,154,20,72,17,325,5,16,21,62,1089,27,103,977,19,14075 1,1,1,1,1,1,1,1,1,1,1,1,1,1,1,1,1,1
147,4,71,324,9,1609,788,8 1,1,4,4,4,4,4,4
287 15
350,635 1,1
106 1
181,120,76 10,10,10
84,10,39,40,112,218,141,22,25,32,2426,6801,274,686,25,32,2426,6801,236,1632,25,32,1182,4,9381,3565,404,4,174,33,2332,423,1269,25,32,2426,6801,1118,378,25,32,2426,6801,2425,1792,22,25,32,126,4,9381,252,462,22,25,32,5165,215,22,25,69,167,1354,2290,126,4,9381,736,549,25,608,2426,6801,126,4,9381,21856,2747,14076,3,229,710,47,21857,607,161,4,3512 1,1,1,1,1,13,1,1,1,1,1,1,9,1,1,1,1,1,12,1,1,1,1,1,1,1,1,1,1,1,1,26,1,1,1,1,1,1,1,1,1,1,1,1,1,1,1,1,1,1,1,11,1,1,1,1,1,1,1,1,1,1,1,1,1,1,1,12,1,1,1,1,1,1,1,1,1,1,1,1,1,1,1,1,1,1,1,1
