69,49,4,18466,916,1088,141,99,29,4,4411,2,4403,485,4,18467,2321,4,18468,605,49,4,3938,440,4,18469,2,2740,9,18470,8,18471,5739,4,29,2,503,2,12313,28,78,89,1276,65,3400,144,384,4,44,34,234,4,287,4411,14,15,1174,2360,471,13,127,2,149,81,341,311,591,2,5,1472,104,279,13,51,697,7,2409,44,34,2180,12,6,52,794,44,5,1539,10,362,1907,5,10,6,538,7,6,168 1,1,1,1,1,1,1,1,1,1,1,1,1,1,1,1,1,1,1,1,1,1,1,1,1,1,1,1,1,1,1,1,1,1,1,1,1,1,1,1,1,1,1,1,1,1,1,1,1,1,1,1,1,1,1,1,1,1,1,1,10,1,4,4,4,4,4,1,1,1,1,1,1,1,1,1,1,17,17,17,17,17,17,17,17,17,17,17,17,17,1,1,1,1,1,1,1
12,736,10,116,5,120,2,287,4411,91,328,811,563,15,128,30,7,178,9,1343,2,1202,8,5,158,30,7,149,2,4105,3299,44,34,12,859,18472,16,431,15,91,1243,17,6,44,34,317,450,147,2,352,2059,215,2,5,12314,708 1,1,1,10,1,4,1,1,1,1,1,1,1,1,1,1,1,1,1,1,1,1,1,1,1,1,1,1,1,1,1,1,1,1,1,1,1,1,1,1,1,1,1,1,1,1,1,1,1,1,1,1,1,1,1,1
450,147,20,483,13,43,399,212,48,6,1066,20,318,13,4906,276,1672,2,518,1636,8102,2579,12,6,3905,5,786,1511,2,5,3736,62,12,2906 1,1,1,1,1,1,1,1,1,1,3,3,3,3,3,3,3,1,1,1,1,1,1,1,1,1,1,1,1,1,1,1,1,1
6,29,39,11,44,34,5,199,352,2312,432,6,1066,2,71,20,11940,117,903,606,490,7,386,713 1,1,1,1,1,1,1,1,1,1,1,1,1,1,1,1,1,1,1,1,1,1,1,1
19,6,12314,708,2,15,350,680,7,313,13,1490,839,18473,20,166,12,6,786,816,598,816,721,20,43 1,1,1,1,1,1,1,1,1,1,1,1,1,1,1,1,1,1,1,1,1,1,1,1,1
2124,52,719,872,1177,20,1429,41 1,1,1,1,1,1,1,1
15,1687,352,704,20,43 1,1,1,1,1,1
450,67,1927,27,6,95,7,6,1243,4945,18474,13,653,1927,166,32,344,32,7757,24,67,94,21,61,136,425,19,230,5,20,4945,119,29,5438,10,55,1013,18475,27,24,373,134,101,10,24,440,12,2229 1,5,5,5,5,5,5,5,5,5,5,1,1,1,1,1,1,1,1,1,1,1,1,1,1,1,1,7,1,1,1,1,1,1,1,1,1,5,1,1,1,1,1,1,1,1,1,1
654,374,12,7814,20,4699,5,81,21,61,2431,13,316,333 1,1,1,1,1,1,1,4,1,1,1,1,1,1
16,20,937,947,82,172,48,795,12,1426,8255,17,15,9801,162,5,222,31,2283 1,1,1,1,1,11,1,1,1,1,1,1,1,1,1,1,1,1,1
287,4411,20,12,24,1054,1120,7,424,532,102,123,158,10,141,151,16,533,248,534,7,252,1840,44,34,2,631,12,6,465,5,631,12,6,1485 1,1,1,1,1,1,1,1,1,1,1,1,1,1,1,1,1,1,1,1,1,1,1,1,1,1,1,1,1,1,1,1,1,1,1
472,534,2731,316,989,606,2,5,3033,10,170,10,55,741,10,24,2742,709,13,1472 1,1,1,1,1,1,1,1,1,1,1,1,1,1,1,1,1,1,1,1
6,44,34,20,31,627,13,255,7,194,5,3033,10,1723,13,8256,2,71,16,3815,826,17,180,7731,7,1472 1,1,1,1,1,1,1,1,1,1,1,1,1,1,1,1,1,1,1,1,1,1,1,1,1,1
24,408,191,6,400,248,123,20,483,5,16,1007,10,886,1442,6,420,158,10,141 1,1,1,1,1,1,1,1,1,1,1,1,1,1,1,1,1,1,1,1
16,20,12315,1787,102,221,42,6453,2409,44,34,5,94,12,6,52,794,44,5,1539,10,362,1907,5,10,6,538,7,24,168,48,31,10,6,112,26,1288 1,1,1,1,1,1,1,17,17,17,17,17,17,1,1,1,1,1,1,1,1,1,1,1,1,1,1,1,1,1,1,1,1,1,1,1,1
627,13,6,44,34,129,469,5,15,699,7,264,118,145,598,6,29,88,255,7,194,2,3888,2,272,26,402,2,868,2,1251,2,508,2,26,862,142 1,1,1,1,1,1,1,1,1,1,1,1,1,1,1,1,1,1,1,1,1,1,1,1,1,1,1,1,1,1,1,1,1,1,1,1,1
6,34,3367,17,51,697,86,1051,26,8257,811,2,5875,6,29,10,50,24,503,1411,170,10,8258,189,65,24,5876,140 1,1,1,1,1,1,1,1,1,1,1,1,1,1,1,1,1,1,1,1,1,1,1,1,1,1,1,1
163,7,213,20,318,17,1609,2,264,5420,2,149,6213,250,2,18476,1685,2,5,1024,149,435,12,78,198 1,1,1,1,1,1,1,1,1,1,1,1,1,1,1,1,1,1,1,1,1,1,1,1,1
6,29,88,134,26,78,30,7,79,2,685,2,756,2,4563,2,1919,2,5014,2,366,19,639,2,655,2,2095,2094,366,2,1106,2,713,2,1077,26,121,142,2,26,420,1112 1,1,1,1,1,1,1,1,1,1,1,1,1,1,1,1,1,1,1,1,1,1,1,1,1,1,1,1,1,1,1,1,1,1,1,1,1,1,1,1,1,1
12,6,303,441,2,6,29,20,124,172,2,501,2,3178,921,2,5,1391,651,42,850,4686,2,5,44,34,1487,660 1,1,1,1,1,1,1,1,1,11,1,7,1,21,21,21,1,1,1,1,1,1,1,1,1,1,1,1
147,19,1464,227,15,657,450,12,399,212,13,719,4093 1,1,1,1,1,1,1,1,1,1,1,1,1
1687,147,62,604,986,3736,62,5,5222,62,13,3997,6111,12,9802 1,1,1,1,1,1,1,1,1,1,1,1,1,1,1
15,44,810,20,66,17,796,26,180,421,5,227,11,160,7,9803,4236 1,1,1,1,1,1,1,1,1,1,1,1,1,1,1,1,1
205,2145,13,5,86,1641,71,129,66,17,541,1619 1,1,1,1,1,1,1,1,1,1,1,1
91,785,98,51,3630,129,66,2,48,2877,20,251,27,18477,577,3700,20,4531,318,2,598,801,20,185,13,266,18478,637,4,127,2,480,13,230,81,341,311,591,2,2431,13,333,1472,2,480,13,2525,5,8256,1638,1137,1842,19,70,1373,2,103,4222,12,4500,8255,844,5028,2516,4,1638,1137,1842,4222,2,4500,8255,850,6362,955,257,9,19,141,8,4,230,9,262,905,8,2525,83,22,2048,8256,196,22,138,1472,1684,137,4,2452,2926,18479,508,990,4,29,21,1961,657,12316,7,24,128,30 1,1,1,1,1,1,1,1,1,1,1,1,1,1,1,1,1,1,1,1,1,1,1,1,1,1,1,1,1,10,1,1,1,7,4,4,4,4,1,1,1,1,1,1,1,1,1,1,1,1,1,1,1,1,1,1,1,1,1,1,1,1,1,1,1,1,1,1,1,1,1,1,1,1,1,1,1,1,1,1,1,7,1,1,1,1,1,1,1,1,1,1,1,1,1,1,1,1,1,1,1,1,1,1,1,1,1,1,1,1,1,1,1
477,4,587,27,1653,292,2,216,118,76,1339,5439,2,1665,603,4,587,3607,7,1319,2377,1343,4,587,7,91,1526,1110,7814,28,216,561,13,369,1202,4,2107,118,76,12317,4,4376,4684,890,4012,1100,4,1095,1055,12318,3807,9,5583 1,1,1,1,1,1,1,1,1,1,1,1,1,1,1,1,1,1,1,1,1,1,1,1,1,1,1,1,1,1,1,1,1,1,1,1,1,1,1,1,1,1,1,1,1,1,1,14,14,1,1,1,1
18480,8,814,500,32,63,12319,9804,18481,179,5877,2,214,149,88,219,26,150,624,245,88,2300,2815,2,3048,2842,30,295,27,140,13,503,28,21,248,726,564,2,244,3000,2,113,31,50,167,13,1534,499,4,32,256,12,234 1,1,1,1,1,1,1,1,1,1,1,1,1,1,1,1,1,1,1,1,1,1,1,1,1,1,1,1,1,1,1,1,1,1,1,1,1,1,1,1,1,1,1,1,1,1,1,1,1,1,1,1,1
85,895,142,2,618,2,2138,1184,2,112,2757,2,396,2,1920,2,435,2,613,2,1463,2,18482,2,807,2,1173,2,394,2,386,388,2,2654,2035,2,588,65,6323,2,4345,2,8259,1214,2,142,12,1534,26,535,1183 1,1,1,1,1,1,1,1,1,1,1,1,1,1,1,1,1,1,1,1,1,1,1,1,1,1,1,1,1,1,1,1,1,1,1,1,1,1,1,1,1,1,1,1,1,1,1,1,1,1,1
385,4,638,4,2839,2,7109,2,492,2,111,2,574,2,651,1048,224,4,436,2,1939,12,886,3834,4,350,2,1711,2,3174,5878,2256,19,168,2,978,202,4,3026,90,2,2286,822,2,1657,1405,1130,2,1290,599,2,11,2586 1,1,1,1,1,1,1,1,1,1,1,1,1,1,1,1,1,1,1,1,1,1,1,1,1,1,1,1,1,1,1,1,1,1,1,1,1,1,1,1,1,1,1,1,1,1,1,1,1,1,1,1,1
1237,1025,2,1967,2,5,1221,10,688 1,1,1,1,1,1,1,1,1
9363,1445,175 1,1,1
802,4,3512,175 1,1,1,1
1559,1052 1,1
112,4,330,2,275,12320,2,11,620,2171,26,342,2,2921,1052,2,11,780,2,293,243,171,193,5,11,229,2641,4,11,9805,11658,4,44,816,978,2,929,978,952,3227 1,1,1,1,1,1,1,1,1,1,1,1,1,1,1,1,1,1,1,1,1,1,1,1,1,1,1,1,1,1,1,1,1,1,1,1,1,1,1,1
11,18483,277 1,1,1
226,4,1851,2284,86,2521,976,245 1,1,1,1,1,1,1,1
2274,225,12321,12322 1,1,1,1
90,10,452,193 1,1,1,1
623,4,135,145,5,212,13,1778,246,5,253 1,1,1,1,1,1,1,1,1,1,1
3213,2131,253 1,1,1
306,3736,62,12323 1,1,1,1
11,387,2,766,26,711 1,1,1,1,1,1
11,6339,2,18484,26,5783 1,1,1,1,1,1
171,293,243 1,1,1
487,919 1,1
187,4,261,300,302,2,133,2,978,2,2170,2,11,1592,26,1739,2,11,953 1,1,1,1,1,1,1,1,1,1,1,1,1,1,1,1,1,1,1
812,73,4,1132,261,1962,12,189 1,1,1,1,1,1,1,1
217,4,11,673,2,720,26,79,2,619,5,3914 1,1,1,1,1,1,1,1,1,1,1,1
11,4555,26,277,10,1392 1,1,1,1,1,1
66,12324,2214 1,1,1
171,1410,2,582,2,64,5,967,243,193 1,1,1,1,1,1,1,1,1,1
1028,590,193,12,412,5,197,217 1,1,1,1,1,1,1,1
5879,4,2119 1,1,1
18485,4,2086,2612,2,275,12320,2,839,388,5,733,12,52,2829,765 1,1,1,1,1,1,1,1,1,1,1,1,1,1,1,1
323,4,5408,5,992,2612 1,1,1,1,1,1
951,1746,175 1,1,1
731,5,1099,3916,483 1,1,1,1,1
171,4845,2261,2833,66,3729 1,1,1,1,1,1
258,4,2056,9,3938,8260,8,4,649,2837,2,524,2186,2,824,2658,2,6321,7981,2,379,1408,2,18486,2,770,5440,2,335,2618,2,22,2068,2,5209,1747,1532,9,3938,8260,8,4,298,4699,9,1662,41,1658,2,154,41,1102,8,2,266,9806,2,443,4356,2,530,1470,2,666,4219,2,64,4363,2,1069,5661,2,1060,1267,2,2877,18487,2031,9,3938,18488,8,4,2898,2080,2,3847,11819,4412,2,148,298,2,395,7750,2,395,5627,2,148,7248 1,1,1,1,1,1,1,1,1,1,1,1,1,1,1,1,1,1,1,1,1,1,1,1,1,1,1,1,1,1,1,1,1,1,1,1,1,1,1,1,1,1,1,1,1,1,1,1,1,1,1,1,1,1,1,1,1,1,1,1,1,1,1,1,1,1,1,1,1,1,1,1,1,1,1,1,1,1,1,1,1,1,1,1,1,1,1,1,1,1,1,1,1,1,1,1,1,1,1,1,1
91,785,9,3938,8,7249,3938,3938,3938,3938,18489,18490,12325,8260,12326,5229,18491,9,276,8,867,2038,9,54,8,1330,66,66,2383,66,66,2986,3510,1858,1394,426,4,147,9,3938,8,4,2580,426 1,1,1,1,1,1,1,1,1,1,1,1,1,1,1,1,1,1,1,1,1,1,1,1,1,1,1,1,1,1,1,1,1,1,1,1,1,1,1,1,1,1,1,1
43,399,212,13,306,3736,62,2,9807,10,1846,12,12327,464,9,3938,8,4,11,180,421,26,796 1,1,1,1,1,1,1,1,1,1,1,1,1,1,1,1,1,1,1,1,1,1,1
4117,2258,1393,6,70,197,409 1,1,1,1,1,1,1
205,9,3938,8,4,13,5,86,1641 1,1,1,1,1,1,1,1,1
11,160,7,541,1619 1,1,1,1,1
83,675,52,197,1548,305,1016,2,17,71,497,376,207,100,44,205,14,909,10,3809,2475 1,1,1,1,1,1,1,1,1,1,1,1,1,1,1,1,1,1,1,1,1
18492,86,11676 1,1,1
6120,3659,12,6,52,1018,2,86,160,17,18493,2,218,343,2,645,132,5880,14,380 1,1,1,1,1,1,1,1,1,1,1,1,1,1,1,1,1,1,1,1
242,4,287,4411,14,15,1174,2360,471,13,116,2,120,591,2,5,1472,2,104,279,13,51,697,7,406,44,34 1,1,1,1,1,1,1,1,1,1,10,1,4,4,1,1,1,1,1,1,1,1,1,1,1,1,1
6,1225,17,44,34,14,4120,5,1128,91,313,2,729,743,2,541,1619,2,3927,2,305,3836,2,5018,2,8093,2,18494,4650,2,18495,816,34,2,5,914 1,1,1,1,1,1,1,1,1,1,1,1,3,3,1,1,1,1,1,1,1,1,1,1,1,1,1,1,1,1,1,1,1,1,1,1
6,2079,696,7,406,44,34,2,18496,170,65,535,2,6465,6,9808,7,63,180,91,26,305,1588,1155,32,371,2,541,1619,2,26,385 1,1,1,1,1,1,1,1,1,1,1,1,1,1,1,1,1,1,1,1,1,1,1,1,1,1,1,1,1,1,1,1
6,29,21,251,2877,48,355,12328,93,73,584,9,366,2,3184,44,34,2,250,2,1919,2,9809,2,359,7,877,8,26,7250,908,2498,557,13,305,3568 1,1,1,1,1,1,1,1,1,1,1,1,1,1,1,1,1,1,1,1,1,1,1,1,1,1,1,1,1,1,1,1,1,1,1,1
6,29,62,116,14,15,328,2398,17,541,1619,2,48,38,494,319,55,2349,286,42,66,464,5,745,2145,2,71,50,368,1204,41,3939 1,1,1,10,1,1,1,1,1,1,1,1,1,1,1,1,1,1,1,1,1,1,1,1,1,1,1,1,1,1,1,1
12,736,2,16,12328,15,1316,7,150,979,6109,7,1619,2,317,892,2,296,1479,2,5,280,417 1,1,1,1,1,1,1,1,1,1,1,1,1,1,1,1,1,1,1,1,1,1,1
6,2270,7,6,34,14,3293,12,2270,5,14,1359,42,921,261,172 1,1,1,1,1,1,1,1,1,1,1,1,1,21,1,11
8261,2,6,29,21,39,248,1084,48,553,406,2835,15,451,123,146,2,5,21,306,91,328,811 1,1,1,1,1,1,1,1,1,1,1,1,1,1,1,1,1,1,1,1,1,1,1
38,3154,2477,714,26,729,743,6,373,218,494 1,1,1,1,1,3,3,1,1,1,1
147,142,18497,518,1636,1471,2,598,1807,4235,129,156,12,106,1511 1,1,1,1,1,1,1,1,1,1,1,1,1,1,1
6,29,62,91,785,129,66,65,6,189,98,51,3630,13,15,2725,783,66,19,6,1032 1,1,1,1,1,1,1,1,1,1,1,1,1,1,1,1,1,1,1,1,1
6,29,176,50,1375,15,4951,1471,371,26,2477,714 1,1,1,1,1,1,1,1,1,1,1,1
6,114,40,55,10,126,1649,1831,17,44,34,5,147,142,2,13,6,400,4505,218,10,8088,415,215,26,561,12,6,465,1775 1,1,1,1,1,1,1,1,1,1,1,1,1,1,1,1,1,1,1,1,1,1,1,1,1,1,1,1,1,1
507,14,640,1831,5,21,2872,1348,37,53,12329,890,6,114 1,1,1,1,1,1,1,1,1,1,1,1,1,1
114,4,161,44,34,2408,2,91,707,783,2,867,2,1330,2241,98,102,3249,19,400,4902,147,108,44,34,18498,26,12,221,108,11,44,34,2896,211,370,22,25,33,556,3462,22,25,2241,921,1710,22,35,45,138,44,34,108,44,34,589,2,785,318,2,147,142,1495,219,652,108,44,34,2896,2,785,318,2,26,147,142,2,539,561 1,1,1,1,1,1,1,1,1,1,1,1,1,1,1,1,1,1,1,1,1,1,1,1,1,1,1,1,1,1,1,1,1,1,11,1,1,1,1,7,1,1,1,1,21,1,1,1,1,1,1,1,1,1,1,1,1,1,1,1,1,1,1,1,1,1,1,1,1,1,1,1,1,1,1,1,1,1,1
355,18499,12,221 1,1,1,1
1222,820,257,117,2279,28,381,333,297,2279,838,221,5255,262,17,352,1149,155,12,221,17,797,945,2,374,165,719,4093,4402,524,2,22,10,6218,4313,9,524,1365,2200,2,22,1365,2827,8,186,339,1574,4531,318,1962,266,185,221,258,4,801,9,266,8,2,1307,2,1942,2,358,2,4227,2,442,2,1531,2,1042,249,81,185,2,425,42,333,27,140,67,358,3517,1759,261,1090,2821,12,221,1728,12,221,9,2592,119,158,586,8,351,1210,3940,2074,397,459,715,139,4,275,715,6,242,5,114,129,285,13,6,2703,4696,427 1,1,1,1,1,1,1,1,1,1,1,1,1,1,1,1,1,1,1,1,1,1,1,1,1,1,1,1,1,1,1,1,1,1,1,1,1,1,1,1,1,1,1,1,1,1,1,1,1,1,1,1,1,1,1,1,1,1,1,1,1,1,1,1,1,1,1,1,1,1,1,1,1,1,4,1,1,1,1,1,1,1,1,1,1,1,1,1,1,1,1,1,1,1,1,1,1,1,1,1,1,1,1,1,1,1,1,1,1,1,1,1,1,1,1,1,1,1,1,1,1,1
3941,9810,916,1088,705,4,46,18500,1327,2531,4,47,50,1538,5,755,6,64,13,6,89,3682 1,1,1,1,1,1,1,1,1,1,1,1,1,1,1,1,1,1,1,1,1,1
12,2001,2,6,64,14,15,12330,650,116,1472,5,120,104,3773,100,27,9630,80,13,44,94,5,34,37,5322,10,362,1907 1,1,1,1,1,1,1,1,1,10,1,1,4,1,1,1,1,1,1,1,1,1,1,1,1,1,1,1,1
16,222,977,610,270,48,68,20,11,1829,2,1654,2,969,26,1251,27,38,95 1,1,1,1,1,1,1,1,1,1,1,1,1,1,1,1,1,1,1
6,656,2731,553,271,153,1409,5,16,549,419,117,16,1379,8256 1,1,1,1,1,1,1,1,1,1,1,1,1,1,1
712,241,6236,2,16,1886,16,39,248,1084,534,97,223 1,1,1,1,1,1,1,1,1,1,1,1,1
16,21,31,39,87,1265,2,702,2,26,531,79 1,1,1,1,1,1,1,1,1,1,1,1
16,113,2570,460,44,94,5,44,34,12,4326,7814,151,16,39,15,91,233,27,6,3400,144 1,1,1,1,1,1,1,1,1,1,1,1,1,1,1,1,1,1,1,1,1,1
16,113,31,871,6,885,7,6,1243 1,1,1,1,1,1,1,1,1
7,99,6,64,113,31,1374,2,14,31,19,211,2,5,21,363,128,3108,13,178,48,11,18501,456,1516,26,12331,456,1211 1,1,1,14,14,14,14,1,1,1,1,11,1,1,1,1,1,1,1,1,1,1,1,1,1,1,1,1,1
16,14,19,230,48,7071,7,6,262 1,1,1,7,1,1,1,1,1
12,6,189,2,16,222,50,106,44,34,48,84,20,1359,117,35,3030 1,1,1,1,1,1,1,1,1,1,1,1,1,1,1,1,21
492,20,1470,5,111,18502 1,1,1,1,1,1
16,20,124,211,5,15,1318 1,1,1,11,1,1,1
962,2,24,147,20,1796,32,43,48,1209,6,276,1672,1795,3997,12,1511,9811 1,1,1,1,1,1,1,1,1,1,1,1,1,1,1,1,1,1
540,3019,151,16,20,44,34,739,2,227,12176,9586,12,9811 1,1,1,1,1,1,1,1,1,1,1,1,1,1
68,129,11,307,3019,1509,17,2666 1,1,1,1,1,1,1,1
16,20,201,42,507,104,909,2552,664,19,652,2709,32,16,20,514,10,55,1132,261,9,266,3010,8 1,1,1,1,1,1,1,1,1,1,1,1,1,1,1,1,1,1,1,1,1,1,1,1
15,1619,1811,205,20,716,5,20,148,17,1619,5,17,15,1824,385 1,1,1,1,1,1,1,1,1,1,1,1,1,1,1,1
9,6,18503,20,251,8 1,1,1,1,1,1
24,523,248,3630,7,91,785,129,66,5,16,20,718,10,6,1032,17,241,233 1,1,1,1,1,1,1,1,1,1,1,1,1,1,1,1,1,1,1
19,73,2,16,20,12,436,5,20,455,739 1,1,1,1,1,1,1,1,1,1,1
118,20,418,2,226,1398,5,16,39,11,197,445,79 1,1,1,1,1,1,1,1,1,1,1,1,1
211,5,1318,129,679 11,1,1,1,1
6,2725,1501,7,91,785,1493,168,66,5,6,64,20,724,17,15,415,215 1,1,1,1,1,1,1,1,1,1,1,1,1,1,1,1,1,1
278,2,6,29,222,3292,106,44,422,38,465,5,1195,507,549,84,20,1810,10,60,170,10,429,3195 1,1,1,1,1,1,1,1,1,1,1,1,1,1,1,1,1,1,1,1,1,1,1,1
38,14,3145,17,38,465 1,1,1,1,1,1
361,99,38,64,14,2665,10,2452 1,1,1,1,1,1,1,1
2871,710,7251,195,18504,378,325,1327 1,1,1,1,1,1,1,1
