69,49,4,18581,64 18,1,1,1,1
279,13,24,567,17,15,356,101 1,1,1,1,1,1,1,1
16,416,37,16,21,61,699,57 1,1,1,1,1,1,1,1
16,21,61,781,10,91,997,2,5,21,61,734,24,352,322 1,1,1,1,1,1,1,1,1,1,1,1,1,1,1
16,88,12351 1,1,1
16,21,61,1041,57,5,24,460,135,2714 1,1,1,1,1,1,1,1,1,1
11,572,9827 1,1,1
16,5,24,567,444,37,16,21,61,268,8095,18582,288 1,1,1,1,1,1,1,1,1,1,1,1,1
16,40,433,214,9828,5,1648,13,24,503,5,84,14,18583,1560,415,27,140 1,1,1,1,1,1,1,1,1,1,1,1,1,1,1,1,1,1
151,963,173,84,16,416,37,16,113,31,871,3707,84,14,6456 1,1,1,1,1,1,1,1,1,1,1,1,1,1,1
278,16,687,37,16,209,578,2098,11908 1,1,1,1,1,1,1,1,1
167,1356,1217,1168,4,425,13,12347,10,5883,9821,7972,7254,4,52,4489,5883,254,336,343,76,1665,137,747,77,1921,9,6471,8,683,2,35,595,9,62,8,25,291,210,9,894,8,491,2,35,45,9,62,8,25,283,98,154,107,9,62,8,211,9,896,547,8,1017,2,35,45,9,62,8,25,33,230,768,2,35,45,9,62,8,25,59,2220,9,7990,8,1659,2,35,595,9,62,8,25,33,2854,9,6476,8,7809,2,35,45,9,62,8,25,283,3942,767,683,2,35,45,9,62,8,25,33,888,9,2074,397,8,683,2,35,595,9,62,8,25,291,2854,9,6476,8,768,2,684,45,9,62,8,25,509,1151,35,595,25,33,3452,9,1594,397,8,8275,2,35,45,9,62,8,25,33,235,9,787,8,390,2,684,45,9,62,8,25,33,1804,9,2089,547,8,1456,2,35,45,9,62,8,25,33,9829,370,33,520,359,4,67,94,9536,28,296,1332,28,121,6477,93,73,4,224,56,413,28,12,11,180,326 1,1,1,1,1,1,1,1,1,1,1,1,1,1,1,1,1,16,1,1,1,1,1,1,1,1,1,1,1,1,1,1,1,1,1,1,1,1,12,1,1,1,1,1,1,1,1,1,1,1,1,1,1,1,1,1,1,11,1,1,1,1,1,1,1,1,1,1,1,1,1,7,1,1,1,1,1,1,1,1,1,1,1,1,1,1,1,1,1,1,1,1,1,1,1,1,1,1,1,1,1,1,1,1,1,1,1,1,1,1,1,1,1,1,1,1,1,1,1,1,1,1,1,1,1,1,1,1,1,1,1,1,1,1,1,1,1,1,1,1,1,1,1,1,1,1,1,1,1,1,1,1,1,1,1,1,1,1,1,1,1,1,1,1,1,1,1,1,1,1,1,1,1,1,1,1,1,1,1,1,1,1,1,1,1,1,1,1,1,1,1,1,1,1,1,1,1,1,1,1,1,1,1,1,1,1,1,1,1,1,1,1,1,1,1,1,1
226,56,90,10,452,193,28,11,856,2,1056,2,26,1223,28,199,662,1129,623,56,135,145,5,212,28,43,246,253,28,11,387,2,711,2,26,766,18584,258,4,1921,2702,1321,667,43,1238,801,13,654,1247,5,835,18585,833,4,1956,200,307,345,13,30,7,127,2,1356,2,254,2,139,304,555,12,1110,3906,104,279,17,437 1,1,1,1,1,1,1,1,1,1,1,1,1,1,1,1,1,1,1,1,1,1,1,1,1,1,1,1,1,1,1,1,1,1,1,1,1,1,1,1,1,1,1,1,1,1,1,1,1,1,1,1,1,1,1,1,1,1,1,1,1,10,1,1,1,16,1,3,3,3,3,3,3,1,1,1,1
264,3569,166,27,140 1,1,1,1,1
161,562,56,29,21,1207,13,58,9830,12,1326,3906,10,6415,135,507,203 1,1,1,1,1,1,1,1,1,1,1,1,1,1,1,1,1
24,67,94,14,1400,3447,338,40,126,192,24,231,91,77,27,38,95 1,1,1,1,1,1,1,1,1,1,1,1,1,1,1,1,1
16,14,19,63,172,2,1226,2,3015,5,1804 1,1,1,1,12,1,1,1,1,1,1
165,1353,56,29,14,19,6,262,7,2854,37,16,20,19,151,16,20,874,65,9831 1,1,1,1,1,1,1,1,1,1,1,1,1,1,1,1,1,1,1,1
16,20,85,19,1461,109,22,119,107,2,278,2,47,39,855,1510,38,15,451,198,146,12,63,2183,10,12352,24,560,322 1,1,1,1,1,1,1,1,1,1,1,1,1,1,1,1,1,1,1,1,1,1,1,1,1,1,1,1,1
40,2283,1461,109,18586,25,33,10,907,13,24,914,5,3569 1,1,1,1,1,1,1,1,1,1,1,1,1,1
186,323,56,29,74,1921,21,2342,61,8281 1,1,1,1,1,1,1,1,1,1
16,14,1433 1,1,1
40,126,10,207,1737,17,110,19,24,1488,262,7,560 1,1,1,1,1,1,1,1,1,1,1,1,1
249,1713,56,126,231,262,7,3452 1,1,1,1,1,1,1,1
351,1368,56,126,231,262,7,2220 1,1,1,1,1,1,1,1
459,339,56,40,838,3204,888,17,110 1,1,1,1,1,1,1,1,1
2179,170,5,24,567,10,2283,6,888,108,16,454,2098,18587 1,1,1,1,1,1,1,1,1,1,1,1,1,1
936,170,10,1656,15,1814,7,1618 1,1,1,1,1,1,1,1
636,1546,56,29,21,43,1077,871,393,40,1171,24,3942 1,1,1,1,1,1,1,1,1,1,1,1,1
40,126,2745 1,1,1
808,10,308,32,724,12,1859,236,10,207,100,19,24,1461 1,1,1,1,1,1,1,1,1,1,1,1,1,1
6478,6450,710,9824,2,96 1,1,1,1,1,1
38,20,8219,13,2376,18588,7220 1,1,1,1,1,1,1
361,6970,87,3005,1984 1,1,1,1,1
56,18589 1,1
