67,54,4,21894,414,4,7135,3,2512,542,4,11116,28,61,17,513,112,139,916,124 1,1,1,1,1,1,1,1,1,1,1,1,1,1,1,1,1,1,1,1
16,1031,12,10,46,62,2143,918,5,2103,15,1841,431 1,1,1,1,1,1,1,1,1,1,1,3,3
16,20,12,1635,17,2100,113,27,75,85,16,2116,15,4823,854,3,381,326,756,3,5,545 1,1,1,1,1,1,1,1,1,1,1,1,1,1,1,1,1,1,1,1,1,1
16,866,38,23,619,359,27,6,1182,7,1604,5,20,261,27,6,1182,7,208,10,6779,224 1,1,1,1,3,3,3,3,3,3,3,1,1,1,1,1,1,1,1,1,1,1
16,242,60,27,6779,224,5,20,261,66,74,19,6,21895,7,1225,3,5,16,61,10,271,17,513,89 1,1,1,1,1,1,1,1,1,1,1,1,1,1,1,1,1,1,1,1,1,1,1,1,1
16,258,37,16,190,60 1,1,1,1,1,1
16,90,88,48,34,26,1805,184,159,261 1,1,1,1,1,1,1,1,1,1
16,109,31,2903,2600,66,23,124,376 1,1,1,1,1,1,1,1,1
16,14,944,204 1,1,1,1
16,146,37,16,21,31,38,15,326,656,17,117,65,5,38,128,34,15,1517,7,65,183 1,1,1,1,1,1,1,1,1,1,1,1,1,1,1,1,1,1,1,1,1,1
16,14,2488,2688,3,99,359,1023 1,1,1,1,1,1,1,1
11,796 1,1
23,491,146,37,16,14,724,60,3,37,16,14,27,23,472,944,161,3,37,16,21,38,31,38,88,199,234,27,163 1,1,1,1,1,1,1,1,1,1,1,1,1,1,1,1,1,1,1,1,1,1,1,1,1,1,1,1,1
80,39,30,4,35,135,282 1,1,1,1,1,1,1
98,3,1220,3,697,935,290,10,15,7759,6802,3,2070,3,330,354,76 1,1,1,1,1,1,1,1,1,1,1,1,1,1,1,1,1
127,4,11,374,357,127 1,1,1,1,1,1
137,39,4,203,462,651,3,274,279,1047,3,1052,125,4665,3,9387,36,1681,337 1,1,1,11,1,1,1,9,1,1,1,12,1,1,1,1,1,1,1
1047,3,1522,141,651,3,906,3,4512,231,651,3,3072,3324,3222 1,1,1,1,1,1,1,1,1,1,1,1,1,1,1
5,1211,4575,3,1829,2042,651,3,1782,231,651,3,2166,850,337 1,1,1,1,1,1,1,1,1,1,1,1,1,1,1
2739,3,950,231,2568 1,1,1,1,1
316,205,4,63,94,21896 1,1,1,1,1,1
133,5414,140,11118,102,77,4,207,33,1789,358,12,11,199,342 1,1,1,1,1,1,1,1,1,1,1,1,1,1,1
197,60,12,1631,7,23,95,916,124 1,1,1,1,1,1,1,1,1
136,33,11,910,26,222,55,100 1,1,1,1,1,1,1,1
155,33,91,10,463,100,13,11,407,26,1065 1,1,1,1,1,1,1,1,1,1,1
644,33,455 1,1,1
44,304,3,310 1,1,1,1
11,213 1,1
214,33,269,326,327,1718,12,233,210,2168,3,600,131,377 1,1,1,1,1,1,1,1,1,1,1,1,1,1
152,3,131,1747 1,1,1,1
11,240 1,1
11,969 1,1
11,633,804 1,1,1
114,33,16,21,433,3673,2215,93,10,23,14089 1,1,1,1,1,1,1,1,1,1,1
149,4,66,1225,1214,3,2255,3,111,836,13,696,785,7,2750,3,733,6278,3,824,21897,2015,539,33,392,1695,3,347,2416,3,345,6279,3,2166,14090,192,78,104,4,4317,358,3,30,7,106,3,287,3,181,120,76,3,330,354,76,3,161,315,619,12,1604,35,60,35,2143,918,369,139,62,912,124,13,698,7,854,3,3352,3,5,545,121,468,12,17,513,112 1,1,1,1,1,1,1,1,1,1,1,1,1,1,1,1,1,1,1,1,1,1,1,1,1,1,1,1,1,1,1,1,1,1,1,1,1,1,1,1,1,1,1,1,7,1,15,1,10,10,10,1,1,1,1,1,1,1,3,1,1,1,1,1,1,1,1,1,1,1,1,1,1,1,1,1,1,1,1,1,1,1,1,1,1,1
1151,4717,3,28,981,60 1,1,1,1,1,1
9,36,8,644 1,1,1,1
41,86,103,39,27,40,85 1,1,1,1,1,1,1
41,166,84,1052,188,10,236,51,41,144,23,149,671 1,1,1,12,1,1,1,1,1,1,1,1,1
28,237,1255,66,103,977,27,40,85 1,1,1,1,1,1,1,1,1
16,14,503,10,122,64,7744,27,6,1182,7,40,129 1,1,1,1,1,1,1,1,1,1,1,1,1
41,1567,17,201,10,46,145,103,198,139,40 1,1,1,1,1,1,1,1,1,1,1
16,21,221,64,11119,17,23,1841,619,483 1,1,1,1,1,1,1,1,3,1
9,58,8,881 1,1,1,1
28,161,315,2143,918 1,1,1,1,1
16,21,221,64,7417,5,14,191,60 1,1,1,1,1,1,1,1,1
9,117,8,352 1,1,1,1
28,19,2166,850,2568 1,1,1,1,1
35,135,64,9386 1,1,1,1
92,237,52,3461,10,377,201,10,231,2568 1,1,1,1,1,1,1,1,1,1
35,16,20,397 1,1,1,1
41,144,23,444,89,51,166,377,10,231,2568 1,1,1,1,1,1,1,1,1,1,1
41,510,188,10,64,9386,17,513 1,1,1,1,1,1,1,1
9,210,8,1596 1,1,1,1
41,144,972 1,1,1
166,41,86,137,2950,228 1,1,1,1,1,1
9,108,8,2070 1,1,1,1
3461,10,1494,2125 1,1,1,1
9,320,8,361 1,1,1,1
28,13,648 1,1,1
16,368,126,21898,26,4457,956,15,65 1,1,1,1,1,1,1,1,1
368,98,157,3848,105,597,16,21,15,326,656,5,286,377,10,909,174,65,35,160 1,1,1,1,1,1,1,1,1,1,1,1,1,1,1,1,1,1,1,1
368,98,1237,4888,340,35,160 1,1,1,1,1,1,1
1564,28,5,491,37,134,28,14,2488,2688,3,92,14,3461 1,1,1,1,1,1,1,1,1,1,1,1,1,1
313,3,134,16,488,3,677,546,454,1442 1,1,1,1,1,1,1,1,1,1
9,539,8,1326 1,1,1,1
677,546,86,1522,5,3072,17,132 1,1,1,1,1,1,1,1
41,81,940,66,6779,224,10,122,3208,39,143,126,5,41,166,2020,201,650,1485 1,1,1,1,1,1,1,1,1,1,1,1,1,1,1,1,1,1,1
12,207,3,160,10,81,67,66,6779,224,12,890,10,122,1146,2487,74 1,1,1,1,1,1,1,1,1,1,1,1,1,1,1,1,1
41,482,37,12,808,420,17,23,268,198 1,1,1,1,1,1,1,1,1,1
369,10,224,12,58,113 1,1,1,1,1,1
6250,852,2194,3,107 1,1,1,1,1
21899 1
