67,54,4,22074,1361,1716,3,2364,64,6810,5815,281,297,14161,39,599,1476,3860,563,14162,3,3814,22075,684,4,3987,5340,509,47,11168,882,6810,3,50,38,6,1174,7,122,3987,5340,17,96,115,7,23,5325 1,1,1,1,1,1,1,1,1,1,1,1,1,1,1,1,1,1,1,1,1,1,1,1,1,1,1,1,1,1,1,1,1,1,1,1,1,1,1,1,1,1,1,1,1,1,1
6,28,146,37,16,86,10,1036,15,244,308,4121,285,35,15,7437,1282,6287,141,552,15,65,3,1041,2839,335,624,4516 1,1,1,1,1,1,1,1,1,1,1,1,1,1,1,1,1,1,1,1,1,1,1,1,1,1,1,1
186,16,369,163,66,285,16,2741,2235,5,40,2411,13,23,285,503,5,4997,115,23,491,66,4629,5,321,6,4910,21,11169,201,66,15,145,288,1572 1,1,1,1,1,1,1,1,1,1,1,1,1,1,1,1,1,1,1,1,1,1,1,1,1,1,1,1,1,1,1,1,1,1,1
22076,10,631,3,16,21,557,308 1,1,1,1,1,1,1,1
16,14,31,406,12,571,308,43,23,386,400,13,6,708,7,128,1551,1302,7,437,13,1602,2839 1,1,1,1,1,1,1,1,1,1,1,1,1,1,1,1,1,1,1,1,1,1,1
16,157,959,405,571,14163,7438,1226,519,5,58,10,117,85,135,65 1,1,1,1,1,1,1,1,1,1,1,1,1,1,1,1
23,712,1263,3452,1298,156,14,6287,11170,2186,135,435 1,1,1,1,1,1,1,1,1,1,1,1
16,731,37,186,23,13413,667,10,998,1592,17,117,65,12,15,14164,10,732,360,17,6187,35,60,35,8266,7,706,5,16,21,38,36,8266,7,706,159,1025,99,112,12,1604 1,1,1,1,1,1,1,1,1,1,1,1,1,1,1,1,1,1,1,1,1,1,1,1,1,1,1,1,1,1,1,1,1,1,1,1,1,1,1,1,1
23,39,389,14,639,17,3247,3113,10350,135,1222,3,58,1222,956,15,65,3,4102,4459,58,1222,956,15,65,3,1916,3,2425,3,4262,5,6,959,35,2123,270 1,1,1,1,1,1,1,1,1,1,1,1,1,1,1,1,1,1,1,1,1,1,1,1,1,1,1,1,1,1,1,1,1,1,1,1,1
684,4,3987,5340,3278,1361,22077,509,47,11168,6,28,82,81,7,182,14,639,17,6,2658,7,249,3,459,3,970,3,48,453,3,116,7,812,3,84,12,23,326,26,931,1215,26,140 1,1,1,1,1,1,1,1,1,1,1,1,1,1,1,1,1,1,1,1,1,1,1,1,1,1,1,1,1,1,1,1,1,1,1,1,1,1,1,1,1,1,1,1
16,109,86,10,46,1143,86,315,965,1685,75,1036,10,1041,91,7,23,994,5,598,263 1,1,1,1,1,1,1,1,1,1,1,1,1,1,1,1,1,1,1,1,1
74,14,11,1753,26,173,1181,1166 1,1,1,1,1,1,1,1
19,102,77,3,16,197,60,3,14,12,11,386,342 1,1,1,1,1,1,1,1,1,1,1,1,1
1806,3,863,3,665,3,35,3,2638,1709 1,1,1,1,1,1,1,1,1,1
2653,82,57,91,13,44,691,1056,100 1,1,1,1,1,1,1,1,1
23,965,2596,14,639,17,131,685,100,13,15,91,965,261 1,1,1,1,1,1,1,1,1,1,1,1,1,1
11,173,2341,12,6,875,26,2109,1797,5194 1,1,1,1,1,1,1,1,1,1
48,77,275,62,118,3282,3178,5,1742,7,23,3452,6811 1,1,1,1,1,1,1,1,1,1,1,1,1
16,21,62,598,3452,407 1,1,1,1,1,1
74,57,11,741,461,7,2622,5,737,656,14,504 1,1,1,1,1,1,1,1,1,1,1,1
11,173,910,5,16,21,15,145,156,5,239,13,62,1094,3,304,3,15,44,2111,310,5,74,57,11,213,3,502,26,1162 1,1,1,1,1,1,1,1,1,1,1,1,1,1,1,1,1,1,1,1,1,1,1,1,1,1,1,1,1,1
214,14,703,97,969,3,741,246,26,240 1,1,1,1,1,1,1,1,1,1
23,114,57,97,743,3,750,26,93 1,1,1,1,1,1,1,1,1
23,140,14,8267,624 1,1,1,1,1
807,6169,851,3,133,1996,135,435,3,148,22078,5,23,386,156,14,125,13,15,702,737,427,1133,1045,7,967,3551 1,1,1,1,1,1,1,1,1,6,6,1,1,1,1,1,1,1,1,1,1,1,1,1,1,1,1
808,339,14,37,6,28,82,170,22079,756,507,10,5325,14,211,19,23,137,39,389 1,1,1,1,1,1,1,1,1,1,1,1,1,1,1,1,1,1,1,1
50,711,465,1175,201,10,86,10,1036,11171,5,308,2733 1,1,1,1,1,1,1,1,1,1,1,1,1
119,740,37,6,137,3360,104,17,15,8266,7,706,14,999,5,50,98,46,1007,201,808,732,1240,12,6,927,37,16,368,31,2971,360,12,6,11172,7,15,2290 1,1,1,1,1,1,1,1,1,1,1,1,1,1,1,1,1,1,1,1,1,1,1,1,1,1,1,1,1,1,1,1,1,1,1,1,1,1
50,46,878,233,7,23,137,1581 1,1,1,1,1,1,1,1
10,527,5,1468,201,66,606,571,1041,8266,7,706,868,6,5195,129,3,119,46,98,3272,3836,58,1222,210,85,15,65,35,60,35,7439,965,1318,10,52,157,58,1222,12,1231,5789,711,15,65 1,1,1,1,1,1,1,1,1,1,1,1,1,1,1,1,1,1,1,1,1,1,1,1,1,1,1,1,1,1,1,1,1,1,1,1,1,1,1,1,1,1,1,1,1
119,2355,223,1244,5,16,146,37,16,21,95,370,6,1512,1244,5,16,21,356,370,6,854,1244 1,1,1,1,1,1,1,1,1,1,1,1,1,1,1,1,1,1,1,1,1,1,1
941,360,17,1301,271,10,1784,12,293,5340,82,198 1,1,1,1,1,1,1,1,1,1,1,1
16,41,96,115,13,1186,19,15,1078,1721,12,320,129,82,85,51,41,732,1186,2110,546,16,387,312,116,7,15,2290,7,23,803 1,1,1,1,1,1,1,1,1,1,1,1,1,1,1,1,1,1,1,1,1,1,1,1,1,1,1,1,1,1,1
684,4,3987,5340,5753,1361,1716,3,2364,509,47,11168,13,1586,641,3,3471,6288,3,107 1,1,1,1,1,1,1,1,1,1,1,1,1,1,1,1,1,1,1,1
22080,250,31,81,43,262,331,250 1,1,1,1,1,1,1,1
