67,54,4,22287,510,331,4,64,14255,591,4836,4,64,2821,22288,584,4836,4,64,9446,22289,763,723,2821,14245,1120,4,2745,1548,519,832,123,3,22290,329,24,58,14256,72,53,2809,4937,1530,404,17,112,4,450,7,3679,1596,340,17,567,373,417,2694,30,4,629,4319,671,1046,15,53,567,3446,12,7373,267,87,525,18,20,221,43,24,451,5,510,10,164 1,1,1,1,1,1,1,1,1,1,1,1,1,1,1,1,1,1,1,1,1,1,1,1,1,1,1,1,1,1,1,1,1,1,1,1,1,1,1,1,1,1,1,1,1,1,1,1,1,1,1,1,1,1,1,1,1,1,1,1,1,1,1,1,1,1,1,1,1,1,1,1,1,1,1,1,1,1,1,1,1,1
12,1306,1000,15,1402,111,15,1537,632,53,567,240,27,625,6745,3,98,202,19,14257 1,1,1,1,1,1,1,1,1,1,1,1,1,1,1,1,1,1,1,1
62,475,1915,7,5309,14258,20,55,12,6,473,6082,2168,7,6,70,567 1,1,1,1,1,1,1,1,1,1,1,1,1,1,1,1,1
19,22291,15,862,7,6,53,567,240,660,2809,4937,1530 1,1,1,1,1,1,1,1,1,1,1,1,1
22292,4491,862,7,6,473,6082,2168,1926,111,344,11215,84 1,1,1,1,1,1,1,1,1,1,1,1,1
19,22293,18,526,15,59,4026,13,11216,638,862 1,1,1,1,1,1,1,1,1,1,1
1704,275,15,2557,123,755,123,22294,2809,4937,1530,3,1616,117,3,13,72,1809,3,22295,3,11216,638,72 1,1,1,1,1,1,1,1,1,1,1,1,1,1,1,1,1,1,1,1,1,1,1,1
18,20,286,510,10,22296,224,5,370,15,420,17,6450,567,10678,5,3679,1596,340 1,1,1,1,1,1,1,1,1,1,1,1,1,1,1,1,1,1,1
694,30,4,369,10,122,1186,17,145,320,129,96,115 1,1,1,1,1,1,1,1,1,1,1,1,1
18,38,96,115,48,689,13,24,451,75,242,31,111,202,7,1353 1,1,1,1,1,1,1,1,1,1,1,1,1,1,1,1
18,14,2922,10,841,40 1,1,1,1,1,1
18,146,18,14,191,60,27,163 1,1,1,1,1,1,1,1
723,740 1,1
16,14,12,6,1178,7,10272,24,163,470,92,14,14259,902 1,1,1,1,1,1,1,1,1,1,1,1,1,1
18,368,1777,2317,5,5869,2317 1,1,1,1,1,1,1
11,301,567,116,3,34,26,174,479,89 1,1,1,1,1,1,1,1,1,1
1402,290,40,129,3,40,14,5501 1,1,1,1,1,1,1,1
18,49,6,5200,105,5,21,55,11,13802,915 1,1,1,1,1,1,1,1,1,1,1
150,30,4,72,17,567,5,3594,373,22297,4,18,14,15,22298,3,22299,121,526,3329,27,440,7950,80,39,30,4,71,324,317,58,9130,391,2710,106,4582,1329,1373,110,4801,4,9432 1,1,1,1,1,1,1,1,1,1,1,1,1,1,1,1,1,1,1,1,1,1,1,1,1,1,1,4,4,4,4,1,1,1,7,1,1,1,1,1,1,1
287,71,322,283,19,70,2637,415,153,22300,817,130,371,4,559,171,42,9440,153,371,22301,2772,111,3094,71,10571,7454,635,2070,854,22302,80,591,30,4,110,53,216,11204,110,4026,5,22303,110,2790,110,3299,187,3721,2507,3494,3,343,13,4721,9437,39,1212,108,22,9,647,45,49,36,8,25,32,5200,9,11205,8,36,22,9,1314,45,49,36,8,25,32,252,9,947,478,8,547,22,9,1026,45,49,36,8,25,32,274,215,22,9,799,45,49,58,8,25,32,2681,965,2873,42,9,3990,965,2873,42,8,58,1318,2530,69,167,512,2576,329,752,487,9,11217,8,36,298,25,305,2655,782,171,22,9,378,568,49,58,8,25,267,1746,32,2125,9,4052,8,3326,45,49,36,45,9,73,8,25,2634,932,382,22,9,549,45,49,58,8,25,32,2424,9,1286,8,108,22,9,647,45,49,36,8,25,69,218,171,22,9,549,45,49,36,8,25,32,1986,36,22,9,1314,45,49,36,8,25,35,496,167,348,501,22,9,846,45,49,36,8,25,175,298,605,3,36,14247,3,58,298,12,744 15,1,1,1,1,1,1,1,1,1,1,1,1,1,1,1,1,1,1,1,1,1,1,1,1,1,1,1,1,1,1,1,1,1,1,1,1,1,1,1,1,1,1,1,1,1,1,1,1,1,1,1,1,1,1,1,1,20,1,1,1,1,1,1,1,1,1,1,1,1,1,1,1,1,1,1,1,1,1,1,1,1,11,1,1,1,1,1,1,1,1,1,1,1,1,1,1,9,1,1,1,1,1,1,1,1,1,1,1,1,1,1,1,1,1,1,1,1,1,1,1,1,1,1,1,1,1,1,1,1,1,1,1,1,1,1,1,1,1,1,1,1,1,1,1,1,1,1,1,1,1,1,1,1,1,1,1,1,1,1,1,1,1,1,1,1,1,1,1,1,1,1,1,1,21,1,1,1,1,1,1,1,1,1,1,1,1,1,13,1,1,1,1,1,1,1,1,1,1,1,1,1,1,1,1,1,1,1,1,1,1,1,17,1,1,1,1,1,1,1,1,1,1,1,1,1,1,1,1,1,1,1,1
906,36,298,25,32,1118,125,22,9,125,22,45,609,49,36,8,25,32,736,171,22,9,549,45,49,36,8,25,276,1126,3665,628,9,2158,3665,628,8,501,22,9,846,45,49,36,8,25,2322,167,34,127,4,790 1,1,1,1,1,1,1,1,1,1,1,1,1,1,1,1,1,1,12,1,1,1,1,1,1,1,1,1,1,1,1,1,1,1,1,1,1,1,1,1,1,1,1,1,1,1,1,1,1,1,1,1
206,30,4,6,28,14,2306,5,245,12,11208,1272 1,1,1,1,1,1,1,1,1,1,1,1
18,38,15,4321,13,15,1329,1887,121,526,7333,27,6,2891,22304,124,5,866,583 1,1,1,1,1,1,1,1,1,1,1,1,1,1,1,1,1,1,1
24,1037,583 1,1,1
18,21,108,245,727 1,1,1,1,1
18,334,238,1711,12,1361,7,3225,5,90,145,541,157 1,5,5,5,5,5,5,5,1,1,1,1,1
579,4,1063,745,28,82,3856,406,140,1001 1,1,1,1,1,1,1,1,1,1
11,249,26,459 1,1,1,1
11,301,22305,567,34,3,3446,3,261,26,2475 1,1,1,1,1,1,1,1,1,1,1
11,291,34 1,1,1
11,22306,261,26,432,11,618,116 1,1,1,1,1,1,1,1
11,93 1,1
102,77,4,316,205,148,22307,59,303,3,716,680,3,1207,4835,719,3,655,2401,948,2049 1,1,1,1,1,1,1,1,1,1,1,1,1,1,1,1,1,1,1,1,1
14260,12,133,983,1247,34,444,9,3988,8,519,590,9,3988,8,519,814,56,3457,3,3566,3,480,227,4,665,3,1124,797,3,2638,1709,136,4,332,3,11,309 1,1,1,1,1,1,1,1,1,1,1,1,1,1,1,1,1,1,1,1,1,1,1,1,1,1,1,1,1,1,1,1,1,1,1,1,1,1
1213,4,1304,3,11,7455,567,4,70,567,21,11,2199,240,3,2200,193 1,1,1,1,1,1,1,1,1,1,1,1,1,1,1,1,1
6,53,567,14,4432,5,21,15,60,1064,1615,3,2200,14,72 1,1,1,1,1,1,1,1,1,1,1,1,1,1,1
11,2199,240,3,22308,12,194,2168 1,1,1,1,1,1,1,1
11,1963,196,243 1,1,1,1
644,4,455,3,304,3,310,3,11,3320,188,4,11,1044,26,690,246,362,4,152,3,952,3,1465,3,3640,588,3,11,969,857,531,4,1032,217,29,11,1379,196,4,617,3,683,3,11,277,26,243,339,5,104,4,1195,645,1596,2047,567,373,3,19,3679,1596,340,13,22309 1,1,1,1,1,1,1,1,1,1,1,1,1,1,1,1,1,1,1,1,1,1,1,1,1,1,1,1,1,1,1,1,1,1,1,1,1,1,1,1,1,1,1,1,1,1,1,1,1,1,1,1,1,1,1,1,1,1,1,1,1,1,1,1,1
81,24,96,115,503,4,160,229,22310,12,1062,22311,48,22312,135,64,14255,134,160 1,1,1,1,1,1,1,1,1,1,1,1,1,1,1,1,1,1,1
28,5,24,723,731,10,454,12,6,2521,13,88,475,664,26,479 1,1,1,1,1,1,1,1,1,1,1,1,1,1,1,1
