69,49,4,19235,325,4863,605,99,9,12633,12634,8,414,8370,12635,512,46,19236,49,7,141,4,1091,1865,2,3113,1724,4,19237,3745,440,4,5930,12636,384,4,1909,292,345,1590,1055,2,254,13,734,1277,7,44,34,191,6,78,3063,123 1,1,1,1,1,1,1,1,1,1,1,1,1,1,1,1,1,1,1,1,1,1,1,1,1,1,1,1,1,1,1,1,1,1,1,1,1,1,1,8,8,1,16,1,1,1,1,17,17,17,17,17,17,17
234,4,1909,292,345,9,4430,4,1590,1055,2,116,2,565,8,156,13,3063,123,7,734,44,34 1,1,1,1,1,1,1,1,8,8,1,10,1,24,1,1,1,17,17,17,17,17,17
29,267,37,16,1220,460,34,27,6,157,1494,2027,2,11,993,3063,123,146 1,1,1,1,1,1,1,1,1,1,1,1,1,1,1,1,1,1
29,7071,151,34,962,1220 1,1,1,1,1,1
29,1185,19238,34,2,1929,34,37,549,621,2813,34 1,1,1,1,1,1,1,1,1,1,1,1
962,2716,17,606 1,1,1,1
34,1493,5,1007,86,87,8092,13,996 1,1,1,1,1,1,1,1,1
534,264,12,1277,5,3043,191,6,123 1,1,1,1,1,1,1,1,1
352,222,31,3481,24,34,5,20,382,10,5587,2003,4365,7,1965,86,1684,7,115 1,1,1,1,1,1,1,1,1,1,1,1,1,1,1,1,1,1,1
34,21,61,734,12,3043,191,6,78,3063,123 1,1,1,1,1,1,1,1,1,1,1
34,1795,12637,5,29,2726,658,10,4216 1,1,1,1,1,1,1,1,1
64,222,31,50,87,90,2481,74,2,124,219,3030,2,652,2,5,211 1,1,1,1,1,1,1,1,1,1,21,21,1,1,1,1,11
1121,42,4216,1724,5,1086,10,6991,1556,17,241,1243 1,1,1,1,1,1,1,1,1,1,1,1
64,39,1084,34,78,4053,5,35,200,146,434,748,100,19239,8371,3854,1066,579,2754,2,19240,9196,2,11,1608,4119,637,4,1957,132,1137,332,2,103,54,3577,2,4957,993,70,1018,335,2,127,2,11,120,2,252,940,2,103,54,754,3074,162,257,4,737,1674,33,230,3315,33,192,4,747,1100,4,295,19,24,2248,2,1109,10,55,8372,19241,2,284,1854,200,30,706,564,159,146,2,994,2,31,924,2,11,840,2,26,430,990,4,477,5,603,587,7,371,74,27,439,1529,5,546,362,2440,523,93,73,4,973,4,276,6344,111,19242,284,492,1909,574,564,1048,1204,41,19,628,759,4,436,202,4,1623,2,725,2,4148 1,1,1,1,1,1,1,1,1,1,1,1,1,1,1,1,1,1,1,1,1,1,1,1,1,1,1,1,1,1,1,1,1,1,1,1,1,1,1,1,1,1,1,10,1,1,1,1,1,1,1,1,1,1,1,1,1,1,23,1,1,7,1,1,1,1,1,1,1,1,1,1,1,1,1,1,1,1,1,1,1,1,1,1,1,1,1,1,1,1,1,1,1,1,1,1,1,1,1,1,1,1,1,1,1,1,1,1,1,1,1,1,1,1,1,1,1,1,1,1,1,1,1,1,1,1,1,1,1,1,1,1,1,1,1,1,1,1,1,1,1,1,1,1,1
570 1
11,7311,2,966,174,1504,112,4,330,2,875,2,275,1596,2,487,43,226,4,745,1203,694,4,1714,2,1268,2,11,1058,340,4,133,2,978,2,4341,8373,4,43,812,1419,2,11,577,12,6401,2025,4,11,1505,171,967,74,1203,323,4,4928,2,916,324,2056,4,357,397,3016,9,1298,8,294,357,633,2034,9,1259,8,294,357,749,2621,9,1299,8,294,357,1688,1689,12638,54,9,1420,8,294,442,3347,9,1482,8,169,1531,2057,9,1727,8,169,1042,1624,9,1690,8,1421,357,1873,2083,1212,72,9,1300,8,169,357,331,2987,72,9,1586,8,169,357,358,3657,9,1354,8,169,2446,2501,72,9,3890,8,3891,2309,2554,9,3892,8,3893,1103,1096,3378,19243,72,9,2550,8,1245,1700,1891,1475,8374,72,9,3186,8,41,2288,12639,72,9,2551,8,1245,1103,1096,19244,72,9,4068,8,612,2244,4,298,6449,9,1260,8,398,266,8375,54,9,1969,8,41,458,4251,54,9,2216,8,1399,615,12640,54,9,2326,8,1779,443,3364,9,1507,8,1301,530,1470,9,1340,8,1141,665,6309,9,1448,8,1561,698,7318,9,1449,8,550,666,4974,9,1383,8,41,1430,64,3667,72,9,3185,8,1057,1430,1046,1571,1046,2627,53,6144,316,17,1855,5619,364 1,1,1,1,1,1,1,1,1,1,1,1,1,1,1,1,1,1,1,1,1,1,1,1,1,1,1,1,1,1,1,1,1,1,1,1,1,1,1,1,1,1,1,1,1,1,1,1,1,1,1,1,1,1,1,1,1,1,1,1,1,1,1,1,1,1,1,1,1,1,1,1,1,1,1,1,1,1,1,1,1,1,1,1,1,1,1,1,1,1,1,1,1,1,1,1,1,1,1,1,1,1,1,1,1,1,1,1,1,1,1,1,1,1,1,1,1,1,1,1,1,1,1,1,1,1,1,1,1,1,1,1,1,1,1,1,1,1,1,1,1,1,1,1,1,1,1,1,1,1,1,1,1,1,1,1,1,1,1,1,1,1,1,1,1,1,1,1,1,1,1,1,1,1,1,1,1,1,1,1,1,1,1,1,1,1,1,1,1,1,1,1,1,1,1,1,1,1,1,1,1,1,1,1,1,1,1,1,1,1,1,1,1,1,1,1,1,1,1,1,1,1,1,1,1,1,1,1,1,1,1,1,1,1,1,1,1,1,1,1,1,1,1,1,1,1,1,1,1,1,1,1,1,1,1,1,1,1,1
1430,2165,5315,9,2969,8,1057,464,4,4164,1796,12606,118,1118,2,149,383,343,9541,355,90,4150,147,4,307,147,3570,764,1529,1823,43,1000,2,43,1950,2,3781,2,513,12,1088,2,3997,276,1672,4849,307,12,6886,2,47,2535,2,3736,147,27,4216,4,19245,19246,764,2,3781,2,43,1950,2,5329,2070,12,2717,2489,2,513,74,12,2695,2,2696,19,141,10,1556,4,764,1390,1823,2,3781,2,43,1000,2,43,1950,2,513,74,12,2695,2696,2,280,3017,2070,12,47,2,2535,2,591,2,1663,2,3629,28,280,5329,2070,12,2717,2489,28,280,12641,2481,12,2849,2,157,2240,1511,11,2982,12,2696,3629,9569,4,1909,292,345,13,9,4430,4,1590,1055,2,116,8,279,13,1966,13,218,1006,76,2,1628,124,19247,1819,7,115,114,4,161,313,36,29,34,739,70,110,710,652,2,211,2,2399,12642,2,1226,2,2552,1918,124,1630,2,103,2308,2709,7,19248,119,58,3745,842,1752,785,2,344,783,5,867,74,2,783,3396,7,132,353,5,90,91,1588,191,6,78,451,123,1050,155,797,945,2,2821,1773,114,10,1418,10,429,282,1775,2,1222,78,3863,165,1808,710,2183,10,433,221,704,297,429,119,58,3745,842,176,50,149,1369,79,19,464,278,2,1737,479,3972,86,359,7,353,186,1630,56,103,54,3577,5,157,132,993,364,2,5,993,10,4957,710,4007,2,219,2559,3018,9989,12633,96 1,1,1,1,1,1,1,1,1,1,1,1,1,1,1,1,1,1,1,1,1,1,1,1,1,1,1,1,1,1,1,1,1,1,1,1,1,1,1,1,1,1,1,1,1,1,1,1,1,1,1,1,1,1,1,1,1,1,1,1,1,1,1,1,1,1,1,1,1,1,1,1,1,1,1,1,1,1,1,1,1,1,1,1,1,1,1,1,1,1,1,1,1,1,1,1,1,1,1,1,1,1,1,1,1,1,1,1,1,1,1,1,1,1,1,1,1,1,1,1,1,1,1,1,1,1,1,1,1,1,1,1,1,1,1,1,1,1,1,1,1,1,1,1,1,1,8,8,1,10,1,1,1,3,1,1,1,1,1,1,1,1,1,1,1,1,1,1,1,1,1,1,1,1,1,1,1,1,11,1,1,1,1,1,1,1,1,1,1,1,1,1,1,1,1,1,1,1,1,1,1,1,1,1,1,1,1,1,1,1,1,1,1,1,1,1,1,1,1,1,1,1,1,1,1,1,1,1,1,1,1,1,1,1,1,1,1,1,1,1,1,1,1,1,1,1,1,1,1,1,1,1,1,1,1,1,1,1,1,1,1,1,1,1,1,1,1,1,1,1,1,1,1,1,1,1,1,1,1,1,1,1,1,1,1,1,1,1,1,1,1,1,1,1,1
8376,12634 1,1
