67,54,4,22523,316,205,148,8305,3,1207,4278,719,3,655,4770,948,440,22524,1578,87,302,522,61,10,513,95,124,17,181,1617 1,1,1,1,1,1,1,1,1,1,1,1,1,1,1,1,1,1,1,1,1,1,1,1,1,1,1,1,1,1
90,48,34,3,307,3,51,14,1204,34,27,6,1192,7,6,1489,5206,17,24,1617,5,251,849 1,1,1,1,1,1,1,1,1,1,1,1,1,1,1,1,1,1,1,1,1,1,1
6,34,14,470,1610,37,18,368,31,1210,5,321,17,1810,306,15,493,435 1,1,1,1,1,1,1,1,1,1,1,1,1,1,1,1,1,1
74,14,11,3167,27,6,1192,3,51,6,34,14,15,1414,34,33,35,134,3881,22525,541,19,6,2899 1,1,1,1,1,1,1,1,1,1,1,1,1,1,1,1,1,1,1,1,1,1,1,1
34,1863,467,6,70,248,598,190,453,12,394,3762,186,321,17,15,916,3431,49,39,35,496,51,21,31,68,449,10,299,24,2877,10,5420,17,2415 1,1,1,1,1,1,1,1,1,1,1,1,1,1,1,1,1,1,1,1,1,1,1,1,1,1,1,1,1,1,1,1,1,1,1
49,218,33,11,263 1,13,1,1,1
9,38,15,263,13,1807,12,6,80,8,701,35,55,480,216,217,675,48,91,10,7467 1,1,1,1,1,1,1,1,1,1,1,1,1,1,1,1,1,1,1,1,1
716,625,103,44,2744,11,11246,523,586,1752,114,11,330,93,1032,5,79,296,100,1104,246,27,70,562,120,3,1039,548,5725,10,834,6,453,1783,11,3181,3,633,1799,3,4643,81,233,532,66,95,124,192,33,612,161,33,211,1593,330,120,76,104,1512,1244,135,2178,2678,8306,7,2415,17,320,113 1,1,1,1,1,1,1,1,1,1,1,1,1,1,1,1,1,1,1,1,1,1,1,1,1,1,1,1,1,1,1,1,1,1,1,1,1,1,1,1,1,1,1,1,1,1,1,1,1,1,1,1,1,1,1,1,1,1,1,1,1,1,1,1,1,1,1,1,1
41,144,772,520,5,2680 1,1,1,1,1,1
134,915,3,41,732,24,2877,17,169,7279,3771,120,264,7,194,114,86,389,135,39,1003,1501,22526,3406,17,285,3189,9464,3,229 1,1,1,1,1,1,1,1,1,1,1,1,1,1,1,1,1,1,1,1,1,1,1,1,1,1,1,1,1,1
