69,49,4,19389,12687,562,3356,4518,19390,2038,19391,1083,4163,2,5807,10017,2,6271,19392,19393,9,5206,8,19394,10018,38,29,20,201,12,3396,13,58,19395,9717 18,1,1,1,1,1,1,1,1,1,1,1,1,1,1,1,1,1,1,1,1,1,1,1,1,1,1,1,1,1,1,1,1,1,1
24,99,7333,1082,757,242,5,114 1,1,1,1,1,1,1,1
30,7,156,360,4,1924,2,552,12693,14,15,10019,528,13,81,2,127,2,789,2,104,21,334,164,143,76 1,1,1,1,1,1,1,1,1,1,1,1,1,1,4,1,10,1,16,1,1,1,1,9,9,9
18,39,63,352,215,12,2682,17,106,5889,115,2,71,20,318,2,5,4543,10,91,561 1,1,1,2,2,2,2,2,2,2,2,2,2,2,2,1,1,2,2,2,2
38,561,604,284,41,269,505,2,196,41,523,3069,2,284,41,602,2,5,15,546,41,2032,505 2,2,2,2,2,2,2,2,2,2,2,2,2,2,2,2,2,2,2,2,2,2,2
18,20,3180,19,89,583,13,451,115 1,1,1,1,1,1,1,1,1
18,21,61,1376,10,961,65,507,308 1,1,1,1,1,1,1,1,1
18,21,667,6,97,223,533,734,115,13,839,639 1,1,1,1,1,1,1,1,1,1,1,1
18,543,15,415,215,12,71,18,20,382,10,352,17,259,606,5,903,2219,19,6,2268,1811 1,1,1,1,1,1,1,1,1,1,1,1,1,1,1,1,1,1,1,1,1,1
18,6326,1993,41,7,19396,3812,118,145 1,1,1,1,1,1,1,1,1
27,183,606,2,18,533,51,675,518,1636,2579,12,6,794,1511,627,13,44,422 1,1,1,1,1,1,1,1,1,1,1,1,1,1,1,1,1,1,1
18,14,15,5889,3444,2,48,21,31,39,90,468,3293,115 1,1,1,1,1,1,1,1,1,1,1,1,1,1
93,122,4,19,93,122,2,18,14,829,463,769,528 1,1,1,1,1,1,1,1,1,1,24,1,1
18,21,11,1078,580,1386 1,1,1,1,1,1
23,625,53,171 1,1,1,1
23,118,482,43,246,5,253 1,1,1,1,1,1,1
68,14,15,1812,4634,417,27,6,1709 1,1,1,1,1,1,1,1,1
226,53,90 1,1,1
187,14,599 1,1,1
217,1035,11,673,26,79 1,1,1,1,1,1
1322,482,43,399,212,2,43,1000,5,1950 1,1,1,1,1,1,1,1,1,1
68,14,11,160,7,313,26,743 1,1,1,1,1,1,1,1
242,4,552,12693,14,15,10020,381,407,13,1387,3293,115,13,334,634,7334,164,143,76,65,183,159,146,13,27,1502,634,328,2,318,415,215 1,1,1,1,1,1,1,4,1,1,1,1,1,1,1,1,1,9,9,9,1,1,1,1,1,1,1,1,1,1,1,1,1
117,1979,13,58,9717,2,1082,114,40,55,126,23,19,172,2,3015,2,5,15,3451,1047,1836,814,23,322 1,1,1,1,1,1,1,1,1,1,1,1,1,11,1,4,1,1,1,1,1,1,1,1,1
18,3470,10,60,15,8307,2578,239,10,498,1446,13,2297 1,1,1,1,1,1,1,1,1,1,1,1,1
18,40,55,926,17,91,561,667,6,400,363,123,13,15,913,10,419,7785,23,164,3311,17,6,1754,7,3002,164,1388,2177,91,703,162 1,1,1,1,1,1,1,1,1,1,1,1,1,1,1,1,1,1,1,1,1,1,1,1,1,1,1,1,1,1,1,1
526,10021,8390,2,195,597,42,4,10021,8390,813,19397,7921,800,4,10018,827,4,19398,818,4,10018 1,1,1,1,1,1,1,1,1,1,1,1,1,1,1,1,1,1,1,1,1,1
