69,49,4,19427,49,12709,95,19428,2756,3434,141,99,29,4,4725,7336,89,69,1316,4,19429,3360,2356,674,4,19430,49,7,141,4,12709,240,312,4,4420,12710,440,4,3941,8395,9,1824,12697,8,715,139,4,275,1228,4,29,773,10,881,30,3730,7,972,139,2,89,69,2778,4,12711,216,3746,2,560,4805,2,279,103,91,1526 1,1,1,1,1,1,1,1,1,1,1,1,1,1,1,1,1,1,1,1,1,1,1,1,1,1,1,1,1,1,1,1,1,1,1,1,1,1,1,1,1,1,1,1,1,1,1,1,1,1,1,1,1,1,1,1,1,1,1,1,1,1,1,1,1,1,1,1,1,1,1,1,1,3,3
30,7,156,360,4,119,19431,224,144,1276,2,6,29,20,265,19,19432,117,19433,12,6,6258 1,1,1,1,1,1,1,1,1,1,1,1,1,1,1,1,1,1,1,1,1,1
24,488,95,423,14,884,2,48,6,29,39,63,12712,6327,5,16,20,10031,1832 1,1,1,1,1,1,1,1,1,1,1,1,1,1,1,1,1,1,1
151,12713,2418,2,648,514,6,29,10,55,12,3291,174,19434,1417 1,1,1,1,1,1,1,1,1,1,1,1,1,1,1
19435,20,6327,5,16,20,10031,1094 1,1,1,1,1,1,1,1
117,6,3253,9108,2,6,29,3082,5,20,12,764 1,1,1,1,1,1,1,1,1,1,1,1
6,29,519,31,2570,87,7,6,2192 1,1,1,1,1,1,1,1,1
27,19436,2,20,2062,185,5,222,31,50,15,2033,7,3212,2690 1,1,1,1,1,1,1,1,1,1,1,1,1,1,1
24,147,227,1846,4849 1,1,1,1,1
24,4045,1007,65,19437,2,867,19438,174,3436,1537,9,275,489,2627,31,1509,8 1,1,1,1,1,1,1,1,1,1,1,1,1,1,1,1,1,1
1194,227,2250,1105,496,174,585,154,41,2,174,1424,1424,12714 1,1,1,1,1,1,1,1,1,1,1,1,1,1
392,205,20,66,17,180,1460 1,1,1,1,1,1,1
24,972,139,1164,2252,4584,4168 1,1,1,1,1,1,1
16,20,514,10,50,15,796,5,480,13,12715 1,1,1,1,1,1,1,1,1,1,1
24,4583,129,480,13,2212,219,2,8396,10,25 1,1,1,1,1,1,1,1,1,1,1
16,20,1086,10,5061,17,91,561 1,1,1,1,1,1,1,1
163,7,213,4,9876,576,10,972,139 1,1,1,1,1,1,1,1,1
78,3828,30,4,789,127,3746,216,1138,3457,1194,152,12,5397,415,152,12,5397,137,4,747,77,27,140,4,172,925,33,669,768,33,210,491,33,1227,7339,33,2941,314,77,19,1480,4,2212,6200,59,172,925,33,2927,3258,33,3390,3021,33,2990,626,33,556,626,59,1286,1456,5064,138,1292,5064,138,179,30,4,295,1310,1881,4,706,10032,158,430,4,847,2053,4,905,128,30,4,661,4,905,600,4,216,371,93,122,4,759,4,5474,2,3318,5941,174,4709,12716,2,8397,106,1135,2,48,31,214,4160,2,1417,27,105,2,829,10033,638,4,276,2791,289,1516,111,6238,574,105,3247,1347,41,1391,202,4,11975,19439,2,487,27,1502,19440,1369,4,856,2,634,662,1129,623,4,5942,2,135,2,246,5,253,43,2,11,387,340,4,133,2,10034 1,1,1,1,16,10,1,1,1,1,1,1,1,1,1,1,1,1,1,1,1,1,1,1,1,11,1,1,25,1,1,12,1,1,1,1,1,1,1,1,1,1,1,1,1,1,11,1,1,1,1,1,1,1,1,1,1,1,7,1,1,1,1,1,1,1,1,1,1,1,1,1,1,8,8,8,8,8,1,1,1,1,1,1,1,1,1,1,1,1,1,1,1,1,1,1,1,1,1,1,1,1,1,1,1,1,1,1,1,1,1,1,1,1,1,1,1,1,1,1,1,1,1,1,1,1,1,1,1,1,1,1,1,1,1,1,1,1,1,1,1,1,1,1,1,1,1,1,1,1,1,1,1,1,1,1,1,1,1,1,1,1,1,1,1,1,1,1,1,1
558,529,516,4,11,1505,2,4608,171 1,1,1,1,1,1,1,1,1
582,243,863,2,11,229 1,1,1,1,1,1
323,4,916,15,75,19441 1,1,1,1,1,1
4700,2,5941 1,1,1
3239,149,54,2240,2586,2,4291,1444,863 1,1,1,1,1,1,1,1,1
731,2889,183,217,9756 1,1,1,1,1
181,4,11,484,2,199,181,3727,467,4,649,4627,9,72,8,524,2200,824,5047,9,72,8,689,6397,379,2372,9,72,8,804,1792,770,2374,335,4116,1178,3099,22,2644,935,1710,1712,1435,1437,2985,1434,1747,1830,2057,3100,11719,9,72,8,1465,1200,1438,1439,1497,2141,867,2197,1330,5943,4014,3687,9,72,8,2986,6964,9,72,8,298,6402,615,19442,9,54,8,458,4072,9,54,8,266,7871,9,54,8,530,1987,665,6309,698,5618,443,19443,9,72,8,666,6998,9,72,8,2914,431,1081,1049,41,1753,1049,41,897,1049,41,1637,1049,41,732,1049,41,1675,1049,2584,1049,2585,1049,2661,1049,2662,1049,2663,1049,1513,1049,1458,1049,2664,1049,2130,1049,64,10035,9,2488,8,1046,1624,1069,19444,9,72,8,19445,9,2488,8,2456,12717,3251,4892,2194,66,2676,66,2443,66,2747,19446,2136,617,1679,2635,2677,395,3034,66,2195,66,1793,66,5311,1500,4060,4384,6999,2939,3370,4384,3230,4384,3511,634,3683,634,147,7861,27,19447,2,513,12,3330,2,19448,2,52,1000,2,1846,12,4849,2,280,65,498 1,1,1,1,1,1,1,1,1,1,1,1,1,1,1,1,1,1,1,1,1,1,1,1,1,1,1,1,1,1,1,1,1,1,1,1,1,1,1,1,1,1,1,1,1,1,1,1,1,1,1,1,1,1,1,1,1,1,1,1,1,1,1,1,1,1,1,1,1,1,1,1,1,1,1,1,1,1,1,1,1,1,1,1,1,1,1,1,1,1,1,1,1,1,1,1,1,1,1,1,1,1,1,1,1,1,1,1,1,1,1,1,1,1,1,1,1,1,1,1,1,1,1,1,1,1,1,1,1,1,1,1,1,1,1,1,1,1,1,1,1,1,1,1,1,1,1,1,1,1,1,1,1,1,1,1,1,1,1,1,1,1,1,1,1,1,1,1,1,1,1,1,1,1,1,1,1,1,1,1,1,1,1,1,1,1,1,1,1,1,1,1,1,1,1,1,1,1,1,1,1,1,1,1,1,1,1,1,1,1,1,1,1,1,1,1,1,1,1
7340,19449,9,11620,6378,8,464,1790,91,5316,2,54,4169,2557 1,1,1,1,1,1,1,1,1,1,1,1,1,1
3578,4,12711,216,12718,2,3746,2,560,4805,279,103,3291,1526,2,1966,2,6932 1,1,1,1,1,1,1,1,1,1,1,3,3,3,1,3,1,1
29,218,39,958,7341 1,1,1,1,1
119,1777,1276,2,6,29,113,31,2707,10,50,2742,996,7,24,180,164,740 1,1,1,1,1,1,1,1,1,1,1,1,1,1,1,1,1,1
24,972,139,589,10,55,657,2,5,14,218,4380,28,784,6511,14,37,16,113,50,106,542,7,10036,1319,1219,32,6,2617,1994 1,1,1,1,1,1,1,1,1,1,1,1,1,1,1,1,1,1,1,1,1,1,1,1,1,1,1,1,1,1
1966,4,1222,289,3863,17,91,429,12,221 3,1,1,1,1,1,1,1,1,1
29,31,382,10,2989,27,38,845,2,5,113,31,50,87,90,128,3108,37,319,273,38,17,170 1,1,1,1,1,1,1,1,1,1,1,1,1,1,1,1,1,1,1,1,1,1,1
40,207,24,972,139,73 1,1,1,1,1,1
12036,2,556,2,210,2,652,219 1,1,7,1,12,1,1,1
19450,1495,1918,151,16,14,290,25,62,5,108,4609,301,241,4495 1,1,1,1,1,1,1,1,1,1,1,1,1,1,1
19451,17,132,1210 1,1,1,1
19452,328,811,2,155,374 1,1,1,1,1,1
103,3291,1526,4,218,12,6,644,7,1966,5240,32,256 3,3,3,1,1,1,1,1,1,3,1,1,1
19453,7340,3203,5585,219,3438 1,1,1,1,1,1
1126,2212,25,3438 1,1,1,1
108,2892,505,2,218,319,855 1,1,1,1,1,1,1
6932,4,10036,1319,1219,28,231,10037,218,65,2879 1,1,1,1,1,1,1,1,1,1,1
19454,949,1524,12719,205,19455,140,2941 1,1,1,1,1,1,1,1
4434,138 1,1
19456,4,113,31,50,182,309,30 1,1,8,8,8,8,8,8
314,2235,638,91,1106,19457,3556,1488,2,5,138 1,1,1,1,1,1,1,1,1,1,1
19458,5944,19459,408,7,1337,28,12715,532,19460 1,1,1,1,1,1,1,1,1,1
421,4,149,353,7015,19461,1519 1,1,1,1,1,1,1
913,7342,19462,7343,331,2,32,16,1249,12007,27,1986 1,1,1,1,1,1,1,1,1,1,1,1
2031,4,155,389,1218,2009,4,1222,434,5474 1,1,1,1,1,1,1,1,1,1
355,2,252,19463,2,11,1704,2236 1,1,1,1,1,1,1,1
3772,4,19,652,219 1,1,1,1,1
715,4,275,9,29,319,31,5945,17,2272,8,3092,4,64,2,4976,2,19464,1906,19465,12720,2,195,705,4,46,19466 1,1,1,1,1,1,1,1,1,1,1,1,1,1,1,1,1,1,1,1,1,1,1,1,1,1,1
