69,49,4,19413,414,4,7336,2,4725,485,4,12700,2321,4,19414,30,7,156,360,4,3456,762,104,279,17,93,73 1,1,1,1,1,1,1,1,1,1,1,1,1,1,1,1,1,1,1,1,1,1,1,1,1,1,1
2555,2,16,14,105,606,2061,17,24,154,1409,1207,5,32,1155,2,1082,101,14,1039,11180 1,1,1,1,1,1,1,1,1,1,1,1,1,1,1,1,1,1,1,1,1
16,589,10,60,192,7,24,77,13,199,2577 1,1,1,1,1,1,1,1,1,1,1
88,272,2,402,2,596,2,469,2,44,34,26,255,7,194 1,1,1,1,1,1,1,1,1,1,1,1,1,1,1
288,1121,119,6541,5,1188,505,166,10,55,15,7194,19415,8393 1,1,1,1,1,1,1,1,1,1,1,1,1,1
88,44,34,2,255,7,194,2,263,34,26,5062 1,1,1,1,1,1,1,1,1,1,1,1
163,7,213,14,355,66 1,1,1,1,1,1
78,89,30,4,231,119,2116 1,1,1,1,1,1,1
77,4,231,119,2116 1,1,1,1,1
137,4,11,334,624,137 1,1,1,1,1,1
179,30,4,1616 1,1,1,1
295,6546,27,6,19416,2703,140 1,1,1,1,1,1,1
88,6,245,7,671,2,554,26,150,3865,840 1,1,1,1,1,1,1,1,1,1,1
281,19,3926 1,1,1
11,671,98,35,200 8,8,8,8,8
128,30,4,603,4,164,143,76 1,1,1,1,1,1,1,1
93,73,4,12,11,180,326 1,1,1,1,1,1,1
67,94,4,12701 1,1,1,1
121,14,12702,296,14,368,5,135 1,1,1,1,1,1,1,1
202,4,1237,1025,2,1967,2,1221,10,688 1,1,1,1,1,1,1,1,1,1
2285,6190,53,175 1,1,1,1
19417,73,14,86,8202,2,19418,26,2597 1,1,1,1,1,1,1,1,1
2583,4,1884,7337,5792,14,90 1,1,1,1,1,1,1
5940,1405,53,12703,7317,13,199,688,2951 1,1,1,1,1,1,1,1,1
112,4,330,86,920,2,780,26,846 1,1,1,1,1,1,1,1,1
91,73,4,135,145,5,212,2,43,246,2,253,86,387,2,711,26,766 1,1,1,1,1,1,1,1,1,1,1,1,1,1,1,1,1,1
897,799,4,11,1613,26,2133,780,14,1139 1,1,1,1,1,1,1,1,1,1
187,4,463,2,375,2,11,953,14,166 1,1,1,1,1,1,1,1,1,1
181,4,306,9413,53,166 1,1,1,1,1,1
306,688,2724,12704,53,166,13,19419,893,53,166,13,4525,7320 1,1,1,1,1,1,1,1,1,1,1,1,1,1
182,1676,12705,7812,191,6,1444,2,1013,6,2583,5,12,6,10027,8394,557,13,4525,3625 1,1,1,1,1,1,1,1,1,1,1,1,1,1,1,1,1,1,1,1
869,12,1118,12,1947,2,15,259,98,259,675,2,19420,8265,19421,12,6,52,10027,12706 1,1,1,1,1,1,1,1,1,1,1,1,1,1,1,1,1,1,1,1
242,5,114,4,9,35,8,3456,762,13,188,3746,2,185,19,24,231,77 1,1,1,1,1,1,1,1,1,1,1,1,1,1,1,1,1,1
97,367,20,57,667,43,1238 1,1,1,1,1,1,1
40,155,797,367,5,902,496,968,12,15,207,100,1207,12,153,376 1,1,1,1,1,1,1,1,1,1,1,1,1,1,1,1
9,51,8,13,2834,10,24,181,571,2,16,14,110,453,42,6541,5,14,537,480,17,24,4525,3625 1,1,1,1,1,1,1,1,1,1,1,1,1,1,1,1,1,1,1,1,1,1,1,1
9,102,8,424,203,927,4,3484,3345,14,724 1,1,1,1,1,1,1,1,1,1,1
577,1132,2211,53,718 1,1,1,1,1
6,29,14,1428,10,19422,12,264,352 1,1,1,1,1,1,1,1,1
92,40,991,24,93,27,24,207,100,1207,12,153,376 1,1,1,1,1,1,1,1,1,1,1,1,1
3941,1773,10026,2,96 1,1,1,1,1
19423 1
