69,49,4,19546,1091,564,2,2547,4675,5366,2,96 18,1,1,1,1,1,1,1,1,1,1,1
4435,4977,1287,538,19547,12759,1411,10052,2,2343,12760,536,4,5476,1935,512,46,5946,828,58,5366,2,92,39,6,19548,7,930,1034,29,2,1256,5476,1935,2,12,6,132,3137,308,19,1091,564,2,7353,92,40,31,540,23,30,32,329,871,84,57 1,1,1,1,1,1,1,1,1,1,1,1,1,1,1,1,1,1,1,1,1,1,1,1,1,1,1,1,1,1,1,1,1,1,1,1,1,1,1,1,1,1,1,1,1,1,1,1,1,1,1,1,1,1,1,1
191,6,78,497,198,1256,1935,21,3912,7,734,713,2,1625,2538,268,271,579,697,119,420,2,10000,5,1839,7,6,3796,5,853 1,1,1,1,1,1,1,1,1,1,1,1,1,1,1,1,1,1,1,1,1,1,1,1,1,1,1,1,1,1
18,21,3180,15,1961,199,1077,5,88,272,2,402,26,255,7,194 1,1,1,1,1,1,1,1,1,1,1,1,1,1,1,1
63,12755,5360,215,1156,19,1326,788,2,2140,604,15,12761,19549,145,7,647,109,1496,119,1409,2,3925,6793,274,7,132,496 1,1,1,1,1,1,1,1,1,1,1,1,1,1,1,1,1,1,1,1,1,1,1,1,1,1,1,1
19,93,122,80,23,121,14,12762,10048,26,10053,643 1,1,1,1,1,1,1,1,1,1,1,1
67,94,14,4540,2,296,14,368,5,135 5,5,5,5,1,1,1,1,1,1
6,226,53,90 1,1,1,1
68,14,11,336,79 1,1,1,1,1
428,2,68,1959,5300,2498 1,1,1,1,1,1
1170,1172,121,274,2,1256,1935,2762,37,18,21,2476,1188,5,263,2471,32,57,32,1188,3579,191,6,78,363,198 1,1,1,1,1,1,1,1,1,1,1,1,1,1,1,1,1,1,1,1,1,1,1,1,1,1
12,1246,2,1256,1935,479,10,55,4137,859,115,7,6554 1,1,1,1,1,1,1,1,1,1,1,1,1
124,23,4726,8291,92,2242,37,18,454,2110,6553,7,63,7972,2199,393,37,18,176,247,964,667,6,400,363,198 1,1,1,1,1,1,1,1,1,1,1,1,1,1,1,1,1,1,1,1,1,1,1,1,1,1
92,50,3355,10,887,23,2868,80 1,1,1,1,1,1,1,1
92,209,85,1491,37,18,2110,540,500,100,17,23,5300,2498 1,1,1,1,1,1,1,1,1,1,1,1,1,1
598,132,353,176,19550,12763,2852,5,176,19551,847,19552,2498,12,407,2,38,14,3110,12764 1,1,1,1,1,1,1,1,1,1,1,1,1,1,1,1,1,1,1,1
1152,329,631,428,17,2092,1089,10,2011,12,23,203 1,1,1,1,1,1,1,1,1,1,1,1
4675,5366,2,96 1,1,1,1
536,4,5476,1935,512,46,5946,1091,564,2,2547,1357,46,51,361,273,31,2899,10,1026,1089,108,92,319,55,7,87,241,2262 1,1,1,1,1,1,1,1,1,1,1,1,1,1,1,1,1,1,1,1,1,1,1,1,1,1,1,1,1
1027,2,8412,1647,7352,2,96 1,1,1,1,1,1,1
2833,9696,12757,2,96 1,1,1,1,1
800,4,12765,827,4,19553,818,4,12765,19554 1,1,1,1,1,1,1,1,1,1
