69,49,4,19613,6556,424,441,6556,378,325,1124,1893,12780,518,6557,2,5670,12781,2,205,12782,8417,12783,12784,234,4,6,29,14,15,2463,200,307,471,13,306,89,167,104,279,17,1072,207,100 18,1,1,1,1,1,1,1,1,1,1,1,1,1,1,1,1,1,1,1,1,1,1,1,1,1,1,1,1,1,1,1,1,1,1,1,1,1,1,1,1,1,1,1
231,709,4,161,2013,696,81,341 1,1,1,1,4,4,4,4
6,29,39,15,654,374,647,15,376,5,15,2022,146,2,71,20,19614,92,285,38,12,6,622,80,2,13,6,224,19615,37,3610,104,14,290,497,3471,7,131,15,107,454,50,573,19616,338 1,1,1,1,1,1,1,1,1,1,1,1,1,1,1,1,1,1,1,1,1,1,1,1,1,1,1,1,1,1,1,1,1,1,1,1,1,6,1,1,1,1,1,1,1
16,416,16,21,61,640,24,1197,4408,2,645,4143,37,1625,7359,10,273,38 1,1,1,1,1,1,1,1,1,1,1,1,1,1,1,1,1,1
24,231,322,14,1212,190,7,486,12,6,465,13,105,190,7,135 1,1,1,1,1,1,1,6,1,1,1,1,1,1,1,1
27,1244,2,16,14,290,1212,190,7,486,5,259,190,7,135,27,12785 1,1,1,1,1,1,1,1,1,6,1,1,1,1,1,1,1
16,88,87,115,7,1403 1,1,1,1,1,1
165,789 1,16
7,99,2,6,29,288,1898,15,484,10,24,635 1,1,1,1,1,1,1,1,1,1,1,12
38,660,19,6,6560,7,6,635 1,1,1,1,1,1,1,12
7,99,2,24,373,134,367,20,12786,12,1091,2,4826,16,21,3558,13,6,5479,10,1022,6,7291,7,15,12787,333,2,5,416,37,16,4850,10,1845,19617 1,1,1,1,35,35,35,35,35,1,1,1,1,1,1,1,1,1,1,1,1,1,1,1,1,1,1,1,1,1,1,1,1,1,1,1
186,580,776,576,10,1744,580,1797 1,1,1,1,1,1,1,1
6,29,416,16,14,448,419,136,6,7291,7,15,9190,6417 1,1,1,1,1,1,1,1,1,1,1,1,1,1
16,411,586,182,79,151,16,113,841,4317,38,2,48,586,63,1051,12,3283,151,16,14,2492,13,6,6417 1,1,1,1,1,1,1,1,1,1,1,1,1,1,1,1,1,1,1,1,1,1,1,1,1
93,122,4,67,94,4,9354 1,1,1,1,1,1,1
118,145,4,5342,372,145,4,579,5,2284 1,1,1,1,1,1,1,1,1,1
91,73,4,135,145,5,212,2,43,246,5,253,2,11,387 1,1,1,1,1,1,1,1,1,1,1,1,1,1,1
226,53,90,10,452 1,1,1,1,1
187,4,133,2,978,2,463,2,13,529,300,302 1,1,1,1,1,1,24,1,1,1,1,1
217,1035,11,720,26,673 1,1,1,1,1,1
68,14,395,904,79,7,6,70,197,445,2,71,14,4946,13,15,9190,6417 1,1,1,1,1,1,1,1,1,1,1,1,1,1,1,1,1,1
337,203,836,1536 1,1,1,1
320,4,161,2013,696,81,341 1,1,1,4,4,4,4
92,40,383,6,29,74,465,486,262,10,130,190 1,1,1,1,1,1,1,6,1,1,1,1
16,40,631,428,954,10,2098,268,2492,13,24,333 1,1,1,1,1,1,1,1,1,1,1,1
16,40,55,724,17,15,207,100,12788,122 1,1,1,1,1,1,1,1,1,1
165,789 1,16
92,40,838,664,12789,364,124,24,134,484,10,19618 1,1,1,1,1,1,1,1,1,1,1,12
92,40,4401,15,797,1001,1835,32,57,32,15,1501,7,3608,74 1,1,1,1,1,1,1,1,1,1,1,1,1,1,1
6556,424,441,6556,378,325,1124,5681,12780,518,6557,2,5670,12781,2,205,12782,8417,12783,12784,1357,51,186,224,424,927 1,1,1,1,1,1,1,1,1,1,1,1,1,1,1,1,1,1,1,1,1,1,1,1,1,1
92,40,631,428,1384,15,207,100,122,13,6,5479,32,57,32,6,3880 1,1,1,1,1,1,1,1,1,1,1,1,1,1,1,1,1
16,40,1454,15,2940,7,24,728,5,207,100,13,260,12,6,308,12,647,153,10,248,198 1,1,1,1,1,1,1,1,1,1,1,1,1,1,1,1,1,1,1,1,1,1
3136,1955,4646,2,96 1,1,1,1,1
19619,4,19620,19621,19622,19623,56,56,56,56,56,56,56,56,56,56,56,56,56,56,56,56,56,56,56,56,56,56,56,56,56,56,56,56,56,56,56,56,56,56,56,56,56,56,3343,10061,2,7360,12790,2,96 1,1,1,1,1,1,1,1,1,1,1,1,1,1,1,1,1,1,1,1,1,1,1,1,1,1,1,1,1,1,1,1,1,1,1,1,1,1,1,1,1,1,1,1,1,1,1,1,1,1,1
99,4,64,201,13,58,4646 1,1,1,1,1,1,1
484,660,664,635 1,1,1,12
67,848,5,111,19624,425 1,1,1,1,1,1
1061,13,114,10,383,111,257,5,19625,10062,268,1831 1,1,1,1,1,1,1,1,1,1,1,1
797,1001,1835,158,10,5860,1226 1,1,1,1,1,1,1
7360,10061,2,195,232,2819,42,240,10061,2,7360,12790,2,96 1,1,1,1,1,1,1,1,1,1,1,1,1,1
232 1
