69,49,4,19743,11257,332,538,5416,384,4,5823,4726,1843,332,957,30,2126,300,1129,98,51,38,465,2,314,7881,2,404,12813,2,261,3859 18,1,1,1,1,1,1,1,1,1,1,1,1,1,1,1,1,1,1,1,1,1,1,1,1,1,1,1,1,1,1,1
6530,30,4,36,287,4170,267,403,12803,348,4708,15,1450,7,198,146,2,6822,2965,1024,2,8033,19744,7,34 1,1,1,1,1,1,1,1,1,1,1,1,1,1,1,1,1,1,1,1,1,1,1,1,1
36,12814,4170,20,926,17,205,609,5,1487,19745,19,19746,2,1994,7,1843,392,693,14,557,13,2603 1,1,1,1,1,1,1,1,1,1,1,1,1,1,1,1,1,1,1,1,1,1,1
12814,4170,20,926,10,58,10075,5,514,10,50,2555,2377,19747,8430,1107,5,2320,12815,76,2,5,20,926,17,5950,5,1583,10073,12675 1,1,1,1,1,1,1,1,1,1,1,1,1,1,1,1,1,1,1,1,1,1,1,1,1,1,1,1,1,1
36,5950,12816,19748,19749,36,231,1545,4,178,2,103,429,2,1869,369,19750,2787,955,7338,2,19751,955,19752,116,2434,259,159,146,752,1091,8428,36,403,12817,348,1076,238,1018,19753,7338,878,332,6847,2,5414,409,332,9,5041,8,9188,2,9296,5854,917,83,159,17,6529,11,2033,1146,4,219,1641,2,19754,388,2,19755,36,2039,77,4,1828,449,22,9,1541,45,60,35,8,25,33,7361,9,12818,5195,8,109,22,9,491,45,60,35,8,25,1834,138,1932,370,22,25,33,607,109,22,9,521,45,8,25,59,184,83,22,9,521,45,60,35,8,25,33,556,1503,244,22,9,768,45,60,35,8,25,59,635,368,22,9,1668,45,60,35,8,25,283,385,4,520,359,2488 1,1,1,1,1,1,1,1,1,9,1,3,3,3,3,3,3,1,1,1,1,1,1,1,10,4,1,1,1,1,1,1,1,1,1,1,1,1,1,1,1,1,1,1,1,1,1,1,1,1,1,1,1,1,1,1,1,1,1,1,1,1,1,1,1,1,1,1,1,1,1,1,1,1,1,28,1,1,1,1,1,1,1,1,1,1,1,1,1,1,1,1,1,1,1,1,1,1,1,1,1,1,11,1,1,1,1,22,1,1,1,1,1,1,1,1,13,1,1,1,1,1,1,1,1,1,1,7,1,1,1,1,1,1,1,1,1,1,1,12,1,1,1,1,1,1,1,1,1,1,1,1,1,1,1
19756,12,121,4848,946,870,6831,600,296,1147,1332,372,145,723,67,94,19757,34,542,9,4710,8,515,713,9,4710,8,83,224,4,12819,2,5411,12,2755,2,2955,202,4,36,19758,409,4,745,569,8437,4,12817,1268,2,7362,1331,483,340,4,1381,133,3414,516,4,19759,323,4,10080,98,102,457,8438,649,1049,2,524,1049,2,824,1049,2,689,1049,2,379,1049,2,804,1049,2,770,1049,8438,335,1049,2,935,1049,2,1712,1049,2,1437,1049,2,1434,1049,2,1830,1049,8438,1465,1049,2,1438,1049,2,1497,1049,2,935,1049,2,1712,1049,8438,298,4375,2,615,10081,9,54,8,2,458,4116,9,54,8,2,266,8009,9,54,8,2,530,1987,2,665,5738,2,698,5278,2,443,6119,320,4,287,4170,14,15,449,292,345,13,216,178,2,2787,2,2434,5,5823,4726,1843,2603,3337,5950,9,12816,19760,8,2,13,1583,10073,9,10076,993,364,8,304,522 1,1,1,1,1,1,1,1,1,1,1,1,1,1,1,1,1,1,1,1,1,1,1,1,1,1,1,1,1,1,1,1,1,1,1,1,1,1,1,1,1,1,1,1,1,1,1,1,1,1,1,1,1,1,1,1,1,1,1,1,1,1,1,1,1,1,1,1,1,1,1,1,1,1,1,1,1,1,1,1,1,1,1,1,1,1,1,1,1,1,1,1,1,1,1,1,1,1,1,1,1,1,1,1,1,1,1,1,1,1,1,1,1,1,1,1,1,1,1,1,1,1,1,1,1,1,1,1,1,1,1,1,1,1,1,1,1,1,1,1,1,1,1,1,1,1,1,1,1,1,1,1,1,1,1,1,1,1,1,1,1,1,1,1,1,9,1,1,1,4,1,1,1,1,1,1,1,1,1,1,1,1,1,1,1,1,1,1,1,1,1,1
2126,2714,98,51,38,221,2,5411,12,308,12819,2,4249,13,1248,12,266,2,218,339,588 1,1,1,1,1,1,1,1,1,1,1,1,1,1,1,1,1,1,1,1,1
314,1228,10082,7,1843,332,890,10083,2,3191,28,1574,65,1440,2,638,150 1,1,1,1,1,1,1,1,1,1,1,1,1,1,1,1,1
119,1087,9651,12,4171,2,10,433,2058,5,7044,185,17,1032 1,1,1,1,1,1,1,1,1,1,1,1,1,1
285,339,470,5,5071,19761,9,58,12820,74,1159,8,7,19762,588 1,1,1,1,1,1,1,1,1,1,1,1,1,1,1
2158,1808,2191 1,1,1
19763,32,865 1,1,1
12811,8435,2,195,5416,384,4,11698,2,710,195,12820,2,3407,195,10075,2,842,195,12802,2,1940,195,8439,2,1773,195 1,1,1,1,1,1,1,1,1,1,1,1,1,1,1,1,1,1,1,1,1,1,1,1,1,1,1
