67,54,4,22812,14431,22813,11289,3,229,14432,1177,124,1320,22814,1418,9497,3,3814,22815,684,4,7235,3,9498,3275,542,4,14433,2523,4,22816,882,64,11289,4,50,38,6,1174,7,122,844,28,3,9498,7235,3,12,278,89 1,1,1,1,1,1,1,1,1,1,1,1,1,1,1,1,1,1,1,1,1,1,1,1,1,1,1,1,1,1,1,1,1,1,1,1,1,1,1,1,1,1,1,1,1,1,1,1,1,1
6,28,61,640,7,194,188,34,13,70,194,114,584 1,1,1,1,1,1,1,1,1,1,1,1,1
16,387,116,2122,544,129,183,13,11,30,7,3924,1297 1,1,1,1,1,1,1,1,1,1,1,1,1
6,116,1749,626,984 1,1,1,1,1
6,28,21,15,30,7,194,188,1373,180,87,183,12,15,670,8327,1875,33,27,37,85,16,20,801,13,1657,4039 1,1,1,1,1,1,1,1,1,1,1,1,1,1,1,1,1,1,1,1,1,1,1,1,1,1,1
137,6,34,14,855,5,957,105 1,1,1,1,1,1,1,1
16,1616,6,2265,7,6,34,35,115,10,539,10,615,319,7,141,19,6,2734,34,1024 1,1,1,1,1,1,1,1,1,1,1,1,1,1,1,1,1,1,1,1,1
16,768,92,35,1925,4775,511,12,6,194,188,13,584,233,6,1767,467,70,194,114,10,6,322 1,1,1,1,1,1,1,1,1,1,1,1,1,1,1,1,1,1,1,1,1,1,1
6,116,57,984,13,1210,29,476,13,983,5,1417,467 1,1,1,1,1,1,1,1,1,1,1,1,1
74,14,11,84,12,6,2265,7,116,13,263,26,6524 1,1,1,1,1,1,1,1,1,1,1,1,1
6,28,88,95,249,26,459,3,11,314,7,326,26,931,179 1,1,1,1,1,1,1,1,1,1,1,1,1,1,1
16,768,598,855,837,12,6,70,248,5,322 1,1,1,1,1,1,1,1,1,1,1
16,90,88,323 1,1,1,1
16,1261,180,624,868,353,225,6,80,267,129 1,1,1,1,1,1,1,1,1,1,1
6,34,109,31,2742,6,28,115,27,421 1,1,1,1,1,1,1,1,1,1
1356,3,6,28,90,88,95,689,264,7,6,1365,1080 1,1,1,1,1,1,1,1,1,1,1,1,1
1953,3,6,28,90,88,95,102,340,29,11,356,1050,26,591,540,7,6,1365,1080 1,1,1,1,1,1,1,1,1,1,1,1,1,1,1,1,1,1,1,1
137,16,49,14434,4483,22,711,12,6,495,13,504,1734,7,23,116 1,1,1,1,1,1,1,1,1,1,1,1,1,1,1,1
16,98,598,49,4127,27,421,13,504,1734 1,1,1,1,1,1,1,1,1,1
39,4,176,203 1,1,1,11
178,913 1,28
195,784 1,9
253,22817 1,12
346,14434,35,160 1,1,1,1
460,4127,35,160 1,1,1,1
127,4,1339 1,1,1
80,39,30,4,176,181,120,76,161,315,58,251,849 1,1,1,1,1,10,10,10,3,3,3,3,3
178,106 1,7
80,591,30,4,176,103,251,849 1,1,1,1,1,1,1,1
178,53,486,657,938 1,1,1,1,1
206,30,4,6,28,285,35,15,6603,17,8328,4694 1,1,1,1,1,1,1,1,1,1,1,1
16,14,920,13,11,727 1,1,1,1,1,1
16,109,31,238,3,728,541,206,3,5,90,1113,357,157 1,14,14,14,1,1,1,1,1,1,1,1,1,1
150,30,4,74,14,11,30,7,39,147,37,1197,12,6,150 1,1,1,1,1,1,1,1,1,1,1,1,1,1,1
81,7,182,4,6,492,81,7,182,20,582,158,1754,3,412,3,2802,3,612,3,386,3,361,3,1309,3,1058,3,14435,3,273,3,1808,3,1596,3,4061,3,5,4887 1,1,1,1,1,1,1,1,1,1,1,1,1,1,1,1,1,1,1,1,1,1,1,1,1,1,1,1,1,1,1,1,1,1,1,1,1,1,1,1
92,14,269,17,1058,640,5,39,147,35,270 1,1,1,1,1,1,1,1,1,1,1
102,101,4,6,28,14,2274,3,504,1821,498,12,11,199,342 1,1,1,1,1,1,1,1,1,1,1,1,1,1,1
16,14,410,5,642,10,85,3,1150,5,469 1,1,1,1,1,1,1,1,1,1,1
23,1626,5,1246,57,211 1,1,1,1,1,1
16,722,232,2067,5,2383 1,1,1,1,1,1
6,28,1127,97,62,1224,2388,13,44,1404,7818,5,415,650 1,1,1,1,1,1,1,1,1,1,1,1,1,1
16,14,449,10,1210,19,23,1404,5,415 1,1,1,1,1,1,1,1,1,1
16,14,449,10,321,1404,10,415,12,15,3467,1334,13,204,2064 1,1,1,1,1,1,1,1,1,1,1,1,1,1,1
316,205,57,211 1,1,1,1
1124,14,797,3,11,2652,55,3,11,908,3,2478,1481,3,214,14,152,5,979,3,11,196,277 1,1,1,1,1,1,1,1,1,1,1,1,1,1,1,1,1,1,1,1,1,1,1
74,14,406,471,7,759,12,6,1365,1080,13,2471,406,10,335,851,3,899,406,10,141,851 1,1,1,1,1,1,1,1,1,1,1,1,1,1,1,1,1,1,1,1,1,1
74,14,11,246,10,1046,225,6,8144,1178,3,4837,762,3,3887,618,26,1470,6139,6140,100 1,1,1,1,1,1,1,1,1,1,1,1,1,1,1,1,1,1,1,1,1
74,14,296,1006,628,12,6,194,114,13,204,511,100 1,1,1,1,1,1,1,1,1,1,1,1,1
433,1056,12,6,384,3,1688,1056,12,6,595,100 1,1,1,1,1,1,1,1,1,1,1,1
74,14,2439,2993,3,11,7479,3,44,1256,12,6,194,114 1,1,1,1,1,1,1,1,1,1,1,1,1,1
3467,248,1849,154,14,72,100 1,1,1,1,1,1,1
74,14,11,34,13,657,281,5,1558,2378 1,1,1,1,1,1,1,1,1,1
875,471,7,759,14,630,44,406 1,1,1,1,1,1,1,1
74,14,11,246,10,1046,225,875,8144,1178,5,4837,762 1,1,1,1,1,1,1,1,1,1,1,1,1
74,14,296,1006,628,12,6,473,114,13,204,511,100 1,1,1,1,1,1,1,1,1,1,1,1,1
675,1056,12,6,2724,3,4363,5,3525,100 1,1,1,1,1,1,1,1,1,1
72,4773,205,5,22818,5660 1,1,1,1,1,1
6,471,7,759,12,100,473,114,14,44 1,1,1,1,1,1,1,1,1,1
689,4,405,89,82,112,50,81,738,264,7,6,2617,54,1374,900,12953,92,722,6221,4464,12,6,678,6221,1080 1,1,1,1,1,1,1,1,1,1,1,1,1,1,1,1,1,1,1,1,1,1,1,1,1,1
17,492,2097,7,6,264,3,395,122,3005,1340,146 1,1,1,1,1,1,1,1,1,1,1,1
339,4,176,22819,194,188,34,13,70,194,114,584,3,2657,273,101 1,1,1,1,1,1,1,1,1,1,1,1,1,1,1,1
178,1365,14152 1,1,1
195,1920,1657,76 1,1,1,1
253,1365,4464 1,1,1
420,4,176,679,264,7,6,1365,1080,41,52,564,10,268,172,921,7,1889,116 1,1,1,1,1,1,1,1,1,1,1,1,1,1,1,1,1,1,1
6,28,41,235,13,4181,134,679,264,368,31,52,582,290,10,103,251 1,1,1,1,1,1,1,1,1,1,1,1,1,1,1,1,1
178,748,81,7,6,689,264,3,15,1365,2853,1202,1050,237,52,482,10,377,6,3548,2348,7,23,116,5,10,5511,330,22820,6314 1,1,1,1,1,1,1,1,1,1,1,1,1,1,1,1,1,1,1,1,1,1,1,1,1,1,1,1,1,1
195,6,28,20,1175,10,557,308,5,10,1784,12,14436,3582,288,10,1468,4771 1,1,1,1,1,1,1,1,1,1,1,1,1,1,1,1,1,1
16,20,1175,10,86,13,140,314,1572 1,1,1,1,1,1,1,1,1
253,6,1953,104,20,235,13,6,28 1,1,1,1,1,1,1,1,1
233,7,23,664,143,2730 1,1,1,1,1,1
16,41,52,221,12,513,139,689,264,14,492,12,1014,113 1,1,1,1,1,1,1,1,1,1,1,1,1,1
941,360,17,1301,271,10,1784,12,6,198,7,844,28 1,1,1,1,1,1,1,1,1,1,1,1,1
395,191,31,1837,10,454,808,668,17,88,268,664 1,1,1,1,1,1,1,1,1,1,1,1
1015,3,5096,11290,1252,11291,3,229,426,4,64,22821,22822,3,1476,7480,5437,3,7243 1,1,1,1,1,1,1,1,1,1,1,1,1,1,1,1,1,1,1
1578,3,9499,3,3814,22823,806,4,14431,2722,4,22824,22825,2074,4,22826,6010,1120,4,22827,6011,1120,4,22828 1,1,1,1,1,1,1,1,1,1,1,1,1,1,1,1,1,1,1,1,1,1,1,1
