69,49,4,19884,949,240,1783,4,1231,614,2,7108,95,7,73,19885,852,29,4,3573,10128,581,17,141,4,868,2,672,4003,2,972,12944,47,39,6,1068,7,4986,287,3415,104,21,61,265,10,6,949,659,17,233,5,583 18,1,1,1,1,1,1,1,1,1,1,1,1,1,1,1,1,1,1,1,1,1,1,1,1,1,1,1,1,1,1,1,1,1,1,1,1,1,1,1,1,1,1,1,1,1,1,1,1,1,1,1
1264,13,6,949,10129,2,47,3402,1538,2,755,2,5,3984,6,29,2,941,6,30,5,584,2,177,1276,5,426,2,5,285,6,320,5,1348 1,1,1,1,1,1,1,1,1,1,1,1,1,1,1,1,1,1,1,1,1,1,1,1,1,1,1,1,1,1,1,1,1,1
17,1441,885,7,19886,2,5,242,75,1179,28,114,2,361,1798,10,6,949,427,605,99,42,58,3941,4442,9,5,944,1400,784,242,8 1,1,1,1,1,1,1,1,1,1,1,1,1,1,1,1,1,1,1,1,1,1,1,1,1,1,1,1,1,1,1,1
499,716,2563,109,213,53,66,9,32,166,12,949,99,8,820,32,166,12,19887,5,427,74,99 1,1,1,1,1,1,1,1,1,1,1,1,1,1,1,1,1,1,1,1,1,1,1
5922,5,6525,899,73,32,166,12,949,427,99 1,1,1,1,1,1,1,1,1,1,1
7,99,2,12945,2,20,5814,48,3082,10,2376,5,1795,413,2,9921,10,7796,2,48,39,634,6573,5488 1,1,1,1,1,1,1,1,1,1,1,1,1,1,1,1,1,1,1,1,1,1,1,1
20,2252,4613,5,453,4274,306,4505,2770,2563,1052 1,1,1,1,1,1,1,1,1,1,1
646,10,19888 1,1,1
1560,2728,4274,2405,9,12946,4413,316,10,3775,2,10130,4500,1007,10,1615,5,237,1007,12947,428,8 1,1,1,1,1,1,1,1,1,1,1,1,1,1,1,1,1,1,1,1,1,1
382,10,2949,1673,2405,5,1544,1702,19889,7367,3321,19890,12948,117,15,1154,2390 1,1,1,1,1,1,1,1,1,1,1,1,1,1,1,1,1
3970,4,2775,952,3094 1,1,1,1,1
19891,175,5461,17,344,5,252,1277,10131,820,19892,5,39,106,149,6208,2728 1,1,1,1,1,1,1,1,1,1,1,1,1,1,1,1,1
1702,4,3502,199,885,7,134,2192,317,3862 1,1,1,1,1,1,1,1,1,1
6574,414,5,4292,4,1028,4729,56,75,695,28,19893,2570,12,83,1902,56,75,695,28,5335,6234,65,15,1363,19894,19895,1365,5073,5,6575,7377,4,46,7,10132,12,8466,19896,1365,1680,634,2728,19897,19898,37,504,174,8467,19899,48,411,657,54,75,695,28,2769,11,19900,2,6576,2,12210,1872,26,12949 1,1,1,1,1,1,1,1,1,1,1,1,1,1,1,1,1,1,1,1,1,1,1,1,1,1,1,1,1,1,1,1,1,1,1,1,1,1,1,1,1,1,1,1,1,1,1,1,1,1,1,1,1,1,1,1,1,1,1,1,1,1,1,1,1,1,1
1534,4,403,252,917,784,567,21,332,37,4837,10,6,5038,348,28,2111,4,19901 1,1,1,1,1,1,1,1,1,1,1,1,1,1,1,1,1,1,1
951,74,1746,175,2,199,100,5,423,5959,5,952,219,26,5074,951,4228 1,1,1,1,1,1,1,1,1,1,1,1,1,1,1,1,1
11,702,2,6806,1445,2,2781,2,12950,2,26,2295,2974 1,1,1,1,1,1,1,1,1,1,1,1,1
1581,48,3866,12951,2,8349,2,7301 1,1,1,1,1,1,1,1
275,916,2,324,2261,74,5,1419 1,1,1,1,1,1,1,1
2051,4841,5043 1,1,1
829,1459,6417,19902,7,19903,362,882,10,19904 1,1,1,1,1,1,1,1,1,1
19905,149,2728 1,1,1
773,10,4843,174,744,4234,1242,174,1176,1720 1,1,1,1,1,1,1,1,1,1
634,8468,1634,10,4843,5,634,10,406,8468,952,4105,2906,19,12952 1,1,1,1,1,1,1,1,1,1,1,1,1,1,1
19906,1562,2,350,4505,1118,174,252,19907,2,9219,5,174,8468,2,1581,145,174,109,4505,5221,19908,7792,174,6842,9,4413,8 1,1,1,1,1,1,1,1,1,1,1,1,1,1,1,1,1,1,1,1,1,1,1,1,1,1,1,1
11,19909,26,19910,2,11,12953,3179 1,1,1,1,1,1,1,1
5174,4,7,99,379,1250,2,792,1571,2,530,1204,2,266,10133,2,298,3667,19911,4,3402,177,266,36,829,817,8469,2,11,12954,8144,26,8077,26,19912,19913 1,1,1,1,1,1,1,1,1,1,1,1,1,1,1,1,1,1,1,1,1,1,1,1,1,1,1,1,1,1,1,1,1,1,1,1
242,4,4,218,19914,4897,13,149,1471,7,8470,12,2954,7,3037,392,1328 1,1,1,1,1,1,1,1,1,1,1,1,1,1,1,1,1
19,73,482,6573,5488,2,2728,5057,2,6208,9,317,1702,5,4989,8,2,3049,19915,317,19916,19,19917,2,5,1544,1702 1,1,1,1,1,1,1,1,1,1,1,1,1,1,1,1,1,1,1,1,1,1,1,1,1,1,1
16,85,21,634,8468,19,73,932,19,12952,271,4105,2,5,19918 1,1,1,1,1,1,1,1,1,1,1,1,1,1,1
24,8469,53,829,1425,12,2954,7,224,2976,2970,37,14,31,4291,19919,17,24,4726,439 1,1,1,1,1,1,1,1,1,1,1,1,1,1,1,1,1,1,1,1
696,7,24,864,74,317,225,868,1802,32,3932,19920,94,27,806,19921,174,1890 1,1,1,1,1,1,1,1,1,1,1,1,1,1,1,1,1,1
993,19922,1074,932,42,1939,423,17,106,95,9,932,12,6,5958,8,5,419,12,6,19923,26,117,1147,26,1488 1,1,1,1,1,1,1,1,1,1,1,1,1,1,1,1,1,1,1,1,1,1,1,1,1,1
11,4213,862,48,149,272,952,402 1,1,1,1,1,1,1,1
11,12953,3179,26,19924 1,1,1,1,1
11,19925,12,466 1,1,1,1
1185,214,90,6573,5488,136,523,1111,317,2728,19926,2,1702,5,7217,6208,2,5,5075,12944,12,972,19927,9,317,2800,36,1109,10,55,15,7964,19928,5,110,19929,153,7217,27,15,95,214,2252,8 1,1,1,1,1,1,1,1,1,1,1,1,1,1,1,1,1,1,1,1,1,1,1,1,1,1,1,1,1,1,1,1,1,1,1,1,1,1,1,1,1,1,1,1
16,74,39,106,668,2546,48,11,19930 1,1,1,1,1,1,1,1,1
1185,24,2728,672,32,31,537,382,10,433,24,882,10,273,1127,16,2828,1406,10,273,1170,460,199,590 1,1,1,1,1,1,1,1,1,1,1,1,1,1,1,1,1,1,1,1,1,1,1,1
3389,2,404,37,16,74,2342,4205,24,2852,4413 1,1,1,1,1,1,1,1,1,1,1
11,5865,7,19931,2,551,26,1217 1,1,1,1,1,1,1,1
39,149,1203,2540,48,11,1809 1,1,1,1,1,1,1
113,19932,1600,214,1666,901,6421,5,10134,1129,9,19933,8 1,1,1,1,1,1,1,1,1,1,1,1,1
298,829,251,48,11,508,5,2031,5,464,53,66 1,1,1,1,1,1,1,1,1,1,1,1
1172,2,68,14,15,19934,7,672,12949,5,3049,5922,1037,5,6573,5488,9,11,668,1196,8,12,2954,7,864,74,7,829,251,8470,5,829,1790,8469 1,1,1,1,1,1,1,1,1,1,1,1,1,1,1,1,1,1,1,1,1,1,1,1,1,1,1,1,1,1,1,1,1,1
21,15,149,350,5,817,6475,525,863,5200,71,19935,24,672,2533 1,1,1,1,1,1,1,1,1,1,1,1,1,1,1
16,14,85,27,1502,829,2071,5,2981,2071 1,1,1,1,1,1,1,1,1,1
39,2227,12,189,36,110,419,48,301,10,207 1,1,1,1,1,1,1,1,1,1,1
114,4,36,7260,19936,338,36,323,2642,19937,36,91,2408,36,251,8470,9,149,8,5888,13,4428,75,695,28,1280,1474,28,5,5409,2559,9,16,14,7070,42,258,8,36,691,7,1319,10,419,1021,8469,5,380,19938,1329,2,32,57,32,10,3809,573,553,218,19939,5,806,6896,571 1,1,1,1,1,1,1,1,1,1,1,1,1,1,1,1,1,1,1,1,1,1,1,1,1,1,1,1,1,1,1,1,1,1,1,1,1,1,1,1,1,1,1,1,1,1,1,1,1,1,1,1,1,1,1,1,1,1,1,1,1,1,1,1
85,301,10,1021,806,3416,174,2202,9,39,149,3932,19940,8,2,5,1021,17,350,8144,9,7218,216,392,1328,8 1,1,1,1,1,1,1,1,1,1,1,1,1,1,1,1,1,1,1,1,1,1,1,1,1,1
36,155,1227,2,3398,2,1005,2,2007,2,19941,2,3544,36,117,1319,691,14,177,2,301,10,1021,2301,2,672,5,10135,9,7279,7092,5,95,8,5,237,2949,1394,2901,17,4897,56,3933,7925,5,12362,94,117,12653,1611,19942,5,4054,17,1137,830,2,358,2,1437,2,5,11543,32,57,32,5489,1611,109,384 1,1,1,1,1,1,1,1,1,1,1,1,1,1,1,1,1,1,1,1,1,1,1,1,1,1,1,1,1,1,1,1,1,1,1,1,1,1,1,1,1,1,1,1,1,1,1,1,1,1,1,1,1,1,1,1,1,1,1,1,1,1,1,1,1,1,1,1,1,1
36,838,3713,2,991,19943,1364,42,785 1,7,7,1,1,1,1,1,1
36,207,298,5,707,17,10136,566 1,1,1,1,1,1,1,1
285,242,5,114,13,64,5,128,104,4836,5,1061 1,1,1,1,1,1,1,1,1,1,1,1
19944,8471,2,1885,2,3612 1,1,1,1,1,1
