69,49,4,19966,378,325,1124,6577,224,144,30,7,156,360,38,14,15,10019,769,345,401,1360,1467,250 1,1,1,1,1,1,1,1,1,1,1,1,1,1,1,1,1,1,1,1,1,1,1,1
16,21,39,15,682,250,17,173,248,198 1,1,1,1,1,1,1,1,1,1
16,20,1730,19,6211,2,48,68,20,11,1051 1,1,1,1,1,1,1,1,1,1,1
6,250,14,932,27,420,2,48,85,16,21,84,432,6,107 1,1,1,1,1,1,1,1,1,1,1,1,1,1,1
16,21,11,5077,3531,2,11,1919,2,11,255,7,194,2,5,11,1106 1,1,1,1,1,1,1,1,1,1,1,1,1,1,1,1,1
16,14,15,3798 14,14,14,14
173,15,223,146,2,16,20,265,10,15,3786,303,674,17,44,34 1,1,1,1,1,1,1,1,1,1,1,1,1,1,1,1
16,20,10139,10,6577,224,490,7,3170,1278,1113,19,24,147 1,1,1,1,1,1,1,1,1,1,1,1,1,1
12,12961,2,16,21,39,472,142,17,1262,159,2,5,8178,16,39,15,91,561,2,71,227,149,1233,7,106,7,24,164,213,48,11,160,7,164,143,740 1,1,1,1,1,1,1,1,1,1,1,1,1,1,1,1,1,1,1,1,1,1,1,1,1,1,1,1,1,1,1,1,1,1,1,1,1
16,222,50,2727,13,6,872,1177,7,1212,41 1,1,1,1,1,1,1,1,1,1,1
16,20,718,140,19,771,677,196,22,33,2,210,109,22,33,2,184,109,22,2,172,370,22,631,15,107,2,5,1650,51,22,631,15,107 1,1,1,1,1,7,7,1,1,1,1,12,1,1,1,1,13,1,1,1,11,1,1,1,1,1,1,1,31,1,1,1,1,1
136,3980,140,2,6,29,404,11,44,34,26,255,7,194 1,1,1,1,1,1,1,1,1,1,1,1,1,1
11,655,26,702 1,1,1,1
16,411,21,15,682,250 1,1,1,1,1,1
228,12,2511,5,3011,2503,626,138,19967,1760,247,4,19968,1650,51,22,35,347,33,2144,1760,247,4,12962,172,370,22,35,347,33,2144,5490,2253,247,4,12963,184,109,22,33,247,4,12964,210,491,25,33,247,4,12965,7379,248,2457,7380,873,5960,12960,1760,247,4,19969,1273,4,19970,138,36,2458,771,677,196,22,25,33,247,4,8475,933,390,25,59,7381,5490,247,4,8475,60,297,1275,93,122,67,94,7382,121,6098,643,224,893,2790,5,2963,2,11,180,326,181,90,202,1176,2,4148 1,1,1,1,1,1,1,1,1,1,1,1,1,31,1,1,1,1,1,1,1,1,1,1,11,1,1,1,1,1,1,1,1,1,1,1,13,1,1,1,1,1,1,12,1,1,1,1,1,1,1,1,1,1,1,1,1,1,1,1,1,1,1,1,1,1,1,7,7,1,1,1,1,1,1,1,1,1,1,1,1,1,1,1,1,1,1,1,1,1,1,1,1,1,1,1,1,1,1,1,1,1,1,1,1,1,1,1,1,1,1
1841,90 1,1
2444,43,112,11,342 1,1,1,1,1
112,1486,31,2088,44,226,90,694,135,212 1,1,1,1,1,1,1,1,1,1
246,5,253,43 1,1,1,1
11,417,2,1093,2,26,970,187,133,2,375,2,5,11,342 1,1,1,1,1,1,1,1,1,1,1,1,1,1,1
11,902,26,3139,782,2174,11,79,242,5,114,2727 1,1,1,1,1,1,1,1,1,1,1,1
126,156,77 1,1,1
991,19971,65,554,1293 1,1,1,1,1
81 4
155,654,374 1,1,1
1467,250 1,1
1970,685 1,1
114,4,15,2390,7,933,105,22,793,15,107 1,1,1,1,1,1,1,1,1,1,1
1384,412,339 1,1,1
808,12,153,376 1,1,1,1
108,250,4510,2,539,15,4491,7,184 1,1,1,1,1,1,1,1,13
278,2,16,20,290,184,928,297,24,250,321 1,1,1,1,1,13,1,1,1,1,1
254 16
126,210 1,12
155,1001,1835 1,1,1
3072 1
1696,2503 1,1
99,2495,42,1777,659,3005,1984,176,55,156 1,1,1,1,1,1,1,1,1,1
681,809,42,8472,2,6578,19,4855,5301,2,3570 1,1,1,1,1,1,1,1,1,1,1
