69,49,4,19945,378,325,1124,6577,224,144,30,7,156,360,6,29,14,15,19946,345,1263,17,81,5,233,7,388,12,24,70,12955 18,1,1,1,1,1,1,1,1,1,1,1,1,1,1,1,1,1,1,1,1,1,4,1,1,1,1,1,1,1,1
16,20,201,19,19947,2,124,2345,17,19948,2177,8180 1,1,1,1,1,1,1,1,1,1,1,1
6,29,1379,6,325,5,20,201,42,2047 1,1,1,1,1,1,1,1,1,1
42,6,95,2,16,701,2047,19,19949,2,6,388,39,2271,660 1,1,1,1,1,1,1,1,1,1,1,1,1,1,1
6,29,21,11,34,4351,668,115 1,1,1,1,1,1,1,1
389,1218,20,66 1,1,1,1
16,404,1104,27,38,95 1,1,1,1,1,1
11,1609,26,1949 1,1,1,1
11,44,34,26,255,7,194 1,1,1,1,1,1,1
825,167,3072,1715,1012,254,81,341,9,2013,696,8,228,12,2511,5,3011,2503,138,1650,183,22,35,347,33,3618,447,22,59,138,1985,105,22,33,172,370,22,35,347,33,2345,447,22,25,33,12956,10137,5042,247,4,19950,1273,4,19951,36,2458,93,122,67,94,19952,121,9624,643,224,893,11,180,326,44,226,90,694,135,212 1,1,1,1,1,16,4,4,4,4,4,4,1,1,1,1,1,1,1,31,1,1,1,1,1,1,1,1,1,1,12,1,1,1,11,1,1,1,1,1,1,1,1,1,1,1,1,1,1,1,1,1,1,1,1,1,1,1,5,5,5,1,1,1,1,1,1,1,1,1,1,1,1,1,1
246,5,253,43 1,1,1,1
11,417,2,1093,2,26,970,187,133,5,375 1,1,1,1,1,1,1,1,1,1,1
11,342,3342,12957,2,43,4283,193 1,1,1,1,1,1,1,1
11,34,26,11,388 1,1,1,1,1
11,832,2174,11,79,242,5,114,8180 1,1,1,1,1,1,1,1,1
660 1
808,108,115,8110,311,51,81,341 1,1,1,1,4,4,4,4
155,654,374 1,1,1
126,1650,254 1,31,16
126,1985,642,808,12,497,198 1,12,1,1,1,1,1
99,2495,42,1777,659,3005,1984,176,55,156 1,1,1,1,1,1,1,1,1,1
681,809,42,6578,8472,19,4855,109,2,3104 1,1,1,1,1,1,1,1,1,1
