67,54,4,23001,5825,4128,198,33,11330,297,5428,14540,2780,1279,1741 1,1,1,1,1,1,1,1,1,1,1,1,1,1,1
498,425,17,439,151,5,142 1,1,1,1,4,1,7
99,421,38,128,34,12,187,2435,139,9527,8053 1,1,1,1,1,1,1,1,1,1,1
34,5148,99,421 1,1,1,1
326,656,1023 1,1,1
3625,40,272,5090,11,48,34,26,14542 1,1,1,1,1,1,1,1,1
11,403,7,153,1419,3,11,1235 1,1,1,1,1,1,1,1
147,7491,70,14543 1,1,1,1
9,64,8348,3,14544,8,4185,9525,4185,9528,106,9529,4667,3,3763,6846,3,10673,6325,3,11238,11332,3,3126,9530,3,9531,6166,841,2219,109,887,2034,4066,290,10,5516,8176 1,1,1,1,1,1,1,1,1,1,7,29,29,29,29,29,29,29,29,29,29,29,29,29,29,29,29,29,1,1,1,1,1,1,1,1,1,1
4630,7401,1653,3663,278,4667,3,70,5592,243,9530,14545,3663,703,623,1394,90,3348,116,280,604,3017,29,330,354,76,29,216,260,10612,97,222,71,317,178,367,2476,3,1833,818,1764,1325,9532 1,1,1,1,1,1,1,1,1,1,1,1,1,1,1,1,1,1,1,23,1,1,1,1,1,1,1,1,1,1,1,1,1,1,1,1,1,1,1,1,1,1,1
772,345,1618,9058,3,4455,9533,14546,9,9534,8,3,14547,7969,11333,3,2777,11334,3,3358,6846,3,3669,14548,1383,39,8347,2974,42,1455,1140,69,274,799,3,36,45,9,73,8,25,32,218,549,3,36,45,9,73,8,25,32,622,647,3,36,45,9,73,8,25,32,252,9,947,478,8,1026,3,36,45,9,73,8,25,32,3024,36,568,25,32,127,790,77,148,4831,3,655,5044,948,99,112,148,3654,9,99,112,148,23002,8,394,303,89,3,523,335,145,410,5,642,123,117,3,416,14549,3,551,61,17,112,227,4,1042,91,3,2653,82,91,3,377,841,10,951,502,27,117,764,196,4,11,8180,196 31,31,31,31,1,16,16,16,16,16,1,1,1,1,1,1,16,16,16,16,16,16,1,1,1,1,1,1,1,1,1,1,9,1,1,1,1,1,1,1,1,1,13,1,1,1,1,1,1,1,1,1,21,1,1,1,1,1,1,1,1,1,11,1,1,1,1,1,1,1,1,1,1,1,1,1,28,1,1,1,1,1,1,1,1,1,1,1,1,1,1,1,29,29,29,29,29,29,29,29,1,1,1,1,1,1,1,1,1,1,1,1,1,1,1,1,1,1,1,1,1,1,1,1,1,1,1,1,1,1,1,1,1,1,1,1,1,1,1,1,1,1
11,283,48,4,1736,155,327,51,91,10,463,5,1051 1,1,1,1,1,1,1,1,1,1,1,1,1
644,4,1736,130,327,3,455,44,304,310,3,11,213,3,502,3,561,362,4,152,3,952,3,2651,3,11,2435,246,114,4,433,443,133,764,3,500,562,133,3,11,222,3,11,362,240,3,11,1189,3,11,750,3,743,3,26,93 1,1,1,1,1,1,1,1,1,1,1,1,1,1,1,1,1,1,1,1,1,1,1,1,1,1,1,1,1,1,1,1,1,1,1,1,1,1,1,1,1,1,1,1,1,1,1,1,1,1,1,1,1,1,1,1
11,322,283,532,2705,23003,72,865,3829,12,2806,2060,3,3332,14550,1962,955,2806,2060,3,390,1962,955,14550,2578,176,362,34,4,538,40,272,4,284,5647,76,1640,115,3,2688,34,3,3107,153,1419 1,1,1,1,1,1,1,16,16,16,16,16,16,16,16,1,1,1,1,1,1,1,1,1,1,1,1,1,1,1,1,1,1,1,1,1,1,1,1,1,1,1,1,1,1
79,1574,838,27,40,85 1,1,1,1,1,1
1347,554,23004,117 1,1,1,1
178,142,4,1349,89,159,1833,3024 1,7,1,1,1,1,1,28
1962,14,211 1,1,1
79,10,118,25,633 1,1,1,1,1
827,6063,5,1962,89 1,1,1,1,1
195,71,324,3,317,58,13,23005,4,1097,179,3,865,2405,416 1,4,4,4,4,4,1,1,1,1,1,1,1,1,1
655,314,5,288,35,572 1,1,1,1,1,1
253,153,765,4,166,20,4370,66,3024,12,80 1,1,1,1,1,1,1,1,28,1,1
1833,3024,3,728,312,633 1,28,1,1,1,1
450,1962 1,1
346,725,4,79,2562,10,1358,591,993 1,1,1,1,1,1,1,1,1
1287,288,35,572 1,1,1,1
439,8349,3,2110,134,23006,460,41,1347,17,1813,1021,138,311,103,341,709,158,151,3,142,3,881,5,3171,440,90,116 1,1,1,1,1,1,1,1,1,1,1,1,1,1,1,1,1,1,4,1,7,1,1,1,1,1,1,1
1347,13996,520,89 1,1,1,1
20,1043,388 1,1,1
11194,2732,2945,8261,3,107 1,1,1,1,1,1
