69,49,4,20048,5025,7385,203,36,10145,368,1661 18,1,1,1,1,1,1,1,1,1,1
471,401,17,1072,102,198,356,17,81,13,981,9,21,39,2324,364,793,8 1,1,1,1,1,1,1,1,4,1,1,1,1,1,1,1,1,1
201,337,1925,866,102,2207 1,1,1,1,1,1
88,1609,26,1949 1,1,1,1
503,21,61,12993,6,1971,124,24,251,2895 1,1,1,1,1,1,1,1,1,1
632,1227,1705,480,13,3471 1,1,1,1,1,1
21,132,776,5,116 1,1,1,1,10
140,111,6581,53,43 1,1,1,1,1
540,44,205,2145,482,185,1064,2,158,3313 1,1,1,1,1,1,1,1,1,1
11,250 1,1
21,61,8442,10,1882,121 1,1,1,1,1,1
7294,99,7,620,1016 1,1,1,1,1
11,115 1,1
1005,918,20049 1,1,1
620,2449,6805 1,1,1
1404,2490 1,1
8273,529,1013,6,6451,27,140 1,1,1,1,1,1,1
20050,20051,5,20052,6121,2272 1,1,1,1,1,1
88,44,34 1,1,1
586,106,1265,13,748,65,1477,10,12994 1,1,1,1,1,1,1,1,1
847,7901,117,1275,56,419,1863,117,3453,5,1147,423,10,20053 1,1,1,1,1,1,1,1,1,1,1,1,1,1
11,627,1251,26,618,2,11,272 1,1,1,1,1,1,1,1
167,7386,7320,4,1841,3834,470,5828,2,70,5592,505,8485,12984,3834,8480,4,70,12979 1,1,1,1,1,1,1,1,1,1,1,1,1,1,1,1,1,1,1
9,58,12980,2,12981,8,599,2204,1520,4,88,7387,115,4253,10146,4,4253,8483,127,4,12982,5828,2,4540,8484,2,12983,5492,2,10009,10152,2,3009,8485,2,8486,8487,81,4,311,165,314,2276,2,5331,802,2332,2578,10154 1,1,1,1,1,1,1,1,1,1,1,1,1,1,1,1,1,1,10,1,5,5,5,5,5,5,5,5,5,5,5,5,5,5,5,5,5,4,1,1,1,1,1,1,1,1,1,1,1
797,358,1604,12985,2,7378,10155,12986,9,10156,8,2,12987,7043,12988,2,2985,10157,2,3261,8484,2,3687,12989,895,4124,4,113,841,4317,10153,239,10,4737,8245 29,29,29,1,1,15,15,15,15,15,15,15,15,15,15,15,15,15,15,15,15,15,15,15,1,1,1,1,1,1,1,1,1,1,1
565,1358,527,4,3072,28,336,343,76,132,776,4,795,669,20054,239,10,2895,931,2,2895,1624,20055,137,1573,77,211,9,896,547,8,925,45,5194,60,35,45,9,62,8,25,33,230,768,45,60,35,45,9,62,8,25,33,3929,594,1252,9,20056,6940,20057,60,51,1496,8,5078,125,944,2,12995,33,98,74,35,2779,2,237,12995,5314,98,74,35,376,2,237,7339,20058,98,74,20059,237,20060,35,25,32,575,2,153,347,13,1275,100,10,497,511,15,107,20061,9,12996,767,8,491,45,60,35,45,9,62,8,25,291,138,976,4650,98,83,123,2,273,31,1411,108,947,38,1362,607,521,45,60,35,45,9,62,8,25,33,7388,51,41,12997,35,2072,9,51,41,12997,8,965,12998,98,154,123,184,390,45,25,33,8488,35,41,9,4109,35,41,3945,8,35,2072,9,35,41,3945,8,965,33,20062,1481,22,25,513,579,492,138,2,20063,6795 24,1,1,1,1,1,1,1,1,1,1,1,1,1,1,1,1,1,1,1,1,1,1,1,1,1,11,1,1,1,1,1,1,1,1,1,1,1,1,1,1,1,7,1,1,1,1,1,1,1,1,1,1,1,1,1,1,1,1,1,1,1,1,1,1,1,1,1,1,1,1,1,1,1,1,1,1,1,1,1,1,1,1,1,1,1,1,1,1,1,1,1,1,1,1,1,1,1,1,1,1,1,1,1,1,1,1,1,1,1,1,1,1,1,1,1,1,1,1,1,1,1,1,1,1,1,1,1,1,1,1,1,1,1,1,22,1,1,1,1,1,1,1,1,1,1,1,1,1,1,1,1,1,1,1,1,1,1,1,1,1,1,13,1,1,1,1,1,1,1,1,1,1,1,1,1,1,1,1,1,1,1,1,1,1,1,1,1,1,1,1,1,1,1,1,1
1171,108,484,2,868,26,1417,167,2640,635,109,22,9,491,45,60,35,8,25,283,2503,9,7389,8,683,45,60,684,45,9,62,8,25,1519,2,1171,947,108,329,50,272,2,264,3888,2,44,34,2,618,20064,9,2927,8,3258,595,60,35,595,9,62,8,25,125,944,2,51,12999,25,523,107,2,237,35,595,25,33,532,2705,499,4,586,1265,38,376 1,1,1,1,1,1,1,1,1,12,1,1,1,1,1,1,1,1,1,1,1,1,1,1,1,1,1,1,1,1,1,1,1,1,1,1,1,1,1,1,1,1,1,1,1,1,1,1,1,1,1,1,1,1,1,1,1,1,1,1,1,1,1,1,1,1,1,1,1,1,1,1,1,1,1,1,1,1,1,1,1,1,1,1
11,366,80 1,1,1
73,4,616,4218,727,2,111,20065,9,140,111,2800,12392,119,64,8,2,616,4218,727,2,2683,358,5493,169,97,101,616,5801,727,2,111,3633,9,140,6581,53,20066,119,64,278,8,202,4,570,112,4,11,293,229,623,4,418,2,11,1058,44,4,1778,194,302,2,745,516,4,11,4554,2,2010,7,51,601,98,7390,133,1377,79,157,412,349,2,11,2035,2,11,3200,342,1139,2,243,863,27,4532 1,1,1,1,1,1,5,5,1,1,1,1,1,1,1,1,1,1,1,1,1,29,29,29,29,1,1,1,1,1,1,5,5,1,1,1,1,1,1,1,1,1,1,1,1,1,1,1,1,1,1,1,1,1,1,1,1,1,1,1,1,1,1,1,1,1,1,1,1,1,1,1,1,1,1,1,1,1,1,1,1,1,1,1,1,1,1,1,1,1,1,1,1
3834,4,11,2315,571,467,1571,20067,1198,20068,684,2630,3655,13000,1402,20069,3687,2895,2231,13001,1015,20070,9702,1365,75,695,28,1015,7391,8489,1587,7391,4004,3575,7391,1662,2518,4,75,879,28,2077,1402,7391,3101,3576,7391,1893,205,609,20071,320,4,185,305,1064 1,1,1,1,1,1,1,1,1,1,1,1,1,1,1,1,1,1,1,1,15,15,15,15,15,15,15,15,15,15,1,1,1,1,1,1,1,1,1,1,1,1,1,1,1,1,1,1,1,1,1,1,1,1,1,1
620,2449,20072,620,1016,32,256 1,1,1,1,1,1,1
11,2315,1575,2498 1,1,1,1
833,161,81,341,20073,4,411,21,1015,256,13002,11,268,2332,534 1,1,4,4,4,1,1,1,1,1,1,1,1,1,1
1126,231,257 1,1,1
108,6,540,1015,14,411,256,481,2,237,40,301,1317,560,28,165,366,19,639,4,177,1583,328,7,91,313 1,1,1,1,1,1,1,1,1,1,1,1,1,1,1,1,1,1,1,1,1,1,1,1,1,1
1491,415,1011 1,1,1
40,1150,999,80 1,1,1,1
10,189,108,115,2950,26,108,44,34 1,1,1,1,1,1,1,1,1
207,100,117,415,215,186,1770,1227,1705,4,540,1227,542,918,97,95 1,1,1,1,1,1,1,1,1,1,1,1,1,1,1,1
126,13,802,6874,239,17,20074,48,64,3646,10,50,215 1,1,1,1,1,1,1,1,1,1,1,1,1
249,188,132,776,4,2895,7899,13003,13,1971,237,3472,12,13001 1,1,1,1,1,1,1,1,1,1,1,1,1,1
887,428,80,83 1,1,1,1
250,4,660 1,1,1
21,305,1064 1,1,1
239,17,4104,205,609,12,20075,3565,4,239,17,752,48,64,3646 1,1,1,1,1,1,1,1,1,1,1,1,1,1,1
1551,1291,20076,1772,20077,1198,10156,684,1412 1,1,1,1,1,1,1,1,1
502,4,345,439,4,75,695,28,2822,4674,36,2200,2630,3655,13000,1306,3941,47,9883,2,96 1,1,1,1,1,1,1,1,1,1,1,1,1,1,1,1,1,1,1,1,1
