69,49,4,20142,3051,30,29,279,17,63,1894,73 1,1,1,1,1,1,1,1,1,1,1,1
31,201,17,3020,51,159 1,1,1,1,1,1
1120,18,74,39,15,214,1169,95,13,23,943,74,2947,8359,9828,5,13028,5,10178,8283 1,1,1,1,1,1,1,1,1,1,1,1,1,1,1,1,1,1,1,1
39,61,5919,27,140,15,1814,2,5010,15,2036,1521,7,500 1,1,1,1,1,1,1,1,1,1,1,1,1,1
222,50,15,1814,7,2720,65,23,20143,5,12066 1,1,1,1,1,1,1,1,1,1,1
85,113,4275,13,23,837 1,1,1,1,1,1
1053,1044,10,55,3256,286,7,84,110 1,1,1,1,1,1,1,1,1
2732,36,11,2188,588,2,31,4569,529 1,1,1,1,1,1,1,1,1
352,36,152,2,167,990,592,332,4,2232,292,62,10171,3709,990,729,743,4,477,587,1390,292,127,20144,80,36,155,2175,481,2,4147,192,23,77 1,1,1,1,1,1,1,1,1,1,1,1,1,1,1,1,1,1,1,1,1,1,10,1,1,1,1,1,1,1,1,1,1,1
40,247,448,106,352,5,1634,10,1882,121 1,1,1,1,1,1,1,1,1,1
3562,4568,4,2449,2913,13029,201,608,10170,136,3104,151,1169,10,1150,23,1108,1568 1,1,1,1,1,1,1,1,1,1,1,1,1,1,1,1,1,1
309,4,706,4712,103,371,36,411,31,309,3303,1295,81,341,4,6582,1951,2,207,5862,36,20,13030,12,13031,2,2230,3472,2,887,6869,5,374,80,7397,4,2857,36,1066,227,4426,3736,74,2,5926,5,8495,2,8496,17,313,36,88,4445,26,618 8,8,8,8,3,3,1,1,1,1,1,1,1,1,1,1,1,1,1,1,1,1,1,1,1,1,1,1,1,1,1,1,1,1,1,1,1,1,1,1,1,1,1,1,1,1,1,1,1,1,1,1,1,1,1,1
113,1625,977,15,2131,1154,4739 1,1,1,1,1,1,1
826,15,1744,194,5,84,3066,2499 1,1,1,1,1,1,1,1
11,627,115 1,1,1
2112,404,84,793,15,376 1,1,1,1,1,1
40,155,1768,5,1005 1,1,1,1,1
164,143,76,4,103,4242,5966,261,369,269,4712,2,608,3948,2,1066,7396,5491,36,148,609,17,313 9,9,9,1,3,3,3,3,3,3,3,1,1,1,1,1,1,1,1,1,1,1,1
11,455,74,2,4445 1,1,1,1,1
31,201,507,17,248,10,102,159 1,1,1,1,1,1,1,1
40,1029,437,13,507,110,37,608,3948,2705,620,1016,4,2857,2,2750,2,207,1005 1,1,1,1,1,1,1,1,1,1,1,1,1,1,1,1,1,1,1
480,13,13032,1415,7402,97,1005,1453,13033,5,20,12,6,43,502 1,1,1,1,1,1,1,1,1,1,1,1,1,1,1
10,125,58,6583,1647,200 1,1,1,1,1,1
254,4,4430,149,1462,2,4161,2,116,2,2575,5,334,299,178,12,64 16,1,1,1,1,1,1,1,10,1,1,1,1,1,9,1,1
12,1091,3386,18,20,1901,10,383,23,210,10,130,22,5,237,10,437,12,1110 1,1,1,1,1,1,1,1,1,12,1,1,1,1,1,1,1,1,1
18,578,222,383,6,262,27,37,95 1,1,1,1,1,1,1,1,1
155,1321,5,367,797,400,223,2,5,237,319,3986,108,92,301,10,383,6,210 1,1,1,1,1,1,1,1,1,1,1,1,1,1,1,1,1,1,12
40,4833,17,544,553,271,204,77,211,9,896,547,8,1017,45,60,35,45,9,62,8,25,33,921,3218,9,1303,22,8,35,347,1160,1519,138,138,455,737,9,1133,8,521,45,60,35,45,9,62,8,25,33,5496,1349,684,41,9,5496,7403,684,41,8,965,59,138,210,9,894,8,390,45,25,33,1020,9,184,8,446,45,60,35,45,9,62,8,25,33,230,626,45,60,35,45,9,62,8,25,33,669,9,1010,8,768,45,60,35,45,9,62,8,25,33,1286,9,1889,8,35,22,9,1456,45,60,35,8,25,283,138,2,20145,46,8173,20146,137,7398,36,484,2,128,30,603,4738,2,1470,110,10172,2,371,27,1697,5,1429,36,587,237,10173,2726,587,65,592,335,117,183,200,10174,2,1224,439,2232 1,1,1,1,1,1,1,1,11,11,11,11,11,1,1,1,1,1,1,1,1,1,1,21,21,1,1,1,1,1,1,1,1,1,1,1,23,23,23,23,1,1,1,1,1,1,1,1,1,1,1,1,1,1,1,1,1,1,1,1,1,1,1,12,12,12,12,1,1,1,1,13,13,13,13,1,1,1,1,1,1,1,1,1,1,7,1,1,1,1,1,1,1,1,1,1,25,25,25,25,1,1,1,1,1,1,1,1,1,1,1,1,1,1,1,1,1,1,1,1,1,1,1,1,1,1,1,1,1,1,1,1,1,1,1,1,1,1,1,1,1,1,1,1,1,1,1,1,1,1,1,1,1,1,1,1,1,1,1,1,1,1,1,1,1,1
481,3187,36,153,13,120,2,5,51,3664,36,1691,11,228,136,498,1894 1,1,1,1,1,1,1,1,1,1,1,1,1,1,1,1,1
179,30,1544,17,10175,32,10176,2,3833,3113,2,153,837,36,1865,292,104,295,13,23,36,20147,20148,8321,163,7,213,6,640,213,129,177,80,5,129,66,2638,1683,355,12,6,30,166,256,4,2050,2,202,2,592,2,1977,2,339,2,2732,2,181,2,1031,2,323,2,1353,2,372,2,5,2665,93,73,520,359,67,94,11944,296,284,2289,1211,12,121,20149,946,3036,8422,100,102,727,224,4,479,57,202,4,570,2,725,2,966,43,181,4,11,2315,571,112,4,11,846,2,11,229,799,4,11,815,2,2133,2,26,2306,780,2641,36,11,4393,377,26,8500,2,11,2617,342,44,4,90,10,452,2,11,1223,26,1945,694,4,135,246,2,253,2,11,387,2,711,26,766,340,4,133,2,875,2,11,1003,26,342,1031,4,11,733,2,388,2,26,277,516,4,11,4554,2,323,4,992,2612,424,927,1551,1291,5967,367,5080,4891,1320,13026,125,444,12,457,1108,1568,5080,125,444,12,457,2688,6586,66,752,13034,125,444,12,457,389,1218,6586,125,444,12,457,2630,3655,5080,1587,5080,2515,3575,5080,2621,266,9,835,8,8502,7404,3576,5080,2812,458,9,654,8,8502,3443,1015,5080,13035,8503,13036,66 1,1,1,1,1,1,1,1,1,1,1,1,1,1,1,1,1,1,1,1,1,1,1,1,1,1,1,1,1,1,1,1,1,1,1,1,1,1,1,1,1,1,1,1,1,1,1,1,1,1,1,1,1,1,1,1,1,1,1,1,1,1,1,1,1,1,1,1,1,1,1,1,1,1,1,5,1,1,1,1,1,1,1,1,34,34,1,1,1,1,1,1,1,1,1,1,1,1,1,1,1,1,1,1,1,1,1,1,1,1,1,1,1,1,1,1,1,1,1,1,1,1,1,1,1,1,1,1,1,1,1,1,1,1,1,1,1,1,1,1,1,1,1,1,1,1,1,1,1,1,1,1,1,1,1,1,1,1,1,1,1,1,1,1,1,1,1,1,1,1,1,1,1,1,1,1,1,1,1,1,1,1,1,1,1,1,1,1,1,1,1,1,1,1,1,1,1,1,1,1,1,1,1,1,1,1,1,1,1,1,1,1,1,1,1,1,1,1,1,1,1,1,1,1,1,1,1,1,30,30,30,1,1,1,1,1,1,1,1,1,1,1,1,1,1,1,1,1,1,1,1,1
242,5,114,161,424,927,36,1108,1568,3538,273,866,248,10,102,159 1,1,1,1,1,1,1,1,1,1,1,1,1,1,1,1
3344,20150,214,3365,36,4410,692,10,273,38,428,5,7400,2,752,1104,7402,10,383,352 1,1,1,1,1,1,1,1,1,1,1,1,1,1,1,1,1,1,1,1
165,4264,36,442,2,539,6587,151,31,7401,13,4703,5079,186,535,2,415,36,1044,10,55,448,1916,419,110 1,1,1,1,1,1,1,1,1,1,1,1,1,1,1,1,1,1,1,1,1,1,1,1,1
285,38,17,373,7,23,1280,1409,1207 1,1,1,1,1,1,1,1,1
1312,10,433,286,110,5,20151 1,1,1,1,1,1,1
10,500,791,2218,110 1,1,1,1,1
31,3353,12,241,2685,26,77 1,1,1,1,1,1,1
249,399,2789,416,18,6521,100,5,404,23,3735,53,20152,23,1176,53,20153,5,10086 1,1,1,1,1,1,1,1,1,1,1,1,1,1,1,1,1,1,1
11,907,13,6427 1,1,1,1
40,954,2967,17,248,10,102,236,10,125,108,84,3320 1,1,1,1,1,1,1,1,1,1,1,1,1
468,7,709,36,125,256 1,1,1,1,1,1
437,102,198,6585,8498 1,1,1,1,1
