69,49,4,20111,3051,30,1516,292,407,104,279,17,356,201,12,91,997,5823,97,223,5,111,5749 1,1,1,1,1,1,1,1,1,1,1,1,1,1,1,1,1,1,1,1,1,5,5
648,1008,1089,5,92,264,23,669,10,244,22,65,1247,1213,416,23,111,74,129,1104,68,136,36,20112 1,1,1,1,1,1,1,25,1,1,1,1,1,1,1,1,1,1,1,1,1,1,1,1
701,608,3948,20113,36,18,20,3000,13,457,7,1066,27,7396 1,1,1,1,1,1,1,1,1,1,1,1,1,1
10,356,20114 1,1,1
11,455,74,136,97,605 1,1,1,1,1,1
168,10,500,5,1312,10,974 1,1,1,1,1,1,1
11,616,274,5,20115,42,38,2,48,1053,1312,10,352 1,1,1,1,1,1,1,1,1,1,1,1,1
11,309,17,102,198,110,3303,411,13,20116,2,6521,23,100,27,420 8,8,8,8,8,8,8,1,1,1,1,1,1,1,1,1
167,990,592,332,2232,292,62,990,729,743,477,587,1390,292,127,3562,4568,2449,2913,309,254,4430,149,1462,2,4161,2,116,2,2575,5,334,299,178,12,64 1,1,1,1,1,1,1,1,1,1,1,1,1,1,10,1,1,1,1,1,16,1,1,1,1,1,1,10,1,1,1,9,9,9,1,1
1295,81,341,6582,1951,2,207,5862,7397,2857,36,1066,227,4426,3736,164,143,76,103,4242,5966,261,369,269,4712,2,608,3948,620,1016,2857,2,2750,2,207,1005 1,1,1,1,1,1,1,1,1,1,1,1,1,1,1,9,9,9,3,3,3,3,3,3,3,3,3,3,1,1,1,1,1,1,1,1
77,737,9,1133,8,521,35,45,9,62,8,25,33,473,9,1828,8,449,22,25,33,230,626,35,45,9,62,8,25,33,211,9,896,547,8,1017,35,45,9,62,8,25,33,1020,9,184,8,446,35,45,9,62,8,25,33,210,9,894,8,491,35,45,9,62,8,25,33,669,9,1010,8,768,35,45,9,62,8,25,33,921,3218,9,1303,22,8,35,347,1160,1519,138,138,455,137,10168,9,7398,8,484,520,359,67,20117,5017,540,20118,492,284,1714,616,5417,727,93,73,1423,57 1,23,23,23,23,1,1,1,1,1,1,1,1,9,28,28,28,1,1,1,1,7,1,1,1,1,1,1,1,1,11,11,11,11,11,1,1,1,1,1,1,1,1,13,13,13,13,1,1,1,1,1,1,1,1,12,12,12,12,1,1,1,1,1,1,1,1,25,25,25,25,1,1,1,1,1,1,1,1,21,21,21,21,21,21,1,1,1,1,1,1,1,1,1,1,1,1,1,1,1,1,1,5,5,5,1,1,1,1,1,1,1,1,1,1
226,90,2,1977,10169,2,516,36,11,79,242,5,114,161,20119,36,385,400,1115,12,451,198 1,1,1,1,1,1,1,1,1,1,1,1,1,1,1,1,1,1,1,1,1,1
3365,17,3344,36,40,301,10,415,38 1,1,1,1,1,1,1,1,1
165,178,36,679,13,91,997,2,352,2,608,3948,2,48,448,57 1,9,1,1,1,1,1,1,1,1,1,1,1,1,1,1
186,111,36,419,19,264,669 1,1,1,1,1,1,25
155,258,400,101,2,199,524,288,5,19,1918 1,1,1,1,1,1,1,1,1,1,1
249,4161,36,1560,3303,351,2750,4174,36,113,841,1821,10,954,87,150,257,36,40,954,10,1730,100,13,84 1,1,1,1,1,1,1,1,1,1,1,1,1,1,1,1,1,1,1,1,1,1,1,1,1
459,2750,620,1016,36,887,1005,400,101 1,1,1,1,1,1,1,1,1
636,1295,6869,36,1691,1098,5491 1,1,1,1,1,1,1
843,1462,36,1691,2,797,19,400,101 1,1,1,1,1,1,1,1,1
