69,49,4,20261,89,974,12,1045,10192,203,538,474,307,10193,2722,20262,5970,2,8511,20263,2416,4,20264,3271,4,20265,440,4,1476,242,4,616,4,1157,4,289,4,111,4,581,17,101,4,44,34,282,467,4,137,4,1573,560,4,211,30,7,6,156,360,4,1569,292,345,13,30,7,178,9,334,269,505,8,13,44,34,97,420,5,80 1,1,1,1,1,1,1,1,1,1,1,1,1,1,1,1,1,1,1,1,1,1,1,1,1,1,1,1,1,1,1,1,1,1,1,1,1,1,1,1,1,1,1,1,1,1,1,1,1,1,1,1,1,11,1,1,1,1,1,1,1,1,1,1,9,9,9,1,1,1,1,1,1,1,1,1,1,1,1
3815,2,29,382,10,352,244,606,19,63,20266,20267,10193 1,1,1,1,1,1,1,1,1,1,1,1,1
382,10,352,922,86,44,34 1,1,1,1,1,1,1
97,420,2,21,696,7,44,94,27,468,13,627,272,5,688,7775 1,1,1,1,1,1,1,1,1,1,1,1,1,1,1,1
11,993,26,969,5,11,396 1,1,1,1,1,1,1
1379,15,3030,5,9453 1,1,21,1,1
80,2,222,31,352 1,1,1,1,1
38,2556,2,39,696,7,1084,44,94,27,468 1,1,1,1,1,1,1,1,1,1,1
6,94,11937,5,11938,17,106,95,5,237,29,1379,15,3030,5,39,20268 1,1,1,1,1,1,1,1,1,1,21,21,21,21,1,1,1
428,2,94,627,13,272,5,20269,48,11,969,26,396 1,1,1,1,1,1,1,1,1,1,1,1,1
158,10,97,420,2,29,319,31,5003,37,97,95,37,16,865,10,60,15,3030 1,1,1,1,1,1,1,1,1,1,1,1,1,1,1,1,1,1,21
2830,637,4,20270,685,93,73,4,487,456,7856,44,745,418,20271,5,253,187,133,2797,4,2477,714,36,30,1805,10194,714,13,380,20272,1819 1,1,1,1,1,1,1,1,1,1,1,1,1,1,1,1,1,1,1,1,1,17,17,1,1,1,1,1,1,1,1,1
519,55,685,2,48,9453,13,3030 1,1,1,1,1,1,1,21
301,10,1364,91,1757,5,328,20273 1,1,1,1,1,1,1,1
114,4,10,189,36,1752,20274,5,3019,5,114,1149,437,4,32,256,1306,9461,2594,20275,2,96 1,1,1,1,1,1,1,1,1,1,1,1,1,1,1,1,1,1,1,1,1,1
