67,54,4,25137,39,4,962,125,33,58,274,215,1262,215,236,141,4111,58,33,1994,25138,1222,69,14523,167,147,47,36,4,812,11,130,1414,19,962 1,1,1,1,1,1,1,1,1,1,9,1,27,1,12,1,1,1,1,1,1,1,1,1,1,1,1,1,1,1,1,1,1,1,1
16,109,55,1648,7,2510,48,34,584,10,59,303,1307,43,4111,5,25139,5,1762,43,3268,6918,10,992,9,4367,631,8 1,1,1,1,1,1,1,1,1,1,1,1,1,1,1,1,1,1,1,1,1,1,1,1,1,1,1,1
11,380,2990,10,571 1,1,1,1,1
147,47,58,4,212,11,380,48,34,3,616,2914,26,255,7,616 1,1,1,1,10,1,1,1,1,1,1,1,1,1,1,1
4263,429,99,87,10,1818,1214,111,44,904,51,15,381,2696,4565,7,325,13,6872 2,2,2,2,2,2,2,2,2,2,2,2,2,2,2,2,2,2,2
21,31,2145,7468,12,3530,1572,35,420,43,3275,6918,147,47,117,25140,148,82,3936,471,27,163,147,47,210,287,99,25141,3039,5376,926,1294,580,2008,9,11334,8,147,47,108,1234,8480,4695,9,132,8,179,13,1092,147,47,320,553,338,16,768,9455,7,338,3,27,85,21,68,343,43,23,2802,331,13,2900 1,1,1,1,1,1,1,1,1,1,1,1,1,1,1,1,29,29,29,1,1,1,1,1,1,15,1,1,1,1,1,1,1,1,1,1,1,1,1,1,1,1,1,1,1,1,1,1,1,1,1,1,1,1,1,1,1,1,1,1,1,1,1,1,1,1,1,1,1,1,1
208,160,1280,164,206,30,886,579,227,4,11,841,26,678,147 1,1,1,1,1,1,1,1,1,1,1,1,1,1,1
1844,4,122,270,644,4,122,270,362,4,11,300,3,375,3,34,3,326,2710,3,2841,3,1366,1309,4,11,796,3,1235,3,2435,34 1,1,1,1,1,1,1,1,1,1,1,1,1,1,1,1,1,1,1,1,1,1,1,1,1,1,1,1,1,1,1,1
5766,4,11,1009,3,700,3,628,1030 1,1,1,1,1,1,1,1,1
11,611,3,697 1,1,1,1
25142,4,11,1393,3,1968,3,2486,26,1585,1098 1,1,1,1,1,1,1,1,1,1,1
25143,4,11,2099,3,3161 1,1,1,1,1,1
174,4,11,655,314,3,249,3,590,3,391,535 1,1,1,1,1,1,1,1,1,1,1,1
102,101,148,11160,9,2897,8,364,1973,14722,227,4329 1,1,6,6,1,1,1,1,1,1,1,1
2369,703,136,4,332 1,1,1,1,1
687,31,985 1,1,1
11,216,222,2973,82,4,11,908,155,4,91,10,1051,5,463,130,4,31,985 1,1,1,1,1,1,1,1,1,1,1,1,1,1,1,1,1,1,1
11,213,214,4,152 1,1,1,1,1
11,1061,3,240 1,1,1,1
246 1
779,4,623,7341,985,3,13694,3,11,240,114,4,296,1693 1,1,1,1,1,1,1,1,1,1,1,1,1,1
11,93 1,1
975,133,204,273,4,928,44,339,5,104,4,812,33,1122,1572,212,33,390,520,29,810,1089,10,122,3275,6918,2049,1457,3024,36,32,10,1572,287,33,482,2053,236,33,35,135,8835,6918,15164,435,1858,13,28,12,25144,5,2297,198 1,1,1,1,1,1,1,1,1,1,1,1,1,1,1,10,1,1,1,1,1,1,1,1,1,1,7,64,64,1,1,1,1,15,1,1,1,12,1,1,1,1,1,1,1,1,1,1,1,1,1,1,1
497,3068,7089 1,1,1
