67,54,4,25179,9714,318,1141,112,4578,3,2770,872,9715,112,54,4,15168,61,234,5,30,7,61,234,4,6,28,14,15,3761,767,121,61,10,6,318,499 1,1,1,1,1,1,1,1,1,1,1,1,1,1,1,1,1,1,1,1,1,1,1,1,1,1,1,1,1,1,1,1,1,1,1,1,1
16,146,421,249 1,1,1,1
16,14,267,113,161,315,2300,938 1,1,1,1,1,1,1,1
16,190,40,14,15,7582,1302 1,1,1,1,1,1,1
6,28,38,7582,12,25180,3,5,146,16,242,31,46,516 1,1,1,1,1,1,1,1,1,1,1,1,1,1
23,80,39,30,14,98,269,17,5604,71,324,3,621,735,938,13,15,7259,735,3,5,692,831 1,1,1,1,1,1,1,1,4,4,4,1,1,1,1,1,1,1,1,1,1,1,1
16,14,19,809,5,203 1,1,1,17,1,11
16,21,11,374,357,127 1,1,1,1,1,1
6,28,190,60 1,1,1,1
16,631,37,1231,421,16,299,249,115,10,2073,851,1934,3,600,92,14,31,37,365,1231,421 1,1,1,1,1,1,1,1,1,1,1,1,1,1,1,1,1,1,1,1,1,1
6,28,82,80,39,30,14,98,173,17,212,3,13,62,431,12,2165,5,692,1267,12,8482,23,2300,20,25181,267,113,183 1,1,1,1,1,1,1,1,1,1,10,1,1,1,3,3,3,1,1,1,1,1,1,1,1,1,1,1,1
16,38,15,25182,918,12,6497,16,21,15,30,7,1354 1,1,1,1,1,1,1,1,1,1,1,1,1
102,101,4,6,28,14,2269,132,3,13,15,807,7,967,851,1934,3,15,133,7,1713,3,15,386,156,7,581,5,2478,3,15,63,94,7,8343,3,5,15,702,737,1045,7,1183,42 1,1,1,1,1,1,1,1,1,1,1,1,1,1,1,1,1,1,1,1,1,1,1,1,1,1,1,1,1,1,1,1,1,1,1,1,1,1,1,1,1,1,1,1
6,227,101,14,72 1,1,1,1,1
6,155,57,91 1,1,1,1
6,130,21,15,145,239 1,1,1,1,1,1
6,214,14,152,5,979 1,1,1,1,1,1
6,28,197,334,60 1,1,1,1,1
457,172,4,63,587,57,359 1,1,1,1,1,1,1
340,1598,12,230,4,6,28,82,747,198,331,14,732,5,41,96,115,13,6,28 1,1,1,1,1,1,1,1,1,1,1,1,1,1,1,1,1,1,1,1
6,28,82,696,63,763,785,14,460,23,824,14,6920,23,663,14,3156,3,23,392,1352,3,5,23,347,11696,6,1425,14,72,17,411 1,1,1,1,1,1,1,1,1,1,1,1,1,1,1,1,1,1,1,1,1,1,1,1,1,1,1,1,1,1,1,1
16,21,11,350,411,202 1,1,1,1,1,1
74,57,11,937,84,19,23,177 1,1,1,1,1,1,1,1
6,28,197,10,52,191,60,139,6,2300,938 1,1,1,1,1,1,1,1,1,1,1
6,2300,21,31,38,10,4139 1,1,1,1,1,1,1
603,505,4,421,249,3,921,3788 1,1,1,1,1,1,1,1
566,9,158,534,748,261,8,4,6,28,14,261,12,232,534,10,198,1201,903 1,1,1,1,1,1,1,1,1,1,1,1,1,1,1,1,1,1,1
1218,25183,15169,7798,3,107 1,1,1,1,1,1
15170,25184,25185,533,43,4,15169,7798,3,107 1,1,1,1,1,1,1,1,1,1
15170,250,31,81,43,262,331,250 1,1,1,1,1,1,1,1
