69,49,4,20328,1231,105,2,6598,2512,13074,2,96 18,1,1,1,1,1,1,1,1,1,1,1
13077,680,144,2372,7412,20329,325,13078,3077,2,916,13079,536,4,3070,3998,512,46,8513,828,2512,4,47,701,3070,3998,428,80 1,1,1,1,1,1,1,1,1,1,1,1,1,1,1,1,1,1,1,1,1,1,1,1,1,1,1,1
16,21,61,214,185,1737,191,472,78,1036,198 1,1,1,1,1,1,1,1,1,1,1
47,2242,38,4297,15,13085,7,6,640,497,825,142,12,24,89,322 1,1,1,1,1,1,1,1,1,1,1,1,1,1,1,1
32,329,871,2,92,50,2191,192,2049,6599,2,5,38,21,61,627,13,15,1972,4887 1,1,1,1,1,1,7,7,7,7,7,1,1,1,1,1,1,1,1,1
16,39,13086,6513,6600,730,2,1758,4418,10,24,1172,504,139,5,16,14,110,290,15,135,262,7,235 1,1,1,1,1,1,1,1,1,1,1,1,1,1,1,1,1,1,1,1,1,1,1,1
16,14,19,368,22,3768,13,130,22,119,107 1,1,1,1,1,1,1,1,1,1,1
16,113,50,115,7,713,2,48,24,1172,1131,139,14,791,2401 1,1,1,1,1,1,1,1,1,1,1,1,1,1,1
16,14,281,19,5910,244,22,82,5,235,368,22,119,107,3768,13,130,22,119,107,2,2157,4707,22,327 1,1,1,1,1,1,1,1,1,1,1,1,1,1,1,1,1,1,1,1,1,13,1,1,1
2763,2,1266,2,131,2,987,2,172,2,5,20330 1,1,12,1,6,1,20,1,11,1,1,1
24,2212,21,61,2191 1,1,1,1,1
16,113,50,1433,719,1257,2,2291,4176,286,7,38,2,48,47,221,4288,10,1491,4359,364,17,170,27,6,156,95 1,1,1,1,1,1,1,1,1,1,1,1,1,1,1,1,1,1,1,1,1,1,1,1,1,1,1
16,21,31,61,10031,42,24,7293 1,1,1,1,1,1,1,1
13087,16,1044,791,185 1,1,1,1,1
16,113,50,149,713,2,48,14,355,3350,529 1,1,1,1,1,1,1,1,1,1,1
16,40,2472,55,13088,10,20331,38,2470 1,1,1,1,1,1,1,1,1
93,122,80,14,7,99,17,15,121,7,7872,727 1,1,1,1,1,1,1,1,1,1,1,1
24,67,94,14,13089,2,24,2736,296,13090,24,112,1486,53,12,1708,2,791,20332 1,1,1,1,1,1,1,1,1,1,1,1,1,1,1,1,1,1,1
68,14,839,1078,1386,2,2112,9166,601 1,1,1,1,1,1,1,1,1
68,14,11,6250,1002 1,1,1,1,1
536,4,3070,3998,512,46,8513,3351,20333,226,129,90 1,1,1,1,1,1,1,1,1,1,1,1
122,7,24,118,821,15,10199,4578 1,1,1,1,1,1,1,1
246,5,253,2707,43 1,1,1,1,1
11,1093,2,11,1422,5,11,417,26,1271,2075 1,1,1,1,1,1,1,1,1,1,1
187,14,599,86,782,902,26,3139,5,68,20,11,336,79 1,1,1,1,1,1,1,1,1,1,1,1,1,1
68,53,225,4564 1,1,1,1
24,1322,482,9545,212 1,1,1,1,1
287,3070,3998,14,281,185,19,38,322 1,1,1,1,1,1,1,1,1
5372,2,47,50,1074,11,142 1,1,1,1,1,1,1
47,50,1453,1239,1768 1,1,1,1,1
1262,4259,17,6155,1089,2011,12,24,203 1,1,1,1,1,1,1,1,1
13,1810,1646 1,1,1
1027,2,3316,2060,6303,2,96 1,1,1,1,1,1,1
20334,232,31,177,42,240,312,232 1,1,1,1,1,1,1,1
