67,54,4,25193,9714,318,1141,112,4578,3,2770,872,9715,112,54,4,25194,30,7,61,234,4,6,28,14,62,1974,1476,87,302,498,121,21,38,267,778,490,12,6,80,3,158,62,2963,3,5,692,1267,5,692,831,121,21,62,2300,12,121,61,89,13,23,2300,4139,311,85 1,1,1,1,1,1,1,1,1,1,1,1,1,1,1,1,1,1,1,1,1,1,1,1,1,1,1,1,1,1,1,1,1,1,3,3,3,3,3,3,3,3,3,3,1,1,1,1,1,1,1,1,1,1,1,1,1,1,1,1,1,1,1,1,1
6,28,82,2300,1466,4139,311,85,477,16,20,12,6,318,499 1,1,1,1,1,1,1,1,1,1,1,1,1,1,1
81,7,182,4,6,28,21,11,48,34,3,611,3,26,226,7,184 1,1,1,1,1,1,1,1,1,1,1,1,1,1,1,1,1
16,61,12,692,1267,13,23,2300,4139 1,1,1,1,1,1,1,1,1
80,39,30,4,6,28,21,15,173,181,120,76,30,5,95,38,23,3962,469,3,620,15,129,183 1,1,1,1,1,1,1,1,1,10,10,10,1,1,1,1,1,1,1,1,1,1,1,1
16,21,38,267,778,490 1,1,1,3,3,3
16,21,71 1,1,4
39,4,622,5,348 1,1,21,1,17
127,4,274 1,1,1
102,101,4,316,205,4,316,205,557,211,3,158,63,94 1,1,1,1,1,1,1,1,1,1,1,1,1,1
227,4,44 1,1,1
155,4,91 1,1,1
612,4,2254,13,15,2856,239 1,1,1,1,1,1,1
214,4,152,3,979 1,1,1,1,1
155,4,91,100 1,1,1,1
457,172,4,6,28,82,177,111,692,1267,5,128,563,185,12,6,811,1036 1,1,1,1,1,1,1,1,1,1,1,1,1,1,1,1,1,1
48,738,20,91 1,1,1,1
1348,143,781,10,144,23,663 1,1,1,1,1,1,1
340,1598,12,230,4,6,28,20,2660,19,3656,5,2856,19,15,3656,1685 1,1,1,1,1,1,1,1,1,1,1,1,1,1,1,1,1
16,98,370,289,5,610 1,1,1,1,1,1
16,98,370,58,22,7,1405,17,3098 1,1,1,1,1,1,1,1,1
16,38,11,48,34,477,16,20,12,6,318,499,29,23,344,34,20,66,6,3962,4139 1,1,1,1,1,1,1,1,1,1,1,1,1,1,1,1,1,1,1,1,1
278,9,158,451,8,4,6,28,20,221,43,281,297,5,98,43,6,281,297,1191 1,1,1,1,1,1,1,1,1,1,1,1,1,1,1,1,1,1,1,1
603,505,4,30,7,181,120,76,3,132,13,692,1267,5,563,185,19,177,13,3962,4139 1,1,1,1,1,10,10,10,10,1,1,1,1,1,1,1,1,1,1,1,1
566,9,158,534,748,261,8,4,6,28,20,2259,4813,10,6,445,149 1,1,1,1,1,1,1,1,1,1,1,1,1,1,1,1,1
16,14,137,12,211,534 1,1,1,1,1,1
1218,25195,2376,5104,3,107 1,1,1,1,1,1
15174,25196,25197,533,43,4,2376,5104,3,107 1,1,1,1,1,1,1,1,1,1
15174,250,31,81,43,262,331,250 1,1,1,1,1,1,1,1
