67,54,4,25211,1306,1469,3,2476,25212,9691,3,107 1,1,1,1,1,1,1,1,1,1,1,1
25213,163,124,2277,25214,1418,25215,3,3921,25216,684,4,9717,3,6921,542,4,15182,882,64,9691,4,941,360,17,510,844,28,3,6921,9717,3,17,24,147,7,181,325 1,1,1,1,1,1,1,1,1,1,1,1,1,1,1,1,1,1,1,1,1,1,1,1,1,1,1,1,1,1,1,1,1,1,1,1,10,10
35,360,731,3,629,9717,14,15,2381,87,302,428,13,939,87,7,1864,106,5,131,1856,121,14,6262,5,21,1005,118,116,7,48,1236,424,13,380 1,1,1,1,1,1,1,1,1,1,1,1,1,1,1,1,1,7,1,1,15,1,1,1,1,1,1,1,1,1,1,1,1,1,1
15,429,1021,5852,264,890,43,360,722,3439,794,5,1619,811,325,543,13,15,53,2075,1950 1,2,2,2,2,2,2,2,2,2,2,2,2,2,2,2,2,2,2,2,2
6,402,7,6,264,158,62,288,1638,17,75,6,28,288,17,539,435,5,558,896,17,3198,1818,3,13,62,118,12,130,156,66,1232,10,4935,9,75,14,1914,42,7,2879,1263,130,156,8,3,5,118,12,63,94,66,9531,10,25217,9,13,15,156,94,1166,7,25218,8 1,1,1,1,1,1,1,1,1,1,1,1,1,1,1,1,1,1,1,1,1,1,1,1,1,1,1,1,1,1,1,1,1,1,1,1,1,1,1,1,1,1,1,1,1,1,1,1,1,1,1,1,1,1,1,1,1,1,1,1,1,1,1,1
6,154,20,488,290,10,590,5,504,170,48,34 1,1,1,1,1,1,1,1,19,19,19,19
177,722,14291,7,14253,363,12,645,3,1016,3,719,5,11025,3,5,74,143,11,55,2117 1,1,1,1,1,1,1,1,1,1,1,1,1,1,1,1,1,1,1,1,1
24,80,39,30,14,376,569,5,24,137,39,158,3340,3,2669,3,5204,3,5,1895,10839,946 1,1,1,1,1,1,1,1,1,1,1,1,1,1,1,1,1,1,1,20,1,1
15,95,520,1134,722,15,486,393,7,6279,3,580,7,2647,3,5,62,926,7,7930,19,102,101,3,18,14,1250,3,60,197,428,13,15,140,7,5860,624,3,133,1106,1611,135,435,5,145,3,63,94,6914,12,6,53,303 1,1,1,1,1,1,1,1,1,1,1,35,35,35,1,1,1,1,1,1,1,1,1,1,1,1,1,1,1,1,1,1,1,1,1,1,1,1,1,1,1,1,1,1,1,1,1,1,1,1,1,1,1
1161,715,94,20,620,25219,7,1599 1,1,1,1,1,1,1,1
216,722,44,1700,13,11,222 1,1,1,1,1,1,1
48,101,20,91,10,463 1,1,1,1,1,1
130,101,722,15,44,304,3,269,1094,3,2118,2111,310,3,11,213,26,502 1,1,1,1,1,1,1,1,1,1,1,1,1,1,1,1,1,1
291,101,20,684,4,9717,3,6921,542,4,15182,1167,58,1306,1469,3,2476,569 1,1,1,1,1,1,1,1,1,1,1,1,1,1,1,1,1,1
330,101,722,11,330,101,5,217,100,330,133 1,1,1,1,1,1,1,1,1,1,1
177,722,44,338,239,5,376,44,177 1,1,1,1,1,1,1,1,1
50,81,6,461,508,7,62,756,181,243,12,6,53,2075,1950,5,6,1019,7,24,46,1513,884,181,120,76,35,6,4674,17,24,48,34 1,1,1,2,2,2,2,2,2,2,2,2,2,2,2,1,1,1,1,1,1,10,10,10,10,10,1,1,1,1,1,19,19
119,81,6,2076,75,158,39,340,1988,181,1531,5,284,1156 1,1,1,1,1,1,1,1,1,1,1,1,1,1
50,1049,11,3380,420,17,24,3,51,508,37,6,1156,2943,20,15,422,266,341,2943,75,208,1036,10,7199,6,756,243,35,6700,10,39,340,3,75,237,98,52,15,60,1623,1771,3,5,50,81,6,202,10,508,39,516,7,1513,884,76,109,31,15183,175,82,2733,15184,5,344,1246,6,3847,7,2733,1048,19,6,116,572 1,1,1,1,1,1,1,1,1,1,1,1,1,1,1,1,1,1,1,1,1,1,1,1,1,1,1,1,1,1,1,1,1,1,1,1,1,1,1,1,1,1,1,1,1,1,1,1,1,1,1,1,1,1,1,1,1,1,1,1,1,1,1,1,1,1,1,1,1,1,1,1,1,1,1
18,5,24,1037,57,530,10,3136,19,571,420,5,299,188,10,271,43,6,1182,7,6,113 1,1,1,1,1,1,1,1,1,1,1,1,1,1,1,1,1,1,1,1,1,1
134,18,109,1824,10,1410,181,1531,5,284,1156,3,119,41,503,24,1442,12,528 1,1,1,1,1,1,1,1,1,1,1,1,1,1,1,1,1,1,1
50,46,503,513,12,175,129,7761,10,122,24,12,6,668 1,1,1,1,1,1,1,1,1,1,1,1,1,1
395,191,31,1837,10,732,271,134,50,368,52,7,88,268,1224 1,1,1,1,1,1,1,1,1,1,1,1,1,1,1
13,617,641,3,2057,6079,3,107 1,1,1,1,1,1,1,1
25220,250,31,81,43,262,331,250 1,1,1,1,1,1,1,1
