69,49,4,20481,507,8531,3430,308,220,2522,10231,4,13140,2,20482,2,20483,2,20484,28,20485,4,20486,28,2608,4177,2522,20487,2608,20488,2,20489,2522,10231,4,13141,280,1643,2,13141,1643,28,20490,28,10232,4,3083,28,13142,4,20491,28,20492,4,20493,28,20494,4394,2126,28,2608,20495,2,20496,2,20497,2,20498,2522,2608,13143,2522,20499,8536,20500,8536,28,2608,20501,2,20502,2522,10233,4,10234,28,2608,12035,2522,13144,4,20503,28,13145,515,515,8536,28,2608,20504,2522,10233,4,10234,28,13144,4,984,28,13145,515,515,8536,28,2608,20505,2522,10231,4,403,13140,348,28,10233,4,10234,28,2608,20506,2522,7429,4,52,28,2608,20507,2522,8537,4,965,28,7429,4,52,28,10232,4,13146,28,2608,20508,2522,8537,4,965,28,10232,4,13146,28,2608,20509,2522,7429,4,538,28,20510,4,20511,28,2608,20512,2522,7429,4,538,28,2608,13147,2522,2027,4,10235,46,10236,4394,28,7429,4,538,28,8537,4,965,28,13148,4,10237,28,10238,4,10237,28,2608,13147,2630,2522,8537,4,965,28,13148,4,10235,28,10238,4,10235,28,20513,4,7430,28,20514,4,7430,28,2608,20515,2522,2027,4,7430,46,10236,4394,28,10238,4,10237,28,20516,4,7430,4394,46,10236,28,13142,4,7430,28,5321,4,102,102,102,20517,28,2608,3051,99,4,858,391,507,141,99,4969,13149,46,20518,1680,1174,20519,27,11193,221,512,13149,14,265,10,507,308,103,429,5,10239,9,5389,98,579,5726,8,10,6,269,30,7,156,360,38,1324,292,762,21,15,299,7,178,13012,168,363,159 1,1,1,1,1,1,1,1,1,1,1,1,1,1,1,1,1,1,1,1,1,1,1,1,1,1,1,1,1,1,1,1,1,1,1,1,1,1,1,1,1,1,1,1,1,1,1,1,1,1,1,1,1,1,1,1,1,1,1,1,1,1,1,1,1,1,1,1,1,1,1,1,1,1,1,1,1,1,1,1,1,1,1,1,1,1,1,1,1,1,1,1,1,1,1,1,1,1,1,1,1,1,1,1,1,1,1,1,1,1,1,1,1,1,1,1,1,1,1,1,1,1,1,1,1,1,1,1,1,1,1,1,1,1,1,1,1,1,1,1,1,1,1,1,1,1,1,1,1,1,1,1,1,1,1,1,1,1,1,1,1,1,1,1,1,1,1,1,1,1,1,1,1,1,1,1,1,1,1,1,1,1,1,1,1,1,1,1,1,1,1,1,1,1,1,1,1,1,1,1,1,1,1,1,1,1,1,1,1,1,1,1,1,1,1,1,1,1,1,1,1,1,1,1,1,1,1,1,1,1,1,1,1,1,1,1,1,1,1,1,1,1,1,1,1,1,1,1,1,1,1,1,1,1,1,1,1,1,1,1,1,1,1,1,1,1,1,1,1,1,1,1,1,1,1,1,1,1,1,1,1,1,1,1,1,1,3,3,3,3,3,3,3,3,3,3,3,3,3,1,1,1,1,1,1,1,1,1,1,9,9,9,1,1,1,1
16,543,555,98,102,12,2140,27,7422,117,537,971,13,178,117,629,13,115,7,1288,34,5,270 1,1,3,3,3,3,3,1,1,1,1,1,1,9,1,1,1,1,1,1,1,1,1
2073,117,162,16,20,936,68,20,218,15,860,13,153,7,6,4300 1,1,1,1,1,1,1,1,1,1,1,1,1,1,1,1
16,1220,10,50,115,7,1288,34,5,20520,667,15,451,236,7,162,5,658,10,20521,1120,819,16,39,429,667,259,236,7,20522,27,37,95,24,269,593,20,423,5,24,525,269,20,20523 1,1,1,1,1,1,1,1,1,1,1,1,1,1,1,1,1,1,1,1,1,1,1,1,2,2,2,2,2,2,2,2,2,2,2,2,2,2,2,2,2,2,2,2
2225,2183,10,369,6,525,269,2,48,84,20,2378,1510,13,11,6918,1853,7,24,115 1,1,1,1,1,1,1,1,1,1,1,3,3,1,1,1,1,1,1,1
97,200,2,16,658,401,13,241,1607,7,24,3293,4233,5,543,429,71,227,241,238,7,6,525,269 1,1,1,1,1,1,1,1,1,1,1,1,1,1,1,2,2,2,2,2,2,2,2,2
68,20,11,3098,4966,1509 1,1,1,1,1,1
16,21,61,5254,2431,13,77,5,962,24,1288,34,504,2,48,6,366,21,3367 1,1,1,1,1,1,1,1,1,1,1,1,1,1,1,1,1,1,1
2555,6,1288,34,21,20524,5,16,21,2098,268,1972 1,1,1,1,1,1,1,1,1,1,1,1
16,110,658,17,429 1,1,1,1,1
80,16,2418,1896,20525,17,429,37,227,24,3653,76,10,55,406,13,15,546,41,238,1393,6,5663,7,6,523,2032,1871 2,2,2,2,2,2,2,2,2,2,2,2,2,2,2,2,2,2,2,2,2,2,2,2,2,2,2,2
6,9282,269,14,350,5,6608,13,1006,76,100,10,368,41 2,2,2,2,2,2,2,2,2,2,2,2,2,2
6,523,2032,21,15,344,1840,2777,238 2,2,2,2,2,2,2,2,2
2273,21,8538,41,238,717,10,6,523,3132 2,2,2,2,2,2,2,2,2,2
602,21,368,41,238,5151,13,20526,1329,65,6,2120 2,2,2,2,2,2,2,2,2,2,2,2
6,13150,75,695,28,3205,14,861,5,6,8539,75,695,28,602,14,861 2,2,2,2,2,2,2,2,2,2,2,2,2,2,2,2,2
6,8539,75,695,28,269,14,31,2445 2,2,2,2,2,2,2,2,2
6,8384,505,20,480,13,20527,13,15,5389,98,579,675,5726,369 1,1,1,1,1,1,1,1,1,1,1,1,1,1,1
16,2418,19,1032,83,34,739,5,12,11,326 1,1,1,1,1,1,1,1,1,1,1
78,89,30,178,555,98,102,2140,9,13150,75,695,28,269,2,8539,75,695,28,269,2,8539,75,695,28,602,8,254,127,81,8540,137,20528,75,695,28,250,20529,75,695,28,713,1266,2,20530,75,695,28,2297,20531,75,695,28,339,1214,179,30,924,2,183,726,295,13,503,994,1032,4016,8541,2,1230,17,837,448,10240,1183,430,4,102,13151,19,4308,309,4,706,154,831,146,3907,4,20532,9,2647,5,333,4735,8,333,4,381,352,4,773,10,273,573,4620,115,128,30,481,20533,13,116,603,13,118,13152,587,27,1987,77,27,140,4,1833,284,22,33,7424,823,22,59,235,105,22,33,210,130,22,33,473,449,22,33,4593,109,22,33,501,1247,22,59,1342,130,22,33,2649,109,2023,33,1932,370,22,33,737,109,22,33,3567,109,22,33,93,73,2289,4,1569,348,121,4,2287,727,638,4,6198,2,2118,2,564,707,4,20534,759,4,57,1019,6882,345,12,436,323,4,413,2,646,98,102,2,988,90,5,10241 1,1,1,9,3,3,3,3,3,3,3,3,3,3,3,3,3,3,3,3,3,3,3,3,3,3,3,16,10,4,1,1,1,1,1,1,1,1,1,1,1,1,1,1,1,1,1,1,1,1,1,1,1,1,1,1,1,1,1,1,1,1,1,1,1,1,1,1,1,1,1,1,1,1,1,1,1,1,1,1,1,8,8,8,8,8,8,1,1,1,1,1,1,1,1,1,1,1,1,1,1,1,1,1,1,1,1,1,1,1,1,1,1,1,1,1,1,1,1,1,1,1,1,1,21,1,1,1,21,1,1,1,1,1,1,1,12,1,1,1,28,1,1,1,1,1,1,1,7,1,1,1,1,1,1,1,1,1,1,1,11,1,1,1,23,1,1,1,1,1,1,1,1,1,1,1,1,1,1,1,1,1,1,1,1,1,1,1,1,1,1,1,1,1,1,1,1,1,1,1,1,1,1,1,1,1,1,1,1,1,1,1
951,1746,175 1,1,1
590,1028,20535,197,217,31,2415,4620,996,5923 1,1,1,1,1,1,1,1,1,1
11,900,1479,112,4,330,2,620,1052,86,6356 1,1,1,1,1,1,1,1,1,1,1
487,919,2,11,6272 1,1,1,1,1
293,243,395,2,11,229 1,1,1,1,1,1
11,4665,1289,91,4,135,246,2,253,2,11,13153,2,11,1058 1,1,1,1,1,1,1,1,1,1,1,1,1,1,1
1457,31,3224,2215,4,90,1876,340,4,133,2,13154 1,1,1,1,1,1,1,1,1,1,1,1
11,20536 1,1
300,302,12,192,9482,516,4,52,582,3366,12,1083 1,1,1,1,1,1,1,1,1,1,1,1
11,20537,2,314,133,1059 1,1,1,1,1,1
243,395,3827,2,11,1505 1,1,1,1,1,1
163,7,213,66,12,790,820,32,166,256,282,215,258,4,147,4,642,5,1492,320,4,1324,292,13,178,2,103,555,13,859,593,238,2,110,103,10239,10,751,269,20538,114,4,161,91,4,20539,57,425 1,1,1,1,1,1,1,1,1,1,1,1,1,1,1,1,1,1,1,1,1,1,1,1,9,1,1,3,3,3,3,3,3,3,3,3,3,3,3,3,1,1,1,1,1,1,1,1
126,231,257 1,1,1
275,262,211,5,473,7321 1,1,11,1,28,1
1171,2568,19,473,13,280,9284 1,1,1,28,1,1,1
288,383,210,10,130,22,20540,40,155,797,945,12,221,1264,13,3608,74 1,1,12,1,1,1,1,1,1,1,1,1,1,1,1,1,1
2562,262,241,32,865 1,1,1,1,1
8542,3366,631,1069,13155 1,1,1,1,1
2894,631,996,8543,11463 1,1,1,1,1
126,3308,17,110,124,7423,1261,5,406,3653,525,269,76 1,21,1,1,1,1,1,1,1,1,1,1,1
383,996,304,3665,32,20541,165,2870,4,381,19,20542,126,17,110 1,1,1,1,1,1,1,1,1,1,1,1,1,1,1
155,1191,20543,131,923,32,865 1,1,1,6,6,6,6
186,339,4,19,20544,40,228,10,2161,434,19,473,10,3661,624,13156,13,20545 1,1,1,1,1,1,1,1,1,1,1,28,1,1,1,1,1,1
1132,192,1962,249,1353,4,20546,126,4593,241,1492,119,608,6607,9144,20547,2,916,2,20548,569,20549,1655,139,4,5180 1,1,1,1,1,1,1,1,1,1,1,1,1,1,1,1,1,1,1,1,1,1,1,1,1,1
