69,49,4,20463,507,8531,3430,308,581,17,101,4,44,34,2,255,7,194,957,30,4,507,141,17,58,6607,1324,1661 1,1,1,1,1,1,1,1,1,1,1,1,1,1,1,1,1,1,1,1,1,1,1,1,1,1,1,1
345,13,15,30,7,116,2,254,2,120,2,178,5,555,1615,2140,279,80,10,10225,189,13,3539,834,255,7,194,5,1024,52,1288,34 1,1,1,1,1,10,10,16,1,4,1,9,1,3,1,1,1,1,1,1,1,1,1,1,1,1,1,1,1,1,1,1
6,29,267,460,3668,555,12,1615,2140,27,7422,117,4137,1288,34,5,255,7,194 1,1,1,1,1,3,3,3,3,1,1,1,1,1,1,1,1,1,1
16,20,936,27,37,95,37,68,1279,55,15,860,13,153,7,6,4300 1,1,1,1,1,1,1,1,1,1,1,1,1,1,1,1,1
162,355,5728 1,1,1
16,20,874,140,5,533,844,115 1,1,1,1,1,1,1,1
91,561,20,716,12,859,2758,2547,27,558,71,2,42,24,444,2,227,153,1627,593 2,2,2,2,2,2,2,2,2,2,2,2,2,2,2,2,2,2,2,2
16,543,3771,7,218,2256,5938,2,7423,269,2,48,578,2406,504 1,3,3,3,3,3,3,3,3,3,1,1,1,1,1
8532,164,1677,20,716,173,51,236,1209,1508,11,228 1,1,1,1,1,1,1,1,1,1,1,1
16,701,58,6607,17,3162,3764,173,51,198,146 1,1,1,1,1,1,1,1,1,1,1
24,163,7,3375,65,2758,4,2120,10,751,602,861,2,2352,10,3162,2032,861,2,2120,10,269,31,201,5,1350,269,76 1,1,1,1,1,3,3,3,3,3,3,3,3,3,3,3,3,3,3,1,1,1,1,1,1,1,1,1
269,7423 1,1
1105,496,43 1,1,1
7424,20,1704,278,16,21,31,166,87,1051,12,1288,34 1,1,1,1,1,1,1,1,1,1,1,1,1
16,21,3539,834,366,19,639,5,1024,939,52,1288,34,4379,1359,42,51,13129 1,1,1,1,1,1,1,1,1,1,1,1,1,1,1,1,1,1
2016 21
1170,7425,20464,24,2874,2,16,14,460,82,115 1,1,1,1,1,1,1,1,1,1,1
16,21,61,9864,27,91,997,48,319,316,13130,3480,5616 1,1,1,1,1,1,1,1,1,1,1,1,1
16,10226,58,6607,74,622,80,5,20,1293,10,1297,10,6,10225,189,17,233 1,1,1,1,1,1,1,1,1,1,1,1,1,1,1,1,1,1
12,6,189,2,16,479,1442,5,7426 1,1,1,1,1,1,1,1,1
222,99,106,52,1288,34,2085 1,1,1,1,1,1,1
492,1678,1565,2,111,13131,2,651,1048,738,41,628 1,1,1,1,1,1,1,1,1,1,1,1
999,227,764,145,1749,2,4450,3091,13,13132,2,3781,2,1846,20465,4056,228,1126,158,3112,20466 1,1,1,1,1,1,1,1,1,1,1,1,1,1,1,1,1,1,1,1,1
1827,2,1330,2,5,20467,43 1,1,1,1,1,1,1
464,482,90,226 1,1,1,1
12,688,7,24,30,7,178,2,555,2,158,3098,2,5,1387,115,2,265,17,241,233 1,1,1,1,1,1,9,1,3,1,1,1,1,1,1,1,1,1,1,1,1
257,9,113,31,871,1272,2,1363,692,13133,13,24,503,8,1833,473,449,22,82,211,370,22,82,501,1247,22,291,210,105,22,82,737,109,22,82,4593,235,390,19,1048,5,3269,1342,446,82,1372,7424,447,22,59,13129 1,1,1,1,1,1,1,1,1,1,1,1,1,1,21,28,1,1,1,11,1,1,1,7,1,1,1,12,1,1,1,23,1,1,1,1,1,1,1,1,1,1,1,1,1,22,1,1,1,1,1
2016,138,78,89,30,4,120,116,254,2222,671,245,178,13134,20468,2992,75,695,28,1516,41,2,149,512,2,541,816,10227,10228,98,102,1615,2140,7422,9,2352,10,4333,2,2120,10,602,2,2120,10,269,8,20469,2776,269,2758,2547,20470,20471,4,20472,2,492,4367,2,11,1288,34,2,11,518,142,685,103,72,2599,8533,363,159,146,52,3348,2362,1219,103,555,914,314,832,955,142,10,137,905,36,1566,4,206,177,208,128,30,4,603,261,178,179,30,4,295,13,503,12,8534,2,8535 21,1,1,1,1,1,4,10,16,8,8,8,9,1,1,1,1,1,1,1,1,1,1,1,1,1,1,1,1,1,1,1,1,1,1,1,1,1,1,1,1,1,1,1,1,1,1,1,1,1,1,1,1,1,1,1,1,1,1,1,1,1,1,1,1,1,1,1,1,1,1,1,1,1,1,1,1,1,1,1,3,1,1,1,1,1,1,1,1,1,1,1,1,1,1,1,1,1,1,1,9,1,1,1,1,1,1,1,1,1,1
994 1
1590,1818,10229,98,154,831 1,1,1,1,1,1
1600,430 1,1
163,7,213,4,11,798,2,1952,2,892,2,4423,2,1251,2,618,11,409,76,2,670,2,702,2,655,2,1945,11,1346,2,2303 1,1,1,1,1,1,1,1,1,1,1,1,1,1,1,1,1,1,1,1,1,1,1,1,1,1,1,1,1,1,1
261,685,425,13,1342,11,756 1,1,1,1,1,1,1
261,531,304,966,411,19,235,11,588,2,5072,1113,851,54,478,1596,304,966,13,280,3348,2362,860,93,122,4,1602,4,13131,1669,4,1678,1714,2121 1,1,1,1,1,1,1,1,1,1,1,1,1,1,1,1,1,1,1,1,1,1,1,1,1,1,1,1,1,1,1,1,1,1
145,4,723,2497,4,3702,727 1,1,1,1,1,1,1
3387,4,1569,12 1,1,1,1
3127,4,7427,1799,2,634,328,1750,4,214,779,2,2464,345,2,436,2302,4,619,2,682,1978,4,1186,2,822,1751,4,171,293,243,13,43,2427,2,11,229,2,487,3935,601,1670,4,610,1459,194,302,722,13,451,3004,942,2,11,1945,2,3039,13135,4823,1515,4,418,2,253,2,253,2432,2131,2,11,417,2,1371,26,1422,2,1457,4232,1671,4,133,2,875,2,875,2,261,558,2,11,342,26,229,1635,4,395,582,243,193,2,11,1059 1,1,1,1,1,1,1,1,1,1,1,1,1,1,1,1,1,1,1,1,1,1,1,1,1,1,1,1,1,1,1,1,1,1,1,1,1,1,1,1,1,1,1,1,1,1,1,1,1,1,1,1,1,1,1,1,1,1,1,1,1,1,1,1,1,1,1,1,1,1,1,1,1,1,1,1,1,1,1,1,1,1,1,1,1,1,1,1,1,1,1,1,1,1,1,1,1,1,1,1,1,1
171,64,243,193,1786,134,258,4,1825,49,649,524,379,804,770,7428,1604,1982,723,13136,365,91,785,49,1330,2383,5229,7428,66,66,5021,1532,49,266,298,443,7428,20473,3297,9486,2875,49,64,1046,1069,7428,5452,1506,20474,150,49,458,7428,13137,320,4,1324,1661 1,1,1,1,1,1,1,1,1,1,1,1,1,1,1,1,1,1,1,1,1,1,1,1,1,1,1,1,1,1,1,1,1,1,1,1,1,1,1,1,1,1,1,1,1,1,1,1,1,1,1,1,1,1,1,1,1,1
345,13,306,6958,2,555,98,102,1615,2140,13,334,1622,7,2120,10,4333,5,4679,76,3653,269,265,110,13,1387,366,19,639,5,106,1024,1288,34 1,1,1,1,1,3,1,1,1,1,1,1,1,1,1,1,1,1,1,1,1,1,1,1,1,1,1,1,1,1,1,1,1,1
1153,91,2066,66,2,999,869,2,464,482,90,226 1,1,1,1,1,1,1,1,1,1,1,1
12,688,7,1387,115,6790,10,89,364,2,40,2029,13,91,561,2,20475,1677,2,10230,2,261,20476,3098,20477,852,13,58,13138,20478 1,1,1,1,1,1,1,1,1,1,1,1,1,1,1,1,1,1,1,1,1,1,1,1,1,1,1,1,1,1
20479,10,6145,257,20480,2510,2049,2314,2,211,2,473,2,1226,2,3308,3538,539,3721,7424,12,2615,7,1972,1051,9429,91,785,7874,1492,119,58,8019,9,4016,17,58,6607,8,13139,4451,2,1162,681,809,42,13139,4451,2,1162,1655,139,4,678 1,1,1,1,1,1,7,7,1,11,1,28,28,12,1,21,1,1,1,1,1,1,1,1,1,1,1,1,1,1,1,1,1,1,1,1,1,1,1,1,1,1,1,1,1,1,1,1,1,1,1,1,1,1
