67,54,4,25574,404,17,112,148,513,30,7,61,328,1912,379,522,79,7,64,8505,61,10,6,668,17,439,148 1,1,1,1,1,1,1,1,1,1,1,1,1,1,1,1,1,1,1,1,1,1,1,1,1,1,1
33,18,20,1494,49,1262,279,3657,12,475,10,24,610,231,22,3,1919,180,1249,18,258,37,18,14,572,1262 1,1,1,1,1,27,1,1,1,1,1,1,9,1,1,1,20,1,1,1,1,1,1,1,1,27
33,18,146,128,627,307,13,380,5,1204,1575,34,13,321,123,1684,113 1,1,1,1,1,1,1,1,1,1,1,1,1,1,1,1,1
33,18,21,68,530,17,103,79,956,15,113,5,21,24,148,49,405,6,340 1,1,1,1,1,1,1,1,1,1,1,1,1,1,1,1,1,1,1
24,148,14,1197,963,25575,148,711,1031,115,10,3811,82,70,139,18,380,2317,27,6,340 1,1,1,1,1,1,1,1,1,1,1,1,1,1,1,1,1,1,1,1,1
33,18,90,88,48,34,33,18,55,37,18,1001,141,948,95,33,18,14,19,896,1554,7,615,113,12,24,103,79,33,11,9750,147,71,324,1759,1887,7,798,931,4,1195,36,3,132,110,9735,516,3,96,43,1795,106,935,280,3241,7587,4,110,918,64,6808,181,15276,181,120,556,466,4,11741,287,39,6855,364,9,5523,1400,8,36,894,9,1389,42,894,8,4041,69,47,36,129,9,73,8,1918,203,9,947,478,8,547,22,9,1026,45,49,36,8,25,32,47,388,45,9,73,8,1262,9,2031,8,279,22,9,279,22,45,49,36,8,25,32,3,2084,1120,47,11724,47,1847,45,9,73,8,960,5236,3429,9,165,2755,5236,3429,8,1364,189,9,15277,9,117,8,11736,3429,1633,8,521,35,496,3,49,2690,189,12,6,272,5,1320,189,12,6,973,47,117,129,9,73,8,1918,610,2223,912,964,231,22,9,231,22,2299,2402,49,36,8,25,32,47,388,2299,15281,9,15282,3917,8,1389,42,894,5693,49,36,4041,892,3,126,117,65,397,164 1,1,1,1,1,1,1,1,1,1,1,1,1,1,1,1,1,1,1,1,1,1,1,1,1,1,1,1,1,1,1,1,4,4,1,1,1,1,1,1,1,1,1,1,1,1,1,1,1,1,1,7,7,23,1,1,1,1,1,1,1,10,10,3,3,3,3,3,3,15,1,1,1,1,1,1,1,1,1,1,1,1,1,1,1,1,1,1,1,1,1,1,1,11,1,1,1,1,1,1,1,1,1,1,1,1,1,1,1,1,1,1,1,1,27,1,1,1,1,1,1,1,1,1,1,1,1,1,1,1,1,1,1,1,1,1,1,1,1,1,8,1,1,1,1,1,1,1,1,1,1,1,1,1,1,1,1,1,1,1,1,1,1,1,1,1,1,1,1,1,1,1,1,1,1,1,1,1,1,1,1,1,1,9,9,1,1,1,1,1,1,1,1,1,1,1,1,1,1,1,1,1,1,1,1,1,1,1,1,1,1,1,1,1,1,1,1,1,1,1,1
47,108,1633,9,73,8,15281,9,15282,3917,8,1389,42,894,5693,49,36,2951,892,3,126,117,65,397,164 1,1,1,1,1,1,1,1,1,1,1,1,1,1,1,1,1,1,1,1,1,1,1,1,1
47,108,1633,9,73,8,1919,912,964,180,22,9,180,22,298,1147,900,49,36,8,25,32,47,388,45,9,73,8,2071,125,22,9,378,45,49,36,8,25,276,47,388,45,9,73,8,7590,36,42,3943,3917,3714,36,42,894,5693,49,36,4041,892,3,191,31,126,597,139,164,35,496 1,1,1,1,1,1,20,1,1,1,1,1,1,1,1,1,1,1,1,1,1,1,1,1,1,1,1,1,12,1,1,1,1,1,1,1,1,1,1,1,1,1,1,1,1,1,1,1,1,1,1,1,1,1,1,1,1,1,1,1,1,1,1,1,1,1,1,1
47,141,1633,9,73,8,7590,36,42,3943,3917,3714,36,42,894,5693,49,36,2951,892,3,191,31,126,597,139,164,35,496 1,1,1,1,1,1,1,1,1,1,1,1,1,1,1,1,1,1,1,1,1,1,1,1,1,1,1,1,1
47,141,1633,9,73,8,5236,6924,9736,960,165,3429,1188,189,521,32,3,2084,1120,47,6374,47,117,129,9,73,8,1918,9751,9,11743,3917,8,829,42,894,49,36,4041,892,3,126,117,65,397,164 1,1,1,1,1,1,1,1,1,8,1,1,1,1,1,1,1,1,1,1,1,1,1,1,1,1,1,1,1,1,1,1,1,1,1,1,1,1,1,1,1,1,1,1,1,1
47,108,1633,9,73,8,9751,9,11743,3917,8,829,42,894,49,36,2951,892,3,126,117,65,397,164 1,1,1,1,1,1,1,1,1,1,1,1,1,1,1,1,1,1,1,1,1,1,1,1
47,108,1633,9,73,8,752,5097,9,4535,8,4145,189,9,4145,189,568,49,36,8,25,47,568,9,73,8,127,2935,33,874,1176,1707,33,263,5854,3,1692,15278,33,1439,474,736,33,2099,102,77,25576,316,205,148,4291,59,303,3,364,1483,3,1207,6746,719,390,148,4,70,303,4,8843,53,303,14750,1420,207,4,642,1200,3,12,11,758,342 1,1,1,1,1,1,1,1,1,1,1,1,1,1,1,1,1,1,1,1,1,1,1,1,1,1,1,1,1,1,1,1,1,1,1,1,1,1,1,1,1,1,1,1,1,1,1,1,1,1,1,1,1,1,1,1,1,1,1,1,1,1,1,1,1,1,1,1,1,1,1,1,1,1,1,1,1,1,1,1
196,4,196,14,617,5,683,413,4,1121,3,1172,412,4,863,3,1709,44,3,11,261 1,1,1,1,1,1,1,1,1,1,1,1,1,1,1,1,1,1,1,1,1
136,4,332,3,11,2341,350,4,751,1069,7219,4,232,443,133,100,3,455,97,213,3,561,26,502,3,11,634,93,1010,4,296,1693,352,4,1006,628,3,1009,5,670,204,177,1855,43,271,5,43,64,8505,4,924,3,284,53,585,985,3,448,904,1129,13,25577,177,5,1005,128,2611,3651,84,9,367,1036,25578,8,8125,104,1912,379,522,79,7,64,8505,13,403,7,270,61,10,6,668,17,439,148 1,1,1,1,1,1,1,1,1,1,1,1,1,1,1,1,1,1,1,1,1,1,1,1,1,1,1,1,1,1,1,1,1,1,1,1,1,1,1,1,1,1,1,1,1,1,1,1,1,1,1,1,1,1,1,1,1,1,1,1,1,1,1,1,1,1,1,1,1,1,1,1,1,1,1,1,1,1,1,1,1,1,1,1,1,1,1,1,1,1,1,1,1,1
47,106,3,179,86,1262,3,610,3,5,1919,4087,47,437,19,380,3,5,1575,34,439,13,64,5538,9,528,8,64,5538,20,732,1696,5674,641,79,301,116,235,13,79,1399,341,3,1255,5,518,915,7,6,39,37,14,118,12,1206 1,7,1,1,1,27,1,9,9,1,20,1,1,1,1,1,1,1,1,1,1,1,1,1,1,1,1,1,1,1,1,1,1,1,1,1,1,1,1,1,1,1,1,1,1,1,1,1,1,1,1,1,1,1,1
235,13,79,205,5,116,37,237,606,2779,39,3934 1,1,1,1,1,1,1,1,1,1,1,1
1521,134,137,116,1831,10,265,26,627,3,26,134,301,116,197 1,1,1,1,1,1,1,1,1,1,1,1,1,1,1
6,28,934,1535,7,571,483,5,740,13,6,104 1,1,1,1,1,1,1,1,1,1,1,1
50,1150,1187,5,101,6,28 1,1,1,1,1,1,1
808,55,11106,808,461,3,104,5,192 1,1,1,1,1,1,1,1,1
