69,49,4,20824,378,325,1124,10283,89,308,581,17,101,961 18,1,1,1,1,1,1,1,1,1,1,1,1,1
825,167,127,67,94,185,19,24,77 1,1,10,1,1,1,1,1,1
81,341,19,2368,131,322 4,4,1,1,6,1
16,14,453,42,81,308 1,1,1,1,4,1
92,887,654,374,2076 1,1,1,1,1
1407,52,932,271,70 1,1,1,1,1
478,34,188 1,1,1
701,58,6547 1,1,1
5964,10,5506,19,162 1,1,1,1,1
876,1842,453,42,58,20825 1,1,1,1,1,1
39,15,540,3923,12,1326,37,20,667,43,1238 1,1,1,1,1,1,1,1,1,1,1
789,589,19,3268,5,1985 16,1,1,36,1,12
540,797,367,2076 1,1,1,1
247,4057,32,57 1,37,1,1
177,663,1806 1,1,1
887,1462,12,259,3937 1,1,1,1,1
164,143,76,185 9,9,9,1
453,42,507 1,1,1
527,589,13,225,2409,27,420 1,1,1,1,1,1,1
589,19,960,71,3320 1,1,1,1,1
137,172,1146,339,588 1,11,1,1,1
624,1146,3088 1,1,1
1020,2,3502,15,250 1,1,1,1,1
2046,1146,2046 1,1,1
529,77,172,474,22,25,33,230,768,25,51,1366,33,20826,3784,9,13248,8,1349,35,41,2385,33,138,1833,154,22,25,33,131,3464,10288,7300,3832,25,33,60,13,1341,28,273,31,13253,1366,235,446,25,33,960,683,25,291,60,153,2686,12,221,2,153,27,4987,5,497,283,742,446,25,33,4057,778,1565,25,283,273,31,4610,28,60,13,1341,486,131,20827,405,509,109,190,506,1837,1710,22,1160,513,83,1902,1094,138,44,34,6285,2234,1985,390,25,33,135,131,405,8568,509,5,8568,506,20828,4115,6619,35,2454,2478,291,2385,7440,1349,758,41,873,138,2208,32,865,17,484,5,5507,181,3268,491,25,33,228,12,2511,5,3011,4057,778,1565,25,283,273,31,4610,28,60,13,1341,2144,4749,247,4,20829,78,89,30,32,256 1,1,11,1,1,1,1,7,1,1,1,1,1,1,1,1,1,1,1,1,1,1,1,1,21,1,1,1,1,6,1,1,1,1,1,1,1,1,1,1,1,1,1,1,1,1,1,1,1,1,1,1,1,1,1,1,1,1,1,1,1,1,1,1,1,1,1,1,37,1,1,1,1,1,1,1,1,1,1,1,6,6,1,1,1,1,1,1,21,1,1,1,1,1,1,1,1,1,1,1,1,12,1,1,1,6,6,1,1,1,1,1,1,1,1,1,1,1,1,1,1,1,1,1,1,1,1,1,1,1,1,1,1,1,1,36,1,1,1,1,1,1,1,1,37,1,1,1,1,1,1,1,1,1,1,1,1,1,1,1,1,1,1,1,1,1
163,7,213,32,256,2,355,66 1,1,1,1,1,1,1,1
93,122,67,94,2960,296,284,372,145,564,121,4153,643,622,67,358,2683,5829,224,893,2790,2,2963,345,12,11,1451,326,202,1237,53,1025,5,1221 1,1,1,1,1,1,1,1,1,1,1,1,1,29,29,29,29,29,1,1,1,1,1,1,1,1,1,1,1,1,1,1,1,1
2285,1445,53,175 1,1,1,1
11,6601,2561,112,487,14,919 1,1,1,1,1,1,1
11,3085,799,152,782,44,90,10,452,193,694,135,145,5,212,86,87,387,2,711,2,26,766,187,133,2,375,2,5,1774,2174,11,720,2,673,2,26,79,3465,3466,11,4043,4685,2,48,476,502,7,721,7,24,225,3627,5,277,13,2885,7,24,52,478 1,1,1,1,1,1,1,1,1,1,1,1,1,1,1,1,1,1,1,1,1,1,1,1,1,1,1,1,1,1,1,1,1,1,1,1,1,1,1,1,1,1,1,1,1,1,1,1,1,1,1,1,1,1,1,1,1,1,1,1,1
6,29,85,39,106,277,10,1392,12,6,52,891,700,2339 1,1,1,1,1,1,1,1,1,1,1,1,1,1
68,20,199,502,7,721,7,24,225,3717,323,16,14,413,5,646,98,186,1478,1738,591,814,2097,53,992,175,242,5,114,32,256 1,1,1,1,1,1,1,1,1,1,1,1,1,1,1,1,1,1,1,1,1,1,1,1,1,1,1,1,1,1,1
642,207,100,12,15,451,198 1,1,1,1,1,1,1
681,809,42,6212,2,5365,19,4855,1408,2,13254 1,1,1,1,1,1,1,1,1,1,1
