67,54,4,25625,528,11745,39,224,404,17,112,4,96,115,7,212,110,619,6717,311,644,341,709,694,30,4,15,1232,379,498,13,15,916,30,7,212,2851,8045,619,12,25626 1,1,1,1,1,1,1,1,1,1,1,1,1,1,1,10,3,3,1,1,1,1,1,1,1,1,1,1,1,1,1,1,1,1,1,10,1,1,3,3,3
16,21,38,170,48,34,771,225,6,87,51,3,35,7,1761,3,21,68,191,334,60,12,37,641 1,1,1,1,1,1,1,1,1,1,1,1,1,1,1,1,1,1,1,1,1,1,1,1
23,99,644,172,20,62,1813,2029,12,6370,75,111,62,559,2253,13,574,5,4267,1298,25627 1,1,1,1,1,1,1,1,1,1,1,1,1,1,1,1,1,1,1,1,1
571,57,543,13,23,374,1559,2250,9,98,15294,8 1,1,1,1,1,1,1,1,1,1,1,1
23,99,445,12,15295,111,883,813,466,10,23,2794,5,10,23,614,5,15,883,51,11624,2285 2,2,2,2,2,2,2,2,2,2,2,2,2,2,2,2,2,2,2,2,2,2
16,21,62,1559,614,3,62,382,42,2794,3,5,15,335,42,309,12,475,10,6,1559,2250,9,2050,1696,2794,2511,8 2,2,2,3,3,2,2,2,2,2,2,2,2,2,2,2,2,2,2,2,2,2,2,2,2,2,2,2
16,20,162,10,15290,599,12,208,13,611,424,13,1871 1,1,1,1,1,1,1,1,1,1,1,1,1
23,274,20,84,10,3596,5,16,21,38,11,535,159,37,85 1,9,1,1,1,9,1,1,1,1,1,1,1,1,1
16,109,46,15,4258,11751,893 1,1,1,1,1,1,1
16,90,88,48,34,3,739,3,760,3,8149,3,418,3,26,611,159,37,168 1,1,1,1,1,1,1,1,1,1,1,1,1,1,1,1,1,1,1
3881,126,201,19,3052,75,21,68,424,13,717,3174,3,2338,3,5,15,1414,511 1,1,1,1,74,1,1,1,1,1,1,1,1,1,1,1,1,1,1
80,39,30,4,212,13,619,12,25628,3,2285,10,309,3,1637,10,614,25629,3,1637,10,2794,56,16,21,62,15294,1559,2250,13,2511,66,6,2794,25630,142,520,151,604,8231,489,812,1524,7531,5,25631,931,399,110,2704,39,9,660,8,4,203,3596,9019,25,32,2146,165,2775,11750,5691,3544,25,32,289,549,25,32,930,1142,22,25,305,815,549,25,32,596,165,15296,521,605,6110,2126,1839,378,25,32,145,165,521,2415,515,25,32,127,4,357,127,2840 1,1,1,1,10,1,3,3,3,3,1,1,1,1,1,1,1,1,1,1,1,1,1,1,1,1,10,10,10,10,10,10,10,10,1,7,15,4,1,1,1,1,1,1,1,1,1,1,1,1,1,1,1,1,1,11,9,1,1,1,27,1,1,1,1,1,1,1,1,1,1,1,1,1,1,1,1,1,1,1,1,8,8,1,1,1,1,1,12,1,1,1,8,8,1,62,1,1,1,1,1,1,1,1
1088,3,745,15,263 1,1,1,1,1
1339,127,1339 1,1,1
150,30,4,573,583,27,1428,3,38,431,12,24,3535,661,583,12,23,3258,3,38,151,5,881,206,30,4,920 1,1,1,1,1,1,1,1,1,1,1,1,1,1,1,1,1,1,1,1,4,1,1,1,1,1,1
919,7437,4109 1,1,1
9411,5,4124,7117,7325 1,1,1,1,1
334,238,25632,11,485 5,5,1,1,1
81,7,182,4,35,270 1,1,1,1,1,1
98,128,1002,13312 1,1,1,1
16,21,128,1166,263,3,51,11,84,66,169 1,1,1,1,1,1,1,1,1,1,1
376,72,12,402 1,1,1,1
102,101,4,1612,4,1364,1665,4,11,199,342 1,1,1,1,1,1,1,1,1,1,1
2251,4,11,277,3,797 1,1,1,1,1,1
1674,4,216,217,97,222 1,1,1,1,1,1
576,539,11,1161,715,1453 1,1,1,1,1,1
1613,4,91,10,463,5,1051 1,1,1,1,1,1,1
1502,4,53,692,2399,1744,5,2321 1,1,1,1,1,1,1,1
145,156,5,239,3,44,304,5,310,3,13,11,1162,26,1094 1,1,1,1,1,1,1,1,1,1,1,1,1,1,1
74,143,11,213,3,2443,26,502 1,1,1,1,1,1,1,1
1614,4,44,326,327,3,152,5,396,3,13,11,1128,26,240,857 1,1,1,1,1,1,1,1,1,1,1,1,1,1,1,1
1595,4,11,750,3,743,26,93 1,1,1,1,1,1,1,1
217,562,133,97,222 1,1,1,1,1
217,975,133 1,1,1
1546,4,25633,2102 6,6,6,1
156,4,625,2182,4,6457,842 1,1,1,1,1,1,1
1877,4,569,177,4,924,13,11751,893 1,1,1,1,1,1,1,1,1
819,1287,803 1,1,1
1129,10,25634,3,523,21,118 1,1,1,1,1,1,1
1664,95,149,4,1817,54,592,888,25635,1853,1293,4886,54,1579,2444,926,580,25636,2217,3633,1872,1594,192,5,104,4,15,1232,379,498,13,311,48,34,771,5,644,341,709,424,13,212,5,131,1038,1029 1,1,1,1,1,1,1,1,1,1,1,1,1,1,1,1,1,1,1,1,1,1,1,1,1,1,1,1,1,1,1,1,1,1,1,1,1,1,1,1,1,10,1,1,1,1
23,48,34,771,46,538 1,1,1,1,1,1
16,21,15,4258,11751,893,5,38,1146,327,166,611,15,493,129,183 1,1,1,1,1,1,1,1,1,1,1,1,1,1,1,1
40,20,424,13,1871,5,21,538,13,84,201,10,266,228,3596 1,1,1,1,1,1,1,1,1,1,1,1,1,1,9
644,341,709,3620,557,1025,747,3688 1,1,1,1,1,1,1,1
104 1
176,25637,252,10,462,5,49,27,421,13,3052,12,1533,7,11074,518,915 1,1,11,1,1,1,1,1,1,1,74,1,1,1,1,1,1
16,160,62,2930,3,470,41,527,465,10,299,201,10,49,2146,27,382,15,65,9,50,1758,2678,5,15,1571,8 1,1,1,1,1,1,1,1,1,1,1,1,1,1,27,1,1,1,1,1,1,1,1,1,1,1,1
178,1038,1029,56,119,41,144,15,15297,17,559 1,1,1,1,1,1,1,1,1,1,1
195,25638,43,64,25639 1,1,1,1,1
86,10,3646,17,62,398,7,2811,253,216,76,56,40,753,10,52,406,10,6,1558,216,3,470,50,191,887,704,88,993,41,52,1936 1,1,1,1,1,1,1,1,1,1,1,1,1,1,1,1,1,1,1,1,1,1,1,1,1,1,1,1,1,1,1,1
86,10,1571,341,709 1,1,1,1,1
346,25640,1328,89 1,1,1,1
86,35,14,3,51,138,23,80,1098,7,5,2700,13,254,3,50,1403,16,41,745,115,6,3052,2104,2897,119,41,527,10,745,252,13,92,10,575,13,6,518,915 1,1,1,1,1,1,1,1,1,1,1,1,1,1,1,1,1,1,1,1,1,1,74,1,1,1,1,1,1,1,11,1,1,1,1,1,1,1,1
460,142,56,163,4084,46,68,2156,1520,19,3596 1,7,1,1,1,1,1,1,1,1,9
50,272,527,10,299,201,19,62,2930,465 1,1,1,1,1,1,1,1,1,1
2146,27,382,15,65 27,1,1,1,1
16,41,299,439,149,12,175,129,439,14643,84,10,39,40,112,145,165,521,15298,605,5,15298,608,5514,8152,126,4,25641,596,165,15296,521,605,680,189,608,25642,1918,5186,126,4,25643,2146,1632,25,32,1705,1407,126,4,25644,3596,9019,25,69,2426,5186,126,4,25645,2415,515,25,32,1705,1407,126,4,25646,815,549,25,32,2426,1407,126,4,25647,11750,5691,3544,25,32,49,13,1199,29,191,31,4862,298,1705,1407,126,4,25648,289,549,25,32,2426,25649,126,4,25650,203,462,22,25,32,1705,1407,1839,378,25,32,2426,5186,126,4,15299,930,1142,22,25,305,1705,6801,126,4,15299,6110,2126,157,25651,47,669,13,36,87,165,2775,7576,11748,11749,47,231,15291,878,1363,154,890,4,15297,4087,12,175,129,426,4,64,5143,7087,205,867,43,4743,59,15300,229,19,4659,900,3,8396 1,1,1,1,1,1,1,1,1,1,1,1,1,1,1,8,8,1,1,1,1,1,1,1,1,1,1,1,8,8,1,1,1,1,1,1,1,1,1,1,1,1,27,1,1,1,1,1,1,1,1,9,1,1,1,1,1,1,1,1,62,1,1,1,1,1,1,1,1,1,1,1,1,1,1,1,1,1,1,1,1,1,1,1,1,1,1,1,1,1,1,1,1,1,1,1,1,1,1,1,1,1,1,1,1,11,1,1,1,1,1,1,12,1,1,1,1,1,1,1,1,1,1,1,1,1,1,1,1,1,1,1,1,1,1,1,1,1,1,1,1,1,1,1,1,1,1,1,1,1,1,1,1,1,1,1,1,1,1,1,1,1,1,1,1,1,1,1,1,1,1,1,1,1,1
