69,49,4,20874,437,17,4055,127 18,1,1,1,1,1,1,10
27,6,95,7,1082,97,101,2,18,1220,3241,677,154,22,82,5,1500,15,3936,7,934,1719,389,968 1,1,1,1,1,1,1,1,1,1,23,23,1,1,1,1,1,1,1,1,1,1,1,1
192,7,6,389,968,1936,43 1,1,1,1,1,1,1
117,537,19,6,262,7,3241,2,18,1282,106,7209,7,23,115,5,58,7444,1805,37,18,383,6,262,10,248,1555,82 1,1,1,1,1,1,23,1,1,1,1,1,1,1,1,1,1,1,1,1,1,1,1,1,1,1,1,1
18,21,61,19,37,262,17,6,97,248,236,5,21,1282,10127,228,12,23,115 1,1,1,1,1,1,1,1,1,1,1,1,1,1,1,1,1,1,1
20875,460,573,13266,3660,5,23,67,94,2,20876,14,573,197,271,84,39,61 1,1,1,1,1,1,1,1,1,1,1,1,1,1,1,1,1,1
1172,2,18,14,5864,13,472,457 1,1,1,1,1,1,1,1
23,150,77,50,1558,6,1140,598,18,21,2191,947,3642,1062,1606,5,921,362,3178,5,5199 1,1,1,1,1,1,1,1,1,1,23,23,23,23,23,1,21,1,1,1,1
111,962,20877,2,1209,42,260,20878,121,4015,727 1,1,5,5,5,5,5,5,1,1,1
296,1174,23,122,836,869,820,18,21,171,79,12,23,52,386,5,395,12,6,70,386 1,1,1,1,1,1,1,1,1,1,1,1,1,1,1,1,1,1,1,1,1
242,4,4055,20879,504 1,1,1,1,1
114,4,161,228,3241,677,10,284,22,631,82,5,126,150,77,32,14 1,1,1,1,23,23,1,1,1,1,1,1,1,1,1,1,1
165,47,1805,37,18,808,17,23,135,437,13,58,6621,5,58,7444 1,1,1,1,1,1,1,1,1,1,1,1,1,1,1,1
47,209,55,3000,10,125,23,12,6,1378,48,273,31,977,37,1317,2422,401,53,1633 1,1,1,1,1,1,1,1,1,1,1,1,1,1,1,1,1,1,1,1
232,31,177,42,240,312,232 1,1,1,1,1,1,1
