69,49,4,20906,378,325,1124,4750,4751,144,30,7,156,360,20907,20,1888,27,6,13279,424,538,4129,117,6824,6,20908,640,24,561,5,959,7,6,369,42,58,3275 1,1,1,1,1,1,1,1,1,1,1,1,1,1,1,1,1,1,1,1,1,1,1,1,1,1,1,1,1,1,1,1,1,1,1,1,1,1
490,7,6,844,44,34,27,13279,424,16,20,13280,428,65,6,52,1270,5,6,369,3033,10,55,4619,2432 1,1,1,17,17,17,1,1,1,1,1,1,1,1,1,1,1,1,1,1,1,1,1,1,1
16,20,124,6,1054,3431,364,5,874 1,1,1,1,1,1,1,1,1
16,14,110,290,2847,154,22,1565,82,32,1943,3856 1,1,1,1,21,1,1,1,1,1,21,21
16,826,556,244,22,6555,59,2,3241,677,154,22,82,2,787,105,22,119,107,2,3644,105,2023,82,2,2220,1303,22,82,2,4180,109,22,82,2,2030,20909,22,82,2,933,105,22,119,107,2,2689,109,22,119,107,2,5,894,109,22,1090 1,1,7,1,1,1,1,1,23,23,1,1,1,1,1,1,1,1,1,1,1,1,1,1,1,1,1,1,1,1,1,1,1,1,1,1,1,1,1,1,1,1,1,1,1,1,1,1,1,1,1,1,1,12,1,1,1
16,416,37,16,404,1667,57 1,1,1,1,1,1,1
16,21,166,199,2623,12,6,52,1270 1,1,1,1,1,1,1,1,1
11,280,709 1,1,1
228,12,2511,5,3011,1943,3856,154,22,1565,25,33,1997,1760,247,4,13281,556,768,25,1973,59,1997,1760,247,4,13281,93,122,67,94,7246,42,6,1436,2,13282,42,784,73,109,606,1209 1,1,1,1,1,21,21,1,1,1,1,1,1,1,1,1,1,7,1,1,1,1,1,1,1,1,1,1,1,5,5,5,1,1,1,1,1,1,1,1,1,1,1
121,5320,643 1,1,1
112,112,1486,53,919,12,6,1147,20910 1,1,1,1,1,1,1,1,1
11,112,229 1,1,1
694,118,302,53,1104 1,1,1,1,1
11,2844,26,387 1,1,1,1
187,133,48,7026 1,1,1,1
11,342,549,26,263,229 1,1,1,1,1,1
2174,617,7,336,79,193 1,1,1,1,1,1
242,5,114,47,2242,16,40,273,57 1,1,1,1,1,1,1,1,1
92,40,55,1312,24,2767,428,110 1,1,1,1,1,1,1,1
11,268,44,34 1,1,17,17
961,40,55,13,58,3275,19,1384 1,1,1,1,1,1,1,1
16,40,750,108,280,115,2801 1,1,1,1,1,1,1
961,1728,5,1218,53,3145 1,1,1,1,1,1
773,10,6398,24,389,80,2,48,40,433,153,151,380,5,16,40,6398,84,401,393,37,92,319,433,15,1728,32,57 1,1,1,1,1,1,1,1,1,1,1,1,1,1,1,1,1,1,1,1,1,1,1,1,1,1,1,1
99,2495,42,1777,659,3005,1984,176,55,156 1,1,1,1,1,1,1,1,1,1
681,809,42,10301,2,6311,19,6624,854,2,2426 1,1,1,1,1,1,1,1,1,1,1
