67,54,4,26240,528,4288,4207,124,404,17,112,4,110,637,309,251,89,694,30,4,509,6388,14,15,1652,1741,358,13,15,30,7,106,3,287,5,212 1,1,1,1,1,1,1,1,1,1,1,1,32,3,3,3,32,1,1,1,1,1,1,1,1,1,1,1,1,1,1,7,1,15,1,10
23,103,30,54,188,10,1306,2489,186,16,1204,437,5,380,48,94,37,584,10,23,1575,5,303 1,1,1,1,1,1,1,1,1,1,1,1,1,19,19,19,1,1,1,1,1,1,1
103,593,27,37,85,111,309,76,5,16,526,15228,251,10,23,309 2,2,2,2,2,2,2,2,1,1,3,3,3,3,3,3
16,242,60,597,1663,2563,186,16,61,13,15,2353,794,10452,453,37,584,10,23,473,48 1,1,1,1,1,1,1,1,1,1,19,19,19,19,19,19,19,19,19,19,19
571,116,143,1870,43,990,3,437,5,1563,3081,889 1,1,1,1,1,1,1,1,1,1,1,1
139,172,5,3364,43,273,16,526,1033,103,593 1,1,1,1,1,1,1,1,1,1,1
593,275,23,309,251,20,883,51,16,38,15,388,42,243,637,10,6,251 2,2,2,2,2,2,2,2,2,2,2,2,2,2,2,2,2,2
16,38,26241,251,10,23,309 1,1,3,3,3,3,3
159,26242,16,21,38,234,7,118,437,19,380,5,48,94 19,19,19,19,19,19,19,19,19,19,19,19,19,19
16,20,343,13,907,5,706,13,1734,7,23,437 1,1,1,1,1,1,1,1,1,1,1,1
16,86,13,105,380,48,453,37,538,13,427,5,1104,754 1,1,1,1,1,1,1,1,1,1,1,1,1,25
89,16,61,17,1904,103,593,75,111,230,15,637,388,42,1449,5,131,12,251,3163 1,1,1,1,22,22,22,22,22,22,22,22,22,22,22,22,22,22,22,22
16,38,15,2514,251,469,12,23,309 1,1,32,32,32,32,32,32,32
16,953,12,528,34,770,5,1607,211 1,1,1,1,1,1,1,1,1
80,39,30,4,212,106,287,1283,803,690,13,11,1486 1,1,1,1,10,7,15,1,1,1,1,1,1
2501,4,4989,1004,66,23,473,188,127,4,790,39,4,736,1632,25,608,1994,4546,1337,36,1222,69,3836,26243,1337,1096,58,1222,892,203,462,22,25,105,932,125,22,25,105,1650,26244,335,22,1541,36,1576,298,105,218,171,22,25,662,973,15474,125,2365,25,105,729,108,22,25,105,423,447,22,25,105,3123,108,22,25,605,2822,141,22,25,608,3616,141,22,25,276,784,707,447,22,25,105,150,30,4,661,583,27,1273,573,583,27,382,615,26245,33,233,3138,97,212 1,1,1,1,1,1,1,1,1,1,1,1,1,12,1,1,1,1,1,1,1,1,1,1,1,1,1,1,1,1,11,1,1,1,1,1,1,1,1,1,25,25,25,25,25,25,25,25,25,13,1,1,1,1,1,1,1,1,1,1,20,1,1,1,1,26,1,1,1,1,1,1,1,1,1,1,1,1,1,1,1,1,1,1,1,9,9,1,1,1,1,1,1,1,1,1,1,1,1,1,1,1,1,1,1,1,1,1,10
206,30,4,920,13,108,3700,727,3,245,12,26246,3,1743,919,3949,26247 1,1,1,1,1,1,1,1,1,1,1,1,1,1,1,1,1
23,723,12,3668,2304,320,113,183,5,14,6851,27,7534,224 1,1,1,1,1,1,1,1,1,1,1,1,1,1
699,33,334,12,2965,82,3,1221,36,1333,123,125,87,485,33,1119,3834,4,1684,3281,7,10663,288,4,11,3005,81,7,182,4,90,555,3,616,3,1524,82,3,418,3,812,3,71,3,494,3,432,935,3,687,76,3,153,76,115,10,3348,4754,26248,3382,1896,223,23,8812,102,101,4,2793,4,5125,280,3,365,341,1612,4,1188,2102 5,5,5,5,5,5,5,5,5,5,5,5,5,1,1,1,1,1,1,1,1,1,1,1,1,1,1,1,1,1,1,1,1,1,1,1,1,1,1,1,1,1,1,1,1,1,1,1,1,1,1,1,1,1,1,1,1,1,1,1,1,1,1,1,1,1,1,51,51,51,23,23,23,23,1,1,1,1
156,4,581,3137,4,1217,12 1,1,1,1,1,1,1
2182,4,4763,842 1,1,1,1
1665,4,787,358,1417,12,859,3,26249,27,85 1,1,1,1,1,1,1,1,1,1,1
1613,4,100,184,327,91,574,1502,4,44,304,5,310,3,97,1162,3,1094,11840,213 1,1,1,1,1,1,1,1,1,1,1,1,1,1,1,1,1,1,1,1
11,910 1,1
216,2725,100,97,222 1,1,1,1,1
1614,4,280,3,152,952,308,588,783 1,1,23,1,1,1,1,1,1
329,3547,860,1595,4,70,562,120,2598,12,469 1,1,1,1,1,1,1,1,1,1,1
26250,3,565,975,93,2540,4,15,78,1071,29,1117,3,928,2657 1,1,1,1,1,1,1,1,1,1,1,1,1,1,1
1546,4,8843,177,4,26251,924,1666,26252,2311,9781,886,66,177,12754,1664,95,149,4,1817,54,592,392,888,870,15475,2953,900,1715,3899,4886,54,1579,2444,926,580,15476,3828,1483,1279,1322,1185,54,333,349,536,15475,5321,2811,5896,192,5,104,4,1652,1741,358,13,106,3,287,5,356,103,251,10,309 1,1,1,1,1,1,1,1,1,1,1,1,1,1,1,1,1,1,1,1,1,1,1,1,1,1,1,1,1,1,1,1,1,1,1,1,1,1,1,1,1,1,1,1,1,1,1,1,1,1,1,1,1,1,1,1,1,1,7,1,15,1,1,1,1,1,1
132,13,1062,113,30,7,380,48,94,5,437,37,86,1151,84,12,23,39,389 1,1,1,1,1,1,19,19,19,1,1,1,1,1,1,1,1,1,1
89,103,593,111,388,42,637,309,243,5,128,12,251,3163,5,16,38,15,26253,251,10,23,309 1,1,1,1,1,1,1,1,1,1,1,1,1,1,1,1,1,1,1,1,1,1,1
104,4,644,4,1607,211,3,41,1833,233,39,27,356,228,982,562,2598,711,1067,78,986,29,335,3,286,7804,123,320,552,86,203,5,423,6690,144,836,3,392,3,819,3,1697,3,22,3875,5,897,12,272 1,1,1,1,1,1,1,1,1,1,1,1,1,1,1,1,1,1,1,1,1,1,1,1,1,1,1,1,1,1,11,1,26,1,1,1,1,1,1,1,1,1,1,1,1,1,1,1,1
16,38,772,520,602,306,15,129,183,470,41,1493 1,1,1,1,1,1,1,1,1,1,1,1
386,4,86,1994,5,3836,1092,1283,4,86,3123,5,2822,26254,104,135,609,3497,11841,1934,9808,3,1203,710,47,26255,2687,43,4,11841,719,9808,205,867,43,11841,1934,9808,3,1203,607,161,4,603 1,1,1,1,1,1,1,1,1,1,1,1,1,1,1,1,1,1,1,1,1,1,1,1,1,1,1,1,1,1,1,1,1,1,1,1,1,1,1,1,1,1,1,1
