67,54,4,26264,1387,3693,3,3049,2737,6950,3,107 1,1,1,1,1,1,1,1,1,1,1,1
5979,4327,2857,7353,2579,3,5547,15483,684,4,5932,4001,509,47,6389,882,64,6950,4,1243,4001,369,17,1078,513 1,1,1,1,1,1,1,1,1,1,1,1,1,1,1,1,1,1,1,1,1,1,1,1,1
137,3,18,640,7,131,380,590,5,1119,380,48,453 1,1,1,1,1,1,1,1,1,1,1,1,1
12,475,3,18,258,37,18,21,11,2460,5,3106,37,24,181,120,1704,21,369 1,1,1,1,1,1,1,1,1,1,1,1,1,1,1,1,1,1,1
18,146,598,49,2480,754,17,48,453,51,40,14,19,62,4825,1721 1,1,1,1,25,25,1,1,1,1,1,1,1,1,1,1
18,557,19,15,26265,7,39,158,596,165,1217,189,3971,662,605,1291,13,2136,189,4430,3971,662,605,5,1106,189,596,3971,662,608,3,1148,1463,203,175,298,25,651,3,1807,279,22,25,2739,3,289,171,22,25,1047,3,736,141,22,25,651,3,1212,108,22,25,651,3,930,7208,22,25,2739,3,274,215,22,25,651,3,3340,2974,2303,662,544,65,5,15,7769,15477,22,135,8864,552,75,18,2034,17,7545,225,8864,552,1551 1,1,1,1,1,1,1,1,8,8,8,8,8,8,8,8,8,8,8,8,8,8,8,8,8,8,8,8,8,8,1,11,11,11,1,1,1,1,1,13,1,1,1,1,1,1,1,1,1,1,1,12,1,1,1,1,1,20,1,1,1,1,1,1,1,1,1,1,1,9,1,1,1,1,1,1,1,1,1,1,1,1,1,25,1,1,1,1,1,1,1,1,1,1,1,1,1,1
102,77,275,15,2356,428,12,11,199,342 1,1,1,1,1,1,1,1,1,1
63,94,70,303,983,3126,3,130,156,1322,5,145,3,1481,625,5,2478,3,140,4881,624 6,6,6,6,6,6,1,1,1,1,1,1,1,1,1,1,1,1,1,1,1
6,136,14,332 1,1,1,1
576,917 1,1
216,57,217,97,173,222 1,1,1,1,1,1
48,14,492,91 1,1,1,1
103,77,111,15,44,304,3,2118,2111,310,5,15,8955,589,891,213,584,66,6,1503,10,6,649,3,11,173,1539,213,26,502 1,1,1,1,1,1,1,1,1,1,1,1,1,1,1,1,1,1,1,1,1,1,1,1,1,1,1,1,1,1
6,214,14,703 1,1,1,1
114,97,857,93 1,1,1,1
330,133,57,204 1,1,1,1
1145,111,338,239,27,15,156,7,7932,2328,694,7,15478,3,2311,9781,3,4422,26266,3,1090,10540,851 1,1,1,1,1,1,1,1,1,1,1,1,1,1,1,1,1,1,1,1,1,1,1
74,57,131,717,1452,2894,804,84,35,60,35,202,17,53,692,1394 1,1,1,1,1,1,1,1,1,1,1,1,1,1,1,1
1129,10,24,99,1145,3,24,130,156,14,9809,5,24,2894,804,84,57,602,1525 1,1,1,1,1,1,1,1,1,1,1,1,1,1,1,1,1,1,1
4001,3,5932,509,47,6389,3278,1387,3693,3,3049,339,4,1243,4001,21,137,2594,66,24,26267,2564,5,251,849,340 1,1,1,1,1,1,1,1,1,1,1,1,1,1,1,1,1,1,1,1,3,3,3,3,3,3
137,92,14,31,91,10,271,37,24,116,57,507,10,553,325,3,313,50,41,46,24,1410,62,288,572,154,9,1813,1021,8,10,575,10,268,172,40 1,1,1,1,1,1,1,1,1,1,1,1,1,1,1,1,1,1,1,1,1,1,1,1,1,1,1,1,1,1,1,1,1,1,1,1
12,475,3,50,41,564,1078,63,264,158,62,8921,733 1,1,1,1,1,1,1,1,1,1,1,1,1
92,14,1338,284,37,24,590,5,207,2089,7,2291,7,2460,14,66,15,9412,646 1,1,1,1,1,1,1,1,1,1,1,1,1,1,1,1,1,1,1
401,81,7,571,149,264,313,3,50,46,31,2558,24,61,389 1,1,1,1,1,1,1,1,1,1,1,1,1,1,1
18,41,732,360,26,2503,546,24,48,34,771,27,233,626,12,1892,7,170,26,2630 1,1,1,1,1,1,1,1,1,1,1,1,1,1,1,1,1,1,1,1
941,360,244,681,17,1301,271,10,1224,12,24,198 1,1,1,1,1,1,1,1,1,1,1,1
1015,844,3,11844,9725,3,107 1,1,1,1,1,1,1
15479,1002,124,2846,7419,563,7353,2579,3,5547,15480,806,4,15484,825,4,26268,843,4,15484,15482,250,2412,51,31,81,43,262,1007,250 1,1,1,1,1,1,1,1,1,1,1,1,1,1,1,1,1,1,1,1,1,1,1,1,1,1,1,1,1,1
