67,54,4,26256,1102,3693,3,3049,2737,6950,3,107 1,1,1,1,1,1,1,1,1,1,1,1
26257,5318,1993,124,1600,4327,2857,7820,11802,3,5547,26258,684,4,5932,4001,509,47,6389,882,64,6950,4,1243,4001,61,10,6,668,89,17,15,896,3504,641,24,137,103,534 1,1,1,1,1,1,1,1,1,1,1,1,1,1,1,1,1,1,1,1,1,1,1,1,1,1,1,1,1,1,1,1,1,1,1,1,1,1,1
35,24,30,14,60,374,10,360,3,50,41,390,92,1656,17,1025,67 1,1,1,1,1,1,1,1,1,1,1,1,1,1,1,1,1
1243,4001,14,15,5841,428,13,15,2237,30,7,181,120,76 1,1,1,1,1,1,1,1,1,1,1,10,10,10
139,170,593,12,6,2965,82,75,1831,10,607,173,181,120,76,9,359,17,172,7,48,34,8,3,1617,12,1102,7,2808,111,504,2075,181,120,76,17,75,18,20,355,39 1,1,1,1,1,1,1,1,1,1,1,1,10,10,10,1,1,1,19,19,19,19,1,1,2,2,2,2,2,2,2,2,10,10,10,2,2,2,2,2,2
313,3,18,2103,15,11842,804,778,490,19,1655,7,4125,27,75,85,18,526,103,593,132,111,626,181,120,76,5,1241,526,15,8304,181,556,466,1605,158,15,53,281,6584,120,10,24,309,5,1911,2210,813,466,10,24,2764,3,3338,5,4236,1809,1528 1,1,1,1,3,3,3,3,3,3,3,3,3,1,1,1,1,1,2,2,2,2,2,10,10,10,1,1,1,3,2,2,2,2,3,3,3,3,3,3,3,3,3,3,3,3,3,3,3,3,3,3,3,3,3,3,3,3
18,526,390,593,12,1655,7,2868,27,6,26259,224,75,111,717,3543,76,51,758,11,173,556,466,1704 1,1,1,1,1,1,1,1,1,1,1,1,1,1,1,1,1,1,1,1,1,1,1,1
18,526,390,103,593,12,208,7,3049,517,7,15,137,695,5,27,40,85,18,38,202,17,15,335,42,637,309,260,3,15,637,170,2075,120,260,13,11,1449,27,6,1219,27,15,671,4236,1809,1528,5,15,586,42,260,12,6,794,70,181,120 1,1,1,2,2,2,2,2,2,2,2,19,19,19,2,2,2,2,2,2,2,2,2,2,2,2,2,2,2,2,2,2,2,2,2,2,2,2,2,2,2,2,2,2,2,2,2,2,2,2,2,2,2,2,2,2,2,2
6,2210,813,466,10,6,2250,1528,20,883,13,15,173,260,27,92,443,5,26260,1192,3,15,2210,813,466,10,6,896,4236,1809,1528,20,883,35,20,6,2210,813,466,10,6,7580,1528 1,1,1,1,1,1,2,2,2,2,2,2,2,2,1,1,1,1,1,1,1,1,1,1,1,1,1,1,1,1,1,1,1,1,1,1,1,1,1,1,1,1,1
6,53,11814,120,10,6,309,20,15,381,884,97,1744,2571 1,1,1,1,1,1,1,1,1,1,1,1,1,1
53,6495,722,15,504,548,7,789,1619,5061,13,15,2490,891,1138,7,335,42 1,1,1,1,1,1,1,1,1,1,1,1,1,1,1,1,1,1
18,1241,20,688,10,6,11843,26261,599,12,871,1225,834,18,526,1624,2564,7,24,813,466,10,24,2250,120 1,1,1,1,1,1,1,1,1,1,1,1,1,1,1,1,1,1,1,1,1,1,1,1,1
18,572,40,4208,5,20,4001,3,5932,509,47,6389,3278,1102,3693,3,3049,261,5,159,286,21,31,38,173,380,48,453 1,1,1,1,1,1,1,1,1,1,1,1,1,1,1,1,1,1,1,1,1,1,1,1,1,1,1,1
24,747,234,14,175,7,590,5,131,380,437 1,1,1,1,1,1,1,1,1,1,1
18,21,2980,899,350,172,12,6,80,158,350,400,154,75,46,275,62,4284,7,1857,75,14,1594,42,2879,3,5,62,4676,7,955,75,14,98,1320,42,2879,745,24,15,1780,543,13,1682,2144,306,756,350,76 1,1,1,1,1,1,1,1,1,1,1,1,1,1,1,1,1,1,1,1,1,1,1,1,1,1,1,1,1,1,1,1,1,1,1,1,1,1,1,1,1,1,1,1,1,1,1,1,1
12,475,3,18,21,15,30,7,15,697,935,3,71,3,106,5,15,1452,330,604 1,1,1,1,1,1,1,1,1,1,1,1,4,1,7,1,1,1,1,1
39,27,61,4,596,165,335,189,3971,662,605,3,4430,165,180,189,3971,662,605,3,596,165,335,189,3971,662,608,3,1148,1463,203,175,298,25,651,3,274,215,22,25,1047,3,1807,279,22,25,2739,3,1212,108,22,25,651,3,736,141,22,25,651,3,754,167,3,7769,15477,22,17,7545,552,7,15,8864,552,1551,3,930,1142,22,175,298,25,2739,3,8371,175,894,2094,651,3,26262,175,894,2094,3222 1,1,1,1,8,8,1,1,1,1,1,1,8,8,8,8,8,8,8,1,8,8,8,8,8,8,8,1,11,11,11,1,1,1,1,1,9,1,1,1,1,1,13,1,1,1,1,1,20,1,1,1,1,1,12,1,1,1,1,1,25,1,1,25,1,1,1,1,1,1,1,1,1,1,1,1,1,1,1,1,1,1,1,1,1,1,1,1,1,1,1,1,1,1
5,959,1092,267,1222,5051 1,1,1,1,1,1
167 1
1711,33,200,27,61 1,1,1,1,1
102,77,275,15,2356,131,1821,428,12,11,199,342 1,1,1,1,1,1,1,1,1,1,1,1
63,94,70,303,983,4668,3,130,156,447,5,145,3,1481,625,5,2478,3,140,4418,624 6,6,6,6,6,6,6,1,1,1,1,1,1,1,1,1,1,1,1,1,1
6,136,14,332 1,1,1,1
576,917 1,1
216,57,217,97,173,222 1,1,1,1,1,1
48,14,91,13,15,565,70,3726,1116 1,1,1,1,1,1,1,1,1
103,77,111,15,44,304,3,2118,2111,310,5,15,8955,589,891,213,584,66,6,1503,10,6,649,3,11,173,1539,213,26,502 1,1,1,1,1,1,1,1,1,1,1,1,1,1,1,1,1,1,1,1,1,1,1,1,1,1,1,1,1,1
6,214,14,703,13,326,327,60,1718 1,1,1,1,1,1,1,1,1
114,97,857,93 1,1,1,1
330,133,57,204 1,1,1,1
74,14,433,8448,93 1,1,1,1,1
1145,111,338,239,27,15,156,7,9167,2328,694,7,15478,3,2311,9781,3,4422,15416,3,1090,10540,851 1,1,1,1,1,1,1,1,1,1,1,1,1,1,1,1,1,1,1,1,1,1,1
74,14,202,7,15,53,585,448,5,500,187,804,626,12,1036,2729,868,2611 1,1,1,1,1,1,1,1,1,1,1,1,1,1,1,1,1,1
339,4,1243,4001,14,15,5841,428,13,173,5013,3,71,5,132,15,730,234,7,4756,380,437,5,590 1,1,1,1,1,1,1,1,1,1,1,1,4,1,1,1,1,1,1,1,1,1,1,1
18,90,88,308,48,453,5,758,24,95,1156,20,1624,27,4042,6,48,34,771 1,1,1,1,1,1,1,1,1,1,1,1,1,1,1,1,19,19,1
6,67,1382,10,271,934,37,74,14,11,86,2610,10,1441,24,1860,1796,340,313,12,6,80,40,38,1036,10,62,1302,7,24,695 1,1,1,1,1,1,1,1,1,1,1,1,1,1,1,1,1,1,1,1,1,1,1,1,1,1,1,1,1,1,19
313,3,132,37,18,14,161,315,24,2564,92,14,284,18,132,465,41,572,1860,1796,2228,5,1241,3,50,508,18,377,24,274,10,215,22,25,946 1,1,1,1,1,1,1,1,1,1,1,1,1,1,1,1,1,1,1,1,1,1,1,1,1,1,1,1,1,9,1,1,1,1,1
18,41,46,24,63,94,144,630,6,441,170,65,5,3755,18,557,1497,3,50,41,4001,3,5932,509,47,6389,5753,1102,3693,3,3049,98,527,1441,24,1212,12,1678,517,7,330,93,5,12,1678,517,18,208,11,1810,160,40 1,1,1,1,1,1,1,1,1,1,1,1,1,1,1,1,1,1,1,1,1,1,1,1,1,1,1,1,1,1,1,1,1,1,1,20,1,1,1,1,1,1,1,1,1,1,1,1,1,1,1,1
376,3,50,46,1049,11,1149,2558,10,24,39,389,708,10,1175,24,10,86,24,3582,308,444,35,1586,18,368,5,1854,24,1045,1978,5,393,1278,5,1216,12,976,732,13,360,546,24,48,34,771,27,233,2991 1,1,1,1,1,1,1,1,1,1,1,1,1,1,1,1,1,1,1,1,1,1,1,1,1,1,1,1,1,1,1,1,1,1,1,1,1,1,1,1,1,1,1,19,19,1,1,1,1
50,237,52,2922,10,1224,12,24,355,12,88,1767,360,5686,999 1,1,1,1,1,1,1,1,1,1,1,1,1,1,1
1015,844,3,11844,9725,3,107 1,1,1,1,1,1,1
15479,1002,124,279,7419,563,7353,2579,3,5547,15480,806,4,15481,825,4,26263,843,4,15481,15482,250,2412,51,31,81,43,262,1007,250 1,1,1,1,1,1,1,1,1,1,1,1,1,1,1,1,1,1,1,1,1,1,1,1,1,1,1,1,1,1
