69,49,4,21063,21064,2,21065,2,3254,47,50,1538,5,755,6,29,2,177,6,427,74,2,58,13217,1643,2,2105,2,5,2957,820,32,166 1,1,1,1,1,1,1,1,1,1,1,1,1,1,1,1,1,1,1,1,1,1,1,1,1,1,1,1,1,1,1,1,1
30,7,156,360,4,38,14,15,4556,345,104,279,1360,7,180,696,7,44,34,5,255,7,194 1,1,1,1,1,1,1,1,1,1,1,1,1,1,1,1,1,1,1,1,1,1,1
6,29,21,15,30,7,127,2,81,2,5,15,158,691,104,20,1632,12,42,303,89,3137,17,5706,27,13355,1960,13,44,34,1539,10,6,52,349,627,13,255,7,194 1,1,1,1,1,1,10,1,4,1,1,1,1,1,1,1,1,1,1,1,1,1,1,1,1,1,1,1,1,1,1,1,1,1,1,1,1,1,1,1
1938,272,26,402,2,39,11,596,26,469 1,1,1,1,1,1,1,1,1,1
16,431,42,2065,51,3335,172,32,57,32,130,7,235,17,2181,942,166,42,1406,12,6,303,441 1,1,1,1,1,11,11,1,1,1,1,1,1,1,1,1,1,1,1,1,1,1,1
6,29,74,307,948,20,1121,71,604,63,704,19,21066,13,63,585,7,244,41,2,91,561,12,1426,3924,13,154,41,602,505,2,5,3300,12,1091,3924,71,227,777,1257,4307 1,1,1,1,1,1,1,1,1,1,1,1,1,1,1,1,1,1,1,1,1,1,1,1,1,1,1,1,1,1,1,1,1,1,1,1,1,1,1,1,1
179,30,2,128,30,2,163,7,213,2,77,2,5,137,4,32,166 1,1,1,1,1,1,1,1,1,1,1,1,1,1,1,1,1
7,99,2,6,29,14,63,529,1055 1,1,1,1,1,1,1,19,19
93,122,4,12,6,303,441,2,6,29,20,1040,5,413,2,2981,4289,1019,12,6188,422 1,1,1,1,1,1,1,1,1,1,1,1,1,1,1,1,1,1,1,1,1
296,365,2,1851,105,2,67,94,21067,2,5,7840,980,41 1,1,1,1,1,1,5,5,5,5,1,1,1,1
202,4,1125,2,1186 1,1,1,1,1
1290,90,2,1130,1657,1405 1,1,1,1,1,1
112,4,330,13,11,10329 1,1,1,1,1,1
919,112,1486 1,1,1
1851,227,942,2725,7,6,2018,100,193,13,11,1223,2,1056,2,26,856 1,1,1,1,1,1,1,1,1,1,1,1,1,1,1,1,1
13356,2,135,145,5,212,86,387,2,711,2,26,766,2,171,243,12,192,217 1,1,1,1,1,1,1,1,1,1,1,1,1,1,1,1,1,1,1
812,4,8588,2724,577 1,1,1,1,1
187,4,133,5,375,86,1592,26,1739 1,1,1,1,1,1,1,1,1
181,4,619,2,57,2346,86,5383,26,571 1,1,1,1,1,1,1,1,1,1
11,79,2,11,1382,26,1726,277,2,5,11,798,277 1,1,1,1,1,1,1,1,1,1,1,1,1
4309,2,413,5,646,1094,2,43,1534,5,2111,2,5,11,1099,26,731,1479 1,1,1,1,1,1,1,1,1,1,1,1,1,1,1,1,1,1
489,467,4,12,6,303,441,2,6,29,39,63,147,2,71,20,399,13,518,2982,12,1511,591,2,1088,2,5,1663,28,151,1323,13,158,2,472,129,280 1,1,1,1,1,1,1,1,1,1,1,1,1,1,1,1,1,1,1,1,1,1,1,1,1,1,1,1,1,1,1,1,1,1,1,1,1
3389,2,16,39,276,1278,4235,12,1511,47,5,2535 1,1,1,1,1,1,1,1,1,1,1,1
6,91,561,1117,20,4352,27,21068,58,13357,20,27,6,5231,27,21069,6,29,431,172,2,11,5441,124,2,16,21,1451,118,353,2,5,232,31,177,42,240,312,232,518,1471,371 1,1,1,1,1,1,1,1,1,1,1,1,1,1,1,1,1,1,1,11,1,1,1,1,1,1,1,1,1,1,1,1,1,1,1,1,1,1,1,3,3,3
526,13358,2,3254,495,4,13359,276,4,13359,597,42,4,13358,2,3254,813,21070,1852 1,1,1,1,1,1,1,1,1,1,1,1,1,1,1,1,1,1,1
