67,54,4,26301,28,414,4,4896,3,2732,257,542,4,15494,259,54,7,112,4,26302,2732,4896,1188,7924,1073,26303,3,9392,26304,15495,882,293,4896,3,92,20,244,3470,10,122,360,465,6,174,65 1,1,1,1,1,1,1,1,1,1,1,1,1,1,1,1,1,1,1,1,1,1,1,1,1,1,1,1,1,1,1,1,1,1,1,1,1,1,1,1,1,1,1,1,1
50,1533,360,57,191,60 1,1,1,1,1,1
50,272,4235,10,2046,360,731,223,844,95,154,295 1,1,1,1,1,1,1,1,1,1,1,1
6,96,154,143,1864,72,3,44,3,26,886,66,169,154,5,191,31,606,513,27,40,85 1,1,1,1,1,1,1,1,1,1,1,1,1,1,1,1,1,1,1,1,1,1
36,8,861,154 1,1,1,1
58,8,393 1,1,1
844,393,295,57,35,96,4,486,393,1139,3695,3,926,9,6,232,1396,393,8,1139,2470,3,580,9,6,3012,1396,393,8,1139,586,3,1380,1139,12866,808,67,934,37,844,486,393,21,118,159,26305 1,1,1,1,1,1,1,1,1,1,1,1,1,1,1,1,1,1,1,1,1,1,1,1,1,1,1,1,1,1,1,1,1,1,1,1,1,1,1,1,1,1,1,1,1,1
138,844,39,30,3,119,237,166,10,1107,844,580,9,6,3012,1396,393,8,998,3255,395,86,10,96,15,13875,353 1,1,1,1,1,1,1,1,1,1,1,1,1,1,1,1,1,1,1,1,1,1,1,1,1,1,1
117,8,733,398 1,1,1,1
40,14,15,63,154,37,934,1667,60,360,46,179,844,63,366,225,6,80,117,129 1,1,1,1,1,1,1,1,1,1,1,1,1,1,1,1,1,1,1,1
17,28,13,71,3,119,237,166,10,1107,92,998,652,844,733,398,1738,20,3054,19,7610 1,1,1,1,1,1,1,1,1,1,1,1,1,1,1,1,1,1,1,1,1
92,21,557,211,1129,10,6,99,1738,7,3054,19,15496 1,1,1,1,1,1,1,1,1,1,1,1,1
395,86,10,144,844,366,145,5,49,348,35,1367 1,1,1,1,1,1,1,1,1,17,1,1
210,8,738 1,1,1
11,822,143,2468,19,6,738,7,844,1080,3,51,92,242,111,84,543,13,1498 1,1,1,1,1,1,1,1,1,1,1,1,1,1,1,1,1,1,1
6,96,154,143,448,26,606,513 1,1,1,1,1,1,1,1
36,8,1112 1,1,1
35,119,235,405,1025,112,3,40,14,15,63,154,37,1370,308,12,844,623,3,5,14,175,1767,10,1370,844,1399,341,7,623,373 1,1,1,1,1,1,1,1,1,1,1,1,1,1,1,1,1,1,1,1,1,1,1,1,1,1,1,1,1,1,1
40,14,31,15,8090,154,3,5,92,157,17,623,373,1018,14,15420 1,1,1,1,1,1,1,1,1,1,1,1,1,1,1,1
808,67,934,37,844,1112,21,131,118,159,26306 1,1,1,1,1,1,1,1,1,1,1
50,420,37,360,513,13,15,4269,17,15,623,862,3,75,119,368,1567,186,360,369,17,844,513,987 1,1,1,1,1,1,1,1,1,1,1,1,1,1,1,1,1,1,1,1,1,1,1,1
27,37,85,3,119,41,465,235,6,1149,7,6,1112,154,5,6,8881,7,1976,26307,2076 1,1,1,1,1,1,1,1,1,1,1,1,1,1,1,1,1,1,1,1,1
134,360,46,88,664,3,395,191,31,1837,10,2971,271,27,808,668,27,26308,50,41,122,360,19,26309,27,26310,17,1025,441,987 1,1,1,1,1,1,1,1,1,1,1,1,1,1,1,1,1,1,1,1,1,1,1,1,1,1,1,1,1,1
1426,5208,11846,3,107 1,1,1,1,1
497,5208,11846,3,107 1,1,1,1,1
