69,49,4,21071,21072,89,538,13360,128,308,21073,13361,2722,10330,2,5500,10331,7461,2,10332,10333,21074,38,29,14,201,401,12,437,7,6,640,89,167,4,167,4,161,164,143,76,139,304,164,143,703,9,2430,1107,8,12,3924 1,1,1,1,1,1,1,1,1,1,1,1,1,1,1,1,1,1,1,1,1,1,1,1,1,1,1,1,1,1,1,1,1,1,1,1,1,1,9,9,9,3,3,3,3,3,3,3,3,3,3,3
165,305,3836,2824 1,1,1,1
186,4125,127 1,10,10
3058,4,16,14,3491,1433 1,1,1,1,1,1
16,21,11,391 1,1,1,1
163,7,213,4,66 1,1,1,1,1
68,14,11,44,34,2,255,7,194,2,250,2,336,79,2,655,26,702 1,1,1,1,1,1,1,1,1,1,1,1,1,1,1,1,1,1
192,6,150,163,7,213,14,66,32,57 1,1,1,1,1,1,1,1,1,1
77,4,16,589,19,184,109,22,641,2,1010,244,22,641,2,230,196,22,641,2,5,473,449,22,998 1,1,1,1,1,13,1,1,1,1,25,1,1,1,1,7,1,1,1,1,1,28,1,1,1
3849,4,19,122,80,2,6,29,479,57 1,1,1,1,1,1,1,1,1,1
16,14,10334,5,21075 1,1,1,1,1
67,94,8113,12,6,52,349,2,1147 1,1,1,1,1,1,1,1,1
121,3702,643 1,1,1
1424,296,145,4689,91,212,14,135,86,417,2,1422,2,1371,26,6867 1,1,1,1,1,1,1,1,1,1,1,1,1,1,1,1
194,302,53,90,10,1043,5,452 1,1,1,1,1,1,1,1
11,1078,580,4035 1,1,1,1
11,336,79 1,1,1
242,4,161,280,4750,118,4490,3339,21076,21077,2,139,304,555 1,1,1,1,1,1,1,1,1,1,1,1,1,1
165,5980,127 1,1,10
114,4,161,231,322 1,1,1,1,1
165,361,99,37,210,20,1704,10,24,322,27,24,97,101,17,789 1,1,1,1,12,12,12,12,12,12,1,1,1,1,1,16
540,367,9,71,39,61,9452,8,14,110,12446,16,40,126,6,210,32,57 35,35,35,35,35,35,35,35,1,1,1,1,1,1,1,12,1,1
186,16,14,10,808,158,10,24,3145,8315,21078,12,6,5650,10335,12,1326 1,1,1,1,1,1,1,1,1,1,1,1,1,1,1,1,1
4611,7462,2,96 1,1,1,1
19,4,21079,28,21080,28,21081,28,21082,28,21083 1,1,1,1,1,1,1,1,1,1,1
