67,54,4,26421,147,436,936,363,2070,812,142,2027,5718,256,182,2395,15537,4,801,2364,13,3218,329,3,15538,8272,1780,29,11862,15539 1,1,1,1,1,1,1,1,1,1,7,1,1,1,1,1,1,1,1,1,1,1,1,1,1,1,1,1,1,1
291,34,256,181,120,76,4,110,614,2564,15540 1,1,10,10,10,10,1,3,3,3,3
2992,30,79,26422,17,439 1,1,1,1,1,1
18,21,31,68,49,236,17,170,113,35,2832,319,5,242,31,26423,1571 1,1,12,12,12,12,12,12,12,1,1,1,1,1,1,1,1
18,21,38,187,489,34,17,223,175,129 1,1,1,1,1,1,1,1,1,1
34,14,62,2292,3847,3,673,4042,43,1126,3,1302,43,1170,2378,489 1,1,1,1,1,1,1,1,1,1,1,1,1,1,1,1
109,31,46,8231,489,26,511,7,495,2157 1,1,1,1,1,1,1,1,1,1
18,14,449,10,86,233,8539,308,606,157,7,6,618,51,55,6,34,21,1639,118,5110 1,1,1,1,1,1,1,1,1,1,1,1,1,1,1,1,1,1,1,1,1
18,55,11,323,7,24,187,303,3,11,5620,26,2313,3,474,3,26,30,7,1373 1,1,1,1,1,1,1,1,1,1,1,1,1,1,1,1,1,1,1,1
18,21,55,1414,34,12,194,114,3,3892,1950,123,36,87 1,1,1,1,1,1,1,1,1,1,1,1,1,1
18,21,34,768,35,484,4581,408,66,6514,7,322,912,115,394,248 1,1,1,1,1,1,1,1,1,1,1,1,1,1,1,1
18,21,15,1414,511,7,394,248,37,18,1005,1409,27,421 1,1,1,1,1,1,1,1,1,1,1,1,1,1
321,109,31,1302,26,4042,40,511 1,1,1,1,1,1,1,1
18,21,31,157,2600,10,1307,6,453 1,1,1,1,1,1,1,1,1
18,21,11,116,7,725,3,11,146,750,7,24,634,2553,3,5,11,634,93 1,1,1,1,1,1,1,1,1,1,1,1,1,1,1,1,1,1,1
127,294,2273,33,307,4,484,37,2990,24,1234,408,39,203,9,947,478,8,547,22,3,36,45,9,73,8,25,32,512,2994,846,3,58,45,9,73,8,25,1580,752,487,9,4535,8,25,32,754,2336,9,1160,22,8,36,298,1104,4,167,1919,9,912,964,8,6344,3,36,45,9,73,8,25,32,4810,2022,3,36,45,9,73,8,25,69,123,180,65,9,73,8,274,686,3,36,45,9,73,8,25,32,1384,9,3147,8,549,3,36,45,9,73,8,25,32,123,180,65,9,73,8,706,515,3,36,45,9,73,8,25,32,123,180,65,9,73,8,1650,4194,1675,3,36,45,9,73,8,25,32,2840,9,5783,8,799,3,36,45,9,73,8,25,32,123,388,65,9,73,8,2373,782,799,3,36,45,9,73,8,25,276,123,388,65,9,73,8,236,9,800,8,378,3,36,45,9,73,8,25,32,123,388,65,9,73,8,81,7,182,11557,802,579,14,72,12,402,708,35,55,12,6,282 1,1,1,1,1,1,1,1,1,1,1,1,1,11,1,1,1,1,1,1,1,1,1,1,1,1,1,1,1,1,1,1,1,1,1,1,1,1,1,1,1,1,1,1,1,1,25,1,1,1,1,1,1,1,1,1,1,20,1,1,1,1,1,1,1,1,1,1,1,1,1,1,1,1,1,1,1,1,1,1,1,1,1,1,1,1,1,9,1,1,1,1,1,1,1,1,1,1,1,1,1,1,1,1,1,1,1,1,1,1,1,1,1,1,1,1,1,1,1,1,1,1,1,1,1,1,1,1,1,1,1,1,25,25,1,1,1,1,1,1,1,1,1,1,1,1,1,1,1,1,1,1,1,1,1,1,1,1,1,1,1,1,1,1,1,1,1,1,1,1,1,1,1,1,1,1,1,1,1,12,1,1,1,1,1,1,1,1,1,1,1,1,1,1,1,1,1,1,1,1,1,1,1,1,1,1,1,1,1,1,1,1,1,1
316,205,63,94,12724,53,303,133,1106,145,386,156,856,145,140,5132,948,102,77,981,258,440,3,6097,2928,220,8316,5878,3,60,9752,3,480 1,1,1,1,1,1,1,1,1,1,1,1,1,1,1,1,1,1,1,1,1,1,1,1,1,1,1,1,1,1,1,1,1
227,33,863,3,665 1,1,1,1,1
1124,797,3,1709,2529 1,1,1,1,1
11,338,246 1,1,1
1239,1110,3,3941,232,3,11,818,243 1,1,1,1,1,1,1,1,1
136,332,3,11,2341,3,11,240 1,1,1,1,1,1,1,1
48,33,751,1028,644,33,455 1,1,1,1,1,1,1
409,304,3,310,29,1736,130,327 1,1,1,1,1,1,1,1
11,3091 1,1
576,917 1,1
1032,217,1028,362,33,2651,3,6932,5057,220,131,1482,3,11,1641 1,1,1,1,1,1,1,1,1,1,1,1,1,1,1
531,33,11,93,3,750,3,743 1,1,1,1,1,1,1,1
66,1028,11,202,7,568,7,187,489 1,1,1,1,1,1,1,1,1
21,34,13,3404,225,15541,5,6907,205 1,1,1,1,1,1,1,1,1
246,10,1046,1291,574,1385,7,11145,618 1,1,1,1,1,1,1,1,1
133,12,634,57,187,1032,433,79,217,29,59,1032,217,79,217 1,1,1,1,1,1,1,1,1,1,1,1,1,1,1
436,936,1512,1244,26424,1629,47,26425,70,303,567,77,8540,4583,11215,197,97,2199,240,26,3447,261 1,1,1,1,1,1,1,1,1,1,1,1,1,1,1,1,1,1,1,1,1,1
11,1797,908,26,15542 1,1,1,1,1
11,196,84 1,1,1
393,8540,4927,1951,4,601,669,1238,1787,15543,122,146,12,295,2705,26426,433,865,26427,15544,1380,8540,3695,3295,26428,1421,1083,2048,15545,11863,333,9,824,8,26429,9554,3383,8540,1872,192,5,104,176,489,34 1,1,1,1,1,1,1,1,1,1,1,1,1,1,1,1,1,16,16,16,1,1,1,1,1,1,1,1,1,1,1,1,1,1,1,1,1,1,1,1,1,1,1,1,1
6907,205,3,34,13,3404,225,15541,3,5,34,13,157,7,489,10,912,303,57,543,13,2378,2496,1373 1,1,1,1,1,1,1,1,1,1,1,1,1,1,1,1,1,1,1,1,1,1,1,1
144,489,1793,10,2955,11145,1373,26,1920,1178 1,1,1,1,1,1,1,1,1,1
2081,2840,1581,9,1358,2574,8,12,40,28,19,706,3,27,341,17,3060 1,1,1,1,1,1,1,1,1,1,1,1,1,1,1,1,1
178,212 1,10
79,38,72,429,1021,12,9113,5,21,31,38,528,96,115,17,311,87 1,1,1,1,1,1,1,1,1,1,1,1,1,1,1,1,1
18,14,52,510,10,6,281,297,3645,594,17,278 1,1,1,1,1,1,1,1,1,1,1,1
1149,3,18,557,19,15,2397,9,2427,8,75,208,1302,812 1,1,1,1,1,1,1,1,25,1,1,1,1,1
18,98,12764,52,469,19,62,1176,1707,10,1468,15546 1,1,1,1,1,1,1,1,1,1,1,1
18,14,60,1860,893,5,24,148,14,60,179,43,6,137,389,7,26430,5,2427 1,1,1,1,1,1,1,1,1,1,1,1,1,1,1,1,9,1,25
144,772,520 1,1,1
195,5308 1,1
18,14,52,96,43,64,4962 1,1,1,1,1,1,1
18,5,50,57,12872,223,24,706,228,5,50,41,235,6,389,13,64,4962 1,1,1,1,1,1,1,1,1,1,1,1,1,1,1,1,1,1
253,706 1,1
38,7576,7,657,99,87,75,20,72,29,86,19,15547,1830,160,268,450,7,1284,35,185,66,169,1370,5,6652,66,1202 1,1,1,1,1,1,1,1,1,1,1,1,1,1,1,1,1,1,1,1,1,1,1,1,1,1,1,1
346,1402 1,1
890,40,112,17,1078,4068 1,1,1,1,1,1
460,34,179 1,1,1
18,21,311,234,7,209,34,75,57,31,607,12,40,55 1,1,1,1,1,1,1,1,1,1,1,1,1,1
18,21,157,2840,356,5,160,14369,124,7279,75,14,52,6022,96,40,112 1,1,1,1,1,1,1,1,1,1,1,1,1,1,1,1,1
652,812 1,1
4625,13,301,389,7,1384,171,69 1,1,1,1,1,1,1,1
833,634,5620 1,1,1
26431,398,51,2379,10,46,6019,698,97,4353,151 1,1,1,1,1,1,1,1,1,1,1
126,2373 1,1
79,2160,10,49,169,10,391,5,41,2717,134,923,4042 1,1,1,1,1,1,1,1,1,1,1,1,1
995,439 1,1
79,41,96,115,13,271,12,2100,129 1,1,1,1,1,1,1,1,1
7833,2512,3083,6953,3,107 1,1,1,1,1,1
262,55,4,79,221,5,235,13,64,6953,3,5,740,13,23,172,5,104 1,1,1,1,1,1,1,1,1,1,1,1,1,1,1,1,1,1
79,13,116,5,205,7,6907,771,290,10,2378,2496,7997,701,1355,2093,3,5,98,246,5,269,26432,154,1287,9414,1013 1,1,1,1,1,1,1,1,1,1,1,1,1,1,1,1,1,1,1,1,1,1,1,1,1,1,1
41,144,738,3,299,1444,17,2840,3,5,237,1255,66,79,1430 1,1,1,1,1,1,1,1,1,1,1,1,1,1,1
134,11,265,3,482,679,701,3260,26433,367,9414,618,1202,1050 1,1,1,1,1,1,1,1,1,1,1,1,1,1
753,10,46,15,34,330,604,3,646,3788 1,1,1,1,1,1,1,1,1,1
41,527,3885,26434,3,237,98,144,1332,3,482,26435 1,1,1,1,1,1,1,1,1,1,1,1
41,564,528,81,17,212 1,1,1,1,1,10
7761,7,444,7,520,3,74,14,202,17,1255,7,1163,3,5,237,1175,79,10,1833 1,1,1,1,1,1,1,1,1,1,1,1,1,1,1,1,1,1,1,1
134,137,48,34,771,312,166,290,10,812,306,325,3,550,482,982,2397 1,1,1,1,1,1,1,1,1,1,1,1,1,1,1,1,1
