67,54,4,26394,1180,682,281,168,55,414,4,26395,3,6390,542,4,26396,54,7,168,4,7613,451,4,64,2512,6953,9,385,33,7612,26397,3713,599,8,174,7612,1007,4,64,9103,4962,33,4998,162,281,4,3210,2155,6779,3,229,1180,4,682,426,4,79,14,15,1594,87,302,522,13,256,5308,3,2027,5718,3,812,3,256,269,429,110,614,1156,2723,3,5,209,291,34,121,61,13,1268,267,113,7,855,48,34 1,1,1,1,1,1,1,1,1,1,1,1,1,1,1,1,1,1,1,1,1,1,1,1,1,1,1,1,1,1,1,1,1,1,1,1,1,1,1,1,1,1,1,1,1,1,1,1,1,1,1,1,1,1,1,1,1,1,1,1,1,1,1,1,1,1,1,1,1,1,1,1,1,2,2,2,3,3,3,3,1,1,1,1,1,1,1,1,30,30,30,30,30,30,30
282,4,79,417,61,10,24,451,19,65,7,168,13,15,234,7,58,113,7,855,48,34 1,1,1,1,1,1,1,1,1,1,1,1,1,1,1,1,30,30,30,30,30,30
79,146,37,34,21,68,99,7438,66,125,1644,10,36,552,5,37,92,26398,66,6,59,1456,1876,13,584,10,59,525,4410,5,584,10,59,303,3,1870,43,11502,12,59,2553,329,598,70,2553,3,35,60,35,467,6,59,248 1,1,1,1,1,1,1,1,1,1,1,1,1,1,1,1,1,1,1,1,1,1,1,1,1,1,1,1,1,1,1,1,1,1,1,1,1,1,1,1,1,1,1,1,1,1,1,1,1,1,1,1,1
12,7612,230,3,79,768,6,34,35,166,15,432,1039,5,258,808,130,14,4698,868,24,491,121,1640,35,24,1855 1,1,1,1,1,1,1,1,1,1,1,1,1,1,1,1,1,1,1,1,1,1,1,1,1,1,1
18,146,37,6,34,3,27,92,82,4983,14,9003,3,51,21,265,10,9500,139,1798,4189,3764,10,6,230,5,711,12,6,230 1,1,1,1,1,1,1,1,1,1,1,1,1,1,1,1,1,1,1,25,1,1,1,1,1,1,1,1,1,1
18,15533,300,5,990,1870,34 1,1,1,1,1,1,1
34,21,11,4757,10,269,26,308,56,21,957,405,983,3,1127,3,5,6349 1,1,1,1,1,1,1,1,1,1,1,1,1,1,1,1,1,1
79,245,19,6,896,5681,7,24,5649,5,21,55,37,321,115,1625,21,68,68,312,1063,225,6,80,267,113,507,10,1346,5,595,34,3,59,442,187,3,96,43,48,34 1,1,1,1,1,1,1,1,1,1,1,1,1,1,1,1,1,1,1,1,1,1,1,1,1,1,1,1,1,1,1,1,1,1,1,1,1,1,1,1,1
79,21,31,38,10,157,312,2347,12,6,80,267,113,186,391,3,5,146,11,84,12,6,1397,7,85,135,113,37,18,2742,115,226,7,184,3,75,6534,1226,175,10,267,85,135,113 1,1,1,1,1,1,1,1,1,1,1,1,1,1,1,1,1,1,1,1,1,1,1,1,1,1,1,1,1,1,1,1,1,1,1,1,1,1,1,1,1,1,1,1
79,90,118,474,12,114,225,6,80,267,113,26,118,12,140 1,1,1,1,1,1,1,1,1,1,1,1,1,1,1
127,294,2273,33,307,4,484,37,2990,24,1234,408,39,203,9,947,478,8,547,22,3,36,45,9,73,8,25,32,512,2994,846,3,58,45,9,73,8,25,1580,752,487,9,4535,8,25,32,754,2336,9,1160,22,8,36,298,1104,4,167,2840,9,5783,8,799,3,36,45,9,73,8,25,32,167,248,34,1919,9,912,964,8,6344,3,36,45,9,73,8,25,32,4810,2022,3,36,45,9,73,8,25,69,123,180,65,9,73,8,274,686,3,36,45,9,73,8,25,32,1384,9,3147,8,549,3,36,45,9,73,8,25,32,123,180,65,9,73,8,706,515,3,36,45,9,73,8,25,32,123,180,65,9,73,8,1650,4194,1675,3,36,45,9,73,8,25,32,206,30,79,1219,66,26399,3,15534,5168 1,1,1,1,1,1,1,1,1,1,1,1,1,11,1,1,1,1,1,1,1,1,1,1,1,1,1,1,1,1,1,1,1,1,1,1,1,1,1,1,1,1,1,1,1,1,25,1,1,1,1,1,1,1,1,1,1,1,1,1,1,1,1,1,1,1,1,1,1,1,1,1,1,20,1,1,1,1,1,1,1,1,1,1,1,1,1,1,1,1,1,1,1,1,1,1,1,1,1,1,1,1,1,55,1,1,1,1,1,1,1,1,1,1,1,1,1,1,1,1,1,1,1,1,1,1,1,1,1,1,1,1,1,1,1,1,1,1,1,1,1,1,1,1,1,1,1,1,25,25,1,1,1,1,1,1,1,1,1,1,1,1,1,1,1,1,1,1
18,21,68,920,17,1469,991,5,137,245,13,24,1037,5,175,4590 1,1,1,1,1,1,1,1,1,1,1,1,1,1,1,1
18,21,210,727 1,1,1,1
18,14,26400 1,1,1
10635,4701 14,14
11,541,26,357 1,1,1,1
18,109,31,285,6759,51,242,285,12,4139,1468 1,1,1,1,1,1,1,1,1,1,1
150,30,661,5,4134,2603,13,256,130,76,51,79,3788,35,10,6,440,7,788,26,1692,7,130,76,43,230,146 1,1,1,1,1,1,1,1,1,1,1,1,1,1,1,1,1,1,1,1,1,1,1,1,1,1,1
81,7,182,1754,33,11,6760,140,314,3,3101,3,26,2753 1,1,1,1,1,1,1,1,1,1,1,1,1,1
79,146,118,970,15,421,5,405,6,65,3,35,60,35,590,75,21,68,15,916,1210,483,13,79 1,1,1,1,1,1,1,1,1,1,1,1,1,1,1,1,1,1,1,1,1,1,1,1
644,33,48,34,35,135,282,29,11,84,12,739,3,760,3,26,307,27,427 1,1,1,1,1,1,1,1,1,1,1,1,1,1,1,1,1,1,1
1213,33,11,263,3,407,3,307,27,427 1,1,1,1,1,1,1,1,1,1
362,33,209,291,34,29,11,2052,3,1366,3,648,3,84,12,2836 1,1,1,1,1,1,1,1,1,1,1,1,1,1,1,1
531,33,11,634,93,4295,33,311,209,381,13313,34,3,4166,5302 1,1,1,1,1,1,1,1,1,1,1,1,1,1,1
102,77,4,316,4,292,4835,148,10687,523,1973,716,1245,880,1035,42,19,1467,7,718,1696,1929,207,4,60,197,3,2484,3,11,199,342,196,4,11,277,26,243,55,227,4,863,3,1536,3,1042,968,685,26,1296,136,4,332,3,11,1642,910,3,11,216,222,386,4,751,100,3,232,737,26401,48,4,34,10,1046,27,59,1456,1876 1,1,1,1,1,1,1,6,6,1,1,1,1,1,1,1,1,1,1,1,1,1,1,1,1,1,1,1,1,1,1,1,1,1,1,1,1,1,1,1,1,1,1,1,1,1,1,1,1,1,1,1,1,1,1,1,1,1,1,1,1,1,1,1,1,1,1,1,1,1,1,1,1,1,1,1,1,1
644,4,455,3,13,44,304,3,310,3,11,1162,3,1094,3,1710,2409,1586,1718,27,5024,362,4,152,13,717,246,3,51,97,11861,1641,26,1482,246,3,269,326,327,3,11,969,3,114,4,3065,3,217,1459,3,1032,5,79,133,3,1587,13,1346,5,2959,246,10,1046 1,1,1,1,1,1,1,1,1,1,1,1,1,1,1,1,1,1,1,1,1,1,1,1,1,1,1,1,1,1,1,1,1,1,1,1,1,1,1,1,1,1,1,1,1,1,1,1,1,1,1,1,1,1,1,1,1,1,1,1,1,1,1
149,4,15535,26402,902,47,26403,349,1945,9,1312,8,524,333,15536,9,2437,8,42,560,7319,9,2531,8,1451,536,10360,9,1589,8,1381,15535,26404,902,47,26405,154,2097,295,2295,1724 1,1,1,1,1,1,1,1,1,1,1,1,1,1,1,1,1,1,1,1,1,1,1,1,1,1,1,1,1,1,1,1,1,1,1,1,1,1,1,1,1
471,189,430,456,3702,9,1305,8,351,430,663,1880,9,1276,8,351,430,835,2293,9,1310,8,351,430,1072,1658,6516,9,1450,8,351,512,3968,9,1478,8,219,1555,2078,9,1659,8,219,1184,2334,9,1660,8,1556,430,1800,2061,1352,9,1311,8,219,430,347,1774,9,1601,8,219,486,961,3708,9,2602,8,654,1461,1967,9,2464,8,654,2013,1646,9,2385,8,654,496,1131,1389,9,2386,8,219,486,1131,1701,9,3691,8,219,1981,1982,388,9,3589,8,721,2509,581,9,3696,8,721,1258,1259,3465,755,9,2720,8,1454,1905,1956,1514,9,3248,8,42,1905,1988,4179,1520,266,10,2721,422,1514 1,1,1,1,1,1,1,1,1,1,1,1,1,1,1,1,1,1,1,1,1,1,1,1,1,1,1,1,1,1,1,1,1,1,1,1,1,1,1,1,1,1,1,1,1,1,1,1,1,1,1,1,1,1,1,1,1,1,1,1,1,1,1,1,1,1,1,1,1,1,1,1,1,1,1,1,1,1,1,1,1,1,1,1,1,1,1,1,1,1,1,1,1,1,1,1,1,1,1,1,1,1,1,1,1,1,1,1,1,1,1,1,1,1,1,1,1,1,1,1,1,1,1,1,1,1,1,1,1,1,1,1,1,1
2438,601,2149,9,2673,8,1454,2423,279,9,3965,8,721,1258,1259,1247,9,3244,8,721,7613,26406,902,47,26407,154,2097,295,2295,1724 1,1,1,1,1,1,1,1,1,1,1,1,1,1,1,1,1,1,1,1,1,1,1,1,1,1,1,1,1,1
471,189,1258,1259,3465,72,9,193,8,2418,72,9,193,8,7613,26408,902,47,26409,154,2097,295,2295,1724 1,1,1,1,1,1,1,1,1,1,1,1,1,1,1,1,1,1,1,1,1,1,1,1
471,189,2083,1952,83,9,3378,8,3590,1941,3878,83,9,3591,8,3592,1340,4,1899,1638,241,7,7613,4,275,11,202,7,621,1899 1,1,1,1,1,1,1,1,1,1,1,1,1,1,1,1,1,1,1,1,1,1,1,1,1,1,1,1,1,1
1549,2177,630,6,3033 1,1,1,1,1
3602,3455 1,1
1920,1657,76 1,1,1
506,7,7613,4,6,155,57,91 1,1,1,1,1,1,1,1
74,14,11,202,7,3034 1,1,1,1,1,1
6,130,978,14,44 1,1,1,1,1
6,1083,57,569 1,1,1,1
177,4,7613,4,338,2770,13,15,156,7,620,5175,44,1090 1,1,1,1,1,1,1,1,1,1,1,1,1,1
44,694 1,1
11,563,185,26,363 1,1,1,1,1
662,804,12,1036,645,3,1016,5,1415,1287,169,811,490 1,1,1,1,1,1,1,1,1,1,1,1,1
662,804,12,2773,3,2445 1,1,1,1,1,1
232,187,804,626 1,1,1,1
11,585,26,692,985,55 1,1,1,1,1,1
11,84,66,169,904,82 1,1,1,1,1,1
1813,1021,26410,4,6,904,922,10,3522,429,20,72,17,325 1,1,1,1,1,1,1,1,1,1,1,1,1,1
6,778,1070,570,111,15,381,978,3,131,2265,3,2518,2799,3439,1472,543,13,169,490,13,3825,1486,6351,9454,51,344,673,429,3045,325 1,1,1,1,1,1,1,1,1,1,1,1,1,1,1,1,1,1,1,1,1,1,1,1,1,1,1,2,2,2,2
1129,10,6,264,7,26411,13,2497,288,9,26412,26413,8,6,356,55,574,766,1472,14,602,758,12,6,61,77 1,1,1,1,1,1,1,1,1,1,1,1,1,1,1,1,1,1,1,1,1,1,1,1,1,1
103,445,7,26414,4,1624,2564,7,6,794,614,13,15,2086,643,2627,13,125,10,180,135,26415,1486,1523,5,15,26416,543,13,284,381,1899 1,1,1,1,1,1,3,3,3,3,3,3,3,3,3,3,1,1,1,1,1,1,1,1,1,1,1,1,1,1,1,1
79,510,43,64,5184,3,526,593,17,2312,695,3,15,269,288,2124,5,95,778,490 1,1,1,1,1,1,1,1,1,30,30,1,2,2,2,2,1,3,3,3
540,2506,11155,181,1156,20,582,19,6,794,614,157,15,3631,2627,978,7,2086,643,2608,868,15,26417,6188,1489 1,1,1,1,1,1,1,1,1,1,1,1,1,1,1,1,1,1,1,1,1,1,1,1,1
192,4,79,14,15,1594,87,302,522,13,256,5308,3,2027,5718,3,812,3,256,269,429,110,614,1156,2723,3,5,209,291,34,121,61,13,1268,267,113,7,855,48,34,4048,748,1046,121,14,162,10,826,319,431,13,175,481,7,72,103,898,5,11,177,84 1,1,1,1,1,1,1,1,1,1,1,1,1,1,1,1,1,1,2,2,2,3,3,3,3,1,1,1,1,1,1,1,1,30,30,30,30,30,30,30,1,1,1,1,1,1,1,1,1,1,1,1,1,1,1,1,1,1,1,1,1
104,4,176,48,34,4,166,1058,12,1692,138,4048,7,34,19,1046 1,1,1,1,1,1,1,1,1,1,1,1,1,1,1,1
313,3,138,79,82,103,30,3,41,564,267,312,481,7,103,1989 1,1,1,1,1,1,1,1,1,1,1,1,1,1,1,1
1813,429,154,503,17,1532,13,1132,401,3,35,60 1,1,1,1,1,1,1,1,1,1,1,1
79,82,26418,1668,10,613,405,168 1,1,53,1,1,53,1,1
79,26419,84,10,2427 1,25,1,1,25
86,163,254,7,1919,5,252 1,1,1,1,20,1,11
79,10,52,1198,139,2398,17,272,103,154 1,1,1,1,1,1,1,1,1,1
178,5308,4,86,163,228,7,706,3,35,60,35,752,872,5,1830,41,2754,64,4962,37,79,14,13824,135,1066,7,451,3,10,1964,134,88,268,4998,2351,14,1936 1,1,1,1,1,1,1,1,1,1,1,1,1,1,1,1,1,1,1,1,1,1,1,1,1,1,1,1,1,1,1,1,1,1,1,1,1,1
195,361,4,41,390,2083,5,1941 1,1,1,1,1,1,1,1
706,14,15,374,646,7,1158,5,79,82,86,291,234,208,52,1158,12,1219 1,1,1,1,1,1,1,1,1,1,1,1,1,1,1,1,1,1
600,2379,35,185,14,673 1,1,1,1,1,1
3210,2155,6779,710,26420 1,1,1,1,1
