67,54,4,26436,147,436,936,363,4,135,491,3,363,173,2348,7,188,34 1,1,1,1,1,1,1,1,1,1,1,1,1,1,1,1,1,1
79,82,163,20,11864,163,169 1,1,1,1,1,1,1
43,150,146,79,15548,18,368,484,5154,408,5107,66,11864,163,157 1,1,1,1,1,1,1,1,1,1,1,1,1,1,1
2070,812,142,2027,5718,256,182,2395,15537,4,801,2364,13,3218,329,3,15538,8272,1780,29,11862,15539 1,1,7,1,1,1,1,1,1,1,1,1,1,1,1,1,1,1,1,1,1,1
291,34,256,181,120,76,4,110,614,2564,15540 1,1,10,10,10,10,1,3,3,3,3
71,324,317,58,6391,5244,756,4,291,241,33,989,26437,5244,5,1434,6391,5244,660,43,3413,1321 4,4,4,4,1,1,1,1,1,1,1,1,1,1,1,1,1,1,1,1,1,1
19,6073,33,6264,15549,29,15550,1063,3,2039,15551,20,582,29,2184,4064,182,170,989,13,9816,1370,15552,643,3,11,2050,1472,221,29,381,1432,7,12927,20,1004 1,1,1,1,1,1,1,1,1,1,1,1,1,1,1,1,1,1,1,1,1,1,1,1,1,1,1,1,1,1,1,1,1,1,1,1
2039,15551,20,912,5,6,15549,26438,3,508,7,8919,7,1419 1,1,1,1,1,1,1,1,1,1,1,1,1,1
2992,30,425,17,439,7,311,39,147 1,1,1,1,1,1,1,1,1
12,1922,3,698,335,379,719,220,5308,3,212,3,142,3,151,3,311,30,7,618,34 1,1,1,1,1,1,1,1,1,1,10,1,7,1,4,1,1,1,1,1,1
18,132,146,18,38,15,5995,7,5706,223,15,129,183,5,159,286,21,38,15,484,11865,408,511,630,24,637,818,5532,2618 1,1,1,1,1,1,1,1,1,1,1,1,1,1,1,1,1,1,1,1,1,1,1,1,1,1,1,1,1
18,55,4287,75,18,1845,10,6,637,3570,994,5,768,52,2419,159,6,788,571,116,15,129,183 1,1,1,1,1,1,1,1,1,1,1,1,1,1,1,1,1,1,1,1,1,1,1
18,90,15553,51,21,38,15,511,7,965,817 1,1,1,1,1,1,1,1,1,1,1
18,90,263,2028,26,405,724,3,249,3,421,970,3,3101,3,26,1636 1,1,1,1,1,1,1,1,1,1,1,1,1,1,1,1,1
18,21,15,511,7,136,296,19,6,53,518,5,90,55,88,741,474,3,277,3,26,3181 1,1,1,1,1,1,1,1,1,1,1,1,1,1,1,1,1,1,1,1,1,1
18,704,18,21,62,855,3102,34,27,6,649,7,24,2716,37,14,207,10,6,473,1575 1,1,1,1,1,1,1,1,1,1,1,1,1,1,1,1,1,1,1,1,1
74,14,11,1473,3,291,34,3,446,26,1366 1,1,1,1,1,1,1,1,1,1,1
12,475,3,18,482,24,400,161,10,52,27,472 1,1,1,1,1,1,1,1,1,1,1,1
18,90,48,34,3,307,3,109,3,739,26,760 1,1,1,1,1,1,1,1,1,1,1,1
24,380,14,406,10,1127 1,1,1,1,1,1
18,90,3161,3,301,277,3,26,2099 1,1,1,1,1,1,1,1,1
18,146,1349,3297,10,39 1,1,1,1,1,1
127,5933,33,307,4,484,37,2990,24,1234,408,39,203,9,947,478,8,547,22,49,36,45,9,73,8,25,32,512,2994,846,45,49,58,45,9,73,8,25,1580,752,487,9,4535,8,25,32,1384,9,3147,8,549,45,2812,49,36,45,9,73,8,25,32,123,180,65,236,9,800,8,378,45,49,36,45,9,73,8,25,32,123,388,65,4810,2022,45,49,36,45,9,73,8,25,69,123,180,65,9229,10873,945,22,9,846,45,49,58,8,25,69,123,180,65,706,515,45,49,36,45,9,73,8,25,32,123,180,65,1286,108,22,9,647,45,49,36,8,25,69,274,799,45,25,32,2655,782,125,22,9,378,45,49,36,8,25,32,1054,9,2326,1547,8,462,22,9,462,9,1188,8,22,45,49,36,8,25,32,950,9,2131,456,8,231,22,9,672,45,49,36,8,25,2384,218,141,22,9,515,45,49,36,8,25,32,81,7,182,72,12,402,708,35,55,12,2992,270 1,1,1,1,1,1,1,1,1,1,1,1,11,1,1,1,1,1,1,1,1,1,1,1,1,1,1,1,1,1,1,1,1,1,1,1,1,1,1,1,1,1,1,1,1,1,1,1,1,1,1,1,1,1,1,1,1,1,1,1,1,1,1,1,12,1,1,1,1,1,1,1,1,1,1,1,1,1,1,1,1,1,1,1,1,1,1,1,1,1,1,1,1,1,1,1,1,1,1,1,1,1,1,1,1,1,1,1,1,1,1,1,1,1,1,1,1,1,1,1,1,1,1,1,21,1,1,1,1,1,1,1,1,1,1,9,1,1,1,1,1,1,1,1,1,1,1,1,1,1,1,1,1,1,1,1,1,1,1,1,1,1,1,1,1,1,1,1,1,1,1,1,1,1,1,1,1,1,1,1,1,1,1,1,1,1,13,1,1,1,1,1,1,1,1,1,1,1,1,1,1,1,1,1,1,1,1,1,1
316,205,63,94,26439,133,1000,386,156,558,140,5813,948,102,77,6097,2928,220,8316,5878 1,1,6,6,6,1,1,1,1,1,1,1,1,1,1,1,1,1,1,1
1246,9091,29,60,9752,89 1,1,1,1,1,1
227,33,863,3,665 1,1,1,1,1
1124,797,3,1709,2529 1,1,1,1,1
18,21,338,246,13,1046,7,8377,338,3,584,10,473,1575 1,1,1,1,1,1,1,1,1,1,1,1,1,1
74,57,11,240,12,136 1,1,1,1,1,1
59,1385,7,136,14,26440,2539,1291,1876,7,637,15554 1,1,1,1,1,1,1,1,1,1,1,1
74,14,246,186,4769,6,4620 1,1,1,1,1,1,1
74,14,11,741,548,7,424,4390,3,3380,240,3,685,3,26,3181 1,1,1,1,1,1,1,1,1,1,1,1,1,1,1,1
48,33,751,1028,720,33,455 1,1,1,1,1,1,1
409,304,3,310,3,1736 1,1,1,1,1,1
11,3091 1,1
576,320,632 1,1,1
362,33,2651,3,6932,207,13,131,94,3,11,1641 1,1,1,1,1,1,1,1,1,1,1,1
531,33,11,93,3,750,3,743 1,1,1,1,1,1,1,1
66,1028,196,33,416,26441,1287,209,1202,157 1,1,1,1,1,1,1,1,1,1
436,936,1512,1244,26442,567,77,8540,4583,11215,197,97,2199,240,26,3447,261 1,1,1,1,1,1,1,1,1,1,1,1,1,1,1,1,1
11,1797,908,26,15542 1,1,1,1,1
11,196,84 1,1,1
393,8049,4411,1951,4,601,669,3959,1538,11866,5038,1402,26443,122,146,12,295,1238,1787,15543,122,146,12,295,2705,15555,13406,781,10,1883,149,17,475,154,336,587,15555,122,146,12,295,2722,3545,26444,2722,3650,1050,10,2664 1,1,1,1,1,1,1,1,1,1,1,1,1,1,1,1,1,1,1,1,1,1,1,1,1,1,1,1,1,1,1,1,1,1,1,1,1,1,1,1,1,1,1,1,1,1,1,1,1
1380,8049,388,3295,8049,1364,1951,4,601,2019,1573,11866,2592,1083,2048,15545,122,146,12,295,333,9,824,8,10731,9357,3383,8049,1958,6750,9,11867,8,26445,1716,560,9,733,8,10731,3968,865,11866,15544,192,5,104,176,26446 1,1,1,1,1,1,1,1,1,1,1,1,1,1,1,1,1,1,1,1,1,1,1,1,1,1,1,1,1,1,1,1,1,1,1,1,1,1,1,1,1,16,16,16,1,1,1,1,1
6708,7,116,479,17,240,915,858,152,1233 1,1,1,1,1,1,1,1,1,1
890,136,241,7512,10,101,17,1984,1178 1,1,1,1,1,1,1,1,1
134,6244,237,1717,10,3981,1475,10,172,4287,5,2419 1,1,1,1,1,1,1,1,1,1,1,1
18,41,86,137,353,35,923,191,31,6654,13,6736 1,1,1,1,1,1,1,1,1,1,1,1
178,142 1,7
209,147 1,1
50,1285,2427,95 1,36,36,36
368,118,218,10,141,40,112,5,1550,4161 1,1,13,1,1,1,1,1,1,1
50,237,3411,475,7,1890,3,780,3,17,475,355,5,3192,148,5536,41,606,268,9325 1,1,1,1,1,1,1,1,1,1,1,1,1,1,1,1,1,1,1,1
18,14,369,19,15556,5,41,46,1203,112 1,1,1,1,1,1,1,1,1,1
195,1058,26447 1,1,1
1378,4031,21,538,1097,2270,3,35,242,6,11645,61,3,97,993 1,1,1,1,1,1,1,1,1,1,1,1,1,1,1
18,160,10,26448,3,118,471,7,759,5,102,2153,12,890,10,265,11868,5,628 1,1,1,1,1,1,1,1,1,1,1,1,1,1,1,1,1,1,1
18,21,5612,31,10,96,868,13,79 1,1,1,1,1,1,1,1,1
253,212 1,10
791,252,3,1163,3,1534,3,1176 1,11,1,1,1,1,1,1
346,151 1,4
791,1286,29,86,1176,50,35,270 1,21,1,1,1,1,1,1
2023,2217,89 1,1,1
460,2395,5718 1,1,1
819,211 1,1
18,21,773,271,10,2081,26449,1325,51,50,237,166,10,1493,10,3710,594 1,1,1,1,1,1,1,1,1,1,1,1,1,1,1,1,1
652,4068 1,1
211 1
1066,522,1007,10,582,26450 1,1,1,1,1,1
503,17,15556 1,1,1
10607,2512,3083,6953,3,229,262,55,4,79,235,13,609,6953,3,5,740,13,23,172,5,104 1,1,1,1,1,1,1,1,1,1,1,1,1,1,1,1,1,1,1,1,1,1
136,923,35,768 1,1,1,1
50,191,887,190,15,240,26,1189,3,51,4876,268,172,13,241,3,3981,1475,134,923,828 1,1,1,1,1,1,1,1,1,1,1,1,1,1,1,1,1,1,1,1,1
148,160,476,179,3,839,3245,3,475,1890,5,118,12,3176,999 1,1,1,1,1,1,1,1,1,1,1,1,1,1,1
2276,14092,229 1,1,1
