69,49,4,21244,6637,1228,7,38,99,14,6,8603,303,1315 1,1,1,1,1,1,1,1,1,1,1,1,1,1
1908,1557 1,1
192,5868,454,6638,12,4459 1,1,1,1,1,1
4181,3140,1473,13421,441,69,36,2545,5650,2591,21245,99,139,4,13422,4,8599,2,8600,75,906,75,906,485,4,8601,2321,4,8602,3716,4,13423,315,4,21246,21247,189,2591,99,2591,141,99,99,139,4,681,189,5519,49,95,4,8607,13424,38,99,21,61,809,681,42,8436,13425,2,1162,8607,7476,979,1783,3581,12,6,189,99,563,4,8436,13425,2,1162,206,3054,208,315,7,21248,21249,206,3054,208,858,391,4,44,34,206,3054,208,21250,345,279,10,6,189,13,2343,455,98,51,123,37,2669,117,947,2883 1,1,1,1,1,1,1,1,1,1,1,1,1,1,1,1,1,1,1,1,1,1,1,1,1,1,1,1,1,1,1,1,1,1,1,1,1,1,1,1,1,1,1,1,1,1,1,1,1,1,1,1,1,1,1,1,1,1,1,1,1,1,1,1,1,1,1,1,1,1,1,1,1,1,1,1,1,1,1,1,1,1,1,1,1,1,1,1,1,1,1,1,1,1,1,1,1,1,1,1,1,1,1,1,1,1,1,1,1,1,1,1,1,1
696,27,468 1,1,1
2555,2,16,20,841,214,3079,432,299,19,1367,10,13426 1,1,1,1,1,1,1,1,1,1,1,1,1
119,189,299,2,2343,1006,21251,455,13,993,10,24,54,349 1,1,1,1,1,1,1,1,1,1,1,1,1,1
261,270,5,1387,1265 1,1,1,1,1
206,3054,208,5997,4,81,2,127,2,344,367,2,188,168,34,2,5,380,30,7,2474,1240,2,13427,1168,206,3054,208,257,4,21252,3189,36,519,31,1736,27,6,95,7,38,99,206,3054,208,1146,4,1573,9,8,206,3054,208,128,299,4,773,10,1150,206,3054,208,179,299,4,64,14,65,6639,48,21,4684,12,6,13428,680,17,6,78,109,159 1,1,1,1,1,4,1,10,1,16,16,1,1,1,1,1,1,1,1,1,1,1,1,1,1,1,1,1,1,1,1,1,1,1,1,1,1,1,1,1,1,1,1,1,1,1,1,1,1,1,1,1,1,1,1,1,1,1,1,1,1,1,1,1,1,1,1,1,1,1,1,1,1,1,1,1,1,1,1,1,1
1616,2,578,924,2,11,726 1,1,1,1,1,1,1
3951,53,2694 1,1,1
64,21,13429,12,6,680,17,2720 1,1,1,1,1,1,1,1
64,416,16,21,4684,13,8563,17,78,102,159 1,1,1,1,1,1,1,1,1,1,1
64,416,16,21,1053,321,3337,21253,21254,136,35,200 1,1,1,1,1,1,1,1,1,1,1,1
64,21,30,7,1308,12,13430 1,1,1,1,1,1,1
29,1822,554,36,7794,10,15,21255,7,5873,119,107,2,97,1656,1053,158,10,1367 1,1,1,1,1,1,1,1,1,1,1,1,1,1,1,1,1,1,1
206,3054,208,499,4,2856,4,125,234 1,1,1,1,1,1,1,1,1
562,4,125,234 1,1,1,1
206,3054,208,499,5,8608,32,166,256,5,12,6,189,69,17,38,5917 1,1,1,1,1,1,1,1,1,1,1,1,1,1,1,1,1
192,150,213,355,66 1,1,1,1,1
93,73,4,224,4,973,32,119,1476,586 1,1,1,1,1,1,1,1,1,1
1939,3429,13,1176,3887,2,209,31,1720,5,838,2152,568,1026,432,5520 1,1,1,1,1,1,1,1,1,1,1,1,1,1,1,1
3263,463,206,3054,208,2918,4,29,74,2278,14,175 24,24,1,1,1,1,1,1,1,1,1,1
206,3054,208,112,4,293,229,53,1849 1,1,1,1,1,1,1,1,1
206,3054,208,2856,4,194,302,53,476 1,1,1,1,1,1,1,1,1
206,3054,208,562,4,6,118,302,50,15,43,2673 1,1,1,1,1,1,1,1,1,1,1,1
6,118,14,135,145,5,212 1,1,1,1,1,1,1
11948,302,53,1778,206,3054,208,282,21256,649,2837,2,524,2129,2,824,2363,2,689,4996,2,379,723,2,804,10361,2,1578,75,695,28,284,206,35,208,2,770,3296,9,72,8,206,35,208,772,2382,4,1138,108,75,879,28,284,3535 1,1,1,1,1,1,1,1,1,1,1,1,1,1,1,1,1,1,1,1,1,1,1,1,1,1,1,1,1,1,1,1,1,1,1,1,1,1,1,1,1,1,1,1,1,1,1,1,1,1,1,1,1,1
108,29,14,8267,2,6469,6,772,42,7477 1,1,1,1,1,1,1,1,1,1
3751,1498,854,3751,1178,2554,2,22,2500,2,935,1517,2,1712,4674,2,1437,4059,2,1434,2554,2,1830,3509,3751,335,4116,2,1178,2057,2,22,2500,3751,3100,1569,2,2496,564,3751,1465,723,2,1438,462,2,1497,2017,9,54,8,2,935,1517,2,1712,4674,3751,1330,66,2,2383,66,3751,867,10362,9,72,8,3751,298,5262,9,72,8,2,615,21257,2,458,6296,9,54,8,2,266,6540,9,54,8,2,530,982,9,54,8,2,665,11706,9,54,8,2,698,5998,2,443,8238,3751,666,8609,9,72,8,3751,2914,431,2,1081,1192,2,41,1753,1390,2,41,897,244,2,41,1637,83,2,41,732,183,2,41,1675,515,3751,2584,21258,9,72,8,2,2585,21259,2,2661,21260,2,2662,13431,9,72,8,2,2663,2748,3751,1513,395,9,72,8,2,1458,171,9,72,8,2,2664,152,2,2130,1518,9,72,8,3751,64,4219,9,72,8,2,1046,1571,2,1069,6397,3751,13432,206,35,208,2,13433,206,51,208,206,35,208,772,2382,4,1500,4,1075,66,9,99,8,840,1717,12,1075,35,9,5999,2880,12,5362,8,4,7052,9,204,8 1,1,1,1,1,1,1,1,1,1,1,1,1,1,1,1,1,1,1,1,1,1,1,1,1,1,1,1,1,1,1,1,1,1,1,1,1,1,1,1,1,1,1,1,1,1,1,1,1,1,1,1,1,1,1,1,1,1,1,1,1,1,1,1,1,1,1,1,1,1,1,1,1,1,1,1,1,1,1,1,1,1,1,1,1,1,1,1,1,1,1,1,1,1,1,1,1,1,1,1,1,1,1,1,1,1,1,1,1,1,1,1,1,1,1,1,1,1,1,1,1,1,1,1,1,1,1,1,1,1,1,1,1,1,1,1,1,1,1,1,1,1,1,1,1,1,1,1,1,1,1,1,1,1,1,1,1,1,1,1,1,1,1,1,1,1,1,1,1,1,1,1,1,1,1,1,1,1,1,1,1,1,1,1,1,1,1,1,1,1,1,1,1,1,1,1,1,1,1,1,1,1,1,1,1,1,1,1,1,1,1,1,1,1,1,1,1,1,1,1,1,1,1,1,1,1,1,1,1,1,1,1,1
13434,9,204,8 1,1,1,1
10363,9,204,8 1,1,1,1
206,51,208,772,2382,4,1500,4,1075,66,9,99,8,840,1717,12,1075,51,9,5999,2880,12,5362,8,4,2128,9,244,8 1,1,1,1,1,1,1,1,1,1,1,1,1,1,1,1,1,1,1,1,1,1,1,1,1,1,1,1,1
13435,9,183,8 1,1,1,1
13436,9,204,8 1,1,1,1
206,3054,208,147,4,1565,11,180,313 1,1,1,1,1,1,1,1,1
206,3054,208,1554,4,464,36,320,4,11,160,7,796 1,1,1,1,1,1,1,1,1,1,1,1,1
206,3054,208,89,1941,21261,292,3263,463,345,13,363,91,328,811,279,13,455,2,21262,3678,48,314,21263,114,36,2580,21264,2,8027,5,3916,91,1649,108,7478,148,2,21265,1149,915,10,1118,5,657,3339,2312,206,3054,208,2591,240,99,99,139,4,681,189,5519,49,95,4,8607,13424,38,99,21,61,809,681,42,5086,4443,2,4756,8607,21266,979,1783,3581,12,6,189,99,563,4,5086,4443,2,4756,206,13437,208,240,195,21267,292,471,20,460,44,34,922,5,80 1,1,1,1,1,1,1,24,24,1,1,1,1,1,1,1,1,1,1,1,1,1,1,1,1,1,1,1,1,1,1,1,1,1,1,1,1,1,1,1,1,1,1,1,1,1,1,1,1,1,1,1,1,1,1,1,1,1,1,1,1,1,1,1,1,1,1,1,1,1,1,1,1,1,1,1,1,1,1,1,1,1,1,1,1,1,1,1,1,1,1,1,1,1,1,1,1,1,1,1,1,1,1,1,1
16,1109,2883,10,21268,6,34,2,48,3195,549,37,6,2883,1074,84,932 1,1,1,1,1,1,1,1,1,1,1,1,1,1,1,1,1
16,1493,10,6,189,17,233 1,1,1,1,1,1,1
16,20,1074,1442,12,6,189,5,40,55,718,10,2591 1,1,1,1,1,1,1,1,1,1,1,1,1
17,15,1364,5,17,15,1149 1,1,1,1,1,1,1
385,8610,392,3519,1176,21269,112,330,44,90,694,418,340,133,463,516,11,21270,833,455,5800,2883,245,2,13,2883,7226,6,44,34 1,1,1,1,1,1,1,1,1,1,1,1,1,1,24,1,1,1,1,1,1,1,1,1,1,1,1,1,1,1
605,10,2591 1,1,1
1784,1149,12,6,1960,117,51,148 1,1,1,1,1,1,1,1
3630,7,785 1,1,1
7,99,56,8581,39,15,148 1,1,1,1,1,1,1
1149,12,21271,47,50,755,6,29,5,285,13,6,1436,5521,6,29,74,203,5,1061,13,6,114 1,1,1,1,1,1,1,1,1,1,1,1,1,1,1,1,1,1,1,1,1,1,1
206,13437,208 1,1,1
