69,49,4,21444,21445,3682,605,99,2,1159,102,414,4,287,5523,3276,512,46,4,13505,49,7,141,4,21446,2809,312,4,58,7492,7493,2,195,440,4,58,4727,10301,1228,7,299,4,29,2,1509,99,715,4,275,384,4,1821,10,433,784,3566,1070,4,287,3276,14,15,1956,4736,174,1235,6644,1006,817,5104,2255,103,183,3559,7,5525,5,35,1752,7,3277,104,279,110,17,1752,51,7,3277 1,1,1,1,1,1,1,1,1,1,1,1,1,1,1,1,1,1,1,1,1,1,1,1,1,1,1,1,1,1,1,1,1,1,1,1,1,1,1,1,1,1,1,1,1,1,1,1,1,1,1,1,1,1,1,1,1,1,1,1,1,1,1,1,1,1,1,1,1,1,1,1,1,1,1,1,1,1,1,1,1,1,1,1,1,1,1,1,1
234,4,287,3276,20,12,24,1054,1120,7,424,532,1110,7,38,200,151,16,1220,6230,734,388,12,24,52,386,191,15,2319,7,497,236 1,1,1,1,1,1,1,1,1,1,1,1,1,1,1,1,1,1,1,1,1,1,1,1,1,1,1,1,1,1,1,1
16,85,533,1097,1270,388,1441,19,6,52,28,6,388,12,6,52,1270,20,1189 1,1,1,1,1,1,1,1,1,1,1,1,1,1,1,1,1,1,1
16,658,12,859,1589,819,205,5,2148,609,7,6,2636,5,187,604,15,2983,601,1613,2523,2,15,6003,7,799,12,6,5524,2980,2,1289,12,6,1884,2365,6003,9,4551,1747,601,8,2,5,248,799,12,6,4757,2980,12,1352,6,4566,5,1455 1,1,1,1,1,1,1,1,1,1,1,1,1,1,1,1,1,1,1,1,1,1,1,1,1,1,1,1,1,1,1,1,1,1,1,1,1,1,1,1,1,1,1,1,1,1,1,1,1,1,1,1,1,1,1,1
16,543,911,7,6,52,1270,693,248,236,1209,4559,5105,21447,42,21448 1,1,1,1,1,1,1,1,1,1,1,1,1,1,1,1
1687,1033,3188,911,604,21449,5104,21450,5,63,4906,21451,276,1137,1483,2,13,11,160,7,7441,21452 1,1,1,1,1,1,1,1,1,1,1,1,1,1,1,1,1,1,1,1,1,1
6,29,543,24,1153,248,3559,7,5525,12,176,2,5,1898,11,3288,1806,820,17,1848,394 1,1,1,1,1,1,1,1,1,1,1,1,1,1,1,1,1,1,1,1,1
2148,73,12,859,1215,604,5013,52,1270,693,2,1051,12,780,2,5,15,350,1843,5902,505 1,1,1,1,1,1,1,1,1,1,1,1,1,1,1,1,1,1,1,1,1
84,20,8631,1092,38,6645,522,1716,26,834,7,76 1,1,1,1,1,1,1,1,1,1,1,1
6,29,1487,39,24,400,248,5525,4246,12,751,1215,5,859,1231 1,1,1,1,1,1,1,1,1,1,1,1,1,1,1
2148,609,5,897,2523,911,12,859,1231,604,869,76,13,160,7,2548,5,2715 1,1,1,1,1,1,1,1,1,1,1,1,1,1,1,1,1,1
6,29,20,201,12,308,42,58,7493,793,12,1231,2,13,6,1154,101,4559,264,2148,8632,5,9914,7,6,763,693 1,1,1,1,1,1,1,1,1,1,1,1,1,1,1,1,1,1,1,1,1,1,1,1,1,1,1
124,6,9914,7,6,693,5,2364,7,1338,10,5525,2,6,29,20,1121,42,58,21453,7,6,21454,153,223,1209,19,8633,17,2429,7,21455,638,268,1996,3566,322 1,1,1,1,1,1,1,1,1,1,1,1,1,1,1,1,1,1,1,1,1,1,1,1,1,1,1,1,1,1,1,1,1,1,1,1,1
239,10,6,29,74,439,5,2429,7,9332,2,84,20,2616,37,6,1810,3737,209,55,10,2183,15,268,1996,3566,322,523 1,1,1,1,1,1,1,1,1,1,1,1,1,1,1,1,1,1,1,1,1,1,1,1,1,1,1,1
287,3276,20,265,19,21456,10,3153,24,523,1752,7,3277,13,10394,10395,5,10396,21457,7,216,3577 1,1,1,1,1,1,1,1,1,1,1,1,1,1,1,1,1,1,1,1,1,1
16,1620,6,522,1701,57,13,106,21458 1,1,1,1,1,1,1,1,1
29,549,6,3277,322,20,15,1114,8634,19,170,271,6,5525,322 1,1,1,1,1,1,1,1,1,1,1,1,1,1,1
16,549,1806,317,713,5,613,37,660,168,10,450,12,15,451,123 1,1,1,1,1,1,1,1,1,1,1,1,1,1,1,1
19,21459,2,16,20,124,51,190,7,4758,1711,2064,239,10,461,5,19,21460,2,16,20,124,15,1045,7,10397,2190,17,24,3857,32,57,32,248,190,7,4758,1711,67,2064,17,24,461 1,1,1,1,1,1,1,1,1,1,1,1,1,1,1,1,1,1,1,1,1,1,1,1,1,1,1,1,1,1,1,1,1,1,1,1,1,1,1,1,1,1,1
16,20,962,724,10,3153,1752,51,7,3277,19,21461,48,37,20,3953,239,10,24,3857 1,1,1,1,1,1,1,1,1,1,1,1,1,1,1,1,1,1,1,1
16,687,37,16,281,404,13506,5,713,37,14,6,1140,32,151,16,523,321,24,2158,12,176 1,1,1,1,1,1,1,1,1,1,1,1,1,1,1,1,1,1,1,1,1,1
16,88,87,134,1642,2,435,2,613,2,1251,2,2631,618,2,1173,2,2303,2,26,1463 1,1,1,1,1,1,1,1,1,1,1,1,1,1,1,1,1,1,1,1,1
663,1806,7,99,65,498,3559,7,2158,563,1848,394,2,13506,2,5,613 1,1,1,1,1,1,1,1,1,1,1,1,1,1,1,1,1
637,4,161,7489,74,10389,36,480,3884,5,3180,19,252,262,1900,165,120,591,186,178,249,334,541,238,174,676,680,1792,2516,161,103,54,3577,12,13507,165,1097,475,10398,186,103,157,700,955,4797,2614,161,747,77,4,607,109,3317,894,109,3317,787,130,3317,1255,517,83,3317,2381,4598,661,2,650,2,600,1100,4,295,13,503,12,7362,5747,2,12 1,1,1,1,1,1,1,1,1,1,1,1,1,1,1,1,4,4,1,9,1,1,1,1,1,1,1,1,1,1,1,1,1,1,1,1,1,1,1,1,1,1,1,1,1,1,1,1,1,1,22,1,1,12,1,1,1,1,1,1,1,1,1,1,1,1,1,1,1,1,1,1,1,1,1,1,1,1,1,1
18,14,281,12,378,325,105,239,10,5925,167 1,1,1,1,1,1,1,1,1,1,1
21462,128,32,825,1228,7,2720,13,567,290,203,7,21463,24,77 1,1,1,1,1,1,1,1,1,1,1,1,1,1,1
16,20,6459,15,6643,5359,17,15,7220,8154,5,88,87,3807 1,1,1,1,1,1,1,1,1,1,1,1,1,1
16,21,15,130,7171,200,309,30,28,21464,17,244,159 8,8,8,8,8,8,8,8,8,8,8,8,8
16,21,15,1818,430,30,12,6,78,37,16,1933,10,15,5873,26,10399,866,107,12,6,78,451,159 1,1,1,1,1,1,1,1,1,1,1,1,1,1,1,1,1,1,1,1,1,1,1,1
6,29,14,3223,10,4662,241,885 1,1,1,1,1,1,1,1
16,21,31,39,2916,10,1656,136,16,321,24,2158,5819 1,1,1,1,1,1,1,1,1,1,1,1,1
16,88,30,7,2226,840,2,219,1240,2,26,216,7154,5,14,31,281,4569,529 1,1,1,1,1,1,1,1,1,1,1,1,1,1,1,1,1,1,1
990,4,36,603,4,1023,1842,2,477,4,592,332,2,1343,4,905,332 1,1,1,1,1,1,1,1,1,1,1,1,1,1,1,1,1
11,128,30,7,116,2,120,2,178 1,1,1,1,1,1,4,1,9
499,4,361,125,2830,4602,5,5733,12,234 1,1,1,1,1,1,1,1,1,1
355,66,12,790 1,1,1,1
93,73,4,1654,4,289,4,1333,2,135,111,4,13508,574,4,105,276,4,7239,651,1048,4,738,19,628,616,4,6351,727,2289,4,13509,3542,759,4,463,2,21465,2,57,1019,2,57,2265,2,779,5,1239,12,436,202,4,1186,2,1125,2,2286,822,2,3404,2587,2,966,90,9,3512,156,8,13,11,2462,571,2,1130,1657,1405,112,4,330,2,487,31,382,10,55,1139,239,10,817,1782,2507,2,11,846,166,2,11,293,229,2,11,21466,269,694,4,418,2,8557,2,6107,1812,10400,417,2125,1810,27,4879,1539,10,21467 1,1,1,1,1,1,1,1,1,1,1,1,1,1,1,1,1,1,1,1,1,1,1,1,1,1,1,1,1,1,1,1,1,1,1,24,1,1,1,1,1,1,1,1,1,1,1,1,1,1,1,1,1,1,1,1,1,1,1,1,1,1,1,1,1,1,1,1,1,1,1,1,1,1,1,1,1,1,1,1,1,1,1,1,1,1,1,1,1,1,1,1,1,1,1,1,1,1,1,1,1,1,1,1,1,1,1,1,1,1,1,1,1,1,1,1,1,1,1,1
1410,243,171,1097 1,1,1,1
226,4,199,662,1129,193,2,11,942,2,11,856,2,21468,340,4,817,2,1325,119,64,444,2,1381,2,21469 1,1,1,1,1,1,1,1,1,1,1,1,1,1,1,1,1,1,1,1,1,1,1,1,1,1
11,4323,26,3373,1139 1,1,1,1,1
812,4,2119,42,7796,799,4,11,780,1139,2,66,12,790,12,52,5,70,1270,2025,4,70,754,79,2,171,21470,243,323,4,10401,10,21471,2,951,591,814,2097,175,9,951,5526,4,1459,895,193,8,2,731,1028,2295,5,531,1097,2,1099,175,2,4092,395,5,863,2,1197,10,1841,324,2,672,324,2,21472,148,181,4,11,21473,2,199,181,3727 1,1,1,1,1,1,1,1,1,1,1,1,1,1,1,1,1,1,1,1,1,1,1,1,1,1,1,1,1,1,1,1,1,1,1,1,1,1,1,1,1,1,1,1,1,1,1,1,1,1,1,1,1,1,1,1,1,1,1,1,1,1,1,1,1,1,1,1,1,1,1,1,1,1,1,1,1,1,1,1,1
306,5806,156,19,1907,2802,42,64,10,403,21474,890,5299,348,5,4089,258,5,426,4,2868,4,5102,8635,282,13510,13511,1903,46,13512,215,1745,772,1904,1412 1,1,1,1,1,1,1,1,1,1,1,1,1,1,1,1,1,1,1,1,1,1,1,1,1,1,1,1,1,1,1,1,1,1,1
502,190,357,397,4754,9,1298,8,294,357,633,2034,9,1259,8,294,357,749,2621,9,1299,8,294,357,1688,1689,9639,9,1420,8,294,442,2796,9,1482,8,169,357,1873,2083,1250,9,1300,8,169,357,331,931,9,1586,8,169,357,358,2344,9,1354,8,169,488,975,3322,9,2588,8,550,1370,2186,9,2513,8,550,1937,3515,9,2310,8,550,488,1123,2451,9,3031,8,169,1813,1850,1910,9,3877,8,612,2447,1250,9,3878,8,612,2373,154,9,3695,8,612,4550,13513,21475,72,9,8058,8,612,67,6646,4,5102,8635,282,13510,13511,1903,46,13512,215,1745,772,1904,1412 1,1,1,1,1,1,1,1,1,1,1,1,1,1,1,1,1,1,1,1,1,1,1,1,1,1,1,1,1,1,1,1,1,1,1,1,1,1,1,1,1,1,1,1,1,1,1,1,1,1,1,1,1,1,1,1,1,1,1,1,1,1,1,1,1,1,1,1,1,1,1,1,1,1,1,1,1,1,1,1,1,1,1,1,1,1,1,1,1,1,1,1,1,1,1,1,1,1,1,1,1,1,1,1,1,1,1,1,1,1,1,1,1,1,1,1,1,1,1,1,1,1,1,1,1,1,1,1
502,190,298,3314,9,1260,8,398,266,7494,54,9,1969,8,41,458,3835,54,9,2216,8,1399,615,21476,54,9,2326,8,1779,443,2658,54,9,1507,8,1301,530,1767,9,1340,8,1141,665,5315,9,1448,8,1561,698,5634,9,1449,8,550,666,21477,72,9,1383,8,41,1225,1856,431,1307,1081,1192,1658,474,72,9,1698,8,41,1102,854,54,9,1780,8,41,1145,481,9,1699,8,41,732,35,9,1857,8,41,1193,515,9,1816,8,41,559,2336,21478,9,2166,8,398,559,1102,13514,54,9,2167,8,398,559,1145,9967,72,9,2485,8,398,559,732,7495,54,9,2168,8,398,559,1193,1858,9,2228,8,398,1513,171,9,43,8,1458,395,9,43,8,2412,152,2486,152,314,1554,4,444,65,97,2148,205,708,21479,4,320,4,361,125,267,7,6266,205,112,5,44,5,2148,122,17,7344,5,3156,233,7,3403,8636 1,1,1,1,1,1,1,1,1,1,1,1,1,1,1,1,1,1,1,1,1,1,1,1,1,1,1,1,1,1,1,1,1,1,1,1,1,1,1,1,1,1,1,1,1,1,1,1,1,1,1,1,1,1,1,1,1,1,1,1,1,1,1,1,1,1,1,1,1,1,1,1,1,1,1,1,1,1,1,1,1,1,1,1,1,1,1,1,1,1,1,1,1,1,1,1,1,1,1,1,1,1,1,1,1,1,1,1,1,1,1,1,1,1,1,1,1,1,1,1,1,1,1,1,1,1,1,1,1,1,1,1,1,1,1,1,1,1,1,1,1,1,1,1,1,1,1,1,1,1,1,1,1,1,1,1,1,1,1,1,1,1,1,1,1,1,1,1,1,1,1,1,1,1,1,1,1,1,1,1,1,1,1,1
161,11,182,228,12,52,1884,2365,5,52,1613,21480,780 1,1,1,1,1,1,1,1,1,1,1,1,1
165,218,70,1441,8444,6856 1,1,1,1,1,1
186,139,304,52,3577,5,1601 1,1,1,1,1,1,1
249,350,1843,5902,505,201,19,158,2148,205,14,31,201,19,231,708,218,576,10,21481,21482 1,1,1,1,1,1,1,1,1,1,1,1,1,1,1,1,1,1,1,1,1
17,241,457,361,470,5397 1,1,1,1,1,1
314,1134,4,21483,541,676,680,1365,1792,21484,2,21485,41,2,160,7,350,3244,1205,9,11,160,7,8637,8,2,149,1271,13515,2,149,305,776 1,1,1,1,1,1,1,1,1,1,1,1,1,1,1,1,1,1,1,1,1,1,1,1,1,1,1,1,1,1,1,1,1
11,160,7,541,776 1,1,1,1,1
242,5,114,4,287,3276,14,15,1956,4736,174,1235,6644,1006,817,5104,2255,103,183,3559,7,5525,5,35,1752,7,3277,104,279,110,17,1752,51,7,3277 1,1,1,1,1,1,1,1,1,1,1,1,1,1,1,1,1,1,1,1,1,1,1,1,1,1,1,1,1,1,1,1,1,1,1
637,14,182,17,541,238,9,585,1182,41,2,676,680,4,1792,8,2,2414,4303,4209,2,5,7489,74 1,1,1,1,1,1,1,1,1,1,1,1,1,1,1,1,1,1,1,4,1,1,1,1
35,8,3277,2,1312,80,15,8,707,13516,2,1942,9,85,22,2,1531,2,442,2,5712,547,8,2,3249,569,8,707,132,4917,9,316,153,1018,8,13,82,2031,5,792,2,379,775,8,1996,2559,2,6266,21486,495,8,3153,594,1252,7786,7,5821,80,2,6647,19,5911,51,8,13517,15,8,2552,140,517,434,16,14,1216,21487,32,1756,7,6,3277,1811,569,8,2283,19,855,102,8,4209,15,8,7268,19,140,5819,7,607,109,22,25,509,13,59,3517,569,8,2524,10,2153,108,1633,183,8,541,238,15,8,126,235,83,8,3446,4,3096,2,5307,259,8,3092,4,712,6310,7,13518,5,151,1737,185,2,647,183,123,5386,21488,2863,378,325,705,21489,21490,144,1159,1088,1327,2531,47,50,201,5,755,6,64,5,47,1061,13,1536,378,325,99,256 1,1,1,1,1,1,1,1,1,1,1,1,1,1,1,1,1,1,1,1,1,1,1,1,1,1,1,1,1,1,1,1,1,1,1,1,1,1,1,1,1,1,1,1,1,1,1,1,1,1,1,1,1,1,1,1,1,1,1,1,1,1,1,1,1,1,1,1,1,1,1,1,1,1,1,1,1,1,1,1,1,1,1,1,1,1,1,1,4,1,1,1,1,1,1,1,22,1,1,1,1,1,1,1,1,1,1,1,1,1,1,1,1,1,1,1,1,1,1,1,1,1,1,1,1,1,1,1,1,1,1,1,1,1,1,1,1,1,1,1,1,1,1,1,1,1,1,1,1,1,1,1,1,1,1,1,1,1,1,1,1,1,1,1,1,1,1,1,1,1,1
12,2001,2,38,14,15,1956,292,471,174,1235,6644,1006,817,5104,2255,103,183,3559,7,5525,5,35,1752,7,3277,23,110,17,24,1752,51,7,3277 1,1,1,1,1,1,1,1,1,1,1,1,1,1,1,1,1,1,1,1,1,1,1,1,1,1,1,1,1,1,1,1,1,1
92,40,2712,2559,5,707,132,496,32,38,64,21,316,153,1018 1,1,1,1,1,1,1,1,1,1,1,1,1,1,1
24,311,248,81,40,55,425,13,24,140,322,5,24,927,1900,37,16,826,17,7489,74,40,55,2329,32,648,53,5375,42,13519,1896,3277 1,1,1,1,1,1,1,1,1,1,1,1,1,1,1,1,1,1,1,1,1,1,1,1,1,1,1,1,1,1,1,1
92,40,5264,10,2712,2190,191,21491,5,266,191,244,32,865 1,1,1,1,1,1,1,1,1,1,1,1,1,1
24,73,14,21492 1,1,1,1
5386,21493,4668,195,2,2045,705,21494,3546 1,1,1,1,1,1,1,1,1
