69,49,4,21576,507,7497,4751,144,957,30,4,287,8218,14,110,474,159,307,5,84,21,61,1036,5,2022,159,136,24,164,703,746 1,1,1,1,1,1,1,1,1,1,1,1,1,1,1,1,1,1,1,1,1,1,1,1,1,1,1,3,3,3,3
136,47,701,170,97,1036,198,146,2,16,21,1916,346,57 1,1,1,1,1,1,1,1,1,1,1,1,1,1
16,21,31,39,87,714 1,1,1,1,1,1
11,366,2,655,2,1251,2,618,2,396,2,26,892 1,1,1,1,1,1,1,1,1,1,1,1,1
16,21,1933,24,352,10,497,123,15,21577,2590,9756,151,16,113,352,2,48,38,1044,10,881,170,15,1114,2328,268,12,6,2018,7,10356 1,1,1,1,1,1,1,1,1,1,1,1,1,1,1,1,1,1,1,1,1,1,1,1,1,1,1,1,1,1,1,1
78,89,30,4,2350 1,1,1,1,1
231,77,4,742,130,22,59,2341,370,22,33,771,677,196,22,33,3225,449,22,509,28,2817,4,5,3462,22,506,310,3042,3432,22,59,1266,130,22,28,2817,4,183,123,15,223,5,368,22,102,123,15,223,3096,767,1296,22,283,8647,2826,28,2817,4,3945,632,1227,35,22,33,632,775,13548,35,347,291,28,2817,4,102,4441,9336,128,30,4,2350 1,1,1,1,1,1,1,11,1,1,1,7,7,7,7,7,1,1,1,1,1,1,1,1,1,1,1,20,20,1,1,1,12,1,1,1,1,1,1,1,1,1,1,1,1,1,1,1,1,1,1,1,1,1,1,1,1,1,1,1,1,1,1,1,1,1,1,1,1,1,1,1,1,1,1,1,1,1,1,1,1
179,30,4,16,21,938,726,5,109,2841 1,1,1,1,1,1,1,1,1,1
16,1053,1936,10,21578,10,101,128 1,1,1,1,1,1,1,1
16,113,31,1374 14,14,14,14
839,554 1,1
24,503,288,39,791,15,3176,1111 1,1,1,1,1,1,1,1
163,7,213,4,121,14,185 1,1,1,1,1,1,1
11,339,167 1,1,1
355,66 1,1
93,122,4,1669,4,284,1602,4,13549,21579,2121 1,1,1,1,1,1,5,5,5,5,1
145,4,723,1750,4,16,1423,1560,1751,4,6,1078,580,94,20,553,271,351,11,293,229 1,1,1,1,1,1,1,1,1,1,1,1,1,1,1,1,1,1,1,1,1
11,782,897,799,1670,4,6,226,129,90,10,1043,5,452,1515,4,227,63,970 1,1,1,1,1,1,1,1,1,1,1,1,1,1,1,1,1,1,1
43,246 1,1
11,387,1671,4,902,5,3139,53,31,1790,1635,4,199,582,2,1063,2,5,904,243,147,4,482,5697,1241,21580,5,3037,518,5,276,142 1,1,1,1,1,1,1,1,1,1,1,1,1,1,1,1,1,1,1,1,1,1,1,1,1,1,1,1,1,1,1,1
11,228,65,1231,6930,242,5,114,4,287,8218,14,1916,448,57 1,1,1,1,1,1,1,1,1,1,1,1,1,1,1
24,67,94,14,15,1114,2368,271,84,1844,14,12,6,622,80,2,5,92,1664,454,50,170,19,1047,1836,13,24,149,81 1,1,1,1,1,1,1,1,1,1,1,1,1,1,1,1,1,1,1,1,1,1,1,1,1,1,4,4,4
19,6,150,912,2,16,14,15,1114,2015,100,191,24,503,74,1219,2,5,92,40,707,24,94 1,1,1,1,1,1,1,1,1,1,1,1,1,1,1,1,1,1,1,1,1,1,1
17,110,2,92,40,4821,2629 1,1,1,1,1,1,1
16,40,50,15,275,21581,7,2868,21582,2280,58,7498,2,393,2468,393,199,13,6784,10,24,91,399 1,1,1,1,1,1,1,1,1,1,1,1,1,1,1,1,1,1,1,1,1,1,1
114,4,707,67,94 1,1,1,1,1
252,4552,17,1312,63,1047,1836 1,1,1,1,1,1,1
2868,1775 1,1
125,428,12,1036,198 1,1,1,1,1
142,10,77,38,101,742,130,22,59,2341,370,22,33,771,677,196,22,33,3225,449,22,509,5,3462,22,506,310,3042,3432,22,59,1266,130,22,183,123,15,223,5,368,22,102,123,15,223,3096,767,1296,22,283,8647,2826,3945,632,1227,35,22,33,632,775,13548,35,347,291,102,4441,21583,4,2932,1829,7498,96 1,1,1,1,1,1,1,1,1,11,1,1,1,7,7,7,7,7,1,1,1,1,1,1,1,1,20,20,1,1,1,12,1,1,1,1,1,1,1,1,1,1,1,1,1,1,1,1,1,1,1,1,1,1,1,1,1,1,1,1,1,1,1,1,1,1,1,1,1,1,1,1
681,809,42,1955,8648,195,19,2935,462,2,3666 1,1,1,1,1,1,1,1,1,1,1
