67,54,4,26752,8555,612,198,599,13722,26753,1578,26754,563,3301,3,5553,7262,4896,3,3619,26755,15655,9,14375,8,26756,9837,6396,6959,3,107 1,1,1,1,1,1,1,1,1,1,1,1,1,1,1,1,1,1,1,1,1,1,1,1,1,1,1,1,1,1,1
1245,5223,15653,2857,11903,3,3619,11904,882,64,6959,4,50,38,6,1174,7,122,5553,3301,89,12,8555,198,599,12,903,7,24,181,120,76,9,619,12,1519,2459,8,3,106,3,5,130,371 1,1,1,1,1,1,1,1,1,1,1,1,1,1,1,1,1,1,1,1,1,1,1,1,1,1,1,1,1,10,10,10,10,3,3,3,3,3,1,7,1,1,1,1
159,118,24,289,228,620,625,129,183,3,18,21,38,3825,265,12,24,130,371,116 1,1,1,1,1,1,1,1,1,1,1,1,1,1,1,1,1,1,1,1
18,86,10,162,10,590,5,1058,34,35,406,24,380,3,51,11,1810,2233,173,437 1,1,1,1,1,1,1,1,1,1,1,1,1,1,1,1,1,1,1,1
18,90,739,3,760,3,26,595,93 1,1,1,1,1,1,1,1,1
24,137,39,57,203,462,22,337 1,1,1,1,11,1,1,1
651,3,289,335,22,337 1,1,1,1,1,1
651,3,1286,141,22,337 1,1,21,1,1,1
651,3,2031,231,22,337 1,1,27,1,1,1
651,3,3539,231,22,337 1,1,9,1,1,1
651,3,736,141,22,337 1,1,12,1,1,1
651,3,1731,3,5,906 1,1,33,1,1,1
24,63,94,89,14,13337,5,24,130,156,14,12,6,266,3418 6,6,6,6,6,6,1,1,1,1,1,1,1,1,1
18,14,1250,2198,19,6,77,3666 1,1,1,1,1,1,1,1
24,1161,715,94,14,620,615,632,13,1525,1637,804 1,1,1,1,1,1,1,1,1,1,1,1
74,57,244,1119,876,27,6,649 1,1,1,1,1,1,1,1
103,77,275,15,2321,1630,13,145,156,5,239,3,44,2265,304,5,310 1,1,1,1,1,1,1,1,1,1,1,1,1,1,1,1,1
6720,14,118 1,1,1
74,14,15,1616,4105,3211,213,3,11630,27,6,1503 1,1,1,1,1,1,1,1,1,1,1,1
18,21,11,93,7,6,114,5,677,57,617,10,1008 1,1,1,1,1,1,1,1,1,1,1,1,1
24,904,275,338,239,13,44,1090,694 1,1,1,1,1,1,1,1,1
74,14,1452,563,448,3,886,66,24,565,12,1663 1,1,1,1,1,1,1,1,1,1,1,1
12,1351,3,629,3301,557,770,7,553,695,26,130,371,116 1,1,1,1,1,1,1,1,1,1,1,1,1,1
18,109,46,202,828,185,70,103,94,19,77,37,208,52,422,10,24,845,350,76 1,1,1,1,1,1,1,1,1,1,1,1,1,1,1,1,1,1,1,1
12,691,7,24,589,106,3,119,118,24,784,10,850,22,337 1,1,1,1,1,7,1,1,1,1,9,1,1,1,1
946 1
18,41,46,24,63,94,144,12,6,468,113,5,454,6,295,10,271 1,1,1,1,1,1,1,1,1,1,1,1,1,1,1,1,1
50,981,2051,10,122,24,465,12,620,1062,129 1,1,1,1,1,1,1,1,1,1,1
92,557,15,1174,52,858,12,40,3787,428,82,198 1,1,1,1,1,1,1,1,1,1,1,1
1015,844,3,497,4739,852,2815,3,229,533,43,4,4739,852,2815,746,26757,7418,806,4,9837,825,4,9837,843,4,9837 1,1,1,1,1,1,1,1,1,1,1,1,1,1,1,1,1,1,1,1,1,1,1,1,1,1,1
