69,49,4,21699,5522,332,538,605,99,29,4,13566,6658,485,4,13567,8021,4,176,2114,2,3260,384,4,13589,174,1957,1603,335,629,10,189,117,6346,656,6530,30,10423,1920,21700,2573,5815,21701,693,28,21702,5841,21703 1,1,1,1,1,1,1,1,1,1,1,1,1,1,1,1,1,1,1,1,1,1,1,1,1,1,1,1,1,1,1,1,1,1,1,1,1,1,1,1,1,1,1,1,1,1,1,1
205,44,4,11500,816,1866,27,21704,601,2460,10,5163,2,2384,4,8656,2,3235,5,8657,2,9,54,8,2541,2,7506,7507,2,3235,1000,5,5524,2980 1,1,1,1,1,1,1,1,1,1,1,1,1,1,1,1,1,1,1,1,1,1,1,1,1,1,1,1,1,1,1,1,1,1
85,5590,1016,4070,10,6,9,157,8,825,7064,12,6,409 1,1,1,1,1,1,1,1,1,1,1,1,1,1
2148,609,941,2133,5,263,2886,13,332 1,1,1,1,1,1,1,1,1
21705,2206,10,3278,9334,2764,4760,13590 1,1,1,1,1,1,1,1
13591,7,4760 1,1,1
1487,2329 1,1
13570,7509,2147,604,1387,76 1,1,1,1,1,1
734,4071,780,185,52,2133,780 1,1,1,1,1,1,1
957,383,12,1118,12,13579,5,70,412,1548,7134,1064,2315,17,1957,76 1,1,1,1,1,1,1,1,1,1,1,1,1,1,1,1
280,350,3244,1205,5,52,1079,1205 1,1,1,1,1,1,1,1
68,14,2000,13578,7,6,52,1205 1,1,1,1,1,1,1,1
68,14,182,383,12,1118,12,6,70,1079,1205 1,1,1,1,1,1,1,1,1,1,1
21706,265,17,1466,7,1319,3558 1,1,1,1,1,1,1
13592,8465,21707,36,1263,10,308,404,2948,21708,36,7509,227,834,76 1,1,1,1,1,1,1,1,1,1,1,1,1,1,1
2948 1
847,455,13,639 1,1,1,1
168,34,21709,36,321,10431,30,7,156,360,4,287,6658,14,15,1678,292,471,13,1235,6007,1603,332,103,2206,5,259,2193,2764,4760,2,1180,42,1748,1797,9,19,493,8,5,13591,7,4760,19,13590 1,1,1,1,1,1,1,1,1,1,1,1,1,1,1,1,1,1,1,1,1,1,1,1,1,1,1,1,1,1,1,1,1,1,1,1,1,1,1,1,1,1,1,1,1
38,20,453,42,1319,1466,5,13592 1,1,1,1,1,1,1,1
16,321,10431,19,8667 1,1,1,1,1
16,3773,65,886,38,221,5,21710,2574,5,5238,712,1488 1,1,1,1,1,1,1,1,1,1,1,1,1
42,6,95,16,6955,6,5768,2,16,2697,5,2808,6,54,663,7,24,1444,19,6,1032,2,9485,15,350,2803,27,24,1841 1,1,1,1,1,1,1,1,1,1,1,1,1,1,1,1,1,1,1,1,1,1,1,1,1,1,1,1,1
6,29,267,37,16,222,31,1882,3473 1,1,1,1,1,1,1,1,1
11,1809,2,11,274,7,13593,2,11,2855,1445,7,6,217,2,11,394,2,11,9944,2,11,142,12,862,2,11,44,34,2,11,255,7,194 1,1,1,1,1,1,1,1,1,1,1,1,1,1,1,1,1,1,1,1,1,1,1,1,1,1,1,1,1,1,1,1,1,1
29,586,476,1077,5,657,25,1269,191,6,78,451,123 1,1,1,1,1,1,1,1,1,1,1,1,1
11,134,6920,7,435,26,3860 1,1,1,1,1,1,1
16,20,1632,10,189,819,16,20,730,19,91,707 1,1,1,1,1,1,1,1,1,1,1,1
147,227,764,13,11,160,7,2690 1,1,1,1,1,1,1,1
392,205,227,11,1574,26,150,1954 1,1,1,1,1,1,1,1
258,129,557,13,3201,5,2058,321 1,1,1,1,1,1,1,1
163,7,213,4,224,4,476,1077,191,6,78,451,236,2,2269,476,25,1269,191,78,363,123 1,1,1,1,1,1,1,1,1,1,1,1,1,1,1,1,1,1,1,1,1,1
11,596 1,1
372,4,11,270,2,1265,2,250,2,1919,202,4,11,112,388,2,11,112,2757,2,11,3498,2,11,895,274,91,4,11,44,34,2,11,396,2,11,8023,1766,4,11,21711,2,261,613,2,11,588,899,4,11,1232,2,280,1274,2,803,2,394,1031,4,11,280,168,34,2,11,9694,21712,2,11,112,34,2,11,386,34,2,11,349,34,6313,4,11,1173,2,11,807,3219,4,11,2035,2,5072,2,588,166,8658,4,1603,335,32,256,955,7,8659,74,8660,12,3226,10420,369,20,730,12,6,751,269,12,6656,28,21713,21714,13594,7097,1012,1295,381,118,417,17,196,159,77,13595,3669,25,33,8663,9,21715,45,8,35,347,25,33,632,569,1673,35,347,25,33,2089,547,35,22,9,1456,45,60,35,8,25,33,889,1345,9,2311,1345,8,370,22,9,370,9,1211,8,22,45,60,35,8,25,59,210,9,894,8,109,22,9,491,45,60,35,8,25,283,4122,9,5920,8,83,22,9,521,45,60,35,8,25,51,1366,33,493,9,1855,397,8,83,22,9,521,45,60,35,8,25,506,2,60,51,1555,3115,2,237,35,33,2689,9,2689,767,8,83,22,9,521,45,60,35,8,25,506,7361,9,12818,5195,8,109,22,9,491,45,60,35,8,25,1834,138,272,1889,35,22,9,1456,45,60,35,8,25,1595,138,272,5,535,230,244,22,9,626,45,60,684,8,25,33,21716,9,9601,5319,3550,8,2560,22,9,21717,802,5273,60,105,1496,8,25,33,98,154,123,137,2063,36,2574,8661,4,1308,1310,13,128,2340,42 1,1,1,1,1,1,1,1,1,1,1,1,1,1,1,1,1,1,1,1,1,1,1,1,1,1,1,1,1,1,1,1,1,1,1,1,1,1,1,1,1,1,1,1,1,1,1,1,1,1,1,1,1,1,1,1,1,1,1,1,1,1,1,1,1,1,1,1,1,1,1,1,1,1,1,1,1,1,1,1,1,1,1,1,1,1,1,1,1,1,1,1,1,1,1,1,1,1,1,1,1,1,1,1,1,1,1,1,1,3,3,3,3,3,3,3,3,3,3,3,3,3,3,16,1,1,1,1,1,1,1,1,1,1,1,1,1,1,1,1,1,1,1,1,1,1,1,1,1,1,1,1,1,1,1,1,1,1,1,1,1,1,1,1,1,1,1,1,1,1,1,1,1,1,1,1,1,1,1,1,1,1,1,1,1,12,1,1,1,1,1,1,1,1,1,1,1,1,1,1,1,1,1,1,1,1,1,1,1,1,1,1,1,1,1,1,1,1,1,1,1,1,1,1,1,1,1,1,1,1,1,1,1,1,1,1,1,1,1,1,1,1,1,1,1,1,1,1,1,1,1,1,1,1,1,1,1,1,1,1,1,1,1,1,1,1,1,1,1,1,1,1,1,1,1,1,1,1,1,1,1,1,1,1,1,1,7,1,1,1,1,1,1,1,1,1,1,1,1,1,1,1,1,1,1,1,1,1,1,1,1,1,1,1,1,1,1,1,1,1,1,1,1,1,1,1,1,1,1,1
578,924,11,726 1,1,1,1
578,1591,1600,430,8662,4935,17,130,159 14,14,1,1,1,1,1,1,1
11,128,30,7,332,520,359,21718,21719,21720,10432,21721,41,628,11,1451,21722,2,11,1251,712,1147,100,112,4,11,799,782,202,4,11,3626,26,8630,28,570,28,725,181,4,10433,1019,1170,1114,10206,2069,516,4,86,79,2,720,694,4,246,253,44,4,90,226,86,1106,26,942,187,4,133,2,875,11,1003,799,4,148,10421,2,405,323,4,992,2612,242,5,114,4,1678,292,471,13,6007,1603,2603,103,2206,174,2764,4760 1,1,1,1,1,1,1,1,1,1,1,1,1,1,1,1,1,1,1,1,1,1,1,1,1,1,1,1,1,1,1,1,1,1,1,1,1,1,1,1,1,1,1,1,1,1,1,1,1,1,1,1,1,1,1,1,1,1,1,1,1,1,1,1,1,1,1,1,1,1,1,1,1,1,1,1,1,1,1,1,1,1,1,1,1,1,1,1,1,1,1,1,1,1,1,1,1
103,21723 1,1
321,10431,8667 1,1,1
6346,656,12,644,7,3201 1,1,1,1,1,1
29,74,181,21,61,166,42,24,195,74,12,6,78,32,15,380,2214,7,21724,9,645,11,160,7,76,2886,7,21725,258,50,31,61,557,13,38,12,6,78,8 1,1,1,1,1,1,1,1,1,1,1,1,1,1,1,1,1,1,1,1,1,1,1,1,1,1,1,1,1,1,1,1,1,1,1,1,1,1,1
16,74,281,3180,13,13595,21726 1,1,1,1,1,1,1
161,21727,21728,165,91,707,2172,186,380,2853,1037,13596,10,38,656 1,1,1,1,1,1,1,1,1,1,1,1,1,1,1
519,539,2524,10,7808 1,1,1,1,1
249,300,322,17,613,71,14,3783,106,422,9,645,55,10434,7,21729,74,21730,1806,8 1,1,1,1,1,1,1,1,1,1,1,1,1,1,1,1,1,1,1,1
351,126,34,322 1,1,1,1
1306,2911,21731,2,96 1,1,1,1,1
5,1707,6302,2,195 1,1,1,1,1
