67,54,4,26854,1361,1716,3,2508,4511,5729,3,107 1,1,1,1,1,1,1,1,1,1,1,1
1713,26855,3153,544,2988,3,5766,26856,684,4,7526,2457,15681,47,11925,882,64,5729,4,1243,2457,369,139,15,175,87,8956 1,1,1,1,1,1,1,1,1,1,1,1,1,1,1,1,1,1,1,1,1,1,1,1,1,1,1
18,86,10,640,7,1119,7371,48,453,344,598,507,10,380 1,1,1,1,1,1,70,70,70,1,1,1,1,1
571,255,957,19,15,6287,711,15,129,1721,99,7438,66,896,10,170,435 1,1,1,1,1,1,1,1,1,1,1,1,1,1,1,1,1
475,7,916,1640,2397,10,24,39,389,21,38,11,915,19,6,1206,26,170,7,40,771,5,18,109,31,49,754,17,92 1,1,1,1,1,1,1,1,1,1,1,1,1,1,1,1,1,1,1,1,1,1,1,1,1,1,1,1,1
15,429,154,582,99,1135,111,1243,2457,288,17,210,435,5,180,896,7,15,2344,1638,488,27,15,1263,130,156,7,5821,3,1263,63,94,7,5468,507,10,437 2,2,2,2,2,2,2,2,2,2,2,2,2,2,2,2,2,2,2,2,2,2,2,2,2,2,2,2,2,2,29,29,29,29,2,2,2
18,38,11,937,177,84,55,3,313,3,15,7411,564,13564,570,275,15,2859,2799,574,766,1472,35,60,35,15,381,2542,548,7,1563,325 2,2,2,2,2,2,2,2,2,2,2,2,2,2,2,2,2,2,2,2,2,2,2,2,2,2,2,2,2,2,2,2
12,475,3,74,20,15,504,170,2799,811,766,1472,465,13,14727,490,131,325 2,2,2,2,2,2,2,2,2,2,2,2,2,2,22,22,22,22
7,55,3,24,99,1998,393,20,6809,13,62,926,7,1995,5,62,580,7,26857,18,557,19,15,389,7,1650,3813,335,22,337 1,1,1,1,1,45,45,45,45,1,1,1,1,1,1,1,1,1,1,1,1,1,1,1,1,25,25,1,1,1
651,3,203,36,298,337 1,1,11,1,1,1
946,3,610,215,22,337 1,1,9,1,1,1
1047,3,596,625,189,11926,662,1532,13,320,189,4430,11926,662,1532,3,5,558,189,596,11926,662,26858,102,77,275,15,60,2056,3,1821,428,12,11,199,342 1,1,8,1,1,1,1,1,1,1,1,8,1,1,1,1,1,1,1,8,1,1,1,1,1,1,1,1,1,1,1,1,1,1,1,1
63,94,70,303,983,4681,3,130,156,1428,5,145,3,1481,625,5,2478,3,140,9372,624,3,75,14,1062,624,270,24,140,7,175,87,183 6,6,6,6,6,6,1,1,1,1,1,1,1,1,1,1,1,1,1,1,1,1,1,1,1,1,1,1,1,1,1,1,1
6,136,14,332 1,1,1,1
576,917 1,1
216,57,58,329,97,222 1,1,1,1,1,1
48,1167,58,7526,2457,15681,47,11925,11927,557,91 1,1,1,1,1,1,1,1,1,1,1
103,77,275,44,304,3,2118,2111,310,5,15,152,4841,589,891,213 1,1,1,1,1,1,1,1,1,1,1,1,1,1,1,1
6,214,14,703 1,1,1,1
114,97,857,93 1,1,1,1
1145,111,338,239,27,15,156,7,1428,3,11442,694,15026,3,2311,26859,3,11443,9492,3,1090,125,851 1,1,1,1,1,1,1,1,1,1,1,1,1,1,1,1,1,1,1,1,1,1,1
74,57,5404,585,3741,26860,55,1291,13,671,851,1136,893,5,15,169,811,789,778,490,13,2859,1452,563,5,292,804,84 1,1,1,1,1,1,1,1,1,1,1,1,1,1,1,1,22,22,22,22,22,22,22,22,22,22,22,22
1129,10,23,99,1145,74,21,68,11,173,84 1,1,1,1,1,1,1,1,1,1,1
339,4,1243,2457,86,10,46,202,7,131,3,211,695 1,1,1,1,1,1,1,1,1,70,70,70,70
50,46,773,24,10,1783,736,27,125,22,337 1,1,1,1,1,47,47,1,1,1,1
662,7024 1,1
17,24,173,287,5,50,1610,1175,24,10,312,1775,527,10,194,24,5808,1278,5,118,24,3582,308,444 1,1,1,15,1,1,1,1,1,1,1,1,1,1,1,1,1,1,1,1,1,1,1,1
12,475,3,50,46,773,24,10,564,24,63,94,27,1376,267,26,544,312,85,19,62,4200,1721,5,933,24,37,134,18,557,7412,270,11928,286,50,237,482,417,3522,2904,340 1,1,1,1,1,1,1,1,1,1,1,1,1,1,1,1,1,1,1,1,1,1,1,1,1,1,1,1,1,1,1,1,6,1,1,1,1,1,1,1,1
12,475,3,35,916,35,18,557,308,5,1497,3,50,41,104,19,390,24,288,1021,429,154,12,175,10,175,5,15,1814,87,85 1,1,1,1,1,1,1,1,1,1,1,1,1,1,1,1,1,1,1,1,1,1,1,1,1,1,1,1,1,1,1
2981,40,50,46,31,2558,24,61,389 1,1,1,1,1,1,1,1,1
7,438,3,50,941,360,17,1301,271,10,1224,12,24,198 1,1,1,1,1,1,1,1,1,1,1,1,1,1
2519,844,3,3692,4116,8542,3,107 1,1,1,1,1,1,1,1
806,4,11927,825,4,26861,843,4,11927,26862,26863,26864,124,1490,11929,1073,11930,3,5766,11931,250,31,81,43,262,331,250 1,1,1,1,1,1,1,1,1,1,1,1,1,1,1,1,1,1,1,1,1,1,1,1,1,1,1
