69,49,4,21812,507,13618,224,144,581,17,101,4,64,14,201,1572,1364,608,21813,12,1087,2591,1045,36,12,6864,13,44,34,957,30,4,16,21,39,1071,7,6,1869,1261,5,1071,5,1527,7,15,2032,1871,7,24,269,2,362,12,176,7402,15,8532,12,1415,3924,604,37,6,369,20,861 1,1,1,1,1,1,1,1,1,1,1,1,1,1,1,1,1,1,1,1,1,1,1,1,1,1,1,1,1,1,1,1,1,1,1,1,1,1,1,1,1,3,3,3,1,1,1,1,1,1,1,1,1,1,1,1,1,1,1,1,1,1,1,1,1,1,1
24,864,13,8673,1527,129,44,21814,5,2409,16,21,110,1297,10,1087,13,2001,13619,21815,7,54,344,891,845,34,650,11,627,864,3765,10445,191,363,697,650,11,150,3871,299 1,1,1,1,1,1,1,1,1,1,1,1,1,1,1,1,1,1,1,1,1,1,1,1,1,1,1,1,1,1,1,1,1,1,1,1,1,1,1,1
6,34,3033,10,1723,13,3786,12141,128,30,4,16,21,153,1202,1308,12,5090,4149,74,104,21,81 1,1,1,1,1,1,1,1,1,1,1,1,1,1,1,1,1,1,1,1,1,1,1
362,24,3951,39,81,32,57 1,1,1,1,1,1,1
648,53,362,2694,179,30,4,16,14,110,2968,994,65,21816 1,1,1,1,1,1,1,1,1,1,1,1,1,1
16,14,924,5,295,13,24,503 1,1,1,1,1,1,1,1
93,122,4,2121 1,1,1,1
145,4,723,1750,4,11,180,326 1,1,1,1,1,1,1,1
2302,4,11,690,2,822 1,1,1,1,1,1
1978,4,483,1751,4,625,171,86,229 1,1,1,1,1,1,1,1,1
487,11,1078,580,1386 1,1,1,1,1
1670,4,90,10,452,5,1043 1,1,1,1,1,1,1
1515,4,52,719,2624,1706,5,2428 1,1,1,1,1,1,1,1
135,145,5,212,2,43,246,5,253,2,13,11,1093,26,970 1,1,1,1,1,1,1,1,1,1,1,1,1,1,1
68,20,15,1812,653,417,7,512,1671,4,43,300,302,2,133,5,375,2,13,11,953,26,342,1139 1,1,1,1,1,1,1,1,1,1,1,1,1,1,1,1,1,1,1,1,1,1,1,1
1635,4,11,673,2,720,26,79 1,1,1,1,1,1,1,1
171,582,243,86,229 1,1,1,1,1
171,904,243 1,1,1
1602,4,21817,147,4,764,5,918,1786,134,258,4,91,785,49,867,1330,4014,2383,2986,21818,2118,2987,456,1858,21819,66,242,5,114,4,16,21,658,13,214,3102,44,34,13,66,2066,5,869,999 1,1,1,1,1,1,1,1,1,1,1,1,1,1,1,1,1,1,1,1,1,1,1,1,1,1,1,1,1,1,1,1,1,1,1,1,1,1,1,1,1,1,1,1,1
21820,14,44,816,34,36,31,91 1,1,1,1,1,1,1,1
84,14,2159,36,12,64,74,3134,5,8164,36,2637,65,6,34,7,24,178 1,1,1,1,1,1,1,1,1,1,1,1,1,1,1,1,1,9
16,14,1691,10,1418,140,13,1224,7,44,816,34 1,1,1,1,1,1,1,1,1,1,1,1
1691,10,245,1895,138,36,454,55,1691,12,252,262,19,275,3191,1170,24,216,4162 1,1,1,1,1,1,1,1,1,1,1,1,1,1,1,1,1,1,1
356,650,608,7514 1,1,1,1
681,809,42,21821,495,9881,195,19,4500,614,2,2824 1,1,1,1,1,1,1,1,1,1,1,1
