69,49,4,21843,13628,2,21844,2,6661,38,29,20,201,19,21845,13,6,427,2,58,4574 1,1,1,1,1,1,1,1,1,1,1,1,1,1,1,1,1,1,1,1,1
361,125,23,99,17,885 1,1,1,1,1,1
6,5237,30,5,93,122,129,177,5,941 1,1,1,1,1,1,1,1,1,1
361,125,23,99,17,885 1,1,1,1,1,1
6,114,7,203,5,642,7,6,29,129,285,13,6,427 1,1,1,1,1,1,1,1,1,1,1,1,1,1
320,4,38,14,15,3326,345,104,279,13,248,236,7,168,34,1539,65,6,751,168,10,6,44 1,1,1,1,1,1,1,1,1,1,1,1,1,1,1,1,1,1,1,1,1,1,1
16,85,21,34,12,24,52,386,100,10,24,2792 1,1,1,1,1,1,1,1,1,1,1,1
16,85,21,106,4680,388,5,197,263,34 1,1,1,1,1,1,1,1,1,1
6,34,21,61,1024,5,6,29,21,61,290,12821,17,6,78,248,123 1,1,1,1,1,1,1,1,1,1,1,1,1,1,1,1,1
6,34,37,16,21,61,460,14,2020,188,2,820,17,6,3872,2792,34,5,6,44,34 1,1,1,1,1,1,1,1,1,1,1,1,1,1,1,1,1,1,1,1,1
16,20,514,19,6,4139,42,24,567,2,5,84,20,884,10,6,29,1550,16,6011,100,12,37,2318 1,1,1,1,1,1,1,1,1,1,1,1,1,1,1,1,1,1,1,1,1,1,1,1
78,89,30,4,182,17,729,743,2,777,1085,2,81,2,3474,3202,2,252,168,34,2,8676,2,5608,4228,2,1002,2,21846,2,336,343,76,2,5,381,527 1,1,1,1,1,1,3,3,3,1,1,1,4,1,1,1,1,1,1,1,1,1,1,1,1,1,1,1,1,1,1,1,1,1,1,1,1
93,122,4,6,29,14,1285,2,118,145,368,2,1851,723,2,67,94,13629,2,5,1161,1304,14,204,41 1,1,1,1,1,1,1,1,1,1,1,1,1,1,1,1,1,1,1,1,1,1,1,1,1
16,14,12,406,326 1,1,1,1,1
24,409,73,14,43 1,1,1,1,1
24,91,122,482,11,1954 1,1,1,1,1,1
24,187,14,2088,2,5,68,14,277,10,1392,12,6,52,197,2209,2,5,68,14,798,277,12,6,52,2792 1,1,1,1,1,1,1,1,1,1,1,1,1,1,1,1,1,1,1,1,1,1,1,1,1,1
68,14,85,182,34,19,1129,7,24,52,386,1375,21847,26,8248 1,1,1,1,1,1,1,1,1,1,1,1,1,1,1
84,14,31,380,17,1089,10,1514,6,590,12,24,52,700,26,475,490,7,34 1,1,1,1,1,1,1,1,1,1,1,1,1,1,1,1,1,1,1
16,14,413,5,646,10,2902,2,1083,2,95,2,5,1588 1,1,1,1,1,1,1,1,1,1,1,1,1,1
24,1478,1738,53,175 1,1,1,1,1
812,122,482,829,476,5907,1419,2,48,11,160,7,9694,2473 1,1,1,1,1,1,1,1,1,1,1,1,1,1
489,426,4,1035,15,867,7,3461,13,3436,1177,7,1862,2,5,783,47,14,553,271,3553 1,1,1,1,1,1,1,1,1,1,1,1,1,1,1,1,1,1,1,1,1
1060,14,12686,1311,482,515,10,35,769,67,2064,5,35,10,51,1711,67,2064 1,1,1,1,1,1,1,1,1,1,1,1,1,1,1,1,1,1
1322,482,777,1085,13,5942,145,7,21848,24,392,205,482,11,1954 1,1,1,1,1,1,1,1,1,1,1,1,1,1,1
68,14,7152,1013,24,52,1018 1,1,1,1,1,1,1
6,1455,479,43 1,1,1,1
303,441,408,4,6,29,20,124,63,172,370,22,327 1,1,1,1,1,1,1,11,11,11,1,1,1
5,1640,183,22,219,17,34 1,1,1,1,1,1,1
24,34,504,2237 1,1,1,1
278,2,16,39,983,2033,7,6,34,5,13,3472,422 1,1,1,1,1,1,1,1,1,1,1,1,1
84,20,2616,10,605,6,29,10,6,144,17,583,7,24,34,5,241,1243,10,232,31,177,42,240,312,232,2269,5942 1,1,1,1,1,1,1,1,1,1,1,1,1,1,1,1,1,1,1,1,1,1,1,1,1,1,1,1
526,8677,2,6661,96 1,1,1,1,1
495,4,13630,276,4,13630,597,42,4,8677,2,6661,813,21849,1852 1,1,1,1,1,1,1,1,1,1,1,1,1,1,1
