67,54,4,26943,15698,3,26944,3,7626,40,28,20,221,13,64,6900 1,1,1,1,1,1,1,1,1,1,1,1,1,1,1,1
50,660,37,50,46,1187,5,101,6,28,3,81,6,385,607,19,6,28,82,940,3,5,235,6,172,3,104,7,198,3,5,566,13,6,28 1,1,1,1,1,1,1,1,1,1,1,1,1,1,1,1,1,1,1,1,1,1,1,1,1,1,1,1,1,1,1,1,1,1,1
30,7,61,328,4,40,14,15,3533,358,13,15,30,7,263,5,3420,317,48,34 1,1,1,1,1,1,1,1,1,1,1,1,1,1,1,1,1,1,1,1
6,28,90,88,300,26,375 1,1,1,1,1,1,1
16,109,46,30,7,431,35,60,35,311,341,709,17,181,120,76 1,1,1,3,3,3,1,1,1,1,1,1,1,10,10,10
16,98,146,194,114,474,984,306,712,3,5,21,53,1470,306,70,93,27,472,290,10,15,7374,164,96,670,8327,26945 1,1,1,1,1,1,1,1,1,1,1,1,1,1,1,1,1,1,1,1,1,1,1,1,1,1,1,1
7,55,3,6,28,82,39,158,452,3,75,16,14,19,17,585,831 1,1,1,1,1,1,1,1,1,1,1,1,1,1,1,1,1
102,101,4,6,28,14,980,3,410,3,5,12,11,342 1,1,1,1,1,1,1,1,1,1,1,1,1,1
23,316,205,111,130,156,7,586,3,386,156,7,900,3,63,94,15701,3,5,1133,1045,1183,42,19,702,737,5,853,42,19,58,2186 1,1,1,1,1,1,1,1,1,1,1,1,1,1,1,1,1,1,1,1,1,1,1,1,1,1,1,1,1,1,1,1
23,155,57,91,5,130,14,1108,1108 1,1,1,1,1,1,1,1,1
40,14,954,406,290,10,1768,2928 1,1,1,1,1,1,1,1
6,214,14,152,5,74,14,15,209,53,473,2168,246 1,1,1,1,1,1,1,1,1,1,1,1,1
6,188,111,53,690,246 1,1,1,1,1,1
457,532,4,6,457,4110,111,15,824,7,11937,5,15,696,63,763,785,7,26946,103,3103,57,72,3,5,6,805,14,602,306,26947,15,3090,14,602,306,5606,6,905,14,8142,1251,14,401 1,1,1,1,1,1,1,1,1,1,1,1,1,1,1,1,1,1,1,1,1,1,1,1,1,1,1,1,1,1,1,1,1,1,1,1,1,1,1,1,1,1,1,1
904,111,62,585,831,13,128,1452,1552,84,12,1036,2611,868,2445 1,1,1,1,1,1,1,1,1,1,1,1,1,1,1
689,264,4,15,48,3783,20,15,1194,406,290,10,28,82,2928 1,1,1,1,1,1,1,1,1,1,1,1,1,1,1
1771,810,5,318,499,438,4,74,20,11,91,921,10,6,28,82,226,7,184 1,1,1,1,1,1,1,1,1,1,1,1,1,1,1,1,1,1,1
138,23,1557,5,15,72,3090,3,119,190,37,40,14,2379,10,52,545 1,1,1,1,1,1,1,1,1,1,1,1,1,1,1,1,1
92,14,91,284,10,52,103,3,138,6,30,7,181,120,76,5,15,416,448,1145 1,1,1,1,1,1,1,1,1,1,1,1,10,10,10,1,1,1,1,1
40,208,52,854,3,5,6,48,738,14,31,5470,575 1,1,1,1,1,1,1,1,1,1,1,1,1
119,57,564,15,241,570,7,6,48,97,247,1462,10,476,9753,6,350,7879,3,5,57,162,6,28,10,6,297,594,17,450,5,1471,7,898,5,904 1,1,1,1,1,1,1,1,1,1,1,1,1,1,1,1,1,1,1,1,1,1,1,1,1,1,1,1,1,1,1,1,1,1,1,1
801,4,176,226,7,184 1,1,1,1,1,1
178,1552,2575,19,1145 1,1,1,1,1
497,7147,3,7626,107 1,1,1,1,1
487,4,15702,292,4,15702,533,43,4,7147,3,7626,746,26948,1608,250,31,81,43,262,331,250 1,1,1,1,1,1,1,1,1,1,1,1,1,1,1,1,1,1,1,1,1,1
