69,49,4,21979,2141,292,600,13,116,2,120,2,178,2,3582,2,438,2,103,798,1263,17,356 1,1,1,1,1,1,1,1,10,1,4,1,9,1,1,1,1,1,1,1,1,1,1
64,267,37,18,21,31,61,290,87,77,17,153,376 1,1,1,1,1,1,1,1,1,1,1,1,1
18,52,17,21980,17,248,198,5,2876,286,7,77 1,1,1,1,1,1,1,1,1,1,1,1
64,21981,23,728,50,61,12,6,21982,64,267,803,7,362,744,2,5,6,274,7,23,23,765,4051 1,1,1,1,1,1,1,1,1,1,1,1,1,1,1,1,1,1,1,1,1,1,1,1
214,6282,13,257,5,4290,85,1305,6668,2,7522,21983,2188,855,5,7521 1,1,1,1,1,1,1,1,1,1,1,1,1,1,1,1
167,116,120,178,4,6017,13,1598,5,13643,13644 1,10,4,9,1,1,1,1,1,1,1
13645,704,9,8,851,2,316,382,10,974,13646,348 1,1,1,1,1,1,1,1,1,1,1,1
8686,5824,9,982,41,3382,8,2,111,13647 1,1,1,1,1,1,1,1,5,5
795,915,618,2,270,5,4240 1,1,1,1,1,1,1
147,13648,35,675,518,2579,12,591,2,1088,2,600,2,7029 1,1,1,1,1,1,1,1,1,1,1,1,1,1
1796,32,1126,48,31,1394,7,313 1,1,1,1,1,1,1,1
704,227,450,585,7,284,41,13,11,8687 1,1,1,1,1,1,1,1,1,1
117,352,68,20,3037,1535,5016,3720 1,1,1,1,1,1,1,1
1796,32,11,160,7,13649,13650,9,48,252,3939,915,252,8686,8,299,7,3582,42,10456,72,2599,261,103,6320,915,4568,2113,438,1284,103,798,77,1803,1397,284,190,506,98,154,123,131,135,1629,102,190,405,7142,2,245,119,1175,13651,108,7520,2,10460,108,13652,2,10461,13653,2,13654,9893,1342,9,3417,8,446,45,3405,60,35,45,9,62,8,25,33,2937,626,45,60,35,45,9,62,8,25,283,138,13655,3618,9,4142,8,778,45,60,35,45,9,62,8,25,59,13656,9,13657,569,1345,8,35,1593,2478,4241,98,481,123,7379,1206,51,2457,1206,513,259,72,138,270,2,138,4,13658,8311,1206,51,2411,8683,59,987,447,22,25,59,210,130,22,25,33,7518,9,10457,8,8331,45,60,35,45,9,62,8,25,33,1932,9,172,1721,1722,8,1017,45,3405,60,35,45,9,62,8,25,33,13659,9,13660,8,521,45,60,35,45,9,62,8,25,33,473,9,1828,8,449,22,25,33,2908,9,6018,8,105,22,9,390,45,60,35,8,25,33,230,196,22,9,626,45,60,35,8,25,33,13661,761,22,25,1519,98,35,107,8197,35,41,1349,9,8201,35,41,1349,8,35,2072,965,33,2,2208,10,2188,680,9,1884,8,33,138,7521,131,1397,9,1629,8,154,13662,956,405,10184,11984,7,99,2,64,14,31,290,87,7,23,77 1,1,1,1,1,1,1,1,1,1,1,1,1,1,1,1,1,1,1,1,1,1,1,1,1,1,1,1,1,1,1,1,1,6,6,6,6,6,6,6,6,6,6,6,6,6,6,6,6,6,6,6,6,6,6,6,6,6,6,6,6,6,6,6,6,1,1,1,1,1,1,1,1,1,1,1,1,1,1,1,1,1,1,1,1,1,1,1,1,1,1,1,1,1,1,1,1,1,1,1,1,1,1,1,1,1,1,1,1,1,1,1,1,1,1,1,1,1,1,1,1,1,1,1,1,1,1,1,1,1,1,1,1,1,1,1,1,1,1,1,20,20,20,20,20,12,12,12,12,12,13,1,1,1,1,1,1,1,1,1,1,1,1,1,11,1,1,1,1,1,1,1,1,1,1,1,1,1,1,1,1,1,1,1,1,1,1,1,1,1,1,1,1,1,1,28,1,1,1,1,1,1,1,1,1,1,1,1,1,1,1,1,1,1,1,1,1,7,1,1,1,1,1,1,1,1,1,1,1,1,1,1,1,1,1,1,1,1,1,1,1,1,1,1,1,1,1,1,1,1,1,1,1,1,1,1,1,1,1,1,1,6,6,6,6,6,6,6,6,6,6,1,1,1,1,1,1,1,1,1,1,1,1
73,4,520,359,111,13672,2,289,1987,2,616,5495,946,112,11,920,11,846,694,418,2,1268,2,1812,5589,661,27,5170,226,745,4617,2,11,10064,340,133,3414,1381,516,11,1505,323,4,725 1,1,1,1,5,5,5,1,1,1,1,1,1,1,1,1,1,1,1,1,1,1,1,1,1,1,1,1,1,1,1,1,1,1,1,1,1,1,1,1,1,1,1,1
1188,4247,2,773,10,6192,26,4344,6191,19,54,2,1559,10459,10,2769,590,3804,2782,5202,2,4291,1028,722 1,1,1,1,1,1,1,1,1,1,1,1,1,1,1,1,1,1,1,1,1,1,1,1
274,7,466,43,672 1,1,1,1,1
869,6667,498,457,315,649,524,824,689,6019,1982,10462,2710,9,220,8,1982,980,9,220,8,1537,4185,1917,2554,9,220,8,1347,9,220,8,2108,9,220,8,315,379,804,770,1498,6019,1789,10462,1163,2451,12290,9,220,8,903,4185,1408,1659,6168,9,220,8,614,315,335,935,1437,1434,10462,3380,4185,3897,1710,3314,1862,315,1830,4185,2554,315,1465,1438,1497,935,4185,462,723,1653,1710,315,1462,2566,940,13673,6019,21984,9,220,8,6293,9,220,8,2593,5310,9,220,8,315,9308,6019,284,315,4762,6669,6019,4334,9,220,8,21985,9,220,8,206,35,208,315,8688,6019,4301,315,8688,21986,6019,4301,21987,315,298,615,458,266,4185,21988,9,220,8,12337,3667,11647,315,530,665,698,443,4185,21989,7308,6540,21990,315,666,4185,4072,315,41,4732,41,4733,41,5113,41,5114,4185,21991,1865,1982,9,46,8,1789,315,41,5115,4185,1303,315,5116,6013,6014,6015,4185,21992,21993,13674,7495,315,6016,4185,3510,206,35,208,772,2382,4,190,1365,22,13351,804,833,4,13663,13,6666,7517,120,2,344,1462,2,438,2,103,1826,2,3231,2,17,356,35,8,134,380,2975,2069,4,148,2975,5,150,7154,2,64,222,31,808,17,887,259,2207,117,2069,12,13664,2,64,40,880,173,536,1011,8115,3986,27,400,101,51,8,120,4,1803,1397,27,21994,5,154,506,117,664,17,363,2207 1,1,1,1,1,1,1,1,1,1,1,1,1,1,1,1,1,1,1,1,1,1,1,1,1,1,1,1,1,1,1,1,1,1,1,1,1,1,1,1,1,1,1,1,1,1,1,1,1,1,1,1,1,1,1,1,1,1,1,1,1,1,1,1,1,1,1,1,1,1,1,1,1,1,1,1,1,1,1,1,1,1,1,1,1,1,1,1,1,1,1,35,1,1,1,1,1,1,1,1,30,1,1,1,1,1,1,1,1,1,1,1,1,1,1,1,1,1,1,1,1,1,1,1,1,1,1,1,1,1,1,1,1,1,1,1,1,1,1,1,1,1,1,1,1,1,1,1,1,1,1,1,1,1,1,1,1,1,1,1,1,1,1,1,1,1,1,1,1,1,1,1,1,1,1,1,1,1,1,1,1,1,1,1,1,1,1,1,1,1,1,1,1,1,1,1,1,1,1,1,1,1,1,1,1,1,1,1,1,1,1,1,1,4,1,1,1,1,1,1,1,1,1,1,1,1,1,1,1,1,1,1,1,1,1,1,1,1,1,1,1,1,1,1,1,1,1,1,1,1,1,1,1,1,1,1,1,1,1,1,1,1,1,1,1,1,4,1,6,1,1,1,1,1,1,1,1,1,1,1
97,374,20,3846 15,15,15,15
8667,2,56,21995 15,15,1,1
21996,131,4495 1,6,1
56,679,987,447,59,56,679,211,2,1226,56,926,10,13675,102,8,13665,798,2,692,10,356,13,323,124,38,688,7775,18,404,2,71,18,1886,14,1550,18,549,297,6,97,798 1,20,20,1,1,1,11,11,12,12,1,1,1,1,1,1,1,1,1,1,1,1,1,1,1,1,1,1,1,1,1,1,1,1,1,1,1,1,1,1,1,1
211,370,33,2,40,1798,10,949,27,400,101 11,1,1,1,1,1,1,1,1,1,1
183,8,13667,415,704,13,252,3939,124,657,352,2059,48,5989,7,313 1,1,1,1,1,1,1,1,1,1,1,1,1,1,1,1
116,1073,425,218,3333,64,31,2492,13,257 10,1,1,1,1,1,1,1,1,1
13676,40,1384,1149,428 1,1,1,1,1
56,111,251,4,230,196,679,7518 1,1,1,1,7,1,13,13
40,125,1162,12,35,2779,5,176,301,241,6156,12,230,9,1109,10,55,19,204,8,56,679,210,130,22,33,2,945,126,10,55,251,2,40,887,12,102,198,56,679,211,370,33,83,8,13668,2,448,57,6667,38 1,1,1,1,1,1,1,1,1,1,7,7,7,1,1,1,1,1,1,1,1,12,12,1,1,1,1,1,1,1,1,1,1,1,1,1,1,1,1,11,11,1,1,1,1,1,1,1,1,1,1
679,1461,10,130,33,259,8,13669 1,1,1,1,1,1,1,1
679,910,5,13670,481,8,13671 1,1,1,1,1,1,1
679,1342,614,8,2244,4,266,2232,5,530,903,8,2188,7523,4,13677,761,1519,1349,109,8,424,5118,4,56,3365,17,3344,9,97,102,831,146,8,2,724,56,40,1384,752,27,400,101,854,8,356,12,51,236,926,10,179,500,17,2262,13,2577 1,1,1,1,1,1,1,1,1,1,1,1,1,1,1,1,1,1,1,1,1,1,1,1,1,1,1,1,1,1,1,1,1,1,1,1,1,1,1,1,1,1,1,1,1,1,1,1,1,1,1,1,1,1,1,1,1
285,13,608,8689,3290,13678,2,195,2605,3343,74,99,2605,2141,292,407,13,116,2,120,2,178,2,3582,2,438,2,103,798,2,3231,17,356 1,1,1,1,1,1,1,1,1,1,1,1,1,1,1,1,1,10,1,4,1,9,1,1,1,1,1,1,1,1,1,1,1
2876,286,7,77,35,376,146,2,728,12,11377 1,1,1,1,1,1,1,1,1,1,1
1305,21997,3121 1,1,1
39,415,215,12,2857,37,20,1126,48,31,1224,313,2,222,841,356,17,1149 1,1,1,1,1,1,1,1,1,1,1,1,1,1,1,1,1,1
111,13672 5,5
544,21998,97,374,1913,114 1,1,1,1,1,1
40,2283,192,77 1,1,1,1
39,2975,2069,5,153,215,48,31,15,356,215 1,1,1,1,1,1,1,1,1,1,1
356,12,51,236,10,1021,560,2577,5,155,111 1,1,1,1,1,1,1,1,1,1,1
2728,58,13678 1,1,1
8689,2,195 1,1,1
