69,49,4,22078,507,3537,1473,144,13709,13710,96 1,1,1,1,1,1,1,1,1,1,1
3537,1473,144,4276,2,828,58,13710,4,47,20,3000,10,125,4763,4628,9,10463,4,2321,2229,259,2,3666,8,104,774,1264,13,23,943,2,10470,2,17,207,100,91,233 1,1,1,1,1,1,1,1,1,1,1,1,1,1,1,1,1,1,1,1,1,1,1,1,1,1,1,1,1,1,1,1,1,1,1,1,1,1,1
4763,21,61,185,65,15,91,845,7,3134 1,1,1,1,1,1,1,1,1,1
18,21,164,143,76,5,543,269,369,959,12,22079,18,39,66,415,4659,708,12,1452,10472,18,21,61,739,7,714,26,22080,115 1,1,9,9,9,1,1,3,3,3,1,1,1,1,1,1,1,1,1,1,1,1,1,1,1,1,1,1,1,1
18,586,847,2631,618 1,1,1,1,1
23,158,10356,115,50,504,7425 1,1,1,1,1,1,1
18,21,5980,127,19,185,89,322 1,1,1,10,1,1,1,1
23,134,494,7,22081,21,61,453,814,1831,42,23,1532,2243,401,27,3537,1473,5,92,50,285,38,27,4018 1,1,1,1,1,1,1,1,1,1,1,1,1,1,1,1,1,1,1,1,1,1,1,1,1
4763,404,2468,419,271,27,23,97,363,2422,5,47,221,214,3000,10,125,38 1,1,1,1,1,1,1,1,1,1,1,1,1,1,1,1,1,1
19,979,73,2,67,94,70,349,14,3065,2142,2,243,53,1025,2,43,5,192,57,549 1,1,1,1,1,1,1,1,1,1,1,1,1,1,1,1,1,1,1,1,1
523,118,3733,14,43,10,133 1,1,1,1,1,1,1
1154,14,43 1,1,1
68,14,15,22082,653,1424,417 1,1,1,1,1,1,1
11,1626,387,53,156 1,1,1,1,1
11,673,2,720,26,79 1,1,1,1,1,1
620,14,3852,5,185 1,1,1,1,1
112,1486,53,919 1,1,1,1
293,2427,53,43 1,1,1,1
226,53,90 1,1,1
263,73,14,43 1,1,1,1
47,273,31,977,2171,7,6,263,1455 1,1,1,1,1,1,1,1,1
6,1322,14,869 1,1,1,1
84,589,10,1035,839,1535,518,3060,5,52,777,5275 1,1,1,1,1,1,1,1,1,1,1,1
77,4,4763,11,1735,826,6,2771,2,230,196,22,119,107,2,210,109,22,119,107,2,2330,130,22,82,2,1342,130,22,1004,2,1692,13711,22,119,107,2,632,1227,447,22,2,10473,204,22,2,1042,1639,22,119,107,2,5,9865,6381,4255,119,107 1,1,1,23,23,23,23,23,1,7,1,1,1,1,1,12,1,1,1,1,1,26,1,1,1,1,1,1,1,1,1,1,1,1,1,1,1,1,1,1,1,1,1,1,1,1,1,1,1,1,1,1,1,1,1,1,1,1
108,68,53,87,1135,27,13712,2,361,750,260 1,1,1,1,1,1,1,1,1,1,1
47,221,3000,10,125,4763,74,3752,53,199,5,37,18,14,699,419,5,2020,2,23,979,73,1044,1536,32,57 1,1,1,1,1,1,1,1,1,1,1,1,1,1,1,1,1,1,1,1,1,1,1,1,1,1
18,113,31,7917,1257 1,1,1,1,1
47,99,37,23,835,14,2298,41 1,1,1,1,1,1,1,1
101,2998,130,22083,12,1979,536,16,91,5,3219,709 1,1,1,1,1,1,1,1,1,1,1,1
1810,1646 1,1
1027,1928,2,8700,8701,2,195,681,809,42,8700,8701,2,195,1655,139,4,678 1,1,1,1,1,1,1,1,1,1,1,1,1,1,1,1,1,1
