69,49,4,13726,5793,101,6675,2,8702,54,485,4,22140,49,7,101,4,5538,4737,4,552,6675,14,15,4048,381,407,13,4953,127,5,336,343,76 1,1,1,1,1,1,1,1,1,1,1,1,1,1,1,1,1,1,1,1,1,1,1,1,1,4,1,1,1,10,1,1,1,1
18,14,453,12,5793,17,2945,7532,1377,76 1,1,1,1,1,1,1,1,1,1
18,20,962,201,12,1110,1740,2,151,18,20,265,13,508,2,272,5,44,34 1,1,1,1,1,1,1,1,1,1,1,1,1,1,1,1,1,1,1
23,44,205,227,63,1874,1923,5,15,22141,3278,28,6,1874,409,76,20,1447,10,55,12,1756,239,10,6,2945,7532,1377,76,5,12,1756,239,10,2235 1,1,1,1,1,1,1,1,1,1,1,1,1,1,1,1,1,1,1,1,1,1,1,1,1,1,1,1,1,1,1,1,1,1,1
18,20,85,166,27,37,95,10,50,63,3544,22142,7290,13,318,22143,2,66,22144 1,1,1,1,1,1,1,1,1,1,1,1,1,1,1,1,1,1,1
1737,2,18,39,3943,74,13,22145,142,10,23,1432,5,10480,2563,23,1444 1,1,1,1,1,1,1,1,1,1,1,1,1,1,1,1,1
6,2845,74,20,4494,42,6,1350,336,343,76,5,18,39,10,2110,1527,7,6,70,2433,582,143,13727 1,1,1,1,1,1,1,1,1,1,1,1,1,1,1,1,3,1,1,1,1,1,1,1
2252,472,571,2182 1,1,1,1
2534,709,4,6,81,5,127,2252,1795,57,425 1,1,1,1,4,1,10,1,1,1,1
48,19,352,2059,215,2,18,658,13,182,164,143,76,5,20,166,10,50,182,541,238 2,2,2,2,2,2,2,2,2,9,9,9,9,2,2,2,2,2,2,2,2
12,1589,2994,18,543,1527,5,18,39,15,22146,541,676,730 3,3,3,3,3,3,3,3,3,3,3,3,3,3
4584,65,162,21,61,1581 3,3,3,3,3,3
48,84,21,61,4039,5,6390 1,1,1,1,1,1,1
18,319,110,1418,100,51,4365,7,1965,2,237,468,10,1418,6,2725,4633,10,23,140 1,1,1,1,1,1,1,1,1,1,1,1,1,1,1,1,1,1,1,1
18,21,39,11,844,44,34 1,1,1,1,1,1,1
18,8273,23,1432,5,744,619,5,21,39,11,1377,5274 1,1,1,1,1,1,1,1,1,1,1,1,1
18,404,15,1114,2246,12,6,44,816,12,290,15,1744,194,9,6602,1876,8,2,48,11,366,119,4965 1,1,1,1,1,1,1,1,1,1,1,1,1,1,1,1,1,1,1,1,1,1,1,1
18,2182,57,6022 1,1,1,1
18,21,288,61,201,42,507,5,58,8703,5,1044,10,55,12,199,6201 1,1,1,1,1,1,1,1,1,1,1,1,1,1,1,1,1
23,77,129,177,5,5266,12,6,2116 1,1,1,1,1,1,1,1,1
12,2858,7,6,22147,2,18,589,10,50,106,2845,74 1,1,1,1,1,1,1,1,1,1,1,1,1
18,4850,10,1454,23,1432,619,5,18,21,39,1114,4315,7,6,1377,48,2282,1866,7,23,1432 1,1,1,1,1,1,1,1,1,1,1,1,1,1,1,1,1,1,1,1,1,1
1127,13574,23,373,14,6,1024,5382 1,1,1,1,1,1,1,1
18,549,573,419,19,83,22,7,517,82 1,1,1,1,1,1,1,1,1,1
18,836,19,4764,594,22,82 1,1,1,1,1,1,1
18,21,39,11,834,2132 1,1,1,1,1,1
18,21,39,11,508,2,796,26,1387,366,19,639 1,1,1,1,1,1,1,1,1,1,1,1
18,3242,19,248,3287 1,1,1,1,1
18,88,5706,100,13,87,22148,12,23,1414 1,1,1,1,1,1,1,1,1,1
18,589,19,1116 1,1,1,1
991,499,12,790,14,355,66 1,1,1,1,1,1,1
257,4,1133,83,22,33,172,370,22,33,1010,1247,22,33,184,758,22,33,310,447,22,59,556,2461,1380,1062,244,22,33,4764,594,22,33,635,105,22,283,8661,4,18,774,12,13,23,943,2,104,404,18,14,448,214,57,5,14,10380,10,125,23,419 1,1,23,1,1,1,11,1,1,1,25,1,1,1,13,1,1,1,20,1,1,1,7,1,1,1,1,1,1,1,1,1,1,12,1,1,1,1,1,1,1,1,1,1,1,1,1,1,1,1,1,1,1,1,1,1,1,1,1,1
552,6675,1007,168,10,500,102,198,117,162 1,1,1,1,1,1,1,1,1,1
637,4,120 1,1,4
127 10
336,143,76 1,1,1
10481,13,149,225,293,238,9,2601,8 1,1,1,1,1,1,1,1,1
5503,9,545,1466,70,1726,12,2656,8 1,1,1,1,1,1,1,1,1
276,75,1179,28,710,137,4,747 1,1,1,1,1,1,1,1
93,122,4,111,22149,2,289,1987,2,574,723,2,1157,5334,600,2,616,4079,946,651,1048,738,34,542,9,4710,8,515,18,21,10480,191,23,1444 1,1,1,1,1,1,1,1,1,1,1,1,1,1,1,1,1,1,1,1,1,1,1,1,1,1,1,1,1,1,1,1,1,1
18,1423,57,10,260 1,1,1,1,1
23,1947,14,199,5,18,22150,3318 1,1,1,1,1,1,1,1
18,21,6793,9564,7,23,1414,2,48,11,2692,1528,7,23,1176 1,1,1,1,1,1,1,1,1,1,1,1,1,1,1
23,112,14,3350,330,2,6,181,13728,401 1,1,1,1,1,1,1,1,1,1
2112,13728,15,2328,191,23,1444,32,57 1,1,1,1,1,1,1,1,1
48,6,44,816,4901,21,11,5378 1,1,1,1,1,1,1,1
6,1052,1791,21,2182,22151 1,1,1,1,1,1
6,372,12322,2122,275 1,1,1,1,1
68,14,11,22152 1,1,1,1
68,53,106,225,942 1,1,1,1,1
23,1432,53,3855,65,6,5378,1694,7,23,76 1,1,1,1,1,1,1,1,1,1,1
68,53,11,7112,886,3298 1,1,1,1,1,1
68,14,106,336,2439,7,4753 1,1,1,1,1,1,1
23,744,53,57,2182,2,619,5,57,2346 1,1,1,1,1,1,1,1,1,1
23,2086,53,599,80,13,11,529,5382 1,1,1,1,1,1,1,1,1
118,4,246,2,253,13,15,133,9305,2,253,166 1,1,1,1,1,1,1,1,1,1,1,1
11,776,387 1,1,1
320,4,22153,74 1,1,1,1
22154,10481,13,541,676,1181,22155 1,1,1,1,1,1,1
883 1
114,2737,995,6,2189,7,3712,536,4,1328,10,1197,6649,5,2643,7,2845,74 1,1,1,1,1,1,1,1,1,1,1,1,1,1,1,1,1,1
126,933,2,1696,4764,22156,517,83,22,2718 1,1,1,1,1,1,1,1,1,1
1012 1
47,880,84,209,55,4677,17,23,10,60,866,465,32,928,32,23,81,836,57,425,5,18,404,573,419,19,84,28,37,14,2,6,2966,6923,6,2239 1,1,1,1,1,1,1,1,1,1,1,1,1,1,1,1,4,1,1,1,1,1,1,1,1,1,1,1,1,1,1,1,1,1,1,1
23,258,50,61,718,5,15,44,810,1156 1,1,1,1,1,1,1,1,1,1
47,40,125,23,12,259,198,2,3027,108,68,53,87,709,12,6,2534 1,1,1,1,1,1,1,1,1,1,1,1,1,1,1,1,1
5520,95,1280,606,239,10,89,30,163,2,1135,5,13133,7,77,13,6,29 1,1,1,1,1,1,1,1,1,1,1,1,1,1,1,1,1,1
18,5,23,943,1061,13,38,114 1,1,1,1,1,1,1,1
4865,6676,5537,2,96 1,1,1,1,1
597,49,4,5538,597,42,4,6676,5537,2,96 1,1,1,1,1,1,1,1,1,1,1
800,4,5538,22157,2630,4,5538,22158,2178,4,22159,6184,1070,4,22160,6185,1070,4,22161,22162,649,2837,2,524,3777,9,72,8,2,824,1080,9,54,8,2,689,6677,2,379,1408,2,804,10368,2,1578,75,695,28,284,2,770,3819,9,72,8,5538,1498,22163,335,4458,2,1178,2200,2,22,2500,2,935,1710,2,1437,3222,9,72,8,2,1434,3821,2,1830,2129,2,244,13729,22164,1465,109,2,1438,105,2,1497,1645,2,935,22165,867,22166,2396,2118,2,3987,22167,298,3322,2,615,22168,2,458,5452,9,54,8,2,266,7318,9,54,8,2,530,1987,2,665,6338,2,698,8709,2,443,22169,666,4606,9,72,8,5538,1081,1192,2,41,1753,1182,9,72,8,2,41,897,564,9,54,8,2,41,1637,259,2,41,732,51,2,41,1675,22170,2584,22171,2,2585,22172,2,2661,8146,2,2662,6648,2,2663,22173,1513,152,2,1458,152,2,2664,152,2,2130,22174,2007,2515,9,72,8,5538,13730,2263,464,22175,1316,4,22176,444,139,4,8558,4,44,51,10482,4,5538,22177,715,4,22178,1741,4,5537,2,6676,22179,4,44,34,36,22180,444,3049,5,891,4415,7,6,44 1,1,1,1,1,1,1,1,1,1,1,1,1,1,1,1,1,1,1,1,1,1,1,1,1,1,1,1,1,1,1,1,1,1,1,1,1,1,1,1,1,1,1,1,1,1,1,1,1,1,1,1,1,1,1,1,1,1,1,1,1,1,1,1,1,1,1,1,1,1,1,1,1,1,1,1,1,1,1,1,1,1,1,1,1,1,1,1,1,1,1,1,1,1,1,1,1,1,1,1,1,1,1,1,1,1,1,1,1,1,1,1,1,1,1,1,1,1,1,1,1,1,1,1,1,1,1,1,1,1,1,1,1,1,1,1,1,1,1,1,1,1,1,1,1,1,1,1,1,1,1,1,1,1,1,1,1,1,1,1,1,1,1,1,1,1,1,1,1,1,1,1,1,1,1,1,1,1,1,1,1,1,1,1,1,1,1,1,1,1,1,1,1,1,1,1,1,1,1,1,1,1,1,1,1,1,1,1,1,1,1,1,1,1,1,1,1,1,1,1,1,1,1,1,1,1,1,1,1,1,1,1,1,1,1,1,1
2666,4,22181,22182,584,4,1494,7170,8710,5,4071,12596,4904,555 1,1,1,1,1,1,1,1,1,1,1,1,1,3
2849 1
164,1651 1,1
226,4,362,226,50,3037,5736,4272,2,218,8271,27,6,1912 1,1,1,1,1,1,1,1,1,1,1,1,1,1
68,14,11,160,7,796,26,305,79 1,1,1,1,1,1,1,1,1
7310,4,68,14,11,1079,1205,26,3927 1,1,1,1,1,1,1,1,1
118,5,4236,4,6,118,5,6,4236,53,185 1,1,1,1,1,1,1,1,1,1,1
5038,4,6,2012,7970,14,483 1,1,1,1,1,1,1
320,4,11,796,26,305,79,3245 1,1,1,1,1,1,1,1
7303,4,8353,4,10483,2,4149,2979,10483,2,4149,2979 1,1,1,1,1,1,1,1,1,1,1,1
