69,49,4,22098,91,162,7531,1120,144,49,7,659,4,13715,13716,9274,9275,4,6882,3541,4,4979,2,8706,1783,1724,4,13717,2,5537,2337,312,4,13718,2,13719,30,7,629,360,1256,6675,14,15,284,200,307,528,13,15,30,7,336,1148,76,2,541,238,2,81,2,127,2,254,2,5,164,143,76 1,1,1,1,1,1,1,1,1,1,1,1,1,1,1,1,1,1,1,1,1,1,1,1,1,1,1,1,1,1,1,1,1,1,1,1,1,1,1,1,1,1,1,1,1,1,1,1,1,1,1,1,1,1,1,1,1,1,1,4,1,10,1,16,1,1,9,9,9
17,6,78,200,18,21,39,366,19,639,2,1540,13,15,4633,7,1965 1,1,1,1,1,1,1,1,1,1,1,1,1,1,1,1,1
18,3172,1171,27,6,965,10,468 1,1,1,1,1,1,1,1
18,88,44,34,2,1251,2,655,2,2095,2094,366,2,892,2,26,197,445,79 1,1,1,1,1,1,1,1,1,1,1,1,1,1,1,1,1,1,1
15,134,1134,12,1415,604,63,872,1177,7,1749,41,2,149,1271,2075,2,541,238,13,15,1344,4338,7,22099,2,3979,7,22100,2,5,15,676,680,7,1659,3371,601 1,1,1,1,2,2,2,2,2,2,2,2,2,2,2,2,2,2,2,1,1,1,1,1,1,1,1,1,1,1,1,1,1,1,1,1,1,1
68,53,11,816,721,1113,7,6,52,2037 1,1,1,1,1,1,1,1,1,1
15,415,215,12,1415,604,15,1933,352,2312,13,15,350,680,7,149,1424,313,5,872,1177,7,1956,41 1,2,2,2,2,2,2,2,2,2,2,2,2,2,2,2,2,2,2,2,2,2,2,2
15,91,561,19,8707,604,196,41,52,1468,238,2,8538,41,52,794,4370,2,154,41,1869,5,196,41,70,164,143,238 2,2,2,2,2,2,2,2,2,2,2,2,2,2,2,2,2,2,2,2,2,2,2,2,2,2,2,2
541,676,680,20,166,27,12041,3371,601 2,2,2,2,2,2,2,2,2
293,4279,426,604,225,10478,41,238 2,2,2,2,2,2,2,2
18,20,926,10,58,4979,17,63,541,676,1181,5,164,143,703,593,162 1,1,1,1,1,1,1,1,1,1,1,1,3,3,3,3,3
18,279,80,17,3829,1011,5,233 3,3,3,3,3,1,1,1
18,281,586,366,19,639,13,248,4365,7,1965 1,1,1,1,1,1,1,1,1,1,1
18,88,44,34,2,618,2,26,969 1,1,1,1,1,1,1,1,1
5247,366,4874,328,811,121,9,946,8,4,22101,2289,9,12,8,4,1662,1055,81,311,4,81,341,311,591,81,338,4,802,1899,2558,331,4,13720,127,188,409,76,4,11,336,1148,76,4,756,2,1148,343,13721,158,623,3476,150,78,3828,30,127,293,76,10478,41,238,193,12,6,2650,193,11,182,238,12,6,1884,293,1469 1,1,1,1,1,1,1,1,1,1,1,1,1,1,1,1,1,8,4,4,4,4,4,4,4,4,1,1,1,16,1,1,1,1,10,1,1,1,1,1,1,1,1,1,1,1,1,1,1,1,1,1,1,1,1,1,10,1,1,1,1,1,1,1,1,1,1,1,1,1,1,1,1,1,1
164,143,76,541,676,238,81,341,311,591,254,336,1148,22102,76,453,42,58,8703,3203,52,2433,582,6020,13,22103,2135,2,5,9682,582,6020,13,58,10474,10477 9,9,9,1,1,1,4,4,4,4,16,1,1,1,1,1,1,1,1,1,1,1,1,1,1,1,1,1,1,1,1,1,1,1,1,1
3203,3002,1071,7,70,1063,143,13,58,10474,8708,17,2149,2,1095,2623,1346,756,381,981,362,1176,527,2845,74,740,2945,7532,1377,76,2,453,42,58,6676,5537,5503,70,1726,2,103,545,1466,105,159,146,1012,1432,4107,137,1573,4,11,334,137,141,77,172,9,896,547,8,370,22,25,82,28,1171,4,22104,1010,196,22,25,82,184,130,22,25,82,28,1171,4,22105,501,9,556,1503,8,244,22,25,82,310,823,22,25,59,28,51,1366,221,2,153,4987,2,153,347,852,737,9,1133,8,109,22,25,82,4764,1345,9,5099,8,1639,22,25,82,933,9,1116,8,105,22,25,82,1266,9,635,8,105,22,25,82,231,77,152,2558,91,139,3829,5249,5,1394,1011,704,7531,1120,144,22106,872,1177,1749,41,125,444,12,948 1,1,1,1,1,1,1,1,1,1,1,1,1,1,1,1,1,1,1,1,1,1,1,1,1,1,1,1,1,1,1,1,1,1,1,1,1,1,1,1,1,1,1,1,1,1,1,1,1,1,1,1,1,1,1,1,1,11,1,1,1,1,1,1,1,1,1,1,1,1,25,1,1,1,1,13,1,1,1,1,1,1,1,1,7,1,1,1,1,1,1,1,1,20,1,1,1,1,1,1,1,1,1,1,1,1,1,1,1,23,1,1,1,1,1,1,1,1,1,1,1,1,1,1,1,1,1,1,1,1,1,1,1,1,12,1,1,1,1,1,1,1,1,1,1,1,1,1,1,1,1,1,1,1,1,1,1,1,1,1,1,1,1,1,1,1
999,1565,2961,1241,984,3794,13722,429,444,444,1316,4,22107,444,139,4,678,311,4,91,561,49,4,22108,22109,164,3311,584,4,13203,4,70,52,1468,4,6,52,1468,164,143,14,7,634,4018,2,6419,4283,1261 1,1,1,1,1,1,1,1,1,1,1,1,1,1,1,1,1,1,1,1,1,1,1,1,1,1,1,1,1,1,1,1,1,1,1,1,1,1,1,1,1,1,1,1,1,1,1,1
84,22110,890,6,269,5,2273,164,1469 1,1,1,1,1,1,1,1,1
6,22111,21,15,196,41,238,12,2567,5663 1,1,1,1,1,1,1,1,1,1
269,4,6,717,269,21,15,1006,8538,41,238 1,1,2,2,2,2,2,2,2,2,2
6,751,269,21,15,196,41,238 1,1,1,1,1,1,1,1
52,1869,4,6,717,1869,21,15,154,41,238 1,1,1,1,1,1,1,1,1,1,1
602,4,6,70,164,143,14,15,2617,1261 1,1,1,1,1,1,1,1,1,1
6,717,602,21,15,3564,196,41,238 1,1,1,1,1,1,1,1,1
293,4279,708,444,1316,4,22112,444,139,4,678,311,4,343,708,49,4,22113,22114,320,161,225,149,10478,41,238,7,6,378,293,1469 1,1,1,1,1,1,1,1,1,1,1,1,1,1,1,1,1,1,1,1,1,1,1,1,1,1,1,1,1,1,1
165,11,182,238,12,6,1884,293,1469,193 1,1,1,1,1,1,1,1,1,1
186,7315,1329,12,362,2014,1469 1,1,1,1,1,1,1
179,30,150,586,4,18,295,12,22115,2,1070,13,943 1,1,1,1,1,1,1,1,1,1,1,1,1
18,21,497,726 1,1,1,1
1230,32,9594,4557,13713,17,109,159 1,1,1,1,1,1,1,1
706,309,105,159,146,2,35,1860,17,105,159 8,8,8,8,8,8,8,8,8,8,8
11,430 1,1
88,2226,624,245 1,1,1,1
128,30,150,586,4,22116,118,76,2,39,102,676,2106,2,587,27,439,2744,65,1294,7,15,668,1946,566,12,644,7,22117,2,587,439,2141,2,22118,3410,5,57 1,1,1,1,1,1,1,1,1,1,1,1,1,1,1,1,1,1,1,1,1,1,1,1,1,1,1,1,1,1,1,1,1,1,1,1,1,1
18,21,81 1,1,4
163,7,213,202,4,88,868,2,2138,1184,2,3508,2,572,2132 1,1,1,1,1,1,1,1,1,1,1,1,1,1,1
91,4,125,234,2215,4,88,250,2,1919 1,1,1,1,1,1,1,1,1,1
339,4,88,272,2,402,2,435,2,613,2,1463,2,3319,2,118,3505 1,1,1,1,1,1,1,1,1,1,1,1,1,1,1,1,1
1368,4,88,1173 1,1,1,1
21,807,2,1277,2,1612,2,3731 1,1,1,1,1,1,1,1
323,4,88,618,2,892,2,30,7,551,26,1826,2,1232 1,1,1,1,1,1,1,1,1,1,1,1,1,1
7392,4,88,1012,2,3797,2,134,805 1,1,1,1,1,1,1,1,1
13009,4,88,461,2,2654,2035 1,1,1,1,1,1,1
93,73,111,9,70,349,8,4,22119,111,9,52,349,8,4,22120,296,4,1529,43,399,212,1080,41,628,1157,2791,224,4,779,407,3600,3623,2,57,533,2,11,180,326,202,4,1237,1025,1967,5,1221,10,688,2,9363,1445,175,2,1290,599,2873,4,275,412,5,197,3369 1,1,5,5,5,5,5,5,5,5,5,5,5,5,5,5,1,1,1,1,1,1,1,1,1,1,1,1,1,1,1,1,1,1,1,1,1,1,1,1,1,1,1,1,1,1,1,1,1,1,1,1,1,1,1,1,1,1,1,1,1,1,1
11,588,166 1,1,1
112,4,330,2,11,1078,580,1386,2,11,780,91,4,135,145,5,212,2,3520,653,417,2125,27,22121,2,1371,26,10479,1369,4,90,10,452,11,942,26,856,181,4,619,2,682,2,11,7077,26,690,498,2928,65,23,5503,19,70,1726,5,5643,1564 1,1,1,1,1,1,1,1,1,1,1,1,1,1,1,1,1,1,1,1,1,1,1,1,1,1,1,1,1,1,1,1,1,1,1,1,1,1,1,1,1,1,1,1,1,1,1,1,1,1,1,1,1,1,1,1,1,1
187,4,133,2,978,2,261,300,302,2,4239,300,302,812,4,1132,73,2119,323,4,413,5,646,1094,2,1478,1738,1746,175,28,590,5,466,1025,12,412,5,197,217,193,28,4039,672,5,3283 1,1,1,1,1,1,1,1,1,1,1,1,1,1,1,1,1,1,1,1,1,1,1,1,1,1,1,1,1,1,1,1,1,1,1,1,1,1,1,1,1,1,1,1,1
11666,972,73,22122,217,4,11,79,2430,1107,4,11,4564,201,243,9,225,8,293,4,171,1410,4,171,3331,171,3075,395,1063,395,304,2104,171,582,4,171,2493,2293,4,171,229,9,225,8,582,4,152,1139,293,4,152,1139,44,810,7531,1120,144,22123,185,1104,9613,4272,166,7533,12,362,226,5,13723,27,362,409,1912,2,557,13,3304,149,305,2548,9,9640,1923,8 1,1,1,1,1,1,1,1,1,1,1,1,1,1,1,1,1,1,1,1,1,1,1,1,1,1,1,1,1,1,1,1,1,1,1,1,1,1,1,1,1,1,1,1,1,1,1,1,1,1,1,1,1,1,1,1,1,1,1,1,1,1,1,1,1,1,1,1,1,1,1,1,1,1,1,1,1,1,1,1,1,1,1,1
11,160,7,796,26,305,79 1,1,1,1,1,1,1
373,134,258,9,136,141,8,167,5,1492,35,4,541,238,5,164,143,76,114,2849,5,164,143,703,3536,13,58,4979,19,22124,22125,429,8707,22126,5,1134,12,948,51,4,5250,22127,6306,102,4,4206,122,7192,275,412,5,197,3369 1,1,1,1,1,1,1,1,1,1,1,1,1,1,1,9,9,9,1,1,1,3,3,3,3,1,1,1,1,1,1,1,1,1,1,1,1,1,1,1,1,1,1,1,1,1,1,1,1,1,1,1,1
183,4,3332,1107,9280,1500 1,1,1,1,1,1
12,948 1,1
83,4,2558,709,4932,184,1963,697,158,10,162 1,1,1,1,1,13,1,1,1,1,1
838,211,153,223,158 1,1,1,1,1
126,501,22128,4,548,13724,4,548,6017,4,43,399,212,13,2961,1241,984,3794,6278,4,185,1104,9613,4272,166,7533,12,362,226,5,13723,27,362,409,1912,2,557,13,3304,149,305,2548,9,9640,1923,8 1,7,1,1,1,1,1,1,1,1,1,1,1,1,1,1,1,1,1,1,1,1,1,1,1,1,1,1,1,1,1,1,1,1,1,1,1,1,1,1,1,1,1,1,1,1
11,160,7,796,26,305,79 1,1,1,1,1,1,1
2925,58,4979,67,7031,4,548,7496,4,548,22129,1522,124 1,1,1,1,1,1,1,1,1,1,1,1,1
259,4,81,341,311,591,4932,310,1963,697,158,10,162,481,4,2925,2989,91,545,2989,1156,65,58,4979,22130,2,12,948,2473,1906,5,2989,548,681,42,22131,11420,19,13715,13716 1,1,4,4,4,4,1,20,1,1,1,1,1,1,1,1,1,1,1,1,1,1,1,1,1,1,1,1,1,1,1,1,1,1,1,1,1,1,1,1
