69,49,4,22187,368,292,471,13,178,2,461,2,5,6,858,391,7,3138,34,13,3283 1,1,1,1,1,1,1,1,9,1,1,1,1,1,1,1,1,1,1,1,1
16,21,39,106,34,12,24,8712,151,16,6562,15,1396,5719,71,4262,13,1488,411 1,1,1,1,1,1,1,1,1,1,1,1,1,1,1,1,1,1,1
700,2761,129,483 1,1,1,1
11,1382,1861 1,1,1
16,701,58,8713,17,15,1154,3764,5,20,1293,10,352,268,5,2803,423,19,554 1,1,1,1,1,1,1,1,1,1,1,1,1,1,1,1,1,1,1
16,21,39,106,461,5,24,339,2155,27,10484,20,66 1,1,1,1,1,1,1,1,1,1,1,1,1
47,237,321,170,19,493,71,16,2726,321,290 1,1,1,1,1,1,1,1,1,1,1
1605,77,1605,1201,626,25,33,669,768,25,33,3567,9,4802,1503,8,491,25,1090,138 1,1,1,26,1,1,1,25,1,1,1,1,1,1,1,1,1,1,1,1
3241,677,4643,25,33,2375,390,25,59,3379,9,4612,8,7961,35,45,9,62,8,25,33,230,626,35,45,9,62,8,25,33,210,9,894,8,446,35,45,9,62,8,25,283,235,9,787,8,446,35,45,9,62,8,25,33,493,9,1855,397,8,1974,35,45,9,62,8,25,506,137,4,152 23,1,1,1,1,22,1,1,1,31,1,1,1,1,1,1,1,1,1,1,1,7,1,1,1,1,1,1,1,1,12,1,1,1,1,1,1,1,1,1,1,1,1,1,1,1,1,1,1,1,1,1,1,1,1,1,1,1,1,1,1,1,1,1,1,1,1,1,1,1
128,30,4,2350 1,1,1,1
179,30,4,924 1,1,1,1
994 1
11,2370 14,14
499,168,34 1,1,1
1726,5293 1,1
713 1
468,7,499,14,66 1,1,1,1,1
385,1423,553,2955 1,1,1,1
1605,520,359,1605,67,94,4,13736,121,4,5971,206,643,208,289,284,3954,3954,202,4,570,11,2699,2055 1,1,1,1,5,5,5,5,1,1,1,1,1,1,1,1,1,1,1,1,1,1,1,1
11,981 1,1
11,780 1,1
11,293,229 1,1,1
226,4,90,694,4,3954,3954 1,1,1,1,1,1,1
11,4065,387,26,766 1,1,1,1,1
340,4,463 1,1,24
1095,1189 1,1
516,4,11,79 1,1,1,1
617,64,296,19,6,70 1,1,1,1,1,1
519,31,6507,87,19,6,52 1,1,1,1,1,1,1
1605,167,1605,3138,34,13,3283 1,1,1,1,1,1,1
1664,1076,238,48,47,40,155,106,343,426 1,1,1,1,1,1,1,1,1,1
461,339,2155,27,10484,20,66 1,1,1,1,1,1,1
47,926,170,10,58,10198,12,1532,80 1,1,1,1,1,1,1,1,1
127,222,31,60,257,80 10,1,1,1,1,1
81,9,453,27,10485,8,4385,63,374,7,8711,126,3379,5,2375 4,1,1,1,1,1,1,1,1,1,1,1,31,1,22
878,335,185 1,1,1
554,13731,6,2189,7,5489,2880,19,554 1,1,1,1,1,1,1,1,1
2210,47,221,1359,37,16,21,2726,2738,10,247,6,493 1,1,1,1,1,1,1,1,1,1,1,1,1
178,448,57,117,1071 9,1,1,1,1
22188,16,21,3067,10,125,58,8713,12,507 1,1,1,1,1,1,1,1,1,1
47,2517,10,170,37,47,221,15,1724,32,57,5,37,47,50,514,12,6,78,84,113,31,500,286,57,10,50,248,11591,2054,12,24,203 1,1,1,1,1,1,1,1,1,1,1,1,1,1,1,1,1,1,1,1,1,1,1,1,1,1,1,1,1,1,1,1,1
47,880,58,8713,14,15,22189,1724,5,47,1931,170,6,1316,17,11458,22190,10,2956,2272,15,280,22191 1,1,1,1,1,1,1,1,1,1,1,1,1,1,1,1,1,1,1,1,1,1,1
16,2159,14,1039,22192,173,38,5,40,880,173,84 1,1,1,1,1,1,1,1,1,1,1,1
526,13734,2,13735,3420,2,96 1,1,1,1,1,1,1
