69,49,4,22183,2652,101,368,292,471,13,178,2,461 1,1,1,1,1,1,1,1,1,1,9,1,1
1053,1888,434,47,20,2499,19,10444,13,1265,5,429,227,4873,178 1,1,1,1,1,1,1,1,1,2,2,2,2,2,9
39,2378,7,24,602,5,20,3896,17,932,461 3,3,3,3,3,1,1,1,1,1,1
404,553,4877 1,1,1
84,21,61,1169,10,3340,15,752 1,1,1,1,1,1,1,1
166,10,50,106,2004,48,31,4967,576,10,461 1,1,1,1,1,1,1,1,1,1,1
21,106,252,168,34,1539,890,24,5636,151,16,1404,214,2468 1,1,1,1,1,1,1,1,1,1,1,1,1,1
24,503,14,1847,173,6,1521,7,554,16,20,1785,5,58,22184,27,6,9958,8562,21,1817,15,3554,2880,7,35,4851 1,1,1,1,1,1,1,1,1,1,1,1,1,1,1,1,1,1,1,1,1,1,1,1,1,1,1
1605,77,1605,172,1017,25,33,2375,25,184,235,3567,9,4802,1503,8,491,25,1090,138 1,1,1,11,1,1,1,22,1,13,1,1,1,1,1,1,1,1,1,1
3241,677,4643,25,33,210,1828,137,4,152 23,1,1,1,1,12,28,1,1,1
128,30,4,2350 1,1,1,1
179,30,4,924 1,1,1,1
994 1
11,2370 14,14
499,168,34 1,1,1
1726,5293 1,1
713 1
468,7,499,14,66 1,1,1,1,1
385,1423,553,2955 1,1,1,1
8697,7373,284,3954,3954,202,4,570,11,2699,2055 1,5,1,1,1,1,1,1,1,1,1
226,4,90,694,4,3954,3954 1,1,1,1,1,1,1
11,4065,387,26,766 1,1,1,1,1
340,4,463 1,1,1
1095,1189 1,1
516,4,11,79 1,1,1,1
617,967,243 1,1,1
1605,167,1605,461,92,301,10,500,38,100,4113,32,24,835,4522,241 1,1,1,1,1,1,1,1,1,1,1,1,1,1,1,1
16,21,15,188,299,7,149,461,12,6,78 1,1,1,1,1,1,1,1,1,1,1
1082,2238,659,14,7401,27,38,845 1,1,1,1,1,1,1,1
926,10,6,10484 1,1,1,1
127,21,39,106,250 1,1,1,1,1
40,2524,168,10,1201 26,26,26,26,26
81,9,453,27,10485,8,4385,63,374,7,8711,126,3379,5,2375 1,1,1,1,1,1,1,1,1,1,1,1,1,1,22
878,335,185 1,1,1
554,13731,6,2189,7,5489,2880,19,554 1,1,1,1,1,1,1,1,1
22185,34,2107,1076,238 1,1,1,1,1
209,31,13732,162 1,1,1,1
2210,40,155,147,80 1,1,1,1,1
38,21,61,22186,12,6,78 1,1,1,1,1,1,1
178,448,57,117,1071 9,1,1,1,1
1495,4,579,2900,147,12,6,622,482,170,10,55,12,2210,27,2922,13,8262,5,276,1278,1113 1,1,1,1,1,1,1,1,1,1,1,1,1,1,1,1,1,1,1,1,1,1
92,40,301,10,13733,24,339,2155,393,92,319,247,2305 1,1,1,1,1,1,1,1,1,1,1,1,1
526,13734,2,13735,3420,2,96 1,1,1,1,1,1,1
