67,54,4,27214,27215,3,27216,3,2817,7633,9,15782,8,85,7,533,4,5279,2197,30,7,61,328,4,293,11966,14,62,11886,358,121,61,10,27217,1569,124,499,7,318,297 1,1,1,1,1,1,1,1,1,1,1,1,1,1,1,1,1,1,1,1,1,1,1,1,1,1,1,1,1,1,1,1,1,1,1,1,1,1,1,1
16,20,781,10,230,43,23,747,198,331,517,7,263,3,1166,7,9640,1181,3,407,3,5,131,226,7,184 1,1,1,1,1,1,1,1,1,1,1,1,1,1,1,1,1,1,1,1,1,1,1,1,1,1
16,90,249 1,1,1
16,90,459 1,1,1
16,90,88,174,199,234 1,1,1,1,1,1
16,162,10,6,27218,116 1,1,1,1,1,1
27,85,677,99,17,267,10,544,65,1396,2630 1,1,1,1,1,1,1,1,1,1,1
16,21,15,807,7,1137,3,15,133,7,382,3,386,156,7,125,3,63,94,27219,3,5,718,1045,1137,42,19,702,737 1,1,1,1,1,1,1,1,1,1,1,1,1,1,1,1,1,6,6,6,1,1,1,1,1,1,1,1,1
6,385,82,55,20,81 1,1,1,1,1,1
6,28,20,1187 1,1,1,1
6,28,20,101,43,271 1,1,1,1,1,1
50,2477,13,6,1168,5,172,7,6,28,12,230 1,1,1,1,1,1,1,1,1,1,1,1
17,15,312,402,55,19,40,28,3,395,81,6,385,82,55 1,1,1,1,1,1,1,1,1,1,1,1,1,1,1
395,81,6,385,82,55,17,80,39,30,3,591,30,3,81,7,182,3,39,3,127,3,150,30,5,206,30 1,1,1,1,1,1,1,1,1,1,1,1,1,1,1,1,1,1,1,1,1,1,1,1,1,1,1
102,101,4,227,4,1172,3,1121 1,1,1,1,1,1,1,1
1055,143,877,3,1554,3,1115 1,1,1,1,1,1,1
2447,143,703 1,1,1
136,20,332 1,1,1
48,20,269,17,4399,1116,5,407,100 1,1,1,1,1,1,1,1,1
130,4,55,15,44,304,3,310 1,1,1,1,1,1,1,1
11,1162,3,1094 1,1,1,1
11,213 1,1
214,14,703,3,152,3,396,3,11,240,3,1641,3,1482,3,5,1061 1,1,1,1,1,1,1,1,1,1,1,1,1,1,1,1,1
114,4,928,630,44,406 1,1,1,1,1,1
273,3,980,3,410,3,449,10,96,233,1965 1,1,1,1,1,1,1,1,1,1,1
72,2993 1,1
48,738,12,6,318,499,20,72,17,1984 1,1,1,1,1,1,1,1,1,1
98,72,17,2027,93 1,1,1,1,1
6,177,55,15,2856,239,27,15,156,7,15783,696,785,7,615,3,824,20,1979,3,44,1998,1348 1,1,1,1,1,1,1,1,1,1,1,1,1,1,1,1,1,1,1,1,1,1,1
44,897,3,44,805 1,1,1,1,1
250,31,81,43,262,331,250,184,372,166,507,10,199,3489 1,1,1,1,1,1,1,1,1,1,1,1,1,1
104,4,162,10,6,2362,594,17,268,1168,5,172 1,1,1,1,1,1,1,1,1,1,1,1
497,10579,3,2817,7633,107 1,1,1,1,1,1
9,15782,8,487,4,12870,292,4,27220,533,43,4,10579,3,2817,7633 1,1,1,1,1,1,1,1,1,1,1,1,1,1,1,1
