69,49,4,22272,132,1117,1524,99,29,4,4846,2,1935,1045,46,4,13778,605,49,4,10503,240,4,58,22273,22274,1228,4,586,581,17,470,4,180,19,188,132,353,234,4,1211,1576,471,13,637,7,1235,219,2944,2,116,2,178,2,3513,2,120,2,104,20,265,10,6,1556,19,10341,117,63,656,7,2227,5,5119,1526,27,140 1,1,1,1,1,1,1,1,1,1,1,1,1,1,1,1,1,1,1,1,1,1,1,1,1,1,1,1,1,1,1,1,1,1,1,1,1,1,1,1,1,1,1,1,1,1,1,1,1,1,10,1,9,1,1,1,4,1,1,1,1,1,1,1,1,1,1,1,1,1,1,1,1,1,1,1
64,20,514,42,24,503,922,10,55,1360,7,406,44,34,5,270 1,1,1,1,1,1,1,1,1,1,1,1,1,1,1,1
18,1008,2065 1,1,1
712,1367,7,2065,2,64,20,12,372,326,5,5942,13,15,492,12,6,8046 1,1,1,1,1,1,1,1,1,1,1,1,1,1,1,1,1,1
16,20,3090 1,1,1
16,1487,1795,22275,5,22276,5,20,22277,17,173,109,606,13,102,13450,7,13779,5,7778,297,16,6794,24,296 1,1,1,1,1,1,1,1,1,1,1,1,1,1,1,1,1,1,1,1,1,1,1,1,1
12,6,189,2,24,111,20,22278,5,16,20,321,19,15,3030,2454 1,1,1,1,1,1,1,1,1,1,1,1,1,1,1,1
16,20,166,10,50,67,12,24,22279,2389 1,1,1,1,1,1,1,1,1,1
464,227,225,4342,4237,557,13,305,79 1,1,1,1,1,1,1,1,1
44,205,227,306,6603,3676,13,2544,1867,5,225,7728,1079,2117,13,4070,2258,638,13588 1,1,1,1,1,1,1,1,1,1,1,1,1,1,1,1,1,1,1
19,141,2,64,75,46,898,28,62,379,5,331,129,2463,5,22280,2,5396 1,1,1,1,1,1,1,1,1,1,1,1,1,1,1,1,1,1
16,20,321,19,15,235,2454,17,2674,86,15,199,1338 1,1,1,1,1,1,1,1,1,1,1,1,1
24,792,321,10,4096,4,4244,75,46,1764,28,3777,75,46,1764,28,4058,75,46,1764,28,22281,75,46,1764,28,4059,75,46,1764,28,13002,24,389,2564,986,10,55,657,2,5,132,470,20,1008 1,1,1,1,1,1,1,1,1,1,1,1,1,1,1,1,1,1,1,1,1,1,1,1,1,1,1,1,1,1,1,1,1,1,1,1,1,1,1,1,1,1,1,1,1
89,30,4,1235,219,2944,3649,3513,116,178,120,461,685,3072,77,4,13780,2454,13781,2454,4601,2454,652,3684,190,2241,2139,3258,219,22282,3391,3258,219,2241,211,1017,82,6352,390,219,82,888,683,59,1165,138,5778,138,4007,13782,59,98,183,1272,137,4,747,179,30,4,671,75,46,410,28,88,430,75,46,410,28,88,2053,75,46,410,28,88,295,13,503,5,183,726,93,73,4,973,4,276,22283,2,296,1697,2,111,7210,2,5647,903,4623,4,1759,788,98,1481,1067,130,41,1067,22284,12189,4,22285,759,4,3090,5,6176,202,4,1125,112,4,70,7004,1824,1597 1,1,1,1,1,1,1,1,10,9,4,1,1,1,1,1,1,1,1,1,1,1,1,1,1,1,1,1,1,1,1,1,1,1,11,1,1,1,1,1,1,1,1,1,1,1,1,1,1,1,1,1,1,1,1,1,1,1,1,1,14,14,14,14,14,14,1,1,1,1,1,1,1,1,1,1,1,1,1,1,1,1,1,1,1,1,1,1,1,1,1,1,1,1,1,1,1,1,1,1,1,1,1,1,1,1,1,1,1,1,1,1,1,1,1,1,1,1,1,1,1,1,1,1,1,1,1,1
118,4,418,2,1268,43,2,11,1058,409,4,5839,22286,194,302,340,4,133,2,875,2,1325,516,4,617,79,181,4,11,690,323,4,773,10,1021,282,457,4,801,4,298,3467,2,458,3261,2,5228,22287,22288,4,649,2397,2,524,3146,2,824,2501,2,6321,564,2,379,1174,2,792,2687,2,358,3016,335,3261,2,22,2702,2806,4,1060,1571,2,1069,5205,5230,4,13783,1067,2232,1067,6025,2031,4,4412,2,2898,2635,2,171,5627,2,395,67,2,788,4938,5279,2,259,615,2,481,298,320,4,1211,1576,471,13,1235,219,2944,2,120,2,116,2,178,2,103,2227,5,5119,1526,2,110,3090,13,22289,180,19,188,132,353 1,1,1,1,1,1,1,1,1,1,1,1,1,1,1,1,1,1,1,1,1,1,1,1,1,1,1,1,1,1,1,1,1,1,1,1,1,1,1,1,1,1,1,1,1,1,1,1,1,1,1,1,1,1,1,1,1,1,1,1,1,1,1,1,1,1,1,1,1,1,1,1,1,1,1,1,1,1,1,1,1,1,1,1,1,1,1,1,1,1,1,1,1,1,1,1,1,1,1,1,1,1,1,1,1,1,1,1,1,1,1,1,1,1,1,1,1,1,1,1,1,4,1,10,1,9,1,1,1,1,1,1,1,1,1,1,1,1,1,1,1,1
1187,373,218,915,91,1526,13,1781,3817,12,958,8717 1,1,1,1,1,1,1,1,1,1,1,1
124,24,3955,5,22290,12,6,2954,7,22291,2,92,40,247,6,64,19,10504,80 1,1,1,1,1,1,1,1,1,1,1,1,1,1,1,1,1,1,1
108,24,111,3993,84,2,16,176,55,382,10,9798,191,10,1024,735,2076 1,1,1,1,1,1,1,1,1,1,1,1,1,1,1,1,1
161,40,1083,70,582,1107,2508,1914 1,1,1,1,1,1,1,1
165,247,4640,10504,22292,13,22293,7,22294,32,111,3993,186,47,40,5994,24,668,4604 1,1,1,1,1,1,1,1,1,1,1,1,1,1,1,1,1,1,1
249,361,155,389,649,2,1873,2083,2,488,975,2,331 1,1,1,1,1,1,1,1,1,1,1,1,1
351,361,1731,132,1089 1,1,1,1,1
459,10505,262,192,77,17,10504 1,1,1,1,1,1,1
3743,6391,3492,10506,2,195,22295,144,132,1117,705,22296 1,1,1,1,1,1,1,1,1,1,1,1
