69,49,4,22468,1415,462,2,6028,622,101,9,22469,8,6,29,14,201,12,961,27,6,1870,424 18,1,1,1,1,1,1,1,1,1,1,1,1,1,1,1,1,1,1,1,1,1,1
16,1493,168,65,3400,117,537,68,173,15,376 1,1,1,1,1,1,1,1,1,1,1
16,21,39,63,22470,78,1036,198 1,1,1,1,1,1,1,1
12,1426,2,16,1249,39,15,1826,26,350,551 1,1,1,1,1,1,1,1,1,1,1
16,20,1121,13,63,2202,7,24,112,5,20,936,37,68,20,31,2909,22471,10,11601,162 1,1,1,1,1,1,1,1,1,1,1,1,1,1,1,1,1,1,1,1,1
24,5160,6366,90 1,1,1,1
24,115,129,741,10,274,7,699,12,24,70,412,445 1,1,1,1,1,1,1,1,1,1,1,1,1
173,38,95,2,16,85,533,15,3805,505,7,6,52,1154,765 1,1,1,1,1,1,1,1,1,1,1,1,1,1,1
16,1249,3814,106,1254,5,20,480,13,3919 1,1,1,1,1,1,1,1,1,1
31,928,117,38,2,16,1007,890,132,353 1,1,1,1,1,1,1,1,1,1
16,20,936,37,648,519,31,6597,108,37,20,239,10,6,1337,26,6,6295 1,1,1,1,1,1,1,1,1,1,1,1,1,1,1,1,1,1
1975,10,6,29,5,24,503,2,24,331,1007,32,344,32,1038,6366,2,84,14,281,168,423,10,11569,24,765,505,21,61,214,1581,10,1723 1,1,1,1,1,1,1,1,1,1,1,1,1,1,1,1,1,1,1,1,1,1,1,1,1,1,1,1,1,1,1,1,1
16,1185,34,12,6,765,5,2291,21,10,535,12,15,3376,13,24,337,1543 1,1,1,1,1,1,1,1,1,1,1,1,1,1,1,1,1,1
16,21,201,3286,5631,5,22472,12,3400,2,86,573,1051 1,1,1,1,1,1,1,1,1,1,1,1,1
648,2726,936,170,2,16,209,273,57,10,1297,168,401,17,241,203,5,233 1,1,1,1,1,1,1,1,1,1,1,1,1,1,1,1,1,1
19,122,80,2,47,319,977,582,5,22473,243 1,1,1,1,1,1,1,1,1,1,1
47,273,31,977,87,4277,904,243,19,1375,663,48,6174,708,1035,199,3200,1329,27,6,1382,5,6437,542 1,1,1,1,1,1,1,1,1,1,1,1,1,1,1,1,1,1,1,1,1,1,1,1
2736,4422,14,199,2,598,24,381,22474,1664,3154,38,22475 1,1,1,1,1,1,1,1,1,1,1,1,1
16,21,106,1234,3200,1329,27,6,70,765,542,5,919,6329,27,52,853 1,1,1,1,1,1,1,1,1,1,1,1,1,1,1,1,1
16,21,35,601,22476,6,7548,7,24,1154,765 1,1,1,1,1,1,1,1,1,1,1
68,14,106,733,7,6,765,5,717,4485,3763 1,1,1,1,1,1,1,1,1,1,1
38,1758,21,6,893,7,106,13830 1,1,1,1,1,1,1,1
68,14,839,10,11,388,7,6,765 1,1,1,1,1,1,1,1,1
92,40,1083,170,19,2814,1776,22,7332 1,1,1,1,1,1,1,1,1
17,481,10,109,123,10,125,108,38,3320,13,87,380,627,1254 1,1,1,1,1,1,1,1,1,1,1,1,1,1,1
47,40,1798,170,10,58,4170,17,1348,995,1166,8095,203,5,63,3764,1092,26,31,7549,1161,364,1279,55,5995,3089 1,1,1,1,1,1,1,1,1,1,1,1,1,1,1,1,1,1,1,1,1,1,1,1,1,1
47,273,31,880,68,14,2916,241,92,319,273,10,1723,24,525,67,1329 1,1,1,1,1,1,1,1,1,1,1,1,1,1,1,1,1
241,908,40,85,55,214,1169,12,3134,7,6,380,167,13,6295,32,57,32,24,331,2,71,2880,1641,3867 1,1,1,1,1,1,1,1,1,1,1,1,1,1,1,1,1,1,1,1,1,1,1,1,1
24,6174,426,1208,37,24,167,53,192,381,350,1261,76,5,84,14,2081,37,92,519,55,7,1525,13,38 1,1,1,1,1,1,1,1,1,1,1,1,1,1,1,1,1,1,1,1,1,1,1,1,1
47,40,4199,58,4170,75,46,898,28,62,13226 1,1,1,1,1,1,1,1,1,1,1
