67,54,4,27913,9912,112,9,12054,27914,8,27915,996,1288,973,1232,379,358,13,15,30,7,212,3,881,110,70,562,10,270,384,1100,556,13,3727,9,12053,8,5,95,168,17,1378,1156,123,1245,121,61,13,187,322,427,34,5,3167,5,526,3477,2758,556,466 1,1,1,1,1,1,1,1,1,1,1,1,1,1,1,1,1,1,1,1,1,10,1,1,1,1,1,1,1,1,1,1,1,1,1,1,1,1,1,1,1,1,1,1,1,1,1,1,1,1,1,1,1,1,1,1,3,3,3,3
6,1401,20,698,43,742,63,314,494,5,1440 1,1,1,1,1,1,1,1,1,1,1
12,6,8595,6,28,86,10,52,1440,5,46,266,5858 1,1,1,1,1,1,1,1,1,1,1,1,1
119,469,15,1935,1334,9,126,4595,20,519,8,5,86,4479 1,1,1,1,1,1,1,1,1,1,1,1,1,1
6,28,387,563,84,5,98,38,199,19,209,153,371,9,27916,719,8 1,1,1,1,1,1,1,1,1,1,1,1,1,1,1,1,1
119,1698,5,688,201,10,6,3716 1,1,1,1,1,1,1,1
119,235,40,27,3027,13,6,591,594,35,60,35,528 1,1,1,1,1,1,1,1,1,1,1,1,1
50,101,6,28,81,6,940,5,235,6,1401 1,1,1,1,1,1,1,1,1,1,1
50,740,13,30,5,77,35,4981,12,385,55,483,4,103,325,4,325,20,372,290,10,1440,5,266,560,35,60,35,1267 1,1,1,1,1,1,1,1,1,1,1,1,1,3,3,1,1,1,1,1,1,1,1,1,1,1,1,1,1
41,745,203,5,194,523,10,586,82,13,1860,1796 1,1,52,1,1,1,1,1,1,1,53,53
27917,1163 1,12
27918,27919,10,560,963,141,5,86,10,144,805,377,778,400,4,16,21,266,1935,715,1045,5,118,4461 1,1,1,1,1,1,1,1,1,1,1,1,1,1,1,1,1,1,1,1,1,1,1,1
41,745,633,5,1698,6,28 1,1,1,1,1,1,1
41,299,713,12,272 1,1,1,1,1
134,23,1935,715,880,5,4461,109,31,11901,265,13,571,1370,237,1216,2492,66,10317,17,132,138,23,156,422,325,199,27920,27921,4,41,1698,10,1817,5623,4,6,27922,21,27923,1817,5623 1,1,1,1,1,1,1,1,1,1,1,1,1,1,1,1,1,1,1,1,1,1,1,1,1,1,1,1,1,1,1,1,1,1,1,1,1,1,1,1,1,1
119,41,17,132,745,1053 1,1,1,1,1,1
199,153,371,4,16,21,173,27924,5858 1,1,1,1,1,1,1,1,1
119,57,1347,336,1697,5,2567 1,1,1,1,1,1,1
41,118,2050,94 1,1,1,1
17,132,237,31,157,932,138,266,1935,2050,94 1,1,1,1,1,1,1,1,1,1,1
3083,12054,426,5745,1644 1,1,1,1,1
