69,49,4,13839,5356,2910,8728,46,13840,77,4,888,204,22,59,13620,447,22,33,138,6030,130,22,33,987,823,22,59,607,109,22,59,556,196,22,59,2341,370,22,33,1010,244,22,33,7045,2594,204,2503,204,22,493,453,27,8729,29,14,401,17,437 18,1,1,1,1,1,1,1,1,1,1,1,1,1,1,1,1,1,1,1,13,1,1,1,20,1,1,1,22,1,1,1,7,1,1,1,11,1,1,1,25,1,1,1,1,1,1,1,1,1,1,1,1,1,1,1,1,1,1
161,1638,1137,1842 1,1,1,1
139,304,134,4222 1,1,1,1
165,178 1,9
29,1888,27,6031,3284,3035,12,22510,117,1249,4166,106,44,34,5,537,514,10,50,63,1138,147 1,1,1,1,1,1,1,1,1,1,1,1,1,1,1,1,1,1,1,1,1,1
16,1249,39,91,561,5,63,1153,369,20,730,2,640,38,16,39,15,415,215,71,227,106,986,142,5,15,1154,561,227,15,1154,6950,1261,5,15,1154,369,20,730 1,1,1,3,3,3,3,3,3,3,3,1,1,1,1,1,1,1,1,1,1,1,1,1,1,1,1,1,1,1,9,9,9,1,1,3,3,3,3
89,322,20,4001 1,1,1,1
47,273,31,50,87,241,885,7,38,950,5,6,256,885,53,1582,19,29,30 1,1,1,1,1,1,1,1,1,1,1,1,1,1,1,1,1,1,1
16,20,321,19,493,71,18,20,936,16,209,50,10,60,17,15,851,2319 1,1,1,1,1,1,1,1,1,1,1,1,1,1,1,1,1,1
38,14,4502,65,6,8729 1,1,1,1,1,1
186,81 1,4
97,1098,20,12,1426,5,20,6936,71,14,15,634,1051,17,170 15,15,15,15,15,15,15,15,1,1,1,1,1,1,1
267,2577,13,24,322 1,1,1,1,1
93,73,29,14,12,11,1451,326 1,1,1,1,1,1,1,1
121,4,2287,643,67,94,4,10536,112,4,330,86,9750 1,1,1,1,1,1,1,1,1,1,1,1,1
226,4,90 1,1,1
694 1
246,2,253,86,766,2,711,26,387 1,1,1,1,1,1,1,1,1
187,4,978,2,86,1119 1,1,1,1,1,1
217,4,86,79 1,1,1,1
242,5,114,161,178 1,1,1,1,9
301,268,885,7,134,950 1,1,1,1,1,1
40,538,6031,3284,3035,538,17,134,89,69 1,1,1,1,1,1,1,1,1,18
17,110,16,40,126,19,24,231,322 1,1,1,1,1,1,1,1,1
16,88,87,2033,7,44,34 1,1,1,1,1,1,1
165,81 1,4
126,231,322 1,1,1
47,40,125,170,17,437,12,248,198 1,1,1,1,1,1,1,1,1
4588,7145,2,96 1,1,1,1
8219,13,2376,6234,13841,28,361,6970,87,3005,1984 1,1,1,1,1,1,1,1,1,1,1
