67,54,4,27933,281,297,39,3561,168,55,33,3386,6651,3,27934,414,4,7083,3,4113,509,47,15997,451,4,4238,6727,54,4,15168,1085,4,28,5,39,55,426,4,307,3,109,123,108,65,282,4,40,14,15,5403,358,220,15,698,674,37,158,142,3,151,3,287,3,212,3,5,15,80,431,3,75,295,12,6,849,7,62,2300,3,121,132,1584,170,307,5,109 1,1,1,1,1,1,1,1,1,1,1,1,1,1,1,1,1,1,1,1,1,1,1,1,1,1,1,1,1,1,1,1,1,1,1,1,1,1,1,1,1,1,1,1,1,1,1,1,1,1,1,1,1,1,1,1,1,7,1,4,4,15,15,10,1,1,1,3,3,3,1,1,1,1,1,1,1,1,1,1,1,1,1,1,1,1
1811,65,1676,3,6,79,1749,307,477,321,115,6,1625,10,23,2998,19,6,2552,1109 1,1,1,1,1,1,1,1,1,1,1,1,1,1,1,1,1,1,1,1
16,1343,15,1104,3657,1746,75,16,631,4042,6,307,5,1301,201,10,86 1,1,1,36,10,1,1,1,1,1,1,1,1,1,1,1,1
225,6,441,493,65,3,23,307,1749,626,984,5,957,27,427 1,1,1,1,1,1,1,1,1,1,1,1,1,1,1
23,307,237,2824,201,66,23,391,3,957,27935,421 1,1,1,1,1,1,1,1,1,1,1,1
16,258,37,1104,3657,1746,4042,23,760 1,1,1,36,10,1,1,1,1
6,79,391,19,175,2347 1,1,1,1,1,1
405,6,438,7,23,627,307,3,23,288,572,377,66,15,472,7,321,755,552,97,88,307,10,321,17,955,552,13,311,488,290,10,307 1,1,1,1,1,1,1,1,1,1,1,1,1,1,1,1,1,1,1,1,1,1,1,1,1,1,1,1,1,1,1,1,1
571,255,7,307,143,31,424,220,529,9,3420,26,376,8,3,418,3,4101,3,1473,3,990,3,291,453,3,26,34,12,23,303,26,1575 1,1,1,1,1,1,1,1,1,1,1,1,1,1,1,1,1,1,1,1,1,1,1,1,1,1,1,1,1,1,1,1,1
98,405,40,85,3,6,79,55,626,1069,474,7,23,248,9,66,595,10,384,8,5,118,291,5209 1,1,1,1,1,1,1,1,1,1,1,1,1,1,1,1,1,1,1,1,1,1,1,1
16,258,37,23,248,237,2215,186,16,4769,19,1485 1,1,1,1,1,1,1,1,1,1,1,1
6,634,474,143,31,424,220,1346,34 1,1,1,1,1,1,1,1,1
19,6,65,397,168,3,313,3,16,242,387,15,6519,3,683,263 1,1,1,1,1,1,1,1,1,1,1,1,1,1,1,1
19,6,6521,3,23,923,38,627,10,6,802,834,16,537,166,16,160,10,52,221,43,15,1622 1,1,1,1,1,1,1,1,1,1,1,1,1,1,1,1,1,1,1,1,1,1,1
16,20,866,27936,10,15999,43,23,551,5,723,3,834,16,20,221,5,286,27937,10,9913 1,1,1,1,1,1,1,1,1,1,1,1,1,1,1,1,1,1,1,1,1
27,15999,3,6,79,82,316,143,4,292,4835,364,27938,148,27939,3298,853,42,655,27940,47,220,7169 1,1,1,1,1,1,1,1,1,1,1,1,1,29,29,1,1,1,1,1,1,1,1
6,79,370,289,549,247,5,718,1458,27941 1,1,1,1,1,1,1,1,1,1
27,27942,3,6,79,82,316,143,4,364,1897,148,27943,716,125,3298,1035,42,19,1467,6,79,370,252,901,25 1,1,1,1,1,1,1,1,1,1,1,6,29,1,1,1,1,1,1,1,1,1,1,11,1,1
159,370,6,289,3,6,79,82,634,93,21,16000,1441,3,5,6,79,258,37,16,190,15,1629,476 1,1,1,1,1,1,1,1,1,1,1,1,1,1,1,1,1,1,1,1,1,1,1,1
6,79,21,31,1204,88,95,140,314,5,14,19,15,145,353,97,2179,1682,9,16,157,2179,27944,8 1,1,1,1,1,1,1,1,1,1,1,1,1,1,1,1,1,1,1,1,1,1,1,1
16,98,4445,37,16,14,3297,10,49,23,254 1,1,1,1,1,1,1,1,1,1,1
1694,4,151,142,287,110,431,33,16001,2300,33,8596,212,220,309,251,33,2165,209,494,33,333,6895,6,27945,471,895,373,1300,33,2459,5647,76,254,4,1212,5656,32,252,5241,549,69,780,799,32,610,672,69,236,515,276,809,6296,69,622,515,69,1118,378,32,2079,672,167,127,4,1690,3,423,277,206,403,4,6,79,245,27,163,220,23,551,9,27946,12,232,436,8,5,723,9,12056,12,232,436,8 1,1,4,7,15,3,3,3,3,1,1,1,10,1,3,3,1,1,1,1,1,1,1,1,1,1,1,1,1,1,1,1,1,1,1,20,1,1,11,13,1,1,28,1,1,9,1,1,12,12,12,17,1,1,21,1,1,1,1,1,1,1,1,1,1,1,1,1,1,1,1,1,1,1,1,1,1,1,1,1,1,1,1,1,1,1,1,1,1,1,1,1,1,1
16,258,37,16,109,31,728,541,5,334,238,125,87,183,139,46,238,58,27947,17,11393 1,1,1,1,1,1,1,1,1,5,5,5,5,5,5,5,5,5,5,5,5
16,90,157,1113,357 1,1,1,1,1
16,21,58,27948,27,163,5,21,11,95,1863 1,1,1,1,1,1,1,1,1,1,1
150,403,4,11,2555,7,142,3,151,3,287,3,26,373 1,1,1,1,1,1,7,1,4,4,15,15,1,1
579,4,6406,4,11,3675,3,140,16002,3,232,1059 1,1,1,1,1,1,1,1,1,1,1,1
227,4,11,1636,3,889,84,3,9114,3,26,1373 1,1,1,1,1,1,1,1,1,1,1,1
27949,4,122,282 1,1,1,1
361,4,11,446,3,535,1475,3,291,34,3,63 1,1,1,1,1,1,1,1,1,1,1,1
1309,4,11,1408,3,261,3,796,3,26,1235 1,1,1,1,1,1,1,1,1,1,1
11,118,1206 1,1,1
27950,4,21,1013 1,1,1,1
11,196,84 1,1,1
8949,4,11,837,3,1507,3,34,3,314,7,2297,26,2064,3,323,3,26,314,7,1002 1,1,1,1,1,1,1,1,1,1,1,1,1,1,1,1,1,1,1,1,1
102,77,4,701,4,292,4787,364,335,148,27951,716,1245,3298,1914,42,19,1467,814,4,79,20,184,1250,19,658 1,1,1,1,1,1,1,1,1,6,6,1,1,1,1,1,1,1,1,1,1,1,1,1,1,1
449,10,299,319,7,859,5,1127 1,1,1,1,1,1,1,1
196,4,11,8571,3,10289,685,3,26,277 1,1,1,1,1,1,1,1,1,1
4850,7486,61,19,6,188,7,6,136 1,1,1,1,1,1,1,1,1
227,4,4130,3,1709,2638,3,665 1,1,1,1,1,1,1,1
1042,91,97,1296,3,1536 1,1,1,1,1,1
136,4,332,3,952,3,11,879,3,11,216,222,3,11,910,3,11,309,155,4,751,5,1051,1069,130,4,455,3,409,304,5,310,3,2463,2409,27,7519 1,1,1,1,1,1,1,1,1,1,1,1,1,1,1,1,1,1,1,1,1,1,1,1,1,1,1,1,1,1,1,1,1,1,1,1,1
11,1162,26,1094,857 1,1,1,1,1
362,4,1289,3,152,3,952 1,1,1,1,1,1,1
1747,214 1,1
1012,3350,777,8597,66,7583,1876 1,1,1,1,1,1,1
6470,2405,405,5292 1,1,1,1
11,14945,27952 1,1,1
1714,4,2215,93,27953,66,595,1069,12,634 1,1,1,1,1,1,1,1,1,1
79,133,217,1069 1,1,1,1
11,750 1,1
352,4,4405,3,925,1544,204 1,1,1,1,1,1,1
670,1006,783,708,59,303,3,75,20,406,43,34 1,1,1,1,1,1,1,1,1,1,1,1
2329,82,31,857,12,88,7,6,114,9,3525,3,4363,3,384,3,5,595,8 1,1,1,1,1,1,1,1,1,1,1,1,1,1,1,1,1,1,1
149,4,154,2097,295,2295,1724 1,1,1,1,1,1,1
471,189,456,9,578,149,8,3702,9,1305,8,351,663,9,578,149,8,1880,9,1276,8,351,835,9,578,149,8,3010,83,9,1310,8,351,769,9,578,149,8,7197,9,1450,8,351,392,9,578,149,8,900,9,1311,8,219,347,9,578,149,8,1932,9,1601,8,219,345,9,578,149,8,850,83,9,1359,8,219,512,2902,9,1478,8,219,1555,2592,9,1659,8,219,1184,1932,9,1660,8,1556,349,3729,9,1312,8,524,333,5304,59,9,1977,8,42,560,4808,59,9,2119,8,1451,734,11625,59,9,2202,8,1785,536,8079,9,1589,8,1381,653,547,9,1360,8,1227,786,4675,9,1479,8,1588,823,5502,9,1480,8,654,795,6368,83,9,1424,8,42,79,5026,9,3162,8,1060,1074,1774,1074,1738,57,5291,344,17,1484,5000,340 1,1,1,1,1,1,1,1,1,1,1,1,1,1,1,1,1,1,1,1,1,1,1,1,1,1,1,1,1,1,1,1,1,1,1,1,1,1,1,1,1,1,1,1,1,1,1,1,1,1,1,1,1,1,1,1,1,1,1,1,1,1,1,1,1,1,1,1,1,1,1,1,1,1,1,1,1,1,1,1,1,1,1,1,1,1,1,1,1,1,1,1,1,1,1,1,1,1,1,1,1,1,1,1,1,1,1,1,1,1,1,1,1,1,1,1,1,1,1,1,1,1,1,1,1,1,1,1,1,1,1,1,1,1,1,1,1,1,1,1,1,1,1,1,1,1,1,1,1,1,1,1,1,1,1,1,1,1,1,1,1,1,1,1,1,1,1
2206,7376,9,2834,8,1060,1891,31,370,19,4076,3586,2854,4091,9,3479,8,1838,1944,9,3480,8,1886,1018,72,9,193,8,3466,72,9,193,8,3588,9,193,8,27954,781,10,1883,149,17,475,154,3584,72,9,193,8,3585,72,9,193,8,3587,63,9,193,8,565,204,4435,1323,9,1323,8,2003,4436,1323,9,1323,8,2003,4437,72,9,193,8,2003,3951,2567,1323,9,4233,8,5128,2147,763,72,9,193,8,2003 1,1,1,1,1,1,1,1,1,1,1,1,1,1,1,1,1,1,1,1,1,1,1,1,1,1,1,1,1,1,1,1,1,1,1,1,1,1,1,1,1,1,1,1,1,1,1,1,1,1,1,1,1,1,1,1,1,1,1,1,1,1,1,1,1,1,1,1,1,1,1,1,1,1,1,1,1,1,1,1,1,1,1,1,1,1,1,1,1,1,1,1,1,1
1258,1259,3465,72,1634,2418,72,1634,177,4,924,3,1871,9,27955,8,3,3629,3,27956,12,2773,3,2445 1,1,1,1,1,1,1,1,1,1,1,1,1,1,1,1,1,1,1,1,1,1,1,1
3644,4784,12,14794 1,1,1,1
1562,43,4092,4203 1,1,1,1
11,1976,66,80,177 1,1,1,1,1
506,461,4,103,2300,7066,225,6,53,7453,3,886 1,1,1,1,1,1,1,1,1,1,1,1
155,1412,57,91 1,1,1,1
7100,4081,57,886 1,1,1,1
70,518,14069,860,3,886 1,1,1,1,1,1
3674,4410,14,886 1,1,1,1
11,202,7,308,3517,76 1,1,1,1,1,1
713,9,16001,8,4,559,335,42,3,675,1562,192,5,104,4,40,14,15,5403,358,220,15,698,674,37,158,142,3,151,3,287,3,212,3,5,15,80,431,3,75,295,12,6,849,7,62,2300,3,121,132,1584,307 1,1,1,1,1,1,1,1,1,1,1,1,1,1,1,1,1,1,1,1,1,1,1,1,1,1,7,1,4,4,15,15,10,1,1,1,3,3,3,1,1,1,1,1,1,1,1,1,1,1,1,1
545,33,40,14,464,284,138,6,2291,7,1356,264,10,826,319 1,1,1,1,1,1,1,1,1,1,1,1,1,1,1
600,3,74,143,11,529,26,1346,34,508,7,5451 1,1,1,1,1,1,1,1,1,1,1,1
482,3090,10,826,319,95,545 1,1,1,1,1,1,1
325,33,177,5,6,72,481,7,103,898,1634,109,31,508,40 1,1,1,1,1,1,1,1,1,1,1,1,1,1,1
313,3,79,21,31,38,88,199,923,477,19,6,1109 1,1,1,1,1,1,1,1,1,1,1,1,1
1353,33,40,14,602,166,138,6,2291,7,249,26,185,349 1,1,1,1,1,1,1,1,1,1,1,1,1,1
1887,33,40,14,98,602,166,138,6,2291,7,140,314,3,6,199,1692,7,6,116,3,5,6,27957,719,908 1,1,1,1,1,1,1,1,1,1,1,1,1,1,1,1,1,1,1,1,1,1,1,1,1,1
36,8,307,33,372,166,458,442,11985,442,325,442,442,1353,3,1887,29,313,3,16,137,197,1497 1,1,1,1,1,1,1,1,1,1,1,1,1,1,1,1,1,1,1,1,1,1,1
545,14,464,284,138,6,2291,7,1356,264,10,826,319,3,600,74,143,11,529,26,1346,34,508,7,5451,3,5,6,788,20,31,199 1,1,1,1,1,1,1,1,1,1,1,1,1,1,1,1,1,1,1,1,1,1,1,1,1,1,1,1,1,1,1,1
6,79,208,46,38,62,380,325,51,6,2291,7,529,5,177,84,810,40,602,166,29,313,3,6,79,21,68,1497,19,6,1109,5,470,11,177,565,6444,13,6,307,57,1382,10,492,826,319,40,284 1,1,1,1,1,1,1,1,1,1,1,1,1,1,1,1,1,1,1,1,1,1,1,1,1,1,1,1,1,1,1,1,1,1,1,1,1,1,1,1,1,1,1,1,1,1,1,1
1353,5,1887,57,602,166,138,6,2291,7,249,5,459,5,88,403,7,140,314 1,1,1,1,1,1,1,1,1,1,1,1,1,1,1,1,1,1,1
41,126,6,79,19,718,12,475,10,23,44,297,389,7,1890,3,2213,3,5,3176 1,1,1,1,1,1,1,1,1,1,1,1,1,1,1,1,1,1,1,1
41,482,6,475,7,4509 1,1,1,1,1,1
890,713,10,1964,559,5,10,1946,3671,778,84,134,88 1,1,1,1,1,1,1,1,1,1,1,1,1
890,2527,82,10,144,17,377,1070,10,316,2591 1,1,1,1,1,1,1,1,1,1,1
450,5858,17,861,400 1,1,1,1,1
450,177,17,88,84 1,1,1,1,1
41,1347,17,15,3090,10,1593,95,545 1,1,1,1,1,1,1,1,1
58,8,142,33,500,179,3,208,52,27958,10,2087,254,89 1,1,7,7,1,1,1,1,1,1,1,1,1,1
41,98,52,343,157,254,17,458 1,1,1,1,1,1,1,1
117,8,151,33,366,185 1,1,4,1,1,1
41,343,220,23,163,39,7,809,5,622 1,1,1,1,1,1,1,17,1,21
210,8,287,33,211 1,1,15,1,1
791,163,39,7,236 1,1,1,1,12
108,8,1927,33,1668,10,266,2179,353,13,11,2383,2924 1,1,1,1,1,1,1,1,1,1,1,1,1
482,15,71,353,35,60 1,1,1,1,1,1
320,8,2623,33,41,982,711,79,14,2410 1,1,1,1,1,1,1,1,1,1
3386,6651,3,3276,1016,710,4,27959,16003,281,2227,4,28,221,5,101,13,254,3561,270 1,1,1,1,1,1,1,1,1,1,1,1,1,1,1,1,1,1,1,1
740,13,1057,192,270 1,1,1,1,1
1656,4,40,14,15,15675,13,15,403,7,212,110,431,3,110,2300,3,2606,3,142,3,5,287,3,121,61,13,109,3,760,5,100,248,93,6787,65 1,1,1,1,1,1,1,1,1,1,10,3,3,3,1,1,1,4,1,7,1,1,15,15,1,1,1,1,1,1,1,1,1,1,1,1
109,14,31,424,13,3240,116,158,529,3,300,3,375,3,5,990,3,600,6,28,146,92,14,1307,43,754 1,1,1,1,1,1,1,1,1,1,1,1,1,1,1,1,1,1,1,1,1,1,1,1,1,1
102,77,461,425,57,639,17,15,917,576,3,2658,7,876,3,1710,2409,27,7519,5,1503,3,5,131,3,675,3,2215,93,12,100,194,114 1,1,1,1,1,1,1,1,1,1,1,1,1,1,1,1,1,1,1,1,1,1,1,1,1,1,1,1,1,1,1,1,1
135,940,55,3,12,224,16,20,55,10,46,6264,136,813 1,1,1,1,1,1,1,1,1,1,1,1,1,1
3411,458,442,367,3962,9111,3,325,442,545 1,1,1,1,1,1,1,1,1,1
458,14,15,954,1242,3739,35,116,508,13598,371,13,350,93,477,74,14,1103,3048,532,9,11,876,19,77,3,506,91,8,10,508,40 1,1,1,1,1,1,1,1,1,1,1,1,1,1,1,1,1,1,1,1,1,1,1,1,1,1,1,1,1,1,1,1
169,10,1025,172,16,370,171,7,247,289,5,3339,27,1376,175,2186,9,13,2761,265,8,3,75,208,3396,17,40,7227 1,1,1,1,1,1,1,1,1,1,1,1,1,1,1,1,1,1,1,1,1,1,1,1,1,1,1,1
104,14,17,713,10,172,23,1038,400,3,3962,4613,3,5,429 1,1,1,1,1,1,1,1,1,1,1,1,1,1,1
3090,546,52,6602,10,2695,545,35,40,14,15,27960,284 1,1,1,1,1,1,1,1,1,1,1,1,1
4719,27961,3,229,3,2055,281,27962,710,47,27963 1,1,1,1,1,1,1,1,1,1,1
