67,54,4,27964,1884,27965,8598,960,27966,27,1230,4683,3,4197,4969,9916,22,69,3140,945,22,69,613,1211,22,69,236,141,22,32,930,27967,22,305,3516,669,22,645,69,962,125,22,69,1253,50,69,252,462,22,32,2751,1547,5678,22,27,1230,27968,10,575,13,421,889,33,66,27969,27970,8314,2862,645,32,1519,1173,3,3193,2521,30,4,468,10,81,24,39,147 1,1,1,1,8,1,1,8,1,1,1,1,1,1,1,1,1,1,1,1,1,1,9,1,1,1,12,1,1,1,1,1,1,1,1,1,1,1,1,1,1,1,1,1,1,1,11,1,1,1,1,1,1,1,1,1,1,1,1,1,1,1,1,1,1,1,1,1,1,1,1,1,1,1,1,1,1,1,1,1,1,1,1
21,68,190,60 1,1,1,1
163,63,154,4,67,27971,66,7436,13,1103,402,5,954,2631,588 1,1,1,1,1,1,1,1,1,1,1,1,1,1,1
682,27972,59,27973,73,27974,1230,27975,11,1199,67 1,1,1,1,1,1,1,1,1,1,1
11,170,1292 1,1,1
21,38,15,1517,7,1728,1105 1,1,1,1,1,1,1
74,57,31,2643,532,802,10,1964,1153,6,960,228,14,999 1,1,1,1,1,1,1,1,1,1,8,1,1,1
1082,4,749,64,5560,225,6,1826 1,1,1,1,1,1,1,1
21,38,899,2430,12,6,80,3,5,38,128,99,87,2951,139,24,164 1,1,1,1,1,1,1,1,1,1,1,1,1,1,1,1,1
1383,4,24,347,20,211,27,1857,12,1102,604,4,764,57,31,2800,24 1,1,1,1,1,1,1,1,1,1,1,1,1,1,1,1,1
1770,21,15,5983,717,1507,511,2977,43,759 1,1,1,1,1,1,1,1,1,1
103,4,11,48,34 1,1,1,1,1
11,2203,437,19,380 1,1,1,1,1
21,68,449,10,288,12,6,4819,956,15,113,3,321,6597,27,15,4173,772,2856,17,62,552 1,1,1,1,1,1,1,1,1,1,1,1,1,1,1,1,1,1,1,1,1,1
354,4,11,725,80,39,30,4,39,4,11,173,84,2455 1,1,1,1,1,1,1,1,1,1,1,1,1,1
21,31,38,1590,1902,1702,40,87 1,1,1,1,1,1,1,1
38,6,896,7,1464,15,4495,12,59,3430,89 1,1,1,1,1,1,1,1,1,1,1
81,7,182,4,270,567,4,749,64,2344,15,493,113,183 1,1,1,1,1,1,1,1,1,1,1,1,1,1
1321,111,1146,14,52,1855,35,15,211,416,985,11814,577,638 1,1,1,1,1,1,1,1,1,1,1,1,1,1
18,461,6,194,1678,7,6,4174,1039,10,52,244,3040,12,372,27976,5,1081,10,482,1153,92,368,52,265 1,1,1,1,1,1,1,1,1,1,1,1,1,1,1,1,1,1,1,1,1,1,1,1,1
2740,4,3462,10,122,9917,11809,29,18,41,810,6,987 1,1,1,1,1,1,1,1,1,1,1,1,1
196,4,21,55,128,6471,243,19,24,3903 1,1,1,1,1,1,1,1,1,1
102,77,4,981,60 1,1,1,1,1
12,244,232,3983 1,1,1,1
16004,14,13,24 1,1,1,1
148,4,9531,364,4,1000,2198,148,4,27977,364,4,1279,1210,655,4,5247,97,2768,3,211,227,4,797 1,1,1,1,1,1,1,1,1,1,1,1,1,1,1,1,1,1,1,1,1,1,1,1
216,4,44,133,3,97,222,48,4,91,10,1051,5,463,74,14,15,381,27978,27,6,811,2683,7,6,4931,4174,1039,130,4,44,304,29,2118,310 1,1,1,1,1,1,1,1,1,1,1,1,1,1,1,1,1,1,1,1,1,1,1,1,1,1,1,1,1,1,1,1,1,1,1
11,561 1,1
1710,589,891,213,214,4,11,1128 1,1,1,1,1,1,1,1
11,240 1,1
11,246 1,1
11,777,2143 1,1,1
114,4,11,93 1,1,1,1
1032,433,3,1139 1,1,1,1
79,433,3,1139 1,1,1,1
11,1436,548,7,764 1,1,1,1,1
21,170,415,1966,3,8834,3194,5,1019,4848 1,1,1,1,1,1,1,1,1,1
196,4,6471,243,19,3903,339,5,104,4,2475,10,192,179 1,1,1,1,1,1,1,1,1,1,1,1,1,1
18,14,3367,10,1107,666,67 1,1,1,1,1,1,1
41,527,10,1457,62,1176,1707,465 1,1,1,1,1,1,1,1
126,1807,3611,22,69,5,118,6,1211,22,69,134,572 49,49,1,1,1,1,1,1,1,1,1,1,1
144,148,27,163 1,1,1,1
18,237,166,10,482,516,17,4848 1,1,1,1,1,1,1,1
237,508,37,64,4962,1347,15,13992,17,4737,587,397,119,482,92 1,1,1,1,1,1,1,1,1,1,1,1,1,1,1
98,3,1228,143,416,448,12,1102,5,41,160,10,52,390 1,1,1,1,1,1,1,1,1,1,1,1,1,1
603,3,237,46,10,144,39,27979,397,1717 1,1,1,1,1,1,1,1,1,1
510,10,64,4231,17,1631,7,3620,7,24,4174,1039 1,1,1,1,1,1,1,1,1,1,1,1
5673,24,37,16,208,31,190,37,92,14,15,232,5709,1275,19,5668,591,3334,19,517,7,24,4441,3,51,92,14,4876,773,23,3504 1,1,1,1,1,1,1,1,1,1,1,1,1,1,1,1,1,1,1,1,1,1,1,1,1,1,1,1,1,1,1
510,10,64,8599,17,172,7,3903,243 1,1,1,1,1,1,1,1,1
1590,1902,187,3430,13,712,27980 1,1,1,1,1,1,1
10694,12026,1629,27981 1,1,1,1
6157 1
27982 1
398,3,3635,3,3882,3,1981,1982,3,4023,10244,3,1348,3,4768,1348,3,4768,465,12,36,129,134,18,14,49,1807,27,37,85 1,1,1,1,1,1,1,1,1,1,1,1,1,1,1,1,1,1,1,1,1,1,1,1,1,1,49,1,1,1
987,4,426,4,1265,4544,3,107 1,1,1,1,1,1,1,1
12728,8599,3,107 1,1,1,1
27983,4231 1,1
107 1
761,424,8600,2276,8601,3,1689,3,3750 1,1,1,1,1,1,1,1,1
