69,49,4,22585,1523,13855,291,7556,857,6878,27,1090,4465,2,4286,4466,8733,22,59,2848,823,22,59,501,1247,22,59,2157,1247,22,59,210,109,22,33,960,8735,22,59,3453,594,22,591,59,9,2291,7359,8,933,105,22,59,1255,47,59,211,370,22,33,2923,1345,6324,22,27,1090,1452,1250,2,2682,2534,30,4,774,10,163,24,89,167 1,1,1,1,4,1,1,1,6,1,1,1,1,1,1,1,1,1,1,1,1,1,1,7,1,1,1,13,1,1,1,12,1,1,1,1,1,1,1,1,1,1,1,1,1,1,1,1,1,1,1,1,1,1,1,11,1,1,1,1,1,1,1,1,1,1,1,1,1,1,1,1,1,1,1,1,1,1
700,5152,176,50,4930,859,1715,142 1,1,1,1,1,1,1,1
411,21,34,65,1406,19,15,82,1988,48,84,14,3037 1,1,1,1,1,1,1,1,1,1,1,1,1
21,31,1880,87,13856,2,1242,2128 1,1,1,1,1,1,1,1
3627,50,5729,23,17,159,5,18,21,201,58,22586,13,494,7,4769,5514 1,1,1,1,1,1,1,1,1,1,1,1,1,1,1,1,1
1432,50,5729,23,12,6,78,48,273,31,281 1,1,1,1,1,1,1,1,1,1,1
374,21,61,191,903,41,5,18,687,37,338,21,31,1599 15,15,15,15,15,15,1,1,1,1,1,1,1,1
113,31,50,1276,48,687,37,18,968,173,291 1,1,1,1,1,1,1,1,1,1,1
981,4,701,58,4767,15,451,236,146 1,1,1,1,1,1,1,1,1
110,781,316,3374 1,1,1,1
97,2324,20,173,758,159,146 1,1,1,1,1,1,1
267,37,862,20,11321,12,153,568,5,22587,12,6,150 1,1,1,1,1,1,1,1,1,1,1,1,1
1358,4,792,20,2068,12,1231 1,1,1,1,1,1,1
687,37,753,308,3067,23,10,808,15,376,117,6,97,101,48,18,222,31,1821,10,273,393 1,1,1,1,1,1,1,1,1,1,1,1,1,1,1,1,1,1,1,1,1,1
18,1886,37,84,20,17,437,7,63,251,298 1,1,1,1,1,1,1,1,1,1,1
278,2,23,298,21,61,43,191,6,97,363,2422 1,1,1,1,1,1,1,1,1,1,1,1
527,4,31,557,13,290,6,960,2,5,586,84,18,7205,84 1,1,1,1,1,1,1,1,1,1,1,1,1,1,1
91,4,11,44,34,26,2100,366,19,639 1,1,1,1,1,1,1,1,1,1
113,977,286,7,6201,108,18,9427,204,1965 1,1,1,1,1,1,1,1,1,1
18,14,930,58,4768,12,248,236 1,1,1,1,1,1,1,1
343,4,11,756,78,89,30,4,77,4,11,142,179,30,4,22588,21,39,15,10499,22589,5,363,150,167,288 1,1,1,1,1,1,1,1,1,1,1,1,18,1,1,1,1,1,1,1,1,1,1,1,1,1
362,7,24,3951,50,332 1,1,1,1,1,1
648,14,4440,7,781,19,15,10444,10,9,344,22590,8,12,22591,108,16,14,57,2909 1,1,1,1,1,1,1,1,1,1,1,1,1,1,1,1,1,1,1,1
163,7,213,4,256,93,73,4,1423,57 1,1,1,1,1,1,1,1,1,1
111,4,22592,289,4,982,2,135,616,4,8736,86,3068,2,423,684,202,4,822 1,1,1,1,1,1,1,1,1,1,1,1,1,1,1,1,1,1,1
625,4,43,243,2,86,229,44,4,90,10,452,118,4,43,246,28,5609,253 1,1,1,1,1,1,1,1,1,1,1,1,1,1,1,1,1,1,1
11,766 1,1
11,387,187,4,11,953 1,1,1,1,1,1
11,342 1,1
11,277 1,1
11,782,2787 1,1,1
217,4,11,79 1,1,1,1
967,5235,2,1365 1,1,1,1
64,171,2,1365 1,1,1,1
11,529,337,571 1,1,1,1
3611,5,114,4,2539,10,22593,23,81,338,86,268,467 1,1,1,1,1,1,1,1,4,1,1,1,1
11,2613,5621,7,844,167,13,164,143,76,2,48,18,1044,3950,173,6,366,19,639,71,18,4343,5,393,40,954,10,90,6,662,13,1066 1,1,1,1,1,1,1,1,1,1,1,1,1,1,1,1,1,1,1,1,1,1,1,1,1,1,1,1,1,1,1,1,1
1066,13,4659 1,1,1
954,10,433,1401,1771,5823 1,1,1,1,1,1
108,6688,2,750,401,866,451,236,10,125,1092,92,50,1406 1,1,1,1,1,1,1,1,1,1,1,1,1,1
6420,374,2,1005,2,1768,2,4227,3305,4,183,198,384,4,1707,4768,2,96 1,1,1,1,1,1,1,1,1,1,1,1,1,1,1,1,1,1
753,308,7558,2410,7559,2,1885,2,3612 1,1,1,1,1,1,1,1,1
