69,49,4,22661,6689,303,1315,101,5189,2,2367,6782,13869,101,49,4,22662,38,29,20,201,42,2733,5,58,4170,19,22663 1,1,1,1,1,1,1,1,1,1,1,1,1,1,1,1,1,1,1,1,1,1,1,1,1,1,1,1
47,1736,37,47,1538,5,755,6,29,2,177,6,427,74,2105,2,5,285,6,114,7,203,13,6,29 1,1,1,1,1,1,1,1,1,1,1,1,1,1,1,1,1,1,1,1,1,1,1,1,1
629,391,4,44,34 1,1,1,1,1
30,7,629,391,4,6,29,14,15,982,200,307,762,104,774,12,13,656,7,44,34,1802,32,4417,2,2544,2,22664,16,687,37,84,774,5,3066,2,48,5598,17,105,606,27,15,95 1,1,1,1,1,1,1,1,1,1,1,1,1,1,1,1,1,1,1,1,1,1,1,1,1,1,1,1,1,1,1,1,1,1,1,1,1,1,1,1,1,1,1,1
16,416,37,84,1220,38,465,27,647,481,1960,68,129,11,627,115 1,1,1,1,1,1,1,1,1,1,1,1,1,1,1,1
16,416,37,648,53,1084,10,24,34,151,16,39,15,729,743 1,1,1,1,1,1,1,1,1,1,1,1,1,3,3
16,88,87,596,2,469,2,26,1112 1,1,1,1,1,1,1,1,1
16,21,39,106,869,366,19,639 1,1,1,1,1,1,1,1
16,21,11,272,2,402,2,26,435,2,16,21,39,11,396,2,5,16,21,39,11,197,445,79 1,1,1,1,1,1,1,1,1,1,1,1,1,1,1,1,1,1,1,1,1,1,1,1
16,20,926,42,24,763,203,312,10,6,303,441 1,1,1,1,1,1,1,1,1,1,1,1
163,7,213,4,32,166,19,6,234,2,355,66 1,1,1,1,1,1,1,1,1,1,1,1
78,89,30,4,127,2,81,2,164,143,76,2,139,304,729,743,13,1651,2,5,832,10398 1,1,1,1,10,1,4,1,9,9,9,1,3,3,3,3,3,3,1,1,1,1
77,4,230,2,1201,2,131,2,172,2,5,1266 1,1,7,1,26,1,6,6,11,1,1,12
137,4,16,21,11,334,624,137 1,1,1,1,1,1,1,1
179,30,5,128,30,4,16,14,15,78,1055,5,847,5877 1,1,1,1,1,1,1,1,1,8,8,1,1,1
16,88,624,245 1,1,1,1
16,295,13,24,503 1,1,1,1,1
93,122,4,224,4,16,14,12,11,180,326,5,14,7426 1,1,1,1,1,1,1,1,1,1,1,1,1,1
520,359,4,870,14,738,2,296,1697,2,372,145,105,2,5,67,94,13881 1,1,1,1,1,1,1,1,1,1,1,1,1,1,1,1,1,1
1161,1304,14,1080,41 1,1,1,1,1
202,4,483 1,1,1
112,4,330 1,1,1
44,4,90,10,452 1,1,1,1,1
118,4,135,145,5,212 1,1,1,1,1,1
187,4,133,5,375 1,1,1,1,1
217,4,86,79 1,1,1,1
16,74,1236,1025,243 1,1,1,1,1
899,4,992,2359 1,1,1,1
489,233,4,147,482,399,212,5,1535,3170,1278,142,86,182,142,1323,10,22665 1,1,1,1,1,1,1,1,1,1,1,1,1,1,1,1,1,1
24,801,14,43 1,1,1,1
7202,14,548 1,1,1
24,1060,14,12624,24,1728,14,66 1,1,1,1,1,1,1,1
44,810,482,11,3843,2,1205,2,26,1101,118,353 1,1,1,1,1,1,1,1,1,1,1,1
364,1958,12,189,4,6,29,1236,153,921,71,1379,24,34,2499 1,1,1,1,1,1,1,1,1,21,1,1,1,1,1
16,85,431,172,5,21,1558,7426 1,1,1,11,1,1,1,1
678,494,4,38,14,15,29,13,44,34,2,30,7,164,143,76,2,5,1970,7,180,164,740 1,1,1,1,1,1,1,1,1,1,1,1,1,9,9,9,1,1,1,1,1,1,1
642,9,317,630,712,377,8,4,16,14,281,11850,5,40,55,265,12,185,630,17,241,233,5,1167,286,17,729,743 1,1,1,1,1,1,1,1,1,1,1,1,1,1,1,1,1,1,1,1,1,1,1,1,1,1,3,3
1416,22666,13882,13883,2,96 1,1,1,1,1,1
13884,22667,22668,597,42,4,13882,13883,2,96 1,1,1,1,1,1,1,1,1,1
13884,232,31,177,42,240,312,232 1,1,1,1,1,1,1,1
