67,54,4,28111,6409,3,6309,16051,28112,3068,10915,3,107 1,1,1,1,1,1,1,1,1,1,1,1,1
1490,1306,1073,28113,3,1227,28114,882,64,10915,4,50,749,844,28,3,64,6409,3,12,6,528,668,89,19,15,954,2259,1721 1,1,1,1,1,1,1,1,1,1,1,1,1,1,1,1,1,1,1,1,1,1,1,1,1,1,1,1,1
16,20,95,12,9089,99,113,13,244,1063,927,479,23,661,82,328,436 1,1,1,1,1,1,1,1,1,1,1,1,1,1,1,1,1
23,661,2863,583,5,20,15,244,4582,4495,7,65,17,64,6409,5,23,150 1,1,1,1,1,1,1,1,1,1,1,1,1,1,1,1,1,1
16,387,53,48,453,3,75,828,17,15,1397,7,65 1,1,1,1,1,1,1,1,1,1,1,1,1
16,20,4684,10,49,754,1151,731,37,16,546,3,5,1241,557,13,48,453,17,223,1062,65 1,1,1,1,1,1,1,1,1,1,1,1,1,1,1,1,1,1,1,1,1,1
16,20,449,10,52,404,308,5,38,11,1302,7,23,48,453 1,1,1,1,1,1,1,1,1,1,1,1,1,1,1
16,38,11,300,3,375,3,990,3,26,418 1,1,1,1,1,1,1,1,1,1,1
16,286,369,10,6,189,258,5,23,116,46,538 1,1,1,1,1,1,1,1,1,1,1,1
517,7,571,453,3,16,1081,10,1410,62,475,172 1,1,1,1,1,1,1,1,1,1,1,1
119,582,62,288,2497,154,13,1070,689,267,65,183,17,476,1535,7,23,116 1,1,1,1,1,1,1,1,1,1,1,1,1,1,1,1,1,1
16,288,17,539,435,5,180,896,19,6,2831,2344,1638,10,15,1263,130,156,7,5745,1611,135,435,9,1437,42,7,3631,2879,17,440,8,5,1263,63,94,7,16057 1,1,1,1,1,1,1,1,1,1,1,1,1,1,1,1,1,1,1,1,1,1,1,1,1,1,1,1,1,1,1,1,1,1,1,1,1,1
16,488,517,7,437,5,38,128,453 1,1,1,1,1,1,1,1,1
6,453,538,949,2590 1,1,1,1,1
16,38,11,563,1076,84 1,1,1,1,1,1
23,1070,570,722,44,1038,978,5,44,8278,5614,12,6,155 1,1,1,1,1,1,1,1,1,1,1,1,1,1
74,20,44,1501,978,35,60 1,1,1,1,1,1,1
74,20,15,16058,14404,1472,7,504,2265,12,6,794,5,1619,811,766,37,20,1911 1,1,1,1,1,1,1,1,1,1,1,1,1,1,1,1,1,1,1
571,143,11,1976,306,6,169,264,16,38,12,1102,6143,35,360,208,2903,3,12,1135,3124,3,16,526,103,593,37,722,6,2428,7,28115,9354,756,5,470,11,993,20,582 1,1,1,1,1,1,1,1,1,1,1,1,1,1,1,1,1,1,1,1,1,1,1,1,1,1,1,1,1,1,1,1,1,1,1,1,1,1,1,1
23,137,39,389,158,4765,108,22,1047,3,203,5870,22,105,3,1262,215,22,1047,3,3973,141,22,105,3,3797,2862,501,22,1047,3,348,501,22,1047,3,906,3,3571,501,22,105,3,423,447,22,105,3,3539,231,22,1047,3,780,1211,22,105,3,5,815 1,1,1,1,1,13,1,1,1,1,11,1,1,1,1,27,1,1,1,1,12,1,1,1,1,1,1,1,1,1,1,17,1,1,1,1,1,1,74,1,1,1,1,26,1,1,1,1,9,1,1,1,1,28,1,1,1,1,1,1
19,77,89,3,16,14,1250,13,15,63,94,7,15468,3,15,130,156,7,335,5,145,3,5,140,7,3472,624 1,1,1,1,1,1,1,1,1,1,1,1,1,1,1,1,1,1,1,1,1,1,1,1,1,1,1
413,5,136,57,569 1,1,1,1,1
48,14,91 1,1,1
103,77,111,11,1161,715,1453,27,180,851 1,1,1,1,1,1,1,1,1,1
1630,14,44 1,1,1
304,5,310,57,44,13,15,2118,2111 1,1,1,1,1,1,1,1,1
74,14,62,1094,5,3264,589,891,213,27,6,53,1456,1876 1,1,1,1,1,1,1,1,1,1,1,1,1,1
291,77,14,569,97,1061 1,1,1,1,1,1
326,327,57,44 1,1,1,1
6,114,111,11,93,26,750 1,1,1,1,1,1,1
216,1700,57,44,12,4081,5,1053,97,222 1,1,1,1,1,1,1,1,1,1
443,133,57,44 1,1,1,1
23,427,4798,1145,722,44,338,239,5,44,4891 1,1,1,1,1,1,1,1,1,1,1
50,704,64,6409,14,3368,191,244,60 1,1,1,1,1,1,1,1,1
50,704,23,48,453,17,1062,65,477,12,9089,208,52,422,10,958,5,1851,6,374,2043,992,76,37,16,21 1,1,1,1,1,1,1,1,1,1,1,1,1,1,1,1,1,1,1,1,1,1,1,1,1,1
50,704,74,14,11,202,37,6,453,20,103,12,1219 1,1,1,1,1,1,1,1,1,1,1,1,1
23,288,2153,14,334,232,5,23,1070,14,1466,954,744,265,66,23,169,172,267,87,183 1,1,1,1,1,1,1,1,1,1,1,1,1,1,1,1,1,1,1,1,1
50,704,119,368,1515,1025,137,2943 1,1,1,1,1,1,1,1
50,508,37,50,122,201,12,15,1397,7,129,17,1398,172 1,1,1,1,1,1,1,1,1,1,1,1,1,1
134,88,147,387,12,6,2521,3,395,191,31,1837,10,732,271 1,1,1,1,1,1,1,1,1,1,1,1,1,1,1
941,360,17,1301,271,10,575,13,23,198 1,1,1,1,1,1,1,1,1,1
8943,641 1,1
1015,844,3,497,4071,15,12069,3,229,746,28116,3660,806,4,16059,825,4,28117,843,4,16059 1,1,1,1,1,1,1,1,1,1,1,1,1,1,1,1,1,1,1,1,1
