67,54,4,28088,16048,3,28089,3,12068,6,28,20,221,13,64,5561 1,1,1,1,1,1,1,1,1,1,1,1,1,1,1,1
50,660,24,30,5,102 1,1,1,1,1,1
50,98,1187,5,101,6,28 1,1,1,1,1,1,1
395,122,6,55,17,312,402 1,1,1,1,1,1,1
30,7,61,328,4,40,14,15,3770,767,13,15,30,7,106,3,5604,71,3,5,58,113,7,855,48,34,17,75,16,20,172,13,429,154,15,113,169,10,230,112,3,75,20,448 1,1,1,1,1,1,1,1,1,1,1,1,1,1,7,7,4,4,1,1,1,1,1,1,1,1,1,1,1,1,1,1,1,1,1,1,1,1,1,1,1,1,1,1
6,28,38,15,104,17,103,593,6,65,139,40,230,112,51,61,19,40,65,17,62,255,7,48,453,75,957,27,427,3,75,20,2379,23,356,255,7,48,453,75,712,957,13,308 1,1,1,1,1,1,1,1,1,1,1,1,1,1,1,1,1,1,1,1,1,1,1,1,1,1,1,1,1,1,1,1,1,1,1,1,1,1,1,1,1,1,1,1
16,1343,754,13,1734,5,286,61,17,268,172,5,516 1,1,25,1,1,1,1,1,1,1,1,1,1
39,4,348,3,784,3,1262,3,2493,3,203,3,5,4725 1,1,17,1,9,1,27,27,25,1,11,1,1,1
102,101,4,16,14,980,5,410,3,12,11,342,3,48,34,770 1,1,1,1,1,1,1,1,1,1,1,1,1,1,1,1
1130,13,133,1000,3,63,94,28090,3,5,718,1045,853,42,19,702,737 1,1,1,1,1,1,1,1,1,1,1,1,1,1,1,1,1
23,155,57,91,10,463 1,1,1,1,1,1
130,4,145,156,5,239 1,1,1,1,1,1
214,14,152,5,396 1,1,1,1,1
114,57,617,5,60,1070 1,1,1,1,1,1
11,185,576 1,1,1
318,499,438,4,62,177,20,359,275,70,4818,893,3,51,338,239,27,1428,13,11,937,84 1,1,1,1,1,1,1,1,1,1,1,1,1,1,1,1,1,1,1,1,1,1
247,902,20,2785 1,1,1,1
149,143,781,275,1864,44,836,5,1348 1,1,1,1,1,1,1,1,1
417,805,20,602,306,3392,13,62,905,7,1293,5,48,738,3,75,20,44 1,1,1,1,1,1,1,1,1,1,1,1,1,1,1,1,1,1
6,28,21,68,49,203,169,10,953 1,1,1,1,1,11,1,1,1
130,156,20,12,6,3418,12,6,318,702,5,11,475,7498,20,138,10,6,28 1,1,1,1,1,1,1,1,1,1,1,1,1,1,1,1,1,1,1
313,3,649,19,23,5681,3,75,20,508,17,2312,695,3,16,20,138,3172,12,6,318,702 1,1,1,1,1,1,1,1,1,1,1,1,1,1,1,1,1,1,1,1,1,1
50,2907,10,6,528,682,262,19,454,121,740,10,49,6,28,19,10,23,594,17,1019,103,593,12,6,1143,1398 1,1,1,1,1,1,1,1,1,1,1,1,1,1,1,1,1,1,1,1,1,1,1,1,1,1,1
13,40,104,3,16,20,162,12,211,534,13,15,505,7,2312,695 1,1,1,1,1,1,1,1,1,1,1,1,1,1,1,1
2528,198,85,4,215,435 1,1,1,1,1,1
497,3301,3,12068,229,487,4,16049,292,4,16049,533,43,4,3301,3,12068,746,28091,1608,250,31,81,43,262,331,250 1,1,1,1,1,1,1,1,1,1,1,1,1,1,1,1,1,1,1,1,1,1,1,1,1,1,1
