69,49,4,22733,5539,2,13919,13920,22734,4896,13921,2,96 18,1,1,1,1,1,1,1,1,1,1,1,1
623,3356,2,22735,89,308,2693,22736,2722,11415,2,1141,22737,828,4896,2,47,5704,10,8408,17,1034,1276,6,134,22738,408,7,1034,29,2,58,13919,5539,2,104,20,265,10,1082,507,659,19,22739,13,1387,714,5,15,350,2,4951,1471,371 1,1,1,1,1,1,1,1,1,1,1,1,1,1,1,1,1,1,1,1,1,1,1,1,1,1,1,1,1,1,1,1,1,1,1,1,1,1,1,1,1,1,1,1,1,17,17,1,1,3,3,3,3,3
24,91,783,6394,10,22740,68,129,11,22741,999,142,2,645,92,22742,6,1754,7,15,52,1869,1588 1,1,1,1,1,1,1,1,1,1,1,1,1,1,1,1,1,1,1,1,1,1,1
16,39,61,937,724,17,22743,561,5,1677,19,13922 1,1,1,1,1,1,1,1,1,1,1,1
24,630,3689,13,7291,7,22744,5,9595,364 1,1,1,1,1,1,1,1,1,1
16,20,1009,10,6,561,489,42,58,6302,19,13922 1,1,1,1,1,1,1,1,1,1,1,1
1677,1164,15,5550,505,12,6,717,4312,7,15,817,523,2032,1871,2,32,57,32,15,182,238,12,6,523,4903,3069,1871 2,2,2,2,2,2,2,2,2,2,2,2,2,2,2,2,2,2,2,2,2,2,2,2,2,2,2,2
6,2032,505,20,2431,13,1071,5,22745,7,15,6691,369 1,1,1,1,1,1,3,3,3,3,3,3,3
15,6691,369,519,31,55,9772,10,6,4903,3069,505,28,15,7086,369,20,13923,86,572 3,3,3,3,3,3,3,3,3,3,3,3,3,3,3,3,3,3,3,3
16,222,50,11566,44,422,7,63,3293,1819,640,6,746 1,1,1,1,1,1,1,1,1,1,1,1,1
6,91,783,251,241,10,15,1344,4036,7,22746,32,7,13924,9,22747,8 1,1,1,1,1,1,1,1,1,1,1,1,1,1,1,1,1
16,85,39,15,149,2,12413,1566,4795,42,6620,5,1666,2227 1,1,1,1,1,1,1,1,1,1,1,1,1,1
16,549,573,504,6,640,107 1,1,1,1,1,1,1
15,540,91,783,1936,27,15,197,542,7,22748,63,263,1575,227,11,160,7,63,2787 1,1,1,1,1,1,1,1,1,1,1,1,1,1,1,1,1,1,1,1
117,1524,13,329,2,92,549,37,16,519,808,140,2,1400,6,203,7,24,503 1,1,1,1,1,1,1,1,1,1,1,1,1,1,1,1,1,1,1
16,20,874,19,6,2556,7,13924 1,1,1,1,1,1,1,1
24,77,1717,2341,370,22,82,2,1828,449,22,82,2,2196,204,22,82,2,310,447,22,1004,2,3329,196,22,1004,2,4299,447,22,1004,2,4504,758,22,82,2,5,921,108,865 1,1,1,11,1,1,1,1,28,1,1,1,1,26,1,1,1,1,20,1,1,1,1,7,1,1,1,1,37,1,1,1,1,13,1,1,1,1,1,21,1,1
361,2836,260,871,108,47,319,3802,329,13,87,241,1908 1,1,1,1,1,1,1,1,1,1,1,1,1
1027,1928,2,526,3603,8758,2,96 1,1,1,1,1,1,1,1
813,22749,22750,800,4,13925,827,4,22751,818,4,13925 1,1,1,1,1,1,1,1,1,1,1,1
