69,49,4,22785,22786,2,22787,2,10570,201,19,22788,13,58,22789 18,1,1,1,1,1,1,1,1,1,1,1,1,1,1
47,941,37,47,50,1538,5,755,6,29,2,177,6,5237,2105,19,6,29,74,948,2,5,285,6,233,2,114,7,203,2,5,642,13,6,29 1,1,1,1,1,1,1,1,1,1,1,1,1,1,1,1,1,1,1,1,1,1,1,1,1,1,1,1,1,1,1,1,1,1,1
361,125,6,427,74,99,17,885 1,1,1,1,1,1,1,1
30,7,156,360,4,1924,2,38,14,15,6436,762,104,279,65,997,13,35,223,7,969,5,51,123,7,255,7,194,5,6347,250 1,1,1,1,1,1,1,1,1,1,1,1,1,1,1,1,1,1,1,1,1,1,1,1,1,1,1,1,1,1,1
16,21,15,30,7,81,2,127,2,1076,238,2,777,1085,2,421,2,555,2,5,541,676,1181 1,1,1,1,1,4,1,10,10,1,1,1,1,1,1,1,1,3,1,1,1,1,1
93,122,4,16,14,9970,4972,5,14,12,149,372,326 1,1,1,1,1,1,1,1,1,1,1,1,1
296,1645,2,1851,105,2,67,94,22790,2,296,5187,738,41,19,674,662,2,5,24,870,14,22791,16,21,942,5,10430,194,302,12,24,70,3131,5,412,409,2799 1,1,1,1,1,1,5,5,5,1,1,1,1,1,1,1,1,1,1,1,1,1,1,1,1,1,1,1,1,1,1,1,1,1,1,1,1,1
16,21,15,135,145,5,212,13,15,1812,653,417 1,1,1,1,1,1,1,1,1,1,1,1
489,467,4,24,44,810,482,70,412,1548,3843 1,1,1,1,1,1,1,1,1,1,1
397,14,22792,24,769,830,14,4334,13,52,5750 1,1,1,1,1,1,1,1,1,1,1
979,320,4,796 1,1,1,1
232,31,177,42,240,312,232,114,4,141,17,219,1337 1,1,1,1,1,1,1,1,1,1,1,1,1
526,13935,2,10570,96 1,1,1,1,1
495,4,13936,276,4,13936,597,42,4,13935,2,10570,813,22793,1852 1,1,1,1,1,1,1,1,1,1,1,1,1,1,1
