69,49,4,22959,1159,51,1327,141,99,414,4,2932,13972,512,46,14002,5308,738,49,7,141,4,22960,1724,4,608,9135,22961,292,661,13,44,34,234,4,38,779,449,292,661,279,80,117,306,534,7,1929,54,794,44,34 1,1,1,1,1,1,1,1,1,1,1,1,1,1,1,1,1,1,1,1,1,1,1,1,1,1,1,1,1,1,1,1,1,1,1,1,1,1,1,1,1,1,1,1,1,1,1,1,1,1,1
6,523,656,321,38,221,9,8141,8 1,1,1,1,1,1,1,1,1
84,20,52,2240,13,286,993,1095,7225,26,3184 1,1,1,1,1,1,1,1,1,1,1
88,87,627,864,1155,32,396,2,270,2,1829,2,1654 1,1,1,1,1,1,1,1,1,1,1,1,1
598,16,21,39,15,149,250,13,1184,22962,191,6,78,451,123 1,1,1,1,1,1,1,1,1,1,1,1,1,1,1
16,20,14003,38,34,10,2813,48,16,1379,63,172,5,9,10580,8,3982,1160,1053,12,1533 1,1,1,1,1,1,1,1,1,1,1,11,1,1,1,1,21,21,1,1,1
16,39,63,2506,371,12,2140,5,151,14004,16,113,31,977,38,34,14,1084,10,24,158,2491 1,1,1,3,3,1,1,1,1,1,1,1,1,1,1,1,1,1,1,1,1,1
1209,37,107,16,39,983,656,7,34,17,71,16,549,268,3950,173,2,1008,6,2065,17,233,7,15,91,1489,7,24,34 1,1,1,1,1,1,1,1,1,1,1,1,1,1,1,1,1,1,1,1,1,1,1,1,1,1,1,1,1
19,4267,10,6,144,6,2065,1931,1160,3030,71,1359,6,34 1,1,1,1,1,1,1,1,21,21,1,1,1,1
16,20,1121,12,6,189,819,16,39,147,2,91,785,5,20,124,24,43,262,7,2049,2314 1,1,1,1,1,1,1,1,1,1,1,1,1,1,1,1,1,1,1,1,7,7
24,147,151,1323,227,160,7,24,307,794,2962,371,2,1490,610,4906,276,1672,12,47,2,2535,5,9095,276,1278,4235,12,5292 1,1,1,1,1,1,1,1,1,3,3,3,1,1,1,1,1,1,1,1,1,1,1,1,1,1,1,1,1
523,51,3630,7,91,785,50,61,43,5,16,21,1558,455,739,136,6,97,3030 1,1,1,1,1,1,1,1,1,1,1,1,1,1,1,1,1,1,21
499,4,11,5358 1,1,1,1
11,228,12,9665 1,1,1,1
11,22963,10591 1,1,1
11,8778,8779 1,1,1
11,8150 1,1
11,3430,6405 1,1,1
11,4141,7,988,2,3918,394 1,1,1,1,1,1,1
11,807 1,1
11,14005,2842 1,1,1
355,66,12,790 1,1,1,1
637,4,120,311,51,116,178,2506,371,12,13994,2,2378,5,369,585,1439,41,9,97,704,2426,8,103,13995,2601,5553,2,7571,4186,1665,3753,1012,36,6264,350,2086,7,1432,5,168 1,1,4,4,4,10,9,3,3,3,3,3,3,3,3,1,1,1,1,1,1,1,1,1,1,1,1,1,1,1,1,1,1,1,1,1,1,1,1,1,1
39,5553,32,57,5,936,6,248,129,13996 1,1,1,1,1,1,1,1,1,1
21,31,61,936,21,5173 1,1,1,1,1,1
13997 1
26,7575 1,1
31,529,27,156 1,1,1,1
1638,1137,335,4,1983,12,1740,619,8775,10589,461,77,4,1372,1974,25,33,184,83,22,25,33,921,1303,22,1160,513,83,606,556,626,25,59,894,109,22,25,33,5475,2606,35,6389,25,59,5475,172,474,22,25,33,8776,3461,35,1593,1158,568,1244 1,1,1,1,1,1,1,1,1,1,1,1,1,22,1,1,1,13,1,1,1,1,21,1,1,1,1,1,1,7,1,1,1,12,1,1,1,1,1,1,1,1,1,1,1,11,1,1,1,1,1,1,1,1,1,1,1
397,749,153,1593,1158,568,873 1,1,1,1,1,1,1
2582,244,22,25,283,889,1345,1017,25,33,82 1,1,1,1,1,1,1,1,1,1,1
36,2458,888,204,22,25,59,137,4,1165,1100,4,3663 1,1,1,1,1,1,1,1,1,1,1,1,1
481,726,2,462,2841 1,1,1,1,1
2015,32,6697,8777 1,1,1,1
7075,1055,2,706,244,159,146,28,9,36,8,430,136,2502,48,937,1818,1785,299,28,839,13998 8,8,8,8,8,8,8,1,1,1,1,1,1,1,1,1,1,1,1,1,1,1
295,12,13999,4399,1870 1,1,1,1,1
990,4,116,314,120,13963,2193,13964,461,2,13965,3868,6239,73,638,4,22964,7576,22965,8665,2706,1347,41,1365,1391,224,4,436,202,4,1623,2,725,2,822 1,1,10,1,4,1,1,1,1,1,1,1,1,1,1,1,1,1,1,1,1,1,1,1,1,1,1,1,1,1,1,1,1,1,1
570 1
966,174,1504,2,11,733,26,1528 1,1,1,1,1,1,1,1
181,4,11,690,112,4,330,2,275,1596,2,22966,2,171,625,952,229,2,11,846,26,1064,2,11,799,44,4,745,75,289,193,1977,4,418,324,246,253,2,11,1058,340,4,324,558,2,133,2,978,2,11,1003,2025,4,11,1505,171,967,74,193,323,4,4928,2,916,324,2,951,591,814,2097,175,2,731,1028,2295,5,531,2,1099,175,317,8177,5,3166,12,197,516,467,4,258,649,2397,524,2129,824,2501,689,9338,379,854,804,1506,770,5515,9,72,8,867,368,1956,1330,1049,2702,66,4014,1049,125,790,2383,66,2986,1049,456,1858,298,4360,615,22967,9,54,8,458,4974,266,6642,9,54,8,530,1470,665,3605,698,7871,443,5206,666,4363,64,4219,9,72,8,1069,4936,9,276,8,22968,11,180,4511,1460 1,1,1,1,1,1,1,1,1,1,1,1,1,1,1,1,1,1,1,1,1,1,1,1,1,1,1,1,1,1,1,1,1,1,1,1,1,1,1,1,1,1,1,1,1,1,1,1,1,1,1,1,1,1,1,1,1,1,1,1,1,1,1,1,1,1,1,1,1,1,1,1,1,1,1,1,1,1,1,1,1,1,1,1,1,1,1,1,1,1,1,1,1,1,1,1,1,1,1,1,1,1,1,1,1,1,1,1,1,1,1,1,1,1,1,1,1,1,1,1,1,1,1,1,1,1,1,1,1,1,1,1,1,1,1,1,1,1,1,1,1,1,1,1,1,1,1,1,1,1,1,1,1,1,1,1,1,1,1,1,1,1,1
147,4,764,2,513,1672,5292,2,1846,47,2,2535,5292 1,1,1,1,1,1,1,1,1,1,1,1,1
8262,9075,320,4,449,4736,13,455,401,17,7478 1,1,1,1,1,1,1,1,1,1,1
64,14,455,739,32,7,1367,10,189,40,14006,10,10308,5,218,415,12,6,221 1,1,1,1,1,1,1,1,1,1,1,1,1,1,1,1,1,1,1
64,91,328,811,1717,439,2,158,30,2,127,2,254,2,120 1,1,1,1,1,1,1,1,1,1,10,1,16,1,4
114,4,22969,6243,22970,785,11939,2,147,2580,2,211,2,1318,2,3030,32,865,22971,1811,415,12,6,221,108,785,1167,286,10592,91,2408,165,3619,19,2153,3538,155,1015,22972,742,2,2537,3018,13709,22973,2,195,705,46,22974 1,1,1,1,1,1,1,1,1,1,1,11,11,7,7,21,1,1,1,1,1,1,1,1,1,1,1,1,1,1,1,1,1,1,1,1,1,1,1,1,1,1,1,1,1,1,1,1,1,1
