69,49,4,22943,378,325,22944,1695,144,2402,467,5,1172,424,287,10585,14,15,22945,13,15,30,7,2434,2,178,103,2506,371,9,2140,8,174,369,959,2,22946,2,13979 1,1,1,1,1,1,1,1,1,1,1,1,1,1,1,1,1,1,1,1,1,1,1,4,1,9,3,3,3,3,3,3,3,3,3,1,1,1,1
581,17,101,437,101,860,1363,9,177,8,81,341,9,2013,696,8,825,2919,164,343,76,825,424,927,825,461,825,309,139,4,1590,1055,825,167,81,341,9,2013,696,8,4942,1163,62,4,21,30,7,1336,17,105,9,261,8,159,2154,336,527,17,71,287,10585,826,13981,13,199,1716 1,1,1,1,1,1,1,1,1,1,4,4,4,4,4,4,1,9,9,9,9,1,1,1,1,1,1,8,8,8,8,8,1,1,4,4,4,4,4,4,1,1,1,1,1,1,1,4,1,1,1,1,1,1,1,1,1,1,1,1,1,1,1,1,1,1
16,21,15,299,7,5553,5,13982,288,480,13,1900 1,1,1,1,1,1,1,1,1,1,1,1
16,22947,13,6,13960,1120,22948 1,1,1,1,1,1,1
17,337,203,16,2280,15,4146,27,6,3915,32,57 1,1,1,1,1,1,1,1,1,1,1,1
68,14,11,30,7,381,611,26,1254 1,1,1,1,1,1,1,1,1
16,14,3180,19,607,1974,17,363,159,5,16,2642,24,558,33,13,502,7,13983,5,847,534,7,1403 1,1,1,1,22,1,1,1,1,1,1,1,1,1,1,1,1,1,1,1,1,1,1,1
24,97,10586,20,2917,41,12,13984 1,1,1,1,1,1,1,1
27,38,95,24,1311,227,11,2592,5,24,132,496,14,667,43,1238 1,1,1,1,1,1,1,1,1,1,1,1,1,1,1,1
16,14,19,63,1918 1,1,1,1,13
24,381,203,14,57,2431,27,6,381,308,42,5678,8139 1,1,1,1,1,1,1,1,1,1,1,1,1
289,4,1126,607,5,231,22949,203 1,1,1,22,1,1,1,1
2919,164,343,76,62,4,287,10585,21,15,299,7,2506,371,12,2140,5,14,103,52,1468,369,959 9,9,9,9,1,1,1,1,1,1,1,1,3,3,3,3,3,3,3,3,3,3,3
12,1231,7,2426,2,16,39,15,1194,71,20,3048,17,63,585,7,1439,41,2,1933,65,2298,41,12,8340,85,686,17,2506,10587,5,13985,4591 1,1,1,1,1,1,1,1,1,1,1,1,1,1,1,1,1,1,1,1,1,1,1,1,1,1,1,1,1,1,1,1,1
22950,12,13984,13,2506,1791,2,48,11,313 1,1,1,1,1,1,1,1,1,1
113,173,154,606,7,4076,93,996,1158,465,86,1144 1,1,1,1,1,1,1,1,1,1,1,1
11,455,26,270 1,1,1,1
88,655,2,702,2,531,79 1,1,1,1,1,1,1
289,4,120,9,10586,2917,8,5,1001,338,9,544,1662,8,14,4140 1,1,4,1,1,1,1,1,1,1,1,1,1,1,1,1
89,322,6411,7,211,2,1318,2,1918,2,1226 1,1,1,1,11,1,7,1,13,13,12
14,15,29,7,58,11258,5,114,10,125,170,7923 1,1,1,1,1,1,1,1,1,1,1,1
47,13986,108,16,454,55,4967,124,24,1006,4591,5,1092,16,454,55,2905,17,9920,6513 1,1,1,1,1,1,1,1,1,1,1,1,1,1,1,1,1,1,1,1
424,927,178,4,361,125,860,1363,1881,4,706,244,159,146,430,4,148,352,4,7573,352,322,2,48,851,32,7,2061,42,527,333,4,2660,22951,28,839,2236,2,4441,4062,1023,335,4,2470,2426,13,43,752,878,335,4,400,239,17,878,73,12,7772 1,1,9,1,1,1,1,1,8,8,8,8,8,8,1,1,1,1,1,1,1,1,1,1,1,1,1,1,1,1,1,1,1,1,1,1,1,1,1,1,1,1,1,1,1,1,1,1,1,1,1,1,1,1,1,1,1,1
1283,268,271,631,12,134,2887,1682,32,22952,2,11,1064 1,1,1,1,1,1,1,1,1,1,1,1,1
1198,1453,27,3915,5,14,324,119,29 1,1,1,1,1,1,1,1,1
40,1856,3915,1276 1,1,1,1
7574,4,3524,10588,4,3524,13987,4,1302,22953,27,3915,9,2426,8,5,1401,1771,12,6,1111 1,1,1,1,1,1,1,1,1,1,1,1,1,1,1,1,1,1,1,1,1
461,30,7,619,8775,10589,461 1,1,1,1,1,1,1
39,266,1453,12,1589,5,84,20,22954,14,31,9181,2,1396,7,12180,2,5,88,87,44,34 1,1,1,1,1,1,1,1,1,1,1,1,1,1,1,1,1,1,1,1,1,1
137,1146,1302,484,13,2128,529,77,1372,1974,25,33,1997,4773,184,83,22,25,33,1997,4773,921,1303,22,1160,513,83,606,2,98,102,138,13988,34,13989,5554,556,626,25,59,5752,4773,894,109,22,25,33,1997,4773,5475,2606,35,6389,25,59,361,881,848,739,5475,4852,4,13990,5554,172,474,22,25,33,2144,5490,2253,8776,3461,35,1593,1158,568,1244,2208,10,362,1176,27,1244 1,1,1,1,1,1,1,1,22,1,1,1,1,1,13,1,1,1,1,1,1,21,1,1,1,1,1,1,1,1,1,1,1,1,1,1,7,1,1,1,1,1,12,1,1,1,1,1,1,1,1,1,1,1,1,1,1,1,1,1,1,1,1,1,11,1,1,1,1,1,1,1,1,1,1,1,1,1,1,1,1,1,1,1,1
5960,5554,397,749,153,1593,1158,568,873,2208,153,1593,10,1158,568,938,511,15,107 1,1,1,1,1,1,1,1,1,1,1,1,1,1,1,1,1,1,1
5960,5554,2582,244,22,25,283,1997,4773,228,12,2511,5,3011,1372,1974,25,33,1997,4773,247,4,6043,184,83,22,25,33,1997,4773,247,4,6043,921,1303,22,1160,513,83,606,2,98,102,13989,5554,247,4,6043,138,13988,34,556,626,25,59,5752,4773,247,4,6043,894,109,22,25,33,1997,4773,247,4,6043,5475,2606,35,6389,25,59,4852,4,13990,5554,247,4,6043,361,881,848,739,5475,172,474,22,25,33,2144,5490,2253,247,4,6043,8776,3461,35,1593,1158,568,1244,5960,5554,247,4,13991,2208,10,362,1176,27,1244 1,1,1,1,1,1,1,1,1,1,1,1,1,1,22,1,1,1,1,1,1,1,1,13,1,1,1,1,1,1,1,1,1,21,1,1,1,1,1,1,1,1,1,1,1,1,1,1,1,1,1,7,1,1,1,1,1,1,1,1,12,1,1,1,1,1,1,1,1,1,1,1,1,1,1,1,1,1,1,1,1,1,1,1,1,1,1,1,11,1,1,1,1,1,1,1,1,1,1,1,1,1,1,1,1,1,1,1,1,1,1,1,1,1,1,1,1
397,749,153,1593,1158,568,873,5960,5554,247,4,13991,2208,153,1593,10,1158,568,938,511,15,107 1,1,1,1,1,1,1,1,1,1,1,1,1,1,1,1,1,1,1,1,1,1
2582,244,22,25,283,1997,4773,247,4,22955,889,1345,1017,25,33,2144,1760,247,4,13992,1273,4,13993,60,13,1341,631,82 1,1,1,1,1,1,1,1,1,1,1,1,1,1,1,1,1,1,1,1,1,1,1,1,1,1,1,1
36,2458,888,204,22,25,59,5752,1760,247,4,13992,1273,4,13993,36,2458,78,89,30,120,98,105,159,2,336,527,116,178,2506,371,12,13994,2,2378,5,369,585,1439,41,9,97,704,2426,8,103,13995,2601,5553,2,7571,4186,1665,3753,1012,36,6264,350,2086,7,1432,5,168 1,1,1,1,1,1,1,1,1,1,1,1,1,1,1,1,1,1,1,1,4,1,1,1,1,1,1,10,9,3,3,3,3,3,3,3,3,1,1,1,1,1,1,1,1,1,1,1,1,1,1,1,1,1,1,1,1,1,1,1,1,1,1
39,5553,32,57,5,936,6,248,129,13996 1,1,1,1,1,1,1,1,1,1
21,31,61,936,21,5173 1,1,1,1,1,1
13997 1
26,7575 1,1
31,529,27,156 1,1,1,1
1638,1137,335,4,1983,12,1740,619,8775,10589,461,128,30,1742,179,30,3663 1,1,1,1,1,1,1,1,1,1,1,1,1,1,1,1,1
481,726,2,462,2841 1,1,1,1,1
2015,32,22956,8777 1,1,1,1
7075,1055,2,706,244,159,146,28,9,36,8,430,136,2502,48,937,1818,1785,299,28,839,13998 8,8,8,8,8,8,8,1,1,1,1,1,1,1,1,1,1,1,1,1,1,1
295,12,13999,4399,1870 1,1,1,1,1
163,7,213,192,150,213,66,12,790 1,1,1,1,1,1,1,1,1
93,122,67,94,10590,22957,296,284,19,1318,121,5320,2289,5320,224,893,57,533,2,57,2265,2,11,180,326 1,1,1,1,1,1,1,1,1,7,1,1,1,1,1,1,1,1,1,1,1,1,1,1,1
202,1623,2,725,2,570,2,4258,90,86,733,26,2561 1,1,1,1,1,1,1,1,1,1,1,1,1
112,487,919,28,625,3634,2,171,193,86,229,2,11,3085 1,1,1,1,1,1,1,1,1,1,1,1,1,1
44,90,10,452,193 1,1,1,1,1
694,1457,27,2021,7089,2,7090 1,1,1,1,1,1,1
418,324,246,2,253,86,1058 1,1,1,1,1,1,1
187,3086,2,11,1003 1,1,1,1,1
43,529,300,302 1,1,1,1
2174,192,243,782,2,11,274,7,3579,2,3324,1696,1536 1,1,1,1,1,1,1,1,1,1,1,1,1
744,53,619,2,11,1328,26,566,3465,3466,11,4043,4685 1,1,1,1,1,1,1,1,1,1,1,1,1
242,5,114,887,266,80 1,1,1,1,1,1
437,13,58,22958,536,1144,7,2305,5,9920,6513 1,1,1,1,1,1,1,1,1,1,1
1542,12,2347,198,17,1894,93,73 1,1,1,1,1,1,1,1
642,681,809,42,14000,2,14001,19,3482,854,2,2601 1,1,1,1,1,1,1,1,1,1,1,1
