69,49,4,22975,581,17,101,1182,292,471,13,311,51,120,98,105,831,2,401,17,356,56,11,1735,13524,27,3915 18,1,1,1,1,1,1,1,1,1,1,4,4,4,1,1,1,1,1,1,1,1,1,1,1,1,1
30,7,156,360,449,292,471,13,2247,120,5,149,1122,401,17,356,28,8780,21,2669,191,6,78,200 1,1,1,1,1,1,1,1,4,4,1,1,1,1,1,1,1,1,1,1,1,1,1,1
16,2642,24,1191,173,2764 1,1,1,1,1,1
24,1191,22976,922,465 1,1,1,1,1
16,21,39,120,98,105,831,2,110,19,1372,758,22,25,33,17,363,159,13,834,1015,2,100,10,4383,41 1,1,1,4,1,1,1,1,1,1,22,1,1,1,1,1,1,1,1,1,15,15,15,15,15,15
24,81,21,504,136,16,1376,173,130,727,42,8442,363,159,146,9,5035,616,6626,2,80,5972,8 1,4,1,1,1,1,1,1,1,1,1,1,1,1,1,1,1,1,1,1,1,1,1
16,88,864,7,2820 1,1,1,1,1
16,21,11,1403 1,1,1,1
16,411,2590,5,2660,57 1,1,1,1,1,1
2766,110,401 1,1,1
3690,4,299,7,3439,7434 1,1,1,1,1,1
692,3690,401,110,37,11,1735,27,6,3915 1,1,1,1,1,1,1,1,1,1
11,4173,2592 1,1,1
163,7,213,22977,2,2050,2,1734,2,1176,2,22978,2,562,2,372,2,22979,2,1766,2,3934,2,1031,2,14007,2,1030,2,5,1713,213,177,5,66,820,32,355,166 1,1,1,1,1,1,1,1,1,1,1,1,1,1,1,1,1,1,1,1,1,1,1,1,1,1,1,1,1,1,1,1,1,1,1,1,1,1,1
167,81,341,164,143,76,5553,4,5,7571,4186,2,453,27,6,3915,336,527,4,34,1359,19,22980,28,466,5,243,3114,77,1372,521,45,60,684,45,9,62,8,25,33,98,365,123,184,521,45,60,35,45,9,62,8,25,33,98,365,123,921,3218,9,1303,22,8,35,347,1160,138,2,513,83,1902,98,102,556,1503,626,45,60,35,45,9,62,8,25,59,98,365,123,894,491,45,60,35,45,9,62,8,25,33,98,365,123,211,9,896,547,8,925,45,60,35,45,9,62,8,25,33,8776,3461,35,1593,2478,283,2582,767,768,45,60,35,45,9,62,8,25,283,98,365,123,1255,9,1151,8,35,347,25,33,5123,261,495,9,442,2294,5422,22,9,1481,22,5022,335,8,1067,1770,495,594,4255,8,35,347,25,59,1934,83,22,9,521,45,60,35,8,25,1595,138,34,2,361,273,31,1656,2109,1411,434,290,2879 1,4,4,9,9,9,1,1,1,1,1,1,1,1,1,1,1,1,1,1,1,1,1,1,1,1,1,1,1,22,1,1,1,1,1,1,1,1,1,1,1,1,1,13,1,1,1,1,1,1,1,1,1,1,1,1,1,21,1,1,1,1,1,1,1,1,1,1,1,1,1,1,1,7,7,1,1,1,1,1,1,1,1,1,1,1,1,1,12,1,1,1,1,1,1,1,1,1,1,1,1,1,11,1,1,1,1,1,1,1,1,1,1,1,1,1,1,1,1,1,1,1,1,1,1,1,1,1,1,1,1,1,1,1,1,1,1,1,1,1,1,1,1,1,1,1,1,1,1,1,1,1,1,1,1,1,1,1,1,1,1,1,1,1,1,1,1,1,1,1,1,1,1,1,1,1,1,1,1,1,1,1,1,1,1,1,1,1,1,1,1,1,1
888,9,2074,397,8,204,22,9,683,45,60,35,8,25,59,98,788,123,137,2128,36,484,2,520,359,67,94,10593,296,1174,2289,546,12,121,5971,946,3036,8228,93,73,224,893,57,1019,2024,345,2,436,202,11,2699,2055 1,1,1,1,1,1,1,1,1,1,1,1,1,1,1,1,1,1,1,1,1,1,1,1,1,1,1,1,1,1,1,1,1,1,1,1,1,1,1,1,1,1,1,1,1,1,1,1,1,1,1,1
2301,4737,14008,112,11,620,3085 1,1,1,1,1,1,1
11,1078,580,1386 1,1,1,1
44,90,10,452,5,1043,3561,135,145,5,212,2,11,387,2,711,2,26,766,181,11,900,181,4315,26,3527,12,525,197,217,445,525,2493,2293,5,806,7131,243,175 1,1,1,1,1,1,1,1,1,1,1,1,1,1,1,1,1,1,1,1,1,1,1,1,1,1,1,1,1,1,1,1,1,1,1,1,1,1,1
11,720,2,673,2,79,1030,466,10,22981,4049,175 1,1,1,1,1,1,1,1,1,1,1,1
476,3166,2325,27,853 1,1,1,1,1
457,10594,1462,3461,206,35,208,2,2566,1347,2,940,1280,2,544,1258,206,51,208,2,3779,3480,206,102,208,10594,8781,9276,2,4762,1303,2,6669,2123,10594,1098,14009,9,72,8,2,5881,6477,2,22982,797,242,1678,292,471,13,311,51,120,5,178,2,13,834,3680,338,191,6,97,363,198 1,1,1,1,1,1,1,1,1,1,1,1,1,1,1,1,1,1,1,1,1,1,1,1,1,1,1,1,1,1,1,1,1,1,1,15,15,15,15,15,1,1,1,1,1,1,1,1,1,1,1,4,4,4,1,9,1,1,1,1,1,1,1,1,1,1
324,1033,1864,1170,8782 1,1,1,1,1
114,161,81,56,8780,4,47,5259,24,792,3357,10,55,1678,10595 1,1,4,1,1,1,1,1,1,1,1,1,1,1,1
1195,2,47,909,5,14010,286,17,170,4,710,383,1372,10,83,22,25,33,842,247,310,447,22,25,59,2,383,10,823,22,25,59,108,11,340,864 1,1,1,1,1,1,1,1,1,1,1,1,22,1,1,1,1,1,1,20,20,1,1,1,1,1,1,1,1,1,1,1,1,1,1,1
108,16,319,1897,38,2,22983,855,1372 1,1,1,1,1,1,1,1,22
56,64,2737,536,256 1,1,1,1,1
56,5982,1549,165,1899,4,425,19,210,186,127,4,425,2,48,19,6,2027,28,176,301,983,2578 1,1,1,1,16,1,1,1,12,1,10,1,1,1,1,1,1,1,1,1,1,1,1
249,91,76,4,453,42,22984,28,10,55,926,17,7293,1906,124,178,5,252,585 1,1,1,1,1,1,1,1,1,1,1,1,1,1,1,9,1,1,1
19,211 1,11
351,476,3166,2325,4,692,1227,19,400,282,4902 1,1,1,1,1,1,1,1,1,1,1
356,1326 1,1
384,4,14001,14000,2,195,1896,22985,3130 1,1,1,1,1,1,1,1,1
