67,54,4,28367,6415,3,4313,12096,16129,54,7,168,4,28368 1,1,1,1,1,1,1,1,1,1,1,1,1,1
40,5506,428,2174,808,668,640,7,380,48,453 1,1,1,1,1,1,1,1,19,19,19
119,1564,24,10,61,10,6,318,499,27,8366,12097,124 1,1,1,1,1,1,1,1,1,1,1,1,1
18,38,1204,311,255,7,48,94,13,380,99,2936,435,5,584,10,24,53,2200 1,1,1,1,1,1,1,1,1,1,1,1,1,1,1,1,1,1,1
19,28369,3,18,2103,5400,1076,185,778,490,12,4137,5,20,355,13,2506,181,993 1,1,1,1,1,3,3,3,3,3,1,1,1,1,1,1,10,10,10
48,453,2991,5,19,16130,3,18,20,14299,27,8366,12097,124,834,24,794,309,251,20,7584 1,1,1,1,1,1,1,1,1,1,1,1,1,1,1,3,3,3,3,3,3
18,21,38,627,1983,48,453,225,6,80,267,10,544,65 1,1,1,1,1,1,1,1,1,1,1,1,1,1
24,453,14,1307,13,754 1,1,1,1,1,25
2014,3,18,38,19,5,650,48,453,13,574,1552,4083 1,1,1,1,1,1,1,1,1,1,1,1,1
18,20,469,19,2786,676,5,2786,754 1,1,1,1,1,1,1,25,25
18,2103,350,1881,12,7842,37,14,186,50,671,1818,24 1,1,1,1,1,1,1,1,1,1,1,1,1
18,21,2043,992,76 1,1,1,1,1
18,14,920,29,24,1037,285,27,900,552,3530,35,15,1150,15688,12,6,140,702 1,1,1,1,1,1,1,1,1,1,1,1,1,1,1,1,1,1,1
18,109,31,238,1711 14,14,14,14,14
18,21,939,727 1,1,1,1
163,39,158,203,462,22,105,3,274,279,22,105,3,236,382,22,105,3,423,447,22,105,3,165,3,5,2480,754,35,160 1,1,1,11,1,1,1,1,9,1,1,1,1,12,1,1,1,1,26,1,1,1,1,8,1,1,25,25,1,1
6,81,7,182,14,72,174,306,6,270 1,1,1,1,1,1,1,1,1,1
19,102,101,3,18,197,60 1,1,1,1,1,1,1
1130,3,63,94,15699,1420,3,130,156,1000,5,145,3,5,386,156,1214,135,435 1,1,1,1,1,1,1,1,1,1,1,1,1,1,1,1,1,1,1
227,14,44 1,1,1
6,136,813,57,31,1747 1,1,1,1,1,1
6,48,14,91 1,1,1,1
19,103,101,3,18,21,15,145,239,13,15,44,304,3,1513,310,3,5,11,213,3,502,3,26,561 1,1,1,1,1,1,1,1,1,1,1,1,1,1,1,1,1,1,1,1,1,1,1,1,1
214,21,11,240,26,3356 1,1,1,1,1,1
6,248,46,11,743,26,750,3,51,74,14,70,248,1470,306,53,248,93 1,1,1,1,1,1,1,1,1,1,1,1,1,1,1,1,1,1
6,196,21,11,277 1,1,1,1,1
808,192,14,37,4313,6415,21,484,381,884,408,181,120,76,12,475,10,10746,181,120,76 1,1,1,1,1,1,1,1,1,1,1,10,10,10,1,1,1,10,10,10,10
119,41,8480,24,39,389,43,1367,2156,228,7,1860,4626,5,43,417,15,9615,2397 1,1,1,1,1,1,1,1,1,1,1,1,1,1,1,1,1,1,25
119,41,98,390,6,48,241,570,10,810,1671,18,21,31,2103,66,553,350,1881 1,1,1,1,1,1,1,1,1,1,1,1,1,1,1,1,1,1,1
50,235,40,104,13,24,3,24,1037,3,5,6,39,1422,1933 1,1,1,1,1,1,1,1,1,1,1,1,1,1,1
497,2661,8262,6190,3,107 1,1,1,1,1,1
746,28370,3660,806,4,12098,825,4,12098,843,4,12098 1,1,1,1,1,1,1,1,1,1,1,1
