67,54,4,15305,28360,3,28361,3,6151,6,385,82,30,3,102,101,3,5,172,81,43,271,5,50,2477 1,1,1,1,1,1,1,1,1,1,1,1,1,1,1,1,1,1,1,1,1,1,1,1,1
12,475,3,50,1150,1187,5,101,40,28 1,1,1,1,1,1,1,1,1,1
30,7,61,328,4,40,14,15,3778,522,121,61,17,172,7,48,34 1,1,1,1,1,1,1,1,1,1,1,1,1,1,1,1,1
6,28,38,11,30,7,181,120,76,597,6,99,113 1,1,1,1,1,1,1,1,1,1,1,1,1
18,20,758,12,4137,834,18,38,68,17,6,99,113 1,1,1,1,1,1,1,1,1,1,1,1,1
18,38,68,46,108,65,7,2120,5,1983,453 1,1,1,1,1,1,1,1,1,1,1
18,482,92,10,52,4074,5,46,68,49,3516 1,1,1,1,1,1,1,1,1,1,1
139,620,108,65,477,12,4137,3,18,537,37,6,453,20,31,265 1,1,1,1,1,1,1,1,1,1,1,1,1,1,1,1
18,242,190,166,37,18,38,602,2460,17,24,712,308 1,1,1,1,1,1,1,1,1,1,1,1,1
18,1031,10,15,124,74,12,24,5773,7,4137,834,18,20,55,10,46,15,269,805 1,1,1,1,1,1,1,1,1,1,1,1,1,1,1,1,1,1,1,1
18,526,15,1356,593,37,242,111,3904,76,13,62,1559,309 1,1,1,2,2,2,2,2,2,2,2,2,2,2
18,866,526,15,1953,2731,13,251,7,24,309 1,1,1,1,1,1,1,3,3,3,3
18,242,46,553,48,34,89,139,593,3,75,20,681,312,170,3,28362,12,1692,135,24,2097 1,1,1,1,1,1,1,1,1,1,1,1,1,1,1,1,1,1,1,1,1,1
18,20,933,12,6,124,12,4137,37,40,20,290,10,6872 1,1,1,1,1,1,1,1,1,1,1,1,1,1
18,369,163,89,3,454,24,747,198,331,5,20,1260,10,468,10,6,318,499,17,172 1,1,1,1,1,1,1,1,1,1,1,1,1,1,1,1,1,1,1,1,1
18,109,258,37,159,261,66,6,124,12,4137,2082,40,113,3,18,21,38,855,255,7,312,170,53,574,48,34,3,75,18,768,35,954,312,1925,306,6,4074,190,18,20,1204,397 1,1,1,1,1,1,1,1,1,1,1,1,1,1,1,1,1,1,1,1,1,1,1,1,1,1,1,1,1,1,1,1,1,1,1,1,1,1,1,1,1,1,1
92,14,31,2283,424,13,380 1,1,1,1,1,1,1
92,1770,584,10,24,53,489 1,1,1,1,1,1,1
92,14,31,3420,12,1692 1,1,1,1,1,1
92,753,10,52,855,3,600,18,109,46,15,266,444,7,2353,2292,34,3,75,21,68,1097,2550,159,24,261,66,4137 1,1,1,1,1,1,1,1,1,1,1,1,1,1,1,1,1,1,1,1,1,1,1,1,1,1,1,1
18,90,88,226,7,184 1,1,1,1,1,1
18,14,449,10,1417,917 1,1,1,1,1,1
90,88,194,114,93 1,1,1,1,1
80,39,30,4,269,17,317,36,71,3,75,14,1097,9202,135,24,146 1,1,1,1,1,1,4,4,4,1,1,1,1,1,1,1,1
18,14,161,315,431,630,6,99,113 1,1,1,3,3,1,1,1,1
18,98,21,15,2091,30,7,545,12,6,80,5,14,11,1810,19,452 1,1,1,1,1,1,1,1,1,1,1,1,1,1,1,1,1
206,30,4,18,109,31,238 1,1,1,14,14,14,14
18,245,13,24,1037,5,21,95,369,66,4137 1,1,1,1,1,1,1,1,1,1,1
150,30,4,81,5,14,98,269,17,212 1,1,1,1,1,1,1,1,1,1
81,7,182,4,233,174,182,57,81,5,57,98,72,708,135,6,282 1,1,1,1,1,1,1,1,1,1,1,1,1,1,1,1,1
39,4,158,165,3,423,3,203,3,815,3,236,3,5,274 1,1,1,8,1,26,1,11,1,1,1,12,12,1,9
127,4,6,28,21,127,10,5075,5,5165 1,1,1,1,1,1,1,1,1,1
102,101,4,24,807,14,4055,3,24,133,1188,3,1481,581,3,5,63,94,28363 1,1,1,1,1,1,1,1,1,1,1,1,1,1,1,1,1,1,1
6,28,14,980,3,410,3,787,522,121,14,6349,12,11,199,342 1,1,1,1,1,1,1,1,1,1,1,1,1,1,1,1
24,413,101,14,1172,5,1121 1,1,1,1,1,1,1
24,1055,57,877,5,1115,10,691 1,1,1,1,1,1,1,1
24,1124,57,797 1,1,1,1
24,1709,57,2638,5,1110 1,1,1,1,1,1
18,21,1110,1561,1313,5,197,60,1959 1,1,1,1,1,1,1,1,1
24,136,14,332,5,396,13,296,471,7,759 1,1,1,1,1,1,1,1,1,1,1
6,576,14,31,185 1,1,1,1,1
24,155,57,91,10,463,100,13,877,184,327,3,11,386,342 1,1,1,1,1,1,1,1,1,1,1,1,1,1,1
11,2264,762,157,5,11,48,766,246 1,1,1,1,1,1,1,1,1
24,103,101,14,145,156,5,239,13,11,213,3,502,3,26,561 1,1,1,1,1,1,1,1,1,1,1,1,1,1,1,1
24,214,14,1763,3,152,3,5,396 1,1,1,1,1,1,1,1,1
11,1641,3,11,3849,205,3,5,11,1061 1,1,1,1,1,1,1,1,1,1
24,196,14,204,3,617,3,683,3,5,416,2529 1,1,1,1,1,1,1,1,1,1,1,1
74,57,11,277 1,1,1,1
24,188,14,396,13,296,471,7,759 1,1,1,1,1,1,1,1,1
114,275,11,750,3,743,3,26,93 1,1,1,1,1,1,1,1,1
24,3762,57,152,5,396,13,11,777,1850,5,296,471,7,759,13,44,628,5,1256 1,1,1,1,1,1,1,1,1,1,1,1,1,1,1,1,1,1,1,1
18,14,410,5,642,1200,3,244,787 1,1,1,1,1,1,1,1,1
1411,1093,57,204,3,5,74,14,11,670,26,1009,1030 1,1,1,1,1,1,1,1,1,1,1,1,1
779,101,582,43,6,385,275,9814,554,13,44,1256 1,1,1,1,1,1,1,1,1,1,1,1
318,499,438,4,6,28,20,469,19,15,103,450 1,1,1,1,1,1,1,1,1,1,1,1
247,902,20,1515 1,1,1,1
457,264,143,781,5,177,20,98,890 1,1,1,1,1,1,1,1,1
24,169,67,66,4137,143,81 1,1,1,1,1,1,1
24,696,63,763,785,14,3729,3,824,1958,3,5,1281,28364,24,1348,57,630,44,406 1,1,1,1,1,1,1,1,1,1,1,1,1,1,1,1,1,1,1,1
24,392,14,581,3,347,2042,3,5,345,11380,24,897,425,369,44,27,11597,24,3311,20,10797,24,805,369,185,27,28365,40,14,12,2371,10,6,805,66,24,67,7,4137,3,75,20,9359,24,3090,14,602,306,5606,24,905,14,5666,6,28,38,62,177,3,75,111,202,7,15,301,1552,2575,3,61,19,169,177,66,40,124 1,1,1,1,1,1,1,1,1,1,1,1,1,1,1,1,1,1,1,1,1,1,1,1,1,1,1,1,1,1,1,1,1,1,1,1,1,1,1,1,1,1,1,1,1,1,1,1,1,1,1,1,1,1,1,1,1,1,1,1,1,1,1,1,1,1,1,1,1,1,1,1,1,1,1,1
18,20,126,19,676,17,479,7,2312,695,161,315,431,3,557,1607,211,3,5,14,162,10,6,103,594 1,1,1,1,1,1,1,1,1,1,1,3,3,1,1,1,1,1,1,1,1,1,1,1,1
505,4,48,34,3,826,319,2312,695 1,1,1,1,1,1,1,1,1
497,9852,3,6151,107 1,1,1,1,1
487,4,16128,292,4,16128,533,43,4,9852,3,6151,746,28366,1608,250,31,81,43,262,331,250 1,1,1,1,1,1,1,1,1,1,1,1,1,1,1,1,1,1,1,1,1,1
