69,49,4,23127,507,23128,128,4431,5125,157,23129,96 1,1,1,1,1,1,1,1,1,1,1,1
23130,144,23131,23132,23133,14053,2,4075,23134,23135,2,260,23136,828,14054,4,47,39,6,1068,7,930,1034,29,2,14055,10620,2,12,1524,80,995,24,336,1148,76,5,1848,343,76 1,1,1,1,1,1,1,1,1,1,1,1,1,1,1,1,1,1,1,1,1,1,1,1,1,1,1,1,1,1,1,1,1,1,1,1,1,1,1,1
32,329,871,2,16,14,15,29,37,21,334,164,143,76,2,17,71,47,6011,100,448,15,561,19,23137,2,5,37,20,346,490,7,63,1138,415,215,5,44,34 1,1,1,1,1,1,1,1,1,1,1,9,9,9,9,1,1,1,1,1,1,1,1,1,1,1,1,1,1,1,1,1,1,1,1,1,1,1,1
27,37,95,2,16,39,61,1121,42,58,4027,14056,2,104,716,15,415,1149,5,1164,63,5016,313,2,15,252,14051,7,102,606,5,564,2219,2,5,15,118,145,7,316,982,41,7,3382 1,1,1,1,1,1,1,1,1,1,1,1,1,1,1,1,2,2,2,2,2,2,2,2,1,1,1,1,1,1,1,1,1,1,1,1,1,1,1,1,1,1,1,1
6,1105,7563,20,1425,2,5,6,872,1177,20,2124,27,1963,41,2,5,68,20,15,5865,7,2893,313 1,1,1,1,1,1,1,1,1,1,1,1,1,1,1,1,1,1,1,1,1,1,1,1
6,561,1164,6,2867,7,634,1006,164,143,76,2,2816,23138,722,573,7,6,164,7511,2,106,3659,2,5,5611,5743,2394,1172,2,48,11,900,5550,3606 1,1,1,1,1,1,9,9,9,9,9,9,1,1,1,1,1,1,1,1,1,1,1,1,1,1,1,1,1,1,1,1,1,1,1
68,20,106,76,12,6,525,52,1468,164,143,2,48,24,714,26,313,20,549,10,55,19,6,1988,7,5260,4919,12,6,5900,7,10623,1459,2205 1,1,1,1,1,1,1,1,1,1,1,1,1,1,1,1,1,1,1,1,1,1,1,1,1,1,1,1,1,1,1,1,1,1
16,20,480,2995,17,6,164,143,76 1,1,1,1,1,1,9,9,9
27,6,95,7,24,429,2,16,85,543,63,1677,7,24,263,1455,5,12335,1992,7,24,52,386,2,490,16,20,1360,7,756,5161,19,6,52,1382,27,37,95 1,1,1,1,1,1,1,1,1,1,1,1,1,1,1,1,1,1,1,1,1,1,1,1,1,1,1,1,1,1,1,1,1,1,1,1,1,1
37,708,1164,6,2867,7,248,132,1469,7,6,52,663,2,15,350,3352,153,37,20,7830,42,173,196,41,2,5,15,5013,786,52,132,143,37,20,7830,42,173,284,41 1,1,1,1,1,1,1,1,1,1,1,1,1,1,1,1,1,1,1,1,1,1,1,1,1,1,1,1,1,1,1,1,1,1,1,1,1,1,1,1
6,70,663,20,861 1,1,1,1,1
13,6784,10,6,263,1455,2,68,20,63,14057,2816,1053,944,6,3352,132,143,2,3696,6,23139,12,6,1455,42,173,154,41,26,130,41 1,1,1,1,1,1,1,1,1,1,1,1,1,1,1,1,1,1,1,1,1,1,1,1,1,1,1,1,1,1,1,1
6,2365,2394,129,861,2,5,6,52,2433,582,143,39,106,10624,37,20,861 1,1,1,1,1,1,1,1,1,1,1,1,1,1,1,1,1,1
6,52,2589,2,15,2256,5938,1261,2,39,15,5550,238,7,173,368,41,12,6,13521,4132 1,1,1,1,1,1,1,1,1,1,1,1,1,1,1,1,1,1,1,1,1
237,2,27,6,10625,2,68,20,1622,26,5550,238,7,192,497,10625,2394,19,6,52,663 1,1,1,1,1,1,1,1,1,1,1,1,1,1,1,1,1,1,1,1,1
68,20,8158,27,6,542,7,6,754 1,1,1,1,1,1,1,1,1
6,1941,27,37,95,20,1074,10,1815,170,5811,2,27,1502,17,6,156,2,136,16,20,411,4663,5556,497,10,938,511,15,223 1,1,1,1,1,1,1,1,1,1,1,1,1,1,1,1,1,1,1,1,1,1,1,1,1,1,1,1,1,1
16,85,1249,39,106,150,709,2,393,47,578,701,170,428,12,961 1,1,1,1,1,1,1,1,1,1,1,1,1,1,1,1
6,8673,114,39,61,10,2404,170,168,17,3095,7,24,52,132,143,5,6,52,2589 1,1,1,1,1,1,1,1,1,1,1,1,1,1,1,1,1,1,1,1
16,222,50,168,162,173,15,200,146,151,16,1795,2237,23140,42,24,1567,1076,238 1,1,1,1,1,1,1,1,1,1,1,1,1,1,1,1,1,1,1
58,23141,23142,716,63,23143,2,23144,23145,3580 1,1,1,1,1,1,1,1,1,1
38,39,15,7228,318,1716,19,24,168,34 1,1,1,1,1,1,1,1,1,1
6,8186,860,110,14,37,16,404,37,16,319,31,974,32,2468,5,24,352,2059,21,476 1,1,1,1,1,1,1,1,1,1,1,1,1,1,1,1,1,1,1,1,1
16,21,61,63,8372,23146,12,6,78,2,48,14,110,460,106,268,572,13,37 1,1,1,1,1,1,1,1,1,1,1,1,1,1,1,1,1,1,1
1242,151,47,701,170,248,159,146,2,16,20,947,15,23147,10,6699,497,26,938,511,15,223 1,1,1,1,1,1,1,1,1,1,1,1,1,1,1,1,1,1,1,1,1,1
16,411,14,382,10,6699,5556,2,48,108,16,1404,173,204,6520,2,16,5215,699,24,5217,2,5,110,6,115,53,225,5,1025 1,1,1,1,1,1,1,1,1,1,1,1,1,1,1,1,1,1,1,1,1,1,1,1,1,1,1,1,1,1
16,85,21,106,803,12,24,853,2,71,14,3932,2,5,24,744,977,1621,573,7,6,95 1,1,1,1,1,1,1,1,1,1,1,1,1,1,1,1,1,1,1,1,1,1
6,115,7,756,50,264,191,6,78,1450,7,159 1,1,1,1,1,1,1,1,1,1,1,1
24,67,94,21,61,3350,185 1,1,1,1,1,1,1
16,6006,260,37,329,433,1927,7,23148,16,21,31,61,290,24,67,94,27,140,2,48,16,113,60,15,2036,1521,7,560,2,125,944 1,1,1,1,1,1,1,1,1,1,1,1,1,1,1,1,1,1,1,1,1,1,1,1,1,1,1,1,1,1,1,1
7,99,2,24,837,687,37,151,16,20,12,8787,2,16,20,4663,564,23149,7,5556,2218,2,1863,15,1450,7,511,119,107,2,48,23150,586,37,16,20,3909,851,42,756,1242,645,16,20,382,10,6699,6,5556,423,12,8787 1,1,1,1,1,1,1,1,1,1,1,1,1,1,1,1,1,1,1,1,1,1,1,1,1,1,1,1,1,1,1,1,1,1,1,1,1,1,1,1,1,1,1,1,1,1,1,1,1,1,1,1
16,1044,10,55,268,851,100,401,136,3980,1053,15,1396,95,146 1,1,1,1,1,1,1,1,1,1,1,1,1,1,1
16,85,687,37,16,404,621,16,21,1236,10,1682,19,6,3073,2,5,108,16,113,31,6699,87,5556,27,192,2,16,40,2406,23151 1,1,1,1,1,1,1,1,1,1,1,1,1,1,1,1,1,1,1,1,1,1,1,1,1,1,1,1,1,1,1
7,99,2,6,422,14,31,316,851,10,6,5217,2,48,85,68,14,106,422,12,6,3717,2,645,31,3973,32,3176,5,31,32,3652 1,1,1,1,1,1,1,1,1,1,1,1,1,1,1,1,1,1,1,1,1,1,1,1,1,1,1,1,1,1,1,1
7,99,2,16,21,61,930,58,3144,17,24,882,5,21,61,936,10,403,974,974,974 1,1,1,1,1,1,1,1,1,1,1,1,1,1,1,1,1,1,1,1,1
348,27,38,845,2,16,404,37,16,319,31,974,32,57,26,2909,10,207,814,19,24,3715 1,1,1,1,1,1,1,1,1,1,1,1,1,1,1,1,1,1,1,1,1,1
78,89,30,4,32,256 1,1,1,1,1,1
5588,563,6,640,4,161,81,2,311,51 1,1,1,1,1,1,4,4,4,4
165,127,2,13,67,1927,32,344,32,3255,27,511,12,6,78 1,10,1,1,5,5,5,5,5,5,5,5,5,5,5
186,293,229,2,645,47,273,31,50,87,6581,65,15,3881,1575,37,20,346,15,1450,7,159,146,26,393 1,1,1,1,1,1,1,1,1,1,1,1,1,1,1,1,1,1,1,1,1,1,1,1,1
249,254 1,16
351,2222,30,7,309,2,706,130,159,146,26,393,117,105,159,7,309 1,1,1,1,8,8,8,8,8,8,8,8,8,8,8,8,8
459,336,527 1,1,1
636,164,143,76,2,32,1802 1,9,9,9,9,1,1
843,132,143,238,5,883 1,1,1,1,1,1
231,77,4,1650,183,22,33,933,105,22,33,230,761,22,33,1833,284,22,33,184,130,22,33,210,83,22,33,310,3042,447,22,183,1366,33,607,83,22,51,1366,33,172,370,22,33,3149,1743,22,35,347,33,737,83,22,33,473,449,22,33,921,138,235,130,22,33,179,30,4,16,1109,10,2099,15,10622,8154 1,1,1,31,1,1,1,1,1,1,1,7,1,1,1,9,1,1,1,13,1,1,1,12,1,1,1,20,1,1,1,1,1,1,22,1,1,1,1,1,11,1,1,1,33,1,1,1,1,1,23,1,1,1,28,1,1,1,21,1,1,1,1,1,1,1,1,1,1,1,1,1,1,1
281,994 1,1
12450,5556,15,1814 1,1,1,1
4856,10,2712,15,344,542,7,996 1,1,1,1,1,1,1,1
21,248,3032,2,153,12,5970,23152,2,983,12,12582,3077 1,1,1,1,1,1,1,1,1,1,1,1,1
16,21,15,567,12,8787 1,1,1,1,1,1
2841,36,363 1,1,1
16,85,21,15,1560,10469 1,1,1,1,1,1
11,309,281,5,316,1553,847,5873 8,8,1,1,1,1,1,1
847,4310,7,2647 1,1,1,1
163,7,213,4,318,17,79,2,395,12,362,882 1,1,1,1,1,1,1,1,1,1,1,1
16,88,899,115,2,1112,2,508,2,469,2,272,2,402,2,435,2,4731,1962,2,26,1919 1,1,1,1,1,1,1,1,1,1,1,1,1,1,1,1,1,1,1,1,1,1
16,113,50,420,2598,5,1579,2438,27,420 1,1,1,1,1,1,1,1,1,1
16,687,16,21,106,167,13,862,13,106,1024,8222,7,24,862,2,48,11,23153,8788 1,1,1,1,1,1,1,1,1,1,1,1,1,1,1,1,1,1,1,1
16,14,1501,100,10,125,63,3880,2076 1,1,1,1,1,1,1,1,1
93,122,4,1669,4,1258,5,135,1602,4,23154,42,784,1436,2,48,47,23155,84,27,4947,1750,4,16,14,15,2464,762,2,1423,5745,271,24,439,7,1645,159,1978,4,43 1,1,1,1,1,1,1,1,5,5,5,1,1,1,1,1,1,1,1,1,1,1,1,1,1,1,1,1,1,1,1,1,1,1,1,1,1,1,1,1
570 1
725,1751,4,293,2427,43 1,1,1,1,1,1
225,229,156,2,133 1,1,1,1,1
11,920,1670,4,90,1515,4,43,246,5,253,2,133,970,2,5,15,1840,23156,417,12,6,52,197,1494,2027,1671,4,133,2,318,1059,2,11,1119,2,5,11,23157,7,6,1455,1635,4,582,243,171,2,225,229 1,1,1,1,1,1,1,1,1,1,1,1,1,1,1,1,1,1,1,1,1,1,1,1,1,1,1,1,1,1,1,1,1,1,1,1,1,1,1,1,1,1,1,1,1,1,1,1,1,1
944,38,2,744,53,619,5,57,2346,2,13,395,79,193 1,1,1,1,1,1,1,1,1,1,1,1,1,1
617,243,12,6,2493,2293,19,362,10626,2,31,1769,1550,57,47,221,699,1406 1,1,1,1,1,1,1,1,1,1,1,1,1,1,1,1,1,1
1063,243,53,617,10,395 1,1,1,1,1,1
11,1346,26,2149 1,1,1,1
11,1377,274,147,4,36,43,399,212,27,6123,43,1000,5,1950,2,214,3037,1535,3170,1278,1954,2,2866,43,3112 1,1,1,1,1,1,1,1,1,1,1,1,1,1,1,1,1,1,1,1,1,1,1,1,1,1
150,467,4,49,7,4487,4,23158,242,5,114,4,161,1150,2202,7,263,1455,2,132,2,5,23159,1469,423,10,6,754 1,1,1,1,1,1,1,1,1,1,1,1,1,1,1,1,1,1,1,1,1,1,1,1,1,1,1,1
38,40,907,881,1089,15,3214,4545,32,10,1550,92,319,3737,3095,7,24,882,10,1029,170,977,419 1,1,1,1,1,1,1,1,1,1,1,1,1,1,1,1,1,1,1,1,1,1,1
47,2052,871,37,47,319,1720,100,24,52,2589,5,1664,24,52,10625,2394,944,6,475,2,48,47,209,621,10,125,6,70,663,5,85,433,983,2869,27,6,7584,2394,2,136,84,21,61,15,275,248,159 1,1,1,1,1,1,1,1,1,1,1,1,1,1,1,1,1,1,1,1,1,1,1,1,1,1,1,1,1,1,1,1,1,1,1,1,1,1,1,1,1,1,1,1,1,1,1,1
165,126,1239,328,2398,5158,32,329,53,448 1,1,1,1,1,1,1,1,1,1
186,92,40,1150,67,500,80,12,4629,17,3095 1,1,1,1,1,1,1,1,1,1,1
249,47,301,10,433,293,6174,426,2,136,84,21,61,15,1450,7,159,8178 1,1,1,1,1,1,1,1,1,1,1,1,1,1,1,1,1,1
320,4,161,336,1148,76,36,1387,756,2,110,1393,362,882,27,63,1025,1521,5,3652,170,12,2858,7,82,2874 1,1,1,1,1,1,1,1,1,1,1,1,1,1,1,1,1,1,1,1,1,1,1,1,1,1
92,871,37,16,21,5550,76,12,6,52,386,2,944,6,1270,2,71,319,55,480 1,1,1,1,1,1,1,1,1,1,1,1,1,1,1,1,1,1,1,1
70,386,21,31,61,755,12,6,78 1,1,1,1,1,1,1,1,1
85,21,63,23160,2816,12,6,1455,2,71,1279,55,1810,52,1310 1,1,1,1,1,1,1,1,1,1,1,1,1,1,1
165,132,343,76,36,334,2981,406,238,52,1468,5,2521,132,1469 1,1,1,1,1,1,1,1,1,1,1,1,1,1,1
67,94,14,1400,2401,338 1,1,1,1,1,1
301,10,155,24,331,5,379 1,1,1,1,1,1,1
108,648,53,3866,2,237,92,209,4621,170,1310 1,1,1,1,1,1,1,1,1,1,1
16,14,278,19,15,488,7,1036,4523,77,2,393,2429,7,132,143,3095,14,1758,3196,10,23161 1,1,1,1,1,1,1,1,1,1,1,1,1,1,1,1,1,1,1,1,1,1
186,164,143,76,36,185 1,9,9,9,1,1
249,81 1,4
351,1076,238,36,419,136,168,162 1,1,1,1,1,1,1,1
142,10,77,38,101,1650,183,22,33,933,105,22,33,230,761,22,33,1833,284,22,33,184,130,22,33,210,83,22,33,310,3042,447,22,183,1366,33,607,83,22,51,1366,33,172,370,22,33,3149,1743,22,35,347,33,737,83,22,33,473,449,22,33,921,138,235,130,22,33,1152,329,393,573,17,2092,260,10,2011,12,6,203,7,38,10318,762 1,1,1,1,1,31,1,1,1,1,1,1,1,7,1,1,1,9,1,1,1,13,1,1,1,12,1,1,1,20,1,1,1,1,1,1,22,1,1,1,1,1,11,1,1,1,33,1,1,1,1,1,23,1,1,1,28,1,1,1,21,1,1,1,1,1,1,1,1,1,1,1,1,1,1,1,1,1,1,1,1,1
47,40,1758,1454,329,5266,32,10,24,979,408 1,1,1,1,1,1,1,1,1,1,1
1027,2,8789,7583,23162,4,28,4027,600,14056,96 1,1,1,1,1,1,1,1,1,1,1
681,809,42,8789,7583,195,19,3482,259,2,14058 1,1,1,1,1,1,1,1,1,1,1
