67,54,4,28425,4150,5478,2896,12102,16143,3,1689,3,2055 1,1,1,1,1,1,1,1,1,1,1,1,1
1147,615,5478,1191,1322,5886,1418,301,14910,3,1264,28426,5478,78,1071,29,12103,1191,278,55,54,4,28427,3,172,27,28428,414,4,8055,3,16139,509,47,4,28429,2523,4,28430,361,278,262,4,64,1934,8766,9543,262,4,28431,2175,4,4150,230,404,17,278,4,176,1066,17,6073,17,268,355,7,12104,282,4,16144,256,212,9,7253,8,3,4058,3,881,3,151,3,3824,3,142,3,1069,216,120,260,121,14,510,10,6,230,12,6,481,7,15,989,9816,5,12104,55,19,751,66,16145 1,1,1,1,1,1,1,1,1,1,1,1,1,1,1,1,1,1,1,1,1,1,1,1,1,1,1,1,1,1,1,1,1,1,1,1,1,1,1,1,1,1,1,1,1,1,1,1,1,1,1,1,1,1,1,1,1,1,1,1,1,1,1,1,1,1,1,1,1,1,10,10,1,1,1,1,1,1,1,1,4,1,15,1,7,1,1,1,1,1,1,1,1,1,1,1,1,1,1,1,1,1,1,1,1,1,1,1,1,1
6,79,146,28432,139,724,35,60,35,598,3413,34,225,6,3924,117,129 1,1,1,1,1,1,1,1,1,1,1,1,1,1,1,1,1
16,98,146,62,8424,948,655,314,225,40,1551 1,1,1,1,1,1,1,1,1,1,1
579,4,90,4,249,3,375,3,446,3,63,2328,3,648,3,307,3,555,3,741,323,3,277,3,796,3,1235,3,2432,3,28433,554,146,4,598,459,80,39,30,4,2776,3,2731,53,1621,1100,16142,142,212,220,28434,7253,19,445,40,129,287,7911,4058,216,120,76,3,3342,10,28435,76,1069,443,291,621,1899,860,918,127,4,1765,163,39,4,135,6719,3068,28436,78,47,966,29,73,278,55,89,4,1212,9,729,8,141,22,25,28437,850,22,25,105,9,49,12,2441,8,4409,9,2823,8,2666,22,25,28438,9,289,8,125,22,25,105,218,171,22,25,28439,171,22,25,28440,125,22,25,105,1406,9,423,8,447,22,25,105,947,478,9,203,8,462,22,25,28441,108,22,25,608,397,28442,478,9,752,872,8,501,22,25,28443,9,752,1332,8,501,28444,25,28445,1389,22,25,28446,2755,9,960,8,856,189,521,28447,3813,9,1778,1147,8,180,22,25,105,137,2362,39,4,3978,3907,247,1580,4293,846,247,1750,165,210,189,521,1580,150,30,4,661,78,47,383,29,779,399,27,440,1733,573,78,47,383,29,690,1020,78,47,383,29,1460,90,4,88,174,373,30,158,28448,1150,816,206,30,4,485,4,598,699,4,10493,3,334,1288,991,183,2686,9,73,8,4,919,12101,28449,28450,245,2345,4,2306,3,245,1272,316,205,4,1207,853,523,2059,148,16146,716,125,718,880,1458,1458,102,77,4,814,4,480,3,101,12,702,28451,12,2259,198,227,4,1042,91,3,1536,3,797,1124,3,473,3253,55,136,4,332,3,5251,309,3,1069,152,213,644,4,455,1270,11,1099,155,4,1304,3043,4,152,3,952,3,588,409,3,5251,969,3,5251,690,246,1080,4,5251,1966,3,5251,246,10,1046,531,4,617,60,1070,3,28452,1069,3,5251,1379,196,4,5251,28453,352,4,15,3,3035,3,5251,741,461,3,863,779,4,381,1513,1558,13256,2288,3,6234,3428,220,673,691,2626,8830,633,19,8145,951,37,20,1084,72,3,5251,240,149,4,154,414,4150,4150,4150,7657,7658,16147,9943,8610,16148,705,2909,9,59,8,1840,592,2105,2953,2249,869,231,2616,769,6653,6486,392,1907,9,83,8,1695,9,83,8,1716,9,83,8,888,9339,9,83,8,13358,9,83,8,7956,9,83,8,1680,1907,9,292,8,1872,9,292,8,1872,9,292,8,870,8481,9,83,8,7756,9,83,8,1364,9,59,8,1568,320,615,154,414,4150,4150,7657,7658,9943,8610,399,3289,3729,9,59,8,1179,2949,22,2044,1077,2416,1792,1791,1649,1701,1506,4760,4617,9,59,8,1388,1646,2628,1938,2545,2394,2967,1772,1914,2289,1245,1469,154,414,4150,4150,7657,7658,9943,8610,1565,1483,9,83,8,1872,1527,1421,9,83,8,279,1566,6173,9,83,8,1183,1077,2416,1792,1791,1649,1701,154,414,4150,4150,4150,7657,7658,16147,9943,8610,16148,349,3729,4617,6359,734,16149,9,59,8,28454,9,59,8,28455,9,59,8,560,2714,9,59,8,3104,9,59,8,3344,9,59,8,333,7546,9,59,8,5316,9,59,8,3627,9,59,8,653,1942,1914,1942,786,4609,5170,7659,823,4680,4680,5645,536,8611,12105,8092,795,4419,4247,4386,1125,122,402,1277,42,1209,547,9,83,8,2008,9,83,8,42,577,558,9,59,8,558,9,59,8,42,847,210,210,42,830,519,36,42,864,519,36,2649,7111,12707,2650,6664,15628,9,59,8,2701,7048,5651,2702,2149,9,59,8,3200,9,59,8,2703,2149,2873,1661,200,200,1577,200,200,2599,200,200,1971,200,200,154,414,4150,4150,7657,7658,28456,8610,79,4247,9,2049,8,4247,9,2049,8,1074,1715,1715,1067,6056,7376,154,414,4150,4150,7657,7658,10901,14197,2585,1706,1706,3606,91,91,2452,433,9,292,8,565,9,292,8,2736,72,72,2635,72,72,5866,3785,9,292,8,10777,2372,72,72,1838,2482,2482,2858,72,565,3185,72,72,2453,72,72,1886,72,72,2330,4,5251,137 1,1,1,1,1,1,1,1,1,1,1,1,1,1,1,1,1,1,1,1,1,1,1,1,1,1,1,1,1,1,1,1,1,1,1,1,1,1,1,1,1,1,1,1,1,1,1,7,10,1,1,1,1,1,1,1,15,4,1,10,10,10,1,1,1,1,1,1,1,1,1,1,1,1,1,1,1,1,1,1,1,1,1,1,1,1,1,1,1,1,1,1,1,20,1,20,1,1,1,1,1,1,1,1,1,1,1,1,1,1,34,34,34,34,1,1,1,1,1,1,1,1,1,1,1,44,1,1,1,1,1,1,1,1,1,1,1,1,26,26,26,26,1,1,1,1,11,11,11,11,11,1,1,1,1,1,1,1,1,1,1,1,1,1,1,1,1,1,1,1,1,1,1,1,1,1,1,1,1,1,1,1,8,8,8,8,1,1,1,1,1,1,1,1,1,1,1,1,1,1,1,1,1,1,1,1,1,1,1,1,1,8,8,8,8,8,1,1,1,1,1,1,1,1,1,1,1,1,1,1,1,1,1,1,1,1,1,1,1,1,1,1,1,1,1,1,1,1,1,1,1,1,1,1,1,1,1,5,5,5,5,5,5,5,5,1,1,1,1,1,1,1,1,1,1,1,1,1,1,1,1,1,1,1,1,1,1,1,6,6,1,1,1,1,1,1,1,1,1,1,1,1,1,1,1,1,1,1,1,1,1,1,1,1,1,1,1,1,1,1,1,1,1,1,1,1,1,1,1,1,1,1,1,1,1,1,1,1,1,1,1,1,1,1,1,1,1,1,1,1,1,1,1,1,1,1,1,1,1,1,1,1,1,1,1,1,1,1,1,1,1,1,1,1,1,1,1,1,1,1,1,1,1,1,1,1,1,1,1,1,1,1,1,1,1,1,1,1,1,1,1,1,1,1,1,1,1,1,1,1,1,1,1,1,1,1,1,1,1,1,1,1,1,1,1,1,1,1,1,1,1,1,1,1,1,1,1,1,1,1,1,1,1,1,1,1,1,1,1,1,1,1,1,1,1,1,1,1,1,1,1,1,1,1,1,1,1,1,1,1,1,1,1,1,1,1,1,1,1,1,1,1,1,1,1,1,1,1,1,1,1,1,1,1,1,1,1,1,1,1,1,1,1,1,1,1,1,1,1,1,1,1,1,1,1,1,1,1,1,1,1,1,1,1,1,1,1,1,1,1,1,1,1,1,1,1,1,1,1,1,1,1,1,1,1,1,1,1,1,1,1,1,1,1,1,1,1,1,1,1,1,1,1,1,1,1,1,1,1,1,1,1,1,1,1,1,1,1,1,1,1,1,1,1,1,1,1,1,1,1,1,1,1,1,1,1,1,1,1,1,1,1,1,1,1,1,1,1,1,1,1,1,1,1,1,1,1,1,1,1,1,1,1,1,1,1,1,1,1,1,1,1,1,1,1,1,1,1,1,1,1,1,1,1,1,1,1,1,1,1,1,1,1,1,1,1,1,1,1,1,1,1,1,1,1,1,1,1,1,1,1,1,1,1,1,1,1,1,1,1,1,1,1,1,1,1,1,1,1,1,1,1,1,1,1,1,1,1,1,1,1,1,1,1,1,1,1,1,1,1,1,1,1,1,1,1,1,1,1,1,1,1,1,1,1,1,1,1,1,1,1,1,1,1,1,1,1,1,1,1,1,1,1,1,1,1,1,1,1,1,1,1,1,1,1,1,1,1,1,1,1,1,1,1,1,1,1,1,1,1,1,1,1,1,1,1,1,1,1,1,1,1,1,1,1,1,1,1,1,1,1,1,1,1,1,1,1,1,1,1,1,1
1340,4,16145,241,3043,4,74,14,131,10,504,260,7,6,1219,7,6,3823,5,4037 1,1,1,1,1,1,1,1,1,1,1,1,1,1,1,1,1,1,1,1
6,5731,14,1559 1,1,1,1
74,14,15,504,260,7,6,70,153,120,1219 1,1,1,1,1,1,1,1,1,1,1
74,57,267,53,153,120 1,1,1,1,1,1
6,473,153,120,14,62,2264,762,5,21,15,131,10,504,260,27,92,1219 1,1,1,1,1,1,1,1,1,1,1,1,1,1,1,1,1,1
6,53,153,120,21,15,5946,260,27,92,1219 1,1,1,1,1,1,1,1,1,1,1
74,14,15,28457,53,153,813 1,1,1,1,1,1,1
74,14,15,209,7444,283,13,741,621,1899,7,6,7205,1076,7,6,291,1518 1,1,1,1,1,1,1,1,1,1,1,1,1,1,1,1,1,1
74,14,15,504,260,7,6,53,1434,1510,120,1219 1,1,1,1,1,1,1,1,1,1,1,1
6,861,57,569 1,1,1,1
6,1012,3,3333,3,3033,3,5,2691,3026,57,569 1,1,1,1,1,1,1,1,1,1,1,1
74,14,11,6955,26,4622,1189 1,1,1,1,1,1,1
74,14,7887 1,1,1
6,1434,6391,5244,14,2679,632,12,3178,13,15,1019,1434,5244,1419 1,1,1,1,1,1,1,1,1,1,1,1,1,1,1
74,57,11,3674,7088,26,11114,243 1,1,1,1,1,1,1,1
6,678,155,57,91 1,1,1,1,1
74,14,28458,5325,3,131 1,1,1,1,1,1
74,57,11,997,792 1,1,1,1,1
339,4,176,7887,13,15,989,1434,6391,5244,5,15,1434,5244,1419 1,1,1,1,1,1,1,1,1,1,1,1,1,1,1
178,11,173,6222,120,6980 1,1,1,1,1,1
6,5731,14,1559 1,1,1,1
195,260,7,394,53,153,120,3,13,6,5167,53,153,120,170,10228 1,1,1,1,1,1,1,1,1,1,1,1,1,1,1,1
253,131,10,504,260,7,6,70,153,120 1,1,1,1,1,1,1,1,1,1
346,209,7444,283,13,741,1899,7,6,443,1076,7,6,291,1518 1,1,1,1,1,1,1,1,1,1,1,1,1,1,1
28459,216,1186,4,339,176,100,504,16044,42,260,7,6,281,216,120 1,1,1,1,1,1,1,1,1,1,1,1,1,1,1,1
58 1
78,986,29,215,42,260,55,12,6,443,53,1434,216,120 1,1,1,1,1,1,1,1,1,1,1,1,1,1
195,11,173,260,12,6,53,1558,216,120 1,1,1,1,1,1,1,1,1,1
253,1019,1607,173,260,12,6,70,1558,216,120 1,1,1,1,1,1,1,1,1,1,1
253,6274,1298,12,394,1903,120 1,1,1,1,1,1,1
346,44,1298,12,394,3819,120 1,1,1,1,1,1,1
356,8324,172,4,135,6,28,5,23,723,16,20,172,78,840,29,141,991,183,220,15,838,75,55,15,1513,381,703,1271 1,1,1,1,1,1,1,1,1,1,1,1,1,1,1,1,1,1,1,1,1,1,1,1,1,1,1,1,1
192,78,1071,29,104,4,16144,256,212,9,7253,8,3,881,3,151,3,142,504,1069,216,260,3,209,283,12,6,443,283,220,1899,3,220,15,989,9816,5,12104,17,75,119,57,278 1,1,1,1,1,1,1,10,10,1,1,1,1,1,1,4,1,7,1,1,1,1,1,1,1,1,1,1,1,1,1,1,1,1,1,1,1,1,1,1,1,1,1
119,41,104,17,268,172,7,6,28,78,47,966,29,73,4064,182,13,62,6073 1,1,1,1,1,1,1,1,1,1,1,1,1,1,1,1,1,1,1
138,6,2175,7,6,4038,1419,4017 1,1,1,1,1,1,1,1
31,4014,13,244,416,2527,9395,50,272,479,17,1755,1085,7,6,28,78,47,966,29,73,4064,989,9,7409 1,1,1,1,1,1,1,1,1,1,1,1,1,1,1,1,1,1,1,1,1,1,1,1,1
1158,399,8 1,1,1
50,46,2907,10,6,28,5,23,58,723,37,138,23,2734,3758,12,1409,23,103,161,5,216,76,37,16,14,27,2156,341,17,698,75,677,233,857 1,1,1,1,1,1,1,1,1,1,1,1,1,1,1,1,1,1,1,1,1,1,1,1,1,1,1,1,1,1,1,1,1,1,1
420,4,3129,28460,3,134,88,479,17,28461,237,1457,3850,98,9761,28462,3030,1867,597,2398,6937,66,2398,16150,278,17,341,7,3619,138,216,120,76,4669,6782,660,13,354,3821,28463,3720,138,28464,283,61,4336,16151,17,6073,220,3619,19,28465,8840,12102,16143,3,229,3,2055,361,1191,3,710,28466 1,1,1,1,1,1,1,1,1,1,1,1,1,1,1,1,1,1,1,1,1,1,1,1,1,1,1,1,1,1,10,10,10,1,1,1,1,1,1,1,1,1,1,1,1,1,1,1,1,1,1,1,1,1,1,1,1,1,1,1,1,1,1,1,1
