67,54,4,28391,30,7,61,328,1120,4,162,66,103,445,149 1,1,1,1,1,1,1,1,1,1,1,1,1,1,1
282,4,293,8055,14,15,382,1741 1,1,1,1,1,1,1,1
358,13,256,142,3,151,3,881,3,185,393,121,61,13,320,129,256,48,5,473,114,453,19,380,1291,13,307 1,1,1,7,1,4,1,1,1,15,15,1,1,1,1,1,1,1,1,1,1,1,1,1,1,1,1
16,21,406,23,308,10,1468,116 1,1,1,1,1,1,1,1
16,98,21,38,15,493,255,27,427,12,859 1,1,1,1,1,1,1,1,1,1,1
429,154,27,28392,111,4920,325,27,266,8200,56,28393,435,523,2073,9,1000,42,8,5,7339,14325 1,1,1,1,1,1,1,1,1,1,1,1,1,1,1,1,1,1,1,1,6,6
1038,559,1897,42 1,1,1,1
16,61,89,17,103,445 1,1,1,1,1,1
296,445,146,31,1382,51,2964,64,8609,258,11,993,160 1,1,1,1,1,1,1,1,1,1,1,1,1
1401,698,43,188,453,5,4122,10,3348,56,1859,5206,606,28394 1,1,1,1,1,1,1,1,1,1,1,1,1,1
16,41,1216,2014,5,370,2185 1,1,1,1,1,1,1
1155 1
16,14,34,770,137 1,1,1,1,1
723,13,28 1,1,1
4325,4,329,142,329,151,16078,329,1022,1732,4,200,225,1288,87,80,39,30,151,142,365,393,13094,59,1621,76,3,329,725,27,6763,2331 1,1,1,7,1,4,1,1,1,1,1,5,5,5,5,1,1,1,4,7,15,15,1,1,1,1,1,1,1,1,1,1
28395,11,173,756,3,28396 1,1,1,1,1,1
80,591,30,90,39,27,163,4,274,231,32,236,108,32,1731,210,32,218,171,32,1118,125,32,348,501,892,1778,335,32,1628,1828,3,872,3,1332,252,462,123,58,113,127,790,206,30,245,1272,12,3562,2140 1,1,1,1,1,1,1,1,9,1,1,12,1,1,33,1,1,13,1,1,1,1,1,38,1,1,25,1,1,1,1,1,1,1,1,11,1,1,1,1,1,1,1,1,1,1,1,1,1
2741,17,2847 1,1,1
150,1623,28397,12101,28398,58,723,1197,132 1,1,1,1,1,1,1,1,1
575,319,598 1,1,1
551,3006,66,373,1215,485,4,175,728,113,3834,4,36,3281,32,353,4,2741,60,2064,911,105,288,4,3677,105,150,30,5902,81,7,182,12779,12,402,708,35,270,102,77,1541,4,2008,148,4,28399,2049,4,28400,408,28401,47,207,197,1417,12,859,3,480,3,2663,999,13,1933 1,1,1,1,1,1,1,1,1,1,1,1,1,1,1,1,1,1,1,1,1,1,1,1,1,1,1,1,1,1,1,1,1,1,1,1,1,1,1,1,1,1,1,6,6,6,1,1,1,1,1,1,1,1,1,1,1,1,1,1,1,1,1,1
232,3747 1,1
273,925,28402,2005,204,3,942,91,136,332,3,11,576,3,217,216,133,13,222 1,1,1,1,1,1,1,1,1,1,1,1,1,1,1,1,1,1,1
2852,455,304,3,310,1710,213,48,91,574,1069,214,329,326,327,123,210,3,362 1,1,1,1,1,1,1,1,1,1,1,1,1,1,1,1,1,1,1
152,2098,3,11,28403,114,562,4,70,11,1647,3,329,222 1,1,1,1,1,1,1,1,1,1,1,1,1,1
53,4,329,28404,1032,4,565,53,3,433,70,3,11,93 1,1,1,1,1,1,1,1,1,1,1,1,1,1
1558,149,149,177,4,104,382,1741 1,1,1,1,1,1,1,1
358,13,1268,695,3,329,429,154,110,445,13,11,993,160 1,1,1,1,1,1,1,1,1,1,1,1,1,1
329,881,13,725 1,1,1,1
644,4,86,163,39 1,1,1,1,1
1438,13,64,8609,641,28405,16,21,344,943,123,58,113 1,1,1,1,1,1,1,1,1,1,1,1,1
4093,4,10,369,12,15,493,113,17,4093,993 1,1,1,1,1,1,1,1,1,1,1
2572,4,659,809 1,1,1,38
126,1731,12,272 1,33,1,1
96,69,951,2587,5,157,1315,1024,165,167 1,1,1,1,1,1,48,48,48,48
268,104,135,64,8609 1,1,1,1,1
28406,16136,3,1203,682 1,1,1,1,1
28407 1
