69,49,4,23400,14134,2,23401,2,10665,858,391,4,44,94 1,1,1,1,1,1,1,1,1,1,1,1,1,1
287,4189,14,201,42,6,427,5,85,201,5,755,42,260 1,1,1,1,1,1,1,1,1,1,1,1,1,1
16,14,15,1480,65,63,1777,144,10,55,265,490,7,24,44,34 1,1,1,1,1,1,1,1,1,1,1,1,1,1,1,1
30,7,156,360,4,38,14,15,5986,471,104,20,23402,106,23403,12,15,3435,38,465,27,173,14135,1960,27,37,95,2,16,1898,180,696,7,8378,2,44,34,2,5,44,94,627,13,255,7,194 1,1,1,1,1,1,1,1,1,1,1,1,1,1,1,1,1,1,1,1,1,1,1,1,1,1,1,1,1,1,1,1,1,1,1,1,1,1,1,1,1,1,1,1,1,1
16,1802,24,34,32,537,214,5795,173,14136,2,1802,5179,2563,24,44,5,255,7,194 1,1,1,1,1,1,1,1,1,1,1,1,1,1,1,1,1,1,1,1
16,1989,37,434,16,20,748,890,24,1083,24,44,34,1236,932,5,136,237,84,20,1024,5,7230,12,1819 1,1,1,1,1,1,1,1,1,1,1,1,1,1,1,1,1,1,1,1,1,1,1,1,1
16,20,1009,10,14137,3537,144,819,16,20,201,2,480,2,5,1086,401 1,1,1,1,1,1,1,1,1,1,1,1,1,1,1,1,1
16,14,281,34,739 1,1,1,1,1
27,23404,1120,24,783,20,66 1,1,1,1,1,1,1
24,1700,20,66 1,1,1,1
24,147,227,15,10666,12,1088,5,1663,5,39,11,180,518,1471,26,518,438,19,24,6277,71,12652,13,1082,6277,401 1,1,1,1,1,1,1,1,1,1,1,1,1,1,1,1,1,1,1,1,1,1,1,1,1,1,1
78,89,30,4,24,30,2,278,2,14,182,12,37,16,21,15,91,561,37,20,346,12,23405 1,1,1,1,1,1,1,1,1,1,1,1,1,1,1,1,1,1,1,1,1,1,1
27,37,95,2,16,39,717,269,505,7,154,41,2,52,1468,20,154,41,2,5,52,1869,20,85,154,41 1,1,1,1,1,1,1,1,1,1,1,1,1,1,1,1,1,1,1,1,1,1,1,1,1,1
16,39,63,602,505,71,20,204,41,2,602,717,505,2,13,199,10660,1329 1,1,1,1,1,1,1,1,1,1,1,1,1,1,1,1,1,1
24,97,1134,20,12,23406 1,1,1,1,1,1
27,37,95,2,24,1105,496,20,43,5,16,39,63,585,7,1516,41,10,284,41 1,1,1,1,1,1,1,1,1,1,1,1,1,1,1,1,1,1,1,1
24,78,89,30,14,182,17,81,5,127,32,57,32,344,367,2,39,63,729,743,12,3260,2,30,7,1957,1603,332,5,30,7,877,12,24,52,197,445,12,5225,78,545,30,4,16,21,39,63,23407 1,1,1,1,1,1,1,4,1,10,1,1,1,16,16,16,3,3,3,3,3,3,1,1,1,1,1,1,1,1,1,1,1,1,1,1,1,1,1,1,1,1,1,1,1,1,1,1
16,543,3047,703,162,12,10661,16,21,85,39,15,1601,5,2679 1,1,1,1,1,1,1,1,1,1,1,1,1,1,1
179,30,4,16,14,15,23408,1055 1,1,1,32,32,32,32,32
128,30,4,85,2,21,15,2299,128,30,7,91,76 1,1,1,1,1,1,1,1,1,1,1,1,1
77,4,16,14,110,34,739,48,1802,24,34,38,465,32,8378,2,94,621,2,5,5179,12,24,44 1,1,1,1,1,1,1,1,1,1,1,1,1,1,1,1,1,1,1,1,1,1,1,1
93,122,4,24,520,359,401,53,43 1,1,1,1,1,1,1,1,1
24,202,73,14,599 1,1,1,1,1
24,112,14,330,13,90,226,193 1,1,1,1,1,1,1,1
16,21,15,4959,653,417 1,1,1,1,1,1
16,21,11,711,26,766 1,1,1,1,1,1
24,243,53,43,2,57,2346,722,5,619,217 1,1,1,1,1,1,1,1,1,1,1
187,14,133,86,87,342,2,199,300,302 1,1,1,1,1,1,1,1,1,1
217,53,43 1,1,1
489,467,4,147,32,1802,256,428,2,15,513,12,1088,5,1663,2,355,11,180,142,19,24,6277 1,1,1,1,1,1,1,1,1,1,1,1,1,1,1,1,1,1,1,1,1,1,1
24,867,14,2108,5,24,783,14,66 1,1,1,1,1,1,1,1,1
24,331,14,2644,13,15,379,7,8203,192,150,258,53,43,317,24,67,848,71,14,14138,303,441,408,4,6,29,74,1724,14,58,232,31,177,42,240,312,232,1167,286,5,5668,1242,301,983,91,561,108,1633 1,1,1,1,1,1,1,1,1,1,1,1,1,1,1,1,1,1,1,1,1,1,1,1,1,1,1,1,1,1,1,1,1,1,1,1,1,1,1,1,1,1,1,1,1,1,1,1,1
494,4,44,34,5,44,94,13,30,7,63,371,5,30,7,164,143,76 1,1,1,1,1,1,1,1,1,1,1,3,1,9,9,9,9,9
526,14139,2,10665,96 1,1,1,1,1
495,4,14140,276,4,14140,597,42,4,14139,2,10665,813,23409,1852 1,1,1,1,1,1,1,1,1,1,1,1,1,1,1
