69,49,4,23438,622,99,4776,2,4175,46,8814,1452,854,2,2682,21,39,11,939,44,1861 18,1,1,1,1,1,1,1,1,1,1,1,1,1,1,1,1,1,1,1,1
14038,248,10,497,511,15,420,48,31,214,2334,432,6,107 1,1,1,1,1,1,1,1,1,1,1,1,1,1
2876,286,7,23,501,922 1,1,1,1,7,1
589,10,50,106,422,12,23,70,3138,1539,423,6,663,7,23,386 1,1,1,1,1,1,1,1,1,1,1,1,1,1,1,1
31,3000,13,6,7598,37,129,124,23,17,23,7022,34,490,18,319,316,245,1406,13,23439,3068 1,1,1,1,1,1,1,1,1,1,1,1,1,1,1,1,1,1,1,1,1,1
21,39,106,70,478,422 1,1,1,1,1,1
257,4,3241,677,1725,1213,998 1,1,23,1,1,1,1
172,370,1213,998 11,1,1,1
501,204,1213,1190 7,1,1,1
2600,83,1213,998 22,1,1,1
4362,2837 1,1
23440,12,6,52,349,2,23441,12,6,70 5,5,5,5,5,1,5,5,5,5
4689,199,502,7,721,7,6,70,478 1,1,1,1,1,1,1,1,1
68,14,106,14144,191,6,1759,757 1,1,1,1,1,1,1,1
11,10668,26,23442,3074,277 1,1,1,1,1,1
275,502,7,721 1,1,1,1
226,53,90 1,1,1
133,2,318,970 1,1,1,1
11,904,79 1,1,1
161,178 1,9
448,57,86,714 1,1,1,1
165,127 1,10
47,5012,23,501 1,1,1,7
40,887,38,117,18,21,61,290,362,77,9684 1,1,1,1,1,1,1,1,1,1,1
186,81 1,4
40,155,15,358,80,5,47,5012,23,2600 1,1,1,1,1,1,1,1,1,22
249,1970,70,8676 1,1,1,1
18,14,31,3353,12,87,4097,364,393,92,40,31,3105,908,27,38,95 1,1,1,1,1,1,1,1,1,1,1,1,1,1,1,1,1
18,39,15,66,205,12,14145,47,1730,23,19,1639,1213,7,3399,497,511,15,107 1,1,1,1,1,1,1,1,1,1,1,1,1,1,1,1,1,1,1
351,7022,34 1,1,1
38,14,2159,31,37,5771,37,18,404,37,84,14,268,4056,10,4317,23443,3068 1,1,1,1,1,1,1,1,1,1,1,1,1,1,1,1,1,1
459,70,478,34 1,1,1,1
18,176,50,106,149,3348,2362,10349 1,1,1,1,1,1,1,1
92,285,6,2189,7,31,23444,38,478,5,6634,4009,2916,23445,271,15,2647,4310 1,1,1,1,1,1,1,1,1,1,1,1,1,1,1,1,1,1
3399,1639,1213,2865 1,1,1,1
19,15,275,3191 1,1,1,1
47,227,23,106,502,7,721,2590 1,1,1,1,1,1,1,1
4727,3407,8815,2,96 1,1,1,1,1
23446,4776,2,4175,46,8814,36,51,36,1452,854,2,2682,800,4,14146,827,4,23447,818,4,14146,232,2819,48,31,177,42,240,1741,232 1,1,1,1,1,1,1,1,1,1,1,1,1,1,1,1,1,1,1,1,1,1,1,1,1,1,1,1,1,1,1
