69,49,4,23499,507,10672,23500,538,581,17,101,4,103,2818,4452,947,15,244,675,10674,6047,2684,19,6707,957,30,4,84,14,15,1068,930,1256,5306,12,356,103,23,2818,4452,19,6707,947,15,244,675,10674,6047,2684 1,1,1,1,1,1,1,1,1,1,1,1,1,1,1,1,1,1,1,1,1,1,1,1,1,1,1,1,1,1,1,1,1,1,1,1,1,1,1,1,1,1,1,1,1,1,1,1,1
23,30,14,85,23501,17,103,2708,6,465,117,4694,478,162,17,4769,5514,12,10675,2,975,62,1705,2,670,2,116,5,1899 1,1,1,1,1,1,1,3,1,1,1,1,1,1,1,1,1,1,1,1,1,1,1,1,1,1,10,1,16
18,14,448,57,65,6,91,23502,37,23,5222,74,50,476,12,3043,5,23503,6456,23504,2,5,88,87,241,1030,2192 1,1,1,1,1,1,1,1,1,1,1,1,1,1,1,1,1,1,1,1,1,1,1,1,1,1,1
18,113,2,278,2,1305,15,3932,1652,9,404,32,645,23,392,14,12,15,23505,1643,8,2,222,31,50,13954 1,1,1,1,1,1,1,1,1,1,1,1,1,1,1,1,1,1,1,1,1,1,1,1,1,1
18,113,50,15,299 1,1,1,1,1
7,2831,2,5,267,37,18,21,31,39,153,136,23,4452 1,1,1,1,1,1,1,1,1,1,1,1,1,1
18,14,947,1165,174,199,1853 1,1,1,1,1,1,1
1886,84,14,4620,6,771,677 1,1,1,1,1,7,7
78,89,30,4,161,14157,3093,640,478,162,13,160,7,180,6005,1622,7,23,602,28,11,150,2919,571,3245 1,1,1,1,1,1,1,1,1,1,1,1,1,1,1,1,1,1,1,1,1,1,1,1,1
314,5609,3750 1,1,1
103,3126,13,14158,1914,36,14159,165,2818,13,817,70,10,52,6215,186,975,62,1705,9,314,576,10,5843,1181,8,249,4769,5514,157,478,28,103,4694,545,955,14160,351,176,14161,9747,201,42,58,5629,36,11,1388,865,459,685,636,1899,843,116,1038,1336,9,333,425,8,36,1098,251,17,173,102,831,1065,103,2000,2542,1552,216,350,300,1233,1718,670,137,4,4968,36,484,77,9,941,8,4,2030,3273,172,5051,25,59,493,210,130,22,82,933,25,82,771,677,244,22,82,14162,3273,138,128,30,4,477,4,587,27,982,36,1023,335,603,4,587,27,1645,36,314,1334 3,3,1,1,1,1,1,1,1,1,1,1,1,1,1,1,1,1,1,1,1,1,1,1,1,1,1,1,1,1,1,1,1,1,1,1,1,1,1,1,1,1,1,1,1,1,1,1,1,1,1,1,16,1,10,1,4,1,1,1,1,1,1,1,1,1,1,1,1,1,1,1,1,1,1,1,1,1,1,1,1,1,1,1,1,1,1,1,1,1,1,11,1,1,1,1,12,1,1,1,1,1,1,7,1,1,1,1,1,1,1,1,1,1,1,1,1,1,1,1,1,1,1,1,1,1,1,1,1,1
299,7,120,2,670,2843,4,579,2843,36,192,3410,5,57,179,30,4,3663 1,1,1,1,1,1,1,1,1,1,1,1,1,1,1,1,1,1
102,4692,726 1,1,1
1230,27,8818,14163,2,8817,17,14164,14165 1,1,1,1,1,1,1,1,1
671,4,130,1854,2253,299,2,706,297,478,14166,5051,430,4,152,352,4,11,4492,352,333,4,11,2692,333,3907,4,51,10163,163,7,213,4,11,1251,2,618,2,4423,26,892 1,1,1,1,1,1,1,8,1,1,1,1,1,1,1,1,1,1,1,1,1,1,1,1,1,1,1,1,1,1,1,1,1,1,1,1,1,1,1,1,1
11,299,7,23506,93,122,4,3127,4,6157,43,2,252,328,1669,4,1390,764,3387,4,1174,12 1,1,1,1,1,1,1,1,1,1,1,1,1,1,1,1,1,1,1,1,1,1
2497,4,3177,727 1,1,1,1
1750,4,2958,2,12,436,1751,4,330 1,1,1,1,1,1,1,1,1
487,75,879,28,5309 1,1,1,1,1
625,171,13,199,3560,5,11,229 1,1,1,1,1,1,1,1
1670,4,226,53,90,10,452,1876,1515,4,1424,2624,14,2428 1,1,1,1,1,1,1,1,1,1,1,1,1,1
145,5,212,135 1,1,1,1
246,253,86,10582 1,1,1,1
1671,4,43,300,302 1,1,1,1,1
375 1
11,953,26,541,2171,1139 1,1,1,1,1,1
1635,4,531,4,619,2,682,2,11,79,1602,4,13631,2142,147,4,23507 1,1,1,1,1,1,1,1,1,1,1,1,1,1,1,1,1
150,467,4,23508,4,1271,676,68,14,11,160,7,1271,676,4031 1,1,1,1,1,1,1,1,1,1,1,1,1,1,1
68,14,149,1271,2075,42,1947,5,3125,1681 1,1,1,1,1,1,1,1,1,1
52,3229,68,14,11,160,7,52,777,3217 1,1,1,1,1,1,1,1,1,1
541,676,2,1455,2,5343,68,14,11,160,7,3831,541,238 1,1,1,1,1,1,1,1,1,1,1,1,1,1
6,541,676,14,2371 1,1,1,1,1
68,14,11,160,7,541,776,42,1947,26,3125,1681 1,1,1,1,1,1,1,1,1,1,1,1
52,2037,6,52,719,3894,1118,14,43 1,1,1,1,1,1,1,1,1
6,52,719,653,496,14,667,43,1238 1,1,1,1,1,1,1,1,1
68,53,11,2002,3097,816,721,1113 1,1,1,1,1,1,1,1
68,14,15,14032,3074,667,6,1105,3894,71,14,15,43,8094 1,1,1,1,1,1,1,1,1,1,1,1,1,1
6,2124,872,1177,14,1211,41 1,1,1,1,1,1,1
2371,676,36,4566,2,3243,68,14,1947,5,3125,1681,160,7,149,2371,776 1,1,1,1,1,1,1,1,1,1,1,1,1,1,1,1,1
305,676,2,8229,2,8230 1,1,1,1,1,1
68,14,160,7,617,305,776,42,1947,5,3125,1681 1,1,1,1,1,1,1,1,1,1,1,1
6,1748,653,94,20,2124,65,6,23509,2371,4933,9,6965,63,628,94,7,23510,8 1,1,1,1,1,1,1,1,1,1,1,1,1,1,1,1,1,1,1
6,2124,1748,653,94,14,2108,2142 1,1,1,1,1,1,1,1
70,2037,6,70,2037,14,31,1425 1,1,1,1,1,1,1,1
6,70,719,653,496,14,667,43,1238 1,1,1,1,1,1,1,1,1
14167,6362,2,9585,6362,68,53,264,8750,1264,6,14167,6362,1126,15,4452,2684 1,1,1,1,1,1,1,1,1,1,1,1,1,1,1,1,1
6,893,7,6,2684,14,373,1126,63,6047,2684 1,1,1,1,1,1,1,1,1,1,1
68,14,160,7,15,861,4178,4772,42,3377,4337,1641,117,6292,8445 1,1,1,1,1,1,1,1,1,1,1,1,1,1,1
3244,76,5,8030,342,68,14,11,160,7,3244,1205 1,1,1,1,1,1,1,1,1,1,1,1
6318,1323,10,6,444,7,23511,2,68,14,2348,4870,13,6,6292,23512 1,1,1,1,1,1,1,1,1,1,1,1,1,1,1,1
242,5,114,4,12,1246,2,4438,14,15,4293,528,103,729,743,2,218,6,772,7,5609,3750,1896,15,817,2818,2,5,103,4452,7,23,2818,19,6707,947,15,244,675,10674,6047,2684 1,1,1,1,1,1,1,1,1,1,1,1,1,1,1,1,1,1,1,1,1,1,1,1,1,1,1,1,1,1,1,1,1,1,1,1,1,1,1,1,1,1
18,14,448,57,65,6,91,3486,2,5,88,87,241,1030,2192 1,1,1,1,1,1,1,1,1,1,1,1,1,1,1
712,1082,163,7,6,1134,68,14,15,617,4870,2563,6,2684,9,481,2351,2,316,117,6292,8,557,174,23513,6215 1,1,1,1,1,1,1,1,1,1,1,1,1,1,1,1,1,1,1,1,1,1,1,1,1,1
92,53,4678,10,954,5978,23,771,677,10,3315,33,2,12,63,2183,10,9270,23,1652,74 1,1,1,1,1,1,1,7,1,1,1,1,1,1,1,1,1,1,1,1,1
108,38,7734,23514,2,92,40,2390,15,408,7,230 1,1,1,1,1,1,1,1,1,1,1,7
92,1061,13,7209,7,23,211,364,5,40,125,23,12,356,17,23,259,376,1207,12,1215,174,63,704,174,8823 1,1,1,1,1,1,11,1,1,1,1,1,1,1,1,1,1,1,1,1,1,1,1,1,1,1
142,10,77,38,101,493,32,575,1273,4,23515,2329,17,429,282,36,2458,2030,3273,1776,59,771,677,1247,22,82,172,370,22,82,5125,8824,2,195,705,46,14168,2495,42,4,14169,495,12720,384,4,14170,6679,9,440,8,681,809,42,5125,8824,2,195,1655,139,4,678 1,1,1,1,1,1,1,1,1,1,1,1,1,1,1,1,1,1,1,1,1,7,1,1,1,1,11,1,1,1,1,1,1,1,1,1,1,1,1,1,1,1,1,1,1,1,1,1,1,1,1,1,1,1,1,1,1,1,1,1,1
