69,49,4,23516,507,10672,9633,538,536,4,103,2818,4452,947,15,244,675,23517,6047,2684,19,6707,828,58,6679,4,84,14,15,1068,930,1256,5306,12,207,100,103,23,2818,4452,19,6707,947,15,244,675,14171,6047,2684 1,1,1,1,1,1,1,1,1,1,1,1,1,1,1,1,1,1,1,1,1,1,1,1,1,1,1,1,1,1,1,1,1,1,1,1,1,1,1,1,1,1,1,1,1,1,1,1,1
23,30,14,85,182,17,786,2708,6,465,117,4694,478,162,17,4769,5514,12,10675,2,975,62,1705,2,670,2,116,5,1899 1,1,1,1,1,1,1,3,1,1,1,1,1,1,1,1,1,1,1,1,1,1,1,1,1,1,10,1,16
18,14,448,57,65,6,91,3486 1,1,1,1,1,1,1,1
18,589,10,99,15,1600,2,9664,4739,48,416,37,472,50,9788,23518,12,1819,191,6,159 1,1,1,1,1,1,1,1,1,1,1,1,1,1,1,1,1,1,1,1,1
18,113,444,2,278,2,37,18,1220,10,99,8207,2,9664,534,7,44,34,71,321,173,35,376,146 1,1,1,1,1,1,1,1,1,1,1,1,1,1,1,1,1,1,1,1,1,1,1,1
18,687,37,42,6,95,18,403,1886,173,290,15,1160,1837,348,2,6,34,21,660 1,1,1,1,1,1,1,1,1,1,1,1,1,1,1,1,1,1,1,1
23,561,604,23519,178 1,1,1,9,9
182,4650,12,6,5663,7,6,602 1,1,1,1,1,1,1,1
6,525,602,27,6,158,1388,1331,1423,43 1,1,1,1,1,1,1,1,1,1
18,88,87,241,1030,2192,26,1274 1,1,1,1,1,1,1,1
7,99,2,18,821,37,15,451,236,158,10,696,7,44,34,18,1220,309,428 1,1,1,1,1,1,1,1,1,1,1,1,1,1,1,1,8,8,8
18,20,309,83,23520,2,5,21,795,136,8109,151,18,5331,23,5051,522,114 8,8,8,8,8,8,8,8,8,8,8,1,1,1,1,1,1,1
1082,97,5642,1001,1835,2519,19,23521,4,1462,4,3522,2,940,4,5437,11,3842,26,544,166 1,1,1,1,1,1,1,1,1,1,1,1,1,1,1,1,1,1,1,1,1
18,21,39,38,2304,136,5,14,537,453,42,58,8491 1,1,1,1,1,1,1,1,1,1,1,1,1
92,2957,13,544,913,7,75,1179,28,879,28,3816,78,89,30,4,14157,3093,640,478,162,13,160,7,180,6005,1622,7,23,602,28,11,150,2919,571,3245 1,1,1,1,1,1,1,1,1,1,1,1,1,1,1,1,1,1,1,1,1,1,1,1,1,1,1,1,1,1,1,1,1,1,1,1
314,5609,3750 1,1,1
103,3126,13,14158,1914,36,14159,2818,13,817,70,10,52,6215,975,62,1705,9,314,576,10,5843,1181,8,4769,5514,157,478,28,103,4694,545,955,14160,176,14161,9747,201,42,58,5629,36,11,1388,865,685,1899,116,1336,9,333,425,8,36,1098,251,17,173,102,831,103,2000,2542,216,350,300,1233,670,142,10,137,3497,36,1566,4,484,206,177,208,128,30,4,477,4,587,27,982,36,1023,335,603,4,587,27,1645,36,314,1334 3,3,1,1,1,1,1,1,1,1,1,1,1,1,1,1,1,1,1,1,1,1,1,1,1,1,1,1,1,1,1,1,1,1,1,1,1,1,1,1,1,1,1,1,1,1,16,10,4,1,1,1,1,1,1,1,1,1,1,1,1,1,1,1,1,1,1,1,1,1,1,1,1,1,1,1,1,1,1,1,1,1,1,1,1,1,1,1,1,1,1,1,1,1,1,1,1,1
299,7,120,2,670,2843,4,579,2843,36,192,3410,5,57,179,30,4,3663 1,1,1,1,1,1,1,1,1,1,1,1,1,1,1,1,1,1
102,4692,726 1,1,1
1230,27,8818,14163,2,8817,17,14164,14165 1,1,1,1,1,1,1,1,1
671,4,130,1854,2253,299,2,706,297,478,14166,5051,430,4,152,352,4,11,4492,352,333,4,11,2692,333,3907,4,51,10163,163,7,213,4,11,1251,2,618,2,4423,26,892 1,1,1,1,1,1,1,8,1,1,1,1,1,1,1,1,1,1,1,1,1,1,1,1,1,1,1,1,1,1,1,1,1,1,1,1,1,1,1,1,1
468,7,163,7,213,14,66,12,790 1,1,1,1,1,1,1,1,1
93,122,4,3127,4,4996,1799,2,634,328,1669,4,23522,764,2497,4,6025,727 1,1,1,1,1,1,1,1,1,1,1,1,1,1,1,1,1,1
2723,4,15,75,1179,28,1179,28,985,1094,1635,4,531,4,11,79,1671,4,43,300,302 1,1,1,1,1,1,1,1,1,1,1,1,1,1,1,1,1,1,1,1,1
375 1
11,953,26,541,2171,1139 1,1,1,1,1,1
1515,4,1424,2624,14,2428 1,1,1,1,1,1
145,5,212,135 1,1,1,1
246,253,86,10582 1,1,1,1
1670,4,226,53,90,10,452,1876,1751,4,330 1,1,1,1,1,1,1,1,1,1,1
487,75,1179,28,879,28,5309 1,1,1,1,1,1,1
625,171,13,199,3560,5,11,229 1,1,1,1,1,1,1,1
1978,4,1186,2,1125 1,1,1,1,1
1750,4,2958,2,12,436,1602,4,10536,2142,2302,4,619,2,822,2,86,690 1,1,1,1,1,1,1,1,1,1,1,1,1,1,1,1,1,1
147,4,764,2,23523 1,1,1,1,1
242,5,114,4,12,1246,2,4438,14,15,6384,528,103,729,743,2,218,6,772,7,5609,3750,1896,15,817,2818,2,5,103,4452,7,23,2818,19,6707,947,15,244,675,14171,6047,2684 1,1,1,1,1,1,1,1,1,1,1,1,1,3,3,1,1,1,1,1,1,1,1,1,1,1,1,1,1,1,1,1,1,1,1,1,1,1,1,1,1,1
18,836,185,65,6,91,3486,2,5,88,87,241,1030,2192 1,1,1,1,1,1,1,1,1,1,1,1,1,1
124,23,280,696,7,44,34,2,5,134,808,10,309,2,92,50,963,23,10,1171,309,5,750,1089,12,51,236,10,444,87,228,12,23,44,34 1,1,1,1,1,1,1,1,1,1,1,1,1,1,1,1,1,1,1,1,1,1,1,1,1,1,1,1,1,1,1,1,1,1,1
108,27,37,95,2,6,34,21,3367,92,40,1150,63,1066,86,908,28,108,23,34,21,660,13,309,2670,92,40,3691,23,10,207,100,13,23,440,10,126,13,309,2670,114 1,1,1,1,1,1,1,1,1,1,1,1,1,1,1,1,1,1,1,1,1,1,1,1,1,1,1,1,1,1,1,1,1,1,1,1,1,1,1,1,1
92,50,963,37,18,50,58,14170,6679,3271,1089,15,3503,7,23,373,134,1001,1835,17,1082,1276,5,50,23524,6,544,913,7,553,271,204,17,576,2643,7,2753 1,1,1,1,1,1,1,1,1,1,1,1,1,1,1,1,1,1,1,1,1,1,1,1,1,1,1,1,1,1,1,1,1,1,1,1,1
92,50,963,23,10,1150,15,1194,86,8823,17,1082,1894,163,2,5,40,750,23,631,472,457,53,1509,10,1089 1,1,1,1,1,1,1,1,1,1,1,1,1,1,1,1,1,1,1,1,1,1,1,1,1,1
92,1061,13,7209,7,23,211,364,5,40,125,23,12,207,100,1207,12,35,200,13,983,1194,86,8823 1,1,1,1,1,1,11,1,1,1,1,1,1,1,1,1,1,1,1,1,1,1,1,1
560,1363,9,941,8,941,36,2030,3273,1776,59,36,172,370,22,82,36,933,25,82,60,153,1719,297,6,523,1794,7,6,107,36,635,1668,25,506,36,14162,3273,138,56,56,56,56,56,56,56,56,56,56,56,56,56,56,56,56,56,56,56,56,56,56,56,56,56,56,56,56,56,56,1983,36,210,130,22,82,1224,968,1817,4,1194,86,8823,84,20,15,1068,930,552,5306,12,961,80 1,1,1,1,1,1,1,1,1,1,1,1,11,1,1,1,1,1,1,1,1,1,1,1,1,1,1,1,1,1,1,12,1,1,1,1,1,1,1,1,1,1,1,1,1,1,1,1,1,1,1,1,1,1,1,1,1,1,1,1,1,1,1,1,1,1,1,1,1,1,1,12,1,1,1,1,1,1,1,1,1,1,1,1,1,1,1,1,1,1,1,1
361,273,31,2899,10,750,13,87,241,23525 1,1,1,1,1,1,1,1,1,1
1027,2,5125,8824,195,2495,42,4,14169,495,14172,681,809,42,5125,8824,2,195,705,46,14168,1655,139,4,678 1,1,1,1,1,1,1,1,1,1,1,1,1,1,1,1,1,1,1,1,1,1,1,1,1
