67,54,4,28713,7663,318,1141,112,4002,3,4944,28714,112,54,4,28715,61,234,4,30,7,61,234,4,6,28,14,15,586,87,302,522,13,916,80,39,30,7,39,147,3,158,291,621,1391,918,3,209,854,3,209,774,411,3,30,7,209,798,1748,411,3,84,12,944,161,3,330,354,76,3,106,3,5,181,120,76 1,1,1,1,1,1,1,1,1,1,1,1,1,1,1,1,1,1,1,1,1,1,1,1,1,1,1,1,1,1,1,1,1,1,1,1,1,1,1,1,1,1,1,1,1,1,1,1,1,1,1,1,1,1,1,1,1,1,1,1,1,1,1,1,1,1,1,1,1,1,7,7,1,10,10,10
6,28,20,12,24,712,258,7,500,436,186,18,20,1005,43,5550,10,52,1242,5,5335 1,1,1,1,1,1,1,1,1,1,1,1,1,1,1,1,1,1,1,1,1
6,28,20,688,10,6,318,702,499 1,1,1,1,1,1,1,1,1
81,7,182,4,80,39,30,4,39,4,874,39,27,40,85 1,1,1,1,1,1,1,1,1,1,1,1,1,1,1
127,4,1765,5,1339 1,1,1,1,1
203,5,233,6310 1,1,1,1
206,30,5,150,30,4,102,101,4,807,16219,851,3,133,388,3,386,156,581,3,63,94,28716,3,702,737,1045,2229,42 1,1,1,1,1,1,1,1,1,1,1,1,1,1,1,1,1,1,1,1,1,1,1,1,1,1,1,1,1
227,4,1172,3,1121 1,1,1,1,1
1055,877,3,1554,3,5,1115,10,691,5,4232 1,1,1,1,1,1,1,1,1,1,1
136,332,5,396 1,1,1,1
48,4,2320,876 1,1,1,1
53,518,1116 1,1,1
214,4,1375,411,774 1,1,1,1,1
673,246 1,1
114,4,72 1,1,1
273,4,675 1,1,1
410,5,642,85,267 1,1,1,1,1
1056,44,3,628,44 1,1,1,1,1
457,172,4,349,7064,340,1598,12,230,4,6,28,20,138,247,907,5,41,52,162,10,6,39,594,17,1168 1,1,1,1,1,1,1,1,1,1,1,1,1,1,1,1,1,1,1,1,1,1,1,1,1,1
540,4,278,9,158,451,8,4,603,505,4,3442 1,1,1,1,1,1,1,1,1,1,1,1
566,9,158,534,748,261,8,4,18,20,162,12,500,534 1,1,1,1,1,1,1,1,1,1,1,1,1,1
1218,28717,28718,28719,533,43,4,28720,28721,3,107 1,1,1,1,1,1,1,1,1,1,1
28722,250,31,81,43,262,331,250 1,1,1,1,1,1,1,1
