67,54,4,28797,281,297,424,9963,39,599,404,17,112,903,7,2734,308,483 1,1,1,1,1,1,1,1,1,1,1,1,1,1,1,1,1,1
793,147,71,324,348,945,22,69 1,1,4,4,17,1,1,1
1190,3885,622,4510,22,32,12,1519,3,17,733,398,16230,903,733,398,99,129,476,3,16231,773,201,10,2383,312,19,353 1,1,21,1,1,1,1,1,1,1,1,1,1,1,1,1,1,1,1,1,1,1,1,1,1,1,1,1
631,16,14,4428,13,2728 1,1,1,1,1,1
287,236,141,22,32 15,12,1,1,1
572,60 1,1
144,903,520,3,897,3,5,5785 1,1,1,1,1,1,1,1
2112,580,5163,181,120,76,96,43,64,9964 1,1,1,10,10,10,1,1,1,1
2103,15,103,1843,477,8622,1135,8944,4479,3,5795,3,781,10,28798,207,124,3,688,10,9144 1,1,3,3,1,1,1,1,1,1,1,1,1,1,1,1,1,1,1,1,1
445,111,586,42,443,53,1264,29,388,42,637,309,29,388,42,671,2250,29,335,42,53,2075,29,171,42,671,1809,29,614,44 1,1,1,1,1,1,1,1,1,1,1,1,1,1,1,1,1,1,1,1,1,1,1,1,1,1,1,1,1,1
526,5874,556,466,9,2491,10,309,3,2250,3,2794,8 1,3,3,3,1,1,1,1,1,1,1,1,1
21,359,60,159,286 1,1,1,1,1
372,95,1011,1135,3225,111,62,4761,131,1362,1911,1472,3,51,3160,4412 1,1,1,1,1,1,1,1,1,1,1,1,1,1,1,1
1497 1
6984,4,557,1497 1,1,1,1
86,39,355,75,27,40,802,543,7,4621,340,3,1860,1796,3,5,1176,1707 1,1,1,1,1,1,1,1,1,1,1,1,1,1,1,1,1,1
1234,170,12,4977 1,1,1,1
132,28799,3,28800,226,7,184 1,1,1,1,1,1,1
1019,10596,43,812 1,1,1,1
96,43,64,9563,7,350,29,122,23,55 1,1,1,1,1,1,1,1,1,1
191,60,13,1092,3,3616 1,1,1,1,1,1
155,91,89 1,1,1
6984,4,95,343,13,2404,17,664,53,194,1443,1984 1,1,1,1,1,1,1,1,1,1,1,1
903,48,1793,72 1,1,1,1
116,46,538 1,1,1
155,57,91,19,77 1,1,1,1,1
86,903,13,350 1,1,1,1
49,1994,4546,3,959,167,3,5,3616,141,22,32 1,1,1,1,1,1,1,1,1,1,1,1
2043,992,76,607,19,3981,1475,5364,2319,340,21,68,420,3,51,21,31,68,244,2581 1,1,1,1,1,1,1,1,1,1,1,1,1,1,1,1,1,1,1,1
138,1033,1581,89 1,1,1,1
6984,4,640,37,1118,745,201,446 1,1,1,1,1,1,1,1
84,10,1384,171,22,32 1,1,1,1,1,1
8624,9965,417,61,13,2652,5,3009,3,11,174,116 1,1,1,1,1,1,1,1,1,1,1,1
241,72,17,28801 1,1,1,1
417,343,13,706,3,132,19,6983,3,191,60,97,116 1,1,1,1,1,1,1,1,1,1,1,1,1
96,43,64,7320 1,1,1,1
6984,4,11,301,26,2203,116 1,1,1,1,1,1,1
494,2237,483,3,824,12,794,6284,3,653,794,3184,3,1054,264,3,3514,3,1332,3,5,1669,569 1,1,1,1,1,1,1,1,1,1,1,1,1,1,1,1,1,1,1,1,1,1,1
144,972,3,3424 1,1,1,1
263,33,2332,127,1339,127,11,374,357,127,33,2332,308,39,8623,180,22,29,2848,4,49,36,27,1230,167,203,1026,906,752,872,752,1828,6983,12140,2485,1458,12141,4,29,2848,4,12142,1458,85,12143,27,421,105,770,2124,39,276,29,2848,4,2751,348,3217,501,22,29,2848,4,58,298,25,69,2671,276,236,515,25,32,622,6541,25,32,29,2848,4,49,13,1429,26,671,911,3797,2862,36,1681,105,1405,1314,25,167,737,1863,274,279,69,218,108,22,25,32,3616,515,25,32,1994,6172,1318,1096,69,959,1092,1096,29,2848,4,58,1222,892,167,1384,171,22,25,32,29,2848,4,191,31,5385,84,12,340,5,2081,1994,6172,1318,1096,69,126,4,28802,1384,171,22,25,32,191,31,5385,1705,1407,126,4,6984,1723,501,22,25,32,11323,9520,4627,126,4,16232,1182,4,6984,33,2332,4228,1392,28803,25,1869,167,12144,14027,4368,4627,126,4,16232,1182,4,28804,33,2332,1118,378,25,69,28805,552,397,1429,3,2204,4250,1407,126,4,16233,1182,4,6984,33,2332,80,39,30,1234 1,1,1,1,1,1,1,1,1,1,1,1,1,1,1,1,1,1,1,1,1,1,1,1,1,11,1,1,1,1,1,1,1,1,1,1,1,1,1,1,1,1,1,1,1,1,1,1,1,1,1,1,1,1,1,1,17,1,1,1,1,1,1,1,1,1,1,1,1,12,1,1,1,21,1,1,1,1,1,1,1,1,1,1,1,1,1,1,1,1,1,1,1,1,1,1,1,9,1,1,13,1,1,1,1,1,1,1,1,1,1,1,1,1,1,1,1,1,1,1,1,1,1,1,1,1,1,1,1,1,1,1,1,1,1,1,1,1,1,1,1,1,1,1,1,1,1,1,1,1,1,1,1,1,1,1,1,1,1,1,1,1,1,1,1,1,1,1,1,1,1,1,1,1,1,1,1,1,1,1,1,1,1,1,1,1,1,1,1,1,1,1,1,1,1,1,1,1,1,1,1,1,1,1,1,1,1,1,1,1,1,1,1,1,1,1,1,1,1
854,1306,6929,70,4818,893 1,1,1,1,1,1
3139,82,771,3,161,315,12145 1,1,1,1,1,1,1
1345,1416,4569,150,30,11,374,150,30,7,623,373 1,1,1,1,1,1,1,1,1,1,1,1
661,208,46,38,1759,779,1271 1,1,1,1,1,1,1
206,30,17,8621,3,7523,12,12146,3,132,919 1,1,1,1,1,1,1,1,1,1,1
896,4067,3,267,727,66,671,4067 1,1,1,1,1,1,1,1
288,27,1376,544,85,135,113,3,712,939 1,1,1,1,1,1,1,1,1,1
3415 14
11,173,541 1,1,1
540,5,2455,838,161,315,257,28806,259,2181,81,7,182,598,263,1166,7,5126,91,4851,1181 1,1,1,1,1,1,1,1,1,1,1,1,1,1,1,1,1,1,1,1,1
11,249,3,970,3,140,314,3,1393,3,1968,3,678,84,3,2203,590,3,407,3,226,7,184,3,48,453,3,418,3,1654,3,291,34,3,375,3,446,3,779,432,3,1366,3,796,3,1235,3,595,474,3,26,725 1,1,1,1,1,1,1,1,1,1,1,1,1,1,1,1,1,1,1,1,1,1,1,1,1,1,1,1,1,1,1,1,1,1,1,1,1,1,1,1,1,1,1,1,1,1,1,1,1,1,1,1
102,101,63,94,3811,140,1840,624,207,197,11,199,342,196,11,277,26,2432,227,100,4642,5695 1,1,1,1,1,1,1,1,1,1,1,1,1,1,1,1,1,1,1,1,1,1
863 1
665 1
11,2662,2036 1,1,1
2369,703,136,11,240,3,687,985,3,26,216,222 1,1,1,1,1,1,1,1,1,1,1,1
44,216,1700,638,11,875,26,2109,1189,48,6209,10,1051 1,1,1,1,1,1,1,1,1,1,1,1,1
232,100,737,656,13,1736,184,327 1,1,1,1,1,1,1,1
11,407,3,1065,3,26,1116,720,145,156,5,239 1,1,1,1,1,1,1,1,1,1,1,1
11,213,3,502,3,26,561,214,152,5,396 1,1,1,1,1,1,1,1,1,1,1
11,1061,26,240,114,11,93 1,1,1,1,1,1,1
11,1850,3327,3532,11,1044,26,690,246,566,122,271,12,544,16234 1,1,1,1,1,1,1,1,1,1,1,1,1,1,1
2227,127,143,81 1,1,1,1
55,2687,43,1987,594,3197,1861,208,52,61 1,1,1,1,1,1,1,1,1,1
12147,867,17,5930,3,4731,19,3837,36,3,2560,3,208,52,9924,1988,3509,1861 1,1,1,1,1,1,1,1,1,1,1,1,1,1,1,1,1,1
