69,49,4,23613,2229,1865,2,2682,58,6050,378,325,1124,10093,7942,536,4,8758,2,23614,10682,1045,46,23615,828,58,6050,4,47,39,6,1068,7,930,1034,29,2,287,8758,2,12,961,17,534,7,366,2,12,6,644,7,1284,2,2338,1002,2,7600,8832,5,1778,164,76 18,1,1,1,1,1,1,1,1,1,1,1,1,1,1,1,1,1,1,1,1,1,1,1,1,1,1,1,1,1,1,1,1,1,1,1,1,1,1,1,1,1,1,1,1,1,1,1,1,1,1,1,1,1,1,1,1,1,1,1,9,9
16,267,37,24,6373,7,23616,939,11983,50,986,10,55,7038,12,4306,2,3765,553,271,631,15,223,5,1863,316,866,248,236 1,1,1,1,1,1,1,1,1,1,1,1,1,1,1,1,1,1,1,1,1,1,1,1,1,1,1,1,1
2132,14,1104,13,13266,14189,534,151,16,1553,1618,2,48,11,860,13,6,8582,7,150,10215 1,1,1,1,1,1,1,1,1,1,1,1,1,1,1,1,1,1,1,1,1
11,250,2,7133,2,197,445,79,2,44,34,26,44,2245 1,1,1,1,1,1,1,1,1,1,1,1,1,1
11,1002,115 1,1,1
10086,3660,5,8833,2,1540,12,6,465,2,50,61,373,14190,12,6,78,363,198 1,1,1,1,1,1,1,1,1,1,1,1,1,1,1,1,1,1,1
16,23617,24,6814,10,23618,2,5,39,316,248,123,151,16,39,15,1450,7,3037,3660 1,1,1,1,1,1,1,1,1,1,1,1,1,1,1,1,1,1,1,1
77,4,2030,2,6198,2,153,2411,1190 1,1,1,1,1,1,1,1,1
9,589,6,109,1154,194,838,8,28,184,28,230,28,6051,28,310,28,11,8124,1808,1836 1,1,1,1,1,1,1,1,1,13,1,7,1,1,1,20,1,1,1,1,1
19,122,2,16,14,24,1054,23619,3206 1,1,1,1,1,1,1,1,1
67,94,14,4575,2,372,145,564,5,2284,2,118,145,1516,5,135 1,1,1,1,1,1,1,1,1,1,1,1,1,1,1,1
3026,53,90 1,1,1
3735,375 1,1
850,23620,53,7830,48,86,2715 1,1,1,1,1,1,1
1290,4,149,23621,12,6,806,2444,2,48,68,129,11,4277,2561 1,1,1,1,1,1,1,1,1,1,1,1,1,1,1
11,3085,26,1289 1,1,1,1
168,4,43,7099 1,1,1,1
44,4,43,1043,99,2,4622,12465,7,6,3719,5900,86,4277,856 1,1,1,1,1,1,1,1,1,1,1,1,1,1,1
91,4,5889,91,2624,2,3475,653,751,10,2061,653,417,27,6,1709,2,487,614,601,13,1295,6272,2,11,1093 1,1,1,1,1,1,1,1,1,1,1,1,1,1,1,1,1,1,1,1,1,1,1,1,1,1
187,4,133,2,11728,2,375,2,11,953,26,693 1,1,1,1,1,1,1,1,1,1,1,1
217,4,11,673,2,720,26,79 1,1,1,1,1,1,1,1
181,4,57,11794 1,1,1,1
305,496,968,80,1035,23622,7,6,4985,65,23623,3128,19,14191,10,23624,3128,2,1084,10,6,23625,5818,4036,7,23626,2,13,63,5817,37,21,476,65,12371,19,14191,10,3480,3128,110,2,598,13,63,23627,7,316,3240,2177,23628,205,609,80,2,42,784,163,36,15,5426,1016,12,6,5075,70,1709,2,829,3855,13583,12,6,5075,52,197,1548,2,139,304,23629,13,1006,3659,7,6,164,1469 1,1,1,1,1,1,1,1,1,1,1,1,1,1,1,1,1,1,1,1,1,1,1,1,1,1,1,1,1,1,1,1,1,1,1,1,1,1,1,1,1,1,1,1,1,1,1,1,1,1,1,1,1,1,1,1,1,1,1,1,1,1,1,1,1,1,1,1,1,1,1,1,1,1,1,1,1,1,1,1,1,1,1,1,1,1,1,1
320,4,4912,366,239,10,1284,2,13,3304,1536,3339,139,5,490,7,24,23630,5,6257,2,13,6,23631,12,305,496,19,1011,14192,57,13,15,1234,383,12,6,1277,7,24,847,534,2,490,7,6,1284,5,137,2,16,176,1525,65,4180 1,1,1,1,1,1,1,1,1,1,1,1,1,1,1,1,1,1,1,1,1,1,1,1,1,1,1,1,1,1,1,1,1,1,1,1,1,1,1,1,1,1,1,1,1,1,1,1,1,1,1,1,1,1,1
2107,149,5395,2338,1002 1,1,1,1,1
958,164,76,2,139,304,3291,1526,5,3095 9,9,9,1,1,1,1,1,1,1
7600,2,4594,7047 1,1,1,1
158,2845,74,740 1,1,1,1
1348,4,126,2030,27,6,231,262 1,1,1,1,1,1,1,1
2390,7,4180,2,109,22,327 1,1,1,1,1,1,1
1647,2946,252,4552,17,2933,15,23632,1836,2109,23633,1900 1,1,1,1,1,1,1,1,1,1,1,1
126,352,1763 1,1,1
808,101,12,497,198,13,305,496,968,27,37,95 1,1,1,1,1,1,1,1,1,1,1,1
84,21,61,15,1068,10,2011,12,24,203 1,1,1,1,1,1,1,1,1,1
1027,1928,2,23634,2833,10683,2,96 1,1,1,1,1,1,1,1
23635 1
