67,54,4,28852,153,278,594,12856,3440,39,599,28,4,5220,3,3068,509,4,16240,153,262,4,64,8399,168,54,4,16250,278,54,4,16250,404,17,278,4,626,153,2219 1,1,1,1,1,1,1,1,1,1,1,1,1,1,1,1,1,1,1,1,1,1,1,1,1,1,1,1,1,1,1,1,1,1,1,1,1,1,1
1962,4466,66,1537,9,3745,967,8,10,8626,9,208,853,8,30,7,61,328,4,40,14,15,1483,87,302,358,13,15,403,7,212,110,619,28853,3,121,20,510,19,28854,66,153,64,5454,3,28855,27,6,1935,8317,124,10,64,8399,27,9966,17,1435,626,153,2219 1,1,1,1,1,1,1,1,1,1,1,1,1,1,1,1,1,1,1,1,1,1,1,1,1,1,1,1,10,10,10,10,3,3,1,1,1,1,1,1,1,1,1,1,1,1,1,1,1,1,1,1,1,1,1,1,1,1,1,1,1
16,14,62,28856,13,1559,1518,8410,6,444,7,153,120,35,275,12,95,2138 1,1,1,1,1,1,1,1,1,1,1,1,1,1,1,1,1,1
12,6,80,62,1101,562,120,15550,20,5273,4615,290,10,270,404 1,1,1,1,1,1,1,1,1,1,1,1,1,1,1
866,16,526,267,103,1617,12150,1396,53,3175,5,2916,1459,120,3764 1,1,1,1,1,1,1,1,1,1,1,1,1,1,1
23,347,21,13764,66,472,7,1537,9,3745,967,3,315,619,8,10,8626,9,208,853,8 1,1,1,1,1,1,1,1,1,1,1,1,1,3,1,1,1,1,1,1,1
16,90,49,88,2574 1,1,1,1,1
16,704,37,16,20,126,19,4725,315,164,3,51,20,31,1671,223,37,1488 1,1,1,1,1,1,1,1,1,1,1,1,1,1,1,1,1,1
64,5454,242,62,3131,570,10,192,23,153,120,75,20,508,7,365,1616,260,7,153,120,19,394,518 1,1,1,1,1,1,1,1,1,1,1,1,1,1,1,1,1,1,1,1,1,1,1,1
159,2932,1622,27,28857,143,31,9967,10,191,153,28858,12150,1396,1459,120,3764,3,28859,510,293,5220,10,9966,17,1631,7,153,1156 1,1,1,1,1,1,1,1,1,1,1,1,1,1,1,1,1,1,1,1,1,1,1,1,1,1,1,1,1
16,21,98,773,201,10,1285,4725,5,10,28860,452,9,28861,4,1924,8,28862,7,1399,1156 1,1,1,1,1,1,1,1,1,1,1,1,1,1,1,1,1,1,1,1,1
16,640,7,725,34,12,394,248,13,53,248,442,2916,248 1,1,1,1,1,1,1,1,1,1,1,1,1,1
16,2233,34,19,380,19,53,1346,3,1423,5,2921 1,1,1,1,1,1,1,1,1,1,1,1
16,640,7,916,1892,975,474,75,912,9132,473,384,444 1,1,1,1,1,1,1,1,1,1,1,1,1
16,14,307,19,504,380,5,391,13,117,2347 1,1,1,1,1,1,1,1,1,1,1
16,98,21,128,623,116,13,500,798,5183,3,1206,2314 1,1,1,1,1,1,1,1,1,1,1,1,1
80,39,30,4,212,110,619,19,12151,1923,1924,1395,142,287,881,9,1559,1518,8,35,9,621,28863,8,1283,39,4,790,2305,2022,105,274,672,69,348,782,846,105,252,1026,105,289,549,105,3,236,549,105,167,2415,515,105,167,150,30,4,11,30,7,153,76,12,150,206,30,4,920 1,1,1,1,10,10,3,1,1,1,1,4,7,15,1,1,1,1,1,1,1,1,1,1,1,1,1,1,1,1,1,9,1,1,17,1,1,1,11,1,1,1,1,1,1,12,1,1,1,62,1,1,1,1,1,1,1,1,1,1,1,1,1,1,1,1,1
1333,17,215,87 46,46,46,46
81,7,182,4,35,270 1,1,1,1,1,1
11,48,34,3,453,3,418,3,307,3,2836,84,3,291,34 1,1,1,1,1,1,1,1,1,1,1,1,1,1,1
16,55,131,598,188,34 1,1,1,1,1,1
316,205,4,7109,215,16251,125,967,42,19,28864,2284,4,1327,1633,9,28865,28866,8,102,101,4,207,4,60,197,227,4,1852,3,665,136,4,11,222,196,4,11,277,3,44,3930,48,4,1304,130,4,455,3,11,3091,362,4,396,3,1747,3,44,308,326,327,3,11,969,531,4,217,93,12,194,114,9132,384,444 1,1,1,1,1,1,1,1,1,1,1,1,1,1,1,1,1,1,1,1,1,1,1,1,1,1,1,1,1,1,1,1,1,1,1,1,1,1,1,1,1,1,1,1,1,1,1,1,1,1,1,1,1,1,1,1,1,1,1,1,1,1,1,1,1,1,1,1,1,1,1,1,1,1
100,443,562,3,1100,3,2367,2245,5,789,1591,133,31,777 1,1,1,1,1,1,1,1,1,1,1,1,1,1
415,197,3167,5,11761,12,197,13,416,2308,12,3183,878 1,1,1,1,1,1,1,1,1,1,1,1,1
295,434,705,592,869,769,5253,1952,3337,9,294,8,2327,1651,5253,2451,2482,9,294,8,2667,900,5948,1840,3156,2421,1651,434,392,888,1680,870,5253,2054,9,294,8,16252,9,294,8,856,257,36,259,2019,9,294,8,5253,382,9,294,8,12152,9,294,8,558,257,58,259,2667,5948,447,9,294,47,8,8626,9,294,47,8,558,257,117,259,4671,9,294,8,434,1568,5253,539,5253,929,5948,539,434,399,22,1077,1506,5253,2902,5253,3328,2282,5948,3047,2416,3259,434,1388,1938,5948,1853,2545,434,1565,1527,1566,1077,5948,180,1469,382,2416,434,349,734,560,333,5253,28867,28868,9,294,8,3328,9,294,8,7546,9,294,8,5948,28869,8363,9,294,47,8,3390,9,294,47,8,16253,9,294,8,434,653,786,823,536,5253,28870,9,294,8,4680,9,294,8,5321,9,294,8,4770,5948,28871,9,294,47,8,6387,9,294,8,5893,5078,9,47,8,434,795,5253,12153,9,294,8,5948,10616,9,294,47,8,192,4,626,153,1029,12,6,481,7,170,100,153,120,260,17,1631,7,28872,76 1,1,1,1,1,1,1,1,1,1,1,1,1,1,1,1,1,1,1,1,1,1,1,1,1,1,1,1,1,1,1,1,1,1,1,1,1,1,1,1,1,1,1,1,1,1,1,1,1,1,1,1,1,1,1,1,1,1,1,1,1,1,1,1,1,1,1,1,1,1,1,1,1,1,1,1,1,1,1,1,1,1,1,1,1,1,1,1,1,1,1,1,1,1,1,1,1,1,1,1,1,1,1,1,1,1,1,1,1,1,1,1,1,1,1,1,1,1,1,1,1,1,1,1,1,1,1,1,1,1,1,1,1,1,1,1,1,1,1,1,1,1,1,1,1,1,1,1,1,1,1,1,1,1,1,1,1,1,1,1,1,1,1,1,1,1,1,1,1,1,1,1,1,1,1,1,1,1,1,1,1,1,1,1,1,1,1,1,1,1,1,1,1,1,1,1,1,1,1,1,1,1,1,1,1,1,1,1,1,1,1,1,1,1,1,1,1,1,1,1,1
104,4,176,23,2138,7,214,20,81,13,16254,3,9966,2932,499 1,1,1,1,1,1,1,1,1,1,1,1,1,1,1
1518,14,2672,1559,8410,6,444,7,394,861 1,1,1,1,1,1,1,1,1,1
1236,153,120,260,55,12,394,861 1,1,1,1,1,1,1,1
394,637,5,443,260,55,12,6,2916,153,120 1,1,1,1,1,1,1,1,1,1,1
394,861,197,44,12,978,6278,5,5081,632 1,1,1,1,1,1,1,1,1,1
16254,14,6601,37,153,1156,550,52,359,422,3720,868,1459,120,2943 1,1,1,1,1,1,1,1,1,1,1,1,1,1,1
178,119,46,1066,16255,3,354,2792,10,299,23,16256,19,6,160,17,591,16257,7,764,10,8302,23,248,66,2528,325,12,6,1398 1,1,1,1,1,1,1,1,1,1,1,1,1,1,1,1,1,1,1,1,1,1,1,1,1,1,1,1,1,1
134,470,3,1153,16,237,1255,66,591,16257,7,6,861 1,1,1,1,1,1,1,1,1,1,1,1,1
119,57,2033,23,28873,3504 1,1,1,1,1,1
195,28,28874,37,153,1617,329,1156,12150,1396,1459,120,2798,92,2133,341 1,1,1,1,1,1,1,1,1,1,1,1,1,1,1,1
341,7,393,3563,3,1462,1383,3,120,1373,3,341,7,268,3604,7,23,861,400,1036,10,871,417,7,820,57,1509 1,1,1,1,1,1,1,1,1,1,1,1,1,1,1,1,1,1,1,1,1,1,1,1,1,1,1
313,28,190,37,92,4876,49,15,4292,10,1468,6,861,66,627,1435,43,1101,28875 1,1,1,1,1,1,1,1,1,1,1,1,1,1,1,1,1,1,1
253,119,41,564,153,1321,10,465,1370,23,861,5,10,826,319,88,756,6467,35,6,646,7,153,1029 1,1,1,1,1,1,1,1,1,1,1,1,1,1,1,1,1,1,1,1,1,1,1,1
346,134,28,14,530,17,2932,153,28876,3,286,16,41,160,1462,1155 1,1,1,1,1,1,1,1,1,1,1,1,1,1,1,1
119,41,81,201,1560,13,16255,82,16256 1,1,1,1,1,1,1,1,1
2929,16227,3855,3311,28877,9,13003,8,28878,153,1933,50,46,221,5,101,6,28,956,89,3,5,46,81,23,509,264,13,1340,12,10375,50,740,13,609,3855,82,2324 1,1,1,1,1,1,1,1,1,1,1,1,1,1,1,1,1,1,1,1,1,1,1,1,1,1,1,1,1,1,1,1,1,1,1,1,1,1
28,21,44,978,861,13,28879,2405,12,819,97,1375,1946,28880,646 1,1,1,1,1,1,1,1,1,1,1,1,1,1,1
16,21,170,621,76,13,1449,7,6,28881,3,3342,170,100,725,12,2559 1,1,1,1,1,1,1,1,1,1,1,1,1,1,1,1,1
23,153,120,46,2763,2571,100 1,1,1,1,1,1,1
23,2076,57,4,36,8,3117,2943,3,5,166,1205,12,6,468,113,58,8,1340,849,7,100,251,1696,59,3175,120,117,8,591,556,35,15,1678,7,5167,918,17,2559,725,119,57,12,235,13,1340,5,164,10,468,115,13,15,603,420,75,119,41,2964,28,1560 1,1,1,1,1,1,1,1,1,1,1,1,1,1,1,1,1,1,1,1,1,1,1,1,1,1,1,1,1,1,1,1,1,1,1,1,1,1,1,1,1,1,1,1,1,1,1,1,1,1,1,1,1,1,1,1,1,1,1,1,1
4113,8399,229,2055 1,1,1,1
