67,54,4,28839,30,7,61,328,773,43,64,5220,10,278,19,2985,355,17,293,3068,5220,121,21,11,30,7,151,51,20,55,10,52,6652,1841 1,1,1,1,1,1,1,1,1,1,1,1,1,1,1,1,1,1,1,1,1,1,1,1,1,1,1,1,1,1,1,1,1,1
293,5220,14,5060,36,3,110,16245 1,1,1,1,1,1,1,1
23,150,30,14,269,17,71,9,573,801,12,24,3258,8 1,1,1,1,1,1,1,1,1,1,1,1,1,1
16,21,606,15,145,165,2513,1638,855,1841 1,1,1,1,8,8,8,8,1,1
16,14,132,19,15,296,3030,353 1,1,1,1,1,1,1,1
3115,2023,4,6555,137,2023,4,2666,165,2513,650,27,61,293,5220,14,15,1483,379,832,256,212,110,431,3133,9,7580,8,3,142,3,287,3,5342,3,2143,3,881,3,238,9,215,7108,2058,8,121,61,17,619 1,1,1,1,1,1,1,1,8,8,8,8,8,1,1,1,1,1,1,1,10,10,1,3,3,1,1,1,1,7,1,15,1,1,1,1,1,1,1,46,1,1,1,1,1,1,1,1,32
417,61,10,10378,207,124,9767,17,2351,7,380,48,34 1,1,1,1,1,1,1,1,1,1,19,19,19
103,445,20,4615,1696,562,2943,290,10,1885,5889,1449 2,2,2,2,2,2,2,2,2,2,2,2
866,445,16246,275,53,1264,260,13,443,1449,3,614,637,1449,5,717,309,260 2,2,2,2,2,2,2,2,2,2,1,1,1,1,1,1,1,1
79,20,688,10,9966,19,28840,17,268,172,43,6,528,594 1,1,1,1,1,1,1,1,1,1,1,1,1,1
19,8435,16,526,713,75,275,559,1320,42,13,131,35 1,1,1,1,1,1,1,1,1,1,1,1,1
19,7420,3,103,445,275,117,1637,76 2,2,2,2,2,2,2,2,2
103,164,20,278,5,420,619,139,39,2536 1,1,1,1,1,1,32,1,1,1
23,3240,116,557,211,5,16,20,866,261,163,19,11124 1,19,19,1,1,1,1,1,1,1,1,1,1
16,132,369,17,591,2132 1,1,1,1,1,1
159,23,261,19,11124,3,16,21,31,1204,88,301,26,627,48,34,26,307 1,1,1,1,1,1,1,1,1,1,1,1,1,1,1,1,1,1
90,739,3,760 1,1,1,1
3542,103,161,4,778,490,3133,3,606,124 1,1,1,1,1,1,1,1,1,1
778,490,3133,3,606,124 1,1,1,1,1,1
6,28,21,15,30,7,2309,50,695,9,11,406,7,14379,102,308,8 1,1,1,1,1,1,1,1,1,1,1,1,1,1,1,1,1
74,21,68,11,95,695 1,1,1,1,1,1
6,28,109,31,46,1496,130,371 1,1,1,1,1,1,1,1
6,28,14,12,44,338,239 1,1,1,1,1,1,1
6,28,21,15,30,7,28841,356,612,993,4,200 1,1,1,1,1,1,1,1,1,1,1,1
80,39,30,4,106 1,1,1,1,1
330,354,76,16247,291,621,1391 1,1,1,1,1,1,1
1856 1
212,585,831,1283,209,188,34,881,8625,621,735,3,131,28842,16248,3364,9,1505,8,4,28843,12089,80,591,30,4,110,187,1726,860,918,150,30,4,181,120,76 10,1,1,1,1,1,1,1,1,1,1,1,1,1,1,1,1,1,1,1,1,1,1,1,1,1,1,1,1,1,1,1,1,1,1,1,1
661,583,7,212,27,440,1421,206,30,4,30,7,699,157 1,1,1,10,1,1,1,1,1,1,1,1,1,1
215,1308,87,1711,238,30 46,46,46,46,46,46
157,630,6,99,87 46,46,46,46,46
30,7,541,157 1,1,1,1
28844 1
6,28,14,15,528,6363 1,1,1,1,1,1
127,4,28845,33,874,39,4,613,215,25,16249,4765,141,25,7667,203,462,25,7667,800,382,25,7667,28846,141,25,7667,102,77,28847,1035,42,19,3180,28848,352,4,15,78,1117,1200,93,4,28849,93,149,154,398,3556,819,1715,349,5644,192,5,104,1943,2756,12,6,481,7,28850,13,11,30,7,151,5,1287,2219,345,572 1,1,1,1,1,1,1,9,1,1,1,13,1,1,1,11,1,1,1,12,1,1,1,62,1,1,1,1,1,1,1,1,1,1,6,1,1,1,1,1,1,1,1,1,1,1,1,41,41,1,1,1,1,1,1,1,1,1,1,1,1,1,1,1,1,1,1,1,1,1,1,1,1
7761,7,921,40,79,41,1255,66,1236,2985,179 1,1,1,1,1,1,1,1,1,1,1
508,4,176,1335,278,17,4080,543,353,186,724 1,1,1,1,1,1,1,1,1,1,1
178,165,2513,1638,597,5060,47,117,26,724,5,5060,58,286,368,2169,1884,2510,35,998 1,8,8,8,1,1,1,1,1,1,1,1,1,1,1,1,8,8,1,1
1494,165,2513,1638,17,2023,442,850 1,8,8,8,1,1,1,1
195,1884,2510,1392,745,186,911,12,5476,7,79 1,8,8,1,1,1,1,1,1,1,1
253,119,41,96 1,1,1,1
941,360,3,395,454,13,88,664,3,71,599,6418,47,28851 1,1,1,1,1,1,1,1,1,1,1,1,1,1
497,12149,1252,3681,3,4413 1,1,1,1,1,1
