69,49,4,24032,7613,3745,8859,89,538,1645,9383,1142,304,2,12,8860,828,58,3745,2,47,39,6,1068,7,930,3280,3275,12,8861,507,308,80,12,437,7,24,134,141,10,6,24033 1,1,1,1,1,1,1,1,1,1,1,1,1,1,1,1,1,1,1,1,1,1,1,1,1,1,1,1,1,1,1,1,1,1,1,1,1,1,1,1,1,1
434,47,871,37,329,53,24034,13,24,30,2,361,4815,260,10,1924,163,84,17,784,1276 1,1,1,1,1,1,1,1,1,1,1,1,1,1,1,1,1,1,1,1,1
16,14,15,4956,2038,200,307,762,4570,30,14,3048,17,6445,2,139,304,8862,993,12,6,859,546,74,28,164,143,76,2,139,14321,10,6,269,5,602,12,6580,5,14322,2,5396,2,5,288,971,2333,1137,409,332 1,1,1,1,1,1,1,1,1,1,1,1,1,1,1,1,1,1,1,1,1,1,1,1,1,9,9,9,1,3,9,3,3,3,3,3,1,1,1,1,1,1,1,1,1,1,1,1,1,1
1149,346,27,9414,24035,227,43,585,86,1608,4119,9,11,1791,26,313,8,28,16,7200,24036,19,15,3302,2268,24037,115 1,1,1,1,1,1,1,1,1,1,1,1,1,1,1,1,1,1,1,1,1,1,1,1,1,1,1
16,20,265,4464,17,4516,52,412,3038,17,24,2333,1137,409,332,9,211,20,795,35,223,158,10,162,28,16,20,31,19,473,2558,8,28,12,7552,640,1466,2,16,39,15,7341,1526,5,20,1009,7394,10,6,91,561,282,2,819,16,20,514,10,50,15,6283,1131,7,2783,2460,722,24,602 1,1,1,1,1,1,1,1,1,1,1,1,1,1,1,1,11,1,1,1,1,1,1,1,1,1,1,1,1,28,1,1,1,1,1,1,1,1,1,1,1,1,1,1,1,1,1,1,1,1,1,1,1,1,1,1,1,1,1,1,3,3,3,3,3,3,3,3
117,1350,9243,1914,245,5,3771,2,15,199,7007,772,20,1156,28,11,1651,129,730,239,10,6,24038,6005,1120,37,16,20,12 1,1,1,1,1,1,3,1,1,1,1,1,1,1,1,1,1,1,1,1,1,1,1,1,1,1,1,1,1
5543,2,1134,604,43,1105,653,496,2,13,1638,5016,4591,166 1,1,1,1,1,1,1,1,1,1,1,1,1,1
24,1344,8621,20,5675,2,24,1344,867,20,14323,2,5,24,1344,3436,20,14324,16,39,15,1961,483,408,14325,28,473,3597,20,3953,532,24,44,2389,20,1983,2,117,71,84,20,321,86,9637 1,1,1,1,1,1,1,1,1,1,1,1,1,1,1,1,1,1,1,1,1,1,1,1,1,1,28,1,1,1,1,1,1,1,1,1,1,1,1,1,1,1,1,1
16,20,874,14326,2,5,1263,80,17,1072,437 1,1,1,1,1,1,1,1,1,1,1
995,24,2333,1137,409,332,2,84,14,784,3774,37,16,39,11,160,7,1957,76,5,37,6416,129,66,28,16,14,31,281,3145,17,87,5836,364,2,48,40,55,1831,453 1,1,1,1,1,1,1,1,1,1,1,1,1,1,1,1,1,1,1,1,1,1,1,1,1,1,1,1,1,1,1,1,1,1,1,1,1,1,1,1
995,24,2222,30,7,6445,2,16,14,453,27,14327,2,5,14,239,17,63,1894,101,68,12,6,400,989,198 1,1,1,1,1,1,1,1,1,1,1,1,1,1,1,1,1,1,1,1,1,1,1,1,1,1
16,21,61,748,1777,17,6,78,24039,236,9,136,6,8473,504,8,2,748,173,51,3129,12,1013,154,606 1,1,1,1,1,1,1,1,1,1,1,1,1,1,1,1,1,1,1,1,1,1,1,1,1
16,404,57,2,5,21,39,11,167 1,1,1,1,1,1,1,1,1
16,586,106,149,366,13,264,639,9,4682,5560,8,2,48,88,87,2100,366 1,1,1,1,1,1,1,1,1,1,1,1,1,1,1,1,1,1
16,88,44,34,2,270,27,468,2,655,9,185,51,4683,245,8,2,702,2,79,2,24040,2,26,756 1,1,1,1,1,1,1,1,1,1,1,1,1,1,1,1,1,1,1,1,1,1,1,1,1
16,4385,13,170,15,7977,69,7,24,134,5249,36,24,111,4307,12,6,24041,74,2,13,1600,9651,12,6,2077,74 1,1,1,1,1,1,1,1,1,1,1,1,1,1,1,1,1,1,1,1,1,1,1,1,1,1,1
24,118,145,21,61,12,6,7735,74 1,1,1,1,1,1,1,1,1
24,78,89,30,1128,4,178,103,3093,14328,9,5004,1627,602,13,199,3383,2,14329,13,102,1651,10,6,602,8,2,371,6580,9,269,369,8,2,786,2708,4464,32,256,103,3771,3291,1526,12,644,7,2708,4305,74,14330,36,4994,2,2206,6531,2333,1137,332,103,54,412,3038,4464,254,9,252,940,5,344,544,36,1880,4057,12,6,78,86,573,1525,8,4871,1638,1137,181,335,4400,24,77,563,4,210,368,22,473,449,22,211,370,22,25,33,501,594,22,25,59,933,105,22,16,21,15,30,7,1214,9,618,8,13,184 1,1,1,1,1,1,1,1,3,3,1,1,1,1,1,1,1,1,1,1,3,3,3,3,3,1,1,3,3,1,3,3,3,1,3,3,1,1,1,1,3,3,3,3,3,3,3,1,1,1,1,1,1,1,1,1,1,1,1,1,1,1,1,16,1,1,1,1,1,1,1,1,1,1,1,1,1,1,1,1,1,1,1,1,1,1,1,1,1,1,12,1,1,28,1,1,11,1,1,1,1,7,1,1,1,1,1,1,1,1,1,1,1,1,1,1,1,1,1,1
24,128,30,14,686,17,254,5,127,2,48,66,17,178 1,1,1,1,1,1,16,1,1,1,1,1,1,1
16,1230,12,10733,2,5,7335,1013,6,10312,32,1756,7,24,3221 1,1,1,1,1,1,1,1,1,1,1,1,1,1,1
16,14,110,168,27,500 1,1,1,1,1,1
16,14,924,2,5,295,12,8795,3077 1,1,1,1,1,1,1,1,1
16,5,24,503,50,183,726,2,6996,462,1067,1143,1067,105,1067,934,28,648,50,11,5446 1,1,1,1,1,1,1,1,1,1,1,1,1,1,1,1,1,1,1,1,1
16,21,578,1591,2370 1,1,14,14,14
16,1553,102,3623,7,24042,2,5,15,4310,7,2647,509 1,1,1,1,1,1,1,1,1,1,1,1,1
19,93,73,80,2,16,21,15,118,145,7,1174,5,15,67,94,7,24043 1,1,1,1,1,1,1,1,1,1,1,1,1,1,1,1,1,1
16,14,15,57,533,57,2265,762,12,11,1451,326 1,1,1,1,1,1,1,1,1,1,1,1
24,487,14,919,1147,27,365,1474,2,5,16,21,11,293,229 1,1,1,1,1,1,1,1,1,1,1,1,1,1,1
24,226,53,90,10,452,193 1,1,1,1,1,1,1
16,21,15,135,145,5,212,13,15,43,246,253,2,5,11,387,2,711,2,26,10479 1,1,1,1,1,1,1,1,1,1,1,1,1,1,1,1,1,1,1,1,1
24,187,14,599 1,1,1,1
16,14,619,5,57,2346,7533,86,182,79,2,5,13,171,64,243,193 1,1,1,1,1,1,1,1,1,1,1,1,1,1,1,1,1
24,147,12,308,80,14,764,27,1174,2,13,380,3781,2,15,14331,7118,2,5,786,513,1672,12,14332,2,557,13,63,786,371 1,1,1,1,1,1,1,1,1,1,1,1,1,1,1,1,1,1,1,1,1,1,1,1,1,1,1,1,1,3
16,21,264,24044,557,13,1598 1,1,1,1,1,1,1
24,134,91,968,563,4,36,704,4464,36,585,284,41,2,1638,5016,4591,2,43,24045,2,11,182,3831,76,36,429,4464,36,70,2617,1557,2,861,269,369,2,717,284,41,2273,2,717,365,41,6005,602,1622,9,4651,8,13,204,41,2777,24046,6005,505,103,24047,13,12420,1536,7007,772,12,1246,2,38,14,15,2038,200,307,471,104,39,15,3291,1526,12,6,644,7,4660,786,2708,2,139,304,1350,14333,5,3771,7,180,4651,1797,7,2249,7081,7082,1651,12,24,602 1,1,1,1,1,1,1,1,1,1,1,1,1,1,1,1,1,1,1,1,1,1,1,1,1,1,1,1,1,1,1,1,1,1,1,1,1,1,1,1,1,1,1,1,1,1,1,1,1,1,1,1,1,1,1,1,1,1,1,1,1,1,1,1,1,1,1,1,1,1,1,1,1,1,1,1,1,1,1,1,1,1,1,1,1,3,3,1,1,1,1,1,1,3,1,1,1,1,1,1,1,1,1,1,1,1
16,14,1433,65,15,562,6252,2,5,1039,5543,222,31,60,15,817,729,2808,65,38,10662,1588 1,1,1,1,1,1,1,1,1,1,1,1,1,1,1,1,1,1,1,1,1,1
1082,2405,110,9872,10,6,2643,7,1378,2192 1,1,1,1,1,1,1,1,1,1
124,6,1563,7,2783,6463,12,24,602,27,6,95,7,429,2,16,14,3610,17,2882,92,209,3853,5466,6060,473,5,172 1,1,1,1,1,1,1,1,1,1,1,1,1,1,1,1,1,1,1,1,1,1,1,1,1,28,1,1
7455,2,16,14,31,3610,17,2882,47,209,55,1442,13,1242,14334,6560,7,153,7,472,2392,36,92,209,5466,37,87,1378,1564,55,346,19,172,5,473 1,1,1,1,1,1,1,1,1,1,1,1,1,1,1,1,1,1,1,1,1,1,1,1,1,1,1,1,1,1,1,1,1,1,28
24,67,94,5,118,145,53,57,425,19,24,231,322,2,32,1164,42,24,140,1276 1,1,1,1,1,1,1,1,1,1,1,1,1,1,1,1,1,1,1,1
47,50,1009,6,8420,80,7,3359,170,65,501,594,59,10,771,594,59,10,7025,87,24048,5,24049,12,24,2049,5108,2,48,355,2,209,31,1029,87,142,10,24,322,27,38,95 1,1,1,1,1,1,1,7,7,7,7,7,7,7,7,1,1,1,1,1,1,1,1,1,1,1,1,1,1,1,1,1,1,1,1,1,1,1,1,1,1,1
92,40,155,15,275,1501,7,258,80,2,48,47,1732,37,11,241,142,40,55,2213,27,38,95 1,1,1,1,1,1,1,1,1,1,1,1,1,1,1,1,1,1,1,1,1,1,1
124,24,30,7,4305,74,2,32,57,32,24,334,178,2,16,14,2159,27,328,17,1378,2192,2,5,47,1732,37,92,40,60,15,2282,1996,6674,12,2858,7,1649,17,313 1,1,1,1,1,1,1,1,1,1,1,1,1,1,1,1,1,1,1,1,1,1,1,1,1,1,1,1,1,1,1,1,1,1,1,1,1,1,1,1
1758,2,108,16,21,87,1628,115,2,92,209,50,15,252,4552,10,3105,63,1996,408 1,1,1,1,1,1,1,1,1,1,1,1,1,1,1,1,1,1,1,1
27,156,2,278,2,47,221,10380,13,1550,57,16,14,448 1,1,1,1,1,1,1,1,1,1,1,1,1,1
84,20,15,1068,10,125,287,3275,12,507,308,80 1,1,1,1,1,1,1,1,1,1,1,1
47,40,114,10,125,170,12,437,12,259,198,95,2,48,16,2633,10,750,3027,454,16,50,87,167,26,1446 1,1,1,1,1,1,1,1,1,1,1,1,1,1,1,1,1,1,1,1,1,1,1,1,1,1
1646,2,1306,6263,6941,10734,2,1885,2,4509,384,4,58,3280,6575,2012,162,6718,4074,144,58,3257,8863,9488,128,4431,538 1,1,1,1,1,1,1,1,1,1,1,1,1,1,1,1,1,1,1,1,1,1,1,1,1,1,1
