69,49,4,24138,437,101,4,178,2,120,2,116,234,4,6,64,14,15,1749,292,528,401,17,437,101,17,120,1649,2,1001,583,2,116 1,1,1,1,1,1,1,9,1,4,1,10,1,1,1,1,1,1,1,1,1,1,1,1,1,1,4,1,1,1,1,1,10
18,20,1888,17,180,371,97,1326,5,14,537,453,42,507 1,1,1,1,3,3,3,3,1,1,1,1,1,1
136,23,97,437,6,29,21,39,11,534,7,939,26,468,44,34,2,11,1265,26,270 1,1,1,1,1,1,1,1,1,1,1,1,1,1,1,1,1,1,1,1,1
18,20,4190,23,7137,12,6639,38,376,5,222,50,153,656,7,6061,12,644,7,2442,2450 1,1,1,1,1,1,1,1,1,1,1,1,1,1,1,1,1,1,1,1,1
1898,2079,696,7,396,13,422,2,2731,154,606,86,44,34,2,1251,26,969,5,237,660,4105 1,1,1,1,1,1,1,1,1,1,1,1,1,1,1,1,1,1,1,1,1,1
18,21,39,11,241,534 1,1,1,1,1,1
18,21,61,2492,13,23,77,191,6,97,451,198,5,21,31,1898,87,663,1806,28,278,2,151,963,4648,2,21,39,51,26,102,534,7,1251,12,465,13,8866,2318,142,2,3307,24139,5,11,1787,892 1,1,1,1,1,1,1,1,1,1,1,1,1,1,1,1,1,1,1,1,1,1,1,1,1,1,1,1,1,1,1,1,1,1,1,1,1,1,1,1,1,1,1,1,1,1,1
64,267,67,728,42,1197,4409,27,140,7,24140,1916 1,1,1,1,1,1,1,1,1,1,1,1
21,39,199,338,42,23,24141,191,97,451,198 1,1,1,1,1,1,1,1,1,1,1
20,6106,7,457,7,176,67,4902,13,383,12,14359,7,24142,89,167,4,6061,10741,588,309,2254,2599,2434,164,143,76,729,743,231,77,4,2600,83,22,25,33,3096,767,2810,35,45,9,62,8,25,59,60,32,575,230,768,102,45,9,62,8,25,33,153,244,5,153,196,22,347,82,365,107,9,62,8,1266,9,635,8,390,35,45,9,62,8,25,283,60,32,575,365,107,9,62,8,1020,9,184,8,390,35,45,9,62,8,25,33,60,32,575,365,107,9,62,8,2582,767,768,35,45,9,62,8,25,283,1932,9,172,1721,1722,8,1017,35,45,9,62,8,25,33,385,4,111,10593,289,982,616,10126,9,100,65,6474,8,44,4,745,569,694,4,418,324,246,253,2,11,387,340,4,133,875,1325,13,43,558,516,4,43,243,2,11,79,258,4,97,654,374,12,24143,7,4396,2,6858,3850,2,544,4544,2,3842,1749,2,940,2277,833,4,1749,292,528,13,120,2,116,2,5,118,76,13,610,834,3680,5,1001,338,151,2415,51,198,146,2,2112,741,10,7728,121,1313,7,109,727 1,1,1,1,1,1,1,1,1,1,1,1,1,1,1,1,1,1,1,1,19,1,1,1,9,9,9,1,1,1,1,1,22,1,1,1,1,1,1,1,1,1,1,1,1,1,1,1,1,1,7,1,1,1,1,1,1,1,1,1,1,1,1,1,1,1,1,1,1,1,1,1,12,1,1,1,1,1,1,1,1,1,1,1,1,1,1,1,1,1,1,1,13,1,1,1,1,1,1,1,1,1,1,1,1,1,1,1,1,1,1,1,1,1,1,1,1,1,1,1,1,1,11,1,11,1,1,1,1,1,1,1,1,1,1,1,1,1,1,1,1,1,1,1,1,1,1,1,1,1,1,1,1,1,1,1,1,1,1,1,1,1,1,1,1,1,1,1,1,1,1,1,1,1,1,1,1,1,1,1,1,1,1,1,1,1,1,1,1,1,30,30,1,1,1,1,1,1,1,1,1,1,1,1,4,1,10,1,1,1,1,1,1,1,1,1,1,1,1,1,1,1,1,1,1,1,1,1,1,1,1,1,1
161,120,36,64,13,3472,374,1170,199,1191,27,140 1,4,1,1,1,1,1,1,1,1,1,1
124,64,404,338,21,504,136,97,101,2,40,24144,19,3359,2600,532,400,101,27,153,376 1,1,1,1,1,1,1,1,1,1,1,1,1,1,22,1,1,1,1,1,1
64,10,50,540,374,27,37,845,2,5,108,411,344,2,40,2308,2600 1,1,1,1,1,1,1,1,1,1,1,1,1,1,1,1,22
199,111,338,19,1020 1,1,1,1,13
39,5838,38,200 1,1,1,1
411,3990,101,10,5053,36,1931,64,983,1549 1,1,1,1,1,1,1,1,1,1
165,178,36,64,13,544,7,4544,151,937,57,425,19,38,262,7,1266 1,9,1,1,1,1,1,1,1,1,1,1,1,1,1,1,12
117,24145,13,29,2,50,2738,10,5506,10,4344,262,532,400,101,32,57 1,1,1,1,1,1,1,1,1,1,1,1,1,1,1,1,1
209,1525,65,154,22,347 1,1,1,1,1,1
355,3842,2869,199 1,1,1,1
64,13,656,7,6061,12,644,7,2442,360 1,1,1,1,1,1,1,1,1,1
111,5,296,40,1897,350,24146,12,5255 1,1,1,1,1,1,1,1,1
124,334,178,86,1388,2,24147,10,338,24148 1,1,9,1,1,1,1,1,1,1
383,230,10,204,22,33,2,1454,1020,27,231,262 1,7,1,1,1,1,1,1,13,1,1,1
186,3565,36,64,3470,1320 1,1,1,1,1,1
18,589,10,55,2315,37,1631,968,53,24149,5,124,23,439,403,209,841,228,2916 1,1,1,1,1,1,1,1,1,1,1,1,1,1,1,1,1,1,1
348,285,450,1033,1864,215,2,5,18,21,2738,10,539,38 1,1,1,1,1,1,1,1,1,1,1,1,1,1
2424,6613,27,38,845 1,1,1,1,1
