67,54,4,13496,12182,318,1141,112,5566,3,9987,16344,112,54,4,9142,40,28,20,221,43,271,12,6,318,499,19,1387,558,3,3225,3,13,6,385 1,1,1,1,1,1,1,1,1,1,1,1,1,1,1,1,1,1,1,1,1,1,1,1,1,1,1,1,1,1,1,1,1,1,1
385,82,55,81 1,1,1,1
28,1187,5,101,43,271 1,1,1,1,1,1
122,385,82,55,17,268,402 1,1,1,1,1,1,1
80,39,30,3,206,30,3,5,150,30,233,81,5,660,13,6,385,82,55 1,1,1,1,1,1,1,1,1,1,1,1,1,1,1,1,1,1,1
30,7,61,234,4,6,28,14,15,787,3537,522,121,468,12,13,1983,48,94,3,15,1236,858,24,473,188,98,3,267,5334,453 1,1,1,1,1,1,1,1,1,1,1,1,1,1,1,1,30,30,30,1,1,1,1,1,1,1,1,1,1,1,1
74,57,11,380,116,3,11,300,3,11,375,3,11,446,3,11,291,34,3,5,11,418 1,1,1,1,1,1,1,1,1,1,1,1,1,1,1,1,1,1,1,1,1,1
6,28,109,146,128,131,226,7,184 1,1,1,1,1,1,1,1,1
6,48,94,14,31,199,12,788 1,1,1,1,1,1,1,1
74,14,11,1302,13,308 1,1,1,1,1,1
18,38,15,72,288,572,154,939,87,183 1,1,1,1,1,1,1,1,1,1
159,52,425,3,18,21,370,128,265,12,24,116,139,754 1,1,1,1,1,1,1,1,1,1,1,1,1,37
18,21,11,374,181,76 1,1,1,1,1,1
80,39,30,4,585,831,5,2644,71,324 1,1,1,1,1,1,1,4,4,4
206,30,5,150,30,4,6,28,14,62,308,1095,5,245,1272 1,1,1,1,1,1,1,1,1,1,18,18,1,1,1
11,150,30 1,1,1
102,101,4,28,14,1607,211,3,4383,3,60,197,3,427,1250 1,1,1,1,1,1,1,1,1,1,1,1,1,1,1
136,4,11,16345,1453 1,1,1,1,1
155,4,91 1,1,1
130,4,145,156,5,239 1,1,1,1,1,1
214,4,152 1,1,1
273,4,2214 1,1,1
457,172,4,696,785,14,3116,3,824,11271,44,1348,1134 1,1,1,1,1,1,1,1,1,1,1,1,1
805,50,14,1649,75,14,185 1,1,1,1,1,1,1
897,14,2354,75,14,44 1,1,1,1,1,1
6,177,111,128,2472,292,804,525,75,14,302 1,1,1,1,1,1,1,1,1,1,1
15,48,738,111,11,792,3,1984,3,26,3034 1,1,1,1,1,1,1,1,1,1,1
340,1598,12,230,4,6,28,21,15,269,805,425,5,41,52,162 1,1,1,1,1,1,1,1,1,1,1,1,1,1,1,1
18,41,52,676,29164,126 1,1,1,1,1,1
122,385,82,55,17,402 1,1,1,1,1,1
603,801,4,176,826,319,778,490 1,1,1,1,1,1,1,1
178,48,1236 1,1,1
566,9,158,534,748,261,8,4,6,28,20,162,10,6,124,12,211,534 1,1,1,1,1,1,1,1,1,1,1,1,1,1,1,1,1,1
1218,29165,3274,9367,3,107 1,1,1,1,1,1
16346,29166,29167,533,43,4,3274,9367,3,107 1,1,1,1,1,1,1,1,1,1
16346,250,31,81,43,262,331,250 1,1,1,1,1,1,1,1
