69,49,4,24325,343,162,141,99,29,414,4,4880,2,1761,485,4,7622,49,5,95,4,24326,24327,852,240,4,6977,1050,3958,2,96 18,1,1,1,1,1,1,1,1,1,1,1,1,1,1,1,1,1,1,1,1,1,1,1,1,1,1,1,1,1,1
1117,4,1935,2979,2,96 1,1,1,1,1,1
4863,4,8505,3407,3790,14398,2,96 1,1,1,1,1,1,1,1
265,17,52,386,1166,3233,234,4,287,1761,4880,14,15,6686,661,13,637,182,17,1336,2,178,2,116,2,254,2,6721,876,685,2,2115,2,57,334,12,6,343,659,17,883,2,103,1968,3375,2,3126,8877,2,54,3047,1878,8878,2,157,3047,1878,6037,2,1686,3375,4964,373,288,19,176,531,3095,1564,2,1063,8880,13,593,3126,2,7584,1992,2,52,197,445,1992,2,1071,7,806,2104,143,2,1071,7550,4995,5,525,5965,7,703,593,2,369,959,17,238,7,717,593 1,1,1,1,1,1,1,1,1,1,1,1,1,1,1,1,1,1,1,4,1,9,1,10,1,16,1,1,1,1,1,1,1,1,1,1,1,1,1,1,1,1,1,1,1,1,1,1,1,1,1,1,1,1,1,1,1,1,1,1,1,1,1,1,1,1,1,1,1,1,1,1,1,1,1,1,1,1,1,1,1,1,1,1,1,1,1,1,1,1,1,1,1,1,1,1,1,1,1,1,1,1,1,1,1,1,1
287,4880,658,10,58,3958,308,80,13,1467,1166,2655,12,6,944,475,1063,2355 1,1,1,1,1,1,1,1,1,1,1,1,1,1,1,1,1,1
16,1282,15,5419,647,102,236,146,2,543,2355,5,1395,13,14399,959,5,321,15,408,7,25,1337 1,1,1,1,1,1,1,1,1,1,1,1,1,1,1,1,1,1,1,1,1,1,1
38,21,986,10,3714,24328,760,2,1249,6,1172,5430,5,733,13,106,1317,760,1400,634,94,20,8591 1,1,1,1,1,1,1,1,1,1,1,1,1,1,1,1,1,1,1,1,1,1,1
16,21,61,201,82,42,15,4190,1436,5,18,319,273,6,3023,2,14400,6,14399,2,5,8032,15,5450,24329,3023,19,965,7,38 1,1,1,1,1,1,1,1,1,1,1,1,1,1,1,1,1,1,1,1,1,1,1,1,1,1,1,1,1,1
92,40,125,170,428,12,983,223 1,1,1,1,1,1,1,1
16,14,19,493,2,97,262,1747,97,420 1,1,1,1,1,1,1,1,1,1
88,596,469,2,270,2,250 1,1,1,1,1,1,1
5997,4,120,883,1968,3375,2,3126,8877,54,3047,1878,8878,157,3047,1878,6037,1686,3375,4964,178,103,2378,116,254,668,3493,65,6721,876,36,3206,8684,2,2259,1210,2,103,14395,685,2115,54,478,162,257,4,210,105,506,3268,491,506,211,474,509,4439,109,509,230,196,509,607,109,22,59,3725,626,33,493,1747,22,33,192,4,747,385,4,1157,4,5334,492,1332,111,24330,574,723,24331,41,651,1048,759,4,1040,2,24332,2,646,2,436,2215,4,1398,623,4,418,24333,2,1325,2,875,2,11,263,229,516,11,79,193,1968,1166,2655,12,6,944,475,1063,2355,2,7223,3858,760 1,1,4,1,1,1,1,1,1,1,1,1,1,1,1,1,1,1,1,1,9,1,9,10,16,1,1,1,1,1,1,1,1,1,1,1,1,1,1,1,1,1,1,1,1,1,12,1,1,36,1,1,11,1,1,13,1,1,7,1,1,22,1,1,1,1,1,1,1,1,1,1,1,1,1,1,1,1,1,1,1,1,5,5,1,1,1,1,1,1,1,1,1,1,1,1,1,1,1,1,1,1,1,1,1,1,1,1,1,1,1,1,1,1,1,1,1,1,1,1,1,1,1,1,1,1,1,1,1,1,1
4280,733 1,1
6,1172,337,4,157,4,149,14396,5151 1,1,1,1,1,1,1,1,1
54,4,733,5,149,1947,228,7,525,853,2,15,228,65,64,74,450,2,9,261,8,3324,1696,2,11,782,243,4807,4118,3585,967,64,157,171,171,152,152,152,54,171,171,152,395,395,833,4,6686,661,13,637,182,17,1336,2,178,2,116,2,254,2,6721,876,685,2,2115,2,57,334,12,6,343,659,17,883,2,103,1968,3375,2,3126,8877,2,54,3047,1878,8878,2,157,3047,1878,6037,2,1686,3375,4964,373,288,19,176,531,3095,1564,2,1063,8880,13,593,3126,2,7584,1992,2,52,197,445,1992,2,1071,7,806,2104,143,2,1071,7550,4995,5,525,5965,7,703,593,2,369,959,17,238,7,717,593 1,1,1,1,1,1,1,1,1,1,1,1,1,1,1,1,1,1,1,1,1,1,1,1,1,1,1,1,1,1,1,1,1,1,1,1,1,1,1,1,1,1,1,1,1,1,1,1,1,1,1,1,4,1,9,1,10,1,16,1,1,1,1,1,1,1,1,1,1,1,1,1,1,1,1,1,1,1,1,1,1,1,1,1,1,1,1,1,1,1,1,1,1,1,1,1,1,1,1,1,1,1,1,1,1,1,1,1,1,1,1,1,1,1,1,1,1,1,1,1,1,1,1,1,1,1,1,1,1,1,1,1,1,1,1,1,1,1,1,1
287,4880,658,10,58,3958,308,80,13,1467,1166,2655,12,6,944,475,1063,2355 1,1,1,1,1,1,1,1,1,1,1,1,1,1,1,1,1,1
265,17,52,386,1166,3233 1,1,1,1,1,1
36,1222,289,3863,2,2058,24334,2,1069,6017,14401,6278,13724,36,2989,1156,63,730,12,948,114,21,61,285,13,343,1117,58,2979 1,1,1,1,1,1,1,1,1,1,1,1,1,1,1,1,1,1,1,1,1,1,1,1,1,1,1,1,1
8505,3407,3790,14398,2,96 1,1,1,1,1,1
5332,343,162 1,1,1
