69,49,4,24352,7623,162,470,99,858,14409,4,58,5089,14410,2703,14409,4,58,24353,9515,4863,427,4,58,14411,14412,49,4,24354,29,414,4,4880,2,1761,485,4,7622,384,4,470,17,1410,143,6002,234,4,1182,24355,661,13,164,143,76,2,127,2,254,2,311,591,120,2,336,1148,76,5,158,3795,1240,265,10,6,343,162,659,19,8707,13,2704,3766,313 1,1,1,1,1,1,1,1,1,1,1,1,1,1,1,1,1,1,1,1,1,1,1,1,1,1,1,1,1,1,1,1,1,1,1,1,1,1,1,1,1,1,1,1,1,1,1,1,1,1,1,9,9,9,1,10,1,16,1,4,4,4,1,1,1,1,1,8,8,8,1,1,1,1,1,1,1,1,1,1,1,1
19,24356,2,16,543,5401,5,1063,1071,13,8875,7,6,10766,703,593,5,1527,7,6,717,5965,42,58,5549 1,1,1,1,1,1,1,1,1,1,1,1,1,1,1,1,1,1,1,1,1,1,1,1,1
38,20,1180,42,15,3852,371 1,1,1,1,1,3,3
24357,2,91,561,14,182,17,52,1468,5,4873,164,143,76,2,5,555,20,3145 2,2,2,2,2,2,2,2,2,2,2,9,9,9,1,1,1,1,1
7,99,2,24,429,20,1180,42,5483,7,6,70,3331,143,27,6,845,7,1610 1,1,1,1,1,1,1,1,1,1,1,1,1,1,1,1,1,1,1
16,20,1121,42,24358,42,6,91,545,1868,2,5,20,514,10,50,11,1509,580,3332,576,10,24,306,197,445,1564 1,1,1,1,1,1,1,1,1,1,1,1,1,1,1,1,1,1,1,1,1,1,1,1,1,1,1
92,53,1195,1976,17,1410,143,6002 1,1,1,1,1,1,1,1
637,4,24359,2,7316,729,743,127,254,81,341,311,591,336,527,336,1148,24360,9,157,8,582,10,944,475,1063,1878,13,3408,2,24361,3203,9,54,8,582,10,944,475,1063,1878,13,3408,2,24362,3203,9,54,8,1720,3126,10766,1878,2,8227,3203,9,54,8,582,143,14405,2,593,24363,2,2135,1071,7,24364,2,2135,1071,7,717,1878,2,1992,7,1968,2,3654,1071,7,806,2104,143,2,3654,1071,7,24365,143,2,3654,1071,7,7550,143,13,959,7,369,2,14413,3203,9,54,8,1063,8880,13,593,3126,5,369,959,7,717,593,2,14413,24366,2154,1968,4765,1339,47,75,1179,28,495,5,8852,3023,98,51,2,24367,878,332,8840,876,2115,478,24368,9,54,8,4107,257,4,2128,9,1165,8,7624,22,25,1834,8132,105,41,9,594,6385,8,6065,22,25,59,896,547,9,172,8,370,22,25,82,2157,4707,22,25,291,5755,9,5983,8,10403,22,25,59,24369,9,24370,8,35,2072,965,291,2146,2201,22,219,1834,2074,397,9,888,8,204,22,25,59,787,9,235,8,284,22,25,59,652,91,1175,923,219,11437,5657,219,5248,4021,131,3947,9,1523,8,788,190,405,506,297,2101,131,3947,9,1523,8,462,190,405,509,297,1253,131,3947,9,1523,8,1175,923,405,291,1759,131,486,1629,105,190,405,509,297,1253,921,4134,51,41,9,24371,4134,8,35,3542,965,1595,3940,9,2084,1555,8,51,347,25,2137,635,9,1266,8,130,22,25,82,2198,767,9,24372,767,8,823,22,219,59,192,4,4769,8404,9,484,8,93,73,4,224,4,413,2,779,2,436,3161,4,782,171,1410,296,2,14414,4782,3075,296 1,1,1,1,1,1,1,10,16,1,1,1,1,1,1,1,1,1,1,1,1,1,1,1,1,1,1,1,1,1,1,1,1,1,1,1,1,1,1,1,1,1,1,1,1,1,1,1,1,1,1,1,1,1,1,1,1,1,1,1,1,1,1,1,1,1,1,1,1,1,1,1,1,1,1,1,1,1,1,1,1,1,1,1,1,1,1,1,1,1,1,1,1,1,1,1,1,1,1,1,1,1,1,1,1,1,1,1,1,1,1,1,1,1,1,1,1,1,1,1,1,1,1,1,1,1,1,1,1,1,1,1,1,1,1,1,1,1,1,1,1,1,1,1,1,1,1,1,1,1,1,1,1,1,1,1,1,1,1,1,1,1,1,1,1,1,1,1,1,1,1,11,11,1,11,1,1,1,1,1,13,1,1,1,1,7,1,7,1,1,1,1,1,1,1,1,1,1,1,1,1,1,1,1,1,1,1,1,1,1,1,1,1,1,1,1,1,1,1,1,1,1,1,1,1,1,1,1,1,1,1,1,1,6,6,6,6,1,1,1,1,1,1,1,6,6,6,6,1,1,1,1,1,1,1,6,6,6,6,1,1,1,1,1,1,6,6,6,1,1,1,1,1,1,21,1,1,1,1,1,1,1,1,1,1,1,1,1,1,1,1,1,1,1,1,12,1,1,1,1,1,1,1,1,1,1,1,1,1,1,1,1,1,1,1,1,1,1,1,1,1,1,1,1,1,1,1,1,1,1,1,1,1,1,1,1,1,1,1,1,1
6722,75,46,898,28,62,215,4,158,10,2169,7,1410,143,2,5130,204,41 1,1,1,1,1,1,1,1,1,1,1,1,1,1,1,1,1,1
432,2169,2,2610,1376,42,14316,667,2219 1,1,1,1,1,1,1,1,1
712,1062,2,2610,6794,2,5130,428,204,41 1,1,1,1,1,1,1,1,1,1
5622,79,7,412,349,2,11,2002,3200,693 1,1,1,1,1,1,1,1,1,1
2782,4,3039,1791,794,478,65,158,162 1,1,1,1,1,1,1,1,1
782,171,1410,2,395,3075,243 1,1,1,1,1,1,1
6722,75,46,898,28,62,215,4,158,10,2169,7,1410,143,2,5130,1080,41 1,1,1,1,1,1,1,1,1,1,1,1,1,1,1,1,1,1
1558,1080,41,13,2169,7,1410,143,1832,606 1,1,1,1,1,1,1,1,1,1
979,6722,75,46,898,28,62,215,4,1039,24373,9,3935,2219,8,24374,100,7,6,24375,912,712,1062,7,6,3075,143 1,1,1,1,1,1,1,1,1,1,1,1,1,1,1,1,1,1,1,1,1,1,1,1,1,1,1
5174,4,298,4059,9,1260,8,398,266,5469,54,9,1969,8,41,458,4454,54,9,2216,8,1399,615,9511,54,9,2326,8,1779,443,14415,9,4353,8,1301,530,368,9,1340,8,1141,665,8804,9,1448,8,1561,698,14416,9,1449,8,550,666,7162,72,9,1383,8,41,64,5096,72,9,5363,8,1057,1046,1792,2165,8882,72,9,14417,8,1057,357,397,1917,9,1298,8,294,357,633,2123,9,1259,8,294,357,749,2658,9,1299,8,294,357,1688,1689,9117,54,9,1420,8,294,357,1498,2653,854,9,4294,8,294,442,3467,9,1482,8,169,1531,1982,9,1727,8,169,1042,1624,9,1690,8,1421,357,1873,2083,854,9,1300,8,169,357,331,24376,9,4099,8,169,1578,75,695,28,284,3535,242,4,1182,661,13,883,5,134,371,2,2558,17,555,7188,400,223 1,1,1,1,1,1,1,1,1,1,1,1,1,1,1,1,1,1,1,1,1,1,1,1,1,1,1,1,1,1,1,1,1,1,1,1,1,1,1,1,1,1,1,1,1,1,1,1,1,1,1,1,1,1,1,1,1,1,1,1,1,1,1,1,1,1,1,1,1,1,1,1,1,1,1,1,1,1,1,1,1,1,1,1,1,1,1,1,1,1,1,1,1,1,1,1,1,1,1,1,1,1,1,1,1,1,1,1,1,1,1,1,1,1,1,1,1,1,1,1,1,1,1,1,1,1,1,1,1,1,1,1,1,1,1,1,1,1,1,1,1,1,1,1,1,1,1,1,1,1,1,1,1,1,1,1,1,1,1,1,1,1,1,3,3,3,3,3,3
24,52,1410,143,176,55,4677,10,245,17,3332 1,1,1,1,1,1,1,1,1,1,1
24,70,14,31,11660 1,1,1,1,1
4565,4,36,2558,119,91,162,659,36,29,10,55,201,42,58,3823,14418,2,7623,162,1117 1,1,1,1,1,1,1,1,1,1,1,1,1,1,1,1,1,1,1,1,1
18,40,31,55,1509,17,1410,143,6002,19,4730,7,400,223 1,1,1,1,1,1,1,1,1,1,1,1,1,1
285,13,58,3823,14418,2,7623,162,1117 1,1,1,1,1,1,1,1,1
5751,14411,14412,195,2,5332,427,12,224,162,24377,29,201,5,755 1,1,1,1,1,1,1,1,1,1,1,1,1,1,1
2531,10,256,99,19,24378,4,499,4,88,1652,2,901,228,88,455,2,270,2,396,88,1642,2,339,1648,88,216,1232,281,21,1968,1166,9,65,134,746,8,416,14,2769,9871,2,4856,10,5556,2,416,1432,53,2342,1621,5,1863,10767,403,6966,348,6716,34,24379,174,115,88,280,696,7,6489,394,114,4,6722,74,215,19,3161,14,1138,5,14,557,13,15,2617,1410,143,2,278,2,52,479,10,55,1104 1,1,1,1,1,1,1,1,1,1,1,1,1,1,1,1,1,1,1,1,1,1,1,1,1,1,1,1,1,1,1,1,1,1,1,1,1,1,1,1,1,1,1,1,1,1,1,1,1,1,1,1,1,1,1,1,1,1,1,1,1,1,1,1,1,1,1,1,1,1,1,1,1,1,1,1,1,1,1,1,1,1,1,1,1,1,1,1,1,1,1,1,1
40,218,2183,6002,7,2782,1410,24380,24381,6722,74,215,24382,32,24383,361,1845,87,1317,3265,4408,26,67,12021,65,6,2782,361,2836,6,7623,1159,871,10650,7,6,162,49,393,37,1082,1384,319,55,10209,13,6,555,162 1,1,1,1,1,1,1,1,1,1,1,1,1,1,1,1,1,1,1,1,1,1,1,1,1,1,1,1,1,1,1,1,1,1,1,1,1,1,1,1,1,1,1,1,1,1,1,1,1
