69,49,4,24403,437,101,36,81,77,4,2203,24404,10771,857,462,956,1090,5073,2,4429,3723,24405,22,59,2848,447,22,59,517,758,22,33,1312,97,223,742,105,22,33,210,105,22,33,771,677,244,22,506,493,183,22,33,9,17,3243,369,8,211,370,22,33,5123,13,495,8082,22,119,107,12,9623,1272,2173,546,22,9398,442,13,495,447,22,33,454,55,12659,7625,33,581,17,101,4,81,356 18,1,1,1,1,1,1,4,1,1,6,1,1,6,1,1,1,1,1,1,1,1,1,1,1,1,1,1,1,1,1,1,1,1,1,1,1,1,1,12,1,1,1,7,7,1,1,1,1,1,1,1,1,1,1,1,1,11,1,1,1,1,1,1,1,1,1,1,1,1,1,1,1,1,1,1,1,1,1,1,1,1,1,1,1,1,1,1,1,1,4,1
411,31,24406,100,13,24407 1,1,1,1,1,1
39,415,215,288,4,348,12434,348 1,1,1,1,1,1,1,1
460,983,346,27,24408 1,1,1,1,1
1998,74,14422 1,1,1
39,51,2614,153,12,221,5,153,12,852 1,1,1,1,1,1,1,1,1,1
333,4,569,4,9548,2,10772,2,6350,54,4,8482,5,12940,62,4,403,135,1794,348,24409,4,1649,4,1253,3133,2101,1090,2830,258,4,14423,379,564,2,804,1267,14423,1098,24410,9,72,8,24411,1098,9240,9,72,8,93,73,4,56,242,5,114,4,81 1,1,1,1,1,1,1,1,1,1,1,1,1,1,1,1,1,1,1,1,1,1,1,1,1,1,1,1,1,1,1,1,1,1,1,1,1,15,15,15,15,15,15,15,15,15,15,15,15,1,1,1,1,1,1,1,1,4
4878,24412,13932,37,209,55,1810,2517,42,268,467,5,209,1525,42,419,3774,7,6967,5,24413,19,848 1,1,1,1,1,1,1,1,1,1,1,1,1,1,1,1,1,1,1,1,1,1,1
285,403,5422,348,1167 1,1,1,1,1
18,21,8235,2398,7,12067,5,131,10,8682,24414,7,24415,1582,19,231,488,82,1272 1,1,1,1,1,1,1,1,1,1,1,1,1,1,1,1,1,1,1
519,954,10,4292,2203,1272,947,38 1,1,1,1,6,1,1,1
954,10,1454,69,7,1341,2,1998,5,131 1,1,1,18,1,1,1,1,1,1
692,5619,1115,71,40,55,3355,80 1,1,1,1,1,1,1,1
437,4,58,6723,24416,9075,8883,24417,2,2423,2,1162,2,14424 1,1,1,1,1,1,1,1,1,1,1,1,1,1
