69,49,4,24418,1415,1143,2,10773,5049,6723,2,96 18,1,1,1,1,1,1,1,1,1,1,1
3010,10026,518,536,4,4429,5073,14425,1045,46,4,10771,828,58,6723,4,47,39,6,1068,7,930,4429,5073,80,13,1646,10,5606,7135,191,6,2051,1694,7,23,52,337 1,1,1,1,1,1,1,1,1,1,1,1,1,1,1,1,1,1,1,1,1,1,1,1,1,1,1,1,1,1,1,1,1,1,1,1,1,1
32,329,53,2102,2,18,14,15,9888,407,13,15,30,7,3952,81,341,5,7626,10096,7,23,52,337,37,21,4717,12,15,14426,6911,3227 1,1,1,1,1,1,1,1,1,1,1,1,1,1,4,4,4,1,1,1,1,1,1,1,1,1,1,1,1,1,1,1
18,281,5716,24419,7598,3596,17,24420,13,23,3227 1,1,1,1,1,1,1,1,1,1,1
18,21,166,37,2112,191,6,97,248,236,26,393,37,15,5606,21,7862,1400,6,2051,891,1694,7,6,52,337 1,1,1,1,1,1,1,1,1,1,1,1,1,1,1,1,1,1,1,1,1,1,1,1,1,1
18,88,87,1395,2,733,2,26,264,388,26,4110,12,6,337 1,1,1,1,1,1,1,1,1,1,1,1,1,1,1
23,7598,129,1074,12,1615,5,2707,10,55,1544,791,57,17,23 1,1,1,1,1,1,1,1,1,1,1,1,1,1,1
18,4143,278,37,191,6,97,376,5,2022,26,393,37,18,21,61,3600,6724,37,23,231,7598,273,31,7030,12 1,1,1,1,1,1,1,1,1,1,1,1,1,1,1,1,1,1,1,1,1,1,1,1,1,1
1249,2,18,21,39,10,24421,10,23,307,7598,2,71,222,31,60,23,7626,3227,890,5438 1,1,1,1,1,1,1,1,1,1,1,1,1,1,1,1,1,1,1,1,1
23,78,89,30,14,182,17,81,341,5,164,143,76 1,1,1,1,1,1,1,4,1,1,9,9,9
23,77,563,3723,2,517,2,933,2,63,172,15,107,2,1833,2,442,4285,2,15,7393,632,2,857,131,2,5,2203,13,1275 1,1,1,1,1,1,1,1,1,1,11,1,1,1,9,1,1,1,1,1,1,1,1,6,6,6,6,6,1,1
18,826,4589,2,493,2,5,771,677,2,32,57,32,210 1,1,1,1,1,1,1,7,7,1,1,1,1,12
23,78,545,30,14,182,17,2459,12,1740,2,2199,955,12,2426,2,164,143,703,162,511,938,12,2601,2,15,1018,753,12,2994,2,5,15,2199,5990,12,24422,18,706,309,5513,159,146,5,21,11,334,137,10,77 1,1,1,1,1,1,1,1,1,1,1,1,1,1,1,1,1,1,1,1,1,1,1,1,1,1,1,1,1,1,1,1,1,1,1,1,1,1,1,1,1,1,1,1,1,1,1,1,1,1
93,122,14,14427,4594,1013,23,52,337 1,1,1,1,1,1,1,1,1
18,21,1459,466,10,24423,122,13,15,24424,24425,4049 1,1,1,1,1,1,1,1,1,1,1,1
18,21,306,765,8884,2,192,7,71,50,2182,4374 1,1,1,1,1,1,1,1,1,1,1,1
18,113,50,15,782,2493,2293,296 1,1,1,1,1,1,1,1
6,181,14,7,43,3727 1,1,1,1,1,1
18,21,11,529,2051,1346,19,1357,248,536,4,4429,5073,49,4,1415,1143,2,10773,1375,337 1,1,1,1,1,1,1,1,1,1,1,1,1,1,1,1,1,1,1,1,1
27,6,1709,7,23,14426,6911,3227,19,6,52,663,68,14,15,5606,37,47,495,24426,12,6,622,3304,71,14,15,1840,515,611 1,1,1,1,1,1,1,1,1,1,1,1,1,1,1,1,1,1,1,1,1,1,1,1,1,1,1,1,1,1
11,280,5152,129,1156,80 1,1,1,1,1,1
494,4,1840,515,611,2,381,52,337 1,1,1,1,1,1,1,1,1
114,4,18,21,31,6955,6,24427,19,23,52,337,2,278,2,454,18,126,10,24428,86,3040,24429,84,14,316,15,4000,7,95,297,38,3814,890,15,1840,47,611 1,1,1,1,1,1,1,1,1,1,1,1,1,1,1,1,1,1,1,1,1,1,1,1,1,1,1,1,1,1,1,1,1,1,1,1,1,1
84,14,884,10,260,1092,6,4975,14,63,14428,37,692,10,55,14429,26,6,1708,37,18,21,61,3600,6724,13,63,14363,14428 1,1,1,1,1,1,1,1,1,1,1,1,1,1,1,1,1,1,1,1,1,1,1,1,1,1,1,1,1
47,221,781,10,50,23,125,9910,12723,2,1082,24430,10,50,6,24431,14429,13,24432 1,1,1,1,1,1,1,1,1,1,1,1,1,1,1,1,1,1,1
47,50,963,552,5073,10,2404,6,3068,37,18,3815,5716,32,57,32,6,6724,18,5716 1,1,1,1,1,1,1,1,1,1,1,1,1,1,1,1,1,1,1,1
92,40,207,38,3837,1831,32,552,5073,14,24433,2102,7,6,1583,24434,7,14430,63,611 1,1,1,1,1,1,1,1,1,1,1,1,1,1,1,1,1,1,1,1
18,2633,10,1026,260,108,18,21,87,1135,26,1446,12,6,3157 1,1,1,1,1,1,1,1,1,1,1,1,1,1,1
1152,329,11408,17,38,1549 1,1,1,1,1,1
1810,2402,1646,2,14431,2060,10774,10775,2,96 1,1,1,1,1,1,1,1,1,1
24435 1
