67,54,4,29473,7648,6181,124,2818,7673 1,1,1,1,1,1,1,1,1
4188,3,107 1,1,1
29474,41,563,3234,3,5568,10001,3,431,10002,10003,9,10004,8,10005,16412,282,4,5568,3234,468,12,89,17,96,115,668,112 1,1,1,1,1,1,1,1,1,1,1,1,1,1,1,1,1,1,1,1,1,1,1,1,1,1,1,1
6,28,14,221,2518,17,96,115,641,23,30,7,106,3,181,120,76,9,6,28,14,161,315,811,766,431,8,3,703,623,1394,5,10,15,681,10294,4631,1498 1,1,1,1,1,1,1,1,1,1,1,1,7,1,10,10,10,1,1,1,1,1,1,3,3,3,1,1,1,1,1,1,1,1,1,1,1,1
6,28,14,98,96,29475,116 1,1,1,1,1,1,1
13,641,10,6,4755,3,6,28,55,37,159,16,21,68,650,6,1735,3,16,417,749,11,84,12,23,3004,10,4572,1199,29,313,3,16,132,55,37,16,14,126,10,299,128,992,5,190,416,3040,13,40 1,1,1,1,1,1,1,1,1,1,1,1,1,1,1,1,1,1,1,1,1,1,1,1,1,1,1,1,1,1,1,1,1,1,1,1,1,1,1,1,1,1,1,1,1,1,1,1,1
16,90,48,34,135,5792,5,88,116,2646,10,612,76,3,1152,35,48,1602,3,226,7,184,3,990,3,300 1,1,1,1,1,1,1,1,1,1,1,1,1,1,1,1,1,1,1,1,1,1,1,1,1,1
6,28,731,6,1199,37,745,201,40,317,7,1105,3,1152,35,15759,649,13762,5,527,10,1358,1485,35,681,35,284 1,1,1,1,1,1,1,1,1,1,1,1,1,1,1,1,1,1,1,1,1,1,1,1,1,1,1
6,28,14,773,271,223,962,75,16,95,1164,12,6,29476,5,20,12218,1153,40,237,52,15,6026,1755,10,5135,1796,9,28,38,68,19,5135,1796,17,1087,87,97,15,2169,650,7,1485,3,75,15,404,37,119,488,23,5135,1796,340,95,8 1,1,1,1,1,1,1,1,1,1,1,1,1,1,1,1,1,1,1,1,1,1,1,1,1,1,1,1,1,1,1,1,1,1,1,1,1,1,1,1,1,1,1,1,1,1,1,1,1,1,1,1,1,1,1,1
13,641,10,6,28,82,116,7,703,623,1394,3,6,28,631,37,571,46,2586,492,538,19,6,210,22,7,4073,5,75,16,41,86,49 1,1,1,1,1,1,1,1,1,1,1,1,1,1,1,1,1,1,1,1,1,1,1,1,1,1,1,1,1,1,1,1,1
6,28,109,557,19,1088,17,23,106,35,60,35,6,4073,5,6,63,94,3609,43,6,757,89,20,3936,5,390,43,271,125,435,525,20,7166 1,1,1,1,1,13,1,1,7,1,1,1,1,1,1,1,1,1,1,1,1,1,6,6,6,1,1,1,1,1,1,1,1,1
6,28,146,52,376,60,3,11,301,116 1,1,1,1,1,1,1,1,1,1
11,269,81,7,182 1,1,1,1,1
102,77,4,20,31,582 1,1,1,1,1,1
316,4,63,94,943,43,271,20,7166,12,6,70,3,7166,12,6,53,3,807,20,6256,3,1481,125,3,2478,5,133,20,3293,192,5,104,4,447,87,302,498,13,311,39,479,468,12,17,96,115 1,1,1,1,1,1,1,1,1,1,1,1,1,1,1,1,1,1,1,1,1,1,1,1,1,1,1,1,1,1,1,1,1,1,1,1,1,1,1,1,1,1,1,1,1,1,1
176,106 1,7
6,28,41,1216,19,23,1088,3,711,15,65,35,60,35,23,4073,3,75,16,157,98,17,1283 1,1,1,1,1,1,13,1,1,1,1,1,1,1,1,1,1,1,1,1,1,1,1
23,63,94,197,10,52,60,179,19,40,389 1,1,1,1,1,1,1,1,1,1,1
175,7,6,483,237,52,1153,26,31,6,28,546,52,19,15,2213 1,1,1,1,1,1,1,1,1,1,1,1,1,1,1,1
6,28,3916,21,15,30,7,484,15,4522,130,1648,408,5,74,14,202,7,62,811,766,431,5,40,14,1338,62,2076,119,41,482,12,6,1398,3,600,50,237,31,1457,15,2287,4724,389,5,237,372,166,938,23,1088,13,15,2213 1,1,1,1,1,1,1,1,1,1,1,1,1,1,1,1,10,10,10,3,3,3,1,1,1,1,1,1,1,1,1,1,1,1,1,1,1,1,1,1,1,1,1,1,1,1,1,1,1,1,13,1,1,1
178,812 1,1
6,28,41,52,138,15,1581,17,962,125,22,10,52,943,27,1350 1,1,1,1,1,1,1,1,1,1,1,1,1,1,1,1
6,28,20,933,37,40,237,31,7648,6181,124,2818,7673 1,1,1,1,1,1,1,1,1,1,1,1,1
4188,3,107 1,1,1
29477,41,563,3234,3,5568,10001,3,431,10002,10003,9,10004,8,10005,16412,1167,58,52,916,1892,340,51,37,119,368,191,40,17,6,441,1684,129,3,600,16,546,52,449,10,2233,1734,2586,1442 1,1,1,1,1,1,1,1,1,1,1,1,1,1,1,1,1,1,1,1,1,1,1,1,1,1,1,1,1,1,1,1,1,1,1,1,1,1,1,1,1,1,1,1
6,28,109,46,15,374,3369,860,3,75,208,98,2279,10,23,116,7,209,992 1,1,1,1,1,1,1,1,1,1,1,1,1,1,1,1,1,1,1
195,1283,33,6,28,41,1216,19,23,210,22,7,4073,3,75,197,10,52,285,334,60 1,1,1,1,1,1,1,1,1,1,1,1,1,1,1,1,1,1,1,1,1
6,28,55,37,74,14,602,8216,3,602,1728,336 1,1,1,1,1,1,1,1,1,1,1,1
6,28,109,49,289,125,22,711,15,65,17,817,130,371,5,242,31,46,88,535,13,336,139,16,49,6,1890 1,1,1,1,1,1,1,1,1,1,1,1,1,1,1,1,1,1,1,1,1,1,1,1,1,1,1
253,1820 1,1
6,28,41,1216,19,23,2604,141,22,75,16,49,19,15,3222 1,1,1,1,1,1,1,1,1,1,1,1,1,1,1
1721 1
6,28,20,1221,19,2373,51,20,933,37,6,507,518,915,75,368,158,177,84,5,27,40,802,2483,271,37,6,2604,285,5,16,237,166,10,1216,19,40 1,1,1,1,1,1,1,1,1,1,1,1,1,1,1,1,1,1,1,1,1,1,1,1,1,1,1,1,1,1,1,1,1,1,1,1,1
28,21,2643,10,99,597,50,122,201,441,85 1,1,1,1,1,1,1,1,1,1,1
50,41,2659,122,6,28,12,117,129,17,15,772,520,9,6,28,82,520,1597,2659,2170,21,68,2431 1,1,1,1,1,1,1,1,1,1,1,1,1,1,1,1,1,1,1,1,1,1,1,1
6,393,14,3199,5,62,2431,1380,29,313,3,50,191,1081,10,192,6,28,82,580,5,926,397,810,88,1771,13,641,10,516 1,1,1,1,1,1,1,1,1,1,1,1,1,1,1,1,1,1,1,1,1,1,1,1,1,1,1,1,1,1
497,2818,7673 1,1,1
4188,3,107 1,1,1
29478,4,29479,29480,29481,29482,250,31,81,43,262,331,250 1,1,1,1,1,1,1,1,1,1,1,1,1
