67,54,4,29483,6239,258,124,6239,281,297,424,231,9409,563,3234,3,5568,10322,3,431,16413,29484,29485,282,4,293,3234,369,17,513 1,1,1,1,1,1,1,1,1,1,1,1,1,1,1,1,1,1,1,1,1,1,1,1,1,1,1,1,1,1
16,14,161,315,2704,43,64,10262 1,1,1,1,1,1,1,1
16,14,46,15,1103,1928,7,1157,3,51,64,10262,704,37,40,546,299,476 1,1,1,1,1,1,1,1,1,1,1,1,1,1,1,1,1,1
119,41,46,10,827,23,1281,3,75,46,68,12,6,1491,10,2666,471 1,1,1,1,1,1,1,1,1,1,1,1,1,1,1,1,1
119,98,41,981,188,27,23,1132,3,75,14,111,37,16,38,416,1027,5,2220,1504,35,60,35,131,989,1038,13,811,2537 1,1,1,1,1,1,1,1,1,1,1,1,1,1,1,1,1,1,1,1,1,1,1,1,1,1,1,1,1
16,21,557,19,1819,161,315,23,778,490 1,1,1,1,1,1,1,3,3,3
119,1081,10,827,23,393,89 1,1,1,1,1,1,1
119,98,46,68,479,37,16,21,68,15,1103,363,51,372,517,16,14,479,223,23,551,82,2345,13,567,373 1,1,1,1,1,1,1,1,1,1,1,1,1,1,1,1,1,1,1,1,1,1,1,1,1,1
119,38,15,916,235,223,40 1,1,1,1,1,1,1
102,101,4,19,102,101,3,23,140,14,1592,842 1,1,1,1,1,1,1,1,1,1,1,1
23,63,94,20,10918 1,6,6,6,6
6,513,20,5730 1,1,1,1
23,136,20,332 1,1,1,1
48,20,91,10,394,1051,5,463 1,1,1,1,1,1,1,1
103,77,20,145,145,13,11,213,3,561,26,502 1,1,1,1,1,1,1,1,1,1,1,1
214,20,152,5,396,13,11,1128 1,1,1,1,1,1,1,1
114,143,91,7,750,3,743,26,93 1,1,1,1,1,1,1,1,1
779,1256,20,44,5,1084,72 1,1,1,1,1,1,1
457,532,4,23,824,20,29486,1281,143,630,44,406 1,1,1,1,1,1,1,1,1,1,1,1
696,785,14,29487,1819,14,11696,1697,57,630,44,406 1,1,1,1,1,1,1,1,1,1,1,1
192,5,104,4,176,161,315,2704 1,1,1,1,1,1,1,1
16,197,10,52,2594,60 1,1,1,1,1,1
16,21,38,416,1157,3,51,50,1403,40,41,2488 1,1,1,1,1,1,1,1,1,1,1,1
178,3365 1,1
40,20,244,422 1,1,1,1
92,132,197,10,46,538 1,1,1,1,1,1
195,181,120,76 1,10,10,10
35,16,2594,66,23,2704,3,50,664,1153,92,1317,52,404,10,530,5134,5,29488,201 1,1,1,1,1,1,1,1,1,1,1,1,1,1,1,1,1,1,1,1
27,6,61,85,3,16,14,334,211,19,62,203,3,1819,5,289 1,1,1,1,1,1,1,1,1,1,1,11,1,1,1,1
313,3,92,208,52,37,16,237,1255,66,268,516,13,14318 1,1,1,1,1,1,1,1,1,1,1,1,1,1
253,776 1,15
40,21,68,4625,95 1,1,1,1,1
23,99,393,20,5247,12,1663,7,2614 1,1,1,1,1,1,1,1,1
346,363 1,1
16,86,19,2604 1,1,1,1
16,21,128,1744,223,23,551,82,567,373,3,5,16,197,10,46,128,7,23,29489,538 1,1,1,1,1,1,1,1,1,1,1,1,1,1,1,1,1,1,1,1,1
2860,2331,7469,3,107 1,1,1,1,1
12219,4,29490,250,31,81,43,262,331,250 1,1,1,1,1,1,1,1,1,1
