67,54,4,29491,1225,625,3,1985,2331,7469,3,107 1,1,1,1,1,1,1,1,1,1,1,1
6239,281,297,424,6239,258,124,680,9409,563,10322,3,431,16413,684,4,3234,3,5568,1934,542,4,12220,882,2331,4,50,38,6,1174,7,122,293,3234,12,612,198,89 1,1,1,1,1,1,1,1,1,1,1,1,1,1,1,1,1,1,1,1,1,1,1,1,1,1,1,1,1,1,1,1,1,1,1,1,1,1
40,3953,29492,302,498,21,38,80,39,30,639,17,181,120,76,3,106,3,703,623,1394,3,363,3,1820,3,1498,161,315,486,384,938 1,1,1,1,1,1,1,1,1,1,1,1,10,10,10,1,7,1,1,1,1,1,1,1,1,1,1,1,1,1,1,1
16,61,89,517,7,15,95,1302,7,1496,181,120,76 1,1,1,1,1,1,1,1,1,1,10,10,10
23,30,7,181,120,76,1783,13,23,61,96,23,486,384,938,12,1225,7,6741,12,5750,16,38,62,255,7,4348,323,5,880,467 1,1,1,10,10,10,1,1,1,1,1,1,1,1,1,1,1,1,1,1,1,1,1,1,1,1,1,1,1,1,1
16,38,11,91,1983,48,94,3,314,7,2778,26,93 1,1,1,1,1,1,1,1,1,1,1,1,1
1168,27,37,85,158,15,4263,154,75,242,31,91,722,325,5,62,1132,13,62,891,1138,7,215,42 1,1,1,1,1,1,1,1,1,1,1,1,1,1,1,1,1,1,1,1,1,1,1,1
16,1196,340,27,37,802,12,85,13,203,3,3571,3,752,1828,3,289,3,1088,3,1735,3,16411,3,2373,3,5,1819 1,1,1,1,1,1,1,1,1,11,1,74,1,1,1,1,1,1,13,1,1,1,1,1,1,1,1,1
16,38,68,770,7,380,136,3,48,3,303,5,1575,34,3,1923,1728,437,3,739,3,418,3,725,5,1524,597,40,80,1826 1,1,1,1,1,1,1,1,1,1,1,1,1,1,1,1,1,1,1,1,1,1,1,1,1,1,1,1,1,1
16,1466,38,359,244,60,13,341,709,2228,158,492,103,977,27,16414,5,96,15,29493,140,2228,1572,5,377,23,140 1,1,1,1,1,1,1,1,1,1,1,1,1,1,1,1,1,1,1,1,1,1,1,1,1,1,1
12,1306,7,1985,16,1196,1005,37,186,16,20,530,115,6,1352,2307,12,23,1422,16,1196,46,11604,48,453,5,128,437,27,6,1140,7,6,1625 1,1,1,1,1,1,1,1,1,1,1,1,1,1,1,1,1,1,1,1,1,1,19,19,19,19,19,19,1,1,1,1,1,1
16,488,285,13,6,29494,27,37,802,5,20,417,19,2397,340 1,1,1,1,1,1,1,1,1,1,1,1,1,25,1
159,37,85,16,21,55,37,16,21,38,173,377,12,116,5,225,6,80,113,21,1466,38,11,160,10,49,2480,754,5,21,68,49,6,296,2645,7,1625,97,535 1,1,1,1,1,1,1,1,1,1,1,1,1,1,1,1,1,1,1,1,1,1,1,1,1,1,25,25,1,1,1,1,1,1,1,1,1,1,1
16,109,55,590,5,1820,1152,37,16,14,391,344,58,10,117,552,15,421 1,1,1,1,1,1,1,1,1,1,1,1,1,1,1,1,1,1
16,109,86,10,52,770,7,1923,1728,437,3,739,3,418,26,1171 1,1,1,1,1,1,1,1,1,1,1,1,1,1,1,1
39,389,158,2604,3,2382,3,2427,125,2739,3,274,3,1819,3,1735,5,203 1,1,1,1,1,1,1,25,1,1,1,9,1,1,1,1,1,11
16,21,11,374,357,127 1,1,1,1,1,1
19,102,77,63,94,186,16,671,953,27,224,20,55,10,52,29495 1,1,1,1,1,1,1,1,1,1,1,1,1,1,1,6
27,6,61,85,92,14,29496,13,15,3234,3,5568,1934,542,4,12220,1225,625,3,1985,1167,267,130,156,7,1320,5,15,386,156,7,1079,74,14,11,118,12,1161,715,94 6,6,6,6,6,6,6,1,1,1,1,1,1,1,1,1,1,1,1,1,1,1,1,1,1,1,1,1,1,1,1,1,1,1,1,1,1,1,1,1
23,216,57,770,7,222 1,1,1,1,1,1
23,155,57,2184,91,10,463,783,3,5,103,77,14,639,17,15,4573,1630,3,304,5,29497,310,13,11,213,3,502,26,561 1,1,1,1,1,1,1,1,1,1,1,1,1,1,1,1,1,1,1,1,1,1,1,1,1,1,1,1,1,1
291,77,14,639,17,15,2849,860 1,1,1,1,1,1,1,1
74,14,11,1061,5,5080,57,74,222,61 1,1,1,1,1,1,1,1,1,1
194,114,57,639,17,217,562,3,1100,3,2367,2245,5,789,1591,133,13,11,93 1,1,1,1,1,1,1,1,1,1,1,1,1,1,1,1,1,1,1
196,77,14,639,344,17,6,29498,11558 1,1,1,1,1,1,1,1,1
1145,14,639,17,15,53,3105,1528,893,75,14,301,159,169,565,1382,425,7,29499 1,1,1,1,1,1,1,1,1,1,1,1,1,1,1,1,1,1,1
1021,20,639,344,17,15,1399,2799,2696,1472,5,11,173,325,19,29500 1,1,1,1,1,1,1,1,1,1,1,1,1,1,1,1
6,891,1138,19,15,9851,5852,20,2277,42 1,1,1,1,1,1,1,1,1,1
12,1351,3,92,197,37,293,3234,208,46,1204,15,301,778,490,295,12,15,53,3105,1528,893,12,1306,7,6378,16,550,3,313,3,98,46,387,23,626,2494,182,76,5,46,6,2799,1472,19,23,1021,1762,344,10,15,53,3105,1528,893 1,1,1,1,1,1,1,1,1,1,1,1,1,1,1,1,1,1,1,1,1,1,1,1,1,1,1,1,1,1,1,1,1,1,1,1,1,1,1,1,1,1,1,1,1,1,1,1,1,1,1,1,1,1,1
50,41,52,81,6,747,689,10,810,808,603,1771 1,1,1,1,1,1,1,1,1,1,1,1
12,1275,641,16,14,132,770,7,116,19,23,137,39,389,1151,23,118,140,5,23,118,63,94 1,1,1,1,1,1,1,1,1,1,1,1,1,1,1,1,1,1,1,1,1,1,1
50,1338,740,13,268,1224,66,1335,5,140,314,5,1717,13,1778,340,75,50,237,118,10,335,22,337 1,1,1,1,1,1,1,1,1,1,1,1,1,1,25,1,1,1,1,1,1,1,1,1
946 1
50,98,237,482,268,377,7,23,580,13,1163,340,51,237,344,482,40,139,192,23,922,10,13027,23,1335,1572 1,1,1,1,1,1,1,1,1,1,1,1,1,1,1,1,1,1,1,1,1,1,1,1,1,1
138,23,2291,7,116,27,6,61,85,13,23,712,105,308,3,50,237,2562,10,1717,19,6,39,340,3764 1,1,1,1,1,1,1,1,1,1,1,1,1,1,1,1,1,1,1,1,1,1,1,1,1
50,704,37,16,550,52,16415,10,977,27,16414,13,6,1533,37,268,2160,368,299,201,188,19,1334,12,1892,7,341,709,2228 1,1,1,1,1,1,1,1,1,1,1,1,1,1,1,1,1,1,1,1,1,1,1,1,1,1,1,1,1
50,1338,981,2051,10,235,40,1401,268,13,360 1,1,1,1,1,1,1,1,1,1,1
92,82,1338,15,1174,10,1784,12,23,198 1,1,1,1,1,1,1,1,1,1
1015,3,29501,2896,9775,3,107 1,1,1,1,1,1,1
806,4,16416,825,4,29502,843,4,16416,29503,250,31,81,43,262,331,250 1,1,1,1,1,1,1,1,1,1,1,1,1,1,1,1,1
