69,49,4,24596,1470,292,345,17,207,100 1,1,1,1,1,1,1,1,1,1
1305,4594,7,1012,34,12,1432 1,1,1,1,1,1,1
11,2184,26,388 1,1,1,1
2538,57,27,420,13,11,702,26,655 1,1,1,1,1,1,1,1,1
2538,12,886,32,9531,10,24597 1,1,1,1,1,1,1
5584,1002,7,350,1521,7,1341,866,497,1275,108,16,2660,4113 1,1,1,1,1,1,1,1,1,1,1,1,1,1
1863,1302,10139,42,128,3108 1,1,1,1,1,1
11,1920,26,4697 1,1,1,1
167,1101,118,353,188,1617,305,76,127,1472,2805,599,2204,1520,254,188,132,1037,336,343,76,103,70,10791,703,4964,2204,1016,1198,1624,10792 1,1,1,1,1,1,1,1,10,1,1,1,1,1,16,1,1,1,1,1,1,1,1,1,1,1,1,1,1,1,1
201,42,58,6705,12,10793,104,909,3374,207,100 1,1,1,1,1,1,1,1,1,1,1
77,517,521,35,45,9,62,8,25,33,60,32,575,493,9,1855,397,8,35,45,9,62,8,25,506,60,32,575,119,5759,2307,767,491,35,45,9,62,8,25,873,60,32,575,2847,9,1943,4875,8,390,35,45,9,62,8,25,291,60,32,575,2452,683,35,45,9,62,8,25,33,60,32,575,3644,9,2649,1581,4023 1,1,1,1,1,1,1,1,1,1,1,1,1,1,1,1,1,1,1,1,1,1,1,1,1,1,1,1,1,1,1,1,1,1,1,1,1,1,1,1,1,1,1,21,1,1,1,1,1,1,1,1,1,1,1,1,1,1,1,1,1,1,1,1,1,1,1,1,1,1,1,1,1,1,1,1
8,5336,35,45,9,62,8,25,33,60,32,575,442,2294,9,447,22,6525,335,8,778,35,45,9,62,8,25,33,60,32,575,2146,4377,35,45,9,62,8,25,1980,60,32,575,2525,10794,35,45,9,62,8,25,1980,60,32,575,933,9,1116,8,390,35,595,9,62,8,25,33,556,1503,626,35,45,9,62,8,25,59,60,32,575,235,9,787,8,446,35,45,9,62,8,25,59,60,32,575,2221,9,5993,8,1915,35,595,9,62,8,25,33,60,32,575,1146,3497,905,73,4,121,3850,9,423,614,727,8,111,4575,296,982,479,57,226,4,1234,1056,27,1912,13,1459,302,722,48,11,1945 1,1,1,1,1,1,1,1,1,1,1,1,1,1,1,1,1,1,1,1,1,1,1,1,1,1,1,1,1,1,1,1,1,1,1,1,1,1,1,1,1,1,1,1,1,1,1,1,1,1,1,1,1,1,1,1,1,1,1,1,1,1,1,1,1,1,1,7,1,1,1,1,1,1,1,1,1,1,1,1,1,1,1,1,1,1,1,1,1,1,1,1,1,1,1,1,1,1,1,1,1,1,1,1,1,1,1,1,1,1,1,1,1,1,1,1,1,1,1,1,1,1,1,1,1,1,1,1,1,1,1,1,1,1,1,1,1,1,1,1,1
340,4,463,133,5,375,516,4,11,79 1,1,24,1,1,1,1,1,1,1
1432,4,11,2184,26,388,833,421,4,185 1,1,1,1,1,1,1,1,1,1
409,73,27,450 1,1,1,1
207,156,583 1,1,1
670,4,185 1,1,1
116,4,185 1,1,1
685,4,8224,6785,19,4693,3574,12,1426 1,1,1,1,1,1,1,1,1
1293,10,1838,2252,2,290,24,95,5,6154,1341,12,350,9193 1,1,1,1,1,1,1,1,1,1,1,1,1,1
2204,1016,4,201,42,58,6705,19,24598,5,514,4247,13,52,354,70 1,1,1,1,1,1,1,1,1,1,1,1,1,1,1,1
24,114,14,3374,73 1,1,1,1,1
1132,318,577,4,40,55,460,752,12,6,400,376 1,1,1,1,1,1,1,1,1,1,1,1
1012,4,963,170,10,750,1012,308,4,58,14458,17,207,100 1,1,1,1,1,1,1,1,1,1,1,1,1,1
126,13,517 1,1,1
424,927,1551,7631,367,24599,8722,2518,4,553,237,594,812,73,7631,577,1132,14459,153,617,14460,286,7,497,346,36,318,1772,14461,346,309,139,7631,578,15,1055,2688,14462,395,155,1005,207,100,12,497,198 1,1,1,1,1,1,1,1,1,1,1,1,1,1,1,1,1,1,1,1,1,1,1,1,1,1,1,1,1,1,1,1,1,14,14,14,1,1,1,1,1,1,1,1,1,1
7803,5501,2833,3756,2,96 1,1,1,1,1,1
