69,49,4,24620,518,24621,303,1315,101,5770,2,10797,157,24622,101,49,4,24623,629,391,4,588 18,1,1,1,1,1,1,1,1,1,1,1,1,1,1,1,1,1,1,1,1,1
30,7,629,391,4,38,1749,200,307,528,139,304,91,429,369,959,5,237,1209,7617,708,416,37,18,20,448,57,532,97,420,151,18,321,10,9283,65,6,1270,1331 1,1,1,1,1,1,1,1,1,1,1,1,1,1,1,1,1,1,1,1,1,1,1,1,1,1,1,1,1,1,1,1,1,1,1,1,1,1,1
18,222,31,2208,87,94 1,1,1,1,1,1
18,416,37,18,20,588,814,6,420,2,222,31,1821,10,12288,23,1343,2,1008,58,8895,80,104,936,23,10,1297,12 1,1,1,1,1,1,1,1,1,1,1,1,1,1,1,1,1,1,1,1,1,1,1,1,1,1,1,1
18,416,37,18,222,31,871,819,6,1331,20 1,1,1,1,1,1,1,1,1,1,1
18,519,31,125,84,5,18,222,31,2208,94 1,1,1,1,1,1,1,1,1,1,1
18,21,11,44,34,2,11,255,7,194 1,1,1,1,1,1,1,1,1,1
18,14,31,2574 1,1,1,1
18,14,19,2990,5,493,362 1,1,1,1,1,1,1
18,21,31,39,23,64,1453 1,1,1,1,1,1,1
6,468,7,6,213,129,177,5,53,66 1,1,1,1,1,1,1,1,1,1
78,89,30,4,438,2,91,429,2,1356 1,1,1,1,1,1,1,1,1,1
77,4,1009,65,6,948 1,1,1,1,1,1
137,4,1009,65,6,948 1,1,1,1,1,1
179,30,4,18,295,13,23,1343 1,1,1,1,1,1,1,1
93,122,4,23,118,145,20,474,2,23,870,14,7239,1474,2,67,94,14,12242 1,1,1,1,1,1,1,1,1,1,1,1,1,1,1,1,1,1,1
38,14,15,2790,528,2,413,2,646 1,1,1,1,1,1,1,1,1
202,73,14,1125,2,1186 1,1,1,1,1,1
112,14,133,5,330 1,1,1,1,1
1414,5,1184,53,43 1,1,1,1,1
24624,1130,2907 1,1,1
3404,53,90 1,1,1
2286,53,6448 1,1,1
68,14,11,1078,580,1386 1,1,1,1,1,1
118,39,15,135,145,5,212 1,1,1,1,1,1,1
6,226,129,90,10,452,193 1,1,1,1,1,1,1
6,187,20,133,2,375 1,1,1,1,1,1
11,1739 1,1
11,953 1,1
68,14,15,1867,27,6,70,1270 1,1,1,1,1,1,1,1
6,429,1331,20,173,35,601,5,3887,48,68,20,106,350,7172,65,6,1331 1,1,1,1,1,1,1,1,1,1,1,1,1,1,1,1,1,1
84,795,13,94 1,1,1,1
6,29,20,4946,12,67,5,67,4563 1,1,1,1,1,1,1,1,1
6,307,3023,20,1983 1,1,1,1,1
192,6,24625,67,5,67,4563,129,1983 1,1,1,1,1,1,1,1,1
6,29,20,14468,100,42,2733 1,1,1,1,1,1,1
237,2,6,10798,1730,23,12,6,144,24626 1,1,1,1,1,1,1,1,1,1
489,233,4,64,2,1069,2,801,129,1156 1,1,1,1,1,1,1,1,1,1
364,1958,12,189,4,117,2393,13,6,29,27,4018,2,84,1044,37,18,295,13,23,6195,1343 1,1,1,1,1,1,1,1,1,1,1,1,1,1,1,1,1,1,1,1,1,1
18,14,5271,17,170,5,14,15,2328,7401,13,38 1,1,1,1,1,1,1,1,1,1,1,1
5472,2,23,89,5545,1562,14,31,6235,5183,10,5837,13,38,860 1,1,1,1,1,1,1,1,1,1,1,1,1,1,1
18,40,55,265,10,6,2545,680,814,6,107,17,1436,13622 1,1,1,1,1,1,1,1,1,1,1,1,1,1
179,3137,40,55,1976,10,3340,17,15,140,4190,1436 1,1,1,1,1,1,1,1,1,1,1,1
58,8895,20,1008 1,1,1,1
4327,9,317,440,8,4,179,3137,5,58,8895 1,1,1,1,1,1,1,1,1,1,1
678,494,4,588,65,429,1331,5,5545,2953 1,1,1,1,1,1,1,1,1,1
642,9,317,630,712,377,8,4,125,6,948,17,642 1,1,1,1,1,1,1,1,1,1,1,1,1
1416,24627,1761,14469,2,96 1,1,1,1,1,1
14470,24628,24629,597,42,4,1761,14469,2,96 1,1,1,1,1,1,1,1,1,1
14470,384,4,5019,2769,8895,2,96 1,1,1,1,1,1,1,1
24630,232,31,177,42,240,312,232 1,1,1,1,1,1,1,1
