69,49,4,24655,414,4,10797,5770,485,4,24656,581,17,101,4,10797,5770,14,15,7632,29,7,58,6032,6821,2,5,14,718,490,7,3472,1995,331 18,1,1,1,1,1,1,1,1,1,1,1,1,1,1,1,1,1,1,1,1,1,1,1,1,1,1,1,1,1,1,1,1,1
30,7,156,360,4,552,5770,21,15,30,7,81,341,781,168,268,271,109,159 1,1,1,1,1,1,1,1,1,1,1,4,4,1,1,1,1,1,1
18,85,21,39,127,5,251,945,191,647,6,1140,2319,7,95 1,1,1,1,10,1,16,16,1,1,1,1,1,1,1
18,21,15,1180,30,317,409,332,5,1023,332,2,362,480,5,12,4306 1,1,1,1,1,1,1,1,1,1,1,1,1,1,1,1,1
23,331,21,61,3472,2230,191,134,159,13,15,4036,7,1506,12,2913,2,1571,12,176,7968,2,3080,5,2500,12,859,3341,13,2987,12,176,3341,2,5,288,2361,1156,19,1231,5308,2,6927,18,21,61,791,5741,12,6,134,198,13,15,835,542,7,14477,23,1995,1804,2,1227,2,5,889,5,53,31,1926,252,2,5,530,14,43,27,10117,1728,227,1518,1370,12,1615,2913,5,11538,2592,136,37,95 1,1,1,1,1,1,1,1,1,1,1,1,1,1,1,1,1,1,1,1,1,1,1,1,1,1,1,1,1,1,1,1,1,1,1,1,1,1,1,1,1,1,1,1,1,1,1,1,1,1,1,1,1,1,1,1,1,1,1,1,1,1,1,1,1,1,1,1,1,1,1,1,1,1,1,1,1,1,1,1,1,1,1,1,1,1,1,1,1,1,1
58,6821,1156,63,1575,122,12,1110,2,71,227,2256,24657,132,24658,2,48,11,160,7,1233,2,2659,2,26,342 1,1,1,1,1,1,1,1,1,1,1,1,1,1,1,1,1,1,1,1,1,1,1,1,1,1
18,21,7357,63,3880,2218,17,3174,3985 1,1,1,1,1,1,1,1,1
18,113,31,871,1092,359,7,81,53,156,2,48,18,21,39,11,2324,522,17,87,10802,981 1,1,1,1,1,1,1,4,1,1,1,1,1,1,1,1,1,1,1,1,1,1
288,2,18,21,61,699,24659,2955,13,1459,1077,5,3020,3932,272 1,1,1,1,1,1,1,1,1,1,1,1,1,1,1
18,24660,2759 1,1,1
23,121,21,14478,42,173,105,643 1,1,1,1,1,1,1,1
18,14,610,9232 1,1,1,1
18,14,2981,4877,19,639 1,1,1,1,1,1
18,14,31,8174,42,976,2598,26,42,2100,3121,7,23,181 1,1,1,1,1,1,1,1,1,1,1,1,1,1
23,77,126,32,3688,13,1047,5698,2,403,6538,2,348,5,15,2282,817,262,7,235,27,368,22,793,15,107 1,1,1,1,1,1,13,13,1,1,12,1,1,1,1,1,1,1,1,1,1,1,1,1,1,1
77,2908,10801,22,25,35,347,33,1692,3124,22,25,35,347,33,1151,35,347,33,153,1014,215,2234,4,32,575 1,1,1,1,1,1,1,1,1,1,1,1,1,1,1,1,1,1,1,1,1,1,1,1,1,1
1889,684,22,25,35,347,33,4136,9,10799,8,109,22,25,35,347,33,442,2672,778,2,51,45,9,62,8,25,59,4419,9,8897,8,51,2457,2482,59,3084,1361,9,3744,1361,8,51,2457,2482,59,1932,9,172,1721,1722,8,925,2,35,45,9,62,8,25,35,14476,235,9,787,8,1668,2,51,45,9,62,8,25,59,501,9,556,1503,8,626,2,684,45,9,62,8,25,59,2396,2672,9,2311,2672,8,1017,2,35,45,9,62,8,25,291,987,9,310,8,778,2,51,45,9,62,8,25,4,51,1366,25,509,2,51,1366,25,506 1,1,1,1,1,1,1,13,1,13,1,1,1,1,1,1,1,1,1,1,1,1,1,1,1,1,1,1,1,1,1,1,1,1,1,1,1,1,1,1,1,1,1,1,1,1,11,1,11,1,1,1,1,1,1,1,1,1,1,1,1,1,1,1,1,1,1,1,1,1,1,1,1,1,1,7,1,1,1,1,1,1,1,1,1,1,1,1,1,1,1,1,1,1,1,1,1,1,1,1,1,1,1,1,20,1,20,1,1,1,1,1,1,1,1,1,1,1,1,1,1,1,1,1,1,1
5123,1481,35,347,25,59,1650,9,6951,8,7502,2,35,45,9,62,8,25,59,7991,9,1151,8,35,347,25,33,2173,9,5039,8,4256,2,35,45,9,62,8,25,3029,933,9,1116,8,390,2,35,595,9,62,8,25,59,210,130,22,25,35,347,33,93,122,4,19,122,80,2,18,1423,2948,48,3350,1442 1,1,1,1,1,1,31,1,1,1,1,1,1,1,1,1,1,1,1,1,1,1,1,1,1,1,1,1,1,1,1,1,1,1,1,1,1,1,1,1,1,1,1,1,1,1,1,1,1,1,1,1,1,12,1,1,1,1,1,1,1,1,1,1,1,1,1,1,1,1,1,1,1
18,6386,12,15,24661,1039,6572,2376,2,71,21,3367,136,153,7,23,545,1564 1,1,1,1,1,1,1,1,1,1,1,1,1,1,1,1,1,1
23,67,94,12,6,70,349,2,1147,2,14,14479,13,135,296,5885,23,44,21,15,451,1638,942,48,12,224,14,90,5,662,3521,4971 1,1,1,1,1,1,1,1,1,1,1,5,1,1,1,1,1,1,1,1,1,1,1,1,1,1,1,1,1,1,1,1
487,10290,944,6,1494,4278,118,482,15,1840,51,653,417,2,13556,27,6,412,52,1494,2027 1,1,1,1,1,1,1,1,1,1,1,1,1,1,1,1,1,1,1,1,1
187,14,133,5,375 1,1,1,1,1
68,14,11,132,277 1,1,1,1,1
217,50,11,79 1,1,1,1
320,4,1387,132,353,12,15,7632,407,13,268,271,109,159,1643,30,7,81,32,57,21,127,5,254 1,1,1,1,1,1,1,1,1,1,1,1,1,1,1,1,1,4,1,1,1,10,1,1
6,2592,2,108,941,2,209,2720,6,494,7,381,1358,48,38,209,55,2100,12,6,2615,7,981 1,1,1,1,1,1,1,1,1,1,1,1,1,1,1,1,1,1,1,1,1,1,1
84,209,55,6825,10,871,65,23,3880,1092,981,14,156 1,1,1,1,1,1,1,1,1,1,1,1,1
84,14,2,7,408,2,85,380,37,18,21,343,76,1393,6,3270 1,1,1,1,1,1,1,1,1,1,1,1,1,1,1,1
2440,10110,5,6,2867,7,2592,209,9242,3601,38,1754 1,1,1,1,1,1,1,1,1,1,1,1
6,1047,1836,12,6,2867,7,343,76,1279,7,408,4344,23,1995,331,42,7196,132,67,1329,1039 1,1,1,1,1,1,1,1,1,1,1,1,1,1,1,1,1,1,1,1,1,1
23,274,7,1077,5,272,176,57,55,741,10,6,1563,7,132,353 1,1,1,1,1,1,1,1,1,1,1,1,1,1,1,1
2912,4,47,209,1208,37,18,125,24662,5689,2,5281,2,15,132,24663,2,10,8016,15,333,1239,17,132,353,32,57,32,17,23,81,5,254 1,1,1,1,1,1,1,1,1,1,1,1,1,1,1,1,1,1,1,1,1,1,1,1,1,1,1,1,1,1,4,1,1
38,1279,24664,12,7196,106,7,23,272 1,1,1,1,1,1,1,1,1
84,880,84,209,55,14184,32,63,24665,10,2543,26,3216,23,4136,5,2112,23,235,24666,10,125,1092,1995,331,1991,13,553,1047,6651,5,1039,268,760,1131 1,1,1,1,1,1,1,1,1,1,1,1,13,13,13,1,1,1,1,1,1,1,1,1,1,1,1,1,1,1,1,1,1,1,1
108,2,7,408,2,255,7,194,7399,26,79,479,2,237,3980,10,6,235,209,55,2401 1,1,1,1,1,1,1,1,1,1,1,1,1,1,1,1,1,1,1,1,1
84,1279,55,37,15,1735,5181,2,24667,2767,2,1155,32,83,22,7,5505,1279,907,10,338,79,9,5,633,8,5,2543,6,4331,17,235 1,1,1,1,1,1,1,1,1,1,1,1,1,1,1,1,1,1,1,1,1,1,1,1,1,1,1,1,1,1,1,1
108,1995,331,2697,24668,13,553,1047,5,2674,2,84,209,8783,1089,37,6,5274,20,31,192,7091,2,5,84,1279,55,237,380,10,808,10,472,3001,13,553,9725 1,1,1,1,1,1,1,1,1,1,1,1,1,1,1,1,1,1,1,1,1,1,1,1,1,1,1,1,1,1,1,1,1,1,1,1,1
23,461,14,11,3869,741,10,2364,7,10004,5,209,218,1525,65,24669,364,13,3873,9,1155,32,7126,190,793,15,223,8,26,5821,8 1,1,1,1,1,1,1,1,1,1,1,1,1,1,1,1,1,1,1,1,1,1,1,1,1,1,1,1,1,1,1
114,4,92,40,1729,15,389,80,17,488,975,10,331,1483,2,71,176,907,1089,3986,1092,6,860,14,4594,381,1358 1,1,1,1,1,1,1,1,1,1,1,1,1,1,1,1,1,1,1,1,1,1,1,1,1,1,1
108,393,2,6,3911,4506,209,55,1239 1,1,1,1,1,1,1,1,1
92,285,6,13761,2107,301,17,964,9,6965,11,150,9096,89,24670,8 1,1,1,1,1,1,1,1,1,1,1,1,1,1,1,1
84,209,55,6825,17,23,10,101,6,4784,132,441,9,4842,401,19,1082,1032,27,24671,2,1264,13,552,5689,74,622,8,10,8016,173,14480,7,964 1,1,1,1,1,1,1,1,1,1,1,1,1,1,1,1,1,1,1,1,1,1,1,1,1,1,1,1,1,1,1,1,1,1
92,285,7063,7,15,3334,2199,2,71,454,55,346,57,297,15,301,17,84,9710 1,1,1,1,1,1,1,1,1,1,1,1,1,1,1,1,1,1,1
47,209,2,12,1708,2,1491,37,18,2029,10,50,38,346,12,6,400,451,198 1,1,1,1,1,1,1,1,1,1,1,1,1,1,1,1,1,1,1
38,519,55,3355,814,58,10803,74,622,26,2112,42,2393,13,58,24672,6987 1,1,1,1,1,1,1,1,1,1,1,1,1,1,1,1,1
47,40,2,7,408,2,907,13,87,7,472,3911,32,1633 1,1,1,1,1,1,1,1,1,1,1,1,1,1
5109,4457,2,96 1,1,1,1
6032,389,488,24673,1483,14,316,6648,9,9419,10,173,1435,24674,26,2592,8 1,1,1,1,1,1,1,1,1,1,1,1,1,1,1,1,1
38,14,15,214,350,1521,17,381,1358,2,5,14481,12,5464,7,343,76 1,1,1,1,1,1,1,1,1,1,1,1,1,1,1,1,1
47,209,1208,1216,15,2202,7,132,1469,10,2869,17,87,1468,143,1233 1,1,1,1,1,1,1,1,1,1,1,1,1,1,1,1
108,156,84,209,5438,17,6,3939,7,23,331,10,1047,26,142,12,2559 1,1,1,1,1,1,1,1,1,1,1,1,1,1,1,1,1
5930 1
