69,49,4,24743,568,24744,1327,141,72,75,289,29,414,4,4714,2,7634,512,46,10813,3321,4,24745,440,4,58,7417,10814,49,7,141,4,24746,2778,4,1662,1661 1,1,1,1,1,1,1,1,1,1,1,1,1,1,1,1,1,1,1,1,1,1,1,1,1,1,1,1,1,1,1,1,1,1,1,1,1
345,13,270,432,15,205,19,6,107,7,141,234,4,64 1,1,1,1,1,1,1,1,1,1,1,1,1,1
14,15,1662,1661 1,1,1,1
345,13,5105,6797,13,1235,183,5105,12,8908,2,103,4461,9,5904,14509,8,2,116,2,685,2,5,461,104,1530,180,696,7,270,434,1939,423,432,15,356,10393,24747,205,19,6,107,7,141 1,1,1,1,1,1,1,1,1,1,1,1,1,1,1,1,1,1,10,1,1,1,1,1,1,1,1,1,1,1,1,1,1,1,1,1,1,1,1,1,1,1,1,1
64 1
586,15,14510,121,1313,191,6,78,223 1,1,1,1,1,1,1,1,1
16,85,267,15,989,223,216,734,1265,151,16,7616,24,10203,24748,26,1544,12,24,12994 1,1,1,1,1,1,1,1,1,1,1,1,1,1,1,1,1,1,1,1
27,24,450,2,319,319,974,7,15,4616,952,366,26,455 1,1,1,1,1,1,1,1,1,1,1,1,1,1
183,123,2078,2,16,39,10,60,84,2654,432,15,24749,32,16,209,3318,2801,1265,13,839,639 1,1,1,1,1,1,1,1,1,1,1,1,1,1,1,1,1,1,1,1,1,1
9800,2078,2,64 1,1,1,1
1898,3071,6920,151,16,1880,10,4872,423,17,535 1,1,1,1,1,1,1,1,1,1,1
6,29,4086,533,270,117,1939,423,17,15,451,606,432,24,3516,16,549,9650,455,432,38,656,4842,12,6,157,3131,24750 1,1,1,1,1,1,1,1,1,1,1,1,1,1,1,1,1,1,1,1,1,1,1,1,1,1,1,1
6,34,2731,17,647,109,1902,2,4417,12,4114,2,222,31,6345,2,222,31,228,13,2318,2,1359,117,124,1837,12,6,189 1,1,1,1,1,1,1,1,1,1,1,1,1,1,1,1,1,1,1,1,1,1,1,1,1,21,1,1,1
16,1898,15,1084,455,432,63,3867,7,24,3566,363,198,2078 1,1,1,1,1,1,1,1,1,1,1,1,1,1
38,455,20,4318,31,55,55,7833 1,1,1,1,1,1,1,1
261,969,2,36,1642,2,36,1251,2,36,396 1,1,1,1,1,1,1,1,1,1,1
16,267,1041,15,1814,7,8481,4062 1,1,1,1,1,1,1,1
36,134,24751,2815 1,1,1,1
5106,299,24752,471,13,216,24753,6010,461,9,252,2396,2,252,3450,8,514,10,50,5424,1023,6183,1981,1467,1170,363,14511,24754 1,1,1,1,1,1,1,1,1,1,1,1,1,1,1,1,1,1,1,1,1,1,1,1,1,1,1,1
85,166,3025,2,713,2,4731,1962 1,1,1,1,1,1,1,1
24755,265,10,5132,13,2079,6399,34 1,1,1,1,1,1,1,1
4138,205,686,17,817,693,14512,286,7,6,350,300,13,902,571 1,1,1,1,1,1,1,1,1,1,1,1,1,1,1
24756,902,2977,4,5105 1,1,1,1,1
24757,201,12,308 1,1,1,1
285,494 1,1
3355,10393 1,1
5741 1
24758,2714,2977,36,354,66,17,2714,2886,2,5222,959,24759,1752,46,35,24760,149,4553,1566,13,3552,24761,3552,3884,124 1,1,1,1,1,1,1,1,1,1,1,1,1,1,1,1,1,1,1,1,1,1,1,1,1,1
6647 1
24762,12,356,2,166,10,55,24763,1170,6647,5,13,802,7523 1,1,1,1,1,1,1,1,1,1,1,1,1,1
1755,13677,2,5369,10818 1,1,1,1,1
5741,36,354,10492,3552 1,1,1,1,1
24764,1752,46,51,4461,2,2154,656,8317,44,34,1500,24765,98,259,3559,12,14509,189,408,4,638,4,12054,24766,24767,14273,24768,41,628,124,211,370,22,2,1837,1519,2,235,390,219,1519,2,447,24769 1,1,1,1,1,1,1,1,1,1,1,1,1,1,1,1,1,1,1,1,1,1,1,1,5,1,1,1,1,1,1,11,1,1,1,21,1,1,1,1,1,1,1,1,1
1545,4,161,1235,219,5105,8908 1,1,1,1,1,1,1
218,12433,2275,2886,7,902,28,11,1033,3188,26,2012,2886 1,1,1,1,1,1,1,1,1,1,1,1,1
103,259,3559,4461,2158 1,1,1,1,1
97,1752,24770 1,1,1
540,205,24771,227,6399,693,1933,12,1118,10,24772,601 1,1,1,1,1,1,1,1,1,1,1,1
205,24773,227,8530,4655,1566,12,6,70,197,2209,24774,7612,7,350,300,1126,15,900,350,300,4560 1,1,1,1,1,1,1,1,1,1,1,1,1,1,1,1,1,1,1,1,1,1
165,6010,461,971,7346 1,1,1,1,1
186,2187,249,3199,2569,36,6068,2768,5854,14505 1,1,1,1,1,1,1,1,1,1
540,10749,5308,2,24775 1,1,1,1,1
9643,1981,36,3564,2768,5854,7346 1,1,1,1,1,1,1
97,752,12282,13,1466,7,24776,675,1981,12,5424,1023 1,1,1,1,1,1,1,1,1,1,1,1
351,685,36,2238,7346,604,102,5736,1603,4914,65,24777,10,130,601,13,11,160,7,1584,26,6948,3527 1,1,1,1,1,1,1,1,1,1,1,1,1,1,1,1,1,1,1,1,1,1,1
459,116,636,24778,10508,158,10,2158,322 1,10,1,1,1,1,1,1,1
137,4,4108,36,892,10494,36,339,1648,77,27,140,4,1116,36,390,283,184,130,22,25,33,501,196,22,25,59,10765,4,24779,1466,7,6,4941,5565,5,5424,1023,17,2000,1233,27,6,4941,5565 1,1,1,1,1,1,1,1,1,1,1,1,1,1,1,1,1,13,1,1,1,1,7,1,1,1,1,1,1,1,1,1,1,1,1,1,1,1,1,1,1,1,1,1,1
1994,227,350,24780,13,2930,7135,2,9287,1782,24781,1137,1566,2,1959,9657,2548,13,14513,24782,5,180,5,9374,9658,557,13,8103,24783 1,1,1,1,1,1,1,1,1,1,1,1,1,1,1,1,1,1,1,1,1,1,1,1,1,1,1,1,1
68,20,85,3564,2768,3933,1303,601,12,6,5424,24784,1667,24785,2,11,160,7,2475 1,1,1,1,1,1,1,1,1,1,1,1,1,1,1,1,1,1,1
2997,4,64 1,1,1
14,1616,2,295,42,2272 1,1,1,1,1,1
16,6459,2015,12,10808,3531,48,20,7940,664,35,6815,2078 1,1,1,1,1,1,1,1,1,1,1,1,1
16,21,15,3431,7138,7,128,5,5257 1,1,1,1,1,1,1,1,1
16,113,31,1374,2,21,35,5581,11196,866,451,198,2,5,88,2226,624,245 1,14,14,14,14,1,1,1,1,1,1,1,1,1,1,1,1,1
2575,4,24786,120,2,24787,477,36,120,2,116,499,4,11,5358 1,1,1,1,1,1,1,1,1,1,10,1,1,1,1
261,14510,121,1313,12,51,236 1,1,1,1,1,1,1
11,24788,8779 1,1,1
11,8150 1,1
11,3430,6405 1,1,1
11,4141,7,988,2,3918,394 1,1,1,1,1,1,1
11,807 1,1
36,24789,2,8259,1214 1,1,1,1,1
73,4,638,4,24790,24791,6952,14514,41,628,224,4,436,202,4,1623,2,725,2 1,1,1,1,1,1,1,1,1,1,1,1,1,1,1,1,1,1,1
570,2,112,4,330,2,275,1596,2,11,269,2,11,846,2,44,4,745,75,289,193,2,11,856,2,942,2,26,5227,1977,4,418,324,246,253,2,11,1058,2,24792,481,2,171,3634,625,952,229,340,4,133,2,3086,2,324,558,2,11,1003,2025,4,3384,2,11,1505,171,3827,193,323,4,10141,2,916,324,2,951,591,814,2097,175,2,731,1028,2295,5,531,2,1099,175 1,1,1,1,1,1,1,1,1,1,1,1,1,1,1,1,1,1,1,1,1,1,1,1,1,1,1,1,1,1,1,1,1,1,1,1,1,1,1,1,1,1,1,1,1,1,1,1,1,1,1,1,1,1,1,1,1,1,1,1,1,1,1,1,1,1,1,1,1,1,1,1,1,1,1,1,1,1,1,1,1,1,1,1,1,1,1,1
2261,74,171,5,863,12,1203,531,5,2295 1,1,1,1,1,1,1,1,1,1
853,423,193 1,1,1
600,10,1829,324,2,7301,324 1,1,1,1,1,1,1
181,4,24793,467,4,8909,24794,649,2185,524,1862,824,2621,689,24795,379,723,804,1506,770,2363,8909,8909,14515,24796,867,130,9,54,8,1330,2644,66,4014,125,790,2383,66,2986,456,1858,282,457,17,4,4714,2,7634,72,215,414,5132,8909,24797,298,3240,615,10819,9,54,8,458,4072,9,54,8,266,8010,9,54,8,530,1470,665,6905,698,6540,443,4888,666,5096,2914,431,1081,125,790,41,1753,1580,9,72,8,41,897,259,9,54,8,41,1637,183,41,732,51,41,1675,515,464,4,280,149,1874,305,79 1,1,1,1,1,1,1,1,1,1,1,1,1,1,1,1,1,1,1,1,1,1,1,1,1,1,1,1,1,1,1,1,1,1,1,1,1,1,1,1,1,1,1,1,1,1,1,1,1,1,1,1,1,1,1,1,1,1,1,1,1,1,1,1,1,1,1,1,1,1,1,1,1,1,1,1,1,1,1,1,1,1,1,1,1,1,1,1,1,1,1,1,1,1,1,1,1,1,1,1,1,1,1,1,1,1,1,1,1,1,1,1,1,1
147,4,324,399,212,2,54,1000,2823,2,324,1950,2,276,1278,4235,47,2,2535,2,276,1278,3060,4849,2,307,786,1484 1,1,1,1,1,1,1,1,1,1,1,1,1,1,1,1,1,1,1,1,1,1,1,1,1,1,1,1
704,8908,36,68,14,863,52,719,1520 1,1,1,1,1,1,1,1,1
68,53,11,2002,3097,816,721,1113 1,1,1,1,1,1,1,1
24798,872,1177,14,1678,41 1,1,1,1,1,1
8152,320,4,64 1,1,1,1
14,15,1662,1661 1,1,1,1
345,13,5105,6797,8908,103,4461,2,116,2,254,2,685,2,5,461,104,1530,180,696,270,12,6,644,7,15,111,1365,24799,218,915,3913,305,79 1,1,1,1,1,1,1,1,10,1,16,1,1,1,1,1,1,1,1,1,1,1,1,1,1,1,1,1,5,1,1,1,1,1
114,4,421,36,64 1,1,1,1,1
74,385,660,103,105,22,219,235,2,3867,7,501,2,5,1837 1,1,1,1,1,1,1,1,1,1,1,7,1,1,21
16,227,11,359,7,1131,2509,432,6,93,73 1,1,1,1,1,1,1,1,1,1,1
44,205,227,11,180,3103,2,24800,2,26,14516,4837,9,5180,1796,8 1,1,1,1,1,1,1,1,1,1,1,1,1,1,1,1
437,7036,205,1796 1,1,1,1
11,1641,20,124,2,1195,2,180,270,519,31,55,576,10,1641,1146 1,1,1,1,1,1,1,1,1,1,1,1,1,1,1,1
38,64 1,1
74,8481,333,5,2855,116,373,218,4543,10,6,180,10714 1,1,1,1,1,10,1,1,1,1,1,1,1
11,160,7,566 1,1,1,1
64 1
40,3153,63,704,10,1514,17,380,834,2992,103,24801,3566,2006,1626,1037,13,1105,1520 1,1,1,1,1,1,1,1,1,1,1,1,1,1,1,1,1,1,1
356,1827 1,1
40,24802,235,316,108,24803,42,979,359,7,1131,2509 1,1,1,1,1,1,1,1,1,1,1,1
714,36,38,64 1,1,1,1
21,147,142,5,34,37,14,1490,7833,12,2275 1,1,1,1,1,1,1,1,1,1,1
40,1150,2580,785,10,1364,371 1,1,1,1,1,1,1
3363,211,2,383,501,10,196,291,2,2157,3195,7,184,17,10549,4495,7,4609,2,24804,1896,850,9450 1,11,1,1,7,1,1,1,1,13,1,1,13,1,1,1,1,1,1,1,1,1,1
539,415,215,297,855 1,1,1,1,1
1210,36,2537,3684,405,33 1,1,1,1,1,1
270,660,117,235,261,501 1,1,1,1,1,7
2081,385,12,38,644,48,64 1,1,1,1,1,1,1
14,24805,124,2475 1,1,1,1
252,4552,17,205,385,1811 1,1,1,1,1,1
24806 1
5106,36,40,155,5712,547,5,3249,10,1906 1,1,1,1,1,1,1,1,1,1
17,380,14517 1,1,1
2081,124,43,1768,5,199,132,496 1,1,1,1,1,1,1,1
205,482,11,14516,4837,48,3172,356,7036,1796,12,6,221 1,1,1,1,1,1,1,1,1,1,1,1,1
3018,10787,7266,2,195,1159,102,1327,441,7,378,325,4435,24807,8407,705,46,24808 1,1,1,1,1,1,1,1,1,1,1,1,1,1,1,1,1,1
