67,54,4,29607,1180,682,29608,168,55,3860,3,8646,509,47,12237,54,7,168,4,29609,361,4,4320,3,8526,451,4,12238,3,8486,2474,4,323,282,4,293,3860,14,15,1713,379,832,220,403,7,895,1271,5,2181,121,61,13,36,65,7,323 1,1,1,1,1,1,1,1,1,1,1,1,1,1,1,1,1,1,1,1,1,1,1,1,1,1,1,1,1,1,1,1,1,1,1,1,1,1,1,1,1,1,1,1,1,1,1,1,1,1,1,1,1,1,1,1
293,3860,20,27,285,40,495,5,27,929,272,16,126,10,190,323 1,1,1,1,1,1,1,1,1,1,1,1,1,1,1,1
16,768,6,323,35,2291,7,2460,5,21,44,762,628 1,1,1,1,1,1,1,1,1,1,1,1,1
16,258,16,2145,242,887,46,88,116,174,306,323,3,51,186,773,223,48,34,3,16,55,37,16,38,131,48,453,3,75,20,29610,10,5361,23,184,139,288 1,1,1,1,1,1,1,1,1,1,1,1,1,1,1,1,1,30,30,1,1,1,1,1,1,1,1,1,1,1,1,1,1,1,1,1,1,1
16,98,768,128,131,1171 1,1,1,1,1,1
16,21,58,2347,739,3,51,16,90,88,249,3,459,3,300,3,421,970,3,7234,140,314,3,611,3,1636,3,437,3,48,34,3,760,3,990,3,418,3,26,88,174,479,116 1,1,1,1,1,1,1,1,1,1,1,1,1,1,1,1,1,1,1,1,1,1,1,1,1,1,1,1,1,30,30,1,1,1,1,1,1,1,1,1,1,1,1
16,55,23,99,2836,20,19,3291,495,5,258,23,554,46,31,68,1879,26,8828,3,4019,1111,3,29611,2280,3,26,4851 1,1,1,1,1,1,1,1,1,1,1,1,1,1,1,1,1,1,1,1,1,1,1,1,1,1,1,1
16,90,88,291,34,3,648,3,26,446 1,1,1,1,1,1,1,1,1,1
16,55,37,427,5,1216,319,7,6,2486,265,23,116,3,477,380,627,23,116 1,1,1,1,1,1,1,1,1,1,1,1,1,1,1,1,1,1,1
16,21,38,571,116,397,12,1306,7,40,87,3,51,23,116,89,57,312,131,306,186,16,61,286 1,1,1,1,1,1,1,1,1,1,1,1,1,1,1,1,1,1,1,1,1,1,1,1
27,37,85,16,38,116,7,323,5,1171,1540,186,1210,3,5,16,20,514,10,46,15,333,7,16434,16,20,5008,269,5,20,781,17,15,838,5,62,473,361,2128,3,834,15,16,20,514,10,46,6245,1447,5,267,10880,1271 1,1,1,1,1,1,1,1,1,1,1,1,1,1,1,1,1,1,1,1,1,1,1,1,1,1,1,1,1,1,1,1,1,1,1,1,1,1,1,1,1,1,1,1,1,1,1,1,1,1,1,1,1
6,326,5320,19,6,838,20,500,5,16,20,773,10,96,115,13,15,390,838 1,1,1,1,1,1,1,1,1,1,1,1,1,1,1,1,1,1,1
16,20,781,163,19,1054,1804,5,15,2319 1,1,1,1,1,1,1,1,1,1
7,55,3,23,356,838,38,4248,6992,1913,158,15,279,643,1271,37,550,31,52,2672,1300,5,38,68,397,40,168,16,20,221,43,23,29612,757,121,781,201,10,23,451 1,1,1,1,1,1,1,1,1,1,1,1,1,1,1,1,1,1,1,1,1,1,1,1,1,1,1,1,1,1,1,1,1,1,1,1,1,1,1,1
64,3361,9487,27,12236,1915,163,749,201,5,688,201,10,5952,17,1168,7,170,494,9,333,16453,653,447,8,3,616,3,5,6001 1,1,1,1,1,1,1,1,1,1,1,1,1,1,1,1,1,1,1,1,1,1,1,1,1,1,1,1,1,1
674,4,176,2181,9,1363,43,838,12,29613,178,1271,33,1513,1271,5225,1004,43,838,9,6992,1913,8,13,996,65,29614,432 1,1,1,1,1,1,1,1,1,1,1,1,1,1,1,1,1,1,1,1,1,1,1,1,1,1,1,1
439,6648,12,29615,5,12239,514,279,643,1271,12,4921,895,37,550,31,52,492,1004,9,6992,1913,43,1704,8 1,1,1,1,1,1,1,1,1,1,1,1,1,1,1,1,1,1,1,1,1,1,1,1,1
195,287,9,39,179,17,58,87,8,33,1579,29616,29617,29618,29619,1853,9,29620,8,253,142,9,39,179,17,320,87,8,39,4,176,780,1211,22,5242,178,1088,141,22,5242,195,236,141,22,5242,253,8244,462,22,5242,346,1118,125,22,5242,460,4374,141,2365,29621,127,4,4691,33,2488,319,1144,4,28,245,1272,12,4706,12909 1,15,1,1,1,1,1,1,1,1,1,1,1,1,1,1,1,1,1,1,7,1,1,1,1,1,1,1,1,1,1,28,1,1,1,1,13,1,1,1,1,12,1,1,1,1,1,1,1,1,1,1,1,1,1,1,1,1,1,1,1,1,1,1,1,1,1,1,1,1,1,1,1,1
16,14,15,582,27,29622 1,1,1,1,1,1
1732,4,403,7,36,87,7,598,238,27,440,856,485,4,598,12,6,80,3,51,132,1119,1113,4,90,2159,4,137,11,4776,3,5,11,403,7,2442,1022,4,848,12,232,436 1,1,5,5,5,5,5,5,5,5,5,5,1,1,1,1,1,1,1,1,1,1,1,1,1,1,1,1,1,1,1,1,1,1,1,1,1,1,1,1,1,1
661,583,27,440,547,7,1834,854,5,38,3122,82,76 1,1,1,1,1,1,1,1,1,1,1,1,1
573,583,27,440,382,7,3788,646 1,1,1,1,1,1,1,1
579,4,6406,4,11,249,3,459,3,421,970,3,95,7234,140,314,3,26,2753 1,1,1,1,1,1,1,1,1,1,1,1,1,1,1,1,1,1,1
227,4,11,1030,12,841,3,889,3,26,4689 1,1,1,1,1,1,1,1,1,1,1
11,413,26,136,243,26,240 1,1,1,1,1,1,1
11,338,26,3689,644,4,122,282,1213,4,11,437,3,263,3,1181,3,8098,3,26,29623,994 1,1,1,1,1,1,1,1,1,1,1,1,1,1,1,1,1,1,1,1,1,1
361,4,122,282,4295,4,11,762,323,3,762,26,618,34,3,26,377,1693 1,1,1,1,1,1,1,1,1,1,1,1,1,1,1,1,1,1
11,194,114,474 1,1,1,1
352,4,11,3216,3,84,12,11050,3,2558,670,628,26,2297,3,26,84,12,511,1326,4,11,363,26,958,77,4,701,4,6267,4012,12159,13260,2573,1139,1035,42,658,29624,4,148,1139,3089,3154,29625,1210,9,359,139,207,4,280,498,121,14,427,12,480,196,4,2734,196,8300,5,6673,11558,19,4699 1,1,1,1,1,1,1,1,1,1,1,1,1,1,1,1,1,1,1,1,1,1,1,1,1,1,1,1,1,1,1,1,1,1,1,1,1,1,1,1,1,1,1,1,1,1,1,1,1,1,1,23,1,1,1,1,1,1,1,1,1,1,1,1,1,1,1,1
227,4,3464,3,1852,3,665 1,1,1,1,1,1,1
1042,220,1110,4260,1313,3,11,685,3,3425,3,26,1050 1,1,1,1,1,1,1,1,1,1,1,1,1
136,4,332,3,296,1693 1,1,1,1,1,1
576,1970,320 1,1,1
11540,216,968,222,3,11,777,638,48,4,91,10,463,100,1910,4,455,3,409,304,310 1,1,1,1,1,1,1,1,1,1,1,1,1,1,1,1,1,1,1,1,1
11,1099 1,1
11,611,748,1210,362,4,588,61,29,152,3,220,11,246,3,1482,3,1641,3,3911,3,26,969 1,1,1,1,1,1,1,1,1,1,1,1,1,1,1,1,1,1,1,1,1,1,1
9413,269,135,1147 1,1,1,1
1714,4,53,595,246,13,2471 1,1,1,1,1,1,1
11,685,3,792,3,26,3980 1,1,1,1,1,1,1
70,443,525,248,13,717,2886,3159,277,1970,108,632,12,3178,352,4,4405,3,55,416,2308,922 1,1,1,1,1,1,1,1,1,1,1,1,1,1,1,1,1,1,1,1,1,1
944,161,44,9,204,3916,2711,5,2387,8,3,925,645,868,2005,204,3,11,1866,3,670,1006,12,16454,3,2724,3,4440,3,10862,3,4358 1,1,1,1,1,1,1,1,1,1,1,1,1,1,1,1,1,1,1,1,1,1,1,1,1,1,1,1,1,1,1,1
6718 1
11,1030,10,1008,100,783 1,1,1,1,1,1
2329,11540,12,4869,3,29626,3,2724,3,5,4363 1,1,1,1,1,1,1,1,1,1,1
415,530,467,100 1,1,1,1
28,20,449,10,321,5,38,15,44,700,532,4,1290,4,154,2097,295,2295,1724 1,1,1,1,1,1,1,1,1,1,1,1,1,1,1,1,1,1,1
471,1724 1,1
189,430,456,2451,1305,351,430,663,1888,1276,351,430,835,2293,1310,351,430,1072,1658,4806,1450,351,430,1800,2061,1651,83,1311,219,430,347,2044,83,1601,219,430,345,1942,1359,219,512,3104,1478,219,1555,2037,1659,219,1184,955,1660,1556,486,961,4086,2602,654,1461,1646,2464,654,2013,1853,2385,654,496,1131,1389,2386,219,486,1131,1649,3691,219,1981,1982,1491,83,3579,721,2509,141,3580,721,2083,2846,3378,3590,1941,2949,3591,3592,2423,680,3285,721,1258,1259,3465,72,193,2418,72,193,1185,4,154,2097,295,2295,1724 1,1,1,1,1,1,1,1,1,1,1,1,1,1,1,1,1,1,1,1,1,1,1,1,1,1,1,1,1,1,1,1,1,1,1,1,1,1,1,1,1,1,1,1,1,1,1,1,1,1,1,1,1,1,1,1,1,1,1,1,1,1,1,1,1,1,1,1,1,1,1,1,1,1,1,1,1,1,1,1,1,1,1,1,1,1,1,1,1,1,1,1,1,1,1,1,1,1,1,1,1,1,1,1,1,1,1,1,1,1,1,1
471,1724 1,1
189,349,3116,1312,524,333,5685,59,1977,42,560,3729,59,2119,1451,734,29627,59,2202,1785,536,14923,83,1589,1381,653,1652,59,1360,1227,786,6622,59,1479,1588,823,8992,1480,654,795,5112,83,1424,42,79,5637,3162,1060,1074,1492,2206,15457,2834,1060,1154,1066,370,1257,1125,1277,1542,2054,83,1739,42,577,625,59,1786,42,847,117,59,1740,42,830,58,1832,42,864,519,1691,42,714,1209,8616,2240,524,714,577,12225,59,2241,524,714,847,2062,2577,524,714,830,14668,2242,524,714,864,3058,2278,524,1661,200,44,1577,1508,44,2360,200,2096,433,177,4,44,338,239 1,1,1,1,1,1,1,1,1,1,1,1,1,1,1,1,1,1,1,1,1,1,1,1,1,1,1,1,1,1,1,1,1,1,1,1,1,1,1,1,1,1,1,1,1,1,1,1,1,1,1,1,1,1,1,1,1,1,1,1,1,1,1,1,1,1,1,1,1,1,1,1,1,1,1,1,1,1,1,1,1,1,1,1,1,1,1,1,1,1,1,1,1,1,1,1,1,1,1,1,1,1,1,1,1,1,1,1,1,1,1,1,1,1,1,1,1,1,1,1,1,1,1,1
1090,27,6574,11,662,804,26,563,84,506,4,91 1,1,1,1,1,1,1,1,1,1,1,1
11,1353,26,93,1147,438,4,12,6,1147,3,16,20,126,19,1687,5,149,143,781 1,1,1,1,1,1,1,1,1,1,1,1,1,1,1,1,1,1,1,1
339,4,293,3860,14,15,1713,379,832,220,403,7,895,1271,5,2181,121,61,13,36,65,7,323,5,1171,507,10,15,2096,494 1,1,1,1,1,1,1,1,1,1,1,1,1,1,1,1,1,1,1,1,1,1,1,1,1,1,1,1,1,1
23,333,2410,27,1695,159,23,688,66,23,451,82,668 1,1,1,1,1,1,1,1,1,1,1,1,1
23,494,14,372,166,290,10,194,361,432,66,1275,23,2181,26,66,23,29628,138,23,5008,269,554,12,6,1147 1,1,1,1,1,1,1,1,1,1,1,1,1,1,1,1,1,1,1,1,1,1,1,1,1,1
16,14,137,1607,211,5,16,258,16,190,681,476,1496 1,1,1,1,1,1,1,1,1,1,1,1,1
138,37,16,21,887,38,15,96,115,838,159,6,500,5320,175,12,1306,7,40,87,3,16,41,1019,160,10,52,3934,43,64,4320 1,1,1,1,1,1,1,1,1,1,1,1,1,1,1,1,1,1,1,1,1,1,1,1,1,1,1,1,1,1,1
174,284,1762,646,7,23,494,550,52,1220,138,23,954,2308,922,3,51,23,2329,143,44 1,1,1,1,1,1,1,1,1,1,1,1,1,1,1,1,1,1,1,1,1
1054,264,41,52,781,10,660,6,1019,505,7,209,361,432,295,12,1054,1874,494 1,1,1,1,1,1,1,1,1,1,1,1,1,1,1,1,1,1,1
16,41,31,52,1698,132,138,37,16,14,1497,137,5,16,2562,31,10,52,1698,2246,1936 1,1,1,1,1,1,1,1,1,1,1,1,1,1,1,1,1,1,1,1,1
23,611,550,98,46,68,1302,66,23,416,2243,1440,35,221,19,545,5,23,365,888,5,392,934,37,16,14,1053,4919 1,1,1,1,1,1,1,1,1,1,1,1,1,1,1,1,1,1,1,1,1,1,1,1,1,1,1,1
16,41,52,2141,1959,10,2593,23,1440 1,1,1,1,1,1,1,1,1
138,23,48,34,5,611,3,431,41,52,826,319,3,51,40,14,244,2379,138,23,224,61 1,30,30,30,1,1,1,1,1,1,1,1,1,1,1,1,1,1,1,1,1,1
23,671,898,143,72,5,23,177,111,11,662,804,26,563,84 1,1,1,1,1,1,1,1,1,1,1,1,1,1,1
104,4,36,8,361,432,852,1698,6334,134,1936,33,2448,5,317,5,3404,9,1117,329,8,1028,267,742,9598,247,134,1435,4479,14,160,1159,96,333,2322,5,1854,523,5,148,17,205,7,308,432,1830,815,171,5242,58,8,1883,4,494,852,1347,1054,264,3,972,1028,8244,462,22,15488,117,8,644,4,852,826,319,431,4,898,329,450,1028,106,4,86,19,780,5,1088,1159,287,4,86,236,2929,3361,9487,3,1010,247,710,47,29629 1,1,1,1,1,1,1,1,1,1,1,1,1,1,1,1,1,1,1,1,1,1,1,1,1,1,1,1,1,1,1,1,1,1,1,1,1,1,1,1,1,1,1,1,1,1,1,1,1,1,1,1,1,1,1,1,1,1,1,1,1,1,1,1,1,1,1,1,1,1,1,1,1,1,1,1,1,1,1,1,1,1,28,1,13,1,15,1,1,12,1,1,1,1,1,1,1,1,1
