67,54,4,29588,730,234,4,148,144,30,7,61,328,4,6,28,61,10,6,668,17,513,7,9,47,36,8,106 1,1,1,1,1,1,1,1,1,1,1,1,1,1,1,1,1,1,1,1,1,1,1,1,1,1,1,7
6,28,61,10,6,668,17,513,7,9,47,58,8,494 1,1,1,1,1,1,1,1,1,1,1,1,1,1
16,749,609,3386,5,21,62,1089,29589,838,12,12231,80,39,30,4,1148,43,4,2252,29590,674,173,17,142 1,1,1,1,1,1,1,1,1,1,1,1,1,1,1,1,1,1,1,1,1,1,1,1,1
80,591,30,4,1148,43,4,2252,12232,3299 1,1,1,1,1,1,1,1,1,1
150,30,4,1148,43,4,2252,12232,661,16437,16438,573,2212,3,142,3,690,3,12233,4252 1,1,1,1,1,1,1,1,1,1,1,1,1,1,1,1,1,1,1,1
206,30,4,1148,43,4,2252,12232,485,4,1119,157 1,1,1,1,1,1,1,1,1,1,1,1
357,4,11,357,1229 1,1,1,1,1
699,4,200 14,14,14
150,4,1513 1,1,1
285,4,2272,355,7,232,1166 1,1,1,1,1,1,1
81,7,182,4,1754,4,1754,4,232,207,436,3,11,249,3,11,84,12,140 1,1,1,1,1,1,1,1,1,1,1,1,1,1,1,1,1,1,1
612,4,11,418,3,11,48,34,26,437 1,1,1,1,1,1,1,1,1,1
386,4,11,263,3,11,407,26,437 1,1,1,1,1,1,1,1,1
798,4,11,796,26,1041,336,1583,4,11,291,34,3,11,446,3,11,648,3,11,300,26,375 1,1,1,1,1,1,1,1,1,1,1,1,1,1,1,1,1,1,1,1,1,1,1
1596,4,11,807,1098,26,140,84 1,1,1,1,1,1,1,1
316,205,4,434,4,16439,9379,973,33,2252,133,36,4,382,1815,63,94,36,4,2019,816,1421,1420,140,4,29591,842 1,1,1,1,1,1,1,1,1,1,1,1,1,1,1,1,1,1,1,1,1,1,1,1,1,1,1
101,4,257,136,259,33,332,11,908,26,879,3,257,644,259,33,145,156,11,213,3,502,26,561,3,11,3191,29,216,5,975,133,44,5,257,386,259,33,91,184,327,100,3,11,2264,762,157,3,44,1051 1,1,1,1,1,1,1,1,1,1,1,1,1,1,1,1,1,1,1,1,1,1,1,1,1,1,1,1,1,1,1,1,1,1,1,1,1,1,1,1,1,1,1,1,1,1,1,1,1,1
1754,4,6,28,197,170,280 1,1,1,1,1,23,23
197,5137,387,17,258,440,3,12,11,758,342 1,1,1,1,1,1,1,1,1,1,1
174,4,4455,1211,339,4,106,280,673,494,51,13,894,225,80,210,129 1,1,1,1,1,1,7,23,1,1,1,1,1,1,1,1,1
127,4,11,374,357,127,16440,2252,39,4,12234,1455,11,7994,69,167,115,10,58,113,4,16441,33,10011,1640,4,2252,2296,4,2226,4,1288,1620,878,4,36,54,4,8645,4,2252,780,799,32,4,6755,33,8645,1640,4,2252,2296,4,2226,4,231,878,4,117,54,4,16442,4,2252,4374,3544,2077,4,6755,33,12235,1640,4,2252,2296,4,2226,4,47,180,878,4,996,54,4,16443,4,2252,1088,647,32,4,6755,33,16442,1640,4,2252,2296,4,2226,4,180,878,4,996,54,4,16439,4,2252,147,33,198,104,4,147,4,147,726,4,29592,494,3,3610,5250,4,361,278,17,2128 1,1,1,1,1,1,1,1,1,1,1,1,1,1,1,1,1,1,1,1,1,1,1,1,1,1,1,1,1,1,1,1,1,1,1,1,1,1,1,1,1,28,1,1,1,1,1,1,1,1,1,1,1,1,1,1,1,1,1,1,1,1,1,1,1,1,1,1,1,1,1,1,1,1,1,1,1,1,1,1,1,1,1,1,1,1,1,1,13,1,1,1,1,1,1,1,1,1,1,1,1,1,1,1,1,1,1,1,1,1,1,1,1,1,1,1,1,1,1,1,1,1,1,1,1,1,1,1,1,1,1
3389,781,10,609,3386,1066,11026,29593,12,2257,7,194,333 1,1,1,1,1,1,1,1,1,1,1,1,1
147,4,147,726,4,16444,106,5250,4,353,4,266,456,5,266,393 1,1,1,1,1,1,7,1,1,1,1,1,1,1,1,1
140,314,13207,288 1,1,1,1
252,32,878,254,2377,117,2106 60,1,1,1,1,1,1
29594,726,4,29595,40,14,15,2154,3658,17,6,1960 1,1,1,1,1,1,1,1,1,1,1,1
6,6408,14,3432,19,6,16445,7641,27,5952,12236,1915,163,5,12,5602,12,6,28,82,5952,3490,67 1,1,1,1,1,1,1,1,1,1,1,1,1,1,1,1,1,1,1,1,1,1,1
