69,49,4,24925,325,1159,183,605,99,414,4,4470,2,6730,485,4,8910,49,7,141,4,24926,240,4,58,4165,5685,6536,4,796,234,4,8912,103,2308,409,753,12,2897,17,2379,9,19,1391,140,651,8,2,116,2,5,2944,2,104,14,4648,265,10,1159,183,17,1334 1,1,1,1,1,1,1,1,1,1,1,1,1,1,1,1,1,1,1,1,1,1,1,1,1,1,1,1,1,1,1,1,1,1,1,1,1,1,1,1,1,1,1,1,1,1,1,1,10,1,1,1,1,1,1,1,1,1,1,1,1,1
64 1
20,12,3160,532,173,102,236,146,151,16,523,166,15,2138,1184 1,1,1,1,1,1,1,1,1,1,1,1,1,1,1
16,39,15,2300,1026,27,500 1,1,1,1,1,1,1
64 1
701,24,440,2,104,1788,109,123,7,2345 1,1,1,1,1,1,1,1,1,1
598,6,2138,1184,660,117,173,153,223,2,64 1,1,1,1,1,1,1,1,1,1,1
533,15,250,24927,8204,1309,5,44,2789 1,1,1,1,1,1,1,1,1
64 1
1008,24,24928,62,622,9,58,5685,8,5,20,1293,10,50,15,1309,3700,718,10,15,282,12,4449,2,819,64 1,1,1,1,1,1,1,1,1,1,1,1,1,1,1,1,1,1,1,1,1,1,1,1,1,1
295 1
16,20,85,1293,10,991,24,2345,408,2,71,6011,19,7985 1,1,1,1,1,1,1,1,1,1,1,1,1,1
1170,6495,2345,408,2,250,2,2789,2,5,149,1265,9,1625,39,10,383,140,651,65,1391,10,6071,8,3367 1,1,1,1,1,1,1,1,1,1,1,1,1,1,1,1,1,1,1,1,1,1,1,1,1
16,166,15,870,10,204,19,24929,2,11,469,2,11,44,34 1,1,1,1,1,1,1,1,1,1,1,1,1,1,1
64 1
428,1008,58,5685,2,104,1817,44,205,2,3793,2,5,1150,1309,1218,457,65,282,12,4449,2,71,604,15,24930,3223,10,3309,9,222,31,215,6654,10,10537,8,5,1577,10,7606,5,3012 1,1,1,1,1,1,1,1,1,1,1,1,1,1,1,1,1,1,1,1,1,1,1,1,1,1,1,1,1,1,1,1,1,1,1,1,1,1,1,1,1,1,1
64 1
14,265,17,219,1337 1,1,1,1,1
499,4,66,12,790,2,317,11,134,8905,121,142,2,1652,2,112,24931,2,228,12,862,2,396,2,340,34,2,9507,2,67,12,577,2,807,2,1173,2,24932,34,2,803,2,26,394 1,1,1,1,1,1,1,1,1,1,1,1,1,1,1,1,1,1,1,1,1,1,1,1,1,1,1,1,1,1,1,1,1,1,1,1,1,1,1,1,1,1,1,1
637,4,103,2308,409,753,9,7638,8,17,2379,127,2944,9,450,792,24933,8,2455,565,1665,14532,5406,7,157,14533,438,2115,257,19,605,4,6070,1915,25,291,910,1361,24934,1206,4241,138,910,2483,24935,9,24936,41,8,3183,1595,138,2927,3258,347,25,6731,2381,1616,590,35,347,25,6731,442,4640,1481,22,25,59,2848,778,25,59,8913,761,22,7380,33,1201,683,25,33,4128,683,25,59,235,130,22,25,33,210,446,25,33,1042,2672,3021,25,291,1151,35,347,25,33,742,390,25,33,737,83,22,25,33,14528,3189,219,513,259,198,633,749,5336,25,59,517,4127,25,33,3723,1456,259,6609,25,59,2019,521,25,4193,2,283,771,677,196,22,25,33,632,495,14527,4255,25,513,223,137,4,747,128,299,4,592,24937,7137,179,299,4,295,12,4449,174,503 1,1,1,1,1,1,1,1,1,1,1,10,1,1,1,1,1,1,1,24,1,1,1,1,1,1,1,1,1,1,1,1,1,1,1,1,1,1,1,1,1,1,1,1,1,1,1,1,1,1,1,1,1,1,1,1,1,1,1,1,1,1,1,1,1,1,1,1,1,1,1,1,1,1,1,1,1,1,1,26,1,1,1,1,1,1,1,1,1,1,1,1,12,1,1,1,1,1,1,1,1,1,1,1,1,1,1,1,1,1,23,1,1,1,1,1,1,1,1,1,1,1,1,1,1,1,1,1,1,1,1,1,1,1,1,1,1,1,1,1,1,1,7,7,1,1,1,1,1,1,1,1,1,1,1,1,1,1,1,1,1,1,1,1,1,1,1,1,1,1,1,1
578,1591 14,14
11,430 1,1
385,1032,973,4,276,4486,2,492,1956,2,111,24938,2,574,105,2,1048,1993,41,19,1391,759,4,413,2,12,436,202,4,3519,2,2417,2,570,2,1504,2,966,90,112,4,330,2,11,815,26,2306,2384,2,171,625,2,11,229,2,11,4665,920,44,4,3004,408,558,2,3719,856,694,4,418,2,1778,118,302,2,11,1058,340,4,133,2,875,2,1325,2,4341,2174,4,617,531,79,2,171,64,243,1203 1,1,1,1,1,1,1,1,1,1,1,1,1,1,1,1,1,1,1,1,1,1,1,1,1,1,1,1,1,1,1,1,1,1,1,1,1,1,1,1,1,1,1,1,1,1,1,1,1,1,1,1,1,1,1,1,1,1,1,1,1,1,1,1,1,1,1,1,1,1,1,1,1,1,1,1,1,1,1,1,1,1,1,1,1,1,1,1,1,1,1,1,1,1,1
323,4,413,5,646,1094,2,951,3193,175,2,1028,731,590,5,324 1,1,1,1,1,1,1,1,1,1,1,1,1,1,1,1
466,10,688,1014,12,192,217,467,215,414,3147,6732,5909,649,3622,524,2917,824,2501,689,8638,379,2277,9,72,8,804,758,9,72,8,770,368,215,414,3147,6732,5909,335,3543,935,1710,1437,2985,1434,2200,1830,2361,215,414,3147,6732,5909,1465,1163,1438,109,1497,1580,935,1710,215,414,3147,6732,5909,1462,4544,9,276,8,2566,1653,940,2141,544,2593,9,276,8,3779,2987,9,276,8,215,414,3147,6732,5909,298,4937,615,12591,9,54,8,458,3846,266,7404,9,54,8,530,1944,665,6914,698,8709,443,5440,666,7058,9,72,8,2914,431,1081,1192,41,1753,1887,9,72,8,41,897,854,9,54,8,41,1637,481,41,732,102,41,1675,515,2584,24939,9,72,8,2585,24940,2661,13720,9,72,8,2662,7983,9,72,8,2663,3510,1513,152,1458,152,2664,152,2130,152,215,414,3147,6732,5909,6066,854,44,205,4,548,3793,4,4985,2,5817,5,10822,53,1933 1,1,1,1,1,1,1,1,1,1,1,1,1,1,1,1,1,1,1,1,1,1,1,1,1,1,1,1,1,1,1,1,1,1,1,1,1,1,1,1,1,1,1,1,1,1,1,1,1,1,1,1,1,1,1,1,1,1,1,1,1,1,1,1,1,1,1,1,1,1,1,1,1,1,1,1,1,1,1,1,1,1,1,1,1,1,1,1,1,1,1,1,1,1,1,1,1,1,1,1,1,1,1,1,1,1,1,1,1,1,1,1,1,1,1,1,1,1,1,1,1,1,1,1,1,1,1,1,1,1,1,1,1,1,1,1,1,1,1,1,1,1,1,1,1,1,1,1,1,1,1,1,1,1,1,1,1,1,1,1,1,1,1,1,1,1,1,1,1,1,1,1,1,1,1,1,1,1,1,1,1,1,1,1,1,1,1,1,1
24941,14,43 1,1,1
24942,14,43 1,1,1
1748,14,264 1,1,1
24943,1483,14,264 1,1,1,1
7639,14,264,28,2613,24944,14,476 1,1,1,1,1,1,1,1
1616,194,6057,2312,14,1933 1,1,1,1,1,1
1032,147,4,399,27,449,1823,2,324 1,1,1,1,1,1,1,1,1
1000,2,324 1,1,1
1950,2,11,182,3170,1113,2797,4,8912,103,2308,409,753,12,2897,17,2379,2,116,2,2944,2,265,174,1334 1,1,1,1,1,1,1,1,1,1,1,1,1,1,1,1,1,1,10,1,1,1,1,1,1
1334,1755,174,3012,5,7606,124,13559,65,1986,1309,1964,679 1,1,1,1,1,1,1,1,1,1,1,1,1
8913,3556,2,910,3556,356,44,205,103,409,753,679 1,1,1,1,1,1,1,1,1,1,1,1
2848,2,4349,2,517,679 1,1,1,1,1,1
2381,2,4128,2,6070,2,2927,623,679 1,1,1,1,1,1,1,1,1
1201,2,235,2,210,2,737,2,771,2944,331,479,10,55,27,450,2,40,207 26,1,1,1,12,1,23,1,7,1,1,1,1,1,1,1,1,1,1
2455,1765,27,420,3772,652,405,1116,11597,24945,4470,2,96 1,1,1,1,1,1,1,1,1,1,1,1,1
8914,46,24946 1,1,1
