69,49,4,24895,2704,203,753,1117,605,99,234,4,2017,200,307,471,103,225,409,3028,17,2379,12,7638,1086,65,24896,24897,13106,538,17,241,233,7,4631,2,508,5,4335 1,1,1,1,1,1,1,1,1,1,1,1,1,1,1,1,1,1,1,1,1,1,1,1,1,1,1,1,1,1,1,1,1,1,1,1,1,1,1
191,6,78,1036,236,16,39,1547,15,1581,4886,12,372,496,5875,15,134,141,401,6494,24898,17,4516,9628,10,1167,286,2743 1,1,1,1,1,1,1,1,1,1,1,1,1,1,1,1,1,1,1,1,1,1,1,1,1,1,1,1
16,166,15,1234,5164,1051,15,451,123,297,37,141 1,1,1,1,1,1,1,1,1,1,1,1
9628,227,11,2743,48,14531,222,24899,4047,9574,24900,20,4126,19,24901 1,1,1,1,1,1,1,1,1,1,1,1,1,1,1
64,267,986,1581,1051,12,366,640,377 1,1,1,1,1,1,1,1,1
922,465,16,533,5737,435,9,11,67,26,5077,8,2076,453,42,272,5,402,9,11,67,26,2647,7837,8 1,1,1,1,1,1,1,1,1,1,1,1,1,1,1,1,1,1,1,1,1,1,1,1,1
16,1007,10,24902,5,1185,699,264,366 1,1,1,1,1,1,1,1,1
514,10,55,6033,10,14306,5,4664,9,5130,1944,41,2,24903,2038,8,5,321,19,4497,1161 1,1,1,1,1,1,1,1,1,1,1,1,1,1,1,1,1,1,1,1,1
339,115,50,136,504,5,64,14,2571,25 1,1,1,1,1,1,1,1,1,1
88,44,34,2,396,2,250,2,484,2,1652,2,3508,2,2138,1184,27,87,845,432,38,360 1,1,1,1,1,1,1,1,1,1,1,1,1,1,1,1,1,1,1,1,1,1
281,11,366,27,468 1,1,1,1,1
637,4,2455,2,565,2,1665,2,1472,2,116,2,1630,2,14532,5406,7,157,14533,2,438,2,2115,231,257,4,24904,4,4466,1951,22,25,59,2,2848,447,22,25,59,2,517,154,22,25,33,2259,4,2345,447,22,25,33,9,24905,8,2,2381,2448,35,25,14526,2,6070,594,22,25,291,150,4,230,244,22,25,33,2,737,83,22,25,33,2,742,105,22,25,33,2,24906,447,22,25,291,2,13289,105,2023,25,33,2,210,130,22,25,33,2,335,24907,24908,2,235,130,22,25,33,2,1201,204,22,25,33,1100,4,295,12,4449,13,503 1,1,1,1,24,1,1,1,1,1,10,1,1,1,1,1,1,1,1,1,1,1,1,1,1,1,1,1,1,1,1,1,1,1,1,1,1,1,1,1,1,1,1,1,1,1,1,1,1,1,1,1,1,1,1,1,1,1,1,1,1,1,1,1,1,1,1,1,1,7,1,1,1,1,1,23,1,1,1,1,1,1,1,1,1,1,1,1,1,1,1,1,1,1,1,1,1,1,1,12,1,1,1,1,1,1,1,1,1,1,1,1,1,1,1,26,1,1,1,1,1,1,1,1,1,1,1
1230,27,24909,10296,24910 1,1,1,1,1
990,4,2350,3849,4,973,4,2839,7239,492,1749,111,24911,574,1200,5130,980,41,19,1391,1742,759,4,436,2,463,24912,4,966,90,2,1504,24913,4,745,1203,2,1933,194,302,118,4,418,952,1058,340,4,24914,1381,2025,4,11,1505,2,171,243,282,4,182,17,379,2277,2,792,3080,298,2554,2,266,2822,2,443,4544,2130,4,850,10713,24915,36,66,2442,1075,409,14531,24916,36,634,4047,9574,6203,4,24917,911,6494,36,66,17,1377,2743,464,24918,4,483,320,4,2017,200,307,471,103,225,409,753,7638,17,2379,533,180,339,360,12,644,7,2345,1755,17,134,372,566 1,1,1,1,1,1,1,1,1,1,1,5,5,1,1,1,1,1,1,1,1,1,1,1,1,1,1,1,1,1,1,1,1,1,1,1,1,1,1,1,1,1,1,1,1,1,1,1,1,1,1,1,1,1,1,1,1,1,1,1,1,1,1,1,1,1,1,1,1,1,1,1,1,1,1,1,1,1,1,1,1,1,1,1,1,1,1,1,1,1,1,1,1,1,1,1,1,1,1,1,1,1,1,1,1,1,1,1,1,1,1,1,1,1,1,1,1,1,1,1,1,1,1,1,1,1,1,1,1
110,1285,5,13,2010,7,339,115 1,1,1,1,1,1,1,1
836,1039,4877,13,43,111,5,492 1,1,1,1,1,1,1,1
8291,1490,7276,10,3201,645,1693,17,150,4298,32,119,58,8863,74,99 1,1,1,1,1,1,1,1,1,1,1,1,1,1,1,1
5558,1933,65,134,1733 1,1,1,1,1
1348,4,339,360,4,2271,1433,110,645,106,1628,1113,2804,9,651,4331,2,252,443,2,252,298,2,344,792,8 1,1,1,1,1,1,1,1,1,1,1,1,1,1,1,1,1,1,1,1,1,1,1,1,1,1
836,2062,185 1,1,1
4199,457,7,24919,317,577,426,9,317,775,1307,2,1883,4131,2,24920,8,151,1509 1,1,1,1,1,1,1,1,1,1,1,1,1,1,1,1,1,1,1
753,4,126,231,5776,5,5369,2259 1,1,1,1,1,1,1,1
40,539,2552,2848,2,5404,108,24921,24922 1,1,1,1,1,1,1,1,1
207,82,7937,24923 1,1,1,1
11,160,7,2743,19,134,911 1,1,1,1,1,1,1
366,4,539,2235,645,464,66,2,40,207 1,1,1,1,1,1,1,1,1,1
838,2259,17,110 1,1,1,1
132,4,8291,7,884,1187,2,207,100,258,548 1,1,1,1,1,1,1,1,1,1,1
132,470,119,58,8863 1,1,1,1,1
9385,4611,842,7073,2,96 1,1,1,1,1,1
305,1117,705,4,24924 1,1,1,1,1
