67,54,4,29883,10020,124,331,1915,2909,8649,3440,4762,3,10021,10022,3,1227,10023,10024,9,4526,8,10025,9,7677,8,10026,2761,4,6,28,468,12,258,37,18,21,38,108,65,7,1983,34,166,15,484,4708,4769,12,19,24,48 1,1,1,1,1,1,1,1,1,1,1,1,1,1,1,1,1,1,1,1,1,1,1,1,1,1,1,1,1,1,1,1,1,1,1,1,1,1,1,1,1,30,30,1,1,1,1,1,1,1,1,1
408,18,21,98,38,291,34,5,21,537,334,500 1,1,1,1,1,1,1,1,1,1,1,1
18,242,454,40,594,40,80,3416,18,258,5,636,370,15,454,188 1,1,1,1,1,1,1,1,1,1,1,1,1,1,1,1
18,454,271,40,495,3,5,50,749,24,1442 1,1,1,1,1,1,1,1,1,1,1
6,34,21,31,2715,467,24,303,5,92,14,372,2175,12,24,48 1,1,1,1,1,1,1,1,1,1,1,1,1,1,1,1
18,190,598,166,18,14,530,10,15687,115,3,5,18,631,37,24,63,366,46,68,334,365 1,1,1,1,1,1,1,1,1,1,1,1,1,1,1,1,1,1,1,1,1,1
18,109,46,71 1,1,1,4
102,101,4,24,155,57,91,10,364,78,15 1,1,1,1,1,1,1,1,1,1,1
24,63,94,14,3245,12,6,70,303,983,13,15,133,7,5598,24,136,813,57,917,3,216,217,5,877,97,222 1,1,1,1,1,1,1,1,1,1,1,1,1,1,1,1,1,1,1,1,1,1,1,1,1,1,1
130,14,31,985 1,1,1,1
74,14,15,145,338,239,3,5,11,173,213 1,1,1,1,1,1,1,1,1,1,1
1012,5,3033,57,31,537 1,1,1,1,1,1
177,943,111,15,284,302,574,778,490,3,75,14,15,5334,84,66,24,99,177,13,500,626,7,6,187,804,2535,6,3801 1,1,1,1,1,1,1,1,1,1,1,1,1,1,1,1,1,1,1,1,1,1,1,1,1,1,1,1,1
339,5,104,4,664,778,490 1,1,1,1,1,1,1
517,7,24,1742,34,5,84,12,6,177,3,50,704,37,18,546,52,1642,12,6,6154,318,3645,5,262,24,74 1,1,1,1,1,1,1,1,1,1,1,1,1,1,1,1,1,1,1,1,1,1,1,1,1,1,1
497,10027,1934,8528,3,107 1,1,1,1,1,1
746,29884,13352,806,4,12252,825,4,12252,843,4,12252 1,1,1,1,1,1,1,1,1,1,1,1
