67,54,4,29872,10020,124,331,1915,8521,8649,3440,4762,3,10021,10022,3,1227,10023,10024,9,4526,8,10025,12250,9,7677,8,10026,2761,4,6,28,369 1,1,1,1,1,1,1,1,1,1,1,1,1,1,1,1,1,1,1,1,1,1,1,1,1,1,1,1,1,1,1,1,1
18,21,38,544,1605,19,24,188,3,603,1182,13,15,3399,7,8650,5,15,3062,12,37,548,17,553,2675,76,27,8650 1,1,1,1,1,1,1,1,1,1,1,1,1,1,1,1,1,1,1,1,1,1,1,1,1,1,1,1
18,464,14,46,170,34,530,467,24,70,248,5,574,384,75,14,886,26,1851,954,476 1,1,1,1,1,1,1,1,1,1,1,1,1,1,1,1,1,1,1,1,1
18,122,64,11018,13,145 1,1,1,1,1,1
18,21,221,64,3690,16153 1,1,1,1,1,1
18,21,3160,11869,13,24,657,5,18,21,38,311,241,570,111,6,2734,1605,5,3399 1,1,1,1,1,1,1,1,1,1,1,1,1,1,1,1,1,1,1,1
39,4,176,236,125,22,946 1,1,1,12,1,1,1
178,7678,955,22,1208 1,21,1,1,1
195,12251,231,22,946 1,9,1,1,1
253,2092,1142,22,12,1532,3,669,22,12,6,2197,346,2669,6249,22,180,65,15,129 1,1,1,1,1,1,1,1,1,1,1,1,1,1,1,1,1,1,1,1
460,5204,108,22,625,65,15,129 1,1,1,1,1,1,1,1
652,4844,203,547,22,946 1,11,11,1,1,1
833,512,5133,22,946 1,1,1,1,1
18,14,12,29873,61 1,1,1,1,1
18,14,31,238,3187,728 1,1,14,14,1,1
18,21,68,724,5,21,1001,1631,140 1,1,1,1,1,1,1,1,1
18,21,11,3517,3,361,26,1309,234 1,1,1,1,1,1,1,1,1
18,14,10,122,64,2344,5561,82,938,12,1663,5,10,299,15,1402,27,37,85 1,1,1,1,1,1,1,1,1,1,1,1,1,1,1,1,1,1,1
1533,3,18,41,52,449,10,1417,19,6,3666,186,37,957 1,1,1,1,1,1,1,1,1,1,1,1,1,1
18,14,132,449,10,1418,15,3077,3,51,321,13,15,2343,5,368,31,1417,467,13,88,851,7,9869 1,1,1,1,1,1,1,1,1,1,1,1,1,1,1,1,1,1,1,1,1,1,1,1
102,101,4,18,3385,4234,842,2126,5,24,63,94,14,4681,12,6,53,303,1210,3,133,14,1000,5,145 1,1,1,1,1,1,1,1,1,1,6,6,6,6,6,6,6,6,1,1,1,1,1,1,1
18,197,35,15,60,387,3,1821,696,522,12,34,3,46,10,659,19,477,1210,3,2726,16490,3,51,787 1,1,1,1,1,1,1,1,1,1,1,1,1,1,1,1,1,1,1,1,1,1,1,1,1
74,14,11,2036,3,750,26,93 1,1,1,1,1,1,1,1
6,412,275,217,4642 1,1,1,1,1
1055,57,1554,3,1115,5,877 1,1,1,1,1,1,1
1653,5,994,101,14,569 1,1,1,1,1,1
136,813,57,917 1,1,1,1
216,57,217,5,877,5,97,222 1,1,1,1,1,1,1,1
687,381,5,2498 1,1,1,1
155,57,91,10,364,78,15 1,1,1,1,1,1,1
6,130,14,31,985 1,1,1,1,1
74,14,15,145,338,239,5,11,173,213 1,1,1,1,1,1,1,1,1,1
304,5,310,57,44 1,1,1,1,1
1012,5,3033,368,31,52,537 1,1,1,1,1,1,1
18,21,232,330,133 1,1,1,1,1
339,4,176,71,324,317,178,18,21,38,62,412,77,27,4456,1002,124,40,80,87,3,51,24,71,14,500,179,35,24,63,366,46,68,12,6,7628,471 1,1,1,1,1,1,1,1,1,1,1,1,1,1,1,1,1,1,1,1,1,1,1,1,1,1,1,1,1,1,1,1,1,1,1,1,1
50,46,933,24,10,118,24,7678,10,117,22,956,15,65,597,18,14,449,10,353 1,1,1,1,1,1,1,21,1,1,1,1,1,1,1,1,1,1,1,1
178,8650,2675,13,3399 1,1,1,1,1
195,131,106,3,19,11,39 1,7,7,1,1,1,1
41,31,126,88,597,18,1516,140 1,1,1,1,1,1,1,1
497,10027,1934,8528,3,107 1,1,1,1,1,1
426,4,746,29874,806,4,12250,825,4,29875,843,4,12250 1,1,1,1,1,1,1,1,1,1,1,1,1
