69,49,4,25166,949,427,1087,470,99,29,414,4,5567,2,10833,485,4,10834,12486,7,12487,242,4,25167,25168,2946,95,25169,2946,25170,1008,168,4,25171,2946,95,25172,124,4,14135,2946,1976,42,4,189,17,2060,1188,2698,2,3094,28,5015,2393,2,1538,13,10841,234,4,552,5567,14,25173 1,1,1,1,1,1,1,1,1,1,1,1,1,1,1,1,1,1,1,1,1,1,1,1,1,1,1,1,1,1,1,1,1,1,1,1,1,1,1,1,1,1,1,1,1,1,1,1,1,1,1,1,1,1,1,1,1,1,1,1,1,1,1,1
25174,13,15,216,25175,798,12,7372,13,839,2348,3094,2,4958,12,23,168,12,25176,2,116,2,2553,2,120,2,104,20,166,10,50,2060,1188,2698,2,803,2,5,834,3094,38,465,434,18,20,25177,2647 1,1,1,1,1,1,1,1,1,1,1,1,1,1,1,1,1,1,1,1,10,1,16,1,4,1,1,1,1,1,1,1,1,1,1,1,1,1,1,1,1,1,1,1,1,1,1
432,23,2769,2528,798,18,39,2060,1188,2698,2,3161,394,5,803,2,48,80,6,864,53,316,851,10,6,1444,32,166,256 1,1,1,1,1,1,1,1,1,1,1,1,1,1,1,1,1,1,1,1,1,1,1,1,1,1,1,1,1
18,1938,455,2,270,2,396,2,11,3294,2,3970,2,731,2,150,1099,2,901,2,26,672,1479,2,11,1829,2,1654,2,1809 1,1,1,1,1,1,1,1,1,1,1,1,1,1,1,1,1,1,1,1,1,1,1,1,1,1,1,1,1,1
18,21,1282,37,23,2060,568,14,5507,2,5,5737,2,21,1373,34,2,5,37,302,2122,10,55,25178,19,6,2060,11,1479,12,4960 1,1,1,1,1,1,1,1,1,1,1,1,1,1,1,1,1,1,1,1,1,1,1,1,1,1,1,1,1,1,1
18,21,2490,1929,8622,25179,2,48,31,1467 1,1,1,1,1,1,1,1,1,1
18,113,13606,65,1084,8622,14567 1,1,1,1,1,1,1
11,596,2,48,21,39,469,2,5,1112,136,922 1,1,1,1,1,1,1,1,1,1,1,1
23,440,58,25180,1493,10,125,23,434,18,20,12,6,189,5,166,37,645,23,111,14,251,2,7207,18,21,6879,1352,25181,675,4723,2217,1170,257 1,1,1,1,1,1,1,1,1,1,1,1,1,1,1,1,1,1,1,1,1,1,1,1,1,1,1,1,1,1,1,1,1,1
257,4,36,172,474,22,25,82,36,1522,9,1997,25182,8,941,36,230,449,22,25,82,60,35,1973,626,3392,82,36,7347,7779,25,866,150,107,60,35,45,42,1414,866,150,107,36,1201,683,25,82,9,692,1115,3303,25183,8,36,1803,1829,25184,190,509,28,506,36,1833,4643,1565,35,45,25,82,36,235,105,22,25,82,36,1151,35,347,25,82,60,35,2686,42,1414,82,36,737,1974,25,82,36,8476,1435,41,568,2357,1435,41,98,25185,2478,59,989,2357,12,1158,568,11245,28,6839,1272,25186,25187,36,473,449,22,25,82,153,45,42,1414,866,107 1,1,1,11,1,1,1,1,1,1,1,1,1,1,1,1,7,1,1,1,1,1,1,1,1,1,1,1,1,1,1,1,1,1,1,1,1,1,1,1,1,1,1,26,1,1,1,1,1,1,1,1,1,1,6,6,1,1,1,1,1,1,1,1,1,1,1,1,1,1,1,1,1,1,1,1,1,1,1,1,1,1,1,1,1,1,1,1,23,1,1,1,1,1,1,1,1,1,1,1,1,1,1,1,1,1,1,1,1,1,1,1,1,1,1,1,28,1,1,1,1,1,1,1,1,1,1
36,1342,130,22,25,82,36,2854,768,25,27,1244,60,35,45,42,1414,4649,27,1244 1,1,1,1,1,1,1,1,1,1,1,1,1,1,1,1,1,1,1,1
36,635,390,25,506,36,5826,626,25,82,192,4,1020,75,46,1764,28,3955,2,3813,12,25188,1545,4,32,256,5,592,1842,188,132,353,438,81,341,424,927,127,565,2039,112,34,904,79,188,132,776,668,1946,566,4400,3474,3202,2,139,304,739,2419,494,8013,180,132,353,461,337,34,309,139,4,1590,1055,2996,832,990,4,116,2,3191,335,9,603,8,2,798,9,477,8,2,11,592,335,2,1023,335 1,12,1,1,1,1,1,1,1,1,1,1,13,1,1,1,1,1,1,1,1,1,1,1,1,1,1,1,1,1,1,1,1,4,4,1,1,10,24,1,1,1,1,1,1,1,1,1,1,1,1,1,1,1,1,1,1,1,1,1,1,1,1,1,1,1,1,1,1,1,1,1,1,1,1,10,1,1,1,1,1,1,1,1,1,1,1,1,1,1,1,1,1,1
1100,4,295,13,943,2,382,10,273,3528,2,48,943,826,203,7,192,3528,28,1938,25189,122,4,638,4,2839,980,111,25190,492,2812,574,3182,1080,41,628,224,4,893,4,4847,2,436,181,4,11,690,26,2035 1,1,1,1,1,1,1,1,1,1,1,1,1,1,1,1,1,1,1,1,1,1,1,1,1,1,1,5,5,1,1,1,1,1,1,1,1,1,1,1,1,1,1,1,1,1,1,1,1
202,4,3519,2,1504,2,966,90 1,1,1,1,1,1,1,1
11,690,26,9458,12,1414,2,1373,2,26,168,112,4,330,2,11,229,44,4,1398,13,199,1329 1,1,1,1,1,1,1,1,1,1,1,1,1,1,1,1,1,1,1,1,1,1,1
1977,4,3070,2,324,2673 1,1,1,1,1,1
11,3458 1,1
340,4,133,2,875,2,1325 1,1,1,1,1,1,1
516,4,336,79,171,916,4,6,29,20,2968,413,5,646,2,5,20,640,192,2770,5,2735,4160 1,1,1,1,1,1,1,1,1,1,1,1,1,1,1,1,1,1,1,1,1,1,1
68,20,991,9923,86,5485,1984 1,1,1,1,1,1,1
6,5057,2,5,2405,129,175 1,1,1,1,1,1,1
951,4,47,4,31,2415 1,1,1,1,1,1
591,4,6672 1,1,1
725,183,675,75,46,1764,28,51,675 1,1,1,1,1,1,1,1,1
11,10842 1,1
1088,2,219,2,5074,570,952,1930,9,26,3294,8 1,1,1,1,1,1,1,1,1,1,1,1
11,2586 1,1
25191,2060,1654,4,466,1459,10,879,191,3330,2,5,10,8297,191,2695,2,2696,19,6,2060,42,196,41,1323,10,6,2769,4444,4,2060,25192,1188,4228,5526,4,5340,1197,1371,4639,5,193 1,1,1,1,1,1,1,1,1,1,1,1,1,1,1,1,1,1,1,1,1,1,1,1,1,1,1,1,1,1,1,1,1,1,1,1,1,1,1,1,1,1
4214,2,98,4,3094,10,25193,1325,12208,302,75,695,28,25194,5,25195,302 1,1,1,1,1,1,1,1,1,1,1,1,1,1,1,1,1
3164,3978,3604 1,1,1
3440,4,4755,5,6683,275 1,1,1,1,1,1
2097,4,1559,4215,1052 1,1,1,1,1
731,4,43,2780,5,1419,28,11,2781,2,3179,2,26,6515 1,1,1,1,1,1,1,1,1,1,1,1,1,1
11,3441,3165 1,1,1
1197,6073,1581,19,6,2060,2006,2769,14568,3246,3959,2396,5569,6055,6736,7644,5172,14569,5912,3266,4002,7645,7646,7647,7648,3041,3394,246,157,83,83,83,83,83,83,83,83,83,83,54,83,83,83,83,83,83,83,83,83,83,4501,4,2082,3768,2,8329,2,5,25196,1445,175 1,1,1,1,1,1,1,1,1,1,1,1,1,1,1,1,1,1,1,1,1,1,1,1,1,1,1,1,1,1,1,1,1,1,1,1,1,1,1,1,1,1,1,1,1,1,1,1,1,1,1,1,1,1,1,1,1,1,1,1,1
11,25197,2974 1,1,1
2951,4,3246,3959,4216,5593,5173,853,3266,4002,3266,3041,246,157,51,51,51,51,51,423,54,51,51,51,51,51,423,3635,4,32,166,256,19,6,1444 1,1,1,1,1,1,1,1,1,1,1,1,1,1,1,1,1,1,1,1,1,1,1,1,1,1,1,1,1,1,1,1,1,1,1
879,5,870,175 1,1,1,1
757,2318,175 1,1,1
2959,175 1,1
11,160,7,5462,26,25198 1,1,1,1,1,1
672,4,2119,5174,4,3722,25199,770,4635,25200,66,650,3897,443,7580,1060,1267,833,4,1332,4954,600,13,158,798,13,839,3094,27,450,116,2,2553,2,401,13,864,373,557,13,4125,8932,4228,7,6,2060,1444,124,197,731,10111,2270,7,23,584 1,1,1,1,1,1,1,1,1,1,1,1,1,1,1,1,1,1,1,1,1,1,1,1,1,1,1,1,1,1,10,1,16,1,1,1,1,1,1,1,1,1,1,1,1,1,1,1,1,1,1,1,1,1,1
150,11388,563,10843,7,23,158,798,864,2,2006,116,25201 1,1,1,1,1,1,1,1,1,1,1,10,1
114,4,25202,7,6,1319,13,6654,10,1364,798,111,338,913,2217,75,879,28,3177,675,4723,108,66,17,798,2,1224,218,4125,8932,71,14,15,979,1224 1,1,1,1,1,1,1,1,1,1,1,1,1,1,1,1,1,1,1,1,1,1,1,1,1,1,1,1,1,1,1,1,1,1,1
108,256,4298,798,2,116,741,10843,7,798,864,66,2,209,5464,8669,25203,1755,17,4125,8932,13,1900,5,25204,176,126,10,207,100,13,440,108,864,273,31,1723,117,2390,7,1755,17,8932,2,237,750,378,325,17,1115 1,1,1,1,1,10,1,1,1,1,1,1,1,1,1,1,1,1,1,1,1,1,1,1,1,1,1,1,1,1,1,1,1,1,1,1,1,1,1,1,1,1,1,1,1,1,1,1,1,1
25205,4156,25206,25207,2,25208,949,427,361,1357,25209,13,192,1135,2,2762,26,1446,434,411,12,6,189,285,13,2703,427,58,7275,25210 1,1,1,1,1,1,1,1,1,1,1,1,1,1,1,1,1,1,1,1,1,1,1,1,1,1,1,1,1,1
