69,49,4,25120,3583,15,10533,141,99,64,4,5567,2,10833,512,46,4,10834,49,7,141,4,25121,240,4,1228,4,64,2,64,74,567,5,943,2,948 1,1,1,1,1,1,1,1,1,1,1,1,1,1,1,1,1,1,1,1,1,1,1,1,1,1,1,1,1,1,1,1,1,1,1,1
384,4,618,2,3760,672,2,572,2393,119,128,234,4,1182,292,600,13,637,7,120,2,1630,2,592,335,2,798,2,104,14,103,2292,162,19,14555,279,13,248,123,7,3760,672,2,394,2,149,3094,5,6947 1,1,1,1,1,1,1,1,1,1,1,1,1,1,1,1,1,1,1,4,1,1,1,1,1,1,1,1,1,1,1,1,1,1,1,1,1,1,1,1,1,1,1,1,1,1,1,1,1
18,21,15,450,1521,7,734,10000,2,476,1077,2,5,264,10037,191,6,78,51,159 1,1,1,1,1,1,1,1,1,1,1,1,1,1,1,1,1,1,1,1
18,2334,7359,1092,26,31,18,21,1009,23,77 1,1,1,1,1,1,1,1,1,1,1
18,2759,8034,23,140,32,23,748,14,851,42,757,34,5,255,7,194 1,1,1,1,1,1,1,1,1,1,1,1,1,1,1,1,1
18,3521,1013,6,1477,9698,5,151,18,113,84,14,1844,65,6,886,10,6,8724,119,23,567 1,1,1,1,1,1,1,1,1,1,1,1,1,1,1,1,1,1,1,1,1,1
18,21,39,363,1991,12,6,134,159 1,1,1,1,1,1,1,1,1
18,113,31,7514,5,14,1172,573,553,529,271,23,943,104,295,13,23 1,1,1,1,1,1,1,1,1,1,1,1,1,1,1,1,1
27,23,450,2,23,128,14,1847,37,18,21,61,4137,4295,74,76 1,1,1,1,1,1,1,1,1,1,1,1,1,1,1,1
7452,123,146,2,18,543,2292,162,19,23,157,568,5,20,12,23,1054,1120,7,424,17,363,123,4204 1,1,1,1,1,1,1,1,1,1,1,1,1,1,1,1,1,1,1,1,1,1,1,1
278,2,248,123,146,2,18,321,10,25122,25123,18,20,930,25124,2,25125,5,5878 1,1,1,1,1,1,1,1,1,1,1,1,1,1,1,1,1,1,1
23,128,166,37,18,39,572,14430,4989,5,85,5236,14556,27,511 1,1,1,1,1,1,1,1,1,1,1,1,1,1,1
18,85,3912,7,618,2,39,63,5654,3760,672,2,5,222,31,1821,10,1838,362,8690,11,5812,12,1341,5,8931,18,20,3950,173,31,537,382,10,3574 1,1,1,1,1,1,1,1,1,1,1,1,1,1,1,1,1,1,1,1,1,1,1,1,1,1,1,1,1,1,1,1,1,1,1
18,21,85,61,7066,5814,214,4373,288,2,393,573,393,37,18,21,14478,5814,19,23,8725,27,6,1253,4177 1,1,1,1,1,1,1,1,1,1,1,1,1,1,1,1,1,1,1,1,1,1,1,1,1
278,2,18,21,85,12216,100,2334,27,420,2,2291,4154,14556,5,631,1242,1216,100,5,6251,10,7514,1253,27,9630 1,1,1,1,1,1,1,1,1,1,1,1,1,1,1,1,1,1,1,1,1,1,1,1,1,1
23,128,85,10790,37,23,1444,39,288,2098,2721 1,1,1,1,1,1,1,1,1,1,1
23,128,267,37,23,115,129,2669,117,18,1379,23,5568,2,5,2320,648,795,4662,84,10,23 1,1,1,1,1,1,1,1,1,1,1,1,1,1,1,1,1,1,1,1,1,1
18,20,1632,10,6,189,19,25126,32,23,128,20,1847,37,18,39,983,798 1,1,1,1,1,1,1,1,1,1,1,1,1,1,1,1,1,1
23,638,19,141,129,111,25127,2,492,1743,2,574,564,2,276,8679,2,651,1048,1347,41,19,628 1,1,1,1,1,1,1,1,1,1,1,1,1,1,1,1,1,1,1,1,1,1,1
18,39,15,66,205,2,691,2,464,5,258,129,2519 1,1,1,1,1,1,1,1,1,1,1,1,1
12,6,189,18,3385,39,63,656,7,14189,434,1041,15,25128 1,1,1,1,1,1,1,1,1,1,1,1,1,1
281,2,18,267,37,18,14,930,1262,350,2126,10836,2,14,2948,5,21,11,618,2,1652,26,34 1,1,1,1,1,1,1,1,1,1,1,1,1,1,1,1,1,1,1,1,1,1,1
499,4,686,19,499,14,1387,1920,191,6,97,200,37,18,267,21,3726,573,932,7,2061 1,1,1,1,1,1,1,1,1,1,1,1,1,1,1,1,1,1,1,1,1
18,85,267,847,1666,9269,34,12,6,538,7,23,5707,37,2291,10151,5795,10837,5,14,31,1074,932,42,996 1,1,1,1,1,1,1,1,1,1,1,1,1,1,1,1,1,1,1,1,1,1,1,1,1
18,21,847,396 1,1,1,1
18,267,11,134,508,2,616,274,2,250,2,25129,2,655,2,272,2,402,2,435,2,807,2,2300,2815 1,1,1,1,1,1,1,1,1,1,1,1,1,1,1,1,1,1,1,1,1,1,1,1,1
18,267,106,668,1196 1,1,1,1,1
637,4,592,11801,971,12,25130,2,18,14,103,157,5613,5,2206,17,23,2377,37,20,25131,171 1,1,1,1,1,1,1,1,1,1,1,1,1,1,1,1,1,1,1,1,1,1
18,14,453,42,58,3412,6227,27,10831 1,1,1,1,1,1,1,1,1
3619,425,42,131 1,1,1,6
23,373,134,1015,20,2983,12,1215,25132,10838,102,831,146,2,39,8866,696,7,54,7447,37,25133,667,1963,3014 1,1,1,1,1,1,1,1,1,1,1,1,1,1,1,1,1,1,1,1,1,1,1,1,1
21,2818 1,1
7481,1447,10,55,239,10,120 1,1,1,1,1,1,4
116,103,1601,257,4,140,257,4,119,2972,1363,473,449,22,33,1342,130,22,33,25134,462,956,509,2,109,956,506,5826,462,22,33,3358,1953,33,210,109,22,33,230,196,22,33,669,244,22,33,2091,105,22,33,568,257,4,7437,35,41,873,8564,35,1593,59,5568,20,855,42,128 10,1,1,1,1,1,1,1,1,1,1,28,1,1,1,1,1,1,1,6,1,1,1,1,1,1,1,1,1,1,1,26,1,1,12,1,1,1,7,1,1,1,25,1,1,1,1,1,1,1,1,1,1,1,1,1,1,1,1,1,1,1,1,1,1,1
192,4,747,1100,4 1,1,1,1,1
5015,2393,2,2536,65,25135,2,18,295,12,25136,13,23,943 1,1,1,1,1,1,1,1,1,1,1,1,1,1
23,248,2972,4275,12,6,680 1,1,1,1,1,1,1
1881 14
152,430,4,152,2053,4,152,990,4,477,39,102,25137,2,587,7,153,27,439,25138,603,587,7,902,335,27,439,6989,21,1036,3187,2,153,21,120,2,355,2958 14,1,1,1,1,1,1,1,1,1,1,1,1,1,1,1,1,1,1,1,1,1,1,1,1,1,1,1,1,1,1,1,1,1,4,1,1,1
11,150,332 1,1,1
73,4,73,4,64,14,12,436,2,6735,48,12727 1,1,1,1,1,1,1,1,1,1,1,1
638,4,276,4,6344,492,4,1429,111,4,14557,574,4,1200,651,4,1204,19,628,202,4,1623,2,25139,2,4148 1,1,1,1,1,1,1,1,1,1,1,1,1,1,1,1,1,1,1,1,1,1,1,1,1,1
570 1
1504,610,682,2,952,2561 1,1,1,1,1,1
1559,14,214,3151,5,3109 1,1,1,1,1,1
1234,2698,166,27,157,663,7,1414 1,1,1,1,1,1,1,1
112,4,330,2,875,2,171,625,952,229,2,11,269 1,1,1,1,1,1,1,1,1,1,1,1,1
11,846,26,1064,166 1,1,1,1,1
226,4,1398,28,11,942,2,11,856,694,4,418,28,43,1268,2,11,1058,1139 1,1,1,1,1,1,1,1,1,1,1,1,1,1,1,1,1,1,1
487,5212 1,1
340,4,133,2,978,2,463,28,2749,28,11,1119,1139 1,1,1,1,1,1,1,1,1,1,1,1,1
64,21,1052,4284,832 1,1,1,1,1
8373,4,2724,577,2,1132,148,2025,4,171,967,74,193 1,1,1,1,1,1,1,1,1,1,1,1,1
11,79,166 1,1,1
323,4,413,5,646,1832,9,2902,5,1083,8 1,1,1,1,1,1,1,1,1,1,1
572,7268,5057,2,5474 1,1,1,1,1
951,591,814,2097,175,2,2261,74,171,5,863 1,1,1,1,1,1,1,1,1,1,1
853,423,193 1,1,1
600,10,1829,324,2,1197,6073,918,1203 1,1,1,1,1,1,1,1,1
382,10,974,316,13,2262 1,1,1,1,1,1
531,700,3484,475,3484,475,516,754,3484,754,516,70,83,83,83,83,83,52,83,83,83,83,83,2295,478,340,2971,516,2971,3484,2042,516,1197,340,70,83,83,83,83,83,52,83,83,83,83,83,258,4,2175,4,649,1604,2,524,3099,2,824,7010,2,689,10698,2,379,1956,2,792,2827,2,770,5493,9,498,792,2702,2,379,1645,8,335,4116,2,1178,2127,2,22,2500,1830,1982,1321,4,3081,1537,2,3190,2356,2,1497,14558,2,935,1303,2,1712,4674,801,4,298,5892,2,266,8434,2,443,9452,2,530,1987,2,666,4606,1307,4,1333,289,564,54,102,661,35,1883,3445,4,66,17,7052,2,25140,2,10363,2,25141,2,2128,2,14559,389,4,2031,4,66,17,358,2,298,2,9317,2,4893,2,67 1,1,1,1,1,1,1,1,1,1,1,1,1,1,1,1,1,1,1,1,1,1,1,1,1,1,1,1,1,1,1,1,1,1,1,1,1,1,1,1,1,1,1,1,1,1,1,1,1,1,1,1,1,1,1,1,1,1,1,1,1,1,1,1,1,1,1,1,1,1,1,1,1,1,1,1,1,1,1,1,1,1,1,1,1,1,1,1,1,1,1,1,1,1,1,1,1,1,1,1,1,1,1,1,1,1,1,1,1,1,1,1,1,1,1,1,1,1,1,1,1,1,1,1,1,1,1,1,1,1,1,1,1,1,1,1,1,1,1,1,1,1,1,1,1,1,1,1,1,1,1,1,1,1,1,1,1,1,1,1
2898,2635,389,2175,4,649,1865,2,524,14560,2,824,2108,2,6074,9584,2,1873,2083,25142,2,792,9245,9,6280,7969,8,25143,4,340,1089,4,851,42,2507 1,1,1,1,1,1,1,1,1,1,1,1,1,1,1,1,1,1,1,1,1,1,1,1,1,1,1,1,1,1,1,1,1,1,1
11,160,7,25144,26,25145,5036,25146,3217,26,10415,3930 1,1,1,1,1,1,1,1,1,1,1,1
157,1018,25147,2,54,1018,3778,601 1,1,1,1,1,1,1,1
1319,205,4,11,160,7,180,2634,1954 1,1,1,1,1,1,1,1,1
691,1319,4,11,160,7,180,1484,26,4389,1484 1,1,1,1,1,1,1,1,1,1,1
188,3298,12,6,70,806,3049,5,52,7062,8636 1,1,1,1,1,1,1,1,1,1,1
11,160,7,343,1619,667,6,112 1,1,1,1,1,1,1,1
2202,7,6,112,2093,11,2062,182,238 1,1,1,1,1,1,1,1,1
464,4,226,53,90,2,11,160,17,79,2,3323,2,26,2117 1,1,1,1,1,1,1,1,1,1,1,1,1,1,1
11,160,7,1334 1,1,1,1
498,426,4,161,1784,415,215,13,352,4,25148,4,2998,20,183,606,2,492,9,2736,10,5035,8,20,1697,41,3382 1,1,1,1,1,1,1,1,1,1,1,1,1,1,1,1,1,1,1,1,1,1,1,1,1,1,1
2992,1365,1390,41 1,1,1,1
66,17,313,2,729,2145,1035,11,160,7,729,313,26,743 1,1,1,1,1,1,1,1,1,1,1,1,1,1
468,999,4,6,450,91,212,20,43,399,212 1,1,1,1,1,1,1,1,1,1,1
6,468,1322,604,657,6988,1607,5,1535,518,1636,5,1807,1113 1,1,1,1,1,1,1,1,1,1,1,1,1,1
415,999,4,11,518,1636,142,129,3882,432,38,215 1,1,1,1,1,1,1,1,1,1,1,1
4583,4,152 1,1,1
165,704,4,25149,4,324,10042 1,1,1,1,1,1,1
585,1697,41 1,1,1
149,1271,13515 1,1,1
149,2371,14037 1,1,1
861,4178,4772 1,1,1
833,4,1182,292,600,13,637,7,120,2,1630,2,592,335,2,798,2,104,14,103,2292,162,19,14555,279,13,248,123,7,3760,672,2,394,2,149,3094,5,6947 1,1,1,1,1,1,1,1,4,1,1,1,1,1,1,1,1,1,1,1,1,1,1,1,1,1,1,1,1,1,1,1,1,1,1,1,1,1
18,21,1122,27,450,5,21,288,39,6,736,7,5568,2,15,14561,14562,1836,2,10,23,77 1,1,1,1,1,1,1,1,1,1,1,1,1,1,1,1,1,1,1,1,1,1
38,519,50,39,6,1716,7,5978,23,14563,1131,2,2320,4339,10,15,4854,1120,5,23,264,6554,2,5,476,132,3357,7,23,10505,4997,77,2,2320,4339,10,180,4168,19,188,1122 1,1,1,1,1,1,1,1,1,1,1,1,1,1,1,1,1,1,1,1,1,1,1,1,1,1,1,1,1,1,1,1,1,1,1,1,1,1,1,1,1
2433,1757,7,4168,563,2009,7723,2,2245,2,624,4917,2,1825,3289,2,252,1608,416,2,4603,65,554,26,25150,2,5,4125 1,1,1,1,1,1,1,1,1,1,1,1,1,1,1,1,1,1,1,1,1,1,1,1,1,1,1,1
12,736,2,68,14,6,1754,7,798,2,278,6,691,5,205,129,66,5,6,95,408,5,115,53,31,557,13,15,798 1,1,1,1,1,1,1,1,1,1,1,1,1,1,1,1,1,1,1,1,1,1,1,1,1,1,1,1,1
7,1693,645,14,37,18,21,1039,3102,359,7,4168,1155,32,3094,5,2974 1,1,1,1,1,1,1,1,1,1,1,1,1,1,1,1,1
1825,1757,7,4168,25151,563,649,2,335,2,22,2,1227,2,25152,25153 1,1,1,1,1,1,1,1,1,1,1,1,1,1,1,1
23,649,2,22,5,335,53,918 1,1,1,1,1,1,1,1
23,379,14,251,27,1956,2,71,14,2340,10,793,23,450,2,5,12,6,644,7,15,25154,29,2,38,519,55,2909,10,5185,23,191,10,4168 1,1,1,1,1,1,1,1,1,1,1,1,1,1,1,1,1,1,1,1,1,1,1,1,1,1,1,1,1,1,1,1,1,1
23,358,20,5690,19,141,2,71,14,251,2,48,316,829,393,17,15,381,5,31,27,344,2909,1733,17,916,142,10,2640 1,1,1,1,1,1,1,1,1,1,1,1,1,1,1,1,1,1,1,1,1,1,1,1,1,1,1,1,1
566,14,380,32,23,298,14,610,251,27,5892,13,1333,41,1658,74 1,1,1,1,1,1,1,1,1,1,1,1,1,1,1,1
278,2,68,14,11,2002,1228,7,566,5,18,21,15,43,464,5,2031,2,218,6281,286,15,1334,5,1427,5396 1,1,1,1,1,1,1,1,1,1,1,1,1,1,1,1,1,1,1,1,1,1,1,1,1,1
18,21,11,359,7,566,27,6,1331,7,23,568,162 1,1,1,1,1,1,1,1,1,1,1,1,1
18,519,50,15,3956,576,10,150,566,26,239,10,23,746,2,48,86,15,508,2,38,14,7508,2081 1,1,1,1,1,1,1,1,1,1,1,1,1,1,1,1,1,1,1,1,1,1,1,1
23,972,139,228,519,55,624,4303,2,32,18,14,19,306,77,13,6,134,736,7,7437,5,8564,568,2357,32,57,32,5568,37,20,288,795,42,6,128 1,1,1,1,1,1,1,1,1,1,1,1,1,1,1,1,1,1,1,1,1,1,1,1,1,1,1,1,1,1,1,1,1,1,1,1
568,2357,1916,273,31,433,1926,344,2532,25155,2,598,68,14,63,7344,25156,10,6,3239 1,1,1,1,1,1,1,1,1,1,1,1,1,1,1,1,1,1,1,1
278,2,562,840,2,5193,2,5,6980,53,192,334,10,25157,4168,5,18,14,19,192,7,1406,2,317,248,14185,74 1,1,1,1,1,1,1,1,1,1,1,1,1,1,1,1,1,1,1,1,1,1,1,1,1,1,1
6,280,5568,519,55,2909,10,5185,23,191,32,84,14,15,2767,5,42,4901,84,319,1489,1872,2,5,42,25158,268,2674,2,84,319,1489,15,4854,1120,2,2320,5978,132,3357,7,23,150,840,5,734,2440,1733,2,2320,4339,10,4168 1,1,1,1,1,1,1,1,1,1,1,1,1,1,1,1,1,1,1,1,1,1,1,1,1,1,1,1,1,1,1,1,1,1,1,1,1,1,1,1,1,1,1,1,1,1,1,1,1,1,1,1,1
3909,2,23,450,331,14,65,25159,5,20,2702,19,141,10,6,189,5,23,450,379,14,65,25160,434,84,20,1645,19,141,10,6,189 1,1,1,1,1,1,1,1,1,1,1,1,1,1,1,1,1,1,1,1,1,1,1,1,1,1,1,1,1,1,1,1
68,14,11,156,1693,17,624,4917,5,23,3445,2008,20,66 1,1,1,1,1,1,1,1,1,1,1,1,1,1
68,20,11,1217,996,166,5,23,115,50,2705,19,1431,928,10,55,15,14378,1120,23,111,19,141,20,14557,5,23,296,20,1429,2,71,113,31,845,10,15,252,1608,1120,32,15,1489 1,1,1,1,1,1,1,1,1,1,1,1,1,1,1,1,1,1,1,1,1,1,1,1,1,1,1,1,1,1,1,1,1,1,1,1,1,1,1,1,1,1,1
18,39,15,134,415,215,37,20,66 1,1,1,1,1,1,1,1,1
278,2,84,14,380,37,18,21,106,6860,2,71,209,7030,13,23,134,30,7,1991,27,140 1,1,1,1,1,1,1,1,1,1,1,1,1,1,1,1,1,1,1,1,1,1
278,2,38,209,31,1489,6,4168 1,1,1,1,1,1,1,1
23,1122,21,61,4137,191,15,451,159,5,6,380,4298,563,4295,74,2,343,1122,2,25161,2,620,1113,2,1227,2109,1804,1705,2,8224,4473,5,188,1484,1122 1,1,1,1,1,1,1,1,1,1,1,1,1,1,1,1,1,1,1,1,1,1,1,1,1,1,1,1,1,1,1,1,1,1,1,1
188,1484,1122,14,15,7267,1754,13,691,7,1319,1508,188,3298,12,6,70,806,3049,5,52,7062,8636 1,1,1,1,1,1,1,1,1,1,1,1,1,1,1,1,1,1,1,1,1,1,1
23,1570,2,120,5,344,3398,1733,9,25162,12,10832,8,53,328,811,13,2818,17,25163,1122 1,1,1,4,1,1,1,1,1,1,1,1,1,1,1,1,1,1,1,1,1
114,4,161,4168,4,447,384,2709,7,2176,2,453,42,927,2058,7,14564,27,14565 1,1,1,1,1,1,1,1,1,1,1,1,1,1,1,1,1,1,1
1005,2,1227,2,1804,2,6846,2,2007 1,1,1,1,1,1,1,1,1
855,23,669,2,3358,2,230,5,887,23,1942,12,6,221 1,1,25,1,26,1,7,1,1,1,1,1,1,1
750,4770,12,221,17,470,536,6,855,7,5568 1,1,1,1,1,1,1,1,1,1,1
2854,1247,22,2172 1,1,1,1
165,132,353,4,218,7636,124,6280,456,51,41,5,1338,10,1971,12,189,126,5409,2559,855,669,2,5568,32,218,14028,7,10839,5,132,353,186,1070,4,679,10,707,17,14566,7,566 1,1,1,1,1,1,1,1,1,1,1,1,1,1,1,1,1,1,1,1,1,25,1,1,1,1,1,1,1,1,1,1,1,1,1,1,1,1,1,1,1,1
152,281,156 1,1,1
249,339,4,251,1843,785,4,11,359,26,115,281 1,1,1,1,1,1,1,1,1,1,1,1
679,10,207 1,1,1
251,3190,5,9318,4,539,4524,15,10840 1,1,1,1,1,1,1,1,1
1920,4,539,15,4693,3574 1,1,1,1,1,1
351,2009,4,988,5,3574,470 1,1,1,1,1,1,1
133,333 1,1
459,7989,4,742,2,652 1,1,1,1,1,1
4381,2785,7241,4767,25164,1327,2531,4,64,201,5,755,13,7241,4767,2,1061,13,242,5,114 1,1,1,1,1,1,1,1,1,1,1,1,1,1,1,1,1,1,1,1,1
12,2001,2,25165,13,1122,629,13,180,19,188,132,353,5,10839 1,1,1,1,1,1,1,1,1,1,1,1,1,1,1
1187,218,4380,2,278,2,5568,14,6,316,280,560,5,176,5376,362,23,834,132,353,5,4168 1,1,1,1,1,1,1,1,1,1,1,1,1,1,1,1,1,1,1,1,1,1
40,3105,4120,1225,32,9112,256 1,1,1,1,1,1,1
3254,7281 1,1
