69,49,4,25265,3281,332,538,1532,99,1117,4,4443,10282,240,4,10850,4027,49,7,1524,4,1426,5695,2,3854,494,4,2386,2,1221,2006,3922,2386,234,4,1680,292,11494,5809,345,13,134,1180,144,1682,27,3281,279,10,1532,308,17,523,95,17,207,100,7,24,2386 1,1,1,1,1,1,1,1,1,1,1,1,1,1,1,1,1,1,1,1,1,1,1,1,1,1,1,1,1,1,1,1,1,1,1,1,1,1,1,1,1,1,1,1,1,1,1,1,1,1,1,1,1,1,1,1,1,1,1,1
38,1680,292,345,13,30,7,311,47,120,104,113,31,433,135,89,203,12,2061,2229,20,4190,128,12,6618,5,39,2079,4155,1217,996 1,1,1,1,1,1,1,4,4,4,1,1,1,1,6,1,1,1,1,1,1,1,1,1,1,1,1,1,1,1,1
27,6,95,2,67,848,20,354,447 1,1,1,1,1,1,1,1,1
712,1153,1367,10,6,1087,12,6618,2,16,21,111,10846,28,443,830,20,12,2560,74 1,1,1,1,1,1,1,1,1,1,1,5,5,1,1,1,1,1,1,1
6,29,20,3090,2,480,17,116,13,4414,5,730,19,219,131,5,1921,5,1086,10,3281,17,241,203 1,1,1,1,1,1,1,10,1,7,1,1,1,6,6,1,1,1,1,1,1,1,1,1
27,3281,2,691,227,363,350,2026,7,1484,1796,32,1628,17,2904,10838,704,20,346,1508,11,5547,2,11,2818,2,324,585,13,1598,28,6034,86,5547,32,57 1,1,1,1,1,1,1,1,1,1,1,1,1,1,1,1,1,1,1,1,1,1,1,1,1,1,1,1,1,1,1,1,1,1,1,1
2901,20,346,5,718,17,6739,71,20,66 1,1,1,1,1,1,1,1,1,1
16,25266,15,132,1243,71,227,3248,502,2592,28,258,85,227,10520 1,1,1,1,1,1,1,1,1,1,1,1,1,1,1
132,1681,1089,227,11,2214,7,3513 1,1,1,1,1,1,1,1
16,20,986,19,2259,17,24,2235,1334 1,1,1,1,1,1,1,1,1
150,14579,7,6,576,116,1243,129,346,317,233,17,10553,25267,2,14580 1,1,1,1,1,10,1,1,1,1,1,1,1,1,1,1
6,4623,20,5223,5,16,20,8127,19,6,2041 1,1,1,1,1,1,1,1,1,1,1
116,20,425,13,4414,1685,13,1317,802,2392,537,1704 10,1,1,1,7,1,1,1,1,1,1,1
16,986,10,50,1024,596,5,20,19,4120,1337,71,129,2536,5223,664 1,1,1,1,1,1,1,1,1,1,1,1,1,1,1,1
14581,2,6,266,5,298,2697,32,16,20,6442 1,1,1,1,1,1,1,1,1,1,1
443,830,4499,185,12,6,1481,74,17,363,123,297,734,19,6,3253,2230,100,10,6,823,74 1,1,1,1,1,1,1,1,1,1,1,1,1,1,1,1,1,1,1,1,1,1
14582,129,2250,27,1464,5,889,426,129,1126,10851,5,16,20,321,19,3873 1,1,1,1,1,1,1,1,1,1,1,1,1,1,1,1,1
962,84,20,549,37,24,2386,20,373,1758,1221,28,3989,20,354,761,13,2007,354,204 1,1,1,1,1,1,1,1,1,1,1,1,1,1,1,1,1,1,1,1
16,52,6,3551,5,27,38,845,24,298,10852,423,5,16,20,1285,5,268,1737,185 1,1,1,1,1,1,1,1,1,1,1,1,1,1,1,1,1,1,1,1
48,24,2190,5287,4682,10,3973,931,5548 1,1,1,1,1,1,1,1,1
15,1033,3188,911,20,346,1508,11,14583,10,1208,14584,5,68,129,251,14585,1796,32,1628,17,15,10853,1460 1,1,1,1,1,1,1,1,1,1,1,1,1,1,1,1,1,1,1,1,1,1,1,1
32,57,2,16,2931,15,877,12,24,14586,19,6,1140,663,32,15,1824,580,1914 1,1,1,1,1,1,1,1,1,1,1,1,1,1,1,1,1,1,1
124,24,2386,5,251,443,830,2,16,20,2526,14587,793,12,6,144 1,1,1,1,1,1,1,1,1,1,1,1,1,1,1,1
32,57,2,2772,20,321,27,38,95,2,962,27,778,59,5,237,7736,10,3021,59,151,24,6646,129,100,10,14588,1170,6,560 1,1,1,1,1,1,1,1,1,1,1,1,1,1,1,1,1,1,1,1,1,1,1,1,1,1,1,1,1,1
32,57,2,16,2931,15,350,339,1574,239,10,63,611 1,1,1,1,1,1,1,1,1,1,1,1,1
17,38,581,16,20,31,4967,48,730,712,82,211 1,1,1,1,1,1,1,1,1,1,1,11
16,20,874,65,6,144,248,236,146,5,21,346,1701,57,136,237 1,1,1,1,1,1,1,1,1,1,1,1,1,1,1,1
24,2437,21,61,199 1,1,1,1,1
16,88,87,25268 1,1,1,1
11,25269 1,1
11,241,388,12,24,25270 1,1,1,1,1,1
16,113,50,106,1625,25271,12,1176,2073,117,290,24,7358,48,11,25272 1,1,1,1,1,1,1,1,1,1,1,1,1,1,1,1
8658,4,120,311,35,136,439,579,11,12316,7,87,1138,67,6646,158,10,38,605,280,2494,19,38,605,132,776,3248,2592,3212,127,2386,339,25273,412,13,611,2445,19,2573,350,2904,1019,25274,77,4,2330,184,2772,823,59,211,474,1980,501,3241,3587,742,131,4,221,244,25275,486,2,852,105,25276,486,137,4,747,179,30,4,295,12,10847,28,1616,1230,12,10854,11,1881,267,179,430,128,30,4,116,93,122,4,520,359,111,25277,2,289,1258,2,574,723,2,1157,7635,600,2,616,5417,946,759,4,2464,345,2,413,2,4613,2,436,202,4,330,2,6448,2,11,14589,1289,44,4,90,623,4,1714,340,28,599,13,11,1003,516,4,617,531,79,2,11,412,79,181,4,3004,4914,19,24,1907,13,8857,1377,2,10024,10855,142,19,24,112,467,4,7651,298,2129,9,54,8,2,615,25278,9,54,8,2,458,4916,9,54,8,2,266,6540,9,54,8,2,530,365,2,665,3605,2,698,5536,2,443,25279,9,72,8,7651,666,8609,9,72,8,7651,2914,431,2,1081,2,41,1753,2163,2,41,897,2277,2,41,1637,102,9,54,8,2,41,732,102,2,41,1675,35,7651,2584,14543,2,2585,25280,2,2661,4812,9,54,8,2,2662,4812,2,2663,3555,7651,7652,1506,242,5,114,4,5782,1533,7,15,1680,292,345,13,131,1543,81,5,1451,8936,116,104,658,13,1217,12,644,7,1229,303,5,14,514,13,3248,740,2,132,776,2,363,350,14590,2753,5,21,533,1959,3857,10,931,5548,5,39,1687,14591,877 1,1,1,1,1,1,1,1,1,1,1,1,1,1,1,1,1,1,1,1,1,1,1,1,1,1,1,1,10,10,1,1,1,1,1,1,1,1,1,1,1,1,1,1,1,26,13,1,1,1,11,1,1,7,23,1,1,6,1,1,1,1,6,1,1,1,1,6,1,1,1,1,1,1,1,1,1,1,1,1,1,1,14,14,1,1,1,1,1,1,10,1,1,1,1,1,1,1,1,1,1,1,1,1,1,1,1,1,1,1,1,1,1,1,1,1,1,1,1,1,1,1,1,1,1,1,1,1,1,1,1,1,1,1,1,1,1,1,1,1,1,1,1,1,1,1,1,1,1,1,1,1,1,1,1,1,1,1,1,1,1,1,1,1,1,1,1,1,1,1,1,1,1,1,1,1,1,1,1,1,1,1,1,1,1,1,1,1,1,1,1,1,1,1,1,1,1,1,1,1,1,1,1,1,1,1,1,1,1,1,1,1,1,1,1,1,1,1,1,1,1,1,1,1,1,1,1,1,1,1,1,1,1,1,1,1,1,1,1,1,1,1,1,1,1,1,1,1,1,1,1,1,1,1,1,1,1,1,1,1,1,1,1,1,1,1,1,1,1,1,1,1,1,1,1,1,1,6,1,1,1,10,10,10,1,1,1,1,1,1,1,1,1,1,1,1,1,1,1,1,1,1,1,1,1,1,1,1,1,1,1,1,1,1,1,1,1,1,1,1
16,20,480,17,1693,7,3922,2386,12,144,13,2526,10397,237,2772 1,1,1,1,1,1,1,1,1,1,1,1,1,1,1
80,2,16,279,3769,57,5,411,21,15,2386,1170,6,2772 1,1,1,1,1,1,1,1,1,1,1,1,1,1
84,14,411,31,380,10,6597,17,1769,108,38,14,411,15,1221,2386,638,3922,2386 1,1,1,1,1,1,1,1,1,1,1,1,1,1,1,1,1,1,1
27,6,6249,2,92,40,126,10,1815,38,32,14592,5,40,126,2772,27,6,231,262,5,3691,170,10,60,172,474,22,33 1,1,1,1,1,1,1,1,1,1,1,1,1,1,1,1,1,1,1,1,1,1,1,1,1,11,1,1,1
108,38,14,15,1221,1460,2,95,454,55,15,199,1394,215,27,38,454,1723,117,16,14,241,65,24,1180,25281,1682 1,1,1,1,1,1,1,1,1,1,1,1,1,1,1,1,1,1,1,1,1,1,1,1,1,1,1
27,24,400,101,13,1089,400,376,92,40,887,24,25282,975,2,2007,2,889,25283,17,106,5725,7,1092,24,1782,519,411,55,25284,63,4655,1338,10,1411,15,1221,2386 1,1,1,1,1,1,1,1,1,1,1,1,1,1,1,1,1,1,1,1,1,1,1,1,1,1,1,1,1,1,1,1,1,1,1,1,1,1
108,24,443,830,774,423,2,92,40,55,382,10,247,6608,24,2772,27,37,95 1,1,1,1,1,1,1,1,1,1,1,1,1,1,1,1,1,1,1
7,99,2,12,6,1787,1378,2,92,176,55,382,10,907,2739,1352,1221,5,3922,1460,13,10264,7,6,14593,1096,542 1,1,1,1,1,1,1,1,1,1,1,1,1,1,1,1,1,1,1,1,1,1,1,1,1,1,1
12,6,3157,2,16,40,55,4986,13,24,280,440,5,132,312,400,223 1,1,1,1,1,1,1,1,1,1,1,1,1,1,1,1,1
1306,4443,842,10282,2,96 1,1,1,1,1,1
