67,54,4,30128,281,297,30129,15419,3153,7601,3,5214,3562,3398,3,1972,30130,30131,9,30132,8,30133,30134,30,7,61,328,4,5214,468,12,89,10,96,115,19,311,39,483,3,6,671,7,75,14,23,703,623,1394 1,1,1,1,1,1,1,1,1,1,1,1,1,1,1,1,1,1,1,1,1,1,1,1,1,1,1,1,1,1,1,1,1,1,1,1,1,1,1,1,1,1,1,1,1,1,1,1,1
16,258,37,159,1783,6,1829,37,119,126,201,19,12,1135,3,23,116,57,27,1376,215,42,476 1,1,1,1,1,1,1,1,1,1,1,1,1,1,1,1,1,1,1,1,1,1,1
16,14,344,299,115,711,135,421,10,530,10,6,3538,5,14,31,46,88,1837,26,535,2488,23,336 1,1,1,1,1,1,1,1,1,1,1,1,1,1,1,1,1,1,1,1,1,1,1,1
16,14,98,96,115,19,23,185,393,3,23,106 1,1,1,1,1,1,1,15,15,15,7,7
16,258,37,16,21,68,527,10,96,15,476,353,3,51,109,258,37,16,21,31,68,1409,232,223,299,145,288 1,1,1,1,1,1,1,1,1,1,1,1,1,1,1,1,1,1,1,1,1,1,1,1,1,1,1
16,14,98,96,115,19,23,71 1,1,1,1,1,1,4,4
16,14,31,46,88,535,13,23,39 1,1,1,1,1,1,1,1,1
16,242,31,503,23,838,37,50,38,510,201,17,12,1135,51,258,37,16,237,52,41,10,191,470,139,6,1826 1,1,1,1,1,1,1,1,1,1,1,1,1,1,1,1,1,1,1,1,1,1,1,1,1,1,1
16,14,98,96,115,19,23,803 1,1,1,1,1,1,1,1
16,258,37,16,21,68,157,6,4709,5,6,5652,35,60,35,6,4102,4006,19,15,105,1721 1,1,1,1,1,1,1,1,1,1,1,1,1,1,1,1,1,1,1,1,1,1
16,258,37,23,184,21,68,232 1,1,1,1,1,1,1,1
16,14,2475,407,27,233,5,16,21,476,288,572,306,397 1,1,1,1,1,1,1,1,1,1,1,1,1,1
16,14,98,55,10,46,1464,872,35,60,35,3839,1012 1,1,1,1,1,1,1,1,1,1,1,1,1
15,95,1321,98,722,5058 1,1,1,1,1,1
16,109,31,46,88,5761,116,7,70,473,2168,34,3,300,26,375 1,1,1,1,1,1,1,1,1,1,1,1,1,1,1,1
16,109,664,1153,26,31,16,14,15,2339,17,516,7,1464,1159,80,39,30,4,173,17,5552,2000,3,6996,419,3,3726,120,251,3,11392,6711,3,466,1992,13715,76,3,106,3,287,3,7115,3,4823,854,3,803,3,71,3,130,213,3,1283,5,1464,872,35,60,35,5058,5,3839,1012 1,1,1,1,1,1,1,1,1,1,1,1,1,1,1,1,1,1,1,1,1,1,1,1,1,1,1,1,1,1,1,1,1,1,1,1,1,1,1,7,1,15,1,1,1,1,1,1,1,1,4,1,1,1,1,1,1,1,1,1,1,1,1,1,1,1
39,4,4102,4006,3,348,3,1669,3,1829,3,5652,3,959,3,613,3,3836,3,4709,3,752,1332,3,752,7213,3,1184,5,203 1,1,1,1,1,17,1,1,1,1,1,1,1,1,1,9,1,1,1,1,1,1,1,1,1,1,1,1,1,11
127,4,16,21,62,127,10,1176,1707,3,7311,3,5257,3,1765,3,5,1999 1,1,1,1,1,1,1,1,1,1,1,1,1,1,1,1,1,1
102,101,4,63,94,14,4903,3,19,390,10608,3,133,14,1217,3,807,6169,5,140,14,12105,624 1,1,1,6,6,6,6,1,1,1,6,1,1,1,1,1,1,1,1,1,1,1,1
12,207,3,16,14,12,11,199,342 1,1,1,1,1,1,1,1,1
6,227,77,722,11,2036,5,11,1050 1,1,1,1,1,1,1,1,1
6,1239,14,91 1,1,1,1
136,14,332 1,1,1
74,14,11,908 1,1,1,1
155,57,91,10,463,100,13,11,407,5,11,1065 1,1,1,1,1,1,1,1,1,1,1,1
130,14,145,156,5,239,13,11,213,3,502,26,561 1,1,1,1,1,1,1,1,1,1,1,1,1
6,214,14,152,3,1763,3,5,396 1,1,1,1,1,1,1,1,1
74,14,11,1128 1,1,1,1
6,114,111,11,93 1,1,1,1,1
192,5,104,4,176,71,3,23,372,95,733,398,20,3054,5,40,109,31,160,10,52,359,465,597,1102 1,1,1,1,1,4,1,1,1,1,1,16,16,16,1,1,1,1,1,1,1,1,1,1,1
16,20,1260,465,10,86,10,96,15,2310,353,5,2865,465,1430,10,15,3063,3,137,1574,27,40,85 1,1,1,1,1,1,1,1,1,1,1,1,1,1,1,1,1,1,1,1,1,1,1,1
16,14,4428,13,23,2728,77 1,1,1,1,1,1,1
178,1283 1,1
119,41,118,23,1829,10,2042,22,10,122,134,119,368,268,265,23,116 1,1,1,1,1,1,1,1,1,1,1,1,1,1,1,1,1
6716,677,57,2072,334,60,10,40 1,1,1,1,1,1,1,1
195,106 1,7
40,14,31,2141,179,13,23,137,389,3,313,3,119,57,118,23,1829,89,470,50,237,166,10,122,1667,16,109,12,1892,7,23,63,94,186,50,122,201,188,12,15,129 1,1,1,1,1,1,1,1,1,1,1,1,1,1,1,1,1,1,1,1,1,1,1,1,1,1,1,1,1,1,1,1,1,1,1,1,1,1,1,1,1
134,23,63,94,14,464,185,3,119,41,286,3239,23,2904,389,10,265,40 1,1,1,1,1,1,1,1,1,1,1,1,1,1,1,1,1,1
253,803 1,1
137,3,16,14,191,60,13,23,137,389 1,1,1,1,1,1,1,1,1,1
16,21,11,202,7,15,2290,27,40,85,5,16,14,1260,10,86,299,35,681,288,35,284 1,1,1,1,1,1,1,1,1,1,1,1,1,1,1,1,1,1,1,1,1,1
346,185,393 1,15,15
23,580,839,546,52,602,306,231,134,31,602,306,586,138,23,311,39,483 1,1,1,1,1,1,1,1,1,1,1,1,1,1,1,1,1,1
134,23,580,14,1470,306,586,19,40,372,95,144,119,208,527,201,19,15,381,228,7,736,10,122,134,119,368,299,201,845,839,97,62,185,12,23,1012,400,154 1,1,1,1,1,1,1,1,1,1,1,1,1,1,1,1,1,1,1,1,1,1,1,1,1,1,1,1,1,1,1,1,1,1,1,1,1,1,1
460,448,1012,400,154 1,1,1,1,1
571,57,15,2411,7,23,1464,872,5,6,3839,1012 1,1,1,1,1,1,1,1,1,1,1,1
92,14,404,10,46,201,221,12,12103,10,122,134,16,237,52,15,2339,17,516,7,6,1464,1159,17,132,3,119,41,285,19,23,71,3,140,314,5,355,7,23,393,5,119,41,510,201,10,12103 1,1,1,1,1,1,1,1,1,1,1,1,1,1,1,1,1,1,1,1,1,1,1,1,1,1,1,1,1,1,4,4,1,1,1,1,1,1,1,1,1,1,1,1,1,1,1
96,115,13,271,14,12,175,129 1,1,1,1,1,1,1,1
497,3989,9815,3,107 1,1,1,1,1
746,30135,5777,2449,806,4,16552,825,4,16552,843,4,30136 1,1,1,1,1,1,1,1,1,1,1,1,1
