67,54,4,30105,28,414,4,7601,3,5214,257,542,4,30106,259,54,7,112,4,30107,293,7601,468,10,224,89,17,439,139,52,124,17,1935,6996,690,12,871,1604 1,1,1,1,1,1,1,1,1,1,1,1,1,1,1,1,1,1,1,1,1,1,1,1,1,1,1,1,1,1,1,1,1,1,1,1,1,1
16,21,68,285,13,4477,3,942,340,5,1335,27,163,3,13,128,265,12,700,5,1248,670,11013 1,1,1,1,1,1,1,1,1,1,1,1,1,1,1,1,1,1,1,1,1,1,1
16,464,190,166,23,942,14,500,5,23,70,666,14,31,285,27,472 1,1,1,1,1,1,1,1,1,1,1,1,1,1,1,1,1
174,234,158,15,1636,909,495,75,14,2490,5,4158,10,265,225,6,438,7,6,65,13,1126 1,1,1,1,1,1,1,1,1,1,1,1,1,1,1,1,1,1,1,1,1,1
16,109,162,10,128,678,84,37,46,68,957,17,223,175,87,56,1563,377,889,12,70,412,3,99,17,170,435,10,552,5,2487,223,956,135,113 1,1,1,1,1,1,1,1,1,1,1,1,1,1,1,1,1,1,1,1,1,1,1,1,1,1,1,1,1,1,1,1,1,1,1
16,749,62,30108,12,11634,121,3,135,6,28,3,514,11,448 1,1,1,1,1,1,1,1,1,1,1,1,1,1,1
16,98,258,37,16,21,38,6702,263,13,48,817,17,223,58,113 1,1,1,1,1,1,1,1,1,1,1,1,1,1,1,1
11,249,3,459,3,1473,26,446 1,1,1,1,1,1,1,1
128,3689,51,11,338,2216 1,1,1,1,1,1
16,21,38,535,13,762,1790,159,23,12278,75,2072,60,10,12279 1,1,1,1,1,1,1,1,1,1,1,1,1,1,1
6,3063,14,31,3051,13,6,365,2179,6195,7,12279 1,1,1,1,1,1,1,1,1,1,1,1
119,235,6,284,7,728,602,12279,5,1190,15,9526,105 1,1,1,1,1,1,1,1,1,1,1,1,1
254,4,613,279,305,452,108,276,545,4,6169,1247,11248,3,390,8957,655,6845,814,4,480,3,416,6538,352,4,8575,204,708,17,416,70,1431,2349,29,628,14,1006,394,473,5,194,114,29,2724,5,3321,3593,217,675,29,700,14,3678,3,51,1404,10,415,14,2819,644,4,1736,455,97,213,1213,4,152,2320,876,29,11,407,3,1116,26,548,7,2622 1,1,9,1,1,1,1,1,1,1,1,1,6,1,1,6,1,1,1,1,1,1,1,1,1,1,1,1,1,1,1,1,1,1,1,1,1,1,1,1,1,1,1,1,1,1,1,1,1,1,1,1,1,1,1,1,1,1,1,1,1,1,1,1,1,1,1,1,1,1,1,1,1,1,1,1,1,1,1,1,1
11,2353,10,1051,196,4,30109,225,5019,5,965,3641,13,416,1111,779,4,685,10032,97,432,26,2288 1,1,1,1,1,1,1,1,1,1,1,1,1,1,1,1,1,1,1,1,1,1,1
1104,377,779,1256,3,11,246,9413,193,2626,554,149,4,7688,905,2966,30110,4,836,3,2015,539,3,2621,401,873,4,2059,379,498,13,256,2000,110,16545,12278,12,9353,2234,209,196,30111,3,16546,1353,5,315,10947,3888,121,20,95,124,13,1935,6996,690 1,1,1,1,1,1,1,1,1,1,1,1,1,1,1,1,1,1,1,1,1,1,1,1,1,1,1,1,1,1,1,1,1,1,1,1,1,1,1,1,1,1,1,1,1,1,1,1,1,1,1,1,1,1,1,1,1
6170,2068,713,3,16547,241,5,216,1321,242,31,275,1881,1085 1,1,1,1,1,1,1,1,1,1,1,1,1,1
679,111,70,2115,2208,650,13,2511,1298 1,1,1,1,1,1,1,1,1
23,2216,7,2151,5,70,666,1029,753,10,52,2335,265,13,4477,3,942,340 1,1,1,1,1,1,1,1,1,1,1,1,1,1,1,1,1,1
105,1636,57,479 1,1,1,1
56,390,413,241,10,826,319,626,7,490,26,432,949,490,1961 1,1,1,1,1,1,1,1,1,1,1,1,1,1,1
79,208,160,1033,679,12,1398,3,51,14,11924,7,679,5,208,606,1436,3236,56,79,21,352,96,115,27,6,1182,7,208 1,1,1,1,1,1,1,1,1,1,1,1,1,1,1,1,1,1,1,1,1,1,1,1,1,1,1,1,1
119,160,10,235,13,6,3858,6,2630,7,4567,56,144,2621,3,836,3,2015,539,89,29,1237,452,167,56,118,613,10,215,69,5,86,148,450,43,2063,56,79,21,439,13,23,747,4836,64,30112,27,30113,19,30114 1,1,1,1,1,1,1,1,1,1,1,1,1,1,1,1,1,1,1,1,1,1,1,1,1,1,9,1,1,1,1,1,1,1,1,1,1,1,1,1,1,1,1,1,1,1,1,1,1,1
56,11,2185,27,40,85,17,263,97,741,1213,461,5,30115,7,249 1,1,1,1,1,1,1,1,1,1,1,1,1,1,1,1
96,976,56,46,773,79,10,810,1033,4951,1089,10,1776,678,84,12,70,412,9,75,758,46,68,2487,17,15,87,5,46,31,68,626,8,56,1521,12,117,113,10,81,241,295,5,149,154 1,1,1,1,1,1,1,1,1,1,1,1,1,1,1,1,1,1,1,1,1,1,1,1,1,1,1,1,1,1,1,1,1,1,1,1,1,1,1,1,1,1,1,1,1
