69,49,4,25427,949,427,605,99,49,4,25428,29,414,4,6391,2,3928,485,4,14631,440,414,4,3141,10864,439,4,1743,10865,4,528,858,391,4,1872,2,314,1217,234,4,38,14,15,1743,200,307,528,13,11,334,78,89,30,104,20,1632,12,1896,2065,629,13,1872,5,70,392,2823 1,1,1,1,1,1,1,1,1,1,1,1,1,1,1,1,1,1,1,1,1,1,1,1,1,1,1,1,1,1,1,1,1,1,1,1,1,1,1,1,1,1,1,1,1,1,1,1,1,1,1,1,1,1,1,1,1,1,1,1,1,1,1,1,1,1
1975,10,477,2,3928,20,403,31,5181,70,403,192,107 1,1,1,1,1,1,1,1,1,1,1,1,1
18,2646,268,2825,173,23,25429,5,8427,1054,82,2874,9,1155,32,947,6,2222,338,8 1,1,1,1,1,1,1,1,1,1,1,1,1,1,1,1,1,1,1,1
27,1013,259,4,154,852,2,23,477,267,37,18,2646,10,55,10445,4924,423,10,10866,100,3196,37,20,841,68,5,18,20,31,5899,10,2376 1,1,1,1,1,1,1,1,1,1,1,1,1,1,1,1,1,1,1,1,1,1,1,1,1,1,1,1,1,1,1,1,1
278,2,151,2065,2418,2,18,20,5899,10,2440,1135,5,2646,413 1,1,1,1,1,1,1,1,1,1,1,1,1,1,1
27,106,845,432,10217,23,70,392,2823,1220,5,23,52,349,394,20,166 1,1,1,1,1,1,1,1,1,1,1,1,1,1,1,1,1
1975,10,23,477,5,1202,2,18,39,31,61,1360,7,15,868,26,618 1,1,1,1,1,1,1,1,1,1,1,1,1,1,1,1,1
18,3082,38,465,13,225,337,1839,37,4113,660 1,1,1,1,1,1,1,1,1,1,1
85,11,134,13860,26,1991 1,1,1,1,1,1
95,7,696,4,1013,25430,852,4155,696,4,2369,696,4,180,7292,7,1367,4,4366,979,408,4,2043,9918,1030,139,4,11,3926,715,139,4,275,715,78,89,30,4,152,2,645,18,21,841,201,15,312,12,191,105,159,1975,10,128,77,4,152,137,4,747,179,5,128,30,4,3477,4,4720,139,4,1616,671,36,578,430,36,578,2226,840,4,578,140,1308,2150,4,295,13,477,128,89,30,4,477,13,5439,2,1202,13,396,122,4,638,4,1157,4,492,4,1580,1714,111,4,25431,574,4,651,1048,4,1944,41,19,51,11742,850,9450,224,4,893,4,4847,2,6735,202,4,3519,2,1504,2,966,90,112,4,330,2,11,846,2,11,2384,2,11,229,44,4,1398,1977,4,418,2,11,1058,340,4,133,2,875,2,1325,2,1381,516,4,11,1505,2,225,525,243,2299,2,406,10548,19,52,412,168,916,4,224,4,6735,2,14632,7106,4,12,25432,98,183,9,2902,2,1083,2,49,2,2150,2405,4,773,10,414,123,7,223,26,5559,8693,4413,8943,4,1169,10,1021,136,31,25433,13,73,5,6735 1,1,1,1,1,1,1,1,1,1,1,1,1,1,1,1,1,1,1,1,1,1,1,1,1,1,1,1,1,1,1,1,1,1,1,1,1,1,1,1,1,1,1,1,1,1,1,1,1,1,1,1,1,1,1,1,1,1,1,1,1,1,1,1,1,1,1,1,1,1,1,14,14,14,1,1,1,1,1,1,1,1,1,1,1,1,1,1,1,1,1,1,1,1,1,1,1,1,1,1,1,1,1,1,1,1,1,1,1,5,5,5,1,1,1,1,1,1,1,1,1,1,1,1,1,1,1,1,1,1,1,1,1,1,1,1,1,1,1,1,1,1,1,1,1,1,1,1,1,1,1,1,1,1,1,1,1,1,1,1,1,1,1,1,1,1,1,1,1,1,1,1,1,1,1,1,1,1,1,1,1,1,1,1,1,1,1,1,1,1,1,1,1,1,1,1,1,1,1,1,1,1,1,1,1,1,1,1,1,1,1,1,1,1,1,1,1,1,1,1,1,1,1,1,1,1,1,1,1,1
1702,4,7525,11370,2,14633,27,83,606,7377,4,31,2415,6576,4,52,1099,6576,8327,4,31,2415,951,4,47,4,31,2415,591,2,1088,4,2417,183,36,354,51,2,6672,1088,2,219,2,1654,4,5400,275,952,1930,2,11,2586 1,1,1,1,1,1,1,1,1,1,1,1,1,1,1,1,1,1,1,1,1,1,1,1,1,1,1,1,1,1,1,1,1,1,1,1,1,1,1,1,1,1,1,1,1,1,1,1,1,1,1,1
43,25434,1654,4,466,175,10,14634,2,7571,2951,175,4444,4,1444,863,86,394,5526,4,5340,1197,1371,193,4214,2,98,4,2376,43,2,3164,3978,3604,3440,4,13689,1028,2097,4,1559,4215,1052,2,11,2970,26,13690,731,4,43,2780,5,1419,28,11,2781,2,3179,2,26,6515 1,1,1,1,1,1,1,1,1,1,1,1,1,1,1,1,1,1,1,1,1,1,1,1,1,1,1,1,1,1,1,1,1,1,1,1,1,1,1,1,1,1,1,1,1,1,1,1,1,1,1,1,1,1,1,1,1,1,1,1,1,1
6115,3246,3959,5963,5569,6055,6736,7644,5172,8944,5912,3266,4002,7645,7646,7647,7648,3041,3394,246,157,83,83,83,83,83,83,83,83,83,83,54,83,83,83,83,83,83,83,83,83,83,4501,4,773,10,215,2951,4,11,1138,1355 1,1,1,1,1,1,1,1,1,1,1,1,1,1,1,1,1,1,1,1,1,1,1,1,1,1,1,1,1,1,1,1,1,1,1,1,1,1,1,1,1,1,1,1,1,1,1,1,1,1,1,1
1288,25435,1849 1,1,1
11,4513,74 1,1,1
3246,3959,4216,5593,63,2051,3266,4002,3266,3041,246,157,51,51,51,51,51,5043,54,51,51,51,51,51,5043,3635,4,52,349,5462,10,879,5,3234,10867 1,1,1,1,1,1,1,1,1,1,1,1,1,1,1,1,1,1,1,1,1,1,1,1,1,1,1,1,1,1,1,1,1,1,1
672,4,8694,2,6674,2,7529,2,5,8695,43 1,1,1,1,1,1,1,1,1,1,1
5203,672,175 1,1,1
382,10,974,19,6151,5,853 1,1,1,1,1,1,1
3442,66 1,1
9746,9,551,3204,8,95,7,73,4,8945,4,35,10583,4,515,14635,4,515,51,4,515,102,4,515,183,4,515,25436,259,4,183,481,4,98,614,4,515,903,4,515,109,4,35,854,4,35,489,426,4,457,649,2710,2,524,1862,2,824,2363,2,689,5693,2,379,1163,2,804,2266,2,770,10868,335,3543,2,1178,4244,9,72,8,2,22,1624,2,935,1710,2,1712,1435,2,1437,3240,9,72,8,2,1434,2129,3100,2232,2,2496,758,1465,854,2,1438,903,2,1497,1580,2,935,1710,2,1712,1435,298,5672,2,266,10189,2,443,10868,41,1753,1182,9,72,8,2,41,897,1408,9,54,8,2,41,1637,102,9,54,8,2,41,732,183,2,41,1675,464,4,320,43,8740,44,9849 1,1,1,1,1,1,1,1,1,1,1,1,1,1,1,1,1,1,1,1,1,1,1,1,1,1,1,1,1,1,1,1,1,1,1,1,1,1,1,1,1,1,1,1,1,1,1,1,1,1,1,1,1,1,1,1,1,1,1,1,1,1,1,1,1,1,1,1,1,1,1,1,1,1,1,1,1,1,1,1,1,1,1,1,1,1,1,1,1,1,1,1,1,1,1,1,1,1,1,1,1,1,1,1,1,1,1,1,1,1,1,1,1,1,1,1,1,1,1,1,1,1,1,1,1,1,1,1,1,1,1,1,1,1,1,1,1,1,1,1,1,1,1,1,1,1,1,1,1,1,1,1,1,1,1,1,1
392,7250,4,861,2394 1,1,1,1,1
188,52,25437,3049,3298 1,1,1,1,1
70,25438,3049,3298 1,1,1,1
320,4,1743,200,307,528,13,180,70,25439,3298 1,1,1,1,1,1,1,1,1,1,1
114,4,161,25440,4,4815,111,10,10869,652,321,13,913,1069,25441,551,2155,317,3300,5,1194,155,367,1075,2,3398,2,3529,15,165,2244,4,14614,1075,186,25442,2,4976,2,64,233,249,1210,4,742,2,6809,4156,25443,13472,2,195,46,25444,949,427,29,14,3353,12,895,268,173,2742,7041,25445,4,2369 1,1,1,1,1,1,1,1,1,1,1,1,1,1,1,1,1,1,1,1,1,1,1,1,1,1,1,1,1,1,1,1,1,1,1,1,1,1,1,1,1,1,1,1,1,1,1,1,1,1,1,1,1,1,1,1,1,1,1,1,1,1,1,1,1,1,1,1
