67,54,4,30185,10037,3,30186,3,3615,50,660,37,50,46,1187,5,101,6,28,3,81,6,385,82,607,19,6,28,82,940,3,5,235,6,172,3,104,7,198,3,5,566,13,6,28,5,6,385,3,64,4834 1,1,1,1,1,1,1,1,1,1,1,1,1,1,1,1,1,1,1,1,1,1,1,1,1,1,1,1,1,1,1,1,1,1,1,1,1,1,1,1,1,1,1,1,1,1,1,1,1,1,1
395,122,23,55,17,296,402 1,1,1,1,1,1,1
30,7,61,328,4,40,14,15,6443,522,121,640,7,226,7,184,5,1166,263 1,1,1,1,1,1,1,1,1,1,1,1,1,1,1,1,1,1,1
18,21,38,15,30,7,71,3,365,393,3,363,3,153,76,3,812,3,7,3387,1220,3,5,30,7,3387,771,507,10,673,84,76,5,1383 1,1,1,1,1,1,4,1,15,15,1,1,1,1,1,1,1,1,1,1,1,1,1,1,1,1,1,1,1,1,1,1,1,1
18,61,13,117,113,7,1166,263,13,226,7,184,1196,223,117,113,169,10,61,477,12,6,30187,3,58,65,525,18,1196,46,15,1166,263,13,1181,37,20,3008,3,16562,5,8865,27,40,85 1,1,1,1,1,1,1,1,1,1,1,1,1,1,1,1,1,1,1,1,1,1,1,1,1,1,1,1,1,1,1,1,1,1,1,1,1,1,1,1,1,1,1,1,1
18,258,37,18,14,46,249,3,459,3,226,7,184,3,3957,3,136,5,188,34,3,5,93 1,1,1,1,1,1,1,1,1,1,1,1,1,1,1,1,1,1,1,1,1,1,1
11,300,26,446,5,11,555 1,1,1,1,1,1,1
80,591,30,4,18,21,38,15,3381 1,1,1,1,1,1,1,1,1
206,30,4,18,90,699,3,485,3,26,247,357 1,1,1,1,14,14,1,1,1,1,1,1
18,245,13,24,150 1,1,1,1,1
39,4,18,14,19,311,39 1,1,1,1,1,1,1
395,122,385,82,5,757,82,55,17,2450 1,1,1,1,1,1,1,1,1,1
127,4,18,21,62,1176,1707,127 1,1,1,1,1,1,1,1
102,101,4,18,14,980,3,410,3,5,12,5627,342 1,1,1,1,1,1,1,1,1,1,1,1,1
807,14,967,3,133,14,3010,3,386,156,900,3,63,94,30188,3,5,1045,57,231,42 1,1,1,1,1,1,1,1,1,1,1,1,1,1,1,1,1,1,1,1,1
2369,14,44 1,1,1
24,136,14,332,5,396 1,1,1,1,1,1
18,21,377,737,656,13,128,407,100 1,1,1,1,1,1,1,1,1
24,130,14,2254,97,15,213 1,1,1,1,1,1,1
24,214,14,1747,5,396 1,1,1,1,1,1
196,14,204 1,1,1
18,21,975,93 1,1,1,1
18,14,642,1200,13,44,352,77 1,1,1,1,1,1,1,1
457,532,4,24,696,785,14,320,3,24,1281,57,30189,3,5,824,14,7841,456,14,2589,5,663,14,12243,392,14,1651,3,347,14,3028,3,5,345,16563,24,512,14,14956,336,14,401 1,1,1,1,1,1,1,1,1,1,1,1,1,1,1,1,1,1,1,1,1,1,1,1,1,1,1,1,1,1,1,1,1,1,1,1,1,1,1,1,1,1,1
24,48,738,111,11,854,13,62,185,53,9444 1,1,1,1,1,1,1,1,1,1,1
104,4,27,40,85,3,6,104,14,17,24,10,370,268,457,4110,3,1251,3,5,177 1,1,1,1,1,1,1,1,1,1,1,1,1,1,1,1,1,1,1,1,1
119,57,530,10,732,24,451,5,153,5,530,10,162,24 1,1,1,1,1,1,1,1,1,1,1,1,1,1
747,801,4,176,226,7,184 1,1,1,1,1,1,1
250,31,81,43,262,331,250,195,199,153,371,3,209,153,765 1,1,1,1,1,1,1,1,1,1,1,1,1,1,1
253,6993 1,1
346,8020 1,1
566,4,18,546,52,162 1,1,1,1,1,1
534,4,18,14,12,2275,534 1,1,1,1,1,1,1
497,16564,3,3615,107 1,1,1,1,1
487,4,16565,292,4,16565,533,43,4,16564,3,3615,746,30190,1608 1,1,1,1,1,1,1,1,1,1,1,1,1,1,1
