69,49,4,25511,8949,2,25512,2,6745,38,29,20,201,13,427,2,58,7587,2,4570,99,20,177,5,941,42,260 1,1,1,1,1,1,1,1,1,1,1,1,1,1,1,1,1,1,1,1,1,1,1,1,1,1,1
30,7,156,360,4,38,14,15,6102,407,13,3381,132,76,576,10,839,6003,76,2,19,2508,2,629,13,406,127,2,868,2,272,2,5,402,12,6,644,7,67,1927,12,6,25513,80 1,1,1,1,1,1,1,1,1,1,1,1,1,1,1,1,1,1,1,1,1,1,1,1,1,10,10,1,1,1,1,1,1,1,1,1,1,1,1,1,1,1,1,1
361,163,427,74,99,17,275,885,7,78,89,30,2,179,30,2,163,7,213,2,77,2,5,137 1,1,1,1,1,1,1,1,1,1,1,1,1,1,1,1,1,1,1,1,1,1,1,1
93,122,4,47,1736,6,93,73,14,32,1283 1,1,1,1,1,1,1,1,1,1,1
6,29,14,1040,2,413,2,5,479,10,55,12,149,10,634,422 1,1,1,1,1,1,1,1,1,1,1,1,1,1,1,1
520,359,1892,296,7,2621,2,1851,1200,2,67,94,25514,2,5,5187,14,1347,41,19,674,662 1,1,1,1,1,1,1,1,1,1,5,5,5,5,1,1,1,1,1,1,1,1
6,29,14,1285 1,1,1,1
202,73,821,57,2445,6457,193,19,14656,73 1,1,1,1,1,1,1,1,1,1
68,14,11,9979,166 1,1,1,1,1
806,2444,14,90 1,1,1,1
226,53,90,10,452,13,199,662,1129,722 1,1,1,1,1,1,1,1,1,1
118,14,135 1,1,1
187,14,133 1,1,1
445,73,821,11,673,2,720,2,26,79 1,1,1,1,1,1,1,1,1,1
899,4,6,29,14,175 1,1,1,1,1,1
68,14,15,52,6078,4870,166,13,15,199,4908,3318,782 1,1,1,1,1,1,1,1,1,1,1,1,1
489,467,4,769,830,14,4058,2,835,1280,2,379,5,331,2298,5,2983,2,633,14,166,27,3830,41,2,91,785,919,2,5,2806,53,483 1,1,1,1,1,1,1,1,1,1,1,1,1,1,1,1,1,1,1,1,1,1,1,1,1,1,1,1,1,1,1,1,1
908,426,4,147,14,399,212,86,87,518,26,1807,142,1628,17,313 1,1,1,1,1,1,1,1,1,1,1,1,1,1,1,1
392,205,482,11,180,5207 1,1,1,1,1,1
303,441,408,4,6,29,20,124,219,1971,5,480,13,3252,17,23,272,2,1875,594,22,327 1,1,1,1,1,1,1,1,1,1,1,1,1,1,1,1,1,1,7,1,1,1
453,42,109,22,14245,2,71,1632,23,94,423,214,4374,10,25515 1,1,1,1,1,1,1,1,1,1,1,1,1,1,5
117,1971,2,3252,2,5,67,94,338,2,23,115,504,7228 1,1,1,1,1,1,1,1,1,1,1,1,1,1
18,20,265,10,6,2545,1045,10,707,23,67,94,2172,13,25516,377,12,6,465 1,1,1,1,1,1,1,1,1,1,1,1,1,1,1,1,1,1,1
232,31,177,42,240,312,232,494,4,1229,2546 1,1,1,1,1,1,1,1,1,1,1
526,8950,2,6745,495,4,14657,276,4,14657,597,42,4,8950,2,6745,813,25517,1852 1,1,1,1,1,1,1,1,1,1,1,1,1,1,1,1,1,1,1
