69,49,4,25552,581,17,101,1429,1661 1,1,1,1,1,1,1,1,1
471,2,64,7,58,8953,2,279,174,1305,157,912,34,98,25553 1,1,1,1,1,1,1,1,1,1,1,1,1,1,1
21,1929,34,2,5215,12,4536,2,4535,5151,100,349,10,2973,680 1,1,1,1,1,1,1,1,1,1,1,1,1,1,1
34,5598,363,606,2,4262,4105 1,1,1,1,1,1,1
3111,363,511,15,107,2,31,25554,10,349,1129 1,1,1,1,1,1,1,1,1,1,1
16,88,1328,10,680,2,134,1991,2,88,388,2,2184,2,690,2,394 1,1,1,1,1,1,1,1,1,1,1,1,1,1,1,1,1
167,81,341,127,216,1217,1168,4,139,304,392,1328,216,554,1240,77,172,9,896,547,8,925,45,5194,60,35,45,9,62,8,25,33,2,60,32,575,987,9,310,8,778,45,60,35,45,9,62,8,25,291,98,365,123,2600,9,607,8,109,22,9,521,45,60,51,8,25,59,98,365,123,2224,9,3991,8,1915,45,60,35,45,9,62,8,25,291,98,365,123,14662,9,6030,397,8,390,45,60,35,45,9,62,8,25,33,98,365,123,210,9,894,8,491,45,60,35,45,9,62,8,25,33,2,60,32,575,669,9,1010,8,768,45,60,35,45,9,62,8,25,33,98,365,123,2,60,32,575,137,1573,179,30,10881,3977,2,85,21,512,28,295,174,1202,8951,104,14,24,203,14664 1,4,4,10,1,1,1,1,1,1,1,1,1,1,1,1,11,11,11,11,11,1,1,1,1,1,1,1,1,1,1,1,1,1,1,1,20,20,20,20,1,1,1,1,1,1,1,1,1,1,1,1,1,22,22,22,22,1,1,1,1,1,1,1,1,1,1,1,1,1,1,1,1,1,1,1,1,1,1,1,1,1,1,1,1,1,1,13,13,13,13,13,1,1,1,1,1,1,1,1,1,1,1,1,1,12,12,12,12,1,1,1,1,1,1,1,1,1,1,1,1,1,1,25,25,25,25,1,1,1,1,1,1,1,1,1,1,1,1,1,1,1,1,1,1,1,1,1,1,1,1,1,1,1,1,1,1,1,1,1,1,1,1,1
520,359,67,94,14643,296,982,121,3850,946,93,73,759,4,4847,471,2,436,2174,4,11,79,28,1410,5,25555 1,1,1,1,1,1,1,1,1,1,1,1,1,1,1,1,1,1,1,1,1,1,1,1,1,1
243,171,1203,28,157,2295,36,11,3227,2,11,79,28,57,2182,545,1791,191,157,25556,680,28,978,12,25557,2,3334,680,28,149,277,12,525,4536,28,275,1596,7,2971,2,2042,2,3796,2,478,7787,34,28,731,1028,12,192,2295,976,8644 1,1,1,1,1,1,1,1,1,1,1,1,1,1,1,1,1,1,1,1,1,1,1,1,1,1,1,1,1,1,1,1,1,1,1,1,1,1,1,1,1,1,1,1,1,1,1,1,1,1,1,1,1,1,1
1410,2,3331,243,171,28,912,619,2,199,3324,1696 1,1,1,1,1,1,1,1,1,1,1,1
242,5,114,1429,1661 1,1,1,1,1
471,174,1929,25558,34,12,157,2295,36,1187,884,124,2364,7,1328,5,2364,7,93,584,19,73,28,40,273,912,4392,10,1021,17,5395,805,26,150,1954,28,17,110,2,1895,138 1,1,1,1,1,1,1,1,1,1,1,1,1,1,1,1,1,1,1,1,1,1,1,1,1,1,1,1,1,1,1,1,1,1,1,1,1,1,1,1,1
47,909,64,356,174,58,8953,12,400,451,236,9,11,227,9480,1115,2,400,1115,12108,8 1,1,1,1,1,1,1,1,1,1,1,1,1,1,1,1,1,1,1,1,1
1202,8951,40,750,17,1115 1,1,1,1,1,1
1542,108,34,4510 1,1,1,1
