69,49,4,25647,552,14687,5517,14,15,546,200,307,528,29,7,58,7464,401,80,13,523,101,13,260,17,363,709 1,1,1,1,1,1,1,1,1,1,1,1,1,1,1,1,1,1,1,1,1,1,1,1,1,1,1
3558,13,440,12,4326,17,306,709,2,120,1599,65,3379,10,310,2,1549,10,378,325,28,25648,2,9,19,257,2,339,470,8,116,9,1599,65,3308,10,184,8,367,2,1652,9,282,346,10,1364,14688,5,6080,8,1385,18,2418,105,606,2061,17,23,1207,80,416,4,46,35,1652,1652,53,573,25649,12,1277,5,2998,5,3043,2,52,680,25650,680,499,88,87,901,25651,113,14681,1406,13,10142,511,46,51,120,215,23,1998,631,15,25652,2710,2,80,25653,27,35,852,8081,795,25654,290,310,46,102,116,290,257,32,1788,46,183,685,4,1500,25655,419,77,4314,823,22,9,447,22,45,60,51,8,25,59,98,788,123,46,1910,45,9,62,8,172,9,896,547,8,474,22,9,474,22,45,60,35,8,25,33,98,154,123,46,154,45,9,62,8,230,196,22,9,626,45,60,35,8,25,33,98,154,123,46,154,45,9,62,8,4748,4453,190,9,4453,1045,595,60,35,8,25,3029,98,2017,123,46,259,595,9,62,8,210,9,894,8,130,22,9,130,22,45,60,35,8,25,283,98,154,123,46,154,45,9,62,8,184,83,22,9,83,22,45,60,35,8,25,33,98,154,123,46,154,45,9,62,8,310,447,22,9,447,22,45,60,35,8,25,59,98,154,123,46,284,45,9,62,8,1116,105,22,9,105,22,45,608,60,35,8,25,59,98,788,123,46,1537,45,9,62,8,167,81,341,4,1224,2061,4676 1,1,1,1,1,1,1,1,1,4,1,1,31,1,20,1,1,1,1,1,1,1,1,1,1,1,1,1,1,1,10,1,1,1,21,1,13,1,16,1,1,1,1,1,1,1,1,1,1,1,1,1,1,1,1,1,1,1,1,1,1,1,1,1,1,1,1,1,1,1,1,1,1,1,1,1,1,1,1,1,1,1,1,1,1,1,1,1,1,1,1,1,1,4,1,1,29,29,29,29,29,1,1,1,1,1,1,1,1,1,1,20,1,1,10,1,1,1,1,1,1,1,1,1,1,1,1,1,1,1,1,1,1,1,1,1,1,1,1,1,1,1,1,1,1,1,1,1,11,11,11,11,11,1,1,1,1,1,1,1,1,1,1,1,1,1,1,1,1,1,1,1,1,7,1,1,1,1,1,1,1,1,1,1,1,1,1,1,1,1,1,1,1,1,1,1,1,1,1,1,1,1,1,1,1,1,1,1,1,1,1,1,1,1,12,1,1,1,1,1,1,1,1,1,1,1,1,1,1,1,1,1,1,1,1,1,1,1,13,1,1,1,1,1,1,1,1,1,1,1,1,1,1,1,1,1,1,1,1,20,1,1,1,1,1,1,1,1,1,1,1,1,1,1,1,1,1,1,1,1,1,1,1,1,1,1,1,1,1,1,1,1,1,1,1,1,1,1,1,1,1,1,1,4,4,1,1,1,1
11,216,2664,26,5655,1294 1,1,1,1,1,1
1229,1168,4,1224,4676,2,20,290,230,2,3325,5,1943,12,5650,10335,789,565,1407,4,54,475,6112,4508,2338,1002,76,4,98,159,2,578,39,2573 10,10,1,1,1,1,1,1,7,1,13,1,21,1,1,1,16,24,1,1,1,1,1,1,1,1,1,1,1,1,1,1,1,1
2254,2599,14689,14690,2599,4,14691,318,4238,5,4401,7659,2,11,5640,346 1,1,1,1,1,1,1,1,1,1,1,1,1,1,1,1
124,5857,364,1522,42,378,325,632,495,1705,1385,569,4955,156,4,39,14692,5,14693,12,4826,1321,918,3570,5,7660,137,1573,985,4,520,359,111,3633,2,616,25656,946,112,4,11,229,91,4,492,1332,418,2,11,387,711,26,766,111,362,1907,13928,1197,67,358,5515,248,697,8297,34,542,9,4710,8,515,224,4,1799,528,12,436,8959,1291,4 1,1,1,1,1,1,1,1,1,1,1,1,1,1,1,1,1,1,1,1,1,1,1,1,1,1,1,1,1,1,1,1,5,5,1,1,1,1,1,1,1,1,1,1,1,1,1,1,1,1,1,1,1,5,5,5,5,29,29,29,29,29,29,29,1,1,1,1,1,1,1,1,24,24,1,1,1,1,1
83,1496,124,12,70,4261,86,572,8556 1,1,1,1,1,1,1,1,1
83,1496,124,12,52,4261,86,572,25657,1462,6168,206,35,208,2,2566,1917,2,940,2232,2,544,5021,206,51,208,2,3779,3006,206,102,208,206,35,208,772,2382,4,2518,4,75,879,28,594,206,51,208,772,2382,4,2518,4,75,879,28,2077,206,102,208,772,2382,4,43,328,1483,4,2080,26,25658,8781,25659,2,4762,2487,9,72,8,2,6669,25660,298,1982,9,54,8,2,615,25661,2,458,3443,2,266,9340,2,530,1204,2,665,8666,2,698,5349,2,443,25662,666,25663,1081,1192,2,41,1753,130,2,41,897,2922,9,72,8,2,41,1637,259,2,41,732,35,2,41,1675,25664,2007,1250,9,72,8,14694,25665,318,206,35,208,2,25666,1221,2,25667,66,206,35,208,772,2382,4,7661,502,4,66,9,99,8,108,1737,1683,2,1011,17,1385,569,5024,25668,2,1995,2,14,1633,10,1736,63,180,26,25669,42,14695,3675,2,11385,25670,3214,2,6304,6499,2,10587,25671,1316,4,25672,444,139,4,8558,4,44,51,10482,4,14694,25673,715,4,25674,1741,4,7464,2,8670,25675,3049,5,891,4415,7,6,44 1,1,1,1,1,1,1,1,1,1,1,1,1,1,1,1,1,1,1,1,1,30,30,1,1,1,1,1,1,1,1,1,1,1,1,1,1,1,1,1,1,1,1,1,1,1,1,1,1,1,1,1,1,1,1,1,1,1,1,1,1,1,1,1,1,1,1,1,1,1,1,1,1,1,1,1,1,1,1,1,1,1,1,1,1,1,1,1,1,1,1,1,1,1,1,1,1,1,1,1,1,1,1,1,1,1,1,1,1,1,1,1,1,1,1,1,1,1,1,1,1,1,1,1,1,1,1,1,1,1,1,1,1,1,1,1,1,1,1,1,1,1,1,1,1,1,1,1,1,1,1,1,1,1,1,1,1,1,1,1,1,1,1,1,1,1,1,1,1,1,1,1,1,1,1,1,1,1,1,1,1,1,1,1,1,1,1,1,1,1,1,1,1,1,1,1,1,1,1,1,1,1,1,1,1,1,1,1,1,1,1,1,1,1,1,1,1,1,1,1,1,1,1,1,1,1,1
2666,4,152,584,4,10045,4,152 1,1,1,1,1,1,1,1
226,4,14696,2557,557,13,4117,8725,2258,27,6,52,409,1562 1,1,1,1,1,1,1,1,1,1,1,1,1,1
355,90,226 1,1,1
7310,4,68,14,11,1079,1205,26,3927 1,1,1,1,1,1,1,1,1
118,5,4236,4,6,118,5,6,4236,53,43 1,1,1,1,1,1,1,1,1,1,1
5038,4,6,2012,7970,14,483 1,1,1,1,1,1,1
320,4,14696,2557,557,13,4117,8725,2258,27,6,52,409,1562 1,1,1,1,1,1,1,1,1,1,1,1,1,1
355,90,226 1,1,1
7303,4,8353,4,14697,2,14698,4304,195,14697,2,14698,4304,195,15,4,46,35,1652,4,419,302,268,621,25676,1744,1417,5,1649,46,51,120,97,374,1536,27,7545,41,568,4,201,42,378,25677,540,12,989,198,17,4052,4406,7,70,568,744,4,4292,400,101,945,4,544,25678,10889,261,285,13,440,297,4708,257,211,474,22,82,1402,4,25679,1220,184,97,376,46,102,116,4,256,2581,80,383,184,10,109,22,46,183,25680,117,25681,10,125,339,46,83,252,298,2554,12,8960,237,100,10,1982,12,4326,46,259,252,632,25682,1181,1860,119,29,261,12,25683,31,7065,124,8467,2989,10,6839,8959,1291,5,25684,72,35,1829,35,5,1401,289,4,1860,2,8556,2,72,35,1829,35,2,8959,1291,184,109,22,25,25685,3699,12,259,236,1631,1320,5,1033,1864,124,560,1363,10,8845,140,4722,1542,4,12,51,236,17,111,155,1589,13,440,5,248,198,13,260,17,10069,203,25686,4,385,9,8960,8,1108,152,12,2116,692,4,4064,4,8959,1291,5,8556,101,2731,1280,606,75,695,28,196,41,7,95,2251,19,77,2,1998,2,1291,5,100,3256,1207,3504,101,346,13,11376,1783,6514 1,1,1,1,1,1,1,1,1,1,1,1,1,1,1,1,1,1,1,1,1,1,1,1,1,1,1,1,1,1,1,4,1,1,1,1,1,1,1,1,1,1,1,1,1,1,1,1,1,1,1,1,1,1,1,1,1,1,1,1,1,1,1,1,1,1,1,1,1,1,1,1,1,1,1,1,1,1,1,13,1,1,1,1,10,1,1,1,1,1,13,1,1,1,1,1,1,1,1,1,1,1,1,1,1,1,1,1,1,1,1,1,1,1,1,1,1,1,1,1,1,1,1,1,1,1,1,1,1,1,1,1,1,1,1,1,1,1,1,1,1,1,1,1,1,1,1,1,1,1,1,1,1,1,1,1,1,13,1,1,1,1,1,1,1,1,1,1,1,1,1,1,1,1,1,1,1,1,1,1,1,1,1,1,1,1,1,1,1,1,1,1,1,1,1,1,1,1,1,1,1,1,1,1,1,1,1,1,1,1,1,1,1,1,1,1,1,1,1,1,1,1,1,1,1,1,1,1,1,1,1,1,1,1,1,1,1,1,1,1,1,1,1,1
560,5,137,177,5,8961,13,29 1,1,1,1,1,1,1,1
