69,49,4,25723,29,414,4,10895,2,10896,206,485,4,14713,208,49,7,101,4,25724,401,17,2652,101 1,1,1,1,1,1,1,1,1,1,1,1,1,1,1,1,1,1,1,1,1,1,1,1
18,549,57,532,25725,1485 1,1,1,1,1,1
166,37,23,157,1373,20,14659,5,549,12389 1,1,1,1,1,1,1,1,1,1
11,34,26,508 1,1,1,1
1007,10,886,699,1961,57,48,3082,27,173,102,221,2574,5,3803 1,1,1,1,1,1,1,1,1,1,1,1,1,1,1
618,3824,48,18,1558,3803,17,173,63,1719,5,8246,769,14714 1,1,1,1,1,1,1,1,1,1,1,1,1,1
18,3082,38,221,411,25726,13,350,9371,7,402,14714 1,1,1,1,1,1,1,1,1,1,1,1
23,1157,38,221,20,25727,1007,168,10,886,173,854,221,5,3082,27,153,9734,411,25728 1,1,1,1,1,1,1,1,1,1,1,1,1,1,1,1,1,1,1,1
11,250,2,807 1,1,1,1
337,203,14,199,13,11,1346 1,1,1,1,1,1,1
7453,10,338,272,12,78,13,7361,50,31,61,2794 1,1,1,1,1,1,1,1,1,1,1,1
18,1379,257,317,10897,486 1,1,1,1,6,6
23,558,38,221,20,25729,71,14,344,17,23 1,1,1,1,1,1,1,1,1,1,1
18,21,61,773,10,1838,2916,1170,1634,10,1838,25730 1,1,1,1,1,1,1,1,1,1,1,1
29,321,10,5421,27,6,1273,7,73 1,1,1,1,1,1,1,1,1
5136,311,10779,523,6797,12,25731,151,18,658,13,157,337,337,8964,12,149,8300 1,1,1,1,1,1,1,1,1,1,1,1,1,1,1,1,1,1
18,6011,100,13,15,2860,5,14,453,110,42,58,25732,6042,5,42,58,5477,7836,7,162 1,1,1,1,1,1,1,1,1,1,1,1,1,1,1,1,1,1,1,1,1
97,1098,3322,25733 1,1,1,1
499,88,775,2,270,2,11,1368,26,339,864,1605,14715,1605,456,456,280,14716,354,354,5137,592,73,8965,324,346,367,25734,1604,2518,4,456,594,1015,25735,7595,1320,8965,7459,1402,25736,259,5053,73,8965,346,5208,58,4929,6747,1108,1568,5137,346,2766,73,25737,58,25738,40,125,513,102,198,812,73,5137,148,3671,8965,285,13,29 1,1,1,1,1,1,1,1,1,1,1,1,1,1,1,1,1,1,1,1,1,1,1,1,1,1,1,1,1,1,1,1,1,1,1,1,1,1,1,1,1,1,1,1,1,1,1,1,1,1,1,1,1,1,1,1,1,1,1,1,1,1,1,1,1,1,1,1,1,1,1,1,1
18,3470 1,1
309,139,5137,578,15,1055,577,1132,5137,346,36,66,4265,14717,40,273,27,400,101,2688,25739,66,862,73,14718,11,228,58,6747,2,40,125,12,153,200,1605,167,1605,337,611,81,1605,137,1605,747,1605,77,1605,2019,9,4521,767,8,491,25,59,131,486,1629,25740,405,509,211,9,896,547,8,1017,35,45,9,62,8,25,33,2157,626,25,59,220,3379,7961,25,33,210,9,894,8,491,35,45,9,62,8,25,283,220,14719,131,3464,14720,14721,684,1496,25741,59,385,4,8966,12,436,202,36,324,645,54,1373,4379,6950,42,4713,799,36,952,625,36,11,229,226,36,90,10,289,75,15,694,36,418,952,2915,26,661,340,36,599,516,36,11,79,2031,773,10,881,15,3700,1191,558,36,6477,25742,41,239,10,4202,10,1454,87,1971,5,1341,423,5,6,1708,37,18,21,2052,1009,23,25743,92,40,605,17,25744,5,219,2559 14,14,1,14,14,14,1,1,1,1,1,1,1,1,1,1,1,1,1,1,1,1,1,1,1,1,1,1,1,1,1,1,1,1,1,1,1,1,1,1,4,1,1,1,1,1,1,1,1,1,1,1,1,1,1,1,6,6,6,1,1,1,11,11,11,11,11,1,1,1,1,1,1,1,1,13,1,1,1,1,31,1,1,1,12,12,12,12,1,1,1,1,1,1,1,1,1,1,6,1,1,1,1,1,1,1,1,1,1,1,1,1,1,1,1,1,1,1,1,1,1,1,1,1,1,1,1,1,1,1,1,1,1,1,1,1,1,1,1,1,1,1,1,1,1,1,1,1,1,1,1,1,1,1,1,1,1,1,1,1,1,1,1,1,1,1,1,1,1,1,1,1,1,1,1,1,1,1,1,1,1,1,1,1,1,1,1,1,1
47,50,2925,58,6042 1,1,1,1,1
526,6046,1773,6012,2,195 1,1,1,1,1,1
