67,54,4,31248,1604,1245,3,2923,3041,3,12381,31249,18,20,99,12,6,224,19,1519,900,3,8028,18,468,12,89,13,24,1037,5,491 1,1,1,1,1,1,1,1,1,1,1,1,1,1,1,1,1,1,1,1,1,1,1,1,1,1,1,1,1,1,1,1
9,24,491,14,24,3890,3713,3798 1,1,1,1,1,1,1,1
8,677,468,12,10,96,115,19,15,95,124,27,794,9213,124 1,1,1,1,1,1,1,1,1,1,1,1,1,1,1
12,1135,3,18,20,55,43,24,150,10,52,2422,5,1242 1,1,1,1,1,1,1,1,1,1,1,1,1,1
18,20,2087,24,39,26,49,1520,681,39,27,85,3,158,24,165 1,1,1,1,1,1,1,1,1,1,1,1,1,1,1,8
18,98,1749,8999,186,2610,143,1049,10,5588,10,1224,24 1,1,1,1,1,1,1,1,1,1,1,1,1
24,150,55,37,40,753,10,1783,139,24,1868,228,20,118,10,1327,22,69 1,1,1,1,1,1,1,1,1,1,1,1,1,1,1,1,1,1
18,20,98,49,128,174,357,27,6,85,37,1246,6,1935,5093,182,3,158,2708,3,7021,3,5,2436,17,188,34 1,1,1,1,1,1,1,1,1,1,1,1,1,1,1,1,1,1,1,1,1,1,1,1,1,1,1
18,20,162,10,6,12200,3079,189,27,794,9213,12,1135,7239,18,1216,74,17,2586,15,113 1,1,1,1,1,1,1,1,1,1,1,1,1,1,1,1,1,1,1,1,1
1427,10,6,150,3,128,39,143,1285,5,16832,20,126 1,1,1,1,1,1,1,1,1,1,1,1,1
98,3,677,704,18,38,15,1329,679 1,1,1,1,1,1,1,1,1
18,265,5,20,2863,261 1,1,1,1,1,1
18,21,359,681,476,159,261 1,1,1,1,1,1,1
18,1031,13,150,10,9942 1,1,1,1,1,1
677,146,37,74,18,20,681,476,3,2825,1599,31250,99,113 1,1,1,1,1,1,1,1,1,1,1,1,1,1
24,1037,14,132,6315,24,39 1,1,1,1,1,1,1
16,464,1005,128,1002,314,3,51,40,21,265,159,24,261 1,1,1,1,1,1,1,1,1,1,1,1,1,1
18,21,38,1041,555 1,1,1,1,1
18,21,55,11,798,1157,5,11,627,7,24,700 1,1,1,1,1,1,1,1,1,1,1,1
1427,10,1382,55,3,357,488,405,24,124,158,1868,3,2708,3,348,3,780,3,31251,3,5,3732 1,1,1,1,1,1,1,1,1,1,1,1,1,1,1,17,1,28,1,8,1,1,8
18,14,188,11,6,348,5,780 1,1,1,1,1,17,1,28
24,137,39,57,4,203,547,22,105,3,2273,3,16832,108,22,105,3,780,3,31252,3,1893,3,3973,3,165,3,16833,4224,22,276,3,1384,3,8677,3,16342,3,7216,276,3,5,348 1,1,1,1,1,11,1,1,1,1,1,1,1,1,1,1,1,28,1,13,1,9,9,12,1,8,1,1,1,1,1,1,1,1,1,1,1,1,1,1,1,1,17
18,14,2561,10,2188 1,1,1,1,1
19,101,89,133,14,335,5,145 1,1,1,1,1,1,1,1
148,14,15621 1,1,1
18,14,410,5,642,10,85,3,708,6,8368,54 1,1,1,1,1,1,1,1,1,1,1,1
18,14,2040,37,1023,20,3257 1,1,1,1,1,1,1
18,14,642,10,469 1,1,1,1,1
24,944,5,670,922,57,416,1341 1,1,1,1,1,1,1,1
18,7126,62,999,2089,7,9162 1,1,1,1,1,1,1
18,262,60 1,1,1
18,12383,6,129,7,6,87,2779,2051,5,3854 1,1,1,1,1,1,1,1,1,1,1
18,7807,210,7,210,3487 1,1,1,1,1,1
18,1773,7209,27,175,435,5,6,2163,13,15,8568,10085,13,15,416,1861,484,856,7564,1418,408,2144,306,900,7564,1418 1,1,1,1,1,1,1,1,1,1,1,1,1,1,1,1,1,1,1,1,1,1,1,1,1,1,1
27,108,435,3,18,1773,233,210,13,344,6,1861,3,484,856,7564,1418,408,51,13,11,160,17,15,10085 1,1,1,1,1,1,1,1,1,1,1,1,1,1,1,1,1,1,1,1,1,1,1,1,1
27,141,435,3,18,1773,7706,97,88,10085,3,6,2552,13,15,8568,8070,3,5,6,2163,13,15,8568,8070,465,35,484,856,7564,1418 1,1,1,1,1,1,1,1,1,1,1,1,1,1,1,1,1,1,1,1,1,1,1,1,1,1,1,1,1,1,1
408,18,31253,1457,15,3435,9579,12,24,413 1,1,1,1,1,1,1,1,1,1
18,96,311,2307,1965 1,1,1,1,1
18,2154,16834,16835,5,15,7283,16836,60,13,344,416,7283,2979,5767 1,1,1,1,1,1,1,1,1,1,1,1,1,1,1
18,5722,15,9683,60,13,232,104,5,11,4217 1,1,1,1,1,1,1,1,1,1,1
678,1412,57,296 1,1,1,1
1055,57,755,643,5,1115 1,1,1,1,1,1
2447,57,31,60,678 1,1,1,1,1
74,427,7,6,1411,1093,57,204 1,1,1,1,1,1,1,1
762,2526,3,1256,3,5,3270,57,44 1,1,1,1,1,1,1,1,1
74,57,31,15837,2850,3,5,74,14,11,31254 1,1,1,1,1,1,1,1,1,1,1
1056,57,14879,12,6,303,5,1688,27,6,595,9,2363,6763,3,384,7706,3,595,16837,8,5,675 1,1,1,1,1,1,1,1,1,1,1,1,1,1,1,1,1,1,1,1,1,1,1
1683,922,57,3224 1,1,1,1
3243,14,72 1,1,1
18,321,97,1837,12,700,417 1,1,1,1,1,1,1
24,6353,14,404,232,3,24,649,14,344,416,7413 1,1,1,1,1,1,1,1,1,1,1,1
18,3526,321,13,504,2819 1,1,1,1,1,1
6,101,21,31,84,681,66,24,112,12,1519,8028,18,21,128,147,13,1002,43,101,3,51,40,753,10,46,265,1328,159,24,124 1,1,1,1,1,1,1,1,1,1,1,1,1,1,1,1,1,1,1,1,1,1,1,1,1,1,1,1,1,1,1
24,1242,5,146,12353,753,10,46,2715,2492 1,1,1,1,1,1,1,1,1,1
708,26,131,7487,1341,3,18,109,31,46,2850,10,508,596,35,6,646,3,1152,35,798,1157,26,14902,700 1,1,1,1,1,1,1,1,1,1,1,1,1,1,1,1,1,1,1,1,1,1,1,1,1
50,1403,37,24,95,3604,20,290,10,2762,1105,10,16753,39,37,21,132,68,1285,7,406 1,1,1,1,1,1,1,1,1,1,1,1,1,1,1,1,1,1,1,1,1
119,41,810,11,84,12,39,89 1,1,1,1,1,1,1,1
119,41,1066,6,95,679,66,794,9213 1,1,1,1,1,1,1,1,1
18,41,369,12,170,113,139,119,46,3609,6,679 1,1,1,1,1,1,1,1,1,1,1,1
4113,10382,3,107 1,1,1,1
426,4,4901,4288,3,107 1,1,1,1,1,1
31255,16019,1073,3493,412,3,1929,16823 1,1,1,1,1,1,1,1
