69,49,4,26007,581,17,101,38,14,15,1211,200,307,528,926,10,6,81,583,659,17,1073,425,81,858,391,38,29,14,265,10,6,144,17,8929,1584,10924,30,7,156,360,6,29,21,30,7,311,51,81 1,1,1,1,1,1,1,1,1,1,1,1,1,1,1,1,1,4,1,1,1,4,4,4,1,1,1,1,1,1,1,1,1,1,1,1,1,1,1,1,1,1,1,1,1,1,4,4,4
281,6,29,14,480,13,486,130,190,405,59,5,3148,14772,190,3083,1253,5,2005 1,1,1,1,1,1,6,6,6,1,1,1,6,1,1,1,1,1,1
6,338,21,61,2036,13,134,374,7,13245,18,14,453,27,14773,144,17,23,81,203 1,1,1,1,1,1,1,1,1,1,1,1,1,1,1,1,1,1,4,1
6,29,968,23,67,848,27,1502,291,26008,81,21,61,1180,42,1972,527,5,981,1339,2324,364 1,1,1,1,1,1,1,1,1,1,4,1,1,1,1,1,1,1,1,1,1,1
18,20,265,922,17,23,10924,746 1,1,1,1,1,1,1,1
18,431,486,1200,190,405,97,420,48,31,26009,12,6,144,358,1733,50,61,251,191,594,5,6,29,21,61,321,19,5730,27,26010 1,1,6,1,1,1,1,1,1,1,1,1,1,1,1,1,1,1,1,1,1,1,1,1,1,1,1,1,1,1,1
6,29,14,31,1911,537,8515 1,1,1,1,1,1,1
78,89,30,6266,89,167,563,4,116,2,254,2,26011,128,30,128,30,14,318,17,81,179,30,6,29,14,924 1,1,1,1,1,1,1,10,10,1,16,1,1,1,1,1,1,1,1,1,4,1,1,1,1,1,1
1183,6,29,14,31,15,1055 1,14,14,14,14,14,14
163,7,213,499,4,404,57,12,224 1,1,1,1,1,1,1,1,1
11,1609,2,807,2,1949,2,228,12,300,1183,26,339,326 1,1,1,1,1,1,1,1,1,1,1,1,1,1
88,115,7,181,2,876,412,372,2245 1,1,1,1,1,1,1,1,1
2437,1239,2,535,483,2,1534,185 1,1,1,1,1,1,1,1
11,396,26,618,2,1274,26,901,115 1,1,1,1,1,1,1,1,1
77,2923,9,2923,1345,8,26012,595,25,283,138,211,9,896,547,8,925,45,3405,60,35,45,9,62,8,25,33,131,486,1629,130,190,405,59,297,1253,5,297,2101,2203,9,131,3148,8,14772,405,59,297,1253,5,297,2101,138,1175,923,1594,397,761,1252,9,26013,45,60,35,8,25,669,9,1010,8,768,45,60,989,25,33,32,575,98,154,123,210,9,894,8,105,22,9,390,45,60,35,8,25,33,2221,9,5993,8,594,22,9,1915,595,60,35,8,25,59,2967,9,2549,850,1512,8,989,1512,1206,33,138,32,575,2,989,7078,1158,7085,33,32,575,26014,51,41,9,26015,397,8,35,1593,2478,59,138,7673,154,22,9,1674,595,60,35,8,25,283,138,230,626,45,60,35,45,9,62,8,25,33,184,446,45,25,33,489,467,3871,282,467,4,2821,3314,331,26016,93,73,973,26017,289,546,26018,181,11,4599,2,11,381,11623,202,11,4247,2,11,5731,6267,112,11,229,2125,11,846,44,90,694,246,2,253,43,2,11,387,340,463,2,11,342,217,11,79,2,11,1346,2,2493,2293,243,175,323,3166,2325,175,4049,1011,175,320,784,320,14,37,23,311,51,81,3636,1638,131,3867,434,18,14,1222,5,19,219,5730 1,1,1,1,1,1,1,1,1,1,1,11,11,11,11,11,1,1,1,1,1,1,1,1,1,1,1,6,6,6,1,1,1,1,1,1,1,1,1,6,6,6,6,6,1,1,1,1,1,1,1,1,1,1,1,1,1,1,1,1,1,1,1,1,1,1,25,25,25,25,1,1,1,1,1,1,1,1,1,1,1,12,12,12,12,1,1,1,1,1,1,1,1,1,1,1,1,1,1,1,1,1,1,1,1,1,1,1,1,1,1,1,1,1,1,1,1,1,1,1,1,1,1,1,1,1,1,1,1,1,1,1,1,1,1,1,1,1,1,1,1,1,1,1,1,1,1,1,1,1,1,1,1,1,7,1,1,1,1,1,1,1,1,1,1,13,1,1,1,1,1,1,1,1,1,1,15,15,1,1,1,1,1,1,1,1,1,1,1,1,1,1,1,1,1,1,1,1,1,1,1,1,1,1,1,1,1,1,1,1,1,1,1,1,1,1,1,1,1,1,1,1,1,1,1,1,1,1,1,1,1,1,1,1,1,1,1,1,1,1,1,1,1,1,1,1,4,4,4,1,1,1,1,1,1,1,1,1,1,1,1
18,454,50,135,131,17,2807,513,259,697,2282,271,1523,434,1222,490,38,40,3802,26019,348,2807,2912,784,1348,53,4,26020,6839,486,105,190,513,579,697,434,1222,26021,2448,10,135,131,26022,434,1222,26023,290,25,5,219,5730,21,61,795,247,1523,83,190,2400,923,26024,9,5339,10,247,8,5,3665,135,131,923,9385,13199,956,26025,2,96 1,1,1,6,6,1,1,1,1,1,1,1,6,1,1,1,1,1,1,1,1,1,1,1,1,1,1,1,1,6,1,1,1,1,1,1,1,1,1,1,6,6,1,1,1,1,1,1,1,1,1,1,1,1,1,6,1,1,1,1,1,1,1,1,1,1,1,1,6,6,1,1,1,1,1,1,1
