67,54,4,31268,2607,318,1141,112,4352,3,1265,4116,12388,112,54,4,31269,40,28,20,221,13,64,3630,3,297,385 1,1,1,1,1,1,1,1,1,1,1,1,1,1,1,1,1,1,1,1,1,1,1,1,1,1,1
6,730,234,3,30,7,61,328,3,80,39,30,3,39,3,127,3,206,30,3,150,30,5,81,7,182,57,35,55,43,64,3630,19,6,67,3,5,143,81,13,24,5,13,6,28 1,1,1,1,1,1,1,1,1,1,1,1,1,1,1,1,1,1,1,1,1,1,1,1,1,1,1,1,1,1,1,1,1,1,1,1,1,1,1,1,1,1,1,1,1
61,234,4,459,3,807,10,2030,851 1,1,1,1,1,1,1,1,1
30,7,61,234,4,1656,3,40,14,15,1973,87,302,498,161,315,153,761,3,121,20,95,162,10,15,124,17,2405,347 1,1,1,1,1,1,1,1,1,1,1,1,1,1,1,1,1,1,1,1,1,1,1,1,1,1,1,1,1
154,111,37,16,38,4425,2872,7,23,466,5,4425,20,988 1,1,1,1,1,1,1,1,1,1,1,1,1,1
16,20,261,163,1023 1,1,1,1,1
40,20,660,43,862 1,1,1,1,1
16,20,1248,2014,3,51,286,38,128,459,40,495,3,5,61,10,6,318,499,13,15,807,7,2030,851 1,1,1,1,1,1,1,1,1,1,1,1,1,1,1,1,1,1,1,1,1,1,1,1,1
102,101,4,14,35,55,43,64,3630,19,6,67,5,3368,109,31,1946,15,1085,7,411 1,1,1,1,1,1,1,1,1,1,1,1,1,1,1,1,1,1,1,1,1
6,48,14,91,10,463 1,1,1,1,1,1
6,214,14,152,13,6,708,7,128,246,225,23,466,1192 1,1,1,1,1,1,1,1,1,1,1,1,1,1
6,774,1192,20,758,3779,43,6,162,1180,5,20,31,514,10,111,88,202,7,411 1,1,1,1,1,1,1,1,1,1,1,1,1,1,1,1,1,1,1,1
457,172,4,457,264,57,464,401 1,1,1,1,1,1,1,1
587,143,564,7,394,63,5,336 1,1,1,1,1,1,1,1
603,505,4,249,3,161,315,153,761 1,1,1,1,1,1,1,1,1
566,9,158,534,748,261,8,4,566,33,168 1,1,1,1,1,1,1,1,1,1,1
534,2275 1,1
6,747,331,3,64,31270,3,20,2754 1,1,1,1,1,1,1,1,1
1218,31271,4391,5571,3,107 1,1,1,1,1,1
16843,31272,31273,533,43,4,4391,5571,3,107 1,1,1,1,1,1,1,1,1,1
16843,250,31,81,43,262,331,250 1,1,1,1,1,1,1,1
