67,54,4,31281,2607,318,1141,112,4352,3,1265,4116,12388,50,20,6,28,82,1622,405,40,318,499,1216 1,1,1,1,1,1,1,1,1,1,1,1,1,1,1,1,1,1,1,1,1,1,1,1
61,234,4,411,12,6,53,322 1,1,1,1,1,1,1,1
30,7,61,234,4,6,28,14,15,4895,498,13,311,39,147,158,5378,71,121,21,15,209,3,4527,283,19,6,1683,2368,7,23,53,322 1,1,1,1,1,1,1,1,1,1,1,1,1,1,1,1,4,4,1,1,1,1,1,1,1,1,1,1,1,1,1,1,1
16,132,640,7,267,65,7,118,34,5,1111,5,182,3101 1,1,1,1,1,1,1,1,1,1,1,1,1,1
16,90,48,34,3,291,34,3,6493,1111,115,10,6,1423,3,300,3,375,3,446,3,5,796 1,1,1,1,1,1,1,1,1,1,1,1,1,1,1,1,1,1,1,1,1,1,1
81,7,182,4,72,708,35,138,270 1,1,1,1,1,1,1,1,1
80,39,30,4,776,3,1354,3,106,3,5378,71,324,3,209,153,765,3,3387,771,3,161,315,861,761,12,5436,3,19,4425,3,3365,3,3697,3,5,7070,855 1,1,1,1,15,1,1,1,7,1,4,4,4,1,1,1,1,1,1,1,1,1,1,1,1,1,1,1,1,1,1,1,1,1,1,1,1,1
861,761,35,55,270 1,1,1,1,1
39,4,2404,3,4425,3,1184,3,236,3,452,3,706,3,1916,3,218,3,610,3,289,3,5,174,35,55,19,6,757,1396,55 1,1,1,1,1,1,1,1,12,1,1,1,1,1,1,1,13,1,9,1,1,1,1,1,1,1,1,1,1,1,1
127,4,1846,75,646,15,277 1,1,1,1,1,1,1
206,30,5,150,30,4,206,30,2101 1,1,1,1,1,1,1,1,1
150,30,2101 1,1,1
102,101,4,207,4,980,3,410,3,2270,5,999,3,12,11,342 1,1,1,1,1,1,1,1,1,1,1,1,1,1,1,1
316,205,4,44 1,1,1,1
227,4,74,20,11,202,7,413,1297,3,1709,91 1,1,1,1,1,1,1,1,1,1,1,1
136,4,332,13,11,908,5,11,16345,1453 1,1,1,1,1,1,1,1,1,1
48,4,639,17,31282,1065,13,44,386,5473 1,1,1,1,1,1,1,1,1,1
130,4,145,13,11,213,3,502,3,26,561 1,1,1,1,1,1,1,1,1,1,1
214,4,152,3,396,3,11,240,3,11,1061 1,1,1,1,1,1,1,1,1,1,1
31283,4,174,306,6,53,322,5,595,3,6,196,5,114,143,44,13,11,743,3,750,3,243,26,277,3,600,74,20,100,433,2215,93,12,6,194,114 1,1,1,1,1,1,1,1,1,1,1,1,1,1,1,1,1,1,1,1,1,1,1,1,1,1,1,1,1,1,1,1,1,1,1,1,1
6,53,322,38,62,620,36,632,283,19,6,1683,2368,5,6,2184,53,322,5,595,143,334,2886,13,118,93,422,10,6,2502,7,6,194,114 1,1,1,1,1,1,1,1,1,1,1,1,1,1,1,1,1,1,1,1,1,1,1,1,1,1,1,1,1,1,1,1,1,1
16,98,38,246,19,1046,7,6,595,693,74,20,11,246,19,5856,759,7,6,415 1,1,1,1,1,1,1,1,1,1,1,1,1,1,1,1,1,1,1,1
457,172,4,401,27,40,85 1,1,1,1,1,1,1
6,28,14,52,221,43,6,164,499 1,1,1,1,1,1,1,1,1
603,505,4,411,71,322,283 1,1,1,1,1,1,1
566,9,158,534,748,261,8,4,6,28,41,52,162,10,6,164,499,17,591,355,5,2362,39,355 1,1,1,1,1,1,1,1,1,1,1,1,1,1,1,1,1,1,1,1,1,1,1,1
534,1097 1,1
1218,31284,3600,8154,3,107 1,1,1,1,1,1
16847,31285,31286,533,43,4,3600,8154,3,107 1,1,1,1,1,1,1,1,1,1
16847,250,31,81,43,262,331,250 1,1,1,1,1,1,1,1
