69,49,4,26281,8981,2,3728,9,14839,8,622,101,4,26282,38,14598,3607,407,2,139,304,248,2225,132,7679,2,26283,17,233 1,1,1,1,1,1,1,1,1,1,1,1,1,1,1,1,1,1,1,1,1,1,1,1,1,1,1,1,1
18,14,553,2250,2,268,26284 1,1,1,1,1,1,1
110,15,200,136,23,603,74,2947,9,314,624,10912,8 1,1,1,1,1,1,1,1,1,1,1,1,1
18,14,19,6608,517,117,23,406,2743,17,3231 1,1,1,1,1,1,1,1,1,1,1
18,21,306,1610,167,2,30,7,1232,2,5,406,4548 1,1,1,1,1,1,1,1,1,1,1,1,1
77,4,23,257,563,517,51,22,12,6,1960,2,3232,2,933,105,641,2,6163,83,22,316,297,964,2,26285,1639,22,1004,2,2224,1776,1004,2,10519,183,6609,27,26286,2,3133,2,2005,2,102,12999,13,8886,2400,51,14840,26287,2,4476,196,5769,2,493,83,22,2,5825,3063,1555,7,684,641,2,1461,3171,137,4,18,21,137,10,3309,2,4108,2,2046,2,5,1302,1711,471,740,65,6026,108,124,4373 1,1,1,1,1,1,1,1,1,1,1,1,1,1,1,1,1,1,1,1,1,1,1,1,1,1,1,1,1,1,1,1,1,1,1,1,1,1,1,1,1,1,1,1,1,1,1,1,1,1,1,1,1,1,1,1,1,1,1,1,1,1,1,1,1,1,1,1,1,1,1,1,1,1,1,1,1,1,1,1,1,1,1,1,1,1,1,1,1,1,1,1
18,21,7148,137,5,826,7762,109,22,2,2967,51,7078,1158,7085,2,910,51,2457,14075,15,107,32,865,2,5,2030,51,2457,32,865 1,1,1,1,1,1,1,1,1,1,1,1,1,1,1,1,1,1,1,1,1,1,1,1,1,1,1,1,1,1,1
179,30,4,18,14,290,35,408,27,5295,6413 18,18,1,1,1,1,1,1,1,1,1
93,122,4,23,67,94,20,7376,36,38,14,573,2368,17,23 1,1,1,1,5,5,5,5,1,1,1,1,1,1,1
18,21,5030,1528,2,71,14,23,180,1711,568,7,6554 1,1,1,1,1,1,1,1,1,1,1,1,1
112,14,330 1,1,1
293,3560,14,43 1,1,1,1
620,14,31,1790 1,1,1,1
44,14,90 1,1,1
18,14,3614,4289,1019 1,1,1,1,1
18,21,63,970,2,11,1093 1,1,1,1,1,1,1
187,14,133,2,375 1,1,1,1,1
300,302,53,43 1,1,1,1
18,21,15,593,12,23,386 1,1,1,1,1,1,1
18,32,395,10,171,79 1,1,1,1,1,1
18,21,61,10453,183,4063,12,6,26288,2319 1,1,1,1,1,1,1,1,1,1
320,4,67,94,14,100 1,1,1,1,1,1
838,6,6163,2,26289,23,682,121 1,1,1,1,1,1,1,1
18,6395,84,14,1280,4063,2,47,880,84,176,55,197 1,1,1,1,1,1,1,1,1,1,1,1,1
176,301,6372,108,67,94,836,251 1,1,1,1,1,1,1,1
5034,6,301,17,26290,583 1,1,1,1,1,1
18,40,55,930,58,26291 1,1,1,1,1,1
