69,49,4,26398,8235,144,312,2243,26399,26400,1142,6435,2,8822,26401,2,371,26402,26403,9,26404,8,26405,10957,9,26406,8,26407,858,391,4,437,489,1011 1,1,1,1,1,1,1,1,1,1,1,1,1,1,1,1,1,1,1,1,1,1,1,1,1,1,1,1,1,1,1,1,1,1
30,7,156,360,4,6,29,14,15,4293,769,471,104,47,50,31,201,136,1452,7,10661,647,938,236,146,2,16,321,5449,901,142 1,1,1,1,1,1,1,1,1,1,1,1,1,1,1,1,1,1,1,1,1,1,1,1,1,1,1,1,1,1,1
16,701,8265,5878,14865,12,24,901,2700 1,1,1,1,1,1,1,1,1
16,21,61,5449,106,476,26408,26409,5,901,4840 1,1,1,1,1,1,1,1,1,1,1
27,6,1140,95,2,16,21,61,1216,7366,3918,1274,2,71,16,4026,129,2831 1,1,1,1,1,1,1,1,1,1,1,1,1,1,1,1,1,1
16,701,63,3880,27,3279,104,936,170,37,24,568,73,20,667,43,1238 1,1,1,1,1,1,1,1,1,1,1,1,1,1,1,1,1
16,20,237,926,10,58,10958,17,899,233 1,1,1,1,1,1,1,1,1,1
58,10958,222,31,99,87,182,899,1479 1,1,1,1,1,1,1,1,1
278,2,432,24,1243,2,16,222,155,15,654,374,2,71,1493,168,27,26410,7,99,2,6,97,95,47,701,6,29,2,47,39,718,170,15,3433,4515,37,24,358,20,610,251,5,5484,170,10,808,17,15,797,358 1,1,1,1,1,1,1,1,1,1,1,1,1,1,1,1,1,1,1,1,1,1,1,1,1,1,1,1,1,1,1,1,1,1,1,1,1,1,1,1,1,1,1,1,1,1,1,1,1,1,1
16,578,1936,17,37,1011 1,1,1,1,1,1
78,89,30,4,127,2,789,2,565,2,5,1472 1,1,1,1,10,1,16,1,24,24,1,1
77,4,669,196,22,327 1,1,25,1,1,1
641,2,230,196,22,327 1,1,7,1,1,1
1004,2,2452,1296,22,327 1,1,1,1,1,1
998 1
137,4,11,334,624,137 1,1,1,1,1,1
128,30,4,66,17,81,48,318,17,1018,353 1,1,1,1,1,4,1,1,1,1,1
38,14,1447,10,55,239,10,7351 1,1,1,1,1,1,1,1
179,30,4,16,14,15,26411,11969,4557,12,7570 1,1,1,1,1,1,1,1,1,1,1
16,14,281,19,15,4621,7,2615,65,500 1,1,1,1,1,1,1,1,1,1
16,14,15,3798 14,14,14,14
163,7,213,4,16,4026,37,16,21,1376,106,121,191,6,78,938,236,48,319,31,26412,6,1521 1,1,1,1,1,1,1,1,1,1,1,1,1,1,1,1,1,1,1,1,1,1,1
16,21,61,5449,914,115,2,264,668,1277,2,5,1612 1,1,1,1,1,1,1,1,1,1,1,1,1
355,2,2050,2,202,2,91,2,372,2,339,2,1368,2,1031,2,899,2,5,9801,53,66 1,1,1,1,1,1,1,1,1,1,1,1,1,1,1,1,1,1,1,1,1,1
93,122,4,12,224,2,16,14,15,779,463,769,471,12,11,180,326 1,1,1,1,1,1,1,1,1,1,24,1,1,1,1,1,1
973,4,67,94,26413,2,296,1390,5,135,2,5,121,14130,643 1,1,5,5,5,1,1,1,1,1,1,1,1,1,1
202,4,725,2,570,2,822,2286 1,1,1,1,1,1,1,1
90,1290,13,682,1657,1405 1,1,1,1,1,1
112,14,330,13,11,780,2,11,846 1,1,1,1,1,1,1,1,1
44,4,745,75,289,193 1,1,1,1,1,1
118,4,418,2,11,3801 1,1,1,1,1,1
187,4,463,2,133,2,3086,2,2749,2,11,1003 1,1,24,1,1,1,1,1,1,1,1,1
217,4,11,4554 1,1,1,1
323,4,15,75,985,98,102,2,171,4092,193 1,1,1,1,1,1,1,1,1,1,1
489,467,4,147,482,43,399,212,27,1678,2351,119,1409,2,43,1000,5,1950,2,11,26414,142 1,1,1,1,1,1,1,1,1,1,1,1,1,1,1,1,1,1,1,1,1,1
242,5,114,4,161,81 1,1,1,1,1,4
6,29,20,1293,37,24,489,1011,5,115,53,192,557,13,7819,81 1,1,1,1,1,1,1,1,1,1,1,1,1,1,4,4
124,6,3488,7,24,115,2,47,50,5244,10,247,170,19,310,447,22,327 1,1,1,1,1,1,1,1,1,1,1,1,1,1,20,1,1,1
998 1
245,5,663,1806,129,177 1,1,1,1,1,1
16,40,50,5219,2,668,1402,5,797,1001,1835,1453,80 1,1,1,1,1,1,1,1,1,1,1,1,1
2555,2,16,20,31,2020,797 1,1,1,1,1,1,1
16,40,85,55,926,10,26415,26416,5,26417,14866,17,241,381,5,5957,2737 1,1,1,1,1,1,1,1,1,1,1,1,1,1,1,1,1
16,40,55,321,19,184,3195,7,669 1,1,1,1,1,13,1,1,25
16,14,963,10,808,12,1036,236,17,207,100,7,24,67,94 1,1,1,1,1,1,1,1,1,1,1,1,1,1,1
16,20,1293,37,24,901,142,53,218,239,10,9711,388,239,10,6,2855,81 1,1,1,1,1,1,1,1,1,1,1,1,1,1,1,1,1,4
47,6836,37,38,40,3469,32,6,67,728,1297,1400,419,338 1,1,1,1,1,1,1,1,1,1,1,1,1,1
16,20,124,15,1901,99,995,4621,7,2615,65,24,3221,532,24,115,90 1,1,1,1,1,1,1,1,1,1,1,1,1,1,1,1,1
165,2831 1,1
6,29,113,3733,32,108,16,14,85,460,2831 1,1,1,1,1,1,1,1,1,1,1
92,40,4292,38,27,1378,2422 1,1,1,1,1,1,1
526,26418,4894,26419,2,96 1,1,1,1,1,1
813,26420,4597,2746,800,4,10957,827,4,26421,818,4,10957 1,1,1,1,1,1,1,1,1,1,1,1,1
