69,49,4,26428,384,4,356,120,2,116,234,4,287,6435,774,12,17,356,19,120 1,1,1,1,18,1,1,4,1,10,1,1,1,1,1,1,1,1,1,4
134,6684,26429,222,31,563,374 1,1,1,1,1,1,1
558,50,61,199,27,140,19,857,130,506 1,1,1,1,1,1,1,6,6,6
930,5094,7367,27,3274 1,1,1,1,1
24,1311,39,617,2244,13,4496,7771,5,6788,4938,5279 1,1,1,1,1,1,1,1,1,1,1,1
16,267,8881,4741,1173,781,168,10,6,10737 1,1,1,1,1,1,1,1,1,1
937,701,4254,17,38 1,1,1,1,1
16,267,460,205,2145,26,2449,12,6,10737 1,1,1,1,1,1,1,1,1,1
16,267,182,990,7,7351,2,5,15,1343,13,7669,1358 1,1,1,1,1,1,1,1,1,1,1,1,1
16,21,116,2,826,184,5,230 1,1,10,1,1,13,1,7
167,116,5586,121,216,1472,120,314,798,77,2452,1296,22,25,33,131,486,1629,1200,190,405,509,4,1143,190,506,5138,9,2582,767,8,491,2,35,45,9,62,8,25,283,230,196,22,25,59,184,390,2,35,45,9,62,8,25,33,310,778,2,35,45,9,62,8,25,33,857,9,131,3050,8,130,190,405,283,1985,9,1703,8,446,2,35,45,9,62,8,25,283,137,152,36,152,499,4,623,4,11,44,34,2,655,2,702,2,531,79,2,8968,339,4,11,340,34,2,272,2,402,2,855,2,2366,2870,4,11,1609,26,1949,385,4,3633,887,13362,289,1390,574,788,4302,10959,224,4,463,2,436,2025,4,171,904,243,2,11,720,2,673,2,26,79,833,4,161,120,4,1015,199,12,1110 1,10,16,24,1,1,4,1,1,1,1,1,1,1,1,6,6,6,1,1,1,1,1,1,1,1,1,1,1,1,1,1,1,1,1,1,1,1,1,1,7,1,1,1,1,13,1,1,1,1,1,1,1,1,1,20,1,1,1,1,1,1,1,1,1,6,1,1,1,1,1,1,1,1,12,1,12,1,1,1,1,1,1,1,1,1,1,1,1,1,1,1,1,1,1,1,1,1,1,1,1,1,1,1,1,1,1,1,1,1,1,1,1,1,1,1,1,1,1,1,1,1,1,1,1,1,1,1,5,1,5,1,1,1,1,1,1,1,1,24,1,1,1,1,1,1,1,1,1,1,1,1,1,1,1,1,1,1,4,1,1,1,1,1
887,80 1,1
177,4762,1483,71,14,829,344 1,1,1,1,1,1,1
126,857 1,6
383,184,10,154,22,33 1,13,1,1,1,1
165,254,4,177,544,71,14,419 1,16,1,1,1,1,1,1
411,252,940,2,539,2933,3149,26,4299 1,1,1,1,1,1,1,1,1
40,1022,27,400,101 1,1,1,1,1
186,116,4,251 1,10,1,1
383,184 1,13
249,4741,1173,4,16,267,216,7,38,136,6,3113,74 1,1,1,1,1,1,1,1,1,1,1,1,1
149,1471,12,792,218,4023 1,1,1,1,1,1
10,116,5,120 1,10,1,4
278,2,47,880,16,692,6746,470,2,3974 1,1,1,1,1,1,1,1,1,1
13,24,990 1,1,1
47,50,926,170,10,58,26430,27,3960 1,1,1,1,1,1,1,1,1
539,2155,17,2377,3783,26431,2,645,38,14,573,553,218,124,6,214,928,216,38 1,1,1,1,1,1,1,1,1,1,1,1,1,1,1,1,1,1,1
351,356,101,35,376,5,138 1,1,1,1,1,1,1
1306,4725,1050,14869,2,96 1,1,1,1,1,1
