67,54,4,31544,426,4,439,112,17,48,34,282,4,293,6248,21,31,38,88,268,255,7,48,34 1,1,1,1,1,1,1,1,1,1,1,1,1,1,1,1,1,1,1,1,1,1,1,1
72,898,5,44,177,19,31545 1,1,1,1,1,1,1
50,420,1011,10,439,19,40,51,16,31546,5,242,887,704,16,160,10,46,92,359 1,1,1,1,1,1,1,1,1,1,1,1,1,1,1,1,1,1,1,1
16,146,37,64,12405,12,273,508,16,1317,52,15,2339,17,9191,164 1,1,1,1,1,1,1,1,1,1,1,1,1,1,1,1
16,14,530,10,52,122,31547,8332,12,1335,3,121,14,132,27,6,3499 1,1,1,1,1,1,1,1,1,1,1,1,1,1,1,1,1
147,142,6448,140,256,1354,151,39,1916,1142,22,25,32,165,596,1643,1245,189,521,605,4,1173,189,608,5185,9,2373,782,8,515,3,36,45,9,73,8,25,276,274,215,22,25,69,218,378,3,36,45,9,73,8,25,32,348,846,3,36,45,9,73,8,25,32,960,9,165,2755,8,171,189,521,276,1839,9,2071,8,549,3,36,45,9,73,8,25,276,127,200,33,200,579,4,644,4,11,48,34,3,739,3,760,3,634,93,3,3613,361,4,11,362,34,3,300,3,375,3,982,3,2161,3327,4,2121 1,7,15,1,1,1,4,1,1,1,1,1,1,8,8,8,1,1,1,1,1,1,1,1,1,1,1,1,1,1,1,1,1,1,1,1,1,1,9,1,1,1,1,13,1,1,1,1,1,1,1,1,1,17,1,1,1,1,1,1,1,1,1,8,1,8,1,1,1,1,1,1,12,1,12,12,1,1,1,1,1,1,1,1,1,1,1,1,1,1,1,1,1,1,1,1,1,1,1,1,1,1,1,1,1,1,1,1,1,1,1,1,1,1,1,1,1,1,1,1,1
1790,12,6,53,1346,3,11,93,3,11,1677,84,3,11,1585,545,4,31548,51,827,13,742,2496,148,14339,3,364,1247,716,856,1499,5074,2551,6614,43,99,140,12,6,182,207,4,280,3,480,644,4,576,108,632,1630,44,11,3051,145,156,5,239 1,1,1,1,1,1,1,1,1,1,1,1,1,1,1,1,1,1,1,1,1,1,1,1,1,1,1,1,1,1,1,1,98,98,1,1,1,1,1,1,1,1,23,1,1,1,1,1,1,1,1,1,1,1,1,1,1,1
11,1099,216,4,11,222,1518,4,11,3613,985,26,222,975,133,4,217,1032,5,79,133,4583 1,1,1,1,1,1,1,1,1,1,1,1,1,1,1,1,1,1,1,1,1,1
1714,4,11,743,3,750,3,26,93,3,11,1346,246,48,4,1481,2610,44,13,11,157,7,2264,762 1,1,1,1,1,1,1,1,1,1,1,1,1,1,1,1,1,1,1,1,1,1,1,1
6,48,14,91,10,15,5,364,100 1,1,1,1,1,1,1,1,1
11,1065,3,407,3,1116,873,4,176,48,34,4,538 1,1,1,1,1,1,1,1,1,1,1,1,1
1011,138,23,341,709 1,1,1,1,1
86,252,5,1860,1796 1,1,1,1,1
178,151,4,865,232 1,4,1,1,1
86,348,5,960 1,17,1,8
1573,441,112 1,1,1
195,287,4,81,580,75,14,15,1103,365,27,16891,86,118,228,7,1839,3,827,1684,129 1,15,1,1,1,1,1,1,1,1,1,1,1,1,1,1,12,1,1,1,1
253,280,4,2551,1294,13,341,709 1,15,1,1,1,1,1,1
510,10,5074 1,1,1
5536,1572,17,172,3,31,6624,17,164,27,40,85,693,37,208,52,62,2076,12,6,1398 1,1,1,1,1,1,1,1,1,1,1,1,1,1,1,1,1,1,1,1,1
346,142,4,845,232,179,89 1,7,1,1,1,1,1
86,137,389 1,1,1
460,439,112,117,129,5,167 1,1,1,1,1,1,1
