69,49,4,26830,8999,2,5089,10979,14955,10981,9000,2,96 1,1,1,1,1,1,1,1,1,1,1,1,1
4435,26831,144,7,26832,183,6760,1142,6758,2,4188,6759,828,58,9000,4,92,701,5089,8999,12,6,378,325,27,6,10984,1120,144,19,14955 1,1,1,1,1,1,1,1,1,1,1,1,1,1,1,1,1,1,1,1,1,1,1,1,1,1,1,1,1,1,1
16,543,11570,118,753,27,6,10984,1120,144,19,26833,5,1263,110,17,24,1894,233 1,1,1,1,1,1,1,1,1,1,1,1,1,1,1,1,1,1,1
12,6,957,136,97,201,2,16,21,346,3350,57 1,1,1,1,1,1,1,1,1,1,1,1
24,97,1894,233,27,14956,1870,144,604,63,872,1177,7,1516,41,42,6500,5,11,164,76,2,598,52,794,4370,20,12245 1,1,1,1,1,1,1,1,1,1,1,1,1,1,1,1,1,1,1,1,1,1,1,1,1,1,1,1
3547,1927,129,43,2,237,13,15,4269,7,462,5,15,70,777,94,7,903,434,6,305,143,94,20,26834,13,15,3979,7,7306,6,29,113,50,15,6841,4838,27,3041,5,238,27,3394 1,1,1,1,1,1,1,1,1,1,1,1,1,1,1,1,1,1,1,1,1,1,1,1,1,1,1,1,1,1,1,1,1,1,1,1,1,1,1,1,1,1,1
16,21,197,445,2598,2,71,8223,239,10,24,929,76,50,61,2269,4494,42,1985 1,1,1,1,1,1,1,1,1,1,1,1,1,1,1,1,1,1,12
6,1985,20,1195,795,2,3870,2,5,795,428 1,12,12,12,12,12,12,12,12,12,12
16,589,10,60,131,5,24,97,654,374,20,14957,16,21,39,248,134,534,7,149,1403 1,1,1,1,6,1,1,1,1,1,1,1,1,1,1,1,1,1,1,1,1
16,21,39,11,9801,233 1,1,1,1,1,1
16,88,714,2,1101,118,353,2,26,4583 1,1,1,1,1,1,1,1,1,1
93,122,4,821,15,121,7,3215,643,2,67,94,7,14958,2,296,7,3816,1078,580,94,14,614,601,7,1618 1,1,1,1,1,1,1,1,1,1,1,1,1,1,1,1,1,1,1,1,1,1,1,1,1,1
293,2427,53,3634,86,229 1,1,1,1,1,1
68,53,1459,194,302,12,6,52,409 1,1,1,1,1,1,1,1,1
845,7,4816,2624,14,31,3224 1,1,1,1,1,1,1
523,118,3733,14,43,2,1154,9305,5,90 1,1,1,1,1,1,1,1,1,1
16,21,63,970,27,6,52,1494,2027 1,1,1,1,1,1,1,1,1
6,187,14,86,953 1,1,1,1,1
68,14,11,336,79 1,1,1,1,1
336,243,53,1459 1,1,1,1
6,1322,821,15,70,5285,984,1923,13,63,7807,145,7,738,2351,119,1409 1,1,1,1,1,1,1,1,1,1,1,1,1,1,1,1,1
68,53,1535,1807,142,1926,12,6,859,4578 1,1,1,1,1,1,1,1,1,1
231,77,4,442,13,495,5353,22,793,119,107,2,5711,183,22,2,2848,823,22,793,119,107,2,2798,5713,4112,22,793,119,107,2,2341,474,22,119,107,2,857,131,2114,190,27,420,2,1042,5714,1639,22,793,119,107,2,632,2,4586,204,22,793,119,107,2,960,204,22,793,119,107,2,1523,131,32,865,2,517,83,22,119,107,2,5059,775,447,22,793,119,107,2,5,632,1883,1639,190,793,119,107 1,1,1,1,1,1,1,1,1,1,1,1,1,1,1,1,1,1,1,1,1,1,1,23,1,1,1,1,1,1,1,11,1,1,1,1,1,6,6,1,1,1,1,1,1,1,1,1,1,1,1,1,1,1,1,1,1,1,1,1,1,1,1,1,1,1,1,1,6,6,1,1,1,1,1,1,1,1,1,1,1,1,1,1,1,1,1,1,1,1,1,1,1,1,1
320,4,6,29,40,2110,24,1894,233,191,6,400,934,697 1,1,1,1,1,1,1,1,1,1,1,1,1,1
38,40,563,67,500,2,44,810,2,1134,2,1825,352,415,215,2,91,561,2,164,1677,2,5,26835,911 1,1,1,1,1,1,1,1,1,1,1,1,1,1,1,1,1,1,1,1,1,1,1,1,1
92,40,125,170,117,6310,7,472,426,5,163,6,457,13,170 1,1,1,1,1,1,1,1,1,1,1,1,1,1,1
92,40,26836,6,457,10,329,32,57,27,37,95 1,1,1,1,1,1,1,1,1,1,1,1
1027,2,526,1955,289,26837,2,195,813,26838,4019,384,4,5245,3825,96 1,1,1,1,1,1,1,1,1,1,1,1,1,1,1,1
14947,203,538,26839,10980,608,6758,2,4188,2,6759,3271,4,3130,4,384,4,4443,26840,96 1,1,1,1,1,1,1,1,1,1,1,1,1,1,1,1,1,1,1,1
14956,1870,144,1580,26841,3710,26842,26843,2,4188,2,26844,3271,4,3130,4,800,4,10986,827,4,10986,818,4,10986 1,1,1,1,1,1,1,1,1,1,1,1,1,1,1,1,1,1,1,1,1,1,1,1,1
