67,54,4,31890,31891,3,31892,3,12430,40,28,20,221,13,385,3,64,31893 1,1,1,1,1,1,1,1,1,1,1,1,1,1,1,1,1,1
385,82,55,20,81 1,1,1,1,1
6,28,20,221,5,101,43,271,3,5,50,660,6,385,82,461 1,1,1,1,1,1,1,1,1,1,1,1,1,1,1,1
30,7,61,328,4,12,1922,3,40,14,15,4957,767,121,61,13,58,65,7,459,3,249,3,590,3,5,118,798,1206 1,1,1,1,1,1,1,1,1,1,1,1,1,1,1,1,1,1,1,1,1,1,1,1,1,1,1,1,1
16,21,11,174,234,26,424,116 1,1,1,1,1,1,1,1
395,81,385,82,55,17,296,402,7,80,39,30,3,206,30,3,81,7,182,3,39,3,5,127 1,1,1,1,1,1,1,1,1,1,1,1,1,1,1,1,1,1,1,1,1,1,1,1
102,101,4,50,660,6,102,77,14,35,607 1,1,1,1,1,1,1,1,1,1,1
6,28,14,980,3,410,3,12,131,10,504,386,342,3,184,13,15,386,156,27,2136,3,4772,55,27,1421,42,19,702,737,3,807,14,2327,10330,3,133,14,2030,3,63,94,14,31894,3,5,4772,1295,115,3470,10,1942,42,19,210,2186,5,231,42,19,10030,16569 1,1,1,1,1,1,1,1,1,1,1,1,1,1,1,1,1,1,1,1,1,1,1,1,1,1,1,1,1,1,1,1,1,1,1,1,1,1,1,1,6,6,6,6,1,1,1,1,1,1,1,1,1,1,1,1,1,1,1,1,1,1
136,14,332 1,1,1
1561,1313,57,683 1,1,1,1
155,275,416,377,184,327,27,6,649,29,313,3,74,57,493,876,55,12,6,53,194,649 1,1,1,1,1,1,1,1,1,1,1,1,1,1,1,1,1,1,1,1,1,1
130,14,2254,51,145 1,1,1,1,1
6,2502,7,6,77,14,569 1,1,1,1,1,1,1
457,532,4,696,785,14,55,27,9071,5,824,31895,40,14,976,10,6,28,82,472 1,1,1,1,1,1,1,1,1,1,1,1,1,1,1,1,1,1,1,1
392,5,347,1483,5,3799,3,3799,14,334,185,17,40,28 1,1,1,1,1,1,1,1,1,1,1,1,1,1
313,3,16,21,68,172,17,95,505,7,153,371,43,6,5140,594 1,1,1,1,1,1,1,1,1,1,1,1,1,1,1,1
3353,14,1299,5,663,14,14638,1425,275,128,63,5,961,3,376,31,508,7,62,411 1,1,1,1,1,1,1,1,1,1,1,1,1,1,1,1,1,1,1,1
177,14,2254,13,53,692,1394,12,15,4586,1780 1,1,1,1,1,1,1,1,1,1,1
48,738,111,717,11035,1984,100,13,100,997,792,3,493,9112,682,1334,3,5,633,12,6,155,6631 1,1,1,1,1,1,1,1,1,1,1,1,1,1,1,1,1,1,1,1,1,1,1
318,499,438,4,6,28,20,1495,13,3110,5,2935,17,23,1885,854 1,1,1,1,1,1,1,1,1,1,1,1,1,1,1,1
16,98,370,2493,80,17,6501,2228,35,60,35,15,1859,1489,5,289,3,233,17,23,458 1,1,1,37,37,1,1,1,1,1,1,1,1,1,1,1,1,1,1,1,1
566,4,6,28,20,162,10,6,124 1,1,1,1,1,1,1,1,1
250,31,81,43,262,331,250,801,4,854,3,458,3,5,153,371 1,1,1,1,1,1,1,1,1,1,1,1,1,1,1,1
497,10787,3,12430,487,4,16961,292,4,16961,533,43,4,10787,3,12430,746,31896,1608 1,1,1,1,1,1,1,1,1,1,1,1,1,1,1,1,1,1,1
