69,49,4,26949,4442,2,6761,378,325,1124,2,4075,661,6892,468,203,538,2,2041,1032,2,674,14303,6762,6077,2,8535,2,26950,536,4,14981,10998,26951,141,99,1767,292,407,13,1203,386,388,17,363,236,28,110,13,35,223,7,2184,54,354,2769,167,4,81,26952,458,26953,26954,3169,338,254,188,132,353,889,1705,461,137,4,11,334,624,1146,77,4,632,495,823,190,25,82,1372,109,22,25,59,60,9215,297,1275,14982,51,22,297,1158,1794,51,223,2205,14983,4590,1731,5411,2311,1345,1017,25,59,184,130,22,25,82,737,491,25,82,556,768,25,60,102,1366,793,15,107,5626,491,25,506,60,13,1341,787,105,22,25,82,2341,370,22,25,82,128,30,4,18,20,3741,12,6762,6077 1,1,1,1,1,1,1,1,1,1,1,1,1,1,1,1,1,1,1,1,1,1,1,1,1,1,1,1,1,1,1,1,1,1,1,1,1,1,1,1,1,1,1,1,1,1,1,1,1,1,1,1,1,1,1,1,1,1,4,1,15,15,1,1,1,16,1,1,1,1,1,1,1,1,1,1,1,1,1,1,1,1,1,1,1,1,22,1,1,1,1,1,1,1,1,1,1,1,1,1,1,1,1,1,1,1,1,1,1,1,1,1,1,13,1,1,1,1,23,1,1,1,7,1,1,1,1,1,1,1,1,12,1,1,1,1,1,1,1,1,1,1,1,11,1,1,1,1,1,1,1,1,1,1,1,1,1
18,39,1859,726,28,938,7,1406,53,3410,2,192,1308,12,6,680 1,1,1,1,1,1,1,1,1,1,1,1,1,1,1,1
943,587,12,7660,477,39,8236,74,76 1,1,1,1,1,1,1,1,1
1202,39,592,332,27,6,439,7,5885,179,30,4,589,10,433,286,10,6,5809,2703,538,2,820,19,153,107 1,1,1,1,1,1,1,1,1,18,18,18,1,1,1,1,1,1,1,1,1,1,1,1,1,1
12,6,2470,2,18,589,10,433,286,2,3066,10,26955,5,589,10,55,214,529 1,1,1,1,1,1,1,1,1,1,1,1,1,1,1,1,1,1,1
18,1302,286,10390 1,1,1,1
18,14,214,529 1,1,1,1
2972,53,214,2054,13,23 1,1,1,1,1,1
92,50,2705,191,12,790,19,38,101,4801,192,7,23,709 1,1,1,1,1,1,1,1,1,1,1,1,1,1
589,10,1418,10,6,26956,27,26957,497,511,15,223 1,1,1,1,1,1,1,1,1,1,1,1
163,7,213,4,11,228,12,300,1183,2,598,18,14,15,1114,2328,9232 1,1,1,1,1,1,1,1,1,1,1,1,1,1,1,1,1
389,2,11,1173,26,668,1946,115 1,1,1,1,1,1,1,1
91,4,11,44,34,2,255,7,194,2,702,2,26,655 1,1,1,1,1,1,1,1,1,1,1,1,1,1
305,2,11,856,26,1284,115 1,1,1,1,1,1,1
202,4,11,1373,26,1184,115 1,1,1,1,1,1,1
137,4,11,280,709,13,37 1,1,1,1,1,1,1
899,4,11,280,709 1,1,1,1,1
1734,4,214,2071,173,192,7,6,77,18,21,10,60,84,32,18,20,3610,2,104,578,865,3392 1,1,1,1,1,1,1,1,1,1,1,1,1,1,1,1,1,1,1,1,1,1,1
92,1880,10,8783,23,5,2251,6,10138,7,38,26958,101,19,37,13065,23,203 1,1,1,1,1,1,1,1,1,1,1,1,1,1,1,1,1,1
93,73,4,67,94,4,11664,296,4,2163,121,4,6477,643,622,67,358,2683,4,6222,27,4987,181,4,619,5,682 1,1,1,1,1,1,1,1,1,1,1,1,1,1,1,1,1,1,1,1,1,1,1,1,1,1,1
11,690,112,4,625,2,43,3560,86,229,799,4,897,799,2,11,780,2641,4,11,342,2,377,2,26,277,44,4,226,53,3491,90,13,11,856,2,1056,2,26,1223,694,4,11,387,2,711,2,26,766,2,135,145,187,4,375,86,342,2174,4,26959,54,3534,86,2002,9231,28,2721,86,277 1,1,1,1,1,1,1,1,1,1,1,1,1,1,1,1,1,1,1,1,1,1,1,1,1,1,1,1,1,1,1,1,1,1,1,1,1,1,1,1,1,1,1,1,1,1,1,1,1,1,1,1,1,1,1,1,1,1,1,1,1,1,1,1,1,1,1,1,1
157,3534,156,48,31,32,406,258,4,548,242,5,114,4,605,17,1337,219,6761,4442,2,195,705,46,26960,681,809,42,6761,4442,2,195,1655,139,4,678 1,1,1,1,1,1,1,1,1,1,1,1,1,1,1,1,1,1,1,1,1,1,1,1,1,1,1,1,1,1,1,1,1,1,1,1
