67,54,4,32162,17023,5527,3,2420,1374,1413,3,8784,8116,61,328,4,773,10,122,40,1247,87,302,498,121,20,688,10,5883,17,198,7,62,937,187,322 1,1,1,1,1,1,1,1,1,1,1,1,1,1,1,1,1,1,1,1,1,1,1,1,1,1,1,1,1,1,1,1,1,1,1,1
16,21,38,15,4495,7,328,225,6,1826,3,1783,13,15,124,17,854,12,1225 1,1,1,1,1,1,1,1,1,1,1,1,1,1,1,1,1,1,1
16,525,387,1146,20,1377,10,52,15,8694,17024,1647,9,19,452,17,209,585,831,8,5,286,866,387,5057,34,5,20,514,10,46,15,8694,2090,37,20,2544 1,1,1,1,1,1,1,1,1,1,1,1,1,1,1,1,1,1,1,1,1,1,1,1,1,1,1,1,1,1,1,1,1,1,1,1,1
12,6,438,7,40,328,3,16,98,387,62,937,187,322,5,20,514,9,27,1146,1195,367,8,10,46,15,1100,1391 1,1,1,1,1,1,1,1,1,1,1,1,1,1,1,1,1,1,1,1,1,1,1,1,1,1,1,1
27,6,85,7,23,168,3,16,20,514,10,46,71 1,1,1,1,1,1,1,1,1,1,1,1,4
16,21,68,343,13,960,165,3,372,95,558,189,27,1350,3,19,75,389,16,21,38,543,2014,894,3,2209,10,1764,444 1,1,1,1,1,8,8,1,1,1,1,1,1,1,1,1,1,1,1,1,1,1,1,1,1,1,1,1,1
16,146,37,16,3385,223,669,624,397,40,328,51,21,1261,223,215,624 1,1,1,1,1,1,1,1,1,1,1,1,1,1,1,1,1
1082,4,16,21,38,62,412,77,12,6,95,80,51,50,191,31,731,88,402 1,1,1,1,1,1,1,1,1,1,1,1,1,1,1,1,1,1,1
1383,4,3391,32163,604,4,191,31,299,15,30,7,330,604,103,4,2040,7,46,585,831,17,223,210,87 1,1,1,1,1,1,1,1,1,1,1,1,1,1,1,1,1,1,1,1,1,1,1,1,1
31,2040,7,88,30,7,181,120,76 1,1,1,1,1,1,1,1,1
354,4,367,725,3924,40,1826,78,47,966,29,73,328 1,1,1,1,1,1,1,1,1,1,1,1,1
80,39,30,4,164,4,187,2150,164,3547,860,918,39,4,106,287,209,585,831,127,4,11,374,357,127 1,1,1,1,1,1,1,1,1,1,1,1,1,1,7,15,1,1,1,1,1,1,1,1,1
238,30,4,200 14,14,14,14
541,30,4,598,13667,17,15,11312,10118,150,30,4,661,4,98,387,3,26,20,514,10,46,3,71,12,6,3157,7,1033,328,630,6,99,8621,5,132,49,165,12,23,382,78,47,966,29,2747,206,30,4,245,13,23,551 1,1,1,1,1,1,1,1,1,1,1,1,1,1,1,1,1,1,1,1,1,1,1,4,1,1,1,1,1,1,1,1,1,1,1,1,1,1,1,1,1,1,1,1,1,1,1,1,1,1,1,1,1
81,7,182,4,270,81,7,182,14,376,72 1,1,1,1,1,1,1,1,1,1,1
102,77,4,787,498,12,11,342,3,917,364,3204 1,1,1,1,1,1,1,1,1,1,1,1
148,4,32164,364,4,335,78,47,966,29,32165,78,47,966,29,73,3,1108,1108,655,4,223,850,43,30,2049,4,223,108,78,47,966,29,4114,78,47,2139,29,227,4,797 1,1,1,1,1,1,1,1,1,1,1,1,1,1,1,1,1,1,1,1,1,1,1,1,1,1,1,1,1,1,1,1,1,1,1,1,1,1,1,1,1
296,3036,82 1,1,1
2447,4,31,101,216,4,44,133,3,97,222,48,4,91,10,463,574,130,4,44,304,29,2118,310 1,1,1,1,1,1,1,1,1,1,1,1,1,1,1,1,1,1,1,1,1,1,1,1
11,561 1,1
11,213,214,4,11,1128 1,1,1,1,1,1
11,240 1,1
131,5057,246 1,1,1
473,291,1039,14,60,1064 1,1,1,1,1,1
114,4,187,2890,197,1969 1,1,1,1,1,1
59,322,14,31,937,51,11,975,133,57,777 1,1,1,1,1,1,1,1,1,1,1
339,5,104,4,1247,87,302,498,13,1969,187,322,5,202,17,881,19,59,35,60 1,1,1,1,1,1,1,1,1,1,1,1,1,1,1,1,1,1,1,1
71,3,317,58,3,7,3788,2630 4,1,1,1,1,1,1,1
398,14,52,144 1,1,1,1
982,960 1,1
126,596,141,189,605 8,8,1,1,1
139,16,14,868,13,591,540,3,92,14,2379,37,16,41,160,165 1,1,1,1,1,1,1,1,1,1,1,1,1,1,1,1
941 1
32166,2747,4536,3,1689,3,3750 1,1,1,1,1,1,1
