69,49,4,27315,949,427,470,99,29,414,4,7700,4478,485,4,11024,49,7,470,4,27316,1976,42,4,189,17,3494,972,139,5,1848,394,234,4,1324,292,600,216,2532,3428,9,1350,1289,12,6,44,2,187,2,5,2853,4123,2,5,21,61,19,6980,8,2,3239,15085,103,522,104,279,13,363,236,734,1848,394,5,363,123,7,734,1872 1,1,1,1,1,1,1,1,1,1,1,1,1,1,1,1,1,1,1,1,1,1,1,1,1,1,1,1,1,1,1,1,1,1,1,1,1,1,1,1,1,1,1,1,1,1,1,1,1,1,1,1,1,1,1,1,1,1,1,1,1,1,1,1,1,1,1,1,1,1,1,1,1,1,1,1,1,1
29,14,773,10,881,15,12313,30,28,30,65,567,27317,4478,2,2882,47,1008,19,6,2416,2,5,65,2116,9,2317,58,15083,15084,74,2229,949,99,8 1,1,1,1,1,1,1,1,1,1,1,1,1,1,1,1,1,1,1,1,1,1,1,1,1,1,1,1,1,1,1,1,1,1,1
23,567,267,37,231,4886,14,1084,10,23,1464,12,1231,12840,18,20,1888,27,4770,12,1231,2942,17,233,7,972,5,731,5058,2,1702,274,2,5,121,274,37,39,3806,191,35,10,51,198 1,1,1,1,1,1,1,1,1,1,1,1,1,1,1,1,1,1,1,1,1,1,1,1,1,1,1,1,1,1,1,1,1,1,1,1,1,1,1,1,1,1,1,1
392,205,19,15073,13,316,149,10883 1,1,1,1,1,1,1,1
63,691,7,6,1319,19,8633,227,15,451,10836,7,5718,6057,12,6,52,11026 1,1,1,1,1,1,1,1,1,1,1,1,1,1,1,1,1,1
68,20,11,1138,6786 1,1,1,1,1
38,20,557,13,350,1261,551 1,1,1,1,1,1,1
4207,227,1848,5058,7,6,4737,12,6,15074,5,3430,502,13,11,9018,2498 1,1,1,1,1,1,1,1,1,1,1,1,1,1,1,1,1
18,39,43,632,1227,2,1804,2,1005,2,5,2007,9,105,8 1,1,1,1,1,1,1,1,1,1,1,1,1,1,1
3490,6739,6641,20,66 1,1,1,1,1
1015,20,251,27,15080,63,2901,227,43,358,9,1182,8,2,251,975,9,2197,8,2,15075,11027,9,15076,298,2,15077,41,6589,2,15078,41,6549,2,5,4496,41,4962,8,5,8992,615 1,1,1,1,1,1,1,1,1,1,1,1,1,1,1,1,1,1,1,1,1,1,1,1,1,1,1,1,1,1,1,1,1,1,1,1,1,1,1,1,1,1
3490,1047,20,43 1,1,1,1
1314,129,66 1,1,1
3490,15079,20,66 1,1,1,1
18,20,962,480,13,517,130,22,82,7885,423,10,109,22,82 1,1,1,1,1,1,1,1,1,1,1,1,1,1,1
12,207,100,2,84,20,166,37,6846,20,11028,2,15,11029,20,318,2,5,6,5874,9019,968,9,11030,8,20,85,318,27,6,1120,282 1,1,1,1,1,1,1,1,1,1,1,1,1,1,1,1,1,1,1,1,1,1,1,1,1,1,1,1,1,1,1,1
38,20,1447,10,2264,11031,5,18,20,265,5,480,174,788,123,7,219,2046 1,1,1,1,1,1,1,1,1,1,1,1,1,1,1,1,1,1
517,20,1487,7885,10,664,136,23,1464,20,1447,10,55,557,174,11031,5,31,11025 1,1,1,1,1,1,1,1,1,1,1,1,1,1,1,1,1,1,1
119,23,567,2,29,39,504,168,10,537,2840,7,7741,74,5,748,13,15,2611,27318,2262 1,1,1,1,1,1,1,1,1,1,1,1,1,1,1,1,1,1,1,1,1
191,6,97,451,236,2,18,21,3726,3539,268,2572,13,306,1991 1,1,1,1,1,1,1,1,1,1,1,1,1,1,1
21,2323,1488,110,2,1044,3760,19,23,744,2,21,61,2317,12,886,17,6,97,451,123,2,1339,2262,10,433,10,6,5652,26,18,1991,423 1,1,1,1,1,1,1,1,1,1,1,1,1,1,1,1,1,1,1,1,1,1,1,1,1,1,1,1,1,1,1,1,1
191,6,97,363,123,2,18,21,2098,1242,268,10623,2572,5,2825 1,1,1,1,1,1,1,1,1,1,1,1,1,1,1
18,21,61,4154,173,7137,104,53,31,12,6,1477,2,4440,37,648,53,68,28,4440,37,6,27319,14,6,5652 1,1,1,1,1,1,1,1,1,1,1,1,1,1,1,1,1,1,1,1,1,1,1,1,1,1
84,20,15,1581,1607,191,15,451,236,5,237,10194,191,6,97,451,123 1,1,1,1,1,1,1,1,1,1,1,1,1,1,1,1,1
29,267,1024,1274 1,1,1,1
19,1464,10,6,189,2,18,20,166,10,55,2851,12,6,1725,74,9,450,2736,1257,1283,17,1262,198,2,537,2015,100,42,2211,8,2,8969,2,1285,2,646,98,51,2,5,2889,192,217 1,1,1,1,1,1,1,1,1,1,1,1,1,1,1,1,1,1,1,1,1,1,1,1,1,1,1,1,1,1,1,1,1,1,1,1,1,1,1,1,1,1,1,1
499,4,27320,7,499,14,6172 1,1,1,1,1,1,1
899,4,820,32,256,2,68,50,61,11,142,12,862,26,895,2,112,34,2,2540,2,1809,2,803,2,2393,2,3970,2,2132,2,26,672 1,1,1,1,1,1,1,1,1,1,1,1,1,1,1,1,1,1,1,1,1,1,1,1,1,1,1,1,1,1,1,1,1
224,4,66,17,596,2,469,2,690,2,228,12,121,2,44,34,2,396,2,255,7,194,2,250,2,263,34,2,272,2,402,2,435,2,5,228,12,300,26,876,1183 1,1,1,1,1,1,1,1,1,1,1,1,1,1,1,1,1,1,1,1,1,1,1,1,1,1,1,1,1,1,1,1,1,1,1,1,1,1,1,1,1
637,4,161,127 1,1,1,10
165,81 1,4
186,2532,3428,249,3239,4473,139,304,522 1,1,1,1,1,1,1,1,1
351,1407 1,1
459,620,1064 1,1,1
636,225,2853,6204 1,1,1,1
843,3883 1,1
1038,2711 1,1
1065,27321,958,2753 1,1,1,1
257,4,3379,462,22,82,172,474,22,82,442,2400,632,495,184,130,22,82,742,130,22,82,1985,130,22,82,10243,1361 1,1,31,1,1,1,11,1,1,1,1,1,1,1,13,1,1,1,1,1,1,1,12,1,1,1,1,1
137,4,2381,36,339,1214,28,2549,36,250,179,299,4,994 1,1,1,1,1,1,1,1,1,1,1,1,1,1
295,13,567,27322 1,1,1,1
113,3528,27,140,27,450 1,1,1,1,1,1
5844 14
11,430 1,1
11,2226,26,6703 1,1,1,1
128,299,4,773,10,1150,93,73,4,9,95,7,73,1365,11225,852,8,1654,4,276,738,492,3785,111,27323,574,788,3247,738,41,759,4,436,2,1442,202,4,2354,822 1,1,1,1,1,1,1,1,1,1,1,1,1,1,1,1,1,1,1,1,1,1,1,5,5,1,1,1,1,1,1,1,1,1,1,1,1,1,1
1504,2,966,90 1,1,1,1
112,4,330,694,4,418,44,4,1398,187,4,133,2,875,2,1325 1,1,1,1,1,1,1,1,1,1,1,1,1,1,1,1
2749,516,4,3384,2,11,79,181,4,11,571,2,11,484,323,4,916,4,759,4,413,2,15,1114,1581,10,5379,10,1135,48,1239,7106,4,1886,84,14,859,4326,6028,3195,7,2758,154,28,9909,2405,4,5856,123,7,223,4413,8243 1,1,1,1,1,1,1,1,1,1,1,1,1,1,1,1,1,1,1,1,1,1,1,1,1,1,1,1,1,1,1,1,1,1,1,1,1,1,1,1,1,1,1,1,1,1,1,1,1,1,1,1,1
8943,4,2775,952,5485,1984,28,2260,4274,2770,86,6671,1872 1,1,1,1,1,1,1,1,1,1,1,1,1
572,174,1673,2770 1,1,1,1
5906,5,5461,175 1,1,1,1
319,1796,214,817,10812 1,1,1,1,1
1702,4,7525,27,35,1409,28,14633,27,83,5616,48,3698,192,102,174,12577,27324 1,1,1,1,1,1,1,1,1,1,1,1,1,1,1,1,1,1
5856,6,6001,8243,2,48,31,6,15086,26,87,158,27325 1,1,1,1,1,1,1,1,1,1,1,1,1
773,10,881,885,7,87,134,2192,12,6,15087,9,27326,2,27327,15088,2,2162,8 1,1,1,1,1,1,1,1,1,1,1,1,1,1,1,1,1,1,1
7377,4,175,17,27328,5,83,10132,8327,4,382,10,27329,13687,3579,5,2873 1,1,1,1,1,1,1,1,1,1,1,1,1,1,1,1,1
951,4,591,4,6672,28,725,102,10,51,1203 1,1,1,1,1,1,1,1,1,1,1
773,10,8942,11575,3730,27330,1176,15089,1088,2,219,2,5074,4,570,952,1930,26,3294,28,11,2586,1654,4,466,175,10,688,1014,4444,4,1444,863,5526,4,992,175,4214,2,98,4,2376,43,2,3164,3978,3604,3440,4,4755,5,6683,275,2097,4,1559,1052,731,4,43,2780,5,1419,28,11,2781 1,1,1,1,1,1,1,1,1,1,1,1,1,1,1,1,1,1,1,1,1,1,1,1,1,1,1,1,1,1,1,1,1,1,1,1,1,1,1,1,1,1,1,1,1,1,1,1,1,1,1,1,1,1,1,1,1,1,1,1,1,1,1,1,1,1
11,3441,3165 1,1,1
590,2159,863 1,1,1
2112,10623,829,2572,48,519,85,55,476,3770 1,1,1,1,1,1,1,1,1,1
14568,3246,3959,2396,5569,6055,6736,15090,4242,5172,14569,157,83,83,83,83,83,83,83,83,83,83,54,83,83,83,83,83,83,83,83,83,83,2951,4,43,5,863,9,171,8,12,1203,2973,2,3999,2,4526,2,7324,5,1585 1,1,1,1,1,1,1,1,1,1,1,1,1,1,1,1,1,1,1,1,1,1,1,1,1,1,1,1,1,1,1,1,1,1,1,1,1,1,1,1,1,1,1,1,1,1,1,1,1,1,1,1
853,174,2180,4603 1,1,1,1
3635,4,879,5,870,175 1,1,1,1,1,1
2959,4373,27331 1,1,1
4501,4,2082,3768,2,14668,2,5,15091,175 1,1,1,1,1,1,1,1,1,1
672,4,2119,258,4,15092,649,2710,9,220,8,2,524,2127,9,46,8,2,824,980,9,220,8,2,689,1250,9,220,8,2,379,788,2,804,27332,2,770,4848,9,220,8,15092,335,27333,298,27334,2,266,4706,9,220,8,2,443,27335,1311,66,908,4,392,205,80,4,68,14,11,1052,5750,2,693,1716,2,160,7,180,9925,743,2,26,3103 1,1,1,1,1,1,1,1,1,1,1,1,1,1,1,1,1,1,1,1,1,1,1,1,1,1,1,1,1,1,1,1,1,1,1,1,1,1,1,1,1,1,1,1,1,1,1,1,1,1,1,1,1,1,1,1,1,1,1,1,1,1,1,1,1,1,1,1,1,1,1,1,1,1,1,1,1,1,1,1
7909,5,11545,53,2180,557,13,185,27336,228 1,1,1,1,1,1,1,1,1,1
68,14,11,4897 1,1,1,1
188,5701,769,4000,142,53,428,166 1,1,1,1,1,1,1,1
68,14,11,182,133,1377,388,26,27337,805 1,1,1,1,1,1,1,1,1,1
2180,3780,7,15,27338,11032,53,5802,166 1,1,1,1,1,1,1,1,1
10719,7831,7,6,27339,3735,5,6670,662,2064,53,90 1,1,1,1,1,1,1,1,1,1,1,1
68,14,225,27340 1,1,1,1
464,4,80,4622,2557,201,12,6,15093,2339,71,519,2264,859,796 1,1,1,1,1,1,1,1,1,1,1,1,1,1,1
979,8092,5,957,437,14,909 1,1,1,1,1,1,1
147,4,399,6075 1,1,1,1
11,518,142,26,513,1672 1,1,1,1,1,1
242,5,1348,4,1324,292,600,216,2532,3428,9,1350,1289,12,6,44,2,187,2,5,2853,4123,2,5,21,61,19,6980,8,2,3239,15085,103,522,104,279,13,363,236,7,734,1848,394,5,363,123,7,734,1872 1,1,1,1,1,1,1,1,1,1,1,1,1,1,1,1,1,1,1,1,1,1,1,1,1,1,1,1,1,1,1,1,1,1,1,1,1,1,1,1,1,1,1,1,1,1,1,1,1
73,686,17,657,1702,5,106,1872,173,134,2192 1,1,1,1,1,1,1,1,1,1,1
258,53,483,820,3037,5529,1113 1,1,1,1,1,1,1
392,205,483 1,1,1
23,158,1464,20,1447,10,55,373,218,239,10,11031,32,3119,256,2,645,68,20,411,6,1754,7,27341 1,1,1,1,1,1,1,1,1,1,1,1,1,1,1,1,1,1,1,1,1,1,1,1
18,21,31,39,15,540,2901,10,1021,17,2010,7,158,1113,2,5,110,37,18,21,15,2033,7,115,2,18,454,50,540,2901 1,1,1,1,1,1,1,1,1,1,1,1,1,1,1,1,1,1,1,1,1,1,1,1,1,1,1,1,1,1
18,454,85,50,63,691,32,15,27342,26,3049,551,14,983,380,1187 1,1,1,1,1,1,1,1,1,1,1,1,1,1,1,1
38,519,55,15,268,2893,353,10,14109,12,6,644,7,5612,453,42,657,25,74,2,48,38,454,55,15,494,7,27343 1,1,1,1,1,1,1,1,1,1,1,1,1,1,1,1,1,1,1,1,1,1,1,1,1,1,1,1
464,6465,15,1970,7,15093,2557,3925,380,1334,2,48,13,43,298,2,11,2450,864,74,26,250,2,5,11,508,2,47,880,84,14,2081,37,18,21,1334,5,40,207,1737 1,1,1,1,1,1,1,1,1,1,1,1,1,1,1,1,1,1,1,1,1,1,1,1,1,1,1,1,1,1,1,1,1,1,1,1,1,1,1,1
4332,23,672,4332,2007,27344,17,3302,426,5,7328,2939,384,17,1317,426,4910,19,1137,27345,27346,7,6,1319,27347,7874,282,2155,548,2901,457,27348,2741,1914,8581,470,1416,9206,2833,6050,1885,2,4509,705,46,27349,4770,949,427,8914 1,1,1,1,1,1,1,1,1,1,1,1,1,1,1,1,1,1,1,1,1,1,1,1,1,1,1,1,1,1,1,1,1,1,1,1,1,1,1,1,1,1,1,1,1,1,1,1,1,1
