69,49,4,27255,305,470,99,414,4,7700,4478,512,46,4,11024,49,7,605,4,15061,49,7,470,4,27256,581,17,470,4,3428,30,7,156,360,4,14712,4478,14,15,214,779,1569,292,528,637,182,17,15,494,7,3428,65,15,1016,7141,19,23,52,568,168,12,1426 1,1,1,1,1,1,1,1,1,1,1,1,1,1,1,1,1,1,1,1,1,1,1,1,1,1,1,1,1,1,1,1,1,1,1,1,1,1,1,1,1,1,1,1,1,1,1,1,1,1,1,1,1,1,1,1,1,1,1,1,1,1
18,1487,543,15,8129,12,1589,7,38,200,17,8157,1289,71,6,1994,20,85,557,13,3428 1,1,1,1,1,1,1,1,1,1,1,1,1,1,1,1,1,1,1,1,1
18,156,17,233,7,263,34,37,21,61,156,17,198,48,1795,12637,5875,15,101,10,6,303,674 1,1,1,1,1,1,1,1,1,1,1,1,1,1,1,1,1,1,1,1,1,1,1
1256,4478,267,37,191,6,78,451,198,18,21,61,4166,121,274,2,859,7185,2,420,1112,5,713 1,1,1,1,1,1,1,1,1,1,1,1,1,1,1,1,1,1,1,1,1,1,1
16,263,34,14,1802,32,15,1929,10,6173,34,37,321,12,23,70,663,2,3806,10,23,2223,5,4514,53,5,237,23,52,663 1,1,1,1,1,1,1,1,1,1,1,1,1,1,1,1,1,1,1,1,1,1,1,1,1,1,1,1,1,1
281,84,14,1006,627,13,272,5,402 1,1,1,1,1,1,1,1,1
18,88,300,167,21,39,106,572,13,2438,5,106,1277,136,141,48,38,14,1916,31,15,860 1,1,1,1,1,1,1,1,1,1,1,1,1,1,1,1,1,1,1,1,1,1
499,14,85,27257,17,1652,71,53,188,5,9309,362,7,71,53,2539,10,5155 1,1,1,1,1,1,1,1,1,1,1,1,1,1,1,1,1,1
499,4,12,790,355,483 1,1,1,1,1,1
78,89,30,4,116,2,254,9,216,43,415,215,12,78,8,2,396,2,685,2,620,1064,2,9016,9570,2,225,2853,6204,2,81,341,311,591,2,3428,78,545,30,4,103,3562,27258,1466,2601,2,103,52,1188,911,15046,77,9,231,8,4,4671,447,22,513,579,492,2990,130,22,405,107,184,130,22,25,107,635,130,22,283,1606,284,22,25,107,1116,130,22,25,107,27259,3947,7941,1345,335,2294,888,137,4,2335,1757,339,1214,128,30,4,1202,98,51,27260,2,1202,15062,311,591,2,4775,15062,311,591,2,1343,27261,335,2,1343,27262,3868,2,477,650,798 1,1,1,1,10,1,16,1,1,1,1,1,1,1,1,1,1,1,1,1,1,1,1,1,1,1,1,1,1,1,4,4,4,4,4,1,1,1,1,1,1,1,1,1,1,1,1,1,1,1,1,1,1,1,1,1,1,1,1,1,1,1,1,1,1,1,1,13,1,1,1,1,12,1,1,1,23,1,1,1,1,1,1,1,1,1,6,6,1,1,1,1,1,1,1,1,1,1,1,1,1,1,1,1,1,1,1,1,1,1,1,1,1,1,1,1,1,1,1,1,1,1,1,1,1,1,1,1
11,299,7,6764,26,3076,12,6,128 1,1,1,1,1,1,1,1,1
179,30,4,6,29,14,15,6060,3798,13,15,105,200,2069,10,27263,1374 1,1,1,1,1,1,1,14,14,1,1,1,1,1,1,1,1
6,29,21,11,334,3313,2069 1,1,1,1,1,1,1
6,29,14,3833,13,938,726,5,14,994,65,23,1590,3221,27,8982,74 1,1,1,1,1,1,1,1,1,1,1,1,1,1,1,1,1
18,20,3741,12,9078,5656,10,27264,12,6,196,74,5,6,316,1083,18,21,7357,20,27265 1,1,1,1,1,1,1,1,1,1,1,1,1,1,1,1,1,1,1,1,1
11,3076,3807,26,328,811 1,1,1,1,1,1
416,18,39,61,2415,17,3076,12,6,78,159,146 1,1,1,1,1,1,1,1,1,1,1,1
11,27266,2069 1,1,1
93,122,4,520,359,4,4926,289,1993,111,5780,574,564,1048,1080,41,628,224,893,4,436,202,4,725,2,570,2,901,2799,992,175,181,4,619,5,682,112,4,330,226,4,745,193,118,4,418,1268,11,1058,187,4,1381,2,133,2,1006,277,11,8615,1031,4,918,217,4,11,1505,323,4,10401,98,102,11,3499,731,26,1099,1479 1,1,1,1,1,1,1,1,1,1,1,1,1,1,1,1,1,1,1,1,1,1,1,1,1,1,1,1,1,1,1,1,1,1,1,1,1,1,1,1,1,1,1,1,1,1,1,1,1,1,1,1,1,1,1,1,1,1,1,1,1,1,1,1,1,1,1,1,1,1,1,1,1,1,1,1,1
1394,1011,4,298,2127,4723,854,266,2108,443,12301,289,2163,54,2298,661,3101,649,2185,524,2129,824,2658,689,1680,379,854,792,15022,770,27267,335,2796,22,1571,2007,105,2877,14296,1047,548,389,1964,13901,66,65,8141,2945,8097,27268,102,27269,3793,27270,5817,2675,1470,41,4985,27271,1645,41,1483,1182,1194,27272,52,2037,14,350,2109,27273 1,1,1,1,1,1,1,1,1,1,1,1,1,1,1,1,1,1,1,1,1,1,1,1,1,1,1,1,1,1,1,1,1,1,1,1,1,1,1,1,1,1,1,1,1,1,1,1,1,1,1,1,1,1,1,1,1,1,1,1,1,1,1,1,1,1,1,1,1,1,1,1
68,27274,5724,52,719,1520 1,1,1,1,1,1
1172,52,27275,14,43 1,1,1,1,1
6,2124,872,1177,14,284,41 1,1,1,1,1,1,1
68,53,27276,816,721,1113 1,1,1,1,1,1
355,483 1,1
205,187,27277,15061,320,4,161,27278,1866,1393,132,27279,2,6470,2,5,876 1,1,1,1,1,1,1,1,1,1,1,1,1,1,1,1,1
584,557,13,566,2177,553,218,2715 1,1,1,1,1,1,1,1
165,876,5880 1,1,1
186,263,780,2,264,136,158,708,2,176,55,557,13,1607,7,334,6764,2,2177,2475 1,1,1,1,1,1,1,1,1,1,1,1,1,1,1,1,1,1,1,1
249,2853,1064,2,869 1,1,1,1,1
205,44,27280,320,4,161,4071,2,225,4614,2,2306,2,4757,2,5,7506,1289,218,4297,2255,2282,271,3428,124,6,29,439,5,263,2886 1,1,1,1,1,1,1,1,1,1,1,1,1,1,1,1,1,1,1,1,1,1,1,1,1,1,1,1,1,1,1
165,225,2853,1064 1,1,1,1
6203,4,27281,9327,494,4,710,2752,15063,403,15064,897,799,2,911,348,9,317,27282,8,4,897,2523,13,15065,15066,9,125,99,8,27283 1,1,1,1,1,1,1,1,1,1,1,1,1,1,1,1,1,1,1,1,1,1,1,1,1,1,1,1,1,1,1
2752,15063,403,15064,897,799,2,911,348,4,897,2523,13,15065,15066,9,125,99,8 1,1,1,1,1,1,1,1,1,1,1,1,1,1,1,1,1,1,1
320,4,1256,4478,14,15,779,1569,292,528,13,911,4577,27284,27285,12,15,52,568,1016,5,4071,897,799 1,1,1,1,1,1,1,1,1,1,1,1,1,1,1,1,1,1,1,1,1,1,1,1
1964,467,20,31,1156 1,1,1,1,1
278,2,299,14,31,1905,7,78,9209,328,811 1,1,1,1,1,1,1,1,1,1,1
979,4220,214,1905,7,2532,3428 1,1,1,1,1,1,1
27,38,95,18,113,31,50,63,559,5621,17,6764,522,48,18,176,1525,5796,65,252,262,1900 1,1,1,1,1,1,1,1,1,1,1,1,1,1,1,1,1,1,1,1,1,1
27,38,95,18,14,4288,10,247,1900,86,3468,84,13,23,128,5,58,9017 1,1,1,1,1,1,1,1,1,1,1,1,1,1,1,1,1,1
1348,4,7129,539,91,691,124,23,299,7,396,32,91,6764,14,63,559,5621,17,522 1,1,1,1,1,1,1,1,1,1,1,1,1,1,1,1,1,1,1,1
7129,1491,2620,1860,7129,1491,1312,517,1674,25,2048 1,1,1,1,1,1,1,1,1,1,1
40,1022,38,241,13,29,5,128,1775 1,1,1,1,1,1,1,1,1
68,14,11,15067,17,522,27,38,95,5,92,519,27286,532,58,9017,14,1509,10,3886,13,1256,4478 1,1,1,1,1,1,1,1,1,1,1,1,1,1,1,1,1,1,1,1,1,1,1
7129,85,1491,2381,1210,434,18,14,19,1441,271,462,22,25,517 1,1,1,1,1,1,1,1,1,1,1,1,1,1,1
35,4598,27287 1,1,1
3538,207 1,1
1152,329,17,38,5782,470 1,1,1,1,1,1
361,750,13,1135 1,1,1,1
29,201,5994,5,1533,285,13,58,12045 1,1,1,1,1,1,1,1,1
3743,5850,5049,2,195,305,1117,441,7,305,203,6054,46,27288 1,1,1,1,1,1,1,1,1,1,1,1,1,1
