69,49,4,27289,1615,3360,2,2942,15068,8802,2,96 1,1,1,1,1,1,1,1,1,1,1,1
5025,15069,4479,1308,538,1481,7191,1142,15070,2,9984,15071,536,4,7700,4478,27290,828,58,8802,4,47,701,7700,4478,80,12,1524,1628,6,1754,7,11025 1,1,1,1,1,1,1,1,1,1,1,1,1,1,1,1,1,1,1,1,1,1,1,1,1,1,1,1,1,1,1,1,1
18,774,13,23,567,104,27291,13,6,30 1,1,1,1,1,1,1,1,1,1
47,40,163,23,30,17,6,69 1,1,1,1,1,1,1,1
18,14,15,7305,4245,407,104,20,1888,27,6,4770,12,1231,2942,17,233,7,972,5,731,5058,2,1702,274,2,5,121,274 1,1,1,1,1,1,1,1,1,1,1,1,1,1,1,1,1,1,1,1,1,1,1,1,1,1,1,1,1
23,567,586,37,18,39,15072,191,6,408,7,15,376,26,248 1,1,1,1,1,1,1,1,1,1,1,1,1,1,1
23,1445,14554,423,2,5,18,1795,3760,19,23,744,2,5,23,1702,15072 1,1,1,1,1,1,1,1,1,1,1,1,1,1,1,1,1
38,27292,12,15,1111,12,1231,5875,23,950 1,1,1,1,1,1,1,1,1,1
432,37,950,15,392,205,19,15073,20,1547,483 1,1,1,1,1,1,1,1,1,1,1
9,68,14,149,10883,19,84 1,1,1,1,1,1,1
8,63,691,7,6,1319,19,8633,227,15,451,10836,7,5718,6057,12,6,52,11026 1,1,1,1,1,1,1,1,1,1,1,1,1,1,1,1,1,1,1
68,20,11,1138,6786 1,1,1,1,1
38,20,557,13,350,1261,551 1,1,1,1,1,1,1
4207,227,1848,5058,7,6,4737,12,6,15074,5,3430,502,13,11,9018,2498 1,1,1,1,1,1,1,1,1,1,1,1,1,1,1,1,1
63,2901,227,43,358,9,1182,8,2,251,975,9,2197,8,2,15075,11027,9,15076,298,2,15077,41,6589,2,15078,41,6549,2,5,4496,41,4962,8,5,8992,615 1,1,1,1,1,1,1,1,1,1,1,1,1,1,1,1,1,1,1,1,1,1,1,1,1,1,1,1,1,1,1,1,1,1,1,1,1
3490,1047,20,43 1,1,1,1
1314,129,66 1,1,1
3490,15079,20,66 1,1,1,1
490,18,21,15,30,7,3428,2,84,20,1447,37,38,218,6645,11025 1,1,1,1,1,1,1,1,1,1,1,1,1,1,1,1
18,20,321,19,517,130,22,82 1,1,1,1,1,1,1,1
23,567,21,166,106,1051,12,23,1445,5,10135,136,1312,6,517,2,48,18,836,1138 1,1,1,1,1,1,1,1,1,1,1,1,1,1,1,1,1,1,1,1
18,21,10995,6,517,10,109,22,82,110 1,1,1,1,1,1,1,1,1,1
5773,6,489,426,80,2,47,125,37,598,63,6846,20,11028,2,15,11029,20,318,2,5,6,5874,9019,968,9,11030,8,20,85,318,27,6,1120,282 1,1,1,1,1,1,1,1,1,1,1,1,1,1,1,1,1,1,1,1,1,1,1,1,1,1,1,1,1,1,1,1,1,1,1
18,5,23,567,53,2102,7,11,158,30,7,4473 1,1,1,1,1,1,1,1,1,1,1,1
150,426,432,23,950,1717,252,1995,649,9,3296,8,5,22,9,1792,8,2,43,632,1227,2,1804,2,1005,2,5,2007,9,105,8 1,1,1,1,1,1,1,1,1,1,1,1,1,1,1,1,1,1,1,1,1,1,1,1,1,1,1,1,1,1,1
3490,6739,6641,20,66 1,1,1,1,1
1015,20,251,27,15080,18,21,15,30,7,1284,781,168,1262,159 1,1,1,1,1,1,1,1,1,1,1,1,1,1,1
1975,10,23,567,2,18,39,15,181,505,8332,65,1787,23,52,568,173,248,159,146 1,1,1,1,1,1,1,1,1,1,1,1,1,1,1,1,1,1,1,1
1249,2,38,227,27293,7295,2,5,37,14,151,6,494,7,3428,20,523,1074 1,1,1,1,1,1,1,1,1,1,1,1,1,1,1,1,1,1
18,237,39,15,27294,19,27295 1,1,1,1,1,1,1
911,7,4071,799,227,14467,2715,86,27296,5406,2,8653,6,494,7,3428 1,1,1,1,1,1,1,1,1,1,1,1,1,1,1,1
18,21,311,591,120,2,116,2,789,2,685,2,5,18,21,39,15,620,2768 1,1,4,4,4,1,10,1,16,1,1,1,1,1,1,1,1,1,1
23,231,77,53,517,109,22,82,2,172,474,22,82,2,27297,2,310,2,607,2,27298,2,1703,2,632,495,2,442,27299,2,888,2,5,63,1361,17,23,1284,32,865 1,1,1,1,1,1,1,1,1,11,1,1,1,1,31,1,20,1,22,1,13,1,12,1,1,1,1,1,1,1,1,1,1,1,1,1,1,1,1,1
18,14,2665,10,2335,2392,5,10,2549,850,1512 1,1,1,1,1,1,1,1,1,1,1
68,14,11,30,7,1146,10,2520 1,1,1,1,1,1,1,1
23,3951,362,587,7,106,311,7,332 1,1,1,1,1,1,1,1,1
68,14,11,128,30,7,3428,26,7,899,76 1,1,1,1,1,1,1,1,1,1,1
18,14,15,14886 18,18,18,18
18,21,938,726 1,1,1,1
18,1109,10,500,17,8982,74 1,1,1,1,1,1,1
18,110,295,13,15,567 1,1,1,1,1,1
18,21,39,11,134,508,26,469 1,1,1,1,1,1,1,1
23,121,21,61,185,5,23,1077,199 1,1,1,1,1,1,1,1,1
68,14,11,30,7,939,44,34,26,396 1,1,1,1,1,1,1,1,1,1
68,14,11,30,7,250,2,366,2,272,2,402,2,26,435 1,1,1,1,1,1,1,1,1,1,1,1,1,1,1
18,21,39,11,484,26,757,115 1,1,1,1,1,1,1,1
296,5494,2,135 1,1,1,1
111,27300 1,1
18,14,463 1,1,24
2583,2,1841,2,5,1184,53,90 1,1,1,1,1,1,1,1
68,53,11,1478,229 1,1,1,1,1
6,112,14,330,13,275,293,243,5,11,229 1,1,1,1,1,1,1,1,1,1,1
68,53,856,193 1,1,1,1
6,118,14,135,13,11,417 1,1,1,1,1,1,1
6,187,14,599 1,1,1,1
6,217,53,43 1,1,1,1
68,14,224,6573,5058 1,1,1,1,1
18,14,646,10,95,2,6139,37,18,1302,6,49,664,42,248,123,32,4942,10300,18,14,646,10,1083 1,1,1,1,1,1,1,1,1,1,1,1,1,1,1,1,1,1,1,1,1,1,1,1
18,14,14632 1,1,1
18,14,382,10,15081,6,198,12,1731,2,48,18,1302,1376,1634,10,15081,1406,12,5284 1,1,1,1,1,1,1,1,1,1,1,1,1,1,1,1,1,1,1,1
18,21,2323,27301,183,4989,2,5,18,3698,316,51,7,183,117,497,606 1,1,1,1,1,1,1,1,1,1,1,1,1,1,1,1,1
68,14,11,6673 1,1,1,1
18,319,31,3503,14777,14778,5,23,3503,7,15,10926,14779,482,657,27302,27303 1,1,1,1,1,1,1,1,1,1,1,1,1,1,1,1,1
6,901,2799,53,275 1,1,1,1,1
6,1237,53,102,675,5,2432,1221 1,1,1,1,1,1,1,1
6,2301,53,1073,2445 1,1,1,1,1
6,568,1445,53,275,5,14573,13,11,1930,28,27304,1129,53,27305 1,1,1,1,1,1,1,1,1,1,1,1,1,1,1
1188,466,14,175 1,1,1,1
1188,3500,14,43,5,863 1,1,1,1,1,1
895,14,992,175 1,1,1,1
8019,5,11751,968,53,43 1,1,1,1,1,1
6,3164,3978,43 1,1,1,1
13494,14,156 1,1,1
6,13408,5,15082,3500,53,43 1,1,1,1,1,1,1
6,1559,4215,12,6,1052 1,1,1,1,1,1
976,2780,2,1419,2,5,3500,53,43 1,1,1,1,1,1,1,1,1
68,14,15,27306,2,27307,2781,12,3899,5,468 1,1,1,1,1,1,1,1,1,1,1
870,5,7439,466,53,1459,12,6,197,217,13,15,27308,4338 1,1,1,1,1,1,1,1,1,1,1,1,1,1
1355,53,43,9,8976,8,5,863,12,6,412,217,5,27,6,1389,5,1849,27,6,1585 1,1,1,1,1,1,1,1,1,1,1,1,1,1,1,1,1,1,1,1,1
2051,4841,53,5043 1,1,1,1
2903,14,175 1,1,1
3442,14,66 1,1,1
672,5,9707,53,43 1,1,1,1,1
23,9019,215,17,4473,1493,168,318,65,6,950,12,1231 1,1,1,1,1,1,1,1,1,1,1,1,1
136,4473,2,1431,2,519,1489,27309,27310,2,5,18,21,2159,21,4473,27,106,845,12,6,78,71,20,1664,8936,2,38,6465,106,3869,173,6,494,7,3428 1,1,1,1,1,1,1,1,1,1,1,1,1,1,1,1,1,1,1,1,1,1,1,1,1,1,1,1,1,1,1,1,1,1,1,1
47,40,163,37,1144,13,329,5,13,608,2,9017 1,1,1,1,1,1,1,1,1,1,1,1
18,39,3490,11027,12,1231 1,1,1,1,1,1
13,37,5,6,318,9019,215,9,11030,8,2,18,40,301,15,275,408,7,3525,2046,17,2249,27311 1,1,1,1,1,1,1,1,1,1,1,1,1,1,1,1,1,1,1,1,1,1,1
47,40,1022,10406,17,380,1287,583,7,27312,13,15,6035,1597,5,1287,3748,3137 1,1,1,1,1,1,1,1,1,1,1,1,1,1,1,1,1,1
1628,23,301,17,517,2,47,880,37,40,8126,19,1082,3903,7,6,494,7,3428,12,688,7,38,280,494 1,1,1,1,1,1,1,1,1,1,1,1,1,1,1,1,1,1,1,1,1,1,1,1,1
108,6,160,7,3428,14,31,2299,13,38,4090,494,2,237,92,319,114,10,991,6,408,7,2046,5,2651,5,3216,6,517,5,237,207,23,979,408,2,23,3490,2,5,23,4473,14837 1,1,1,1,1,1,1,1,1,1,1,1,1,1,1,1,1,1,1,1,1,1,1,1,1,1,1,1,1,1,1,1,1,1,1,1,1,1,1,1,1,1,1
2726,2,65,6,691,7,8633,2,482,15,1450,7,5426,5427,7,5718,6057,12,6,52,11026 1,1,1,1,1,1,1,1,1,1,1,1,1,1,1,1,1,1,1,1,1
472,53,373,557,13,350,1261,958,2753 1,1,1,1,1,1,1,1,1
18,21,306,328,811,17,2433,350,1261,76,5,551,2,48,12,6,2954,7,23,4655,3490,5,160,7,158,4473,2,92,3172,85,539,3474,4473,32,6,218,1489,7,38 1,1,1,1,1,1,1,1,1,1,1,1,1,1,1,1,1,1,1,1,1,1,1,1,1,1,1,1,1,1,1,1,1,1,1,1,1,1,1
47,209,1491,522,110,13,15,27313,408,7,10736,9,12002,5548,190,15,107,8,2046 1,1,1,1,1,1,1,1,1,1,1,1,1,1,1,1,1,1,1
18,14,2052,19,517,71,1279,907,10,3661,87,380,27314,1566 1,1,1,1,1,1,1,1,1,1,1,1,1,1
47,880,37,108,18,836,185,117,6,3597,7,23,2520,364,2,237,92,319,114,10,2651,5,237,3216,6,517,2,10,207,23,1737,5,13,2304,2901,2,5,2739,87,301,17,1378,5720,364,19,23,408 1,1,1,1,1,1,1,1,1,1,1,1,1,1,1,1,1,1,1,1,1,1,1,1,1,1,1,1,1,1,1,1,1,1,1,1,1,1,1,1,1,1,1,1,1,1,1
1152,329,17,38,1524 1,1,1,1,1
1027,2,15083,15084,2,96 1,1,1,1,1,1
