69,49,4,27419,81,583,470,384,963,42,608,4673,10,125,6,29,17,2262,13,583,7,81,341 1,1,1,1,4,1,1,1,1,1,1,1,1,1,1,1,1,1,1,1,1,4,4
18,14,3090,393,885,7,89,30,31,1509,150,271,1127,47,319,433,65,89,1276,5,23,2972,104,53,13,23 1,1,1,1,1,1,1,1,1,1,1,1,1,1,1,1,1,1,1,1,1,1,1,1,1,1
234,27420,307,528,29,13,15,30,7,81,971,75,695,28,105,159,146 1,1,1,1,1,1,1,1,1,4,1,1,1,1,1,1,1
29,14,480,13,333,5,802,2332,2392,27,140 1,1,1,1,1,1,1,1,1,1,1
158,10,141,29,20,290,310,447,22,2048 1,1,1,1,1,1,20,1,1,1
29,968,67,358,27,140,48,457,905 1,1,1,1,1,1,1,1,1
29,21,27421,39,134,534,7,1403 1,1,1,1,1,1,1,1
64,21,334,981,2,1358,26,527 1,1,1,1,1,1,1,1
144,408,136,141,4,64,21,15,30,7,27422,409,76,13,911,5874,11035,19,140,651,97,51,236,5,517,136,27423,2,2113,103,225,475,6048,2,188,580,1570,2,5,103,6697,2849,10950,279,13,363,376,216,270 1,1,1,1,1,1,1,1,1,1,1,1,1,1,1,1,1,1,1,1,1,1,1,1,1,1,1,1,1,1,1,1,1,1,1,1,1,1,1,1,1,1,1,1,1,1,1,1,1
18,416,734,270,136,13940,5,110,21,572,13,87,996 1,1,1,1,1,1,1,1,1,1,1,1,1
18,39,44,34,38,498,223,27,23,3035,27424,140,5,20,1121,27,1986 1,1,1,1,1,1,1,1,1,1,1,1,1,1,1,1,1
18,20,514,10,50,461,13,266,244,5,264,783,10,15099,64,20,514,10,55,421,5,14,537,480,13,219,235 1,1,1,1,1,1,1,1,1,1,1,1,1,1,1,1,1,1,1,1,1,1,1,1,1,1,1
20,971,13,27425,13,3333,318,17,27426,5,27427,27428 1,1,1,1,1,1,1,1,1,1,1,1
20,962,19,2198,237,1209,3501,10,3919,5,14441,17,259,236,408,9,4159,176,854,8,32,119,1070,4565 1,1,1,1,1,1,1,1,1,1,1,1,1,1,1,1,1,1,1,1,1,1,1,1
339,20,1976,17,1132,318,577,5,266,1593 1,1,1,1,1,1,1,1,1,1
48,191,6,408,7,144,1682,23,266,20,185,5,577,1132,66,393,339,2119,27429,23,4159,23,14,90,7,566 1,1,1,1,1,1,1,1,1,1,1,1,1,1,1,1,1,1,1,1,1,1,1,1,1,1
64,20,85,514,10,50,5041,385,5,14,19,27430,225,531,66 1,1,1,1,1,1,1,1,1,1,1,1,1,1,1
620,1016,13,8698,66 1,1,1,1,1
114,20,10,1480,23,10,997,5,1384,23,17,2849,151,18,14,90,7,566 1,1,1,1,1,1,1,1,1,1,1,1,1,1,1,1,1,1
48,2555,18,1007,890,2215,326,38,221,27431,5,1236,3090 1,1,1,1,1,1,1,1,1,1,1,1,1
18,20,1009,10,6,26,922,17,6447,2849 1,1,1,1,1,1,1,1,1,1
231,358,583,4,131,1685,2984,27,931,5657 1,1,1,1,6,1,1,1,1,1
373,134,1998,5310,231,1546,4,1222,498,562,3476,4,12796,2849,9,1250,150,6697,8,78,89,30,4,127 1,1,1,1,1,1,1,1,1,1,1,1,1,1,1,1,1,1,1,1,1,1,1,10
81,341,4,802,2578,522 4,4,1,1,1,1
1899 16
134,9493,364 1,1,1
1874,409,76,13,911,27432,11035 1,1,1,1,1,1,1
1407,2,580,1570,7,225,197,217,2,2945,668,1196 1,1,1,1,1,1,1,1,1,1,1,1
914 1
14214,3357,9,5259,8,4,27433,10595,78,545,30,4,225,475,1181,28,188,1254,7,882,28,70,2971,162,28,225,4546,4270,28,4547 1,1,1,1,1,1,1,1,1,1,1,1,1,1,1,1,1,1,1,1,1,1,1,1,1,1,1,1,1,1
128,30,4,11,128,30,7,178 1,1,1,1,1,1,1,1
179,30,4,30,7,671,245 1,1,1,32,32,32,32
109,1854,200,3795,309,30 32,32,32,32,32,32
6,29,14,15,994,1763,27434,12,27435,5,27436 1,1,1,1,1,1,1,1,1,1,1
295,1310,12,15,6843,1870 1,1,1,1,1,1
21,259,726,28,3431,2,4275,2340,42 1,1,1,1,1,1,1,1,1
137,4,3545,2,2520,2,27437,2,3309,1489,3121 1,1,1,1,1,1,1,1,1,1,1
7299,1757,2926 1,1,1
77,27,140,4,310,447,22,27438,501,27439,25,14215,184,491,25,6765,172,474,22,25,6765,787,130,22,25,6765,5505,83,22,25,6765,517,768,25,6765,635,105,22,25,6765,933,9,1116,8,105,22,25,6713,1286,9,1889,8,684,22,25,27440,4748,1639,190,25,6713,11036,749,83,22,25,82,499,499,14,66,820,32,166,12,234,26,944 1,1,1,1,20,1,1,1,7,1,1,1,13,1,1,1,11,1,1,1,1,1,1,1,1,1,25,1,1,1,1,1,1,1,1,12,1,1,1,1,1,1,1,1,1,1,1,1,1,1,1,1,1,1,1,1,1,1,1,1,1,1,1,1,1,1,1,1,1,1,1,1,1,1,1,1,1,1
2050,115,4,9,36,8,868,2,9,36,8,3732,5,1861,2,9,36,8,121,274,2,9,36,8,121,1313,2,9,261,8,11038,2,2583,2,1841,2,1414,2,1184,4,9,36,8,115,1393,1373,2,1841,2,1414,2,26,1184,1176,4,9,36,8,4213,862,2,9,36,8,27441,9,36,8,2324,522,562,4,9,36,8,4564,2,9,36,8,44,34,2,9,36,8,251,111,2,9,36,8,79,2,9,36,8,756,2,9,36,8,396,2,9,36,8,366,19,639,372,4,9,36,8,1106,2,9,36,8,250,2,9,261,8,255,7,194 1,1,1,1,1,1,1,1,1,1,1,1,1,1,1,1,1,1,1,1,1,1,1,1,1,1,1,1,1,1,1,1,1,1,1,1,1,1,1,1,1,1,1,1,1,1,1,1,1,1,1,1,1,1,1,1,1,1,1,1,1,1,1,1,1,1,1,1,1,1,1,1,1,1,1,1,1,1,1,1,1,1,1,1,1,1,1,1,1,1,1,1,1,1,1,1,1,1,1,1,1,1,1,1,1,1,1,1,1,1,1,1,1,1,1,1,1,1,1,1,1,1,1,1,1,1,1,1
1766,4,9,36,8,435,2,9,36,8,2366,2,9,36,8,613,2,9,36,8,402,2,9,36,8,272,2,1713,4,9,36,8,2639,1214,2,9,36,8,1949,2,9,36,8,682,181,2,9,36,8,1621,1214,3934,4,9,36,8,1609,1031,4,9,36,8,386,2598,2,9,36,8,976,34,2,9,36,8,757,34,1030,4,9,36,8,1872,2,9,36,8,868,2,9,36,8,12114,2,9,36,8,1839,2,9,36,8,803,3219,1067,5840,4,9,36,8,461,2,9,36,8,588,167,2,14007,4,9,36,8,484,2,9,36,8,27442,115,1734,4,9,261,8,438,2,9,36,8,1702,274,2,9,36,8,2071,8283,2665,1067,8443,4,9,36,8,2665,26,8443,115,93,122,224,4,29,14,3090,48,413,5,5899,13,27443,7,23,392 1,1,1,1,1,1,1,1,1,1,1,1,1,1,1,1,1,1,1,1,1,1,1,1,1,1,1,1,1,1,1,1,1,1,1,1,1,1,1,1,1,1,1,1,1,1,1,1,1,1,1,1,1,1,1,1,1,1,1,1,1,1,1,1,1,1,1,1,1,1,1,1,1,1,1,1,1,1,1,1,1,1,1,1,1,1,1,1,1,1,1,1,1,1,1,1,1,1,1,1,1,1,1,1,1,1,1,1,1,1,1,1,1,1,1,1,1,1,1,1,1,1,1,1,1,1,1,1,1,1,1,1,1,1,1,1,1,1,1,1,1,1,1,1,1,1,1,1,1,1,1,1,1,1,1,1,1,1,1,1,1,1,1,1,1,1,1,1,1,1,1,1,1,1
27444,121,4,27445,4063,973,4,276,12356,492,1529,111,27446,202,4,5481,7,1884,2583,821,11,1113 1,1,1,1,1,1,1,1,1,1,1,1,1,1,1,1,1,1,1,1,1,1
5481,7,2907,821,199,2559,1176,4,3026,2,2354,5,6719,53,43 1,1,1,1,1,1,1,1,1,1,1,1,1,1,1
11,2055 1,1
372,4,242,7,372,3770,821,1242,1851,86,245,7,2521,2395,5,11,10280,10281,166 1,1,1,1,1,1,1,1,1,1,1,1,1,1,1,1,1,1,1
694,4,246,2,253,324,2,11,387,1139,187,4,187,133,2,375,2,11,782,342,2,300,302,31,2125 1,1,1,1,1,1,1,1,1,1,1,1,1,1,1,1,1,1,1,1,1,1,1,1,1
181,4,11,181,484,2,619,5,682,181 1,1,1,1,1,1,1,1,1,1
11,4599,7374 1,1,1
1030,122,4,413,5,3971,2,2889,192,217,1734,4,773,10,1021,445,73,4,11,337,571,2,11,1346,2,11,4685 1,1,1,1,1,1,1,1,1,1,1,1,1,1,1,1,1,1,1,1,1,1,1,1,1,1,1
261,904,79 1,1,1
282,457,4,27447,804,27448,27449,1098,27450,298,27451,9,220,8,2,266,14987,9,220,8,242,311,51,120,75,46,410,28,2855,12,6,644,7,27452,27453,1900 1,1,1,1,1,1,1,1,1,1,1,1,1,1,1,1,1,1,1,1,1,1,1,1,1,1,1,1,1,1,1,1,1,1,1,1
1287,81,338,2646,10,55,3169,19,310,13,63,374,7,12350,23,2895,20,1039,251,304,966,598,12,419,502,151,3256,890,6,144,393,1092,84,14,1239,10,2296,310,151,3767,10,1418,140,40,301,10,55,1121 1,4,1,1,1,1,1,1,20,1,1,1,1,1,1,1,1,1,1,1,1,1,1,1,1,1,1,1,1,1,1,1,1,1,1,1,1,20,1,1,1,1,1,1,1,1,1,1
1348,161,126,131,1685,532,5029,46,102 1,1,1,6,1,1,1,1,1
51 1
15100,40,207,38,29,13,329 1,1,1,1,1,1,1
361,1357,15100,9,6054,46,27454,8,108,329,50,87,1135 1,1,1,1,1,1,1,1,1,1,1,1,1
