67,54,4,32365,8595,2014,168,83,78,1071,29,364,28,414,4,8700,3,2640,59,509,47,4,32366,54,4,7699,85,4,320,973,505,4,53,384,5357,411,3,110,53,384,5357,1004,5,907,8225,5206,162,594,4,30,7,61,328,4,1000,379,719,403,35,17069,2500,3,509,3,431,3,142,3,151,3,5105,3,2027,155,17070,3,5,545 1,1,1,1,1,1,1,1,1,1,1,1,1,1,1,1,1,1,1,1,1,1,1,1,1,1,1,1,1,1,1,1,1,1,1,1,1,1,1,1,1,1,1,1,1,1,1,1,1,1,1,1,1,1,1,1,1,1,1,1,1,1,1,1,3,1,7,7,4,1,15,1,1,1,1,1,1,1
18,38,4328,539,2058,183,3,5,132,2007,5,3515,185,13,170,384,34,3,367,411,12,53,384 1,1,1,1,1,1,1,1,1,1,1,1,1,1,1,1,1,1,1,1,1,1,1
18,21,68,1130 1,1,1,1
18,38,53,384,5357,1004,5,907,8225,5206,7699 1,1,1,1,1,1,1,1,1,1,1
4404,438,4,2065,4,2927,2609,3,32367,2257,4624,4,32368,669,1633,3,7656,7208,1633,3,12328,6723,1633,902,4,9473,448,483,4,11,907,4,1433,36,1681,141,272,34,179,4,9,36,8,621,260,33,110,32369,12,5927 1,1,1,1,1,1,1,1,1,1,1,1,1,1,1,1,1,1,1,1,1,1,1,1,1,1,1,1,1,1,1,1,1,1,1,1,1,1,1,1,1,1,1,1,1,1,1,1,1,1
17071,1841,438,639,17,386,371,606,1742,6967,1623,5,3683 1,1,1,1,1,1,1,1,1,1,1,1,1
9,58,8,1027,1504,33,504,10,170,509,43,713,12,12080,693,312,95,713,9,17072,8,66,4503,224,111,131,509,9,117,8,110,431,12,5927 1,1,1,1,1,1,1,1,1,1,1,1,1,1,1,1,1,1,1,1,1,1,1,1,1,1,1,1,1,1,3,3,3,3
162,17,48,34,27,4503,224,19,12468 1,1,1,1,1,1,1,1,1
3522,429,154,74,111,44,1070,97,88,2799,26,1911,1070,448 1,1,1,1,1,1,1,1,1,1,1,1,1,1
96,43,64,4071 1,1,1,1
80,3437,30,4,35,4,110,2500,2459,29,3108,2697,29,17071,1841,438,639,17,386,371,606,1742,6967,1623,5,3683 1,1,1,1,1,1,1,1,1,1,1,1,1,1,1,1,1,1,1,1,1,1,1,1,1,1
509,4,3342,10,170,43,713,12,12080,693,312,95,713,9,17072,8,66,4503,224,111,131,509,545,32370,19,452,110,431,12,5927 1,1,1,1,1,1,1,1,1,1,1,1,1,1,1,1,1,1,1,1,1,1,1,1,1,1,3,3,3,3
162,17,48,34,27,4503,224,19,12468 1,1,1,1,1,1,1,1,1
3522,429,154,74,111,44,1070,97,88,2799,26,1911,1070,448 1,1,1,1,1,1,1,1,1,1,1,1,1,1
96,43,64,4071 1,1,1,1
2027,155,76,4,4676,32371,42,3,96,43,64,8859,27,4503,224,14346,151,3,353,179,958,403,7,153,371,798,1157,3,110,931,3714,11078,3049,187,32372,2017,964,2868,1416,164,163,39,4,252,3,932,3,1868,3,32373,3,784,3,1052,3,1054,3,1223,3,554,8106,3,1332,3,487,127,4,2813,3,6637,3,7693,3,3846,3,1765,4021,30,4,11,3619,483,206,30,4,1732,4,58,32374,159,180,379,485,4,90,1113,4,90,81,7,182,4,122,282,77,4,701,4,523,1437,3,32375,3,1942,42,1929,718,207,4,922,227,4,665,3,863,48,4,751,1910,4,2463,589,213,362,4,31,246,114,4,60,1070 1,1,1,1,1,1,1,1,1,1,1,1,1,1,1,1,4,1,1,1,1,1,1,1,1,1,1,1,1,1,1,1,1,1,1,1,1,1,1,1,1,1,1,11,1,1,1,1,1,1,1,9,1,12,1,1,1,1,1,1,1,1,1,1,1,1,1,1,1,1,1,1,1,1,1,1,1,1,1,1,1,1,1,1,1,18,18,18,18,18,18,18,1,1,1,1,1,1,1,1,1,1,1,1,1,1,1,1,1,1,1,6,1,1,1,1,1,1,1,1,1,1,1,1,1,1,1,1,1,1,1,1,1,1,1,1,1,1,1,1,1
352,4,15,78,1071,29,1117,123,117,3,11,741,205,532,315,1042,149,4,32376,705,2152,3,592,2807,9,83,8,257,36,259,3,869,2030,3,769,8170,3,392,1214,3,888,10717,3,1680,1997,257,58,259,3,870,3765,9,83,8,257,36,259,295,1445,4,5050,32377,870,4211,9,83,8,12469,705,1952,3,592,2316,3,869,967,9,59,8,3,769,5098,3,392,680,3,888,7266,3,1680,2381,257,36,259,3,870,2030,17073,399,2636,3,22,32378,22,32379,1207,8292,3,4594,7908,3,9769,6871,9,83,8,3,9770,1979,3,9771,32380,9,83,8,3,7102,2078,3,560,2023,5396,9,59,8,17073,349,4114,3,734,31,359,3,560,775,10,2721,734,5383,3,6750,32381,3,333,4429,1125,3,6750,5390,9,59,8,3,653,31,359,3,786,31,359,3,823,31,17074,349,2811,3,734,12152,9,59,8,3,560,4196,9,59,8,3,333,5893,9,59,8,3,653,1490,3,786,7264,3,823,32382,536,32383,3,795,31,17074,536,12470,3,795,4044,9,83,8,12469,79,5179,9,83,8,3,1074,1715,3,1067,32384,2585,1706,3,3606,91,3,2452,72,3,2736,72,3,2635,72,3,5866,32385,3,2372,72,3,1838,32386,2858,72,3,3185,72,3,2453,72,3,1886,32387,4,32388,4,32389,1529,4,1057,53,692,400,14,44 1,1,1,1,1,1,1,1,1,1,1,1,1,1,1,1,1,1,1,1,1,1,1,1,1,1,1,1,1,1,1,1,1,1,1,1,1,1,1,1,1,1,1,1,1,1,1,1,1,1,1,1,1,1,1,1,1,1,1,1,1,1,1,1,1,1,1,1,1,1,1,1,1,1,1,1,1,1,1,1,1,1,1,1,1,1,1,1,1,1,1,1,1,1,1,1,1,1,1,1,1,1,1,1,1,1,1,1,1,1,1,1,1,1,1,1,1,1,1,1,1,1,1,1,1,1,1,1,1,1,1,1,1,1,1,1,1,1,1,1,1,1,1,1,1,1,1,1,1,1,1,1,1,1,1,1,1,1,1,1,1,1,1,1,1,1,1,1,1,1,1,1,1,1,1,1,1,1,1,1,1,1,1,1,1,1,1,1,1,1,1,1,1,1,1,1,1,1,1,1,1,1,1,1,1,1,1,1,1,1,1,1,1,1,1,1,1,1,1,1,1,1,1,1,1,1,1,1,1,1,1,1,1,1,1,1,1,1,1,1,1,1,1,1,1,1,1,1,1,1,1,1,1,1,1,1,1,1,1,1,1,1,1,1,1,1,1,1,1,1,1,1,1,1,1
6,1505,891,1138,14,12048,42 1,1,1,1,1,1,1
74,57,11,1177,766,759,448 1,1,1,1,1,1,1
6,621,735,197,10,52,15,60,2198,8042,735,13,44,400,9,1299,643,32390,32391,43,224,67,8 1,1,1,1,1,1,1,1,1,1,1,1,1,1,1,1,1,1,1,1,1,1,1
6,1263,6274,621,735,2803,14,32392,7261 1,1,1,1,1,1,1,1,1
6,1263,32393,621,735,3114,14,11937,1420 1,1,1,1,1,1,1,1,1
6,3082,621,735,3114,14,9558,1420 1,1,1,1,1,1,1,1
74,14,15690,621,765 1,1,1,1,1
1027,735,4,6,1027,735,14,131,717,1390 1,1,1,1,1,1,1,1,1,1
74,14,504,10,170,1027,1504,13,15,1935,32394,4,48,58,9870,4,12469,15065,155,4,6,155,1053,57,266,5,377,2047,5,1149,17,1704 1,1,1,1,1,1,1,1,1,1,1,1,1,1,1,1,1,1,1,1,1,1,1,1,1,1,1,1,1,1,1,1
74,14,1525,7,6,11212,3,75,550,1282,244,131,2027,93 1,1,1,1,1,1,1,1,1,1,1,1,1,1
74,14,11,741,737,2618,1991,10,508,854 1,1,1,1,1,1,1,1,1,1
6147,4,74,14,11,997,792,26,3034 1,1,1,1,1,1,1,1,1
130,5,3886,4,6,103,5041,14,630,44,406,12,978 1,1,1,1,1,1,1,1,1,1,1,1,1
621,735,5357,14,55 1,1,1,1,1
1083,4,74,57,131,1920,84,7,6,3674,4410 1,1,1,1,1,1,1,1,1,1,1
1462,14,55,12,6,326,66,169,540 1,1,1,1,1,1,1,1,1
339,4,284,244,131,2027,93 1,1,1,1,1,1,1
11,202,7,741,854 1,1,1,1,1
192,5,104,4,1000,379,719,403,35,17069,2500,3,509,3,431,3,142,3,151,3,5105,3,2027,155,17070,3,5,545 1,1,1,1,1,1,1,1,1,1,1,1,1,1,3,1,7,7,4,1,15,1,1,1,1,1,1,1
3,367,411,12,53,384 1,1,1,1,1,1
110,53,384,5357,1004,5,907,8225,5206,352,4,34,179,13,1720,4020,644,4,242,31,370,784,89 1,1,1,1,1,1,1,1,1,1,1,1,1,1,1,1,1,1,1,1,1,9,1
450,148 1,1
745,613,247,167,17,148,2370 1,9,1,1,1,1,1
1833,784,1560 1,9,1
1844,4,32395,3,86,2011,516,167 1,1,1,1,1,1,1,1
1107,4929,78,840,29,2060,42,153,4,450,7656 1,1,1,1,1,1,1,1,1,1,1
2112,78,840,29,829,32396 1,1,1,1,1,1
18,38,349,12,1779,1251 1,1,1,1,1,1
1347,1251,132 1,1,1
361,4,2608,32397,35,572 1,1,1,1,1,1
1120,4,450,349,3,86,3995,2572,4,450,7757,366,12,272,149 1,1,1,1,1,1,1,1,1,1,1,1,1,1,1
1883,4,450,2544,66,53,384 1,1,1,1,1,1,1
439,836 1,1
1107,560,78,840,29,995,1833,452,2370 1,1,1,1,1,1,1,1,1
32398,4,6682,125,592,231,6007,1326,4,1929,308,4,859,427 1,1,1,1,1,1,1,1,1,1,1,1,1,1
902,4,9473,32399,32400,4,4282,3,4367,3,962 1,1,1,1,1,1,1,1,1,1,1
726,161,4,296,2929,13020,11961,3,229,1010,385,3,8595,5883,710,47,32401 1,1,1,1,1,1,1,1,1,1,1,1,1,1,1,1,1
