69,49,4,27379,27380,2,27381,2,1935,858,391,4,255,7,194 1,1,1,1,1,1,1,1,1,1,1,1,1,1,1
47,1736,37,47,50,1538,5,755,6,29,2,177,6,427,74,2105,19,6,29,74,948,2,5,285,6,233,2,114,7,203,2,5,642,13,6,29 1,1,1,1,1,1,1,1,1,1,1,1,1,1,1,1,1,1,1,1,1,1,1,1,1,1,1,1,1,1,1,1,1,1,1,1
30,7,156,360,4,12,14232,2,38,14,15,779,3326,528,104,19,27382,543,63,541,676,1181,17,834,366,5,406,541,238 1,1,1,1,1,1,1,1,1,1,1,1,1,1,1,1,1,1,1,1,1,1,1,1,1,1,1,1,1
6,29,20,12,23,1054,1120,2,448,57 1,1,1,1,1,1,1,1,1,1
32,166,37,191,6,408,7,6,97,223,26,393,2,21,39,834,255,7,194,5,834,225,197,445,388 1,1,1,1,1,1,1,1,1,1,1,1,1,1,1,1,1,1,1,1,1,1,1,1,1
88,87,44,34 1,1,1,1
11,1251,2,11,892,2,5,11,1787,892 1,1,1,1,1,1,1,1,1,1
179,30,4,6,29,88,309,2,8416,1553,5,88,624,245 1,1,1,1,1,14,14,1,1,1,1,1,1,1
295,13,128 1,1,1
128,30,4,2350 1,1,1,1
78,89,30,4,81,2,541,238,2,127,2,5,168,34 1,1,1,1,4,1,1,1,1,10,1,1,1,1
78,545,30,4,134,2849,119,234 1,1,1,1,1,1,1,1
163,7,213,4,119,234 1,1,1,1,1,1
137,4,6,29,21,2046,2,10954,2,3545,2,5,2814,1146 1,1,1,1,1,1,1,1,1,1,1,1,1,1
77,4,6,29,14,19,306,77,2,71,563,184,2,172,2,787,2,5956,2,157,27383,2,1292,2,2596,2606,2,310,2,607,2,8764,2,5,632,1773,93,122,4,118,145,14,1470,2,1851,564,2,67,94,15096,2,1161,1304,14,1080,41,19,51,3128,2,5,870,14,1285 1,1,1,1,1,1,1,1,1,1,1,13,1,11,1,1,1,1,1,1,1,1,1,1,1,1,1,20,1,22,1,1,1,1,1,1,1,1,1,1,1,1,1,1,1,1,1,1,1,1,1,1,1,1,1,1,1,1,1,1,1,1,1,1
202,14,1125,2,43,10,5481,2,43,2444 1,1,1,1,1,1,1,1,1,1
112,14,330 1,1,1
226,4,476,662,8025,13,2181,942 1,1,1,1,1,1,1,1
187,14,463 1,1,1
11,1739,5,11,1592 1,1,1,1,1
445,73,482,171,2439,79,19,225,197,217 1,1,1,1,1,1,1,1,1,1
66,12324,5,66,1382,27384,2,171,2493,2293,243,193 1,1,1,1,1,1,1,1,1,1,1,1
489,467,4,258,1164,15,358,7,1332,2,379,7,1408,2,331,7,35,2,397,4079,2,633,1982,2,749,1993,2,867,1439,2,1827,14,4503,2,442,4329,2,783,14,553,271,3553 1,1,1,1,1,1,1,1,1,1,1,1,1,1,1,1,1,1,1,1,1,1,1,1,1,1,1,1,1,1,1,1,1,1,1,1,1,1,1,1,1,1
769,830,7,4072,2,835,7,7753,2,5,2526,830,7,27385,1060,14,10607,1311,20,66 1,1,1,1,1,1,1,1,1,1,1,1,1,1,1,1,1,1,1,1
44,810,482,11,3613,5,149,343,27386,48,11,160,7,79 1,1,1,1,1,1,1,1,1,1,1,1,1,1
763,494,4,27,38,95,2,255,7,194,2,380,714,4233 1,1,1,1,1,1,1,1,1,1,1,1,1,1
642,4,265,10,144 1,1,1,1,1
630,19,377,4,199 1,1,1,1,1
526,4721,2,1935,96 1,1,1,1,1
495,4,27387,276,4,27388,597,42,4,4721,2,1935,813,27389,1852,232,31,177,42,240,312,232 1,1,1,1,1,1,1,1,1,1,1,1,1,1,1,1,1,1,1,1,1,1
