67,54,4,32430,32431,3,32432,3,6600,6,28,20,221,13,64,15966 1,1,1,1,1,1,1,1,1,1,1,1,1,1,1,1
385,82,55,20,81 1,1,1,1,1
6,28,20,221,5,101,43,271 1,1,1,1,1,1,1,1
395,122,6,385,82,55,17,402,7,6,28,82,80,39,3,206,3,150,30,3,81,7,182,3,5,102,77 1,1,1,1,1,1,1,1,1,1,1,1,1,1,1,1,1,1,1,1,1,1,1,1,1,1,1
730,234,4,177,84 1,1,1,1,1
30,7,61,328,4,40,14,15,3533,428,13,15,30,7,58,937,419,12,6,80,3,106,5,365,393,121,61,13,1014,113,7,190,2271,139,1429 1,1,1,1,1,1,1,1,1,1,1,1,1,1,1,1,1,1,1,1,1,7,1,15,15,1,1,1,1,1,1,1,1,1,1
18,1031,949,15760,124,13,40,234,89,3,14,15,954,1063,3747,51,90,88,48,34,3,226,7,184,3,990,3,300,3,375,3,303,34,3,446,3,648,3,437,19,380,3,95,84,12,24,39,26,88,174,234 1,1,1,1,1,1,1,1,1,1,1,1,1,1,1,1,1,1,1,1,1,1,1,1,1,1,1,1,1,1,1,1,1,1,1,1,1,1,1,1,1,1,1,1,1,1,1,1,1,1,1
89,3,18,38,6,116,5,20,221,27,6,1987,668 1,1,1,1,1,1,1,1,1,1,1,1,1
62,177,20,582,74,17,75,18,20,781,425,13,15,1164,7,15,1552,2575,12,2712,5,2611 1,1,1,1,1,1,1,1,1,1,1,1,1,1,1,1,1,1,1,1,1,1
74,753,10,52,1036,849,147,2729,5,2611 1,1,1,1,1,1,1,1,1,1
1036,197,3659,3,51,74,14,15,416,1552,2575,12,1146,237,52,2729,5,2712,3,75,753,10,52,301,66,169,177 1,1,1,1,1,1,1,1,1,1,1,1,1,1,1,1,1,1,1,1,1,1,1,1,1,1,1
849,7,1036,550,31,52,660,27,12471 1,1,1,1,1,1,1,1,1
6,28,20,781,12,425,5,953,48,34,770,5,376,1497 1,1,1,1,1,1,1,1,1,1,1,1,1,1
80,39,30,4,106,3,365,393,3,803,3,1013,3,937,419,1634,3,361,432,12,6,80,3,2070,3,5,895,1271 1,1,1,1,7,1,15,15,1,1,1,1,1,1,1,1,1,1,1,1,1,1,1,1,1,1,1,1
80,591,30,4,100,486,384,938 1,1,1,1,1,1,1,1
206,30,4,18,14,15,80,1095,3,636,157,357 1,1,1,5,5,5,5,5,1,1,1,1
245,1272 1,1
150,30,4,885,35,6,28,14,5457 1,1,1,1,1,1,1,1,1
81,7,182,4,376,3,72,708,17,128,3659 1,1,1,1,1,1,1,1,1,1,1
39,4,6,28,49,32433,3,962,3,512,3,274,3,4072,3,1054,3,4543,3,6320,3,5,736 1,1,1,1,1,1,1,1,1,1,1,9,1,1,1,1,1,1,1,1,1,1,12
127,4,200 1,1,1
102,101,4,18,14,1130,3,44,5,211,316,205 1,1,1,1,1,1,1,1,1,1,1,1
133,1476,5,63,94,10230 1,1,1,1,1,1
980,3,410,3,12,11,342 1,1,1,1,1,1,1
24,77,14,1864,569,158,91,5,877,184,327,3,44,910,5,145,156,5,239 1,1,1,1,1,1,1,1,1,1,1,1,1,1,1,1,1,1,1
11,213,19,103,101 1,1,1,1,1
214,14,152,5,396 1,1,1,1,1
196,14,617,3,683,3,5,204,708,17,128,8607,243,37,57,302 1,1,1,1,1,1,1,1,1,1,1,1,1,1,1,1
18,21,11,975,93,5,6,427,7,24,101,14,1864,569 1,1,1,1,1,1,1,1,1,1,1,1,1,1
177,12,6,318,499,111,338,239,27,1188,13,62,6462,1552,12,233,6,6813,1036 1,1,1,1,1,1,1,1,1,1,1,1,1,1,1,1,1,1,1
457,101,275,72,103,898,5,14,376,569 1,1,1,1,1,1,1,1,1,1
1067,1299,5,905,176,48,738,111,11,199,84 1,1,1,1,1,1,1,1,1,1,1
318,499,438,4,18,20,221,43,6,12471,1448,3,64,15522 1,1,1,1,1,1,1,1,1,1,1,1,1,1
12,6,318,499,3,138,6,28,82,354,76,3,6,104,14,10,162,17,58,481,7,898,5,15,429,12,6,495 1,1,1,1,1,1,1,1,1,1,1,1,1,1,1,1,1,1,1,1,1,1,1,1,1,1,1,1
18,14,60,197,27,6,85,7,168 1,1,1,1,1,1,1,1,1
747,505,4,177,84 1,1,1,1,1
497,17085,3,6600,107 1,1,1,1,1
487,4,17086,292,4,17086,533,43,4,17085,3,6600,746,32434,1608,250,31,81,43,262,331,250 1,1,1,1,1,1,1,1,1,1,1,1,1,1,1,1,1,1,1,1,1,1
