69,49,4,27643,27644,2,27645,2,6082,6,29,20,201,2317,42,6,7059,47,1736,37,47,50,1538,5,755,6,29,2,177,6,5237,2105,19,6,29,74,948,2,5,285,233,2,114,7,203,2,5,642,13,6,29 1,1,1,1,1,1,1,1,1,1,1,1,1,1,1,1,1,1,1,1,1,1,1,1,1,1,1,1,1,1,1,1,1,1,1,1,1,1,1,1,1,1,1,1,1,1,1,1,1,1,1
30,7,156,360,4,6,29,14,15,15155,345,13,81,5,344,67,94,104,279,10,6,303,674,1360,7,106,2138,1184,115,17,102,123,85,27646,106,44,422,37,21,61,19,5,664,136,3917 1,1,1,1,1,1,1,1,1,1,1,1,4,1,10,10,10,1,1,1,1,1,1,1,1,1,1,1,1,1,1,1,1,1,1,1,1,1,1,1,1,1,1,1,1
88,87,4490,13,250,26,1129 1,1,1,1,1,1,1
47,12435,84,14,27,468,5,85,13,996,5,6230,85,734,255,7,194,13,996 1,1,1,1,1,1,1,1,1,1,1,1,1,1,1,1,1,1,1
11,197,445,388,5,11,702 1,1,1,1,1,1,1
21,61,460,664,5,19,44,422 1,1,1,1,1,1,1,1
278,2,12,6,78,938,198,2,39,66,1066,27,27647,27648,538,119,24,444 1,1,1,1,1,1,1,1,1,1,1,1,1,1,1,1,1,1
88,87,868,2,596,26,469,26,134,2842 1,1,1,1,1,1,1,1,1,1
222,50,15,66,1066,42,24,444,27,63,1777,144,938,198,146 1,1,1,1,1,1,1,1,1,1,1,1,1,1,1
78,89,30,4,182,17,127,2,81,131,1339,2,5,789 1,1,1,1,1,1,1,1,4,6,1,1,1,16
137,4,16,21,11,334,137 1,1,1,1,1,1,1
231,77,4,131,2,184,2,310,2,5,27649,77 1,1,1,6,1,13,1,20,1,1,1,1
179,30,4,6,29,14,15,231,1055,2,88,87,554,26,219,624,245 1,1,1,1,1,1,19,19,19,1,1,1,1,1,1,1,1
78,545,30,4,832,955,12,6,78 1,1,1,1,1,1,1,1,1
163,7,213,4,2138,1184,2,250,2,255,7,194,2,5,44,422 1,1,1,1,1,1,1,1,1,1,1,1,1,1,1,1
93,122,4,1285,2,43,520,359 1,1,1,1,1,1,1,1
16,14,355,63,1799,345,12,11,180,326 1,1,1,1,1,1,1,1,1,1
2286,4148 1,1
226,53,90,10,452 1,1,1,1,1
91,73,246,2,253,2,135,212,13,11,766,2,711,2,26,387 1,1,1,1,1,1,1,1,1,1,1,1,1,1,1,1
187,14,214,133,5,375 1,1,1,1,1,1
11,920,19,73 1,1,1,1
168,19,392,5,112,73,2,3526,53,90,193 1,1,1,1,1,1,1,1,1,1,1
1290,14,90 1,1,1
112,14,330 1,1,1
489,467,4,281,2,411,548 1,1,1,1,1,1,1
147,43,399,212,13,11,3170,1636,142,26,160,7,313,26,1484 1,1,1,1,1,1,1,1,1,1,1,1,1,1,1
320,5,114,4,15,15155,345,2,381,2,1229,2,279,13,2450,115 1,1,1,1,1,1,1,1,1,1,1,1,1,1,1,1
11,160,7,73,26,5621,232,31,177,42,240,312,232,44,422,27,87,95,32,16,21,39,17,15,451,198,2,834,288 1,1,1,1,1,1,1,1,1,1,1,1,1,1,1,1,1,1,1,1,1,1,1,1,1,1,1,1,1
113,31,2122,10,55,939,741,2,278,2,124,24,182,328,811,5,11,1283,415,426,12,1082,1557,92,40,1083,12,2545,17,15,1167,286,63,1066,12,6,465 1,1,1,1,1,1,1,1,1,1,1,1,1,1,1,1,1,1,1,1,1,1,1,1,1,1,1,1,1,1,1,1,1,1,1,1,1
526,4457,2,6082,96 1,1,1,1,1
495,4,15156,276,4,15156,597,42,4,4457,2,6082,813,27650,8004 1,1,1,1,1,1,1,1,1,1,1,1,1,1,1
