69,49,4,27755,1159,35,141,99,141,49,4,1415,183,2,2134,29,414,4,9027,7681,485,46,4,15166,240,4,5085,2,27756,2,195,1327,4,15167,15168,2,195,3444,4,29,2,1276,858,391,4,272,5,402,234,4,1182,292,528,13,15,78,89,30,7,1073,425,81,9,9858,374,6449,12,15169,8,2,127,5,254,104,279,13,248,123,7,52,568,34,5,15,153,107,30,7,272,5,402 1,1,1,1,1,1,1,1,1,1,1,1,1,1,1,1,1,1,1,1,1,1,1,1,1,1,1,1,1,1,1,1,1,1,1,1,1,1,1,1,1,1,1,1,1,1,1,1,1,1,1,1,1,1,1,1,1,1,1,4,4,4,1,15,15,15,1,1,1,1,10,1,16,1,1,1,1,1,1,1,1,1,1,1,1,1,1,1,1,1,1
6,29,74,568,34,1220,19,51,123,158,10,141,5,21,3806,10,15,406,9269,34,37,5893,15,101,10,6,3147,189 1,1,1,1,1,1,1,1,1,1,1,1,1,1,1,1,1,1,1,1,1,1,1,1,1,1,1,1
6,29,586,37,23,862,14,268,4892,37,1054,598,18,113,31,125,57,286,7,37,568,27,450 1,1,1,1,1,1,1,1,1,1,1,1,1,1,1,1,1,1,1,1,1,1,1
11,70,568,115 1,1,1,1
6,29,85,533,272,5,263,277,38,221 1,1,1,1,1,1,1,1,1,1
6,34,20,149 1,1,1,1
18,1185,6,34,32,14427,12,23,7806 1,1,1,1,1,1,1,1,1
18,113,31,444,44,34,26,94,5,267,11,115,7,993,10,23,478,26,1288 1,1,1,1,1,1,1,1,1,1,1,1,1,1,1,1,1,1,1
18,586,37,6,272,14,31,627,13,352,26,1359,42,468 1,1,1,1,1,1,1,1,1,1,1,1,1,1
6,422,21,61,3932,136,84,1220,38,221 1,1,1,1,1,1,1,1,1,1
18,88,13575,2,596,2,469,2,435 1,1,1,1,1,1,1,1,1
6,29,88,4282,460,44,34,26,255,7,194,13,639 1,1,1,1,1,1,1,1,1,1,1,1,1
12,6,189,6,29,20,514,10,50,15,2269,251,15170,94,7,11486,18,20,480,13,2414,2,5580,2314,2,2049,2314,2357,5,14561,14562,5698,9,362,25,5,2357,8,10,197,23,94 1,1,1,1,1,1,1,1,1,1,1,1,1,1,1,1,1,1,1,1,1,1,1,1,1,7,7,7,1,1,1,1,1,1,1,1,1,1,1,1,1,1
6,29,20,1447,10,50,180,3887,4278,2711,3338,42,10802,381,981 1,1,1,1,1,1,1,1,1,1,1,1,1,1,1
78,89,30,4,81,4,27757,6449,12,4326,6265,18,21,61,19,131,17,102,159,5,21,61,15,381,17,481,159,568,27758,12,4869,27759,4359,7,381,981,12,3182,27760,3103,12,3182,127,81,341,30,7,350,300,1233,12,3226,461,4,514,10,50,10991,1137,9867 1,1,1,1,4,1,1,1,1,1,1,1,1,1,1,6,1,1,1,1,1,1,1,1,1,1,1,1,1,1,1,1,1,1,1,1,1,1,1,1,1,1,10,4,1,1,1,1,1,1,1,1,1,1,1,1,1,1,1,1
889,426,2,1227,2,1804,918 1,1,1,1,1,1,1
266,185,314,30,7,4433,257,4,2203,3628,27761,27,27762,2203,3628,27763,27,2005,987,3021,59,960,1953,1090,9,1863,27764,8,27765,211,925,33,669,768,33,737,491,33,9,321,922,28,1788,42,58,9699,8,556,626,2,1973,45,59,184,446,33,210,491,33,3096,2810,33,192,4,747,990,4,600,2694,439,2118,65,403,1018,167,348,2,661,2694,439,2812,65,1111,5,44,566,2,102,3664,15,75,650,2,153,1343,587,12,24,546,74,13,878,335,2,51,3187,2694,2,153,304,966,2,6,150,39,2079,2947,439,13507,1100,4,64,295,13,153,7,23,2972 1,1,1,1,1,1,1,1,6,1,1,1,1,6,1,1,1,1,20,1,1,1,1,1,1,1,1,1,11,11,1,1,25,1,1,23,1,1,1,1,1,1,1,1,1,1,1,7,1,1,1,1,1,13,1,1,12,1,1,1,1,1,1,1,1,1,1,1,1,1,1,1,1,1,1,1,1,1,1,1,1,1,1,1,1,1,1,1,1,1,1,1,1,1,1,1,1,1,1,1,1,1,1,1,1,1,1,1,1,1,1,1,1,1,1,1,1,1,1,1,1,1,1,1,1,1,1,1
18,113,31,1374,26,1656,430,93,122,520,359,4,738,9255,2163,105,204,41,19,628,224,893,4,57,12,436,202,4,1623,2,2417,2,966,90,13,1504,181,4,11,690,2,11,10014,112,4,330,2,2921,1052,2,920,919,2,6632,4,11,782,2384,44,4,1398,118,4,418,2,43,2673,10923,2,133,2993,27,27766,187,4,133,2,839,2223,277,10,1744,1392 1,14,14,14,1,1,1,1,1,1,1,1,1,1,1,1,1,1,1,1,1,1,1,1,1,1,1,1,1,1,1,1,1,1,1,1,1,1,1,1,1,1,1,1,1,1,1,1,1,1,1,1,1,1,1,1,1,1,1,1,1,1,1,1,1,1,1,1,1,1,1,1,1,1,1,1,1,1,1,1,1,1,1
11,1592,26,1739 1,1,1,1
11,342,2,11,27767 1,1,1,1,1
318,300,302 1,1,1
217,4,619,2,11,1505,323,4,15,75,3236,2,1095,900,73,258,649,2397,524,2034,824,2621,689,6358,379,2114,9,72,8,804,931,770,27768,9,72,8,335,3897,1178,2917,22,2231,935,2266,1712,1517,1437,4360,1434,1862,1830,2917,9,72,8,3100,3622,9,72,8,2496,2687,9,72,8,1465,788,1438,723,1497,368,935,2266,1712,1517,1330,66,2383,66,298,3240,615,27769,9,54,8,458,5263,9,54,8,266,6914,9,54,8,530,1653,665,7586,698,7212,443,594,666,4519,9,72,8,2914,431,1081,1192,41,1753,449,9,72,8,41,897,1200,41,1637,51,9,54,8,41,732,35,41,1675,515,2584,27770,2585,27771,2661,6275,9,54,8,2662,3124,9,54,8,2663,2748,1513,152,1458,152,2664,152,2130,152,64,5665,9,276,8,1046,1506,9,276,8,1069,15171,9,879,8,1394,426,4,464,4,11,421 1,1,1,1,1,1,1,1,1,1,1,1,1,1,1,1,1,1,1,1,1,1,1,1,1,1,1,1,1,1,1,1,1,1,1,1,1,1,1,1,1,1,1,1,1,1,1,1,1,1,1,1,1,1,1,1,1,1,1,1,1,1,1,1,1,1,1,1,1,1,1,1,1,1,1,1,1,1,1,1,1,1,1,1,1,1,1,1,1,1,1,1,1,1,1,1,1,1,1,1,1,1,1,1,1,1,1,1,1,1,1,1,1,1,1,1,1,1,1,1,1,1,1,1,1,1,1,1,1,1,1,1,1,1,1,1,1,1,1,1,1,1,1,1,1,1,1,1,1,1,1,1,1,1,1,1,1,1,1,1,1,1,1,1,1,1,1,1,1,1,1,1,1,1,1,1,1,1,1,1
19,6,891,3134,316,68,14,106,264,4342,2557,12,6,806,90,2980,71,519,2264,4137,2258,26,2,12,6,7304,979,644,2,519,2264,15,8367,4311,4311,7,796 1,1,1,1,1,1,1,1,1,1,1,1,1,1,1,1,1,1,1,1,1,1,1,1,1,1,1,1,1,1,1,1,1,1,1,1,1
68,14,280,27772,7,6,806,11716,9434,557,13,15,350,1521,7,1079,760 1,1,1,1,1,1,1,1,1,1,1,1,1,1,1,1,1
263,1575,4,66,708 1,1,1,1,1
352,415,215,4,11,518,1636,142,129,3882,432,38,215 1,1,1,1,1,1,1,1,1,1,1,1,1
4583,4,152 1,1,1
2762,4,2036,352,2312 1,1,1,1,1
27,1344,352,2,29,3912,7,3859,699,1359,42,6943,117,363,606 1,1,1,1,1,1,1,1,1,1,1,1,1,1,1
66,17,313 1,1,1
147,4,764 1,1,1
280,1846,12,2695,2,513,12,1088,2,43,1000,5,1950,2,11,518,142,2797,4,6,29,14,15,1182,292,528,13,1073,81,341,2,127,2,5,254,104,279,13,180,3887,4278,2711,5,272,5,402 1,1,1,1,1,1,1,1,1,1,1,1,1,1,1,1,1,1,1,1,1,1,1,1,1,1,1,1,4,1,1,10,1,1,16,1,1,1,1,1,1,1,1,1,1,1
161,2711 1,1
218,576,10,10802,381,981 1,1,1,1,1,1
32,909,42,6,12788,4889,2,47,40,881,6,640,257,27773,283,27774,27775,873,27776,59,27777,59,27778,59,27779,27780,40,55,4502,1831 1,1,1,1,1,1,1,1,1,1,1,1,1,1,1,1,1,1,1,1,1,1,1,1,1,1,1,1,1,1
108,84,113,31,6976,423,2,6,29,176,301,162,12,6,221 1,1,1,1,1,1,1,1,1,1,1,1,1,1,1
165,272,5,402,6,1225,494,14,4120,5,1128,115,741,10,2711,2,3102,714,2,115,65,63,4670,124,23,30,2,15172,4433,5,2442,5317 1,1,1,1,1,1,1,1,1,1,1,1,1,1,1,1,1,1,1,1,1,1,1,1,1,1,1,1,1,1,1,1
7,472,2,47,2242,37,115,65,2711,26,5317,14,373,218 1,1,1,1,1,1,1,1,1,1,1,1,1,1
36,47,1817,15,8986,19,6,1032,71,227,43,300,2813,119,27781,8106,1796 1,1,1,1,1,1,1,1,1,1,1,1,1,1,1,1,1
36,47,880,714,14,2081,124,23,30 1,1,1,1,1,1,1,1,1
278,2,47,2242,37,18,692,15,415,215,124,23,406,81 1,1,1,1,1,1,1,1,1,1,1,1,1,4
47,40,55,773,10,3340,153,17,1775,9,3620,107,8,2,48,47,2242,18,692,153,32,63,286,29,708,12,6,1787,1378 1,1,1,1,1,1,1,1,1,1,1,1,1,1,1,1,1,1,1,1,1,1,1,1,1,1,1,1,1
47,40,881,211,2,569,2314,5,1047 1,1,1,1,1,1,1,1,1
47,40,31,881,652,124,37,23,9234,7092,14,316,35 1,1,1,1,1,1,1,1,1,1,1,1,1
36,15172,4433,14,380,598,23,73,14,393,27782 1,1,1,1,1,1,1,1,1,1,1
47,40,1195,881,64,275,27783,3115,5,207,23,17,4433,115 1,1,1,1,1,1,1,1,1,1,1,1,1,1
186,188,132,353,38,14,218,576,10,381,1358 1,1,1,1,1,1,1,1,1,1,1
64,14,27,450,331,249,461,64,14,27,450,331 1,1,1,1,1,1,1,1,1,1,1,1
18,20,514,10,50,10991,1137,9867 1,1,1,1,1,1,1,1
889,426,2,1227,2,1804,918 1,1,1,1,1,1,1
266,185,351,81,40,126,486,5,135,131,5,3181,13,6312 1,1,1,4,1,1,1,1,1,6,1,1,1,1
459,1210,19,742 1,1,1,1
2552,652,1210,490,6,29,14,4630 1,1,1,1,1,1,1,1
10046,15167,15168,2,195,27784 1,1,1,1,1,1
