69,49,4,27890,27891,2,27892,2,6186,6,29,20,201,12,4866,13,427,2,58,6440 1,1,1,1,1,1,1,1,1,1,1,1,1,1,1,1,1,1,1,1
427,74,99,20,177 1,1,1,1,1
6,29,20,201,5,755,42,260 1,1,1,1,1,1,1,1
361,125,6,427,74,99,17,885,7,6,29,74,78,89,2,179,2,128,30,2,163,7,213,2,5,93,73 1,1,1,1,1,1,1,1,1,1,1,1,1,1,1,1,1,1,1,1,1,1,1,1,1,1,1
858,391,4,1839,5,803 1,1,1,1,1,1
30,7,156,360,4,38,14,15,15193,407,13,15,30,7,551,5,1217,12,9033,5,15,2701,30,7,81,104,279,80,13,15,1929,15194,13405,466,12,23,70,912,27,9091,1960,434,7405 1,1,1,1,1,1,1,1,1,1,1,1,1,1,1,1,1,1,1,1,1,1,1,1,4,1,1,1,1,1,1,1,1,1,1,1,1,1,1,1,1,1,1
84,2731,2347,2219,5,237,1667,660 1,1,1,1,1,1,1,1
9792,606,1209,2,18,1282,15,1084,466,12,23,70,912,17,15,451,2219,5,237,660,1667,2,5,237,18,1282,84,12,23,70,337,5,6,853 1,1,1,1,1,1,1,1,1,1,1,1,1,1,1,1,1,1,1,1,1,1,1,1,1,1,1,1,1,1,1,1,1,1
18,27893,23,853,12,23,11017,5,237,37,660,117,15,451,2219,5,237,154,606,117,37,18,39,15,1084,48,553,406,466,12,6,27894,7,23,52,912,27,173,27895,37,237,660,1667 1,1,1,1,1,1,1,1,1,1,1,1,1,1,1,1,1,1,1,1,1,1,1,1,1,1,1,1,1,1,1,1,1,1,1,1,1,1,1,1,1,1,1
136,237,2,18,21,39,11,466,621,38 1,1,1,1,1,1,1,1,1,1
18,21,39,8565,5,9023,699,12,23,1432,5,744,12,6,78,2,48,578,15,1929,15194,699,621,38,12,6,78 1,1,1,1,1,1,1,1,1,1,1,1,1,1,1,1,1,1,1,1,1,1,1,1,1,1,1
18,39,11,3094,2,1872,2,394,2,803,1328,2,618,2,274,7,3473,2,892,2,1217,996,2,142,12,23,77,2,26,87,280,77 1,1,1,1,1,1,1,1,1,1,1,1,1,1,1,1,1,1,1,1,1,1,1,1,1,1,1,1,1,1,1,1
18,1379,23,473,32,1054,38,465,2,14,110,3734,739,2,5,214,57,1019 1,1,1,28,1,1,1,1,1,1,1,1,1,1,1,1,1,1
18,1008,23,1925,74,622,5,6,1436,936,23,10,1297,10,6,303,441,10,55,1453 1,1,1,1,1,1,1,1,1,1,1,1,1,1,1,1,1,1,1,1
78,89,30,4,127,2,81,2,344,367,2,1232,12,6,644,7,15,551,12,9033,2,5,15,52,2528,551,12,9033 1,1,1,1,10,1,4,1,16,16,16,1,1,1,1,1,1,1,1,1,1,1,1,1,1,1,1,1
18,21,39,11,1232,136,237 1,1,1,1,1,1,1
18,21,2348,70,197,445,394,2,71,14,110,573,504 1,1,1,1,1,1,1,1,1,1,1,1,1
704,12,9033,227,63,585,7,284,41 1,1,1,1,1,1,1,1,1
18,21,5724,1598,2,11,816,721,1113,2,5,11,150,2106 1,1,1,1,1,1,1,1,1,1,1,1,1,1
179,30,4,78,1055,7,154,1854,159,2,430,152,2,5,11,219,624,245 1,1,1,8,8,8,8,8,8,1,1,1,1,1,1,1,1,1
18,1230,32,15,5935,3137,2645,5,295,13,23,128 1,1,1,1,1,1,1,1,1,1,1,1
128,30,4,2350 1,1,1,1
163,7,213,4,355,2,66 1,1,1,1,1,1,1
77,4,18,826,1921,2,1372,2,987,2,473,2,230,2,1201,2,5,210 1,1,1,1,1,1,22,1,20,1,28,28,7,1,26,1,1,12
137,4,152 1,1,1
93,122,4,18,14,1285,13,43,5,185,520,359 1,1,1,1,1,1,1,1,1,1,1,1
1040,2,413,2,5,12,11,326 1,1,1,1,1,1,1,1
23,73,14,1667,483,317,1028,590,12,23,412,5,197,217 1,1,1,1,1,1,1,1,1,1,1,1,1,1
672,14,43 1,1,1
18,21,11,2619,359,2,78,27896,4810,2,6673,2,2974,2,900,394,2,26,87,900,1099,2953,27,192 1,1,1,1,1,1,1,1,1,1,1,1,1,1,1,1,1,1,1,1,1,1,1,1
489,467,4,147,482,2227,27,196,2351,15,1409,13,1535,1807,142 1,1,1,1,1,1,1,1,1,1,1,1,1,1,1
2683,14,14360,1921,542,14,43 1,1,1,1,1,1,1
392,205,482,11,160,7,588,26,87,150,1954 1,1,1,1,1,1,1,1,1,1,1
303,441,408,4,949,20,1976,5,3120,13,6,494,7,218,336,527 1,1,1,1,1,1,1,1,1,1,1,1,1,1,1,1
648,40,907,3340,961,667,35,223,17,38,29,13,23,5884,5,18,14,936,10,125,23,763,203,312,667,51,236,5,10,808,10,6,303,441,17,87,44,34,2,255,7,194,2,26,87,150,834,7,23,115 1,1,1,1,1,1,1,1,1,1,1,1,1,1,1,1,1,1,1,1,1,1,1,1,1,1,1,1,1,1,1,1,1,1,1,1,1,1,1,1,1,1,1,1,1,1,1,1,1,1
642,4,18,14,57,1019,27,6,95,7,377,12,2964,630 1,1,1,1,1,1,1,1,1,1,1,1,1,1
526,9034,2,6186,96 1,1,1,1,1
495,4,15195,276,4,15195,597,42,4,9034,2,6186,813,27897,1852,232,31,177,42,240,312,232 1,1,1,1,1,1,1,1,1,1,1,1,1,1,1,1,1,1,1,1,1,1
