67,54,4,33285,17265,1569,5240,124,33286,6608,1073,5198,3,3210,17266,3,1929,17267,17268,9,17269,8,17270,12514,6,28,369,17,15,96,115,112,19,24,71,324,5,209,153,371 1,1,1,1,1,1,1,1,1,1,1,1,1,1,1,1,1,1,1,1,1,1,1,1,1,1,1,1,1,1,1,1,1,1,4,4,1,1,1,1
18,14,145,52,96,43,64,4453,3,4588,27,8708,6340,124,3,20,221,74,223,267,129,183,5,41,369,74,12,1225 1,1,1,1,1,1,1,1,1,1,1,1,1,1,1,1,1,1,1,1,1,1,1,1,1,1,1,1
18,14,98,343,17,24,209,494,13,33287 1,1,1,1,1,1,1,1,1,1
6,28,95,21,1005,37,24,63,366,46,377,626,3,5,18,21,38,170,255,7,1143,1292 1,1,1,1,1,1,1,1,1,1,1,1,1,1,1,1,1,1,1,1,1,1
63,366,57,2209,335,26,602 1,1,1,1,1,1,1
6,28,98,640,7,34,12,24,70,2191,951,5,70,489,34 1,1,1,1,1,1,1,1,1,1,1,1,1,1,1
102,101,275,62,1789,522,12,11,199,342 1,1,1,1,1,1,1,1,1,1
63,94,14,12131,3,140,14,6472,624,3,5,133,14,7170,345,359,12,6,77,702,89,20,7331,48,14,91,100 6,6,6,6,6,1,1,1,1,1,1,1,1,1,1,1,1,1,1,1,1,1,1,1,1,1,1
130,4,145,156,5,239,3,269,304,3,310,3,72,1162,3,1094,3,5,11,213 1,1,1,1,1,1,1,1,1,1,1,1,1,1,1,1,1,1,1,1
214,14,152,3,396,3,5,269,326,327 1,1,1,1,1,1,1,1,1,1
194,114,4,11,93,5,396 1,1,1,1,1,1,1
70,666,246,12,6,671,14192,618,5,6,225,2481,5,98,246,717,12,6,70,489,34,13,928,44,471,7,759 1,1,1,1,1,1,1,1,1,1,1,1,1,1,1,1,1,1,1,1,1,1,1,1,1,1,1
339,5,104,4,176,71,324 1,1,1,1,1,4,4
6,28,82,63,366,46,68,894 1,1,1,1,1,1,1,1
6,28,21,377,24,1286,1803,66,125,22,105,10,141,22,105 1,1,1,1,1,21,1,1,1,1,1,1,1,1,1
50,41,268,377,92,10,108,22,105 1,1,1,1,1,1,1,1,1
144,733,398,89,35,60,35,2680,3,2532,3,5,347 1,1,1,1,1,1,1,1,1,1,1,1,1
178,209,153,371 1,1,1,1
6,28,82,347,3364,14,223,33288,3,5,6,28,14,2943,2584,153,371 1,1,1,1,1,1,1,1,1,1,1,1,1,1,1,1,1
18,14,52,96,43,6,153,499,27,8708,6340,124,3,5,820,14,52,482,17,6,33289,355,7,6,28 1,1,1,1,1,1,1,1,1,1,1,1,1,1,1,1,1,1,1,1,1,1,1,1,1
195,2481,3,70,2191,951 1,1,1,1,1,1
139,6,28,82,1240,2448,20,564,3,6,548,20,3086,12,6,712,3777,6017,3,5,36,42,3656,1291,13,1701,426,7,8847,20,1050,12,6,548,7,6,3224,7052,33290,2481,2598 1,1,1,1,1,1,1,1,1,1,1,1,1,1,1,1,1,1,1,1,1,1,1,1,1,1,1,1,1,1,1,1,1,1,1,1,1,1,1,1,1
6,28,572,6,540,60 1,1,1,1,1,1
253,494 1,1
40,14,1375,290,10,6,28,82,209,153,76 1,1,1,1,1,1,1,1,1,1,1
18,21,68,370,6949,1050,3,417,113,3,286,909,174,113,3,5,132,909,544,113 1,1,1,1,1,1,1,1,1,1,1,1,1,1,1,1,1,1,1,1
119,41,144,836,89 1,1,1,1,1
346,70,489,34 1,1,1,1
6,28,368,31,49,7795,290,10,24,153,147,3,470,50,46,138,24,15,1581,17,1126,13,1846,3,7,75,18,208,49,175,26,6305,45,35,160,10,179,6,34 1,1,1,1,1,1,1,1,1,1,1,1,1,1,1,1,1,1,1,1,1,1,1,1,1,1,1,1,1,1,1,1,1,1,1,1,1,1,1
460,145,3713,936 1,1,1,1
6,28,41,96,115,13,271,12,223,267,129 1,1,1,1,1,1,1,1,1,1,1
497,6304,7388,3,229,533,43,4,6304,7388,746,33291,3667,2449,806,4,12514,825,4,33292,843,4,12514 1,1,1,1,1,1,1,1,1,1,1,1,1,1,1,1,1,1,1,1,1,1,1
