69,49,4,27979,384,4,255,7,194,2,112,34 1,1,1,1,1,1,1,1,1,1,1,1
234,4,552,4179,20,288,1888,12,27980,17,112,34,2,44,34,2,5,270 1,1,1,1,1,1,1,1,1,1,1,1,1,1,1,1,1,1
18,39,63,1350,562,2147,37,227,11,359,7,91,313 1,1,1,1,1,1,1,1,1,1,1,1,1
23,1149,227,11,160,7,1791,26,313,5,63,872,1177,7,2163,41 1,1,1,1,1,1,1,1,1,1,1,1,1,1,1,1
19,6,150,912,2,23,67,728,129,514,10,55,12,6,11514 1,1,1,1,1,1,29,29,29,29,29,29,29,29,29
136,237,2,18,21,61,453,42,6,5078,1315 1,1,1,1,1,1,1,1,1,1,1
18,774,12,80,1360,7,51,1468,115,37,50,61,10744,17,363,198,110,2,5,71,12,817,1756,4543,10,23,134,950,4,35,8,366,37,3111,19,4308,793,15,223,2,27981,117,154,1902,7,1160,1837,2,11,9528,811,3245 1,1,1,1,1,1,1,1,1,1,1,1,1,1,1,1,1,1,1,1,1,1,1,1,1,1,1,1,1,1,1,1,1,1,1,1,1,1,1,1,1,1,1,1,1,21,21,1,1,1,1,1
270,31,2237,27982,42,910 1,1,1,1,1,1
51,8,112,34,2,5622,10,6,891,7527,7,23,112 1,1,1,1,1,1,1,1,1,1,1,1,1
18,404,403,23,1486,15216,348 1,1,1,1,1,1,1
7,99,2,18,2931,52,754,34,2,17,71,18,27983,7299,9,86,10565,2567,63,2259,8,2,71,18,39,27,140 1,1,1,1,1,1,1,1,1,1,1,1,1,1,1,1,1,1,1,1,1,1,1,1,1,1,1
18,687,373,7,23,115,660 1,1,1,1,1,1,1
119,23,943,2,18,21,2342,61,15,1701,2071,2902 1,1,1,1,1,1,1,1,1,1,1,1
499,4,11,1265,2,11,702,2,11,508 1,1,1,1,1,1,1,1,1,1
199,27984,2,13642 1,1,1,1
3163,862 1,1
78,89,30,4,15,488,5131,2,19,1594,594,1252,82,2,670,2,565,2,81,341,2,127,2,254,2,685,2,535,1644,2,1601,5,15,6751,5692 1,1,1,1,1,1,1,1,1,1,1,1,1,1,1,1,24,1,4,4,1,10,1,16,1,1,1,1,1,1,1,1,1,1,1
231,77,9,5266,8,35,8,910,1361,51,8,230,196,22,327 1,1,1,1,1,1,1,1,1,1,1,7,1,1,1
82,102,8,3587,767,1517,22,327 1,1,1,1,1,1,1,1
1190 1
183,8,172,474,22,327 1,1,11,1,1,1
82,83,8,4825,3255,1252,1190 1,1,1,1,1,1,1
259,8,1594,594,1252,327 1,1,1,1,1,1
82,481,8,184,105,22,327 1,1,1,13,1,1,1
82,614,8,4180,109,22,327 1,1,1,1,1,1,1
82,2,903,8,210,109,22,327 1,1,1,1,12,1,1,1
4347 1
109,8,1803,1397,365,956,405,509,2,546,956,405,506,854,8,310,823,22,25,59,579,8,1160,1837,1710,179,30,4,552,4179,14,65,15217 1,1,6,6,1,1,1,1,1,1,1,1,1,1,1,20,1,1,1,1,1,1,21,21,1,1,1,1,1,1,1,1,1
18,21,4684,401,17,6,97,462,159 1,1,1,1,1,1,1,1,1
295,13,23,943 1,1,1,1
88,87,671,26,554 14,14,14,1,1
93,122,4,121,4,5690,727 1,1,1,1,1,1,1
289,1678,2,111,27985,2,11893,980,41,628,759,4,57,2265 1,1,1,1,1,1,1,1,1,1,1,1,1,1
27986,57 1,1
31,3310 1,1
463,202,4,725 24,1,1,1
1504 1
11,2384,44,4,745,4617,623,4,487,919 1,1,1,1,1,1,1,1,1,1
418 1
1812,653,417,4879 1,1,1,1
11,8615 1,1
246,261,1616,253 1,1,1,1
340,4,133 1,1,1
978 1
463 24
2174,4,619 1,1,1
395,15021,79 1,1,1
320,4,552,4179,14,15,5063,407,13,311,51,81,341,2,160,7,131,7639,2,373,134,654,374,20,27987,23,115,53,791,5889,5,1169,10,1730,4234 1,1,1,1,1,1,1,1,1,4,4,4,4,1,1,1,6,1,1,1,1,1,1,1,1,1,1,1,1,1,1,1,1,1,1
11587,2,729,313,21,61,2349,286,42,91,27988,908 1,1,1,1,1,1,1,1,1,1,1,1
784,248,1468,27989,53,35,8,224,914,2,51,8,685 1,1,1,1,1,1,1,1,1,1,1,1,1
1242,645,18,113,50,15,216,670,2,48,1582,19,23,30,2,93,73,5,2364,7,10783,7,14625,12,27990,23,115,2,47,273,841,2242,825,3304,409,76,27991,23,27992 1,1,1,1,1,1,1,1,1,1,1,1,1,1,1,1,1,1,1,1,1,1,1,1,1,1,1,1,1,1,1,1,1,1,1,1,1,1,1
92,3673,247,23,19,4320,684,22,5,2267,109,22,25,33 1,1,1,1,1,1,1,1,1,1,1,1,1,1
437,13,2352,3159,308,17,583,7,914 1,1,1,1,1,1,1,1,1
12,2858,7,23,358,2,18,14,2043,2,48,411,31,6235,425 1,1,1,1,1,1,1,1,1,1,1,1,1,1,1
18,1625,21,3163,862,5,14,13047,27993 1,1,1,1,1,1,1,1,1
23,400,1207,14,12,1091 1,1,1,1,1,1
1015,27994,2,797,358,12,6,4013 15,15,15,1,1,1,1,1
97,383,12,23,27995,20,12,27996,2,65,368,956,509,10,365,956,506 1,1,1,1,6,1,1,1,1,1,1,1,1,1,1,1,1
17,110,2,92,3673,383,23,852,262,7,131,65,546,10,449,956,405,509,2,5,437,13,27997,2605,3343,74,99,2605,285,13,58,8956,5669 1,1,1,1,1,1,1,1,1,1,6,1,1,1,1,1,1,1,1,1,1,1,1,1,1,1,1,1,1,1,1,1,1
1390,292,407,13,1073,425,120 1,1,1,1,1,1,4
134,141,17,1364,371 1,1,1,1,1
374,20,12,6,27998 15,15,15,15,15
537,453,42,378,325 1,1,1,1,1
21,9997,466,7,803,4682,65,23,853,10,23,44,627,13,270,5,15,2325,37,23,112,14,15216 1,1,1,1,1,1,1,1,1,1,1,1,1,1,1,1,1,1,1,1,1,1,1
84,209,2122,37,18,14,460,914 1,1,1,1,1,1,1,1
92,40,1815,13,2267,5,4320,5,1798,10,1353 1,1,1,1,1,1,1,1,1,1,1
92,40,85,2562,23,131,241 1,1,1,1,1,6,1
526,11061,15218,15219,2,96 1,1,1,1,1,1
