67,54,4,33460,28,414,4,5890,3,5630,257,17293,9,6101,8,259,719,54,7,112,4,33461,404,17,112,1243,5890,14,15,586,87,302,3559,1438,522,13,311,39,147,121,61,89,35,15,96,115,17,24,71,3,2691,765,30,7,61,328,12726,20,46,6469,228,5,33462,84,10,960,99,113,3,51,38,15226,1264,66,1535,92,3,84,188,10,174,3,208,46,33463,527,10,194,706 1,1,1,1,1,1,1,1,1,1,1,1,1,1,1,1,1,1,1,1,1,1,1,1,1,1,1,1,1,1,1,1,1,1,1,1,1,1,1,1,1,1,1,1,1,1,1,1,4,1,1,1,1,1,1,1,1,1,1,1,1,1,1,1,1,8,1,1,1,1,1,1,1,1,1,1,1,1,1,1,1,1,1,1,1,1,1,1,1
572,117,22,3,488,492,19,24,33464,190,476 1,1,1,1,1,1,1,1,1,1,1
38,412,10666,933,11,33465,223,267,113,183,81,7,182,1754,4,11,249,3,459,3,590,3,4186,3,1820,3,84,12,140,412,4,11,2053,889,3,2766,889,3,1111,3,683,3,4955,26,34,412 1,1,1,1,1,1,1,1,1,1,1,1,1,1,1,1,1,1,1,1,1,1,1,1,1,1,1,1,1,1,1,1,1,1,1,1,1,1,1,1,1,1,1,1,1,1
11,261,17137,4,11,4911,3,3957,3,338,34,3,84,12,841,3,2236,3,261,66,1040,3,1040,34,818,243,3,147,4862,3,2760,34,3,1371,994,612,4,11,48,34,3,94,3,418,3,760,3,739,3,437,19,380,3,975,93,3,1408,3,725,3,386,4,11,263,3,1181,3,437,3,3420,34,3,407,3,5584,3403,3,1753,1583,4,11,1654,3,4287,3,2161,3,291,34,3,84,12,6,326,1215,3,446,3,648,3,1366,3,2841,3,1157,3,300,3,375,3441,4,11,1157,3,796,3,1206,3,1837,3,261,3,33466,4,11,762,2292,3,2006,3,323,3,2099,3,618,34,26,474,33467,4,11,277,3,3280,3,2338,3,127,1339,33,277,3,2338,147,185,393,1920,618,76,2043,992,76,363,71,324,106,266,188,34,4695,127,2691,765,2339,1447,39,2373,782,141,22,9,515,45,49,36,8,25,276,47,335,45,9,73,8,252,9,727,8,9,947,478,9,727,8,8,547,22,9,1026,45,49,36,8,25,32,47,231,45,9,73,8,274,215,22,9,686,45,49,36,8,25,32,47,180,45,9,73,8,33468,2974,42,33469,42,36,2180,9,1455,9,1681,8,8,1140,69,47,1288,1620,9,73,8,14813,2534,189,9,1582,189,45,49,58,8,25,9838,47,1847,45,9,73,8,12517,456,215,25,69,47,335,45,9,73,8,4535,4145,189,9,4145,189,568,49,36,8,25,35,496,3,711,135,129,47,36,568,9,73,8,2125,9,4052,8,586,22,9,3326,45,49,36,8,25,2634,47,210,45,9,73,8,960,9,165,2755,8,558,189,9,231,4679,3015,1633,8,521,276,3,3565,356,165,47,141,1633,9,73,8,348,945,22,9,2256,45,49,36,8,25,69,123,180,65,47,335,45,9,73,8,1118,171,22,9,378,568,609,49,58,8,25,32,47,335,568,9,73,8,706,117,22,9,1314,45,49,117,8,25,32,47,388,45,9,73,8,736,171,22,9,549,45,49,36,8,25,276,47,231,45,9,73,8,4070,215,22,9,686,45,49,36,8,25,1750,47,388,45,9,73,8,33470,9,33471,3146,8,36,2180,1140,305,3,10,1246,548,47,586,1620,9,73,8,316,205,63,94,16842,133,1247,140,3828,948,102,77,814,4,60,197,12,480,3,3457,3,3566,339,3521,46,147,13,3496,3,51,649,19,848,1370,31,1520,3012 1,1,1,1,1,1,1,1,1,1,1,1,1,1,1,1,1,1,1,1,1,1,1,1,1,1,1,1,1,1,1,1,1,1,1,1,1,1,1,1,1,1,1,1,1,1,1,1,1,1,1,1,1,1,1,1,1,1,1,1,1,1,1,1,1,1,1,1,1,1,1,1,1,1,1,1,1,1,1,1,1,1,1,1,1,1,1,1,1,1,1,1,1,1,1,1,1,1,1,1,1,1,1,1,1,1,1,1,1,1,1,1,1,1,1,1,1,1,1,1,1,1,1,1,1,1,1,1,1,1,1,1,1,1,1,1,1,1,1,1,1,1,1,1,1,1,1,1,1,1,1,1,1,1,15,15,1,1,1,1,1,1,1,4,4,7,1,1,1,1,1,1,1,1,1,1,1,1,1,1,1,1,1,1,1,1,1,1,1,1,1,1,1,1,11,1,1,1,1,1,1,1,1,1,1,1,1,1,1,1,1,1,1,1,1,1,1,1,1,1,1,9,1,1,1,1,1,1,1,1,1,1,1,1,1,1,1,1,1,1,1,1,1,1,1,1,1,1,1,1,1,1,1,1,1,1,1,1,1,1,1,1,1,1,1,1,1,1,1,1,1,1,1,1,1,1,1,1,1,1,1,1,1,1,1,1,1,1,1,1,1,1,1,1,1,1,1,1,1,1,1,1,1,1,1,1,1,1,1,1,1,1,1,1,1,1,1,1,1,1,1,1,1,1,1,1,1,1,1,1,1,8,1,8,1,1,1,1,1,1,1,1,1,1,1,1,1,1,1,8,1,1,1,1,1,1,17,1,1,1,1,1,1,1,1,1,1,1,1,1,1,1,1,1,1,1,1,1,1,1,1,1,1,1,1,1,1,1,1,1,1,1,1,1,1,1,1,1,1,1,1,1,1,1,1,1,1,1,1,1,1,12,1,1,1,1,1,1,1,1,1,1,1,1,1,1,1,1,1,1,1,1,1,1,1,1,1,1,1,1,1,1,1,1,1,1,1,1,1,1,1,1,1,1,1,1,1,1,1,1,1,1,1,1,1,1,6,6,6,1,1,1,1,1,1,1,1,1,1,1,1,1,1,1,1,1,1,1,1,1,1,1,1,1,1,1,1,1,1,1,1
16347,21,468,467,2416,42 1,1,1,1,1,1
1533,13,476,39,355,41,86,10,894 1,1,1,1,1,1,1,1,1
86,10,46,535,13,39 1,1,1,1,1,1
2691,17295,132,650,706,139,2122,2020 1,1,1,1,1,1,1,1
17296,188,19,1163,3,41,144,186,290 1,1,1,1,1,1,1,1,1
6107,365,465,89 1,1,1,1
41,104,10,2020,274,3,35,95,532,111,406,35,516,7,106,3,5,1457,33472,3,394,57,671,1334,1325,17,142 1,1,1,1,9,1,1,1,1,1,1,1,1,1,7,1,1,64,64,1,1,1,1,1,1,1,7
122,188,12,267,113 1,1,1,1,1
188,6587,79,1089,441,113,497,6903,7445,2821,33473,3,107 1,1,1,1,1,1,1,1,1,1,1,1,1
