67,54,4,33562,12182,1180,58,168,55,28,4,33563,3,7724,542,4,12519,162,54,4,33564,451,4,64,1265,732,4,64,1265,426,4,446,5,263,282,4,40,14,15,1666,1741,358,220,9997,7,1834,1353,9,631,16,21,38,1087,5324,225,80,58,991,5,693,290,10,33565,5,233,264,12,80,72,8,3,545,3,17311 1,1,1,1,1,1,1,1,1,1,1,1,1,1,1,1,1,1,1,1,1,1,1,1,1,1,1,1,1,1,1,1,1,1,1,1,1,1,1,1,1,1,1,1,1,1,1,1,1,1,1,1,1,1,1,1,1,1,1,1,1,1,1,1,1,1,1,1,1,1,1,1,1,1
3939,12,4237,159,2975,3,1524,9,19,452,5656,8,3,5573,3,1395,121,61,13,1169,1166,263,1634,65,220,446,5,131,300 1,1,1,1,1,1,1,1,1,1,1,1,1,1,1,4,1,1,1,1,1,1,1,1,1,1,1,1,1
446,1196,27,33566,421,397,16,20,221,43,451 1,1,1,1,1,1,1,1,1,1,1
38,10823,5,2601,4910,6,421,397 1,1,1,1,1,1,1,1
11,30,7,1159,1257,12,80,3,20,31,19,2185,27,6,85,3,5,344,1673,732,20,551,121,38,3489,37,1196,58,65,169,51,18,242,31,46,88,361,116 1,1,1,1,1,1,1,1,1,1,1,1,1,1,1,1,1,1,1,1,1,1,1,1,1,1,1,1,1,1,1,1,1,1,1,1,1,1
16,20,221,43,451,64,1265,6,441,65,121,693,16,38,15,1353,5,537,361,116,143,1199,26,1353,422 1,1,1,1,1,1,1,1,1,1,1,1,1,1,1,1,1,1,1,1,1,1,1,1,1
16,20,126,19,4462,10104,75,242,31,575,201 1,1,1,1,1,1,1,1,1,1,1
6,446,627,51,90,33567,3,1366,3,33568 1,1,1,1,1,1,1,1,1,1
33569,12,80,344,173,17,2181 1,1,1,1,1,1,1
16,1343,23,1207,27,163,5,20,17312,5,38,255,7,459,51,11,529,3,307,3,2654,34,3,26,174,116 1,1,1,1,1,1,1,1,1,1,1,1,1,1,1,1,1,1,1,1,1,1,1,1,1,1
11,95,1863,3,1181,20,91,5,673,3,5,11,1753 1,1,1,1,1,1,1,1,1,1,1,1,1
11,95,124 1,1,1
20,1260,10,468,10,230,43,451 1,1,1,1,1,1,1,1
230,438,4,12,6,230,23,701,143,6256,3,33570,3,33571,3,33572,3,1942,42,19,1467,5,1914,42,19,1467 1,1,1,1,1,1,1,1,1,1,1,1,1,29,1,1,1,1,1,1,1,1,1,1,1,1
16,35,138,633,3,1723,6525,1580,3,22,5,592,20,2580,35,92,20,955,5,2628,2519 1,1,1,1,1,1,1,1,1,1,1,1,1,1,1,1,1,1,1,1,1
506,111,3612,1353 1,1,1,1
4286,781 1,1
174,579,4,72,708,135,30,39,30,33573,3939,12,4237,17,159,33574,5573,166,1086,10,8710,1543,405,99,2999,142,132,538,545,12,10662,110,687,635,1004,5,20,19,11391,438,7,452,1524,27,5447,12,10659,5,19,452,159 1,1,1,1,1,1,1,1,1,1,1,1,1,1,1,1,1,1,1,1,1,1,1,1,1,76,1,1,1,1,1,1,1,1,1,1,1,1,1,1,1,1,1,1,1,1,1,1,1,1,1
80,2621,1948,72,17313,256,7,1834,854,1395,110,5192,3381,9,11,373,8,19,4639,17,33575,4464,1395,838,12,1985,111,33576,51,11,1271,713,12,2614,20,5003,220,559,7,335,42,3981,1475,12,2614,44,150,30,573,583,7,567,399,27,1279,5,661,7,431,27,1428,58,491,57,2310,206,30,6822,17,6858,5,488,6858,183,1119,485,285,27,11158,127,4,8710,3,646,5573,39,19,168,176,947,478,9,203,8,25,32,1026,2408,4,45,5989,49,4,36,45,9,73,8,178,959,1092,3999,9,10114,3999,8,58,1222,1096,892,167,15603,195,17000,7434,9,16999,8,25,305,167,263,672,2408,4,568,11546,49,4,36,568,9,73,8,253,12379,2217,22,25,32,346,1712,456,2217,1337,25,32,460,348,2827,22,25,305,13,911,652,906,36,568,25,32,833,962,9,1118,8,25,69,378,2408,4,568,819,49,4,36,568,9,73,8,995,9903,955,22,25,32,1079,736,125,22,25,276,1477,15430,9,9791,8,231,22,25,32,1708,6680,912,964,9,2597,4276,8,850,22,25,32,2001,1484,456,1945,22,25,608,1237,10,1515,905,9513,102,77,316,4,8041,3,1600,3,16959,3,125,3,1183,42,19,3180,814,4,480,3,15,78,1071,29,3035,227,4,818,2596,91,3,11,908,3,4329,3,665,136,4,11,576,3,11,635,3,11,246,48,4,7871,372,7754,19,53,5,33577,84,19,2559,649,1910,4,455,3,11,3091,2654,4,152,3,952,3,1465,3,11,1482,3,11,969,149,836,4,33578,1348,4,705,1840,3,592,2628,3,869,2421,3,769,33579,3,3391,33580,399,2714,3,22,1857,3,1179,755,905,1646,3,1251,33,3,4286,12,80,72,1340,506,4,3612,1353,192,78,1071,29,104,4,40,14,15,1666,1741,358,220,9997,7,1834,1353,3,545,3,17311 1,1,1,1,1,1,1,1,1,4,1,1,1,1,1,1,1,1,1,1,1,1,4,1,1,1,1,1,1,1,1,1,1,1,1,1,1,1,1,1,1,1,1,1,1,1,1,1,1,1,1,1,1,1,1,1,1,1,1,1,1,1,1,1,1,1,1,5,5,5,5,5,5,5,1,1,1,1,1,1,1,1,1,1,1,1,1,1,1,11,11,11,11,1,1,1,1,1,1,1,1,1,1,1,1,1,1,1,1,1,1,1,1,1,1,1,1,1,1,1,1,1,1,1,1,1,1,1,1,1,1,1,1,1,1,1,1,1,1,1,1,1,1,1,1,1,1,1,1,1,1,1,1,1,1,1,1,1,38,1,1,1,1,1,1,1,1,1,1,1,1,1,1,1,1,1,1,1,1,1,1,1,1,1,1,1,1,1,1,1,1,1,1,1,1,1,1,12,1,1,1,1,1,95,95,95,95,1,1,1,1,1,1,1,1,1,1,1,1,1,1,1,1,1,1,1,1,1,1,1,1,1,1,1,1,1,1,1,1,1,1,1,1,1,1,1,1,1,1,1,1,1,1,1,1,1,1,1,1,1,1,1,1,1,1,1,1,1,1,1,1,1,1,1,1,1,1,1,1,1,1,1,1,1,1,1,1,1,1,1,1,1,1,1,1,1,1,1,1,1,1,1,1,1,1,1,1,1,1,1,1,1,1,1,1,1,1,1,1,1,1,1,1,1,1,1,1,1,1,1,1,1,1,1,1,1,1,1,1,1,1,1,1,1,1,1,1,1,1,1,1,1,1,1,1,1,1,1,1,1,1,1,1,1,1,1,1,1,1,1,1,1,1,1,1,1,1,1
3939,12,4237,159,2975,3,1524,9,19,452,5656,8,3,5573,3,1395,121,61,13,1169,1166,263,1634,65,220,446,5,131,300 1,1,1,1,1,1,1,1,1,1,1,1,1,1,1,4,1,1,1,1,1,1,1,1,1,1,1,1,1
6,446,753,10,46,68,61,397,6,2185,5,166,627,43,92 1,1,1,1,1,1,1,1,1,1,1,1,1,1,1
482,92,1719,1692,139,911,166,15,5382,5,92,14,132,627,13,6005 1,1,1,1,1,1,1,1,1,1,1,1,1,1,1,1
23,1353,14,1275,1086,10,1834,26,2844 1,1,1,1,1,1,1,1,1
483,47,36,4,17313,41,1972,13,4639,6525,25,33581,65 1,1,1,1,1,1,1,1,1,1,1,1,1
557,1130,5,148,211,33,4286,3,4912,3,336,7424,483,47,58,4,2411,7,5382,5,627,43,4462,33,488,4462,33,1347,1159,1257,5,33582,483,47,117,4,819,33583,166,6343,5,41,745,633 1,1,1,1,1,1,1,1,1,1,1,1,1,1,1,1,1,1,1,1,1,1,1,1,1,1,1,1,1,1,1,1,1,1,1,1,1,1,1,1,1,1,1,1
134,109,31,538,41,1347,336,264,483,47,210,4,33584,41,659,348,5,33585,5,126,1315,1024,477,16,14,12,6,124,483,47,108,4,256,7,1524,5,7719,33586,41,659,452,89,5,827,905,33587,5,1237,1427,376,17,233,174,1694,483,41,1515,19,163,39,35,677,57,31,308,483,27,40,802,1927,4,145,71,353 1,1,1,1,1,1,1,1,1,1,1,1,1,1,1,38,1,1,1,1,56,56,1,1,1,1,1,1,1,1,1,1,1,1,1,1,1,1,1,1,1,1,1,1,1,1,1,1,1,1,1,1,1,1,1,1,1,1,1,1,1,1,1,1,1,1,1,1,1,1,1,1,1,1
633,7,1909,27,13436,1155,361,4,950,3,2114 1,1,1,1,1,1,1,1,1,1,1
86,2319,971,4,1803,19,452,726,4,296,3042,33588,11448,3,710,33589 1,1,1,1,1,1,1,1,1,1,1,1,1,1,1,1
