67,54,4,33520,28,414,4,12518,3,7724,257,542,4,33521,259,54,7,112,4,33522,1150,532,5,1057,436,451,4,609,1265,711,4,609,6096,1120,4,1578,832,730,234,249,30,7,61,328,79,801,13,10159,11375,3,1410,1624,8628,5,2622,340,3,492,99,1471,1023,33523,3,943,225,80,113 1,1,1,1,1,1,1,1,1,1,1,1,1,1,1,1,1,1,1,1,1,1,1,1,1,1,1,1,1,1,1,1,1,1,1,1,1,1,1,1,1,1,1,1,1,1,1,1,1,1,1,1,1,1,1,1,1,1,1,1,1,1,1,1,1,1,1
16,20,12,23,3313,597,225,6,80,113,16,21,38,266,1616,249,12,33524 1,1,1,1,1,1,1,1,1,1,1,1,1,1,1,1,1,1
16,44,1197,33525 1,1,1,1
74,143,11,174,422,2366,923,4,11,33526 1,1,1,1,1,1,1,1,1,1
16,242,55,1636 1,1,1,1
19,6,65,1676,16,38,446,1580,3,33527 1,1,1,1,1,1,1,1,1,1
16,98,1204,33528,2292,12,618,3,4166,384,5,489 1,1,1,1,1,1,1,1,1,1,1,1
16,21,15,6563,1334,9,615,129,8,3,13,131,453,51,11,685 1,1,1,1,1,1,1,1,1,1,1,1,1,1,1,1
11,273,116,26,188,34 1,1,1,1,1,1
16,55,377,25,80,113 1,1,1,1,1,1
80,39,30,9,36,8,10159,4,1219,61,11375,13,58,113,7,263,3,590,3,5,1368 1,1,1,1,1,1,1,1,1,1,1,1,1,1,1,1,1,1,1,1,1
1168,275,266,836,5,33529,660,10159 1,1,1,1,1,1,1,1
16,20,3045,13,17302,5,17303,3,33530,492,4237 1,1,1,1,1,1,1,1,1,1,1
16,20,95,2622,13,17303,5,17302,3,99,138,33531 1,1,1,1,1,1,1,1,1,1,1,1
9,58,8,142,4,19,254,80,117,87,9,117,8,151,4,131,3,19,25,254,80,210,87 1,1,1,7,1,1,1,1,1,1,1,1,1,4,1,1,1,1,1,1,1,1,1
9,210,8,2538,2017,771,9,108,8,4464,80,591,30,9,36,8,5192,3381,17,1913,39,1782,2217,32,1088,171,32,613,231,305,809,2827,892,127,790 1,1,1,1,1,1,1,1,1,1,1,1,1,1,1,1,1,1,1,1,1,1,1,1,13,1,1,9,1,1,17,1,1,1,1
2561,10,33532,150,30,9018,206,30,3682,5,1849,33533,548 1,1,1,1,1,1,1,1,1,1,1,1,1
245,27,163,13,551,5,117,5705,3,175,14,33534,320,113,302,2897,285,35,355,17,17300 1,1,1,1,1,1,1,1,1,1,1,1,1,1,1,1,1,1,1,1,1
1215,334,238,141,87,183,3,36,1333 1,5,5,5,5,5,1,1,1
14541,541 1,1
316,205,33535,382,33536,125,102,77,207,197,983,1250,12,859,3,480,196,797,227,1042,91,3,1536,3,9032,3,338,952,3,665,3,863,136,2972,3,368,31,192,576,3,11,309,5430,11,2109,26,875,309,48,1304,2852,455,3,2744,3,11,3091,779,77,11,10032,2956,114,11,5017,273,2657,457,532,705,1618,592,2906,869,853,9,59,8,769,5654,392,125,888,1293,870,2666,9,83,8,399,4114,1179,2905,9,59,8,1077,1160,1791,1701,1506,1945,1388,2221,1938,1646,1565,2148,1527,1245,1566,3010,1077,1160,1791,1701,349,2905,9,59,8,333,5322,9,59,8,536,3695,9,59,8,653,1137,42,1209,1232,9,83,8,42,577,1469,42,847,36,9,59,8,42,830,58,2649,17304,9,59,8,79,6168,1074,1492,9,292,8,1067,16931,9,59,8,339,1578,832,914,320,129,256,10159,3,110,8628,5,2622,1760,3,1584,36,113,266,1616,249,3,132,2327,3,5,33537 1,1,1,1,1,1,1,1,1,1,1,1,1,1,1,1,1,1,1,1,1,1,1,1,1,1,1,1,1,1,1,1,1,1,1,1,1,1,1,1,1,1,1,1,1,1,1,1,1,1,1,1,1,1,1,1,1,1,1,1,1,1,1,1,1,1,1,1,1,1,1,1,1,1,1,1,1,1,1,1,1,1,1,1,1,1,1,1,1,1,1,1,1,1,1,1,1,1,1,1,1,1,1,1,1,1,1,1,1,1,1,1,1,1,1,1,1,1,1,1,1,1,1,1,1,1,1,1,1,1,1,1,1,1,1,1,1,1,1,1,1,1,1,1,1,1,1,1,1,1,1,1,1,1,1,1,1,1,1,1,1,1,1,1,1,1,1,1,1,1,1,1,1,1,1,1,1,1,1,1,1,1,1,1,1,1,1,1,1,1,1,1,1,1,1
147,9,36,8,1120,4,11,374,1085 1,1,1,1,1,1,1,1,1
11,386,26,798,923 1,1,1,1,1
284,4674,14,33538,1334 1,1,1,1,1
618,2292,327,2462 1,1,1,1
16,21,117,381,727,27,163 1,1,1,1,1,1,1
33539,1898,7180,33540,5,3995,33541,1257,9,58,8,33542,4,349,2905,3,333,2136,3,4596,3695 1,1,1,1,1,1,1,1,1,1,1,1,1,1,1,1,1,1,1,1,1
4968,160,17,1698,27,40,802 1,1,1,1,1,1,1
9,117,8,151,4,232,179,13,818,1764,3129,809,9,210,8,142,4,232,179,13,1534,5,1176,3129,613,5,1088,9,108,8,2572,4,1220,66,3381 1,1,1,4,1,1,1,1,1,1,1,17,1,1,1,7,1,1,1,1,9,1,13,1,9,1,13,1,1,1,1,1,1,1,1
8772,144,33543,3129,1782,497,33544,1028,11622,3,107 1,1,1,1,1,1,1,1,1,1,1
