67,54,4,33545,54,1519,2018,3,2614,85,5133,1180,36,168,55,28,4,7724,12518,39,67,1397,4,12519,702,4,33546,54,7,168,4,1519,2018,3,2614,747,198,331,4,12522,1265,3,229,262,331,4,12522,1265,3,229,162,281,331,4,2640,17305,3,229,726,161,4,296,1085,4,28,3,39,67,730,234,4,407,5,2756,17306,30,7,61,328,4,79,20,12,23,3313,597,175,113,1676,186,16,387,15,6702,263 1,1,1,1,1,1,1,1,1,1,1,1,1,1,1,1,1,1,1,1,1,1,1,1,1,1,1,1,1,1,1,1,1,1,1,1,1,1,1,1,1,1,1,1,1,1,1,1,1,1,1,1,1,1,1,1,1,1,1,1,1,1,1,1,1,1,1,1,1,1,1,1,1,1,1,1,1,1,1,1,1,1,1,1,1,1,1,1,1,1,1,1,1,1,1
267,10,544,65,1676,16,387,2753,3,3101,3,5,537,3889,51,242,31,375 1,1,1,1,1,1,1,1,1,1,1,1,1,1,1,1,1,1
866,3,12,6,871,495,19,6,65,7,168,16,3625,115,13,535,184,507,10,407,5,20,17306,2756 1,1,1,1,1,1,1,1,1,1,1,1,1,1,1,1,1,1,1,1,1,1,1,1
16,61,10,6,318,499,834,23,718,880,19,658,20,388,42,3,1130,3,523,3919,3,148,33547 1,1,1,1,1,1,1,1,1,1,1,1,1,1,1,1,1,1,1,1,1,1,1
16,20,138,15,2186,7,44,3468,3,5,343,13,1433,36,1681,247,3,2648,36,1681,247,3,5,2681,2009,516 1,1,1,1,1,1,1,1,1,1,1,1,1,1,1,1,1,1,1,1,1,1,1,1,1,1
16,38,11,249,26,459,3,11,1673,732,3,11,418,3,11,48,34,3,11,84,12,326,1215,3,11,796,3,11,15553,3,11,1371,994 1,1,1,1,1,1,1,1,1,1,1,1,1,1,1,1,1,1,1,1,1,1,1,1,1,1,1,1,1,1,1,1,1
81,7,182,4,35,258,270,12,6,30,7,61,328 1,1,1,1,1,1,1,1,1,1,1,1,1
11,323,3,11,291,34,3,11,1366,3,11,2052 1,1,1,1,1,1,1,1,1,1,1,1
80,3437,30,4,33548,3563,10662,3,15694,3,801,186,79,5583,3135,139,62,2895,7,15,70,136,240,3,19,452,159,286,3,5597,1134,193,3,406,43,452,33549,7,2151,5,53,518,323,13309,3,538,3,72,16589,3,72,5339,264,3,1953,19,452,27,6,85,14119,324,3,2504,3556,3,19,809,13179,3,19,218,3,11,1392,255,3,11,256,1011,3,713,12,33550,559,586,42,33551,3939,3,1363,2975,3,1972,1182,2255,33552,5573,507,10,8710,3,58,87,33553,2065,76,3,95,801,12,2806,2614,127,4,33554,5573,39,4,17131,2534,22,25,305,1994,4006,6509,36,1222,1096,69,218,125,22,25,5945,809,2827,22,25,305,962,125,22,25,5945,800,141,22,25,276,252,547,22,25,5945,1253,3,36,45,25,5945,959,1092,58,1222,4525,167,9297,58,22,25,5945,12379,850,22,25,276,9903,14099,22,25,5945,12683,669,22,25,69,2681,5990,42,58,1318,965,69,452,108,22,25,33555,3,755,22,25,33556,1782,2217,1337,25,5945,2597,4276,447,22,25,605,206,30,4,4121,7561,2461,507,10,33557,5573,3,157,10,52,15,33558,3,14,920,13,544,727,440,117,3,320,3,929,991,699,8516,541,33559,3,99,728,12,208,1113,8516,150,30,4,2101,102,101,4,814,4,2280,3,416,7151,184,701,4,292,16088,364,2293,148,5440,716,125,3298,1137,42,19,1467,1929,227,4,1806,3,665,3,1852,3,1561,1561,1313,1213,4,876,225,194,1443,644,4,145,156,5,239,3,304,5,310,44,3,11,213,362,4,1465,3,3640,588,3,152,3,952,10,1046,531,4,11,1379,3,4852,217,352,4,410,5,642,3,925,645,10,2005,928,204,3,628,1006,12,2363,5,634,196,4,11,3323,277,26,243,3,232,196,3930,532,4,456,9,578,149,8,2647,9,1305,8,351,663,9,578,149,8,1880,9,1276,8,351,835,9,578,149,8,3703,83,9,1310,8,351,769,9,578,149,8,7376,9,1450,8,351,392,9,578,149,8,1907,83,9,1311,8,219,347,9,578,149,8,955,9,1601,8,219,345,9,578,149,8,7756,83,9,1359,8,219,349,2482,9,1312,8,524,333,8285,59,9,1977,8,42,560,4247,9,2119,8,1451,734,9277,59,9,2202,8,1785,536,4385,59,9,1589,8,1381,653,388,9,1360,8,1227,786,6823,9,1479,8,1588,823,5290,9,1480,8,654,795,3701,9,1424,8,42,79,17125,83,9,5810,8,1060,1074,2086,1257,1125,4429,1542,1912,9,1739,8,42,3261,1299,83,9,3988,8,42,577,856,59,9,1786,8,42,847,58,59,9,1740,8,42,830,519,9,1832,8,42,864,519,9,1691,8,42,714,1209,17307,9,2240,8,524,714,3261,7266,524,714,577,17308,59,9,2241,8,524,714,847,7620,59,9,2577,8,524,714,830,4729,59,9,2242,8,524,714,864,4729,9,2278,8,524,1661,200,9,200,8,1577,200,9,200,8,2360,200,9,200,8,2096,200,9,200,8,2585,1706,9,1706,8,5503,91,9,91,8,3584,72,9,193,8,2736,72,9,193,8,3585,72,9,193,8,3586,2854,16509,9,3479,8,3587,63,72,9,193,8,1838,1944,9,3480,8,3588,565,9,193,8,6835,72,9,193,8,3466,72,9,193,8,1886,1018,72,9,193,8,336,1898,3,63,1898,3,1181,1898,401,177,3,17309,4,338,1267,3,811,662,804,12,645,5,1016,3,500,187,804,626,3,70,1090,2549,506,3,17309,4,74,14,3791,2048,27,6,53,649,7066,789,19,6,525,689,543,13,854 1,1,1,1,1,1,1,1,1,1,1,1,1,1,1,1,1,1,1,1,1,1,1,1,1,1,1,1,1,1,1,1,1,1,1,1,1,1,1,1,1,1,1,1,1,1,1,1,1,1,1,1,1,1,1,1,1,1,1,1,1,1,1,41,41,41,1,38,1,1,1,13,13,1,1,1,1,1,1,1,1,1,1,1,1,1,1,1,1,1,1,1,1,1,1,1,1,1,1,1,1,1,1,1,1,1,1,1,1,1,1,1,1,1,1,1,1,1,1,1,1,1,1,1,1,1,1,1,1,1,1,13,1,1,1,1,38,1,1,1,1,1,1,1,1,1,12,1,1,1,1,11,1,1,1,1,1,1,1,1,1,1,1,1,1,1,1,1,1,1,1,1,1,1,1,1,1,1,1,1,1,1,1,1,1,1,1,1,1,1,1,1,1,1,1,1,1,1,1,1,1,1,1,1,1,1,1,1,1,1,1,1,1,1,1,1,1,1,1,1,1,1,1,1,1,1,1,1,1,1,1,1,1,1,1,1,1,1,1,1,1,1,1,1,1,14,14,1,1,1,1,1,1,1,1,1,1,1,1,1,1,1,1,1,1,1,1,1,1,1,1,1,1,1,1,1,1,1,1,1,1,1,1,1,1,1,1,1,1,1,1,1,1,1,1,1,1,1,1,1,1,1,1,1,1,1,1,1,1,1,1,1,1,1,1,1,1,1,1,1,1,1,1,1,1,1,1,1,1,1,1,1,1,1,1,1,1,1,1,1,1,1,1,1,1,1,1,1,1,1,1,1,1,1,1,1,1,1,1,1,1,1,1,1,1,1,1,1,1,1,1,1,1,1,1,1,1,1,1,1,1,1,1,1,1,1,1,1,1,1,1,1,1,1,1,1,1,1,1,1,1,1,1,1,1,1,1,1,1,1,1,1,1,1,1,1,1,1,1,1,1,1,1,1,1,1,1,1,1,1,43,43,43,43,43,43,1,1,1,1,1,1,1,1,1,1,1,1,1,1,1,1,1,1,1,1,1,1,1,1,1,1,1,1,1,1,1,1,1,1,1,1,1,1,1,1,1,1,1,1,1,1,1,1,1,1,1,1,1,1,1,1,1,1,1,1,1,1,1,1,1,1,1,1,1,1,1,1,1,1,1,1,1,1,1,1,1,1,1,1,1,1,1,1,1,1,1,1,1,1,1,1,1,1,1,1,1,1,1,1,1,1,1,1,1,1,1,1,1,1,1,1,1,1,1,1,1,1,1,1,1,1,1,1,1,1,1,1,1,1,1,1,1,1,1,1,1,1,1,1,1,1,1,1,1,1,1,1,1,1,1,1,1,1,1,1,1,1,1,1,1,1,1,1,1,1,1,1,1,1,1,1,1,1,1,1,1,1,1,1,1,1,1,1,1,1,1,1,1,1,1,1,1,1,1,1,1,1,1,1,1,1,1,1,1,1,1,1,1,1,1,1,1,1,1,1,1,1,1,1,1,1,1,1,1,1,1,1,1,1,1,1,1,1,1,1,1,1,1,1,1,1,1,1,1,1,1,1,1,1,1,1,1,1,1,1,1,1,1,1,1,1,1,1,1,1,1,1,1,1,1,1,1,1,1,1,1,1,1,1,1,1,1,1,1,1,1
74,14,11,202,7,3034,26,997,792 1,1,1,1,1,1,1,1,1
53,194,1443,854,3475,4,1713,379,358,220,17310,5573,3,1115,2065,76,3,256,33560,3,256,350,3908,121,1584,407,5,3950,176,61,7,407,5,3950,543,220,1993,6102,1353,1540,138,202,7,53,194,1443,1984,19,48,123,8700,5,10740 1,1,1,1,1,1,1,1,1,1,1,1,1,1,1,1,1,1,1,1,1,1,1,1,1,1,1,1,1,1,1,1,1,1,1,1,1,1,1,1,1,1,1,1,1,1,1,1,1,1,1,1,1
602,166,37,79,38,15,350,3908,159,16,14,1953,19,452,13,62,905,7,2086,89,3,11,202,7,6324,19,177,3,11,48,34,19,61 1,1,1,1,1,1,1,1,1,1,1,1,1,1,1,1,1,1,1,1,1,1,1,1,1,1,1,1,1,1,1,1,1
41,343,13,3110,5,2935 1,1,1,1,1,1
41,1623,13,959,1092,516,167,307 1,1,1,1,1,1,1,1
41,98,86,79,82,1201,1115,2065,76,39,389,7,1994,178,256,545,19,452,3,905,2086,89,3,41,659,452,17,2370,159,126,907 1,1,1,1,1,1,1,1,1,1,1,1,1,1,1,1,1,1,1,1,1,1,1,1,1,1,1,1,1,1,1
41,198,450,905 1,1,1,1
195,17310,5573,4,211,3,86,1201,39,389,253,71,324,4,41,659,79,82,818,1764,39,477,12,124,3,41,1495,220,7059,346,106,4,41,86,218,460,1927,4,41,1175,25,1278,35,572 1,1,1,1,1,1,1,1,1,1,1,4,4,1,1,1,1,1,1,1,1,1,1,1,1,1,1,1,1,1,7,7,1,1,13,1,1,1,1,1,1,1,1,1
79,220,118,819,166,507,10,416,2624 1,1,1,1,1,1,1,1,1
41,96,976,1291,220,1348,1134 1,1,1,1,1,1,1
41,1237,1348,1427 1,1,1,1
41,126,79,19,15,353,220,266,1045,1978,5,266,393 1,1,1,1,1,1,1,1,1,1,1,1,1
14453,2640,17305,3,229,710,4,47,33561 1,1,1,1,1,1,1,1,1
