67,54,4,33629,1180,117,168,55,28,4,2193,3152,542,4,12523,162,54,4,208,558,3,33630,451,4,4830,10945,3,229,262,331,4,732,4,16574,33631,3,9,33632,8,33633,726,161,4,296,730,234,616,5,84,12,944,161,30,7,61,328,293,3152,14,15,1273,1446,3,121,1584,616,37,1196,58,10,117,113,183 1,1,1,1,1,1,1,1,1,1,1,1,1,1,1,1,1,1,1,1,1,1,1,1,1,1,1,1,1,1,1,1,1,1,1,1,1,1,1,1,1,1,1,1,1,1,1,1,1,1,1,1,1,1,1,1,1,1,1,1,1,1,1,1,1,1,1,1,1,1,1,1,1
6,79,631,6,616,20,627,186,16,15645,115,10,321,963,29,55,37,92,20,1409,3012,186,16,20,1210,5,2383,19,15,1409,7023,1152,35,7817 1,1,1,1,1,1,1,1,1,1,1,1,1,1,1,1,1,1,1,1,1,1,1,1,1,1,1,1,1,1,1,1,1,1
6,616,20,4042,43,201,1417,467 1,1,1,1,1,1,1,1
16,1190,37,16,1196,190,616,405,6,10611,99,113,186,23,728,1599,20,8631 1,1,1,1,1,1,1,1,1,1,1,1,1,1,1,1,1,1
16,6286,3263,1599,597,16,20,933,92,20,33634,3,286,16,488 1,1,1,1,1,1,1,1,1,1,1,1,1,1,1
16,525,387,446,477,31,728,88,1599,5,344,46,598,17323,7749 1,1,1,1,1,1,1,1,1,1,1,1,1,1,1
405,571,58,113,7,616,3,293,3152,55,16,537,37,16,1261,2100,65,7,23,2733,3,631,37,16,20,1275,17223,319,26,10465 1,1,1,1,1,1,1,1,1,1,1,1,1,1,1,1,1,1,1,1,1,1,1,1,1,1,1,1,1,1
16,1295,10,40,4095,3143,23,39,4516,20,464,296,17,6,356,117,65,29,1623,23,3136,43,631,16,1119,3546,2087,23,39 1,1,1,1,1,1,1,1,1,1,1,1,1,1,1,1,1,1,1,1,1,1,1,1,1,1,1,1,1
293,3152,258,37,6,702,20,31,3996,5,1645,37,23,616,20,312,166,78,47,2164,29,33635,78,47,2139,29,16,190,37,23,147,1196,186,49,33636,58,113,183,5,368,31,1946,88,174,39,37,14,424,13,23,116 1,1,1,1,1,1,1,1,1,1,1,1,1,1,1,1,1,1,1,1,1,1,1,1,1,1,1,1,1,1,1,1,1,1,1,1,1,1,1,1,1,1,1,1,1,1,1,1,1,1,1
293,3152,631,16,78,47,966,29,73,636,1204,88,616,397,3,5,1533,23,116,237,5148,134,16,1123,1216,12,859 1,1,1,1,1,1,1,1,1,1,1,1,1,1,1,1,1,1,1,1,1,1,1,1,1,1,1
293,3152,98,768,62,118,94,12,23,413,3,631,3,78,47,2164,29,92,537,35,134,808,412,5,1040,143,530,10,33637,78,47,2139,29,79,90,413,33638,3,611,3,8281,9,66,357,26,485,8,3,26,529 1,1,1,1,1,1,1,1,1,1,1,1,1,1,1,1,1,1,1,1,1,1,1,1,1,1,1,1,1,1,1,1,1,1,1,1,1,1,1,1,1,1,1,1,1,1,1,1,1,1
81,7,182,17324,11,590,3,2291,7,391,3,84,12,1059,3,26,140,16002,9033,11,277,3,4598,3,1368,3,26,474,9926,11,1297,3,555,26,611,7603,11,84,12,889,3,2766,3,3009,3,7215,3,5475,3,261,3,26,33639,33640,11,84,12,841,3,34,3,2338,3,33641,3,26,3460,16086,11,965,817,3,5123,1653,3,26,3957,33642,11,818,283,3,34,3,683,1431,3,1654,3,1371,994,3,26,2539,3026,4334,11,34,3,453,33643,11,34,3,240,3,26,261,12095,11,263,3,307,3,109,3,739,3,760,3,26,34,17325,11,529,26,94,26,418,33644,131,598,648,9,538,13,9115,26,554,8106,8 1,1,1,1,1,1,1,1,1,1,1,1,1,1,1,1,1,1,1,1,1,1,1,1,1,1,1,1,1,1,1,1,1,1,1,1,1,1,1,1,1,1,1,1,1,1,1,1,1,1,1,1,1,1,1,1,1,1,1,1,1,1,1,1,1,1,1,1,1,1,1,1,1,1,1,1,1,1,1,1,1,1,1,1,1,1,1,1,1,1,1,1,1,1,1,1,1,1,1,1,1,1,1,1,1,1,1,1,1,1,1,1,1,1,1,1,1,1,1,1,1,1,1,1,1,1,1,1,1,1,1,1,1,1,1,1,1,1,1,1,1
11,34,3,1790,3,4698,3,4074,3,26,2161 1,1,1,1,1,1,1,1,1,1,1
6939,11,796,3,1393,3,26,1408 1,1,1,1,1,1,1,1
11,261,26,34,12,6569,26,1068 1,1,1,1,1,1,1,1
33645,4,11,3161,3,1013,3,1790,3,2157,3,2099,3,11502,3,26,725,16856,11,8239,1098,6133,11,33646,3,1002,84,3,1242,3,1805,1164,3,26,942,84 1,1,1,1,1,1,1,1,1,1,1,1,1,1,1,1,1,1,1,1,1,1,1,1,1,1,1,1,1,1,1,1,1,1,1,1
11,2313,3,837,3,26,323 1,1,1,1,1,1,1
33647,11,363,26,7996,1626 1,1,1,1,1,1
80,39,30,793,33648,151,3,2884,3,142,3,2619,3,1283,3,33649,78,47,966,29,73,1447,9,12525,8,3,1354,3,391,1274,3,110,384,938,164,3,1487,3,2790,3,3299 1,1,1,1,1,4,1,1,1,7,7,1,1,1,1,1,1,1,1,1,1,1,1,1,1,1,1,1,1,1,1,1,1,1,1,1,1,1,1,1,1
39,176,947,478,9,203,8,547,22,25,32,178,1916,1142,22,25,32,195,17326,4461,625,42,1455,9,33650,625,42,8,36,2180,1140,69,253,274,279,22,25,32,346,12526,9,17327,12503,42,8,1140,69,167,460,12472,912,964,9,12524,8,558,22,25,32,652,2131,456,9,950,8,231,22,25,305,833,4657,9,11031,8,9,3123,8,108,22,25,32,995,932,9,289,8,171,22,25,32,1079,4210,180,1633,25,32,1477,218,171,22,25,32,1708,348,501,22,25,69,2001,4127,4774,22,25,69,167,415,34,2218,1118,125,22,25,69,2434,3552,9,2114,45,8,58,298,25,69,2520,736,125,22,25,276,3201,3992,9,2146,8,9682,22,25,32,33651,790,33652,4428,150,30,293,3152,78,47,966,29,73,573,583,27,388,1446,5,23,661,27,1217,1446,290,10,15,778,490 1,1,11,11,11,11,11,1,1,1,1,1,1,1,1,1,1,1,1,1,1,1,1,1,1,1,1,1,1,1,1,1,1,55,1,1,1,1,1,1,1,1,1,1,1,1,1,1,1,1,1,1,1,1,1,1,1,1,1,1,1,1,1,1,1,1,1,1,1,1,1,1,1,1,1,1,1,1,1,1,1,1,1,1,1,1,1,1,1,1,1,1,1,1,1,1,1,44,1,1,1,1,1,38,1,1,1,1,1,1,1,1,1,1,1,1,1,1,1,1,1,1,1,1,1,1,1,1,1,1,1,1,1,1,12,1,1,1,1,1,69,69,69,69,1,1,1,1,1,1,1,1,1,1,1,1,1,1,1,1,1,1,1,1,1,1,1,1,1,1,1,1,1,1,1,1,1
6,79,21,210,1020,3,117,491,3,5,58,723,29,233,12,232,436,1427,10,6,79 1,1,1,1,1,1,1,1,1,1,1,1,1,1,1,1,1,1,1,1,1
206,30,293,3152,14,62,678,33653,5,1221,7271,4750 1,1,1,1,1,1,1,1,1,1,1,1
16,6527,12,6,33654,35,15,278,3,5,90,88,11433,7532,1543 1,1,1,1,1,1,1,1,1,1,1,1,1,1,1
23,551,583,141,87,183,7,3594,373,5,882,2087,24 1,1,1,1,1,1,1,1,1,1,1,1,1
12081,293,3152,768,23,353,35,78,47,2164,29,31,35,232,35,92,546,33655,78,47,2139,29,16,1645,16,207,724,1146,16,1081,3,724,319,15,1629,5,631,16,368,724,15,1629,7,78,47,2164,29,14159,33656,78,47,2139,29,16,98,1645,6,344,85,16,724,78,47,2164,29,60,78,47,2139,29,14,186,16,724,27,23,723,78,47,966,29,73,26,491,78,47,966,29,73,1422 1,1,1,1,1,1,1,1,1,1,1,1,1,1,1,1,1,1,1,1,1,1,1,1,1,1,1,1,1,1,1,1,1,1,1,1,1,1,1,1,1,1,1,1,1,1,1,1,1,1,1,1,1,1,1,1,1,1,1,1,1,1,1,1,1,1,1,1,1,1,1,1,1,1,1,1,1,1,1,1,1,1,1,1,1,1,1,1,1,1
17328,4701,17329,1684,2801,7,3438,135,129 14,14,1,1,1,1,1,1,1
79,7140,78,47,966,29,292,190,16,160,10,2208,188 1,1,1,1,1,1,1,1,1,1,1,1,1
33657,1427,10,6,79,16,21,157,2952,5,6621,35,95,3723,87,183 1,1,1,1,1,1,1,1,1,1,1,1,1,1,1,1
2159,33658,293,3152,14,31,137,2159,308 1,1,1,1,1,1,1,1,1
102,77,79,14,62,280,498,13,1005,196,243,9,2619,8,5,11031 1,1,1,1,1,23,1,1,1,1,1,1,1,1,1,1
16,981,60,5,33659,7846,66,23,7151,184 1,1,1,1,1,1,1,1,1,1
701,4,292,4,4502,148,4,9323,523,4,2060,716,4,581,4929,4,967,19,702,737,17324,11,199,342,227,33,1172,3,1121,29,33660,3,665,3,1124,797,3,11,4827,1050,29,500,3941,3,1239,2638,5,1110,968,685,3,1296,3,26,243,136,33,11,908,3,44,687,97,240,29,576,917,29,216,133,217,100,29,11,216,222,29,6,3038,14,1017,350,78,47,383,29,675,7289 1,1,1,1,1,1,1,1,1,1,1,1,1,1,1,1,1,1,1,1,1,1,1,1,1,1,1,1,1,1,1,1,1,1,1,1,1,1,1,1,1,1,1,1,1,1,1,1,1,1,1,1,1,1,1,1,1,1,1,1,1,1,1,1,1,1,1,1,1,1,1,1,1,1,1,1,1,1,1,1,1,1,1,1,1,1,1,1
44,1051,220,11,84,12,7953 1,1,1,1,1,1,1
4793,5,407,100 1,1,1,1
11,6113,26,33661 1,1,1,1
103,78,47,383,29,1108,1108,239,5,156,29,304,5,310,44,29,11,213,3,502,26,561,29,217,133,12,6,114,100,214,33,152,3,2045,29,416,246,748,1046,7,789,214,29,44,326,327,29,11,240,26,1128,114,33,617,5,3776,29,11,743,3,750,3,26,93,273,33,925,1544,928,204,3,232,628,100,3,44,511,100 1,1,1,1,1,1,1,1,1,1,1,1,1,1,1,1,1,1,1,1,1,1,1,1,1,1,1,1,1,1,1,1,1,1,1,1,1,1,1,1,1,1,1,1,1,1,1,1,1,1,1,1,1,1,1,1,1,1,1,1,1,1,1,1,1,1,1,1,1,1,1,1,1,1,1,1,1,1
44,700 1,1
196,78,47,383,29,8607,243,19,2150,5,4410,9,574,5,789,8 1,1,1,1,1,1,1,1,1,1,1,1,1,1,1,1
944,161,33,410,5,642,10,2847,3,85,3,5,469,457,2647,3650,1713,56,56,56,56,56,56,56,3899,3337,9559,33662,399,3104,1179,2592,22,2845,9,83,8,1077,1160,1791,1389,1506,2777,1388,1967,1938,2086,9,292,8,2967,2054,2289,3899,9,83,8,349,2482,734,12241,9,59,8,560,4047,9,59,8,333,12420,9,59,8,536,7127,9,59,8,653,1942,1565,539,9,59,8,1527,929,9,59,8,1566,586,1336,72,2340,72,2330,5902,1340,264,506,4,11,854,26,174,173,84,66,5964 1,1,1,1,1,1,1,1,1,1,1,1,1,1,1,1,1,1,1,1,1,1,1,1,1,1,1,1,1,1,1,1,1,1,1,1,1,1,1,1,1,1,1,1,1,1,1,1,1,1,1,1,1,1,1,1,1,1,1,1,1,1,1,1,1,1,1,1,1,1,1,1,1,1,1,1,1,1,1,1,1,1,1,1,1,1,1,1,1,1,1,1,1,1,1,1,1,1,1,1,1,1,1,1,1,1,1,1,1,1,1
413,241,4,11,199,2244,1939,3,240,243,26,1961,490,1946 1,1,1,1,1,1,1,1,1,1,1,1,1,1
209,490,7,6,17319,5,70,2919,17320,3,886 1,1,1,1,1,1,1,1,1,1,1
177,1108,1108,239,3,2127,3,448,904 1,1,1,1,1,1,1,1,1
2328,78,986,29,669,1010,3,2311,78,986,29,2337,1010,3,4508,78,840,29,33663,192,293,3152,14,15,1273,1446,832,13,256,2884,3,142,3,5,2212,1584,2116,616,5,2558,944,161 1,1,1,1,1,1,1,1,1,1,1,1,1,1,1,1,1,1,1,1,1,1,1,1,1,1,1,1,1,1,1,7,7,1,4,1,1,1,1,1,1,1
293,3152,14,372,166,137,12,15,1053,4919,258 1,1,1,1,1,1,1,1,1,1,1
16,38,446,3045,43,6,8631,1599,66,6,10611,5,344,1515,23,1959,13,15,33664,58,26,117,2801,7,17323,225,170,65 1,1,1,1,1,1,1,1,1,1,1,1,1,1,1,1,1,1,1,1,1,1,1,1,1,1,1,1
40,12,2411,13,23,2284,7,633,66,446,3,23,1890,39,3,5,284,8051,2192,9,118,1998,345,444,66,5796,1278,12,15,71,8,550,46,3445,201,949,8022 1,1,1,1,1,1,1,1,1,1,1,1,1,1,1,1,1,1,1,1,1,1,1,1,1,1,1,1,1,1,1,1,1,1,1,1,1
2659,293,3152,1317,46,377,915,120,1053,646,23,3391,1538,10,52,185,3,934,15,4370,1178 1,1,1,1,1,1,1,1,1,1,1,1,1,1,1,1,1,1,1,1,1
600,3391,1538,14,31,78,840,29,125,3,119,368,464,3755,37,16,21,4370,2866,482,23,157,7,1890,5,256,2884,75,368,377,6,2047,7,3391,9256,5,6606,17,192,921,7,153,371 1,1,1,1,1,1,1,1,1,1,1,1,1,1,1,1,1,1,1,1,1,1,1,1,1,1,1,1,1,1,1,1,1,1,1,1,1,1,1,1,1,1,1
293,3152,475,157,2574,9,7409 1,1,1,1,1,1,1
4127,8,3,62,2930,5,62,2002,3,233,7,75,57,424,13,377,33665,94,5,153,33666,75,368,1036,10,4370,2866 1,1,1,1,69,1,1,44,1,1,1,1,1,1,1,1,1,1,1,1,1,1,1,1,1,1,1
5997,2866,14,602,166,482,16,14,31,157,88,4353,33667,357,9,7409 1,1,1,1,1,1,1,1,1,1,1,1,1,1,1,1
33668,3,33669,3,26,17330 1,1,1,1,1,1
2663,3,16,14,27,62,118,341,7,393,3563,138,23,256,7,776,5,7869 1,1,1,1,1,1,1,1,1,1,1,1,1,15,15,15,1,1
99,3,293,3152,808,46,15,17331,2866,921,482,23,256,1283,75,550,1036,10,756,7,6,4892,1748,1036,10,118,94,12,6,5864,1298,188,115,949,6,861 1,1,1,1,1,1,1,1,1,1,1,1,1,1,1,1,1,1,1,1,1,1,1,1,1,1,1,1,1,1,1,1,1,1,1,1
293,3152,78,47,966,29,73,616,5,2558,944,161,57,394,1509,43,2866 1,1,1,1,1,1,1,1,1,1,1,1,1,1,1,1,1
475,5285,7,2558,944,161,57,826,319,1696,6,30,5,102,158,8281,3,1329,1939,3,1329,1887,3,2314 1,1,1,1,1,1,1,1,1,1,1,1,1,1,1,1,1,1,1,1,1,1,1,1
104,47,8,33670,153,371,2298,633,5,1959,4,4677,7,247,3468,225,6,441,900,2987,7146,4127,157 1,1,1,1,1,1,1,1,1,1,1,1,1,1,1,1,1,1,1,1,1,1,1
33671,319,33672,921,4,157,1321,10,192,6,978,7,6,931,5,5864 1,1,1,1,1,1,1,1,1,1,1,1,1,1,1,1
134,985,931,5,5864,57,514,6,505,14,312,166,17331,2866,290,10,62,985,623 1,1,1,1,1,1,1,1,1,1,1,1,1,1,1,1,1,1,1
2659,6,28,546,52,192,43,1795,7,284,1355,4914 1,1,1,1,1,1,1,1,1,1,1,1
47,8,151,17332,348,290,10,284,7,1817,5623,5,124,357,3064 1,1,4,1,38,1,1,1,1,1,1,1,1,1,1
47,8,212,33673,33674,10,610,138,2866,47,8,142,17332,218,3,3992,3,932,597,79,78,47,966,29,73,153,534,265 1,1,10,1,1,1,40,1,1,1,1,7,1,44,1,69,1,1,1,1,1,1,1,1,1,1,1,1
47,8,1354,7146,1916,597,79,78,47,966,29,73,153,534,265,47,8,776,2298,736,35,356,1367,9,736,125,22,25,276,8,47,8,2619,2298,17326,4461,625,42,1455,5,17327,12503,42,1140,69,167,47,8,703,623,1394,2298,4657,5,12472,35,356,1367 1,1,1,1,1,1,1,1,1,1,1,1,1,1,1,1,1,15,1,12,1,1,1,1,12,1,1,1,1,1,1,1,1,1,1,1,1,1,1,1,1,1,1,1,1,1,1,1,1,1,1,1,1,1,1,1,1,1
2860,2057,33675,3,9571,710,47,33676 1,1,1,1,1,1,1,1
