69,49,4,28417,15285,303,1315,101,15286,2,15287,28418,101,49,4,28419,95,7,5156,4,35,2946,629,391,5,30,7,629,391,4,38,29,14,15,3456,528,104,279,10,6,15285,1870,308,303,441,65,140,117,6,29,20,514,423,42,23,567,7844,23,140,17,63,3921,1521,7,95 1,1,1,1,1,1,1,1,1,1,1,1,1,1,1,1,1,1,1,1,1,1,1,1,1,1,1,1,1,1,1,18,1,1,1,1,1,1,1,1,1,1,1,1,1,1,1,1,1,18,1,1,1,1,1,1,1,1,1,1,1,1,1,1,1
6,15288,5,6487,129,1008,6,14884 1,1,1,1,1,1,1,1
6,6487,129,382,10,10530,1720,6,6171,7,6,140 1,1,1,1,1,1,1,1,1,1,1,1
6,29,20,514,15273,19,6,1032,2,460,15,1848,28420,28421,1217 1,18,1,1,1,1,1,1,1,1,1,1,1,1,1
6,29,20,3090,5,124,183,22,7,1286,158,10,1367,12,6,303,441,13,6,15288 1,18,1,1,1,1,1,1,1,1,1,1,1,1,1,1,1,1,1,1
19,1367,12,6,303,441,2,6,29,20,166,10,55,28422,2,3090,2,5,2159,12,180,326 1,1,1,1,1,1,1,1,18,1,1,1,1,1,1,1,1,1,1,1,1,1
6,29,21,15,30,7,81,341 1,18,1,1,1,1,4,4
18,21,39,15,1217,12,6,78,2,1249,576,10,1403 1,1,1,1,1,1,1,1,1,1,1,1,1
18,85,21,15,30,7,344,67,94 1,1,1,1,10,10,10,10,10
18,14,19,2798,2,184,2,5,77,17,789 1,1,1,23,23,13,13,1,1,1,16
93,122,4,23,870,14,28423,1474,1940,2,23,296,761,2,23,372,145,579,2,23,67,94,19,1367,28424,2,5,23,651,1304,14,738,41 1,1,1,1,1,1,1,1,1,1,1,1,1,1,1,1,1,1,1,1,5,5,5,5,5,1,1,1,1,1,1,1,1
19,93,122,2,6,202,122,821,15,1186,392,13,11,160,7,1328,19,122 1,1,1,1,1,1,1,1,1,1,1,1,1,1,1,1,1,1
6,1237,53,1025,5,1967,2,14414,1221,10,688 1,1,1,1,1,1,1,1,1,1,1
6,1237,53,51,675 1,1,1,1,1
6,2301,319,31,55,2445 1,1,1,1,1,1
6,112,14,330 1,1,1,1
68,53,11,28425,166 1,1,1,1,1
6,44,14,90,10,452,193 1,1,1,1,1,1,1
6,118,21,43,246,5,253,2,11,1093,26,970,2,5,11,417 1,1,1,1,1,1,1,1,1,1,1,1,1,1,1,1
6,187,14,7026,2,48,133,5,978,2,86,1739,2,1592,2,342,2,26,1119 1,1,1,1,1,1,1,1,1,1,1,1,1,1,1,1,1,1,1
6,217,53,992,667,43,1238 1,1,1,1,1,1,1
992,2,68,14,11,15289,28,68,53,11,13976,28,6,1355,53,173,395,193 1,1,1,1,1,1,1,1,1,1,1,1,1,1,1,1,1,1
489,233,4,6,392,205,14,166,10,55,66 1,1,1,1,1,1,1,1,1,1,1
6,147,821,518,2982,12,1088,5,1490,1663 1,1,1,1,1,1,1,1,1,1
6,118,145,14,647,6974,6,44,810,482,7304,2389,959 1,1,1,1,1,1,1,1,1,1,1,1,1
6,783,47,14,2487,2,5,14,12,6,1460,7,537,2304 1,1,1,1,1,1,1,1,1,1,1,1,1,1
6,358,14,4356,2,6,379,2163,2,6,331,4724,2,6,397,1917,2,6,633,3830,2,6,749,2344,2,6,689,3992,6,867,14,166,10,55,28426,2,5,6,1330,14,2675,41 1,1,1,1,1,1,1,1,1,1,1,1,1,1,1,1,1,1,1,1,1,1,1,1,1,1,1,1,1,1,1,1,1,1,1,1,1,1,1,1,1,1
6,6741,2008,14,66 1,1,1,1,1
6,783,47,428,14,7847,6,389,6741,14,85,166,10,55,66 1,1,1,1,1,1,1,1,1,1,1,1,1,1,1
6,769,830,14,788,2,6,654,854,2,6,835,2277,2,5,6,2526,830,28427,6,1728,482,1518,67 1,1,1,1,1,1,1,1,1,1,1,1,1,1,1,1,1,1,1,1,1,1,1,1
68,53,316,12941,5558,12,6,389 1,1,1,1,1,1,1,1
364,1958,12,189,4,6,114,14,10,605,6,29,10,6,7573,203,1045,17,241,2147,5,233 1,1,1,1,1,1,1,1,1,1,1,18,1,1,1,1,1,1,1,1,1,1
63,2901,40,55,346,12,6,303,441,2,5,640,6,2901,2,6,29,40,55,718,10,6,89,7573,203,1045 1,1,1,1,1,1,1,1,1,1,1,1,1,1,1,1,18,1,1,1,1,1,1,1,1,1
678,494,4,6,1394,320,12,6,303,441,14,1217,5,13452,7,8631,1187 1,1,1,1,1,1,1,1,1,1,1,1,1,1,1,1,1
642,9,317,630,19,377,8,4,6,29,40,55,265,10,6,89,7573,203,1045,640,23,1567,8624 1,1,1,1,1,1,1,1,1,18,1,1,1,1,1,1,1,1,1,1,1,1,1
1416,28428,2254,15290,15291,2,96 1,1,1,1,1,1,1
15292,28429,28430,597,42,4,2254,15290,15291,2,96 1,1,1,1,1,1,1,1,1,1,1
15292,232,31,177,42,240,312,232 1,1,1,1,1,1,1,1
