69,49,4,28603,5573,308,101,64,4,1922,7709,49,7,101,4,28604,2778,4,15319,13,311,591,120,2,116,2,565,2,9045,4788,2,4766,2835,2,5,2678,629,10,5573,17,356,101,536,4,35,8,120,2,51,8,28605,28606,28,102,8,2070,1011,28,183,8,52,478,34,5,10,2214,100,17,2879,2940 1,1,1,1,1,1,1,1,1,1,1,1,1,1,1,1,1,1,1,1,4,4,4,1,10,10,24,1,1,1,1,1,1,1,1,1,1,1,1,1,1,1,1,1,1,1,4,1,1,1,1,1,1,1,1,1,1,1,1,1,1,1,1,1,1,1,1,1,1,1
234,4,957,299,10,55,177,42,2613,1144 1,1,1,1,1,1,1,1,1,1
35,8,120,4,373,134,1098,15320,4,4375,41,9,937,3297,8,5,389,8551,4,15321 1,1,4,1,1,1,15,15,15,15,15,15,15,15,15,1,1,1,1,1
7032,2175,481,918,9,649,4,1917,2,524,4,2129,2,10502,4,15322,8,2,770,4,15323,221,1191,4,28607,28,51,1719,304,7414,28608 1,1,1,1,1,1,1,1,1,1,1,1,1,1,1,1,1,1,1,1,1,1,1,1,1,1,1,1,1,1,1
1611,51,534,119,376,819,18,404,5238,2,28609,5,21,10,1838,28,21,31,1453,1191,27,95,7,534,28,3469,13,25,1269 1,1,1,1,1,1,1,1,1,1,1,1,1,1,1,1,1,1,1,1,1,1,1,1,1,1,1,1,1
1185,2334,5010,1275,28,31,1041,1253 1,1,1,1,1,1,1,1
589,10,5155,264,996,542 1,1,1,1,1,1
51,8,9045,4788,4,926,10,224,3541,58,7286,27,97,101 1,1,1,1,1,1,1,1,1,1,1,1,1,1
1922,701,58,7286,19,28610,104,549,37,124,6,4120,5835,7,6,52,2133,2886,2,18,209,2413,1350,3233,5,4222,2,5,218,5666,4654,2807 1,1,1,1,1,1,1,1,1,1,1,1,1,1,1,1,1,1,1,1,1,1,1,1,1,1,1,1,1,1,1,1
16,2,1195,2,926,23,10,7623,162 1,1,1,1,1,1,1,1,1
404,37,18,692,2259,428,3333,7,734,1395,5,733 1,1,1,1,1,1,1,1,1,1,1,1
3309,21,61,373,2978,288 1,1,1,1,1,1
937,28611,5,66,17,4765 1,1,1,1,1,1
80,2,88,508,2,469,2,2176,2,1251,2,734,34 1,1,1,1,1,1,1,1,1,1,1,1,1
102,8,2070,1011,4,1922,288,1547,37,23,7075,943,39,936,23,37,16,39,2164,434,648,129,4234,48,578,936,23 1,1,1,1,1,1,1,1,1,1,1,1,1,1,1,1,1,1,1,1,1,1,1,1,1,1,1
10996,2164,4138,66 1,1,1,1
1500,241,2070,1011,27,97,101,5,14875,2,28612,2,11029,2,5,2975,129,66 1,1,1,1,1,1,1,1,1,1,1,1,1,1,1,1,1,1
411,50,31,61,382,10,155,9831,5,8503,3333,1922,404,18,319,31,2110,2290,73,124,1090,12,1270,680 1,1,1,1,1,1,1,1,1,1,1,1,1,1,1,1,1,1,1,1,1,1,1,1
88,87,2188,377 1,1,1,1
31,281,4569,529 1,1,1,1
183,8,15324,34,4,125,99,65,15320,17,275,299,885 1,1,1,1,1,1,1,1,1,1,1,1,1
39,691,724,17,11040,48,773,10,1418,814,915,28613 1,1,1,1,1,1,1,1,1,1,1,1
11502,17,1720,691,19,28614,71,18,20,382,10,991 1,1,1,1,1,1,1,1,1,1,1,1
50,31,1911,431,3271,7,457 1,1,1,1,1,1,1
83,8,34,28615,2879,2940,4,490,7,34,915,406,1090,5,110,54,478,2,1922,21,61,290,1292,5996,513,183,697 1,1,1,1,1,1,1,1,1,1,1,1,1,1,1,1,1,1,1,1,1,1,1,1,1,1,1
177,9804,17,2879,2940 1,1,1,1,1
177,2239,5,2966,7,4835,245,2,317,28616 1,1,1,1,1,1,1,1,1,1
1185,135,2714,62,5,11,167,13,613,12,28617,7,82,2879 1,1,1,1,1,1,1,1,1,1,1,1,1,1
167,311,51,81,254,216,5153,1284,216,3615,1055,127,565,216,3742,28618,990,3267,332,2762,4,477,2,4376,2,5,1202,77,6085,1349,51,41,2385,9,6085,3784,51,41,8,35,2072,9,51,41,1349,9,1800,8,8,965,291,2596,2606,2385,965,59,98,1250,123,2,361,2208,793,15,107,10,3495,2026,2381,4598,9,14541,14542,2308,590,8,35,347,25,33,98,154,123,4968,8998,9,14946,8998,8,14734,22,9,28619,45,8,25,59,98,788,123,310,823,22,9,778,45,60,51,8,25,59,98,154,123,2,247,13,778,35,347,6423,119,107,28,750,10,1022,383,12,35,2779,1010,244,22,9,768,45,60,35,8,25,33,98,154,123,28620,9,7388,8,51,1349,9,51,41,1349,9,1800,8,8,965,59,2,2208,10,3495,2026,793,15,107 1,4,4,4,16,1,1,1,1,1,19,10,24,1,1,1,1,1,1,1,1,1,1,1,1,1,1,1,1,1,1,1,1,1,1,1,1,1,1,1,1,1,1,1,1,1,1,1,1,1,1,1,1,1,1,1,1,1,1,1,1,1,1,1,1,1,1,1,1,1,1,1,1,1,1,1,1,1,1,1,1,1,1,1,1,1,1,1,1,1,1,1,1,1,1,1,1,1,1,1,20,1,1,1,1,1,1,1,1,1,1,1,1,1,1,1,1,1,1,1,1,1,1,1,1,1,1,1,1,1,1,25,1,1,1,1,1,1,1,1,1,1,1,1,1,1,1,1,1,1,1,1,1,1,1,1,1,1,1,1,1,1,1,1,1,1,1,1,1
1266,9,635,8,368,22,9,1668,45,60,35,8,25,283,98,154,123,2,108,329,2801,976,34,26,394,2,1171,6,624,2073,5,750,1034,1925 12,12,12,12,1,1,1,1,1,1,1,1,1,1,1,1,1,1,1,1,1,1,1,1,1,1,1,1,1,1,1,1,1,1
2375,677,9,1372,677,8,758,22,9,1974,347,1565,6074,60,35,8,25,33,2814,9,7299,8,778,45,60,35,45,9,62,8,25,873,98,788,123,2345,9,2139,8,447,22,9,778,45,60,35,8,25,33,98,788,123,3309,9,4671,8,447,22,9,778,45,60,35,8,25,59,98,788,123,3545,35,41,3945,2385,965,59,98,1250,123,2,361,2208,10,3495,2026,793,15,107,28621,9,28622,102,41,8,83,1496,965,33,98,154,123,184,130,22,9,446,45,60,35,8,25,33,98,154,123,1292,9,11084,8,11008,45,25,1595,138,34,98,154,123,2,273,31,1411,4976,9901,1818,15313,434,19,1362,32,319,1029,329,6735,1286,9,1889,8,684,22,9,2479,45,60,35,8,25,59,138,15325,2,60,153,45,793,82,32,865,17,4766,2835,137,10930,36,2926,2,385,4,520,359,111,28623,2,289,1645,2,616,6118,946,224,4,463,600,2,1019,3262,650,1129,7,478,202,4,822,2,1504,2,11,920,1369,4,1398,13,199,662,1129,694,4,418,2,8557,2,11,1058,340,4,463,2,133,2,3414,2,1381,2,11,1003,1139,516,4,11,531,79,2,54,478,650,5718,1596,915,34,28,261,264,733,5,149,1395,65,54,2541,833,4,15319,13,311,591,120,2,116,2,565,2,9045,4788,2,4766,2835,2,5,2678,28,833,10,55,285,42,2613,1144 22,22,1,1,1,1,1,1,1,1,1,1,1,1,1,1,1,1,1,1,1,1,1,1,1,1,1,1,1,1,1,1,1,1,1,1,1,1,1,1,1,1,1,1,1,1,1,1,1,1,1,1,1,1,1,1,1,1,1,1,1,1,1,1,1,1,1,1,1,1,1,1,1,1,1,1,1,1,1,1,1,1,1,1,1,1,1,1,1,1,1,1,1,1,1,1,1,1,1,1,1,13,1,1,1,1,1,1,1,1,1,1,1,1,1,1,1,1,1,1,1,1,1,1,1,1,1,1,1,1,1,1,1,1,1,1,1,1,1,1,1,1,1,1,1,1,1,1,1,1,1,1,1,1,1,1,1,1,1,1,1,1,1,1,1,1,1,1,1,1,1,1,1,1,1,1,1,1,1,1,5,5,5,1,1,1,1,1,1,1,1,24,1,1,1,1,1,1,1,1,1,1,1,1,1,1,1,1,1,1,1,1,1,1,1,1,1,1,1,1,1,1,1,1,1,24,1,1,1,1,1,1,1,1,1,1,1,1,1,1,1,1,1,1,1,1,1,1,1,1,1,1,1,1,1,1,1,1,1,1,1,1,1,4,4,4,1,10,10,24,1,1,1,1,1,1,1,1,1,1,1,1,1,1,1,1,1
35,8,120,4,373,134,1098,610,256,913,7,456,481,9,4375,8,5,264,65,158,1098,28624,1732,264,1098,7333,134,2670,7,310,71,1922,20,31,382,10,1897 1,1,4,1,1,1,1,1,1,1,1,1,1,1,1,1,1,1,1,1,1,1,1,1,1,1,1,1,1,20,1,1,1,1,1,1,1
119,23,444,2,797,221,1191,479,373,251,2,598,4301,1998,1453,27,97,20,15323,963,1922,10,1454,15,2940,7,23,1191,2,2620,797,2,51,1719,28625,2,5,283,1191,19,3768,123 1,1,1,1,1,1,1,1,1,1,1,1,1,1,1,1,1,1,1,1,1,1,1,1,1,1,1,1,1,1,1,1,1,1,1,1,1,1,1,1,1,1
56,56,734,2375,677,758,22,33,10,521,33,5,1805,290,27,420,124,251,797,1191,2,10130,1253,48,5013,2005,2,5,6789,534,7,2249,1403 1,1,1,22,22,1,1,1,1,1,1,1,1,1,1,1,1,1,1,1,1,1,1,1,1,1,1,1,1,1,1,1,1
56,56,631,428,177,6,2189,7,135,2,350,1275,124,2375,28,285,3089,2524,10,8811,2375,1922,62,610,2160,1341,1269,10,1845,2332,534 1,1,1,1,1,1,1,1,1,1,1,1,1,22,22,1,1,1,1,1,22,1,1,1,1,1,1,1,1,1,1
40,539,2524,27,400,101,5,13,163,7,1191,2940 1,1,1,1,1,1,1,1,1,1,1,1
56,56,963,1922,10,155,1191,432,534,7,12287,28,40,301,10,707,1831,124,134,247,7,1318,5,1693,37,84,176,3056,864,2833,285,38,650,1922,5,631,428,6377,2189,7,135,1275,19,2375 1,1,1,1,1,1,1,1,1,1,1,1,1,1,1,1,1,1,1,1,1,7,1,1,1,1,1,1,1,1,1,1,1,1,1,1,1,1,1,1,1,1,1,22
56,56,126,211,925,33,2,184,446,33,56,56,7032,389,8551,4,15321,2,256,913,7,456,154,5,218,239,10,10275,251,111 1,1,1,11,1,1,1,13,1,1,1,1,1,1,1,1,1,1,1,1,1,1,1,1,1,1,1,1,1,1
2933,1317,67,94,2578,80,9,771,677,8,5,40,4401,28626,631,111,1400,419,338 1,1,1,1,1,1,1,7,7,1,1,1,1,1,1,1,1,1,1
7032,10502,4,15322 1,1,1,1
56,56,40,2949,120,337,73,27,400,101 1,1,1,1,4,1,1,1,1,1
1922,88,87,803,26,1839,7,217,27,38,95 1,1,1,1,1,1,1,1,1,1,1
56,56,111,411,31,27,120,913,7,456,3065,28,2933,771,677,768,33,10,669,244,33,5,184,130,33,56,56,10996,9,15326,8,4,11087,4,3900,28,940,4,1963,2,2566,4,5495,2,544,4,2374,28,19,635,1668,283 1,1,1,1,1,1,4,1,1,1,1,1,7,7,7,1,1,1,25,1,1,1,13,1,1,1,1,1,1,1,1,1,1,1,1,1,1,1,1,1,1,1,1,1,30,30,30,30,1,12,1,1
544,610,256,120,913,7,456,204,2,48,1922,21,136,2934,10,383,352,5,1838,252,2471,2,252,367,333 1,1,1,4,1,1,1,1,1,1,1,1,1,1,1,1,1,1,1,1,1,1,1,1,1
6614,1001,1075,80 1,1,1,1
56,56,3690,4,40,301,10,1736,1115,27,356,101,51,8,9045,4788,4,56,56,40,1736,1549,10,7614,5,1384,108,1633,56,56,10611,408,7,3309,124,5767,2715,9,553,271,498,6466,8,19,73,80 1,1,1,1,1,1,1,1,1,1,1,1,1,1,1,1,1,1,1,1,1,1,1,1,1,1,1,1,1,1,1,1,1,1,1,1,1,1,1,1,1,1,1,1,1,1
102,8,2070,1011,4,134,6846,2,2975,2,28627,2,5,2164,148 1,1,1,1,1,1,1,1,1,1,1,1,1,1,1
411,31,382,10,215,17,28628,2,48,11,864,62,27,38,95,10,1208,566 1,1,1,1,1,1,1,1,1,1,1,1,1,1,1,1,1,1
40,126,10,5758,2,48,428,1922,2878,124,182,1270,1090 1,1,1,1,1,1,1,1,1,1,1,1,1
56,56,909,9026,9344,5,1931,1922,3061,28629,8,52,15324,34,4,1732,4380,915,380,3348,2362,1219,2,2973,7224,2,5,4769,28630 1,1,1,1,1,1,1,1,1,1,1,1,1,1,1,1,1,1,1,1,1,1,1,1,1,1,1,1,1
3704,2414,8549,27,97,101,2,48,1922,2878,5,589,10,4886 1,1,1,1,1,1,1,1,1,1,1,1,1,1
56,56,40,750,173,691,457,5,539,522,702,28631,8,34,28632,2940,4,124,264,245,7,8811,1292,2,321,10612,916,4135,4127,59,5,1428,245,7,1292,17,28633,34 1,1,1,1,1,1,1,1,1,1,1,1,1,1,1,1,1,1,1,1,1,1,1,1,1,1,1,1,1,1,1,1,1,1,1,1,1,1
11,2323,650,613,27,38,95,2,48,13853,1922,7,264,328,124,82,245,7,2879,5,1428,2559,5,264,6475,1269 1,1,1,1,1,1,1,1,1,1,1,1,1,1,1,1,1,1,1,1,1,1,1,1,1,1
85,177,4835,2940,9724,5,4488 1,1,1,1,1,1,1
1922,14,2102,7,4488,5,9268,32,57,32,10276,7,188,4835,522 1,1,1,1,1,1,1,1,1,1,1,1,1,1,1
18,2738,10,624,1011,80,32,57,32,192,4488,1802,12,9724 1,1,1,1,1,1,1,1,1,1,1,1,1,1
56,56,2620,389,624,215,80,9,1922,28634,245,7,5084,5,1292,27,28635,8,259,8,116,4,411,256,913,7,456,3065,5,13,5767,28636,19,7032,389,215,19,669,768,33,5,184,446,33 1,1,1,1,1,1,1,1,1,1,1,1,1,1,1,1,1,1,1,1,10,1,1,1,1,1,1,1,1,1,1,1,1,1,1,1,1,25,1,1,1,13,1,1
40,1495,771,677,768,33,80 1,1,7,7,1,1,1
285,380,28637,317,713,2,1534,142,2,2162 1,1,1,1,1,1,1,1,1,1
56,56,724,356,13,1162,12,7740,10,4401,111,5,492,28,539,734,262,108,411,31,27,913,5,492,3993 1,1,1,1,1,1,1,1,1,1,1,1,1,1,1,1,1,1,1,1,1,1,1,1,1
40,85,1021,17,3837,7,87,4965,27,37,101 1,1,1,1,1,1,1,1,1,1,1
56,56,10,273,4,163,535,1644,499,27,400,101,5,40,301,10,28638,309,2670,481,8,251,4061,4,1732,915,4441,902,9,251,10840,5874,339,1228,5,2965,650,5767,4441,902,8,5,28639,27,38,95,28,126,3632,5158,9,616,274,2,3554,1001,338,8 1,1,1,1,1,1,1,1,1,1,1,1,1,1,1,1,1,1,1,1,1,1,1,1,1,1,1,1,1,1,1,1,1,1,1,1,1,1,1,1,1,1,1,1,1,1,1,1,1,1,1,1,1,1,1,1,1,1
40,4401,12,259,2207,9,28640,8 1,1,1,1,1,1,1,1
539,339,1906,108,182,1471,26,115 1,1,1,1,1,1,1,1
614,8,4766,2835,4,126,1755,814,1353,9,28641,5,5084,138,8 1,1,1,1,1,1,1,1,1,1,1,1,1,1,1
56,56,1736,356,1115,650,1353,27,400,101,903,8,6160,7,3267,332,9,477,2,1202,2,3910,1800,587,7,3267,335,8 1,1,1,1,1,1,1,1,1,1,1,1,1,1,1,1,1,1,1,1,1,1,1,1,1,1,1,1
21,39,306,937,724,4290,10,125,344,328,308,27,11086 1,1,1,1,1,1,1,1,1,1,1,1,1
428,3704,10,28642,17,23,2,48,1922,1660,37,18,39,6,1316,5,20,781,10,5848 1,1,1,1,1,1,1,1,1,1,1,1,1,1,1,1,1,1,1,1
963,23,10,750,260,13,49,10,1736 1,1,1,1,1,1,1,1,1
109,8,671,245,4,1922,1547,4029,27,97,101,48,80,28643,7,1374 1,1,19,19,19,19,19,19,19,19,19,19,19,19,19,19
941,37,18,39,3870,2,1611,183,7710 19,19,19,19,19,19,1,1,1
40,301,10,1022,241,27,400,101,5,631,428,163,12459,1819,7,309,2670,17,23 1,1,1,1,1,1,1,1,1,1,1,1,1,1,1,1,1,1,1
854,8,4032,56,56,28644,1001,1075,4,9,15326,8,4,11087,4,3900,28,940,4,1963,2,2566,4,5495,2,544,4,2374,28,6614,80 1,1,1,1,1,1,1,1,1,1,1,1,1,1,1,1,1,1,1,1,1,1,1,1,1,30,30,30,30,1,1
56,56,1108,1568,4,64,3365,17,1108,28,631,428,963,10,4226,124,406,34,915,1090,28,40,126,10,5758,28,285,784,1693,995,11009,15327,7,1108,5,6,2239,37,38,28645 1,1,1,1,1,1,1,1,1,1,1,1,1,1,1,1,1,1,1,1,1,1,1,1,1,1,1,1,1,1,1,1,1,1,1,1,1,1,1,1
1922,416,37,18,2425,2239,48,404,37,73,209,55,11088,124,34 1,1,1,1,1,1,1,1,1,1,1,1,1,1,1
56,56,1320,4,724,19,363,4357,2,48,578,1156,3333,7,34 1,1,1,1,1,1,1,1,1,1,1,1,1,1,1
1922,411,404,37,5994,209,55,11088,124,1090 1,1,1,1,1,1,1,1,1,1
40,126,10,1022,5,500,10,433,522,17,23,1090 1,1,1,1,1,1,1,1,1,1,1,1
4983,784,1693,995,11009,15327,7,1320,5,328,17,332 1,1,1,1,1,1,1,1,1,1,1,1
1922,416,37,18,2425,328,48,7916,404,37,84,209,55,11088,124,542,7,34 1,1,1,1,1,1,1,1,1,1,1,1,1,1,1,1,1,1
47,3704,10,881,23,34,77,48,18,411,113,31,977,37,18,519,2110,38,215,1911 1,1,1,1,1,1,1,1,1,1,1,1,1,1,1,1,1,1,1,1
40,126,10,1022,13,23 1,1,1,1,1,1
56,56,818,2008,4,66,80,28,14753,428,12,14754 1,1,1,1,1,1,1,1,1,1,1,1
498,216,1240 1,1,1
40,126,10,2008 1,1,1,1
56,56,335,5,1770,495,4,1931,23,5573,64,2737,9799,995,82,14291,56,56,7574,4,261,245,56,56,966,4,163,966,3632,27,400,101,10,273,4,56,56,40,301,10,163,498,3690,584,28,1922,2632,37,23,28646,2632,3196,47,454,871,28,963,23,10,433,2416,1316,393,47,319,750,170,10,2956,286,1127,18,14,2337,10 1,1,1,1,1,1,1,1,1,1,1,1,1,1,1,1,1,1,1,1,1,1,1,1,1,1,1,1,1,1,1,1,1,1,1,1,1,1,1,1,1,1,1,1,1,1,1,1,1,1,1,1,1,1,1,1,1,1,1,1,1,1,1,1,1,1,1,1,1,1,1,1,1,1,1
64,10,1542,12,35,2207,26,3027,108,865 1,1,1,1,1,1,1,1,1,1
40,750,1922,13,457,7,691 1,1,1,1,1,1,1
64,20,658,10,5,114,285,13,9503,2,58,4438 1,1,1,1,1,1,1,1,1,1,1,1
1306,15317,4588,15318,2,96 1,1,1,1,1,1
