69,49,4,28560,5573,903,1653,4443,1142,2,4075,903,7709,2,1922,28561,2,28562,28563,28564,9,28565,8,28566,11081,858,391,4,552,7709,774,12,10,2652,203,308,17,2926,117,290,2814 1,1,1,1,1,1,1,1,1,1,1,1,1,1,1,1,1,1,1,1,1,1,1,1,1,1,1,1,1,1,1,1,1,1,1,1,1,1,1,1,1
30,7,156,360,4,18,14,15,4824,407,13,188,11082,4788,136,6,439,7,564,12,23,52,2541,5,23,1270 18,1,1,1,1,1,1,1,1,1,1,1,1,1,1,1,1,1,1,1,1,1,1,1,1,1
18,21,61,10,6,303,674,306,511,17,3858,1395,1013,23,1270 1,1,1,1,1,1,1,1,1,1,1,1,1,1,1
18,21,61,124,306,12492,7,1337,317,2814,5,4973 1,1,1,1,1,1,1,1,1,1,1,1
18,14,2788,10,50,23,76,9296,2431,12,6,400,451,198 1,1,1,1,1,1,1,1,1,1,1,1,1,1
18,373,288,658,10,6,303,674,19,1091,481,2,2276,13,388,5,1395,7,23,11082,12,23,1270 1,1,1,1,1,1,1,1,1,1,1,1,1,1,1,1,1,1,1,1,1,1,1
18,20,124,15,1948,7,2814 1,1,1,1,1,1,1
4129,117,290,6,523,45,2,18,533,3121,12,6,1432,2,1444,2,5,882,5,32,57,32,2926 1,1,1,1,1,1,1,1,1,1,1,1,1,1,1,1,1,1,1,1,1,1,1
18,1938,87,255,7,194,2,572,1417,26,274,7,3473 1,1,1,1,1,1,1,1,1,1,1,1,1
18,1008,6,303,674,5,20,2179,10,1171,290,2814,32,38,20,373,218,63,2665,1566 1,1,1,1,1,1,1,1,1,1,1,1,1,1,1,1,1,1,1,1
393,110,2,18,14,401,17,207,100,65,37 1,1,1,1,1,1,1,1,1,1,1
18,1660,4129,117,3721,2929,23,115,7,2926,5,14471,50,504,214,4113 1,1,1,1,1,1,1,1,1,1,1,1,1,1,1,1
18,14,411,1360,7,3858,1395,1013,23,1270 1,1,1,1,1,1,1,1,1,1
78,89,30,4,81 1,1,18,1,4
77,4,2375,2,1292,32,865,17,34 1,1,22,1,1,1,1,1,1
137,4,18,14,2665,10,3685,5,110,2814 1,1,1,1,1,1,1,1,1,1
18,1302,2926,65,362 1,1,1,1,1
93,122,4,23,52,2541,1423,682 1,1,1,1,1,1,1,1
23,225,11083,1423,1711,2,2721,1189,13,106,8652,32,57,32,106,3858,1395 1,1,1,1,1,1,1,1,1,1,1,1,1,1,1,1,1
68,14,11,5402,37,47,519,977 1,1,1,1,1,1,1,1
242,5,114,4,834,7,23,11082 1,1,1,1,1,1,1,1
124,6,134,1146,10,2814,2,92,40,5472,301,10,60,15,2637,2929 1,1,1,1,1,1,1,1,1,1,1,1,1,1,1,1
18,21,61,19,4973,12,6,78,13,199,772 1,1,1,1,1,1,1,1,1,1,1
1170,6,462,41,3967,1146,7,4973,1323,10,2814,2,47,880,4973,14,15,199,10699,17,110 1,1,1,1,1,1,1,1,1,1,1,1,1,1,1,1,1,1,1,1,1
108,38,113,31,500,2,47,880,153,454,539,3545,17,522 1,1,1,1,1,1,1,1,1,1,1,1,1,1
47,40,1418,6728,5,881,23,788,123,5995,7,4973,5,47,28567,23,10,5071,96 1,1,1,1,1,1,1,1,1,1,1,1,1,1,1,1,1,1,1
108,18,3814,87,2665,1566,10,38,325 1,1,1,1,1,1,1,1,1
47,85,1931,23,284,1555,7,1292,32,57,32,5012,23,5012,23,1948,7,2375,677,758,22,15,107 1,1,1,1,1,1,1,1,1,1,1,1,1,1,1,1,1,22,22,1,1,1,1
18,454,125,23,440,12,248,236 1,1,1,1,1,1,1,1
526,15307,15308,2,96 1,1,1,1,1
597,42,4,15307,15308,813,28568,4597,2746,800,4,11081,827,4,28569,818,4,11081 1,1,1,1,1,1,1,1,1,1,1,1,1,1,1,1,1,1
