67,54,4,33885,1364,379,4469,61,10,808,668,17,17,2377,315,168,10,33886,17,1435,1924,1694,4,142,514,151,58,3,3824,1220,233,4229,277,2555,212,832,399,11,2572,832,13,151,2795,699,193,485,193,357,193,285,2468,3926,12538,36,872,9930,4035,193,3495,12539,1260,10,157,6775 1,1,1,1,1,1,1,1,1,1,1,1,1,1,1,1,1,1,1,1,1,1,1,7,1,4,4,4,15,1,1,1,1,1,1,1,1,1,1,1,1,4,14,14,14,1,1,1,1,1,1,1,1,1,1,1,1,1,1,1,1,1,1,1
579,48,34,193,418,193,611,193,437,193,407,193,263,193,7635,193,1408,519,7899,2396,2791,17,9474 1,1,1,1,1,1,1,1,1,1,1,1,1,1,1,1,1,1,1,1,1,1,1
353,1123,7585,10481,5133,7939,4988,2530,1818,117,393,5524,148,33887,523,1000,716,680,655,5834,842,352,944,161,409,2329,409,700,409,670,409,1009,409,136,910,11,12540,11,638,193,687,1043,48,407,11,720,327,304,310,1752,214,152,952,240,11,280,11,222,114,93,11,2329,44 1,1,1,1,1,1,1,1,1,1,1,1,6,6,1,1,1,1,1,1,1,1,1,1,1,1,1,1,1,1,1,1,1,1,1,1,1,1,1,1,1,1,1,1,1,1,1,1,1,1,1,1,1,1,1,71,1,1,1,1,1,1,1
9199,1924,13,17248,3,301,788,29,3932,33888,12,924,132,29,364,4,1122,254,142,148,365,27,668,3,364,4,118,218,125,3760 1,1,1,1,1,1,1,1,1,1,1,1,1,1,1,1,1,1,7,1,1,1,1,1,1,1,1,13,1,1
317,58,151,19,353,5,622,29,500,33889,13,33890 4,4,4,1,1,1,21,1,1,1,1,1
19,10481,353,5133,7939,4988,2530,29,364,4,86,353,3,622,3,144,588,69,3824,19,1163,3,5,353,29,364,4,86,1122 1,1,1,1,1,1,1,1,1,1,1,1,1,21,1,1,1,1,15,1,12,1,1,1,1,1,1,1,1
1220,224,12541,29,99,972,1867,29,364,29,86,1712 1,1,1,1,1,1,1,1,1,1,1,1
1562,364,4,179,148 1,1,1,1,1
233,4229 1,1
39,252,9,727,1026,45,49,36,45,9,73,8,32,3,49,35,496,3024,6398,9,49,36,8,25,32,3,6398,47,388,568,9,73,8,2671,9,2359,965,1318,8,1014,1318,2530,32,123,856,65,47,36,2801,9,73,8,622,647,45,49,36,45,9,73,8,25,69,558,435,169,10,1429,5,2204,47,335,45,9,73,8,1712,456,33891,45,25,32,3,49,35,496,47,388,45,9,73,8,218,141,22,9,515,45,49,36,8,25,32,3,49,35,496,47,180,45,9,73,8,736,171,22,9,549,45,49,36,8,25,608,47,388,45,9,73,8,784,707,9,610,2223,912,964,8,672,45,819,5689,49,955,45,9,73,8,25,32,3,395,1107,1089,17,268,878,47,2589,45,9,73,8,1484,456,210,22,9,1314,45,49,210,8,25,608,3,49,35,496,135,7864,224,3459,5862,3,107 1,11,1,1,1,1,1,1,1,1,1,1,1,1,1,1,1,28,1,1,1,1,1,1,1,1,1,1,1,1,1,1,1,1,1,1,1,1,1,1,1,1,1,1,1,1,1,1,1,1,1,1,21,1,1,1,1,1,1,1,1,1,1,1,1,1,1,1,1,1,1,1,1,1,1,1,1,1,1,1,1,1,1,1,1,1,1,1,1,1,1,1,13,1,1,1,1,1,1,1,1,1,1,1,1,1,1,1,1,1,1,1,1,12,1,1,1,1,1,1,1,1,1,1,1,1,1,1,1,1,9,9,1,1,1,1,1,1,1,1,1,1,1,1,1,1,1,1,1,1,1,1,1,1,1,1,1,1,1,1,1,1,1,1,1,1,1,1,1,1,1,1,1,1,1,1,1,1,1,1,1,1,1,1,1,1
