69,49,4,28722,14695,3745,3962,2,5109,7711,2,371,3745,7712,3745,11099,30,7,156,360,4,6,29,21,15,334,30,7,28723,5,127,104,774,12,80,17,1072,1894,73 1,1,1,1,1,1,1,1,1,1,1,1,1,1,1,1,1,1,1,1,1,1,1,1,1,1,1,1,1,1,10,1,1,1,1,1,1,1,1
16,416,37,16,21,61,699,28724,57 1,1,1,1,1,1,1,1,1
11,30,7,44,34,2,714,2,366,19,639,2,255,7,194,2,263,849 1,1,1,1,1,1,1,1,1,1,1,1,1,1,1,1,1,1
11,2533,12,300,1183,2,1463,2,2303 1,1,1,1,1,1,1,1,1
11,2204,115,7,668,3731,26,1581,5924 1,1,1,1,1,1,1,1,1
16,416,37,16,21,61,6441,290,24,517,5,4734,32,1788,2,32,57,32,24,67,94,3001,317,184,130,641,2,230,449,641,2,5,24,367,325,109,7,210,998 1,1,1,1,1,1,1,1,1,1,1,1,1,1,1,1,1,1,1,1,1,1,1,13,1,1,1,7,1,1,1,1,1,1,1,1,1,16,12
16,14,11,1735,290,6,1010,37,20,1788,10,170,12,6,78 1,1,25,25,25,25,25,1,1,1,1,1,1,1,1
16,85,416,37,16,21,2099,286,7,1692,5,21,31,61,290,37,17,6,78,363,236 1,1,1,1,1,1,1,1,1,1,1,1,1,1,1,1,1,1,1,1,1
6,29,416,37,16,14,5919,529,2,1216,106,352,2,589,10,28725,65,309,26,1785,2,5,21,63,1239,333 1,1,1,1,1,1,1,1,1,1,1,1,1,14,14,14,14,14,1,1,1,1,1,1,1,1
163,7,213,4,19,275,163,7,213,2,16,88,87,231,1446,820,17,847,572,7268,63,9875,2,71,16,416,14,31,15,182,860,17,170 1,1,1,1,1,1,1,1,1,1,1,1,1,1,1,1,1,1,1,1,1,1,1,1,1,1,1,1,1,1,1,1,1
77,4,210,109,641,2,4734,28726 1,1,16,1,1,1,1,1
236,2,517,83,22,4993 1,1,1,1,1,1
758,22,14953,2,184,130,22,641,2,5,230,449,22,998 1,1,1,1,13,1,1,1,1,1,7,7,7,7
78,89,30,4,9047,576,10,28727,1466,5,127 1,1,1,1,1,1,1,1,1,1,10
424,927,4,97,367,542,28728,2,488,6025,13,63,940,7,2163,5,544,7,8234,6,29,21,31,39,15,158,752 1,1,1,1,1,1,1,1,1,1,1,1,1,1,1,1,1,1,1,1,1,1,1,1,1,1,1
97,1198,20,553,271,3553,35,200,146 1,1,1,1,1,1,1,1,1
93,122,4,57,1019,2,12,11,180,326 1,1,1,1,1,1,1,1,1,1
67,94,251,27,28729,2,118,145,6150,202,4,1237,1025,2,1967,2,1221,10,688 5,5,5,5,5,1,1,1,1,1,1,1,1,1,1,1,1,1,1
2285,1445,53,175 1,1,1,1
2301,53,599 1,1,1
1290,14,90 1,1,1
5940,1405,53,90 1,1,1,1
112,4,482,11,780,2,11,846 1,1,1,1,1,1,1,1
16,113,50,15,102,98,102,601,3087,19,24,806,112,37,1044,10,55,15,6124 1,1,1,1,1,1,1,1,1,1,1,1,1,1,1,1,1,1,1
487,14,919 1,1,1
625,53,171,86,229 1,1,1,1,1
226,4,90,10,452,193 1,1,1,1,1,1
91,4,135,145,5,212,2,246,2,253,43,2,318,970,2,3475,653,417,27,6,1709 1,1,1,1,1,1,1,1,1,1,1,1,1,1,1,1,1,1,1,1,1
187,4,1052,1791,139,304,106,311,7,2067,1466 1,1,1,1,1,1,1,1,1,1,1
318,300,302,2,133,2,375,2,1774,2,11,953 1,1,1,1,1,1,1,1,1,1,1,1
1455,14,6333 1,1,1
68,53,11,132,229 1,1,1,1,1
582,1469,53,86,229 1,1,1,1,1
1368,4,12957,2122,43 1,1,1,1,1
9733,479,43 1,1,1
812,4,1132,66,2724,577 1,1,1,1,1,1
878,14,3109,5,28730 1,1,1,1,1
217,4,11,720,2,673,26,79 1,1,1,1,1,1,1,1
43,466,10,3166,12,6,744 1,1,1,1,1,1,1
242,5,114,4,6,29,14,15,214,779,5679,471,104,14,1172,448,3460,57,820,17,24,127,71,14,1073,425 1,1,1,1,1,1,1,1,1,1,1,1,1,1,1,1,1,1,1,1,1,10,1,1,1,1
47,221,884,32,10,3707,16,795,24,1010,2,48,47,880,37,38,454,55,3870,32,92,273,31,50,87,241,674,13,24,184,26,230 1,1,1,1,1,1,1,1,1,25,1,1,1,1,1,1,1,1,1,1,1,1,1,1,1,1,1,1,1,13,1,7
16,40,3363,27,244,22,998 1,1,1,1,1,1,1
47,40,50,24,1768,1453,80,5,1297,168,5,125,260,12,51,236,1643,95,17,15,540,5529,155,32,57,32,67,94,155,2,5,241,560,14636,108,1633 1,1,1,1,1,1,1,1,1,1,1,1,1,1,1,1,1,1,1,1,1,1,1,1,1,1,1,1,1,1,1,1,1,1,1,1
92,40,85,155,1728,17,975,32,57,32,63,147,27,38,95,124,24,127 1,1,1,1,1,1,1,1,1,1,1,1,1,1,1,1,1,10
254,2,19,210 16,1,1,16
92,40,887,367,80 1,1,1,1,1
9047 1
16,1044,10,55,448,57,19,24,77,820,37,16,795,24,1005,262,17,884,4044 1,1,1,1,1,1,1,1,1,1,1,1,1,1,1,1,1,1,1
47,50,2179,170,10,2283,24,1692,5,124,170,280,5033 1,1,1,1,1,1,1,1,1,1,1,1,1
92,40,887,620,1075,27,38,95 1,1,1,1,1,1,1,1
424,927 1,1
92,40,155,15,1198,5,1384,15,752,80 1,1,1,1,1,1,1,1,1,1
16,40,808,10,308,12,51,236,1643,95,17,15,111,155 1,1,1,1,1,1,1,1,1,1,1,1,1,1
526,1761,6503,2,96 1,1,1,1,1
813,28731,800,4,11099,827,4,28732,818,4,11099,2605,3343,74,99,2605,2605,3343,74,99,2605,1956,292,471,401,17,2576,1545,7,116,2,15340 1,1,1,1,1,1,1,1,1,1,1,1,1,1,1,1,1,1,1,1,1,1,1,1,1,1,1,1,1,10,1,1
11,849,80 1,1,1
16,14,290,192,24,257,820,17,24,669 1,1,1,1,1,1,1,1,1,1
111,14,344,80 1,1,1,1
289,7,6150,114,10,2296,24,669,2,155,1462,2,1005,2,1198,2,6613 1,1,1,1,1,25,25,25,1,1,1,1,1,1,1,1,1
64,201,2,285,13,427,2,114,32,256 1,1,1,1,1,1,1,1,1,1
