69,49,4,28716,3756,1695,144,378,325,1481,11097,1142,7711,2,371,9046,3962,2,5109,7712,28717,287,3962,14,15,449,200,307,471,13,15,30,7,127,2,254,5,9047,104,774,12,80,17,207,100,7,24,67,94 1,1,1,1,1,1,1,1,1,1,1,1,1,1,1,1,1,1,1,1,1,1,1,1,1,1,1,1,1,1,1,1,1,10,1,16,1,1,1,1,1,1,1,1,1,1,1,1,1
92,50,61,6627,100,24,67,94,257,191,6,78,223 1,1,1,1,1,1,1,1,1,1,1,1,1
16,14,2705,65,626,7,230,10,449,10,683,13,4039,1051,12,24,67,94 1,1,1,1,1,1,7,1,1,1,1,1,1,1,1,1,1,1
24,231,322,14,230,28718,2,669,244,641,2,184,390,998 1,1,1,1,7,1,1,25,1,1,1,13,13,13
6,29,21,39,11,618,26,150,115,13,734,1272,7,230 1,1,1,1,1,1,1,1,1,1,1,1,1,7
93,122,4,24,67,94,14,28719 1,1,1,5,5,5,5,5
118,145,14,6123,625,171,86,229 1,1,1,1,1,1,1,1
226,90,10,452,193 1,1,1,1,1
91,73,4,135,145,5,212,2,43,246,2,253,13,11,387 1,1,1,1,1,1,1,1,1,1,1,1,1,1,1
187,14,599 1,1,1
217,4,11,79 1,1,1,1
3675,4,367,65,1215,854,2,2656,4,488,6025,2,940,2163,2,544,8234,242,5,114,4,287,3962,14,15,214,779,449,200,307,471,13,127,2,254 1,1,16,1,1,1,1,1,1,1,1,1,1,1,1,1,1,1,1,1,1,1,1,1,1,1,1,1,1,1,1,1,10,1,16
161,127 1,10
67,94,411,251 1,1,1,1
47,40,383,184,10,1674,998 1,1,1,13,13,13,13
40,85,155,15,1501,7,1768,27,24,400,101,12,51,236,151,24,67,94,40,55,453,100 1,1,1,1,1,1,1,1,1,1,1,1,1,1,1,1,1,1,1,1,1,1
165,367 1,16
57,425,27,38,95 1,1,1,1,1
186,424,927 1,1,1
6,29,88,87,752,12,6,78 1,1,1,1,1,1,1,1
47,273,31,125,153,19,69,26,12,24,30 1,1,1,1,1,1,1,1,1,1,1
92,40,3340,15,1631,752 1,1,1,1,1,1
6,29,21,39,134,1198,7,3480,5,15,43,878,73,42,260,97,200 1,1,1,1,1,1,1,1,1,1,1,1,1,1,1,1,1
16,14,239,17,1894,93,400,376,5,40,1384,38 1,1,1,1,1,1,1,1,1,1,1,1
1761,6503,2,96 1,1,1,1
12298,4,28720,28,800,4,15343,28,827,4,28721,28,818,4,15343 1,1,1,1,1,1,1,1,1,1,1,1,1,1,1
