67,54,4,34006,820,1191,278,55,54,7,168,4,34007,1180,4,281,297,1191,4,5605,153,262,4,9446,404,17,278,4,821,160,477,4563,282,4,1897,3559,1438,832,9,1187,13,1224,7,1855,594,1933,8,34008,19,821,1086,6179,9,15940,3,16112,3,1345,3149,8,3,142,3,162,17,3205,34 1,1,1,1,1,1,1,1,1,1,1,1,1,1,1,1,1,1,1,1,1,1,1,1,1,1,1,1,1,1,1,1,1,1,1,1,1,1,1,1,1,1,1,1,1,1,1,1,1,1,1,4,1,1,1,1,1,1,1,1,1,7,1,1,1,1,1
28,34009,162,10,3982,17,7022,648,13,261,17390 1,1,1,1,1,1,1,1,1,1,1
405,6,168,16,20,55,10,46,4082,821,5,526,1415,6380,5,866,989,7,34010 1,1,1,1,1,1,1,1,1,1,1,1,1,1,1,1,1,1,1
6,28,262,23,1201,821,19,5748,5,5531 1,1,1,1,1,1,1,1,1,1
16,387,291,34,3,188,34,5,535,184,19,495,7,168,16,454,1766,5,20,514,10,52,106,13,148,78,840,29,34011 1,1,1,1,1,1,1,1,1,1,1,1,1,1,1,1,1,1,1,1,1,1,7,1,6,6,6,6,6
16,20,138,1104,754,13,1734,7,116,51,31,7,106 1,1,1,1,36,1,1,1,1,1,1,1,7
16,86,10,46,142,12,230,5,526,15,241,1617,34012,242,31,275,1899,344,100,997,792 1,1,1,1,7,1,1,1,1,1,1,1,1,1,1,1,1,1,1,1,1
23,3875,34013,20,1389,5,904,34014,10,34015,325 1,1,1,1,1,1,1,1,1,1,1
16,20,162,17,355,7,106,2041,579,4,296,81,7,625,802,579,72,174,306,448,55,12,282 1,1,1,1,1,1,1,1,1,1,1,1,1,1,1,1,1,1,1,1,1,1,1
1694,4,151,3,801,125,87,183,3,698,43,1082,108,87,183,3,1383,108,87,183,3,5,100,3149,615,87,183,1205,19,821,3,126,821,108,87,183,3,19,6421,503,27,7327,1002,124,100,2713,3,126,108,87,183,106,287,17383,110,100,3149,615,87,183,3,698,43,2267,7,70,322,12,2923,5,3318,110,1487,254,4,135,95,982,1351 1,1,4,1,1,1,1,1,1,1,1,1,1,1,1,1,1,1,1,1,1,1,1,1,1,1,1,1,1,1,1,1,1,1,1,1,1,1,1,1,1,1,1,1,1,1,1,1,1,1,1,7,15,1,1,1,1,1,1,1,1,1,1,1,1,1,1,1,1,1,1,1,1,1,1,1,1,1,1
176,203,547,22,337 1,11,11,11,11
105 11
178,1212,141,22,337 1,20,20,20,20
105 20
195,9043,180,22,337 1,1,1,1,1
27,1350 1,1
253,2789,1701,22,337 1,1,1,1,1
1208 1
346,12380,818,279,22,337 1,1,1,1,1,1
117,85,15,113,3,3896,3,2735,3,3291 1,1,1,1,1,1,1,1,1,1
460,2131,456,231,22,337 1,1,1,1,1,1
1208 1
652,9991,125,22,337 1,1,1,1,1
1208 1
833,165,3732,2391,4182,625,189,2783,909,421 1,8,8,8,8,8,8,1,1,1
995,165,3732,2391,4182,279,189,2783,397,911 1,8,8,8,8,8,8,1,1,1
1079,218,171,22,337 1,13,13,13,13
105 13
1477,2176,108,22,337 1,1,1,1,1
5051 1
1708,610,2223,912,964,850,22,337 1,9,9,9,9,9,9,9
105 9
2001,3166,1173,1620,58,2844,15,65,1550,10,326,656 1,1,1,1,1,1,1,1,1,1,1,1
2218,2114,7220,22,337 1,1,1,1,1
1208 1
2434,6935,17385,22,337 1,1,1,1,1
2568 1
2520,736,125,22,337 1,12,12,12,12
1350 12
3201,456,34016,34017,558,1620,337 1,1,1,1,1,1,1
210,85,15,113,3,3896,3,2735,3,3291,3,3097 1,1,1,1,1,1,1,1,1,1,1,1
2561,4,790,2555,4,151,2795,4,9,135,55,66,356,168,17386,8,1219,66,12545,2579 1,1,1,1,1,4,1,1,1,1,1,1,1,1,1,1,1,1,1,1
245,13,23,573,12,17387 1,1,1,1,1,1
636,920,3,11,727 1,1,1,1,1
699,4,334,615,87,183,3,157,10,238,1576,1333,485,4,334,615,87,183,3,157,10,52,15,1602,4393,1113,4,636,10297,4,316,1207,8320,523,1232,3,148,5786,3,716,581,3,2573,967,42,19,1467,9018,207,4,280,358,3,131,3843,227,4,2972,136,3,576,10920,3,1110,2596,1844,4,1441,184,327,27,649,53,78,840,29,70,1910,4,34018,3,455,3,11,561,26,34019,3043,4,11,1453,26,246 5,5,5,5,5,5,5,5,5,5,5,5,1,1,5,5,5,5,1,1,1,1,1,1,1,1,1,1,1,1,1,1,1,1,1,1,6,6,1,1,1,1,1,1,1,1,1,1,1,1,1,1,1,1,1,1,1,1,1,1,1,1,1,1,1,1,1,1,1,1,1,1,1,1,1,1,1,1,1,1,1,1,1,1,1,1,1,1,1,1,1,1,1
531,4,1415,19,53,3029,4322,133,3,673,194,114,93,352,4,449,10,1170,233,210,14417,34020,4,11,448,1246,55,149,17337,705,1952,3,592,3453,3,869,1137,3,5045,1469,3,392,1872,3,819,34021,399,6278,3,5299,2966,3,2984,17391,3558,996,3,2201,1469,3,34022,17392,3,3749,4635,904,4,1541,3,1562,3,11,325 1,1,1,1,1,1,1,1,1,1,1,1,1,1,1,1,1,1,1,1,1,1,1,1,1,1,1,1,1,1,1,1,1,1,1,1,1,1,1,1,1,1,1,1,1,1,1,1,1,1,1,1,1,1,1,1,1,1,1,1,1,1,1,1,1,1,1,1,1,1,1,1,1
873,17393,13,1205,61,12,106,318,3,479,17,39,2700,13,284,1053,34023,35,921,693,197,43,67,10,262,821,693,185,819,1851,508,4082,821 1,1,1,1,1,1,1,1,1,1,1,1,1,1,1,1,1,1,1,1,1,1,1,1,1,1,1,1,1,1,1,1,1
34024,284,14,5276,13,1053,1682,5,1194,34025,34026,1001,35,646,7,89,1396,61 1,1,1,1,1,1,1,1,1,1,1,1,1,1,1,1,1,1
104,1205,821,89,14659,3,5027,34027,3,4934,705,1618,3,592,2557,3,399,755,3,5045,279,494,4,3558,996,3,3514,17392,3,11,2201,1804,1358,4112,477,142,2041,1817,1083,76,4,2984,17391,3,399,4637,19,34028,27,821,86,6935,1392,142,4,41,1101,34029,5027,477,2362,10,988,11785,3,86,39,355,35,988,11785,14,1101 1,1,1,1,1,1,1,1,1,1,1,1,1,1,1,1,1,1,1,1,1,1,1,1,1,1,1,1,1,1,1,1,1,1,1,7,1,1,1,1,1,1,1,1,1,1,1,1,1,1,1,1,1,7,1,1,1,1,1,1,1,1,1,1,1,1,1,1,1,1,1,1,1
902,4,1415,13,95,34030,232,1298,2941,27,821,1401,235,13,609,1548,9446,5950,5605,229,34031,3309,153,1191 1,1,1,1,1,1,1,1,1,1,1,1,1,1,1,1,1,1,1,1,1,1,1,1
