67,54,4,34044,528,168,55,10164,8715,34045,34046,12550,54,7,168,34047,1724,4,4487,34048,3,229,3,34049,34050,1073,3,34051,17397,40,34052,522,17398,771,3,7168,7,151,3,142,3,11,607,354,76,3,34053,169,1776,17,529,771 1,1,1,1,1,1,1,1,1,1,1,1,1,1,1,1,1,1,1,1,1,1,1,1,1,1,1,1,1,1,1,1,1,1,1,1,1,4,1,7,1,1,1,1,1,1,1,1,1,1,1,1
1011,34054,4,34055,19,2142,3,2230,529,3,4264,904,84,1855,35,1287,51,31,1356,7,325 1,1,1,1,1,1,1,1,1,1,1,1,1,1,1,1,1,1,1,1,1
12,11876,3,449,10,321,36,2645,968,116,597,40,272,186,18,38,59,136,34,584,10,413,5,467,59,303,99,58,1644,29,98,855,418,3,990,3,116,1549,61,17,128,85 1,1,1,1,1,1,1,1,1,1,1,1,1,1,1,1,1,1,1,1,1,1,1,1,1,1,1,1,1,1,1,1,1,1,1,1,1,1,1,1,1,1
19,953,12,1147,968,48,116,3,148,34056,3,364,231,3,11,563,448 1,1,1,1,1,1,1,1,1,1,1,1,1,1,1,1,1
162,17,1776 1,1,1
579,4,90,249,3,459,3,1473,3,446,3,2969,3,725 1,1,1,1,1,1,1,1,1,1,1,1,1,1
233,174,2646,182,193 1,1,1,1,1
674,4,151,3,142,3,4312,1648,3,403,7,3867,682,3,3839,1012,76,3,2787,1333 1,1,4,1,7,1,1,1,1,1,1,1,1,1,1,1,1,1,1,1
254,4,203,1026,32,3,348,3345,69,3,1919 1,1,11,11,11,1,17,17,17,1,20
1462,127,12,67,9,402,874,8,3,1098,7,218 1,1,1,1,1,1,1,1,1,1,1,1
11,150,403,7,3741,212 1,1,1,1,1,1
109,31,238,3,1119,541 14,14,14,1,1,1
545,4,148,34057,3,364,388,3,1250,1417,12,859,3,15,78,15 1,1,1,1,1,1,1,1,1,1,1,1,1,1,1,1
11,910,3,216,44,1700,968,222,3,48,751 1,1,1,1,1,1,1,1,1,1,1
1465,1630,3,455,3,44,2265,304,3,7167,2111,310,3,11,1099 1,1,1,1,1,1,1,1,1,1,1,1,1,1,1
214,152,952 1,1,1
114,11,1379,3,617,10,1008 1,1,1,1,1,1,1
562,3,4852,5,4853,217,3,11,222 1,1,1,1,1,1,1,1,1
3270,44,12,233,253,149,4,7529,2042,3,34058,601,3392,3,6876,6920,904,4,1541,3,44,34059,3,11,1356,5675,3,11,563,26,1552,448 1,1,1,1,1,1,1,1,1,1,1,1,1,1,1,1,1,1,1,1,1,1,1,1,1,1,1,1,1,1,1,1
50,78,364,4,79,17398,771,3,7168,158,151 1,1,1,1,1,1,1,1,1,1,4
266,224,1019,7,199,181,771 1,1,1,1,1,1,1
266,341,161,174,306,151 1,1,1,1,1,4
104,1917,103,34060,5,904,2014 1,1,1,1,1,1,1
134,18,557,968,3048,202,7,325,26,7086,2850,41,1717,34061,1021,1560,26,35,4165 1,1,1,1,1,1,1,1,1,1,1,1,1,1,1,1,1,1,1
86,203,3,126,3885,1860,4626,3,86,151,5536 1,11,1,40,40,40,40,1,1,4,1
772,520,1597 1,1,1
79,546,52,19,62,2930,134,148,41,572 1,1,1,1,1,1,1,1,1,1
9012,2737,1028,15931,3,229 1,1,1,1,1,1
