67,54,4,34032,4004,318,1141,112,8715,3,10164,12550,112,54,4,34033,61,234,4,418,3,1431,296,7,63 1,1,1,1,1,1,1,1,1,1,1,1,1,1,1,1,1,1,1,1,1,1,1,1,1
30,7,61,234,4,15,1995,87,302,522,121,61,640,7,418,5,24,1431,296,7,63 1,1,1,1,1,1,1,1,1,1,1,1,1,1,1,1,1,1,1,1,1
6,28,258,37,18,20,2824,40,495,66,24,391,13,24,1431,296,7,63,5,1146,18,1377,20,3100,3334,5,258,37,18,38,128,418,5,300,3,5,1295,10,6,124,10,52,221 1,1,1,1,1,1,1,1,1,1,1,1,1,1,1,1,1,1,1,1,1,1,1,1,1,1,1,1,1,1,1,1,1,1,1,1,1,1,1,1,1,1,1
18,745,11,30,7,283 1,1,1,1,1,1
18,258,37,18,38,128,691,94,12,24,48,5,128,418 1,1,1,1,1,1,1,1,1,1,1,1,1,1
81,7,182,4,748,61,425,3,18,21,11,234 1,1,1,1,1,1,1,1,1,1,1,1
11,234,7,3638,26,616,3,11,234,7,48,34,26,226,7,184,425 1,1,1,1,1,1,1,1,1,1,1,1,1,1,1,1,1
80,39,30,4,18,21,30,7,106,5,71,3,958,5,4312,1648,3,1464,682,35,60 1,1,1,1,1,1,1,1,7,1,4,1,1,1,1,1,1,1,1,1,1
39,4,4199,5,34034,127,4,18,21,11,127 1,1,1,1,1,1,1,1,1,1,1
206,30,5,150,30,4,569 1,1,1,1,1,1,1
21,15,728,909,132,5,465 1,1,1,1,1,1,1
102,101,4,18,14,1130,13,211,316,205 1,1,1,1,1,1,1,1,1,1
133,853,3,1481,680,3,63,94,34035,417 1,1,1,1,1,1,6,6,6,6
18,14,1497,12,6,318,499,27,40,85 1,1,1,1,1,1,1,1,1,1
19,77,3,24,227,77,14,44 1,1,1,1,1,1,1,1
11,63,12,24,1239 1,1,1,1,1
11,202,7,88,818,1297 1,1,1,1,1,1
11,202,7,413,1297 1,1,1,1,1
136,14,332,3,2471,5,899,44 1,1,1,1,1,1,1,1
350,77,33,91,184,327,100 1,1,1,1,1,1,1
103,77,33,145,156,5,239,3,15,1710,213,1718 1,1,1,1,1,1,1,1,1,1,1,1
214,14,152,3,979,13,44,326,327,3,11,2120,34,26,246,3,11,1128,3,11,240,3,11,1482,26,1641 1,1,1,1,1,1,1,1,1,1,1,1,1,1,1,1,1,1,1,1,1,1,1,1,1,1
1084,72,13,44,779,1256 1,1,1,1,1,1
133,44,783 1,1,1
232,296,471,7,759 1,1,1,1,1
352,77,44 1,1,1
21,11,418,3,48,34,26,3273,27,40,802 1,1,1,1,1,1,1,1,1,1,1
457,172,4,417,177,111,44,338,10889,27,2667,3,51,390,20,44,177,13,156,7,6492,11,202,7,88,199,84,19,177 1,1,1,1,1,1,1,1,1,1,1,1,1,1,1,1,1,1,1,1,1,1,1,1,1,1,1,1,1
6483,44 1,1
805,5,897,44 1,1,1,1
1348,3,392,3,347,5,63,366,44 1,1,1,1,1,1,1,1,1
824,7,1872,13,44,696,785 1,1,1,1,1,1,1
1425,33,433,63,3,433,345,3,11,696,763,3,11,1111,763 1,1,1,1,1,1,1,1,1,1,1,1,1,1,1
336,5359,154,72,5,48,738,72 1,1,1,1,1,1,1,1
340,1598,12,230,4,3657,1862,20,469,13,10439,3,11,202,7,63 1,1,1,1,1,1,1,1,1,1,1,1,1,1,1,1
224,339,4,15,1995,87,302,522,121,640,7,418,5,15,1431,296,7,63,13,15,72,1168,3,11,202,7,15,361,432,3,11,202,7,88,103,76,26,199,103,147,3,44,457,264 1,1,1,1,1,1,1,1,1,1,1,1,1,1,1,1,1,1,1,1,1,1,1,1,1,1,1,1,1,1,1,1,1,1,1,1,1,1,1,1,1,1,1,1
603,505,4,418 1,1,1,1
566,9,158,534,748,261,8,4,52,261,10,163 1,1,1,1,1,1,1,1,1,1,1,1
534,19,261,14,211 1,1,1,1,1
1218,34036,3037,4063,3,107 1,1,1,1,1,1
17394,34037,34038,533,43,4,3037,4063,3,107 1,1,1,1,1,1,1,1,1,1
17394,250,31,81,43,262,331,250 1,1,1,1,1,1,1,1
