67,54,4,34062,124,4706,1622,34063,34064,34065,3153,8715,3,10164,3287,34066,3,11580,17397,34067,9,34068,8,34069,34070,30,7,61,328,4,629,8715,14,15,4895,428,121,468,17,96,115,7,71,5,174,39,147 1,1,1,1,1,1,1,1,1,1,1,1,1,1,1,1,1,1,1,1,1,1,1,1,1,1,1,1,1,1,1,1,1,1,1,1,1,1,1,1,1,1,4,1,1,1,1
147,4,176,71,324 1,1,1,4,4
99,398,1062,129,183,20,16958,99,412,77,98,20,1062,129,183 1,1,1,1,1,1,1,1,1,1,1,1,1,1,1
178,106 1,7
11,48,34,3,226,7,184,3,26,975,93 1,1,1,1,1,1,1,1,1,1,1
195,776 1,15
15,772,520,4110,359,1811,129,183,111,486,393,7,8108,3,1380,7,1320,3,926,7,1995,3,5,62,580,7,8166,39,4,203,547,22,337 1,1,1,1,1,1,1,1,1,1,1,1,1,1,1,1,1,1,1,1,1,1,1,1,1,1,1,1,1,11,11,11,11
105,3,512,1072,1327,22,1047,3,2146,382,22,105,3,809,2827,22,1047,3,1986,36,22,5051 11,1,1,1,1,1,1,1,27,1,1,1,1,17,1,1,1,1,1,1,1,1
3448,3,2382,141,22,105,3,5,12158,125,22,105,3,51,18,2832,319,128,85,183 1,1,1,1,1,1,1,1,12,12,12,12,1,1,1,1,1,1,1,1
81,7,116,4,18,21,55,128,4598,1226,170,415,19,394,764 1,1,1,1,1,1,1,1,1,1,1,1,1,1,1
11,173,140,84,3,3969,205,26,116,3,555,3,2766,889,3,2236,3,48,34,3,263,3,226,7,184,3,300,3,291,34,3,4186,3,446,3,796,3,1393,3,196,277,3,1368,3,618,34,3,26,741,323 1,1,1,1,1,1,1,1,1,1,1,1,1,1,1,1,1,1,1,1,1,1,1,1,1,1,1,1,1,1,1,1,1,1,1,1,1,1,1,1,1,1,1,1,1,1,1,1,1,1
102,101,4,6,28,14,12,11,199,342 1,1,1,1,1,1,1,1,1,1
63,94,17082,3,140,4265,624,3,5,807,12360,196,77,4,639,17,416,685,5,3574,1226,170,415,19,6,70,5,53,764 1,1,1,1,1,1,1,1,1,1,1,1,1,1,1,1,1,1,1,1,1,1,1,1,1,1,1,1,1
11,1024,4364 1,1,1
975,133,433,100 1,1,1,1
511,14,204,19,1683,1385,7,394,764 1,1,1,1,1,1,1,1,1
48,4,91,10,1051,5,463 1,1,1,1,1,1,1
114,4,11,93 1,1,1,1
192,5,104,4,176,71,324 1,1,1,1,1,4,4
232,179 1,1
41,827,1738,89 1,1,1,1
178,106 1,7
232,179 1,1
2146,2081 27,1
195,776 1,15
50,81,13,6,28,6,160,10,49,39,1864,17,6987 1,1,1,1,1,1,1,1,1,1,1,1,1
476,179,7,580,306,356,1738,98,934 1,1,1,1,1,1,1,1,1
50,1758,24,15,1581,17,3973,141,22,337 1,1,1,1,1,1,12,1,1,1
105 1
253,4185,2245 1,1,1
50,1509,935,10,6,28,5,1468,198 1,1,1,1,1,1,1,1,1
98,3,1758,1581,17,7342,1455 1,1,1,1,1,1,1
346,1609,436,936 1,1,1,1
1402,1066 1,1
1512,1244,138 1,1,1
497,4901,73,11184,3,107 1,1,1,1,1,1
746,34071,3667,2449,806,4,17399,825,4,34072,843,4,17399 1,1,1,1,1,1,1,1,1,1,1,1,1
