69,49,4,28914,28915,2,28916,2,11106,11107,858,391,4,2574 1,1,1,1,1,1,1,1,1,1,1,1,1,1
47,1736,37,47,50,201,5,1121,38,29,2,177,6,427,74,2105,2,5,285,6,233,2,114,7,203,2,5,642,13,6,29 1,1,1,1,1,1,1,1,1,1,1,1,1,1,1,1,1,1,1,1,1,1,1,1,1,1,1,1,1,1,1
30,7,156,360,4,38,14,15,7632,407,13,15,30,7,81,5,127,104,17,6,97,934,697,2406,21,39,2323,1216,286,7,886 1,1,1,1,1,1,1,1,1,1,1,1,1,1,4,1,10,1,1,1,1,1,1,1,1,1,1,1,1,1,1
18,321,699,2574,460,572,13,2889,5,713,2,578,2406,549,621,38,297 1,1,1,1,1,1,1,1,1,1,1,1,1,1,1,1,1
18,113,977,15,1114,2328,2574,151,18,6167,100,5,1007,10,3284,11365,802,162,538,819,648,4638,23,10,55,12,118,984,5,718,23,10,1089 1,1,1,1,1,1,1,1,1,1,1,1,1,1,1,1,1,1,1,1,1,1,1,1,1,1,1,1,1,1,1,1,1
163,7,213 1,1,1
66,17,508,2,469,2,44,34,2,255,7,194,2,5,263,34 1,1,1,1,1,1,1,1,1,1,1,1,1,1,1,1
18,113,605,10,363,28917,28918 1,1,1,1,1,1,1
78,89,30,4,30,7,9050,28919,154,159,146 1,1,1,1,1,1,1,1,1,1,1
18,14,5186,81,5,127 1,1,4,4,1,10
3001,2,137,2,179,30,2,5,128,30,4,32,119,6,948 1,1,1,1,18,1,1,1,1,1,1,1,1,1,1
93,122,4,63,463,407,1040,2,413,2,5,646 1,1,1,1,24,1,1,1,1,1,1,1
18,21,15,7194,212,12,6,7264,19,6,707,13,289,1672,28920,286,32,57,48,31,12,10705,13,23,2331 1,1,1,1,1,1,1,1,1,1,1,1,1,1,1,1,1,1,1,1,1,1,1,1,1
23,67,94,14,761,653 1,5,5,5,5,5
18,14,1040,5,413,5,23,1290,14,43 1,1,1,1,1,1,1,1,1,1
112,14,330 1,1,1
44,14,90 1,1,1
91,73,14,5942,86,417,2,1371,2,26,1422 1,1,1,1,1,1,1,1,1,1,1
187,14,133,5,375 1,1,1,1,1
217,4,86,673,2,720,2,26,79 1,1,1,1,1,1,1,1,1
18,113,50,63,680,7,733,12,23,751,168,2,375,2,11,1824,9895 1,1,1,1,1,1,1,1,1,1,1,1,1,1,1,1,1
303,441,408,4,6,29,21,63,147,37,482,1241,15371,13,1961,5611,1673,7194,28921,212 1,1,1,1,1,1,1,1,1,1,1,1,1,1,1,1,1,1,1,1
23,44,810,14,3143 1,1,1,1,1
6,468,7,23,282,73,14,232,31,177,42,240,312,232,42,6,7617,659,5,6,114,14,10,60,23,10,6,429,282,17,15,3002,28922,5498 1,1,1,1,1,1,1,1,1,1,1,1,1,1,1,1,1,1,1,1,1,1,1,1,1,1,1,1,1,1,1,1,1,1
494,4,1241,15371 1,1,1,1
526,10727,2,11106,11107,96 1,1,1,1,1,1
495,4,15372,276,4,15372,597,42,4,10727,2,11106,11107,813,28923,1852 1,1,1,1,1,1,1,1,1,1,1,1,1,1,1,1
