67,54,4,34153,1387,141,3,7765,7595,2747,6020,4604,3,107 1,1,1,1,1,1,1,1,1,1,1,1,1,1
7609,3371,34154,3713,182,547,34155,2780,17414,3,4593,34156,684,4,4493,5265,10166,4,34157,2523,4,34158,882,64,6020,4604,4,50,272,122,40,7852,767,12,6,668,89,17,172,7,9681,5,209,715,1873,12,394,194,114 1,1,1,1,1,1,1,1,1,1,1,1,1,1,1,1,1,1,1,1,1,1,1,1,1,1,1,1,1,1,1,1,1,1,1,1,1,1,1,1,1,1,1,1,1,1,1,1,1
6,28,21,38,11628,255,7,283,3,75,1064,13,34159,5,34160,1777,2863,10,6814,467,465 1,1,1,1,1,1,1,1,1,1,1,1,1,1,1,1,1,1,1,1,1
6,28,21,68,261,66,6,14188,5,35,50,1535,92,6,664,14,1627,10,271,89,14,1153,6,28,14,15,2339,17,15,7727 1,1,1,1,1,1,1,1,1,1,1,1,1,1,1,1,1,1,1,1,1,1,1,1,1,1,1,1,1,1
6,28,21,38,209,100,194,114,3167,5,474,17,225,4134,87 1,1,1,1,1,1,1,1,1,1,1,1,1,1,1
16,21,636,15382,1769,3892 1,1,1,1,1,1
16,21,38,311,255,7,553,283 1,1,1,1,1,1,1,1
10,6,1586,7,23,5136,16,21,636,38,10910,51,21,38,12557,4282,12,6,80 1,1,1,1,1,1,1,1,1,1,1,1,1,1,1,1,1,1,1
6,28,90,88,1742,124,3,916,1083,822,26,169,30,7,971 1,1,1,1,1,1,1,1,1,1,1,1,1,1,1
74,14,11,150,30,7,2915,813,26,971 1,1,1,1,1,1,1,1,1,1
16,21,11,1150,30,7,373,26,1297 1,1,1,1,1,1,1,1,1
16,21,31,68,858,12,88,1742,1863,3,109,31,49,88,3956,39,5,14,6307 1,1,1,1,1,1,1,1,1,1,1,1,1,1,1,1,1,1,1
6,28,82,80,39,30,14,639,17,181,120,76,3,817,130,371,3,391,1274,3,330,604,3,1822,280,3,106,5,350,106 1,1,1,1,1,1,1,1,1,10,10,10,1,1,1,1,1,1,1,1,1,1,1,23,23,1,7,1,1,7
23,137,39,158,218,3,1895,3,348,3,932,3,203,3,752,872,3,5652,5,1994 1,1,1,1,13,1,20,1,17,1,1,1,11,1,1,1,1,1,1,1
6,28,90,88,150,30,7,373,3,3001,3,3365,26,432 1,1,1,1,1,1,1,1,1,1,1,1,1,1
6,28,20,1849,12,17414,5,245,12,17415 1,1,1,1,1,1,1,1,1,1
16,109,31,285,3,90,541,1229,5,334,699,4045,87,183 1,1,1,1,1,1,1,1,1,5,5,5,5,5
23,81,7,182,14,639,17,70,473,2168,34,3,437,3,2361,3,71,5,287 1,1,1,1,1,1,1,1,1,1,1,1,1,1,1,1,4,1,15
19,102,77,16,14,15,1822,280,767,13,34161,277,664,4737,1219,12,6,2200,19,6,70 1,1,1,1,1,1,23,23,1,1,1,1,1,1,1,1,1,1,1,1,1
16,21,1736,184,327,13,1248,3452,407 1,1,1,1,1,1,1,1,1
16,21,128,246,12,6,70,473,2168,10,1046 1,1,1,1,1,1,1,1,1,1,1
16,21,15,9286,6613,214 1,1,1,1,1,1
74,14,11,246,12,6,70,473,2168 1,1,1,1,1,1,1,1,1
16,21,4322,216,3,3175,5,1459,133 1,1,1,1,1,1,1,1,1
23,562,133,57,31,777,166,290,10,23,1768,2928 1,1,1,1,1,1,1,1,1,1,1,1
19,6,53,23,2367,2245,14,433,5,19,6,70,23,789,1591,20,217 1,1,1,1,1,1,1,1,1,1,1,1,1,1,1,1,1
16,21,9286,248,13,202,7,1873,3527,5,13231,3,75,14,1470,19,6,53,306,6,70 1,1,1,1,1,1,1,1,1,1,1,1,1,1,1,1,1,1,1,1,1
16,21,1525,34162,19,23,70,1423,1143,6,7189,7,1146,197,10,52,62,4267,2264,1528 1,1,1,1,1,1,1,1,1,1,1,1,1,1,1,1,1,1,1,1
16,21,170,13245,3980,3,3167,5,2183,283,19,6,70,13,200,19,6,53 1,1,1,1,1,1,1,1,1,1,1,1,1,1,1,1,1,1
6,28,753,954,11651,51,14,334,2970,186,2779 1,1,1,1,1,1,1,1,1,1,1
6,295,7,23,4372,354,149,264,111,100,1470,2210,813,992 1,1,1,1,1,1,1,1,1,1,1,1,1,1
6,992,14,7130,10,6,671,2264,2210,813,12,6,70,248,5,6,12558,3482,12,6,637,1423 1,1,1,1,1,1,1,1,1,1,1,1,1,1,1,1,1,1,1,1,1,1
92,546,52,55,37,6,992,12,6,12558,3482,19,6,70,14,519,3,12,6,4267,2210,813,19,6,70,92,14,117,896,5,12,6,381,2210,813,19,6,70,6,992,14,117,896 1,1,1,1,1,1,1,1,1,1,1,1,1,1,1,1,1,1,1,1,1,1,1,1,1,1,1,1,1,1,1,1,1,1,1,1,1,1,1,1,1,1,1
12,6,1672,562,813,3,1434,562,5,2183,562,813,74,14,11,992 1,1,1,1,1,1,1,1,1,1,1,1,1,1,1,1
12,1462,19,6,53,74,14,992,27,6,12558,3482,7,15,15659,117,896,3,12,6,637,1470,2210,813,117,896,3,34163,117,896,5,443,1423,117,896 1,1,1,1,1,1,1,1,1,1,1,1,1,1,1,1,1,1,1,1,1,1,1,1,1,1,1,1,1,1,1,1,1,1,1
12,6,1100,813,74,14,11,992,5,6,381,2210,813,74,14,117,896 1,1,1,1,1,1,1,1,1,1,1,1,1,1,1,1,1
290,10,6,28,82,978,92,20,1063,10,1946,3662 1,1,1,1,1,1,1,1,1,1,1,1
12,1351,3,119,46,15,1822,280,767,13,131,10,504,992,19,101,5,170,1873,3527,5,3167 1,1,1,1,1,1,23,23,1,1,1,1,1,1,1,1,1,1,1,1,1,1
2659,74,14,15,17416,1226,6,851,7,102,461,5,3048,457,532 1,1,1,1,1,1,1,1,1,1,1,1,1,1,1
50,1526,37,40,14,6,1401,2518,517,6,28,368,31,1417,917,5,2209,391,13,23,248,12,15,1048,269 1,1,1,1,1,1,1,1,1,1,1,1,1,1,1,1,1,1,1,1,1,1,1,1,1
2659,16,21,62,1889,1873,12,23,248,290,10,9285,5,1048 1,1,1,1,1,1,1,1,1,1,1,1,1,1
40,12,475,10,23,1822,280,3,37,14,15,5209,7,14730,624,37,4769,19,23,214,900,552,15,65,3,3774,65,15,113,5,1769,6,7407,7408,35,60,35,6,4061,1280,7,23,248 1,1,1,1,1,23,23,1,1,1,1,1,1,1,1,1,1,1,1,1,1,1,1,1,1,1,1,1,1,1,1,1,1,1,1,1,1,1,1,1,1,1,1
233,7,571,709,943,949,3396,2279,10,23,3167,3,283,5,194,114,474 1,1,1,1,1,1,1,1,1,1,1,1,1,1,1,1,1
6,4214,10,40,147,14,31,62,2927,175 1,1,1,1,1,1,1,1,1,1
13,23,756,391,1274,5,291,5209,6,6771,7,201,3048,1627,23,248,115,470,677,57,2156,306,23,7096,26,130,57,34164 1,1,1,1,1,1,1,1,1,1,1,1,1,1,1,1,1,1,1,1,1,1,1,1,1,1,1,1
1338,92,14,31,15304,10,157,15,7727,3236,10,575,1004,128,7,6,474,5,93,37,40,28,2233,12,23,248,3,313,15,7727,14,31,15,936,2388,51,14,62,993,2388 1,1,1,1,1,1,1,1,1,1,1,1,1,1,1,1,1,1,1,1,1,1,1,1,1,1,1,1,1,1,1,1,1,1,1,1,1,1,1,1
134,119,191,31,46,15,104,35,10,1146,10,1627,19,23,248,139,6,7727,14,1004,12,1226,516,92,41,52,7,11,5029,1255 1,1,1,1,1,1,1,1,1,1,1,1,1,1,1,1,1,1,1,1,1,1,1,1,1,1,1,1,1,1
50,237,420,37,16,157,15,7727,3236,5,855,6254,13,320,10,615,2693,1176,6254 1,1,1,1,1,1,1,1,1,1,1,1,1,1,1,1,1,1,1
50,237,2283,810,6,12359,12,6,1176,6254,27,6,444,7,6,595,5,1404,1470,306,6,17417 1,1,1,1,1,1,1,1,1,1,1,1,1,1,1,1,1,1,1,1,1,1
50,46,138,201,15,1581,17,15,7727,3236,35,60,35,1176,6254,5,235,6,3463,2348,7,23,198,3,75,57,1511 1,1,1,1,1,1,1,1,1,1,1,1,1,1,1,1,1,1,1,1,1,1,1,1,1,1,1
50,1533,37,571,993,41,575,201,13,23,194,114,93,5,474 1,1,1,1,1,1,1,1,1,1,1,1,1,1,1
92,14,2379,37,88,993,27,6,444,7,23,813,41,34165,6,5470,34166,94,7,23,214,5,486,1768,5209 1,1,1,1,1,1,1,1,1,1,1,1,1,1,1,1,1,1,1,1,1,1,1,1,1
134,50,368,1007,88,475,1240,641,293,5265,3,395,2046,271,731 1,1,1,1,1,1,1,1,1,1,1,1,1,1,1
1015,3,2140,1830,9463,3,107 1,1,1,1,1,1,1
34167,34168 1,1
