67,54,4,34243,2988,3,8717,17423,34244,10,3016,92,208,479,4,50,38,6,1174,7,122,293,8717,2988,12,6,612,224,27,6,9638,1569,5467,17,417,172,5,355 1,1,1,1,1,1,1,1,1,1,1,1,1,1,1,1,1,1,1,1,1,1,1,1,1,1,1,1,1,1,1,1,1,1,1,1,1,1
35,360,208,731,3,16,14,15,4991,767,13,15,30,7,500,179,106,3,500,179,2644,71,324,3,1221,699,157,3,1822,280,3,11,150,30,7,871,181,76,5,11,374,181,76 1,1,1,1,1,1,1,1,1,1,1,1,1,1,1,1,6,1,1,1,4,4,4,1,5,5,5,1,23,23,1,1,1,1,1,1,1,1,1,1,1,1,1
16,20,61,10,6,612,224,89,17,3542,172,169,10,62,2889,164,503,17,525,19,40,113,43,64,8658,4407,10108,3,27,6,12562,757,2565,599 1,1,1,1,1,1,1,1,1,1,1,1,1,1,1,1,1,1,1,1,1,1,1,1,1,1,1,1,1,1,1,1,1,1
40,767,21,15,9405,6440,12,23,70,657,5,14,503,17,5897,918,27,6,12562,757,2565 1,1,1,1,1,1,1,1,1,1,1,1,1,1,1,1,1,1,1,1,1
293,2988,3,35,2123,3,90,88,30,7,374,181,120,76 1,1,1,1,1,1,1,1,1,1,1,1,1,1
16,21,38,15,169,429,154,1470,306,558,87,183,3,51,200,95 1,1,1,1,1,1,1,1,1,1,1,1,1,1,1,1
16,90,88,95,593,26,1132 1,1,1,1,1,1,1
16,285,137,35,15,1109,1495,12,6561,5,21,359,470,17,125,87 1,1,1,1,1,1,1,1,1,1,1,1,1,1,1,1
16,14,449,10,1127,620,267,2645,7,2307,3,51,27,6,1140,7,6,2307,387,416,437,19,380,3,885,1153,26,31,40,14,422,10,15,103,921,26,507,10,23,1822,280,13,23,140,225,1582,624 1,1,1,1,1,1,1,1,1,1,1,1,1,1,1,1,1,1,1,1,1,1,1,1,1,1,1,1,1,1,1,1,1,1,1,1,1,1,1,23,23,1,1,1,1,1,1
16,90,88,130,371,116,3,739,3,760,3,194,114,93,26,1408,693,16,21,68,1515,19,289,2192,12,6,80,693,200,137 1,1,1,1,1,1,1,1,1,1,1,1,1,1,1,1,1,1,1,1,1,1,1,1,1,1,1,1,1,1
475,3,16,21,500,179,71,17,75,16,14,52,96,12,6,71,224,425,27,6,12560,35,60,35,500,179,106,17,75,16,14,19,311,1325 1,1,1,1,1,1,4,1,1,1,1,1,1,1,1,4,1,1,1,1,1,1,1,1,1,1,6,1,1,1,1,1,1,1
16,90,88,30,7,380,48,453,5,35,2123,3,16,14,464,334,308,1151,23,4307,35,62,12878,4750,1109,1495 1,1,1,1,1,1,1,1,1,1,1,1,1,1,1,1,1,1,1,1,1,1,1,1,1,1
81,7,182,14,376,569 1,1,1,1,1,1
80,39,30,14,1703,17,106,3,776,3,165,1048,71,324,5,1822,280 1,1,1,1,1,1,6,1,15,1,8,4,4,4,1,23,23
39,158,3539,2217,22,337 1,1,9,9,9,9
105,3,203,547,22,337 1,1,11,11,11,11
105,3,236,125,22,337 1,1,12,12,12,12
105,3,930,1582,22,337 1,1,1,1,1,1
105,3,165,3,4452,279,22,337 1,1,8,1,1,1,1,1
105,3,2547,1142,22,337 1,1,27,27,27,27
105,5,12561,141,22,337 1,1,1,1,1,1
105 1
16,14,2561,10,1339,17,75,16,387,15,277 1,1,1,1,1,1,1,1,1,1,1
23,206,30,14,1703,17,1221,699,157,17,1087,87,3,693,16,334,312,306,544,87,183 1,1,1,1,1,1,5,5,5,5,5,5,5,5,5,5,5,5,5,5,5
16,21,11,899,541,26,1113,357,157,30 1,1,1,1,1,1,1,1,1,1
16,245,1845,13,23,551,5,1811,727,5,35,2123,14,15,1109,1495,12,1120,285,27,34245 1,1,1,1,1,1,1,1,1,1,1,1,1,1,1,1,1,1,1,1,1
16,14,96,43,64,7863,27,6,11967,124,17,747,198 1,1,1,1,1,1,1,1,1,1,1,1,1
19,101,3,16,14,1130,3,130,156,14,853,5,145,3,63,94,13656,5,386,156,14,680,184,135,435,12,11,199,342 1,1,1,1,1,1,1,1,1,1,1,1,1,1,6,6,6,1,1,1,1,1,1,1,1,1,1,1,1
16,14,15,2269,767,12,258,440,13,1822,280 1,1,1,1,1,1,1,1,1,23,23
23,1161,715,94,14,1063,10,1505,138,23,2928 1,1,1,1,1,1,1,1,1,1,1
16,14,91,10,463,100 1,1,1,1,1,1
16,21,15,145,156,5,239,13,15,44,304,3,310,5,11,213,3,502,26,561 1,1,1,1,1,1,1,1,1,1,1,1,1,1,1,1,1,1,1,1
23,214,14,280,3,396,13,269,326,327,5,11,3356,857 1,1,1,23,1,1,1,1,1,1,1,1,1,1
23,114,57,617,5,60,1070,13,565,93,27,6,595 1,1,1,1,1,1,1,1,1,1,1,1,1
16,21,232,443,5020 1,1,1,1,1
23,216,57,217,100,97,222 1,1,1,1,1,1,1
457,1738,57,31,1382,89 1,1,1,1,1,1
904,275,44,338,239,13,15,130,156,7,14321,16,21,53,574,5311,8945,13,44,187,804,626,868,23,3801 1,1,1,1,1,1,1,1,1,1,1,1,1,1,1,1,1,1,1,1,1,1,1,1,1
11,202,17,1562,26,169,490 1,1,1,1,1,1,1
16,109,46,266,4092,12,23,2346,1036,3,543,13,23,1822,280 1,1,1,1,1,1,1,1,1,1,1,1,1,23,23
339,4,293,2988,14,15,244,787,4991,767,13,311,103,341,709,3,639,2644,71,324,35,60,35,500,179,106,13,11,374,181,120,76,132,61,17,612,3364,169,10,1904,657,918,503,17,544,65,66,132 1,1,1,1,1,1,1,1,1,1,1,1,1,1,1,1,1,4,4,4,1,1,1,1,1,6,1,1,1,1,1,1,1,1,1,1,1,1,1,1,1,1,1,1,1,1,1,1
40,767,21,11,374,181,76,5,21,15,404,288,2153,3,75,50,1505,10,52,117,10,108,1818 1,1,1,1,1,1,1,1,1,1,1,1,1,1,1,1,1,1,1,1,1,1,1
372,95,3,138,23,657,5,2889,483,3,16,21,68,775,10,1127,744,10,544,1818 1,1,1,1,1,1,1,1,1,1,1,1,1,1,1,1,1,1,1,1
313,3,169,10,23,2889,1373,170,129,183,3,16,20,449,10,1127,115,267,2645,7,2307,13,344,673,437,748,2971,6,1140,2307,5,97,88,380,48,453 1,1,1,1,1,1,1,1,1,1,1,1,1,1,1,1,1,1,1,1,1,1,1,1,1,1,1,1,1,1,1,1,1,1,1,1
313,3,138,23,311,341,709,3,639,23,500,179,71,5,500,179,106,35,60,35,1221,699,157,3,16,1338,14,27,244,365,341,17,756,181,76 1,1,1,1,1,1,1,1,1,1,1,1,4,1,1,1,6,1,1,1,5,5,5,1,1,1,1,1,1,1,1,1,1,1,1
35,1152,3,50,420,119,564,15,6928,2029,429,154,17,1560,495 1,1,1,1,1,1,1,1,1,1,1,1,1,1,1
134,40,154,14,44,97,88,365,341,2850,26,97,88,202,17,756,181,76,3,92,237,52,404,17,201,10,1717,13,164,525,19,40,113 1,1,1,1,1,1,1,1,1,1,1,1,1,1,1,1,1,1,1,1,1,1,1,1,1,1,1,1,1,1,1,1,1
40,154,41,98,17298,17,23,3961,1730,5897,556,164,3,75,14,503,17,34246 1,1,1,1,1,1,1,1,1,1,1,1,1,1,1,1,1,1
13,641,10,23,39,3,23,63,94,464,14,31,27,839,998,5703,35,1152,3,50,46,118,23,3539,66,2217,22,10,669,22,337 1,1,1,1,1,1,1,1,1,1,1,1,1,1,1,1,1,1,1,1,1,1,1,9,1,1,1,1,1,1,1
105 1
40,39,546,52,86,868,233,164 1,1,1,1,1,1,1,1
475,3,134,40,14,31,6602,12,1606,23,63,94,467,998,2019,3,50,237,420,6,475,7,15,1890,10,23,389,1275,289,125,22,337 1,1,1,1,1,1,1,1,1,1,1,1,1,1,1,1,1,1,1,1,1,1,1,1,1,1,1,1,1,1,1,1
105,26,913,279,22,337 1,1,1,1,1,1
105 1
475,3,92,41,52,1864,37,23,71,52,943,476,179,7,5,16,14,132,285,976,13,6,71,599,425,27,6,12560,10,191,470 1,1,1,1,1,1,1,1,4,1,1,1,1,1,1,1,1,1,1,1,1,1,4,1,1,1,1,1,1,1,1
23,99,398,20,620,1214,5,40,14,1338,1767,319,7,471,17,3881,7,23,3628,440 16,16,16,16,16,16,1,1,1,1,1,1,1,1,1,1,1,1,1,1
50,272,1533,13,86,39,340,40,767,368,86,10,265,23,2733,5,1410,2889,164,35,60,35,1730,556,164,13,173,265,10,23,3847,7,2733,5,1398,103,341 1,1,1,1,1,1,1,1,1,1,1,1,1,1,1,1,1,1,1,1,1,1,1,1,1,1,1,1,1,1,1,1,1,1,1,1,1
13,641,10,23,106,3,16,14,19,311,1325,158,3539,3,4452,3,2547,5,12561 1,1,1,1,6,1,1,1,1,1,1,1,9,1,1,1,27,1,1
138,6,34247,7,1325,3,92,237,52,404,10,1018,40,767,17,507,646,7,106,158,3680,35,60,35,16523,3,51,639,16,21,137,126,6,4452,5,40,237,52,1063,10,191,477,19,6,39 1,1,1,1,1,1,1,1,1,1,1,1,1,1,1,1,1,1,6,1,1,1,1,1,1,1,1,1,1,1,1,1,1,1,1,1,1,1,1,1,1,1,1,1,1
119,550,482,12,6,1398,3,134,23,63,94,14,31,60,179,1275,5869,319,6,4452,5,286,96,43,15029,5,34248,154,1992,4307,2678,12,6,1398,134,5686,1936 1,1,1,1,1,1,1,1,1,1,1,1,1,1,1,1,1,1,1,1,1,1,1,1,1,1,1,1,1,1,1,1,1,1,1,1,1
475,3,134,16,14,514,10,46,181,120,76,3,175,174,2076,1151,23,2291,7,725,237,52,172,7,153,120,260 1,1,1,1,1,1,1,1,1,1,1,1,1,1,1,1,1,1,1,1,1,1,1,1,1,1,1
35,2123,3,50,41,564,6,429,689,1560,495,5,286,119,41,52,449,10,46,15,476,192,7,1153,26,31,92,237,52,404,10,1717,13,164,12,6,1143,1398 1,1,1,1,1,1,1,1,1,1,1,1,1,1,1,1,1,1,1,1,1,1,1,1,1,1,1,1,1,1,1,1,1,1,1,1,1,1
50,41,96,188,13,201,12,620,170,129,1396,85,17,903,7,23,207,612,198 1,1,1,1,1,1,1,1,1,1,1,1,1,1,1,1,1,1,1
395,191,31,1837,10,732,271,134,74,14,2600,50,368,191,10,2279,10,23,1889,39,198,12,6,2521 1,1,1,1,1,1,1,1,1,1,1,1,1,1,1,1,1,1,1,1,1,1,1,1
16,21,68,1007,394,808,5674,5,710,1397,10,732,271,134,74,14,2600,50,368,191,10,1224,12,23,198,530,2051 1,1,1,1,1,1,1,1,1,1,1,1,1,1,1,1,1,1,1,1,1,1,1,1,1,1,1
941,360 1,1
1015,3,497,2869,2924,3,229,746,34249,3660,426,4,5956,2140,229,1428,16695,1073,6561,3,4379,3,34250,2820,4,3389,4,34251,1458,34252,426,4,8658,4407,10108,107 1,1,1,1,1,1,1,1,1,1,1,1,1,1,1,1,1,1,1,1,1,1,1,1,1,1,1,1,1,1,1,1,1,1,1,1
12562,757,2565,599,34253,8442,8443,6561,3,4379,3,34254,2820,4,3389,4,806,4,17427,825,4,34255,843,4,17427 1,1,1,1,1,1,1,1,1,1,1,1,1,1,1,1,1,1,1,1,1,1,1,1,1
