69,49,4,29107,11120,303,1315,101,2751,2,7715,29108,101,49,4,29109,6,29,20,201,5,755,42,260 1,1,1,1,1,1,1,1,1,1,1,1,1,1,1,1,18,1,1,1,1,1,1,1
30,7,629,391,4,38,14,15,14522,471,13,15,30,7,127,5,81,2,4570,179,30,14,483,2,104,21,15,66,163,7,213,2,5,104,21,11,30,7,87,545,1564 1,1,1,1,1,1,1,1,1,1,1,1,1,1,10,1,4,1,1,1,1,1,1,1,1,1,1,1,1,1,1,1,1,1,1,1,1,1,1,1,1
16,279,13,15,3505,19,6,70,663,7,6,112 1,1,1,1,1,1,18,1,1,1,18,1
16,279,10,6,303,441,13,15,3037,1521,7,2184,19,6,70,663,7,6,112,5,3037,133,1377,388 1,1,1,18,1,1,1,1,1,1,1,1,1,18,1,1,1,18,1,1,1,1,1,1
6,2921,14,1052 18,1,1,1
6,4798,14,1052 18,1,1,1
68,14,11,2278,14070 1,1,1,1,1
68,53,11,2278,849 1,1,1,1,1
93,122,4,11,2376,228 1,1,1,1,1,1
6,2278,14,861,5,175 18,1,1,1,1,1
6,226,53,90,2,13,11,856 18,1,1,1,1,1,1,1
6,122,482,15,5697,3505,7,6,70,663,7,6,112,2,13,11,29110,5,11,29111,7,6,181 18,1,1,1,1,1,1,18,1,1,1,18,1,1,1,1,1,1,1,1,1,18,1
364,1958,12,189,4,6,29,431,15,4265,1771,5,20,201,42,6,3505,659 1,1,1,1,1,18,1,1,1,1,1,1,1,1,1,18,1,1
16,20,9663,13,15400,5,874,140 1,1,1,1,1,1,1,1
16,20,10,207,100,12,1963,697,1053,17,15,887 1,1,1,1,1,1,1,1,1,1,1,1
6,3505,659,2866,681,664,19,170,2,13,11,301,17,437,2,48,124,38,20,24,112,5,316,5697,2,47,963,170,10,808,401,17,437 18,1,1,1,1,1,1,1,1,1,1,1,1,1,1,1,1,1,1,1,1,1,1,1,1,1,1,1,1,1,1,1,1
678,494,4,5697,3505,7,6,70,663,7,6,112 1,1,1,1,1,1,18,1,1,1,18,1
642,9,317,630,712,377,8,4,16,14,874,13,15400,3672,5,13856,2,5,14,10,207,100,12,1963,697 1,1,1,1,1,1,1,1,1,1,1,1,1,1,1,1,1,1,1,1,1,1,1,1,1
6,29,74,630,19,377,14,185 18,1,1,1,1,1,1,1
1416,29112,1707,15401,2,96 1,1,1,1,1,1
15402,29113,29114,597,42,4,1707,15401,2,96 1,1,1,1,1,1,1,1,1,1
15402,232,31,177,42,240,312,232 1,1,1,1,1,1,1,1
