69,49,4,29115,3505,162,141,72,75,289,315,4,29116,2,11999,3427,414,4,2751,2,7715,485,46,15403,427,4,4785,240,4,1955,3427,384,4,3505,10,157,337,234,4,15404,381,661,13,336,527,2,2697,5814,12,5031,7,2980,29117,647,102,236,146,5,166,29118,27,6649,7,157,15405,853,712,5706 1,1,1,1,1,1,1,1,1,1,1,1,1,1,1,1,1,1,1,1,1,1,1,1,1,1,1,1,1,1,1,1,1,1,1,1,1,1,1,1,4,1,1,1,1,1,1,1,1,1,1,1,1,1,1,1,1,1,1,1,1,1,1,1,1,1,1,1
24,4192,50,61,2431,532,38,95,42,24,4146,5,24,477,9,15,1590,1925,8,21,61,448,3023,142,27,29119,962,13,15406,48,191,6,78,363,123,13,314,10671,32,575,42,24,4146 1,1,1,1,1,1,1,1,1,1,1,1,1,1,1,1,1,1,1,1,1,1,1,1,1,1,1,1,1,1,1,1,1,1,1,1,1,1,1,1,1,1,1
6,64,14,15,1032,4016,8541,2,5,21,61,6099,121,19,6,157,337,136,24,1219,5,4143,37,16,21,31,61,2492,3600,15,2103,6725 1,1,1,1,1,1,1,1,1,1,1,1,1,1,1,1,1,1,1,1,1,1,1,1,1,1,1,1,1,1,1,1
16,21,31,39,10651,2,29120,5,12,224,404,57 1,1,1,1,1,1,1,1,1,1,1,1
16,21,31,39,34,12,6,337,2,48,113,50,15,182,527 1,1,1,1,1,1,1,1,1,1,1,1,1,1,1
24,4146,909,37,16,55,1121,42,29121,162,5,16,279,10,3505,308,17,241,233 1,1,1,1,1,1,1,1,1,1,1,1,1,1,1,1,1,1,1
56,1545,4,2434,116,1899,10765,4,157,478,54,700,3479,832,257,4,771,677,204,33,987,823,59,960,1639,59,11121,109,33,210,105,33,235,105,33,29122,29123,33,211,474,33,3309,447,59,192,4,29124,484,2997,4,1055,56,385,4,224,4,5408,2,436,44,4,745,569,118,4,418,187,4,463,2,3086,217,4,3384,2,29125,1563,7046,13,2026,7,13500,6652,27,6649,7,15405,853,19,157,2460,10,2051,15407,28,106,2026,7,2587,10899,1377 1,1,1,4,10,16,1,1,1,1,1,1,1,1,1,1,7,7,7,7,20,20,20,1,1,1,1,1,1,12,12,12,1,1,1,26,26,26,11,11,11,1,1,1,1,1,1,1,1,1,19,1,1,1,1,1,1,1,1,1,1,1,1,1,1,1,1,1,24,1,1,1,1,1,1,1,1,1,1,1,1,1,1,1,1,1,1,1,1,1,1,1,1,1,1,1,1,1,1,1,1
261,4280,29126,113,31,7839,3110,853,7795,337,2,373,182,19,3253,765 1,1,1,1,1,1,1,1,1,1,1,1,1,1,1,1
29127,19,6299,2991,7,2041,765,9,1331,7,134,15408,2730,119,64,8,36,3143,13,11,29128,243,4,3827,171,193,56,258,4,548,147,4,548,56,908,4,464,4,548,56,242,4,15404,661,13,3253,1563,3505,10,157,29129,853,5,7798,1254 1,1,1,1,1,1,1,1,1,1,1,1,1,1,1,1,1,1,1,1,1,1,1,1,1,1,1,1,1,1,1,1,1,1,1,1,1,1,1,1,1,1,1,1,1,1,1,1,1,1,1,1,1,1,1
56,114,4,605,10,29130,659,5857,2259,2,386,1471,27,192,511,2,29131,1686,3023,142,13,29132,59,26,17,29133,3536,151,29134,6743,28,356,258,2,1311,2,464,2,147,56,2728,58,1955,2,104,3120,13,242,5,114 1,1,1,1,1,1,1,1,1,1,1,1,1,1,1,1,1,1,1,1,1,1,1,1,1,1,1,1,1,1,1,1,1,1,1,1,1,1,1,1,1,1,1,1,1,1,1,1,1,1
56,9141,4785,195,29135 1,1,1,1,1
