67,54,4,34304,7874,318,1141,112,5966,3,5303,34305,112,54,4,34306,50,46,101,5,343,6,28,2503,35,60,35,81,5,660,6,385,82,402,607 1,1,1,1,1,1,1,1,1,1,1,1,1,1,1,1,1,1,1,1,1,1,1,1,1,1,1,1,1,1,1,1,1,1,1
30,7,61,234,4,1656,3,40,5471,428,13,15,30,7,71,5,15,80,30,7,283,19,6,70,322,640,7,118,34,19,6,70,248,225,6,80,544,65 1,1,1,1,1,1,1,1,1,1,1,1,1,1,4,1,1,1,1,1,1,1,1,1,1,1,1,1,1,1,1,1,1,1,1,1,1,1
92,20,984,1023 1,1,1,1
92,20,416,476,89 1,1,1,1,1
18,21,31,2145,68,449,10,299,319,7,859,507,10,6,34,3,8279,18,14,712,244,308 1,1,1,1,1,1,1,1,1,1,1,1,1,1,1,1,1,1,1,1,1,1
18,90,249,3,459,3,418,3,5,446 1,1,1,1,1,1,1,1,1,1
18,21,31,95,144,24,63,366 1,1,1,1,1,1,1,1
80,39,30,4,71,324,3,1220,3,1460,3,209,283,7,53,1328,415 1,1,1,1,4,4,1,1,1,1,1,1,1,1,1,1,1
80,591,30,4,2396,12,6,1736,80 1,1,1,1,1,1,1,1,1
102,101,4,316,205,4,807,4278,3,133,586,3,1481,3643,63,94,20,417,34307 1,1,1,1,1,1,1,1,1,1,1,1,1,1,6,6,6,6,6
227,4,630,44,406 1,1,1,1,1
136,4,630,44,406 1,1,1,1,1
155,4,630,44,406 1,1,1,1,1
130,4,44,708,17,15,4105,589,891,213 1,1,1,1,1,1,1,1,1,1
214,4,152,5,396 1,1,1,1,1
114,4,44,133,783,708,37,372,7,6,133,57,1718,344,43,1193,3,5,19,6,53,789,1591,5,2367,2245,133,74,14,11,1193,133,1382 1,1,1,1,1,1,1,1,1,1,1,1,1,1,1,1,1,1,1,1,1,1,1,1,1,1,1,1,1,1,1,1,1
6,194,114,57,394,3173,5,954,7117,10,6,794,1423 1,1,1,1,1,1,1,1,1,1,1,1,1
415,57,954,11761 1,1,1,1
74,14,15,108,123,34308,4804,283,19,6,2004,1385,7,6,53,1328,415 1,1,1,1,1,1,1,1,1,1,1,1,1,1,1,1,1
340,1598,12,230,4,6,2889,594,20,278,5,242,34309,5,4916,75,934,62,937,194,114,13,15,664,7,5889,76,1992,2829 1,1,1,1,1,1,1,1,1,1,1,1,1,1,1,1,1,1,1,1,1,1,1,1,1,1,1,1,1
278,9,158,451,8,4,2889,594 1,1,1,1,1,1,1,1
603,505,4,120,765 1,1,1,1,1
566,9,158,534,748,261,8,4,6,28,14,52,162,10,6,2889,594,3,14,31,52,676,27,61,29,5,15,1771,7,1531,26,2138,41,52,482 1,1,1,1,1,1,1,1,1,1,1,1,1,1,1,1,1,1,1,1,1,1,1,1,1,1,1,1,1,1,1,1,1,1,1
6,28,20,162,10,6,124,12,211,534 1,1,1,1,1,1,1,1,1,1
1218,34310,6995,11320,3,107 1,1,1,1,1,1
17428,34311,34312,533,43,4,6995,11320,3,107 1,1,1,1,1,1,1,1,1,1
17428,250,31,81,43,262,331,250 1,1,1,1,1,1,1,1
