69,49,4,29244,15415,4,372,2114,29245,1142,29246,7198,2,205,29247,29248,6093,2,5213,15421,29249,825,494,4,409,693 1,1,1,1,1,1,1,1,1,1,1,1,1,1,1,1,1,1,1,1,1,1,1,1,1,1
30,7,156,360,4,5213,14,15,15423,407 1,1,1,1,1,1,1,1,1,1
18,21,316,15,214,2222,30,7,309,2,309,31,27,192,117,6,439,7,5546,12,859,1110,2,18,20,5159,15,1072,93 1,1,1,1,1,1,8,8,8,1,8,1,1,1,1,1,1,1,1,1,1,1,1,1,1,1,1,1,1
27,37,95,2,18,1547,18,39,106,149,121,274 1,1,1,1,1,1,1,1,1,1,1,1
278,2,18,39,61,1634,10,1882,121 1,1,1,1,1,1,1,1,1
18,39,11,372,115,7,366,26,250 1,1,1,1,1,1,1,1,1
15,44,810,20,1156,2,71,604,15,259,601,52,409,693 1,1,1,1,1,1,1,1,1,1,1,1,1,1
6,29,1487,39,15,205,609 1,1,1,1,1,1,1
6,205,609,604,15,183,98,259,409,693,12,6,806,29250,7,6,70,412,1548 1,1,1,1,1,1,1,1,1,1,1,1,1,1,1,1,1,1,1
68,129,106,11098,1790,4614,799,2,48,192,944,51,601 1,1,1,1,1,1,1,1,1,1,1,1,1
18,21,106,5426,4346,83,675,1064,12,362,226 1,1,1,1,1,1,1,1,1,1,1
6,29,14,926,42,23,763,203,312,2,58,15424,17,241,233 1,1,1,1,1,1,1,1,1,1,1,1,1,1,1
6,29,21,11,30,7,409 1,1,1,1,1,1,1
18,21,11,30,7,1284,26,137 1,1,1,1,1,1,1,1
18,21,31,39,87,30,7,3076,26,15,318,1860 1,1,1,1,1,1,1,1,1,1,1,1
18,176,50,39,106,149,3313,2069,151,18,2015,12,15,10450,8154,2,71,39,3313,29251,29252 1,1,1,1,1,1,1,1,1,1,1,1,1,1,1,1,1,1,1,1,1
18,21,11,30,7,2475 1,1,1,1,1,1
18,21,11,29253,3807,10,29254,26,29255 1,1,1,1,1,1,1,1,1
78,89,30,4,1128,4,161,149,343,1122 1,1,1,1,1,1,1,1,1,1
165,127 1,10
186,254 1,16
249,81 1,4
351,1356 1,1
459,336,343,76 1,1,1,1
636,461 1,1
843,132,143,238,13,149,132,353 1,1,1,1,1,1,1,1
1038,293,143,238 1,1,1,1
77,4,3452,1580,1252,15,107,2,473,449,22,15,107,2,4037,109,22,15,107,2,787,105,22,15,107,2,1606,365,22,15,107,2,3901,105,22,15,107,2,556,244,22,15,107,2,442,2,3268,109,22,15,107,2,632,495,2,3232,35,22,15,107,2,4296,2826,2,172,474,22,15,107 1,1,1,1,1,1,1,1,28,28,28,28,28,1,1,1,1,1,1,1,1,1,1,1,1,1,23,23,23,23,23,1,12,12,12,12,12,1,7,7,7,7,7,1,1,1,36,36,36,36,36,1,1,1,1,1,1,1,1,1,1,1,1,1,11,11,11,11,11
137,4,2046,5,4561,5,1711,3602,46,351,179,30,4,18,295,13,23,943 1,1,1,1,1,1,1,1,1,1,1,1,1,1,1,1,1,1
18,113,31,1656 1,1,1,1
18,21,15,214,2222,309,30,12,23,8356,5,859,8046 1,1,1,1,8,8,8,8,8,8,8,8,8
128,30,4,2350 1,1,1,1
163,7,213,4,355,2,66 1,1,1,1,1,1,1
93,122,4,18,14,12,11,326 1,1,1,1,1,1,1,1
23,651,1304,14,1204,41 1,1,1,1,1,1
23,67,94,14,4575,2,23,296,14,29256,392,5,112,73,4,18,14,1186,5,1125 1,1,1,1,1,1,1,1,1,1,1,1,1,1,1,1,1,1,1,1
23,12510,53,86,377 1,1,1,1,1
1290,13,3369 1,1,1
18,21,11,733,26,2597 1,1,1,1,1,1
112,14,330,86,1289,2,846,2,26,229 1,1,1,1,1,1,1,1,1,1
23,4615,14,11963 1,1,1,1
18,21,43,7017,5,1043 1,1,1,1,1,1
23,226,53,90 1,1,1,1
91,73,4,11,920,2,246,2,253,86,1093,2,970,2,26,387 1,1,1,1,1,1,1,1,1,1,1,1,1,1,1,1
187,14,133 1,1,1
217,50,11,720,2,673,2,26,79 1,1,1,1,1,1,1,1,1
18,21,2348,7,343,162,12,23,882 1,1,1,1,1,1,1,1,1
18,21,610,1459,336,243 1,1,1,1,1,1
489,467,4,9612,14,43 1,1,1,1,1,1
908,426,4,15,44,205,14,32,166 1,1,1,1,1,1,1,1,1
320,5,114,4,15,15423,13,15,817,70,409,693 1,1,1,1,1,1,1,1,1,1,1,1
38,14,218,10,55,3212,2,598,15,29257,1460,26,4655,5207,53,11485,380 1,1,1,1,1,1,1,1,1,1,1,1,1,1,1,1,1
27,38,845,2,47,221,781,10,1798,23,17,15,2148,205,609 1,1,1,1,1,1,1,1,1,1,1,1,1,1,1
23,350,1064,12,23,409,2799,193,53,192,4346,11218,5,176,31,55,741,10,38,2475 1,1,1,1,1,1,1,1,1,1,1,1,1,1,1,1,1,1,1,1
18,113,50,11098,1790,4614,799 1,1,1,1,1,1,1
47,221,781,10,1798,23,10,2012,162,17,2429,7,15,8129,5,1583,1466 1,1,1,1,1,1,1,1,1,1,1,1,1,1,1,1,1
18,209,218,2413,91,3357,297,38,209,2640 1,1,1,1,1,1,1,1,1,1
18,319,207,100,13,260,117,23,162,108,38,7734,10,55,63,4655,409,1168 1,1,1,1,1,1,1,1,1,1,1,1,1,1,1,1,1,1
355,2,18,40,207,100,13,5416 1,1,1,1,1,1,1,1
108,18,20,11013,31,10,55,63,1239,545,2380,2,1375,490,7,1957,76,26,490,7,11347,2,18,519,50,38,505,5645,1896,15,7845,3265,9375 1,1,1,1,1,1,1,1,1,1,1,1,1,1,1,1,1,1,1,1,1,1,1,1,1,1,1,1,1,1,1,1,1
526,8883,29258,2,96 1,1,1,1,1
813,29259,4597,2746,384,4,29260,15424,96 1,1,1,1,1,1,1,1,1
29261,144,29262,15417,1411,10366,3077,2,205,2,15418,3271,4,3130,4,800,4,11125,827,4,11125,818,4,11125 1,1,1,1,1,1,1,1,1,1,1,1,1,1,1,1,1,1,1,1,1,1,1,1
