69,49,4,29307,64,401,17,280,440,5,356,19,306,709 1,1,1,1,1,1,1,1,1,1,1,1,1,1
77,2622,9,5667,4561,8,51,1800,4950,283,4,3345,153,11127,275,27,11128,7988,237,793,119,223,1201,9,2196,8,626,2,35,45,9,62,8,25,59,230,626,2,684,45,9,62,8,25,33,1286,9,1889,8,2479,2,35,45,9,62,8,7620,33,607,521,2,35,45,9,62,8,25,33,137,2063,36,339,1648,2335,36,484,220,184,36,250,3497,36,484,220,669,36,2598,167,81,341,36,29308,97,3620,27,15,9738,2,48,2271,728,29309 1,1,1,1,1,1,1,1,1,1,1,1,1,1,1,1,1,1,1,1,1,1,26,26,26,26,26,26,26,26,26,26,26,26,26,7,7,7,7,7,7,7,7,7,7,1,1,1,1,1,1,1,1,1,1,1,1,1,22,22,22,22,22,22,22,22,22,22,1,1,1,1,1,1,1,1,1,1,1,1,1,1,1,1,1,1,1,1,4,4,1,1,1,1,1,1,1,1,1,1,1,1
97,29310,14722,20,15,376,146,2,5,23,29311 1,1,1,1,1,1,1,1,1,1,1
20,476 1,1
18,176,50,403,5798,348 1,1,1,1,1,1
18,411,21,31,1008,23,568,1925,17,63,1115 1,1,1,1,1,1,1,1,1,1,1
3730,1431,9959 1,1,1
389,1402,324 1,1,1
1015,4322,41,127,36,222,31,383,230,32,1293,42,608,14052 15,15,15,10,1,1,1,1,7,1,1,1,1,1
23,140,4609,53,5017,2,48,23,296,14,2291,12,6,3818,2,71,14,3707,18,14,290,316,1973,7,230 5,5,5,5,5,1,1,1,1,1,1,1,1,1,1,1,1,1,1,1,1,1,1,1,7
132,332,4,5802,4638,2,103,3577,4548,4,314,915,1770,495,1705 1,1,1,1,1,1,1,1,1,1,1,1,1,1,1
620,1064 1,1
537,1121,42,608,7716,2,1100,1713 1,1,1,1,1,1,1,1
278,2,6,97,95,18,1007,10,2870 1,1,1,1,1,1,1,1,1
18,20,936,18,222,31,50,63,1115 1,1,1,1,1,1,1,1,1
18,21,31,5081,1510,983,12,6,4590 1,1,1,1,1,1,1,1,1
18,578,39,6,620,2977 1,1,1,1,1,1
97,335,324 1,1,1
48,1178,252 1,1,1
15431,72,2599,4,773,10,1897,10285,2,15432,2,4109,26,10603,5,4109 1,1,1,1,1,1,1,1,1,1,1,1,1,1,1,1
18,21,1890 1,1,1
4162,2,17,71,18,826,138,3096,2,152,7207 1,1,1,1,1,1,1,1,1,1,1
7,99,2,134,6873,318 1,1,1,1,1,1
18,39,15,752,2276,2,71,227,15,1981,5,2187 1,1,1,1,1,1,1,1,1,1,1,1
497,200,356,5081 1,1,1,1
64,21,61,5067,10,5848,3730,20,31,29312,29313,6,97,95,5,39,15,1814,7,34 1,1,1,1,1,1,1,1,1,1,1,1,1,1,1,1,1,1,1,1
2051,15433,36,660 1,1,1,1
15434,36,10284 1,1,1
1100,36,924 1,1,1
943,21,106,89,167,2,48,14,382,10,1411,23,19,192,23,9225,2,32,18,113,31,29314 1,1,1,1,1,1,1,1,1,1,1,1,1,1,1,1,1,1,1,1,1,1
11,4161,2,430,2,2832,996 14,14,1,1,1,1,1
18,21,183,726,5,903,2841 1,1,1,1,1,1,1
23,837,20,2808,42,15,3435,106,159,146,2,5,2862,392,1328,2,110,12,4479,1308 1,1,1,1,1,1,1,1,1,1,1,1,1,1,1,1,1,1,1,1
18,14,214,4410,192,6,95,29315,173,170 1,1,1,1,1,1,1,1,1,1
18,1795,6750,11343,260,173,38 1,1,1,1,1,1,1
10292,9775,5,240,23,29316,2243 1,1,1,1,1,1,1
499,36,261,17,895,274,2,1307 1,1,1,1,1,1,1,1
174,1702,741,10,415,5,914,173,837,2,32,256,12,2613,10131,2,1890 1,1,1,1,1,1,1,1,1,1,1,1,1,1,1,1,1
8805 1
148 1
355 1
114,4,13048,1510,89,5,1100 1,1,1,1,1,1,1
29317,10,608,7716,2,29318,608,7716 1,1,1,1,1,1,1,1
2028 1
64,74,14755,173,332,4104 1,1,1,1,1,1
18,416,37,18,209,1821,10,55,480,108,18,39,335,2,5,1195,3120,10,412,5,197,2870 1,1,1,1,1,1,1,1,1,1,1,1,1,1,1,1,1,1,1,1,1,1
108,47,1856,18,3153,3169,11599 1,1,1,1,1,1,1
356,51,2193 1,1,1
111,31,346,80,3730,18,1795,1648 1,1,1,1,1,1,1,1
7247 1
40,301,15,2725,111,1362,2,48,31,6156 1,1,1,1,1,1,1,1,1,1
1318 1
1306,2512,10956,2,96 1,1,1,1,1
