67,54,4,34399,17443,1973,379,522,425,17,2377,185,148 1,1,1,1,1,1,1,1,1,1,1,7,7
58,65,183,38,148,144,425,5,20,34400,29,79 29,29,29,29,29,29,29,29,29,29,1,1
334,1896,27,6,85 1,1,1,1,1
21,31,5663,13,15,5479,26,8178,5,557,19,2566,13,3373,167 1,1,1,1,1,1,1,1,1,1,1,1,1,1,1
190,602,2422,89,3,17444 1,1,1,1,1,1
90,88,147,13,274,75,18,21,68,19,17,8424,65,139,24,99,255,7,1725 1,1,1,1,9,1,1,1,1,1,1,1,1,1,1,1,1,1,1
39,252,9,947,478,8,901,3,36,45,9,73,8,25,32,1262,9,2031,8,672,3,36,45,9,73,8,25,32,1253,9,906,8,36,568,25,32,512,501,22,305,2566,9,2655,782,8,378,3,36,568,9,73,8,25,32,4517,9,8707,8,17441,3,58,45,9,73,8,25,69,12569,9,17442,4474,8,672,3,36,45,9,73,8,25,2384,123,58,65,9,73,8,167,34401,3221,962,9,1118,8,378,3,36,568,9,73,8,25,69,167 1,11,27,27,27,27,27,27,27,27,27,27,27,27,27,27,27,27,27,27,27,27,27,27,27,27,27,27,1,1,1,1,1,1,1,1,1,1,1,1,1,1,1,1,1,1,1,1,1,1,1,1,1,1,21,21,21,21,21,21,21,21,21,21,21,21,21,1,1,1,1,1,1,1,1,1,1,1,1,1,1,1,1,1,1,1,1,1,1,1,1,1,1,1,1,1,1,1,1,1,1,1,1,1
1126,47,117,9,2158,6821,1675,8,36,298,25,662,1230,167,17,34,2456,2400,3,36,45,9,73,8,25,69,167,167,958,3,115,10,69,4,454,12,10,1167,3,2140,89,29,79 1,1,1,1,1,1,1,1,1,1,1,1,1,1,1,1,1,1,1,1,1,1,1,1,1,1,1,1,1,1,1,1,1,1,1,1,1,1,1,1,1,1,1
10,52,1240,18,14,31,10,2087,24,441,1089 1,1,1,1,1,1,1,1,1,1,1
2475,2154,2820,10,5215 1,1,1,1,1
930,9,1868,8,1801,3,58,568,9,73,8,25,276,123,180,65,9,73,8,2840,9,5783,8,799,3,36,45,9,73,8,25,34402,167 1,1,1,1,1,1,1,1,1,1,1,1,1,1,1,1,1,1,1,1,1,1,1,1,1,1,1,1,1,1,1,1,1
4,454,12,10,1167,3,2140,89,29,79 1,1,1,1,1,1,1,1,1,1
10,52,1240,18,14,31,10,2087,24,441,1089 1,1,1,1,1,1,1,1,1,1,1
2475,2154,2820,10,5215 1,1,1,1,1
274,686,3,36,45,9,73,8,25,32,123,180,65,9,73,8,147,71,324,4,6003,106,3728,4,812,34403,567,373,4,573,110,8538,6146,136,34,4,679,5497,9,9227,8,2682,3,1657,8629,27,4514,1549,1725,4,176,162,10,12570,12,2975,13,1563,678,84,12,24,53,412,5,3570,525,678,1412,3,1870,43,53,666,3,1788,3,5,53,473,2289,837,4,11,12277,432,19,3374,193 9,9,9,9,9,9,9,9,9,9,9,9,9,9,9,9,1,4,4,1,1,7,1,1,1,1,1,1,1,1,1,1,1,1,1,1,1,1,1,1,1,1,1,1,1,1,1,1,1,1,1,1,1,1,1,1,1,1,1,1,1,1,1,1,1,1,1,1,1,1,1,1,1,1,1,1,1,1,1,1,1,1,1,1,1,1,1,1,1
2612,3,6691,82,3,6772,82,3,103,1165 1,1,1,1,1,1,1,1,1,1
2138,5,679,111,11,1298,1472 1,1,1,1,1,1,1
5597 1
2351,158,44,6483,3,5297 1,1,1,1,1,1
872,9,416,185,1603,8,5,73,3,17445,1016,3,709,1637,8755,3,5,2395,4567 1,1,1,1,1,1,1,1,1,1,1,1,1,1,1,1,1,1,1
178,17446,1914,17447,5,390,1316,5,303,923,82,56,193 1,1,1,1,1,1,1,1,1,1,1,1,1
413,241,3,193 1,1,1,1
12181,8548,3,44,3362,444,3,193 1,1,1,1,1,1,1,1
3218 1
6772,82,13,673,76,27,1345 1,1,1,1,1,1,1
3844 1
6691,82,44 1,1,1
195,172,43,64,5928,4683,3,17448 1,1,1,1,1,1,1,1
71,1082,7775,7776,935,9130,3331,4,6381,56,17449,3,17450,394,185 1,1,1,1,1,1,1,1,1,1,1,1,1,1,1
127,294,34404,33,874,236,9,800,8,33,2099,634,82,21,1089 1,1,1,1,1,1,1,1,1,1,1,1,1,1,1
17,1776 1,1
7,24,5312,635,5,1089 1,1,1,1,1,1
13,352,17,24,188,34 1,1,1,1,1,1
17451,79 1,1
197,17444,148,34405,187,59,13114,155,56,91,3282,1421,924,873,36,8,142,56,148,185,3,1355,290,10,118,2422 1,1,6,6,6,6,6,1,1,1,1,1,1,1,1,1,7,1,1,1,1,1,1,1,1,1
135,278,13,64,4319,56,118,274,10,215,22,32 1,1,1,1,1,1,1,9,9,9,9,9
3601,148,441,3314 1,1,1,1
58,8,34406,56,160,1326,1776 1,1,1,1,1,1,1
10,7518,254,29,208,118,2566,9,135,64,4319,8,51,1657 1,1,1,1,1,1,1,1,1,1,1,1,1,1
13,79 1,1
5,1824,10,2861,19,40 1,1,1,1,1,1
1331,79 1,1
684,1255,7,46,15,1326 1,1,1,1,1,1
858,5,18,740,10,144,949,40,13,24,2877 1,1,1,1,1,1,1,1,1,1,1
2377,36,3314 1,1,1
144,148,3,363 1,1,1,1
21,2377,64,4319,139,4109,1396,1089 1,1,1,1,1,1,1,1
