69,49,4,29450,3131,29451,7287,10948,9962,3134,14053,6088,2,5019,3823,10681,2,1325,29452,29453,9,29454,8,29455,9057,30,7,156,360,4,287,6088,14,15,29,7,58,9056,74,2,104,14,12,80,17,2652,203 1,1,1,1,1,1,1,1,1,1,1,1,1,1,1,1,1,1,1,1,1,1,1,1,1,18,1,1,1,1,1,1,1,1,1,1,1,1,1,1,1,1,1,1,1,1,1
16,14,1360,7,15,15473,466,12,24,112,5,847,7996,12,24,52,112 1,1,1,1,1,1,1,1,1,1,1,1,1,1,1,1,1
1863,84,7169,932,13,1417 1,1,1,1,1,1
1863,16,404,15,1114,7895,5,15,8033,6249,7,255,7,194 1,1,1,1,1,1,1,1,1,1,1,1,1,1
7,99,2,16,20,265,10,6,144,97,223,17,472,115 1,1,1,1,1,1,1,1,1,1,1,1,1,1
16,20,265,2,47,880,29456 1,1,1,1,1,1,1
16,20,2349,286,17,63,371,5,2020,39,15,415,215,2,71,227,11,160,7,313 1,1,1,1,1,1,1,1,1,1,1,1,1,1,1,1,1,1,1,1
7455,2,16,20,4502,6,3504,95,2,317,434,16,20,460,38,3734,7,15,15473,699,12,24,44,453,42,15,1114,255,7,194,26,14504,24,194,32,16,1185,84,5,11,2690,20,1283,15422 1,1,1,1,1,1,1,1,1,1,1,1,1,1,1,1,1,1,1,1,1,1,1,1,1,1,1,1,1,1,1,1,1,1,1,1,1,1,1,1,1,1,1,1
16,20,3864,874,65,6,144,13,6,494,7,29457,29458 1,1,1,1,1,1,1,1,1,1,1,1,1
16,14,6822,38,34,12,24,52,112,5,16,6568,108,84,14,29459,741,10,6,34,12,24,44 1,1,1,1,1,1,1,1,1,1,1,1,1,1,1,1,1,1,1,1,1,1,1
16,1660,16,1880,29460,13,8492,106,5,37,222,2707,10,907,15,1114 1,1,1,1,1,1,1,1,1,1,1,1,1,1,1,1
38,112,26,1184,34,21,61,781,19,17,6,78,497,123 1,1,1,1,1,1,1,1,1,1,1,1,1,1
78,89,30,4,3048,17,1407,2,127,5,150,2350,167 1,1,18,1,1,1,1,1,10,1,1,1,1
77,4,172,2,230,2,210,5,632,2391,137,4,152 1,1,11,1,7,1,12,1,1,1,1,1,1
93,122,4,80,2,16,14,413,5,646 1,1,1,1,1,1,1,1,1,1
24,121,14,29461,643,2,67,94,7382,2,296,1174,2,870,29462,3735,4,978 1,1,1,1,1,1,1,1,1,1,1,1,1,1,1,1,1,1
850,15474,4,599 1,1,1,1
5940,1405,4,13,199,688,2951,2,15460,57,201 1,1,1,1,1,1,1,1,1,1,1
1290,4,86,733,2,2597,2,79 1,1,1,1,1,1,1,1
112,4,330,2,86,1289 1,1,1,1,1,1
47,221,382,10,15315,6,4508,37,74,5000,170,42,8386,19,6,751,1777,7,24,52,112,1787,819,24,293,296,14,2,48,16,113,31,50,15,1814,7,422,13,38,94,5,84,113,31,2707,10,55,791,1127,16,14,1216,27 1,1,1,1,1,1,1,1,1,1,1,1,1,1,1,1,1,1,1,1,1,1,1,1,1,1,1,1,1,1,1,1,1,1,1,1,1,1,1,1,1,1,1,1,1,1,1,1,1,1,1,1,1
625,53,171,193 1,1,1,1
226,4,90,10,452,5,1043,722 1,1,1,1,1,1,1,1
118,4,135,2,86,417,2,1371,26,1422 1,1,1,1,1,1,1,1,1,1
242,5,114,4,47,20,773,10,2956,15,90,1187,17,287,29463,422,2,598,47,880,16,14,1664,70,37,84,14,741,10,6,1031,44,34,37,16,14,460 1,1,1,1,1,1,1,1,1,1,1,1,1,1,1,1,1,1,1,1,1,1,1,1,1,1,1,1,1,1,1,1,1,1,1,1,1
47,222,8783,170,5,6597,170,37,84,20,3866,17,170,10,60,1895,17,38,32,16,39,61,575,12,6,144 1,1,1,1,1,1,1,1,1,1,1,1,1,1,1,1,1,1,1,1,1,1,1,1,1,1
16,113,50,63,1207,10,125,58,9056,12,437,12,6,400,1450,236,5,16,40,750,26,808,108,87,280,115,2801 1,1,1,1,1,1,1,1,1,1,1,1,1,1,1,1,1,1,1,1,1,1,1,1,1,1,1
526,15475,15476,2,96 1,1,1,1,1
597,42,4,15475,15476,813,29464,10647,2746,800,4,9057,827,4,9057,818,4,9057 1,1,1,1,1,1,1,1,1,1,1,1,1,1,1,1,1,1
