67,54,4,35820,609,4,5992,3,832,9,35821,8,224,4,10150,757,10150,757,163,747,198,35822,17735,1073,3,35823,1109,2862,2579,3,4408,17736,2140,5992,3,107 1,1,1,1,1,1,1,1,1,1,1,1,1,1,1,1,1,1,1,1,1,1,1,1,1,1,1,1,1,1,1,1,1,1,1,1
684,4,3227,3,10199,12645,47,4,17737,1374,1413,3,2260,404,17,112,4,40,14,62,417,112,19,1374,17222,3,5708,10199,14,15,5471,428,121,50,731,334,60,161,315,15,419,12,6200,12,2364,1243,3227,61,13,2771,5,616 1,1,1,1,1,1,1,1,1,1,1,1,1,1,1,1,1,1,1,1,1,1,1,1,1,1,1,1,1,1,1,1,1,1,1,1,1,1,1,1,1,1,1,1,1,1,1,1,1,1,1,1
18,20,514,10,46,15,53,1903,260,5,15,53,789,811,2238,120,1950,419 1,1,1,1,1,1,1,1,1,1,1,1,1,1,1,1,1,1
18,20,514,10,52,106,27,37,85,5,20,126,19,274 1,1,1,1,1,7,1,1,1,1,1,1,1,9
1243,3227,63,94,20,31,60,179,19,274,5,913 1,1,1,1,1,1,1,1,1,9,1,39
5180,20,1190 39,1,1
1974,18,1282,13,553,2771,5,616,284,290,10,35824,7,24,63,94 1,1,1,1,1,1,1,1,1,1,1,1,1,1,1,1
7,55,3,18,20,344,131,2243,27,37,85 1,1,1,1,1,1,1,1,1,1,1
18,98,38,62,2231,4213,798,1748,411,75,208,46,68,698,3018 1,1,1,1,1,1,1,1,1,1,1,1,1,1,1
1243,3227,21,38,1303,345,1098,35,60,35,62,185,35825 1,1,1,1,1,1,1,1,1,1,1,1,1
18,38,38,15,733,398,7,320,42,154,12,6200,10199,14,207,191,60 1,1,1,1,1,1,1,1,1,1,1,1,1,1,1,1,1
18,21,11,1409,234 1,1,1,1,1
18,21,38,62,308,4241,299,319,10,6,6927,5,321,6,4033,6599,13,24,491,13,232,2460 1,1,1,1,1,1,1,1,1,1,1,1,1,1,1,1,1,1,1,1,1,1
18,21,38,11,48,34,3,226,7,184,3,2558,12,24,326,26,931,1215 1,1,1,1,1,1,1,1,1,1,1,1,1,1,1,1,1,1
39,4,452,755,1755,13,12191,946 1,1,1,1,1,1,1,1
17,24,30,7,1903,120,260,5,274,447,946 1,1,1,1,1,1,1,1,9,1,1
102,101,4,63,94,20,6769 1,1,1,6,6,6,6
130,156,20,1490,5,145 1,1,1,1,1,1
6,227,101,20,569 1,1,1,1,1
136,20,332,97,1189 1,1,1,1,1
74,143,217,216,97,222,5,74,143,11,1903,222 1,1,1,1,1,1,1,1,1,1,1,1
48,20,91,10,463 1,1,1,1,1
103,77,111,62,1094,561 1,1,1,1,1,1
214,101,20,703,5,114,143,97,93 1,1,1,1,1,1,1,1,1
273,101,111,1056,10,52,217,12,6,473,114,5,27,6,384,100,13,2439,415 1,1,1,1,1,1,1,1,1,1,1,1,1,1,1,1,1,1,1
6456,20,204,3,3243,20,204,3,5,700,20,211,13,15,2172,649 1,1,1,1,1,1,1,1,1,1,1,1,1,1,1,1
192,5,104,4,176,106 1,1,1,1,1,7
1243,3227,63,94,14,137,31,60,179 1,1,1,1,1,1,1,1,1
18,21,1974,38,4082,96,115,17,24,106 1,1,1,1,1,1,1,1,1,7
50,41,126,24,19,108,1249,7,1088,12,475,10,24,1210,447,7,274 1,1,49,49,49,49,49,49,49,1,1,1,1,1,1,1,9
178,273 1,1
1243,3227,14,211,161,315,24,419 1,1,1,1,1,1,1,1
18,41,86,19,452 1,1,1,1,1
50,41,31,104,88,268,273,285,115,27,40,85 1,1,1,1,1,1,1,1,1,1,1,1
195,747,198,483 1,1,1,1
1243,3227,38,15,393,12,2364,7,9561,50,41,154,15,96,115,393,444,138,37,18,160,232,507,1468,161,315,24,419 1,1,1,1,1,1,1,1,1,1,1,1,1,1,1,1,1,1,1,1,1,1,1,1,1,1,1,1
50,41,98,144,15,2926,345,444,89,35,71,109,1197,12,6,150,5,1243,3227,21,38,1303,185,366,12,6,80 1,1,1,1,1,1,1,1,1,1,1,1,1,1,1,1,1,1,1,1,1,1,1,1,1,1,1
50,46,98,126,1243,3227,19,15,906,13,6213,35,60,35,2534,3325,15,65,7,752,1828,27,6,420,7,64,11120 1,1,1,1,1,1,1,1,1,1,1,1,1,1,1,1,1,1,1,1,1,1,1,1,1,1,1
50,41,122,1243,3227,12,620,1062,10,4045,113,10,2717,24,63,94,5,24,922,10,6,475,7,218 1,1,1,1,1,1,1,1,1,1,1,1,1,1,1,1,1,1,1,1,1,1,1,1
6,28,20,221,13,3142,11120,3,107 1,1,1,1,1,1,1,1,1
2140,5992,3,107 1,1,1,1
4705,4,35826,35827,35828,35829 1,1,1,1,1,1
