69,49,4,29532,384,4,1373,34,2,250,234,4,2744,1661 1,1,1,1,1,1,1,1,1,1,1,1,1,1
528,1305,250,13,90,5077,2,52,1373,34,5,850,2789,17,6,78,223 1,1,1,1,1,1,1,1,1,1,1,1,1,1,1,1,1
18,88,87,44,34,2,255,7,194,2,508,2,469,26,13949 1,1,1,1,1,1,1,1,1,1,1,1,1,1,1
11,2138,1184 1,1,1
18,113,1374,173,153,9013,17,244,159,5,113,31,1821,10,706 19,19,19,19,19,19,19,19,19,19,19,19,19,19,19
18,85,586,167,13,4924,23,70,4536,86,216,1328,2,34,2,15173,26,803 1,1,1,1,1,1,1,1,1,1,1,1,1,1,1,1,1,1
115,156,17,78,102,198 1,1,1,1,1,1
137,1573,424,5118,367,29533,4153,1320,11113,125,444,12,457,1108,1568,15486,125,444,12,457,1015,29534,15487,1564,2542,8763,67,94,4102,121,5829,946,15459,4,2417,2,802,7787,571,2,112,330,2,850,15474,829,1790,13,11,399,277 1,1,1,1,1,1,1,1,1,1,1,1,1,1,1,1,1,1,1,1,15,15,15,1,1,1,1,1,1,1,1,1,1,1,1,1,1,1,1,1,1,1,1,1,1,1,1,1,1,1,1
11,780,5,3526,90 1,1,1,1,1
226,4,745,516,4,4202,10,13239,70,4536,86,277,2,4110,26,388 1,1,1,1,1,1,1,1,1,1,1,1,1,1,1,1
833,4,161,137,13,250 1,1,1,1,1,1
6427,5,6510,17,250,5,124,309,30,40,155,44,4150 1,1,1,1,1,1,1,1,1,1,1,1,1
165,70,4536,2757 1,1,1,1
155,4150,5,1549,10,7123 1,1,1,1,1,1
186,424,5118 1,1,1
64 1
2878,93,5,19,5773,948,166,10,50,81 1,1,1,1,1,1,1,1,1,4
1491,356,17,93,5,242,7,81 1,1,1,1,1,1,1,4
1306,5467,1050,15488,2,96 1,1,1,1,1,1
