67,54,4,35877,426,4,513,35878,282,4,2381,1741 1,1,1,1,1,1,1,1,1,1,1,1
522,13,256,71,121,38,254,1833,19,99,112 1,1,1,4,1,1,1,1,1,1,1
18,14,775,10,144,24,63,366,290,10,775,10,7055,2126,5,2877,41,31,5420,17,1485 1,1,1,1,1,1,1,1,1,1,1,1,1,1,1,1,1,1,1,1,1
18,20,126,19,1839,17,287,5,218,17,35879,19,99,112,97,518,915,10,254 1,1,1,1,12,1,15,1,13,1,1,1,1,1,1,1,1,1,1
18,38,62,679,7,657,75,111,131,2682,5,120,4372,111,131,76,19,6,70,5,504,19,6,53 1,1,1,1,1,1,1,1,1,1,1,1,1,1,1,1,1,1,1,1,1,1,1,1
1402,20,72 1,1,1
18,86,10,238,51,14,359,10,175,7269,66,267,7269 1,18,18,18,1,1,1,1,1,1,1,1,1
18,90,88,48,34,3,226,7,184,26,418 1,1,1,1,1,1,1,1,1,1,1
18,21,535,321,916,3431,290,10,725 1,1,1,1,1,1,1,1,1
147,330,354,76,71,324,317,58,287,725,39,4817,9,4513,8,141,22,9,515,45,49,36,8,25,32,123,180,65,1286,707,9,1286,707,8,141,22,9,515,298,4220,900,49,36,8,25,32,123,180,65,1816,2534,22,9,4119,45,49,36,8,25,305,167,34,123,180,65,3,49,13,1199,26,4589 1,1,1,1,4,4,4,4,15,1,1,1,1,1,1,1,1,1,1,1,1,1,1,1,1,1,1,1,21,21,1,21,21,1,1,1,1,1,1,1,1,1,1,1,1,1,1,1,1,1,1,1,1,1,1,1,1,1,1,1,1,1,1,1,1,1,1,1,1,1,1
218,755,22,9,2010,45,49,36,8,25,32,123,180,65,348,501,22,9,846,45,49,36,8,25,69,123,180,65,2071,9,2071,8,141,22,9,515,45,49,36,8,25,276,123,180,65,1126,47,117,9,2158,6821,1675,8,36,298,25,1750,123,1299,65,3,191,31,1418,3,728,541,13,40,39 13,1,1,1,1,1,1,1,1,1,1,1,1,1,17,1,1,1,1,1,1,1,1,1,1,1,1,1,12,1,12,1,1,1,1,1,1,1,1,1,1,1,1,1,1,1,1,1,1,1,1,1,1,1,1,1,1,1,1,1,1,1,1,1,1,1,1,1,1,1
127,1545,17239,30,181,120,76,422,4,1020,29,1445,4,256,11122,619,1083,373,422,4,661,29,440,7,788,4,2059,29,245,4,11,3602,373,422,4,573,29,440,7,788,4,2253,29,245,4,11,71,324,317,58,422,4,1020,29,422,4,848,29,422,4,4868,3,4481,29,436,4926,238,161,17746,137,1095,99,1331,54,4,17746,3,11,7,1711,238,135,65,4,17541,7725,9,9925,1333,8,3,3742,10,84,4,3742,10,334,132,1402,35880,122,146,12,295,1238,1787,17743,122,146,12,295,1980,35881,5942,63,94,11700,133,1273,140,7274,948,440,35882,77,4,1493 1,1,1,1,24,24,24,24,24,24,24,24,24,24,24,24,1,1,1,1,1,1,1,1,1,1,1,1,1,1,1,1,1,1,1,1,1,1,1,1,1,1,1,1,1,1,4,4,4,4,1,1,1,1,1,1,1,1,1,1,1,1,1,1,1,1,1,1,1,18,18,1,1,1,1,1,1,1,1,1,1,1,1,1,1,1,1,1,1,1,1,1,1,1,1,1,1,1,1,1,1,1,1,1,1,1,1,1,1,1,1,1,1,1,1,1,1,1,1,1,1,1,1,1,1,1,1,1
873,4,176,881 1,1,1,1
126,321,1572,3,982,699,3,393,3,71,5,106,179 1,1,1,1,1,1,1,1,1,4,1,1,1
126,5071 1,1
41,98,172,17,212,138,311,341,709 1,1,1,1,1,1,1,1,1
144,177,5,503,35883,429,154 1,1,1,1,1,1,1
178,71 1,4
86,137,254,5,144,149,27,439,112,12,58,129 1,1,1,1,1,1,1,1,1,1,1,1
1430,17,412,77 1,1,1,1
195,287 1,15
86,19,1839,5,144,99,27,441,112 1,1,12,1,1,1,1,1,1
253,699,157 1,1,1
79,1260,10,982,699 1,1,1,1,1
18,1081,10,527,19,24,2133,5,134,11,1624,41,482,1804,340 1,1,1,1,1,1,1,1,1,1,1,1,1,1,1
1426,3989,1159,17745,3,107 1,1,1,1,1,1
