69,49,4,29690,6181,1117,470,99,49,4,29691,414,4,6726,4451,485,4,15502,6559,659,4,325,581,17,1524,4,81,2,2096,234,4,29692,407,13,15441,120,971,3854,5,216,2096,2,981,2,1358,2,336,527,2,5,13,306,2422,5,497,134,4864,17,29693,4,176,29694,1215,29695,2,1231,6733,23,339,115,1220,12,1326,2,7660,3953,1584,3591,42,4101,325,708,2,13,903,41,3591,27,284,606,5,1865,41,3591,27,365,606 1,1,1,1,1,1,1,1,1,1,1,1,1,1,1,1,1,1,1,1,1,1,1,1,1,1,4,1,1,1,1,1,1,1,4,4,1,1,1,1,1,1,1,1,1,1,1,1,1,1,1,1,1,1,1,1,1,1,1,1,1,1,1,1,1,1,1,1,1,1,1,1,1,1,1,1,1,1,1,1,1,1,1,1,1,1,1,1,1,1,1,1,1,1,1,1,1
2536,2,18,39,61,19,802,560,5,21,61,19,131,136,2682,2,962,19,486,59,5,237,3501,10,857 1,1,1,1,1,1,1,1,1,1,1,1,6,1,1,1,1,1,6,1,1,1,6,6,6
117,23,141,1215,2044,2,18,20,730,168,19,486,65,1127,39,61,857,130,956,283,261,310,823,59 1,1,1,1,1,1,1,1,1,1,1,6,1,1,1,1,6,1,1,1,1,20,1,1
1015,20,3708,2,29696,2,268,288,84,21,61,5348,12,29697,5,6402,19,29698 15,15,15,15,15,15,15,15,15,15,15,15,15,15,15,15,15,15
19,23,97,101,10,125,260,12,81,2685,647,109,123,146,2,2096,20,1400,199,338,86,272,26,402 1,1,1,1,1,1,1,1,4,1,1,1,1,1,1,1,1,1,1,1,1,1,1,1
3680,338,2,278,2,20,657,2,5,84,20,90,10,260,37,18,20,31,8900,29699,15,1175,923,2,5,38,20,1431,1673,17,23 1,1,1,1,1,1,1,1,1,1,1,1,1,1,1,1,1,1,1,1,1,1,1,1,1,1,1,1,1,1,1
5372,2,5,12,1338,10,406,2820,5,15,654,374,256,109,2,92,1599,23,29700,10,486,1397,11003,59 1,1,1,1,1,1,1,1,1,1,15,15,15,15,1,1,1,1,1,1,6,6,1,1
23,334,381,1294,563,981,13,158,29701,2,1358,13,4173,2,527,13,1024,803,5,1839,27,420,12,744,2,5,11,334,29702,76 1,1,1,1,1,1,1,1,1,1,1,1,1,1,1,1,1,1,1,1,1,1,1,1,1,1,1,1,1,1
2096,176,55,6,10708,7,657,3680,338,26,2462,3624,527,2,48,14,2291,4380 1,1,1,1,1,1,1,1,1,1,1,1,1,1,1,1,1,1
18,20,8755,10,6,2516,19,29703,117,460,51,123,7,272,2,402,2,5,3025 1,1,1,1,1,1,1,1,1,1,1,1,1,1,1,1,1,1,1
18,20,773,1897,87,802,2559,12,6,189,2,5,20,265,17,583 1,1,1,1,1,1,1,1,1,1,1,1,1,1,1,1
19,29704,5,30,2,18,267,37,18,39,61,290,23,280,1397,131,2,196,190,59 1,1,1,1,1,1,1,1,1,1,1,1,1,1,1,6,1,1,1,1
728,39,61,2984,4013,2,192,6,95,4013,2,11,419,26,932 1,1,1,1,1,1,1,1,1,1,1,1,1,1,1
272,119,23,444,1220,8691,19,3917,1485,29705,5,1236,2230,932 1,1,1,1,1,1,1,1,1,1,1,1,1,1
281,272,21,8117,2,48,263,34,4510 1,1,1,1,1,1,1,1,1
1901,316,17,131,1175,923 1,1,1,6,1,1
358,29706,19,141,13,1498,2653,7,105,37,3887,4373,13,2559 1,1,1,1,1,1,1,1,1,1,1,1,1,1
637,4,35,8,120,9,65,29707,8,51,8,2096,102,8,981,9,103,2324,1522,29708,8,183,8,1358,83,8,116,259,8,103,1601,481,8,103,7643,192,4,1292,257,4,35,8,131,1397,29709,8419,59,51,8,211,370,33,102,8,184,130,22,509,183,8,230,196,22,33,83,8,2019,109,22,29710,259,8,4593,491,33,481,8,888,683,59,614,8,3463,6865,33,903,8,742,130,22,33,109,8,1286,14945,291,854,8,3252,5026,59,579,8,1010,1163,8,737,83,33,788,8,5574,462,8,310,447,33,6627,100,10,823,59,9,321,19,97,101,2,18,21,31,1009,84,1911 1,1,1,1,4,1,1,1,1,1,1,1,1,1,1,1,1,1,1,1,1,1,1,1,1,1,10,1,1,1,1,1,1,1,1,1,1,1,1,1,1,1,6,6,6,6,6,1,1,11,1,1,1,1,13,1,1,1,1,1,7,1,1,1,1,1,1,1,1,1,1,1,1,1,1,1,1,1,1,1,1,1,1,1,1,1,1,1,1,1,1,1,1,1,1,1,1,1,1,1,1,1,1,25,1,1,23,1,1,1,1,1,1,1,20,1,1,1,1,1,1,1,1,1,1,1,1,1,1,1,1,1,1,1
1100,4,295,1310,12,29711,2,65,11143,2,1202,12,6695 1,1,1,1,1,1,1,1,1,1,1,1,1
1230,32,29712,27,9009,990,4,477,3435,3202,2,603,1104,27,439,1333,2,1343,120,27,439,6596,14744,4,671,4,152,430,4,152,5281,4,152,93,73,4,638,4,276,15260,289,29713,111,29714,651,204,41,628,3517,4,10242,4987,2,15512,6900,224,4,4289,1019,2,3262,202,4,675,1160,682,2,29715,13,10548,112,4,330,2,487,173,15513,2,620,43 1,1,1,1,1,1,1,1,1,1,1,1,1,1,1,1,1,1,4,1,1,1,1,1,14,14,14,1,1,1,1,1,1,1,1,1,1,1,1,1,1,1,5,5,1,1,1,1,1,1,1,1,1,1,1,1,1,1,1,1,1,1,1,1,1,1,1,1,1,1,1,1,1,1,1,1,1,1,1,1
44,4,90,1876,1977,4,15514,4578,13,4959,653,872,417 1,1,1,1,1,1,1,1,1,1,1,1,1
340,4,133,2,978,2,34,286,7,9857,10,73 1,1,1,1,1,1,1,1,1,1,1,1
2025,4,619,2,11,79,323,4,2119,467,4,15515,29716,15516,29717,29718,1098,11223,9,72,8,15491,9,72,8,29719,9,72,8,29720,9,72,8,5881,7751,8853,11510,7302,15515,15516,8781,29721,6330,4762,29722,9,72,8,29723,9,72,8,6669,29724,9,72,8,29725,9,72,8,29726,1462,1764,9,276,8,2566,10993,940,2344,9,72,8,544,1993,9,276,8,3779,2487,9,276,8,9061,9061,9061,9061,29727,29728,29729,29730,649,2185,2397,524,1862,2554,9,54,8,5943,9,72,8,824,2884,2693,9,54,8,689,29731,10764,379,1200,934,804,1506,1792,770,29732,9,72,8,29733,9,72,8,29734,9,72,8,335,4458,1178,4058,9,72,8,22,2231,5230,4,1157,5931,5646,674,662,10966,4635,9,72,8,10967,1212,10968,29735,29736,1439,9,54,8,1311,4,2456,1676,3251,90,2194,1518,2443,1518,2747,29737,9,72,8,2136,171,1679,2080,5735,1518,320,29738,13,1073,425,311,591,120,5,334,527,2,1358,2,981,5,2096,2,2304,141,17,272,2,402,2,657,1546 1,1,1,1,1,1,1,1,1,1,1,1,1,1,1,1,15,15,15,15,15,15,15,15,15,15,15,15,15,15,15,15,15,1,1,1,1,1,1,1,1,1,1,1,1,1,1,1,1,1,1,1,1,1,1,1,1,1,1,1,1,1,1,1,1,1,1,1,1,1,1,1,1,1,1,1,1,1,1,1,1,1,1,1,1,1,1,1,1,1,1,1,1,1,1,1,1,1,1,1,1,1,1,1,1,1,1,1,1,1,1,1,1,1,1,1,1,1,1,1,1,1,1,1,1,1,1,1,1,1,1,1,1,1,1,1,1,1,1,1,1,1,1,1,1,1,1,1,1,1,1,1,1,1,1,1,1,1,1,1,1,1,1,1,1,1,1,1,1,1,1,1,1,1,1,1,1,1,1,1,1,1,1,1,1,1,1,1,1,4,4,4,1,1,1,1,1,1,1,1,1,1,1,1,1,1,1,1,1,1,1
514,10,55,9970,8595,19,141,13,1998,7,29739,13,1498,2653,7,3171,4373,3887,1498,2653,10,109,13,2559,1310 1,1,1,1,1,1,1,1,1,1,1,1,1,1,1,1,1,1,1,1,1,1,1,1,1
263,34,319,55,4380 1,1,1,1,1
47,273,841,3869,37,38,14,373,218,2820,13,627,11144,13867,2,48,1225,1128,350,300,714,9,34,14,9788,286,7,9857,10,73,5,1044,29740,8,2,4223,76 1,1,1,1,1,1,1,1,1,1,1,1,1,1,1,1,1,1,1,1,1,1,1,1,1,1,1,1,1,1,1,1,1,1,1,1,1
13,43,1498,2653,2,47,3869,37,38,14,958,76,7,6,11144,2,48,350,300,714,14,411,15,1754 1,1,1,1,1,1,1,1,1,1,1,1,1,1,1,1,1,1,1,1,1,1,1,1
1348,4,35,8,2096,176,55,12,1756,239,10,657,3680,338,2,92,301,10,6108,419,3680,338,10,907,13,1584,8119 1,1,1,1,1,1,1,1,1,1,1,1,1,1,1,1,1,1,1,1,1,1,1,1,1,1,1
710,209,31,838,928,5181,131 1,1,1,1,1,1,6
247,486,7708,59,2,262,108,1222,842,434,1222,2,50,5911,2984,12,2058,631,2683,2357,944,594,2,1540,631,486,321 6,6,1,1,1,1,1,1,1,1,1,1,1,1,1,1,1,1,1,1,1,1,1,1,1,6,1
108,18,692,2058,27,15,2368,145,2,329,1279,2099,8330,27,29741,1264,13,2176,26,2176,27,7998,145,14,865 1,1,1,1,1,1,1,1,1,1,1,1,1,1,1,1,1,1,1,1,1,1,1,1,1
1050,126,1175,923,131,1834,151,1222,2,4193,5,283,151,1041,2,48,228,5318,10,29742,2807,32,2260,4,3062,2683,456,761,2,515,190,28,29743,183,190,28,8972,259,190,28,15412,614,190,28,29744,109,190,2,354,4952,579,190 1,1,1,1,6,1,1,1,1,1,1,1,1,1,1,1,1,1,1,1,1,1,1,1,1,1,1,1,1,1,1,1,1,1,1,1,1,1,1,1,1,1,1,1,1,1,1,1,1,1,1,1
1773,247,10983,131,9,2159,838,434,1222,8,7,5480,135,15220,5,11062 1,1,1,6,1,1,1,1,1,1,1,6,6,1,1,1
838,108,1222,26,25,1269,657 1,1,1,1,1,1,1
18,40,301,2082,29745,65,38,845,631,1041 1,1,1,1,1,1,1,1,1,1
2391,11,310,17,110,124,339,1648 1,1,20,1,1,1,1,1
51,8,1061,13,150,2511,17,2096,32,18,39,61,19,32,63,1287,2,317,1286,2,2019,2,3252,138,2,5574,2,3463,2,888 1,1,1,1,1,1,1,1,1,1,1,1,1,1,1,1,1,1,1,1,1,1,1,1,1,1,1,1,1,1
102,8,17,29746,1364,7,657,3416,10,11144,329,519,1729,15,5121,542,5,155,577,1132 1,1,1,1,1,1,1,1,1,1,1,1,1,1,1,1,1,1,1,1
752,5,8431,3916,129,43,2085,38,200,2,48,38,113,31,3809,350,300,714 1,1,1,1,1,1,1,1,1,1,1,1,1,1,1,1,1,1
708,7,10699,209,55,512,1677,26,205,1677,7,263,2394 1,1,1,1,1,1,1,1,1,1,1,1,1
47,273,31,880,38,14,9201,27,38,845,2,48,958,350,300,454,2804,19,6,1225 1,1,1,1,1,1,1,1,1,1,1,1,1,1,1,1,1,1,1,1
183,8,13,15514,4578,5,1257,2,209,155,1005,2,645,38,14,3020,1758,239,10,8997,5,29747,1338 1,1,1,1,1,1,1,1,1,1,1,1,1,1,1,1,1,1,1,1,1,1,1
1152,329,17,6,470 1,1,1,1,1
92,40,207,13,329 1,1,1,1,1
361,750,13,87,1135 1,1,1,1,1
40,1783,12,221 1,1,1,1
5684,8789,29748,2,195,2,2045,705,46,29749 1,1,1,1,1,1,1,1,1,1
