69,49,4,29646,339,1117,470,99,64,4,4451,2,6726,485,4,15502,49,7,99,4,29647,27,29648,581,17,470,4,272,5,2223,34,2337,195,4,58,2778,4,15503,13,120,103,134,1601,17,272,401,13,844,3860,234,4,64,13,120,629,13,259,236,7,1642,2,4708,19,15504,151,18,39,3061,3563,2,237,263,34 1,1,1,1,1,1,1,1,1,1,1,1,1,1,1,1,1,1,1,1,1,1,1,1,1,1,1,1,1,1,1,1,1,1,1,1,1,1,1,4,1,1,1,1,1,1,1,1,1,1,1,1,1,4,1,1,1,1,1,1,1,1,1,1,1,1,1,1,1,1,1,1,1
20,201,12,189,27,1986,5,718,140 1,1,1,1,1,1,1,1,1
18,986,10,5421,2,1007,10,983,144,819,18,4499,17,15,223,2,5,39,15,1601 1,1,1,1,1,1,1,1,1,1,1,1,1,1,1,1,1,1,1,1
18,549,419,27,140,17,183,123,117,377,2,48,39,844,402,2,168,10,189,2,265,428,5,874,117,15,29649,1682 1,1,1,1,1,1,1,1,1,1,1,1,1,1,1,1,1,1,1,1,1,1,1,1,1,1,1,1
18,110,774,10,2516,117,938,534,7,3563,922 1,1,1,1,1,1,1,1,1,1,1
64,267,1024,8387,34,2,71,7399,70,297,15,10454,7,3563,2,237,29650,423,117,6,3563 1,1,1,1,1,1,1,1,1,1,1,1,1,1,1,1,1,1,1,1,1
34,113,31,6345,28,64,31,382,10,8270,1277,2,2998,2,26,4114,7,6,34 1,1,1,1,1,1,1,1,1,1,1,1,1,1,1,1,1,1,1
11,2002,4800,1352,34,5,25,1269 1,1,1,1,1,1,1,1
12,1352,534,7,402,2,18,404,264,1521,7,7368,12,23,1414,37,18,21,10,29651,286 1,1,1,1,1,1,1,1,1,1,1,1,1,1,1,1,1,1,1,1,1
88,87,1920,26,4697 1,1,1,1,1
11,1463,26,3319 1,1,1,1
39,39,613,2,71,660,13,14388,2,268,288,460,51,29652 1,1,1,1,1,1,1,1,1,1,1,1,1,1
18,113,31,2570,6,1243,27,1986,48,1886,18,176,50,39,2573,5,752,2052,2,71,18,267,222,31,1035,87,1954 1,1,1,1,1,1,1,1,1,1,1,1,1,1,1,1,1,1,1,1,1,1,1,1,1,1,1
499,4,11,508,26,420,1112 1,1,1,1,1,1,1
11,4697,26,1920 1,1,1,1
11,484 1,1
11,455,2,270,2,531,79 1,1,1,1,1,1,1
1077,20,199,5,11,121,142,297,15504,28,136,237,2,18,14,5067,10,1838,5,21,1376,121,5,404,2572,637,120,116,103,1601,19,29653,11,3076,26,2069,10,3076,257,281,1020,2019,1286,888,211,192,4,1292,339,1648 1,1,1,1,1,1,1,1,1,1,1,1,1,1,1,1,1,1,1,1,1,1,1,1,1,1,4,10,1,1,1,1,1,1,1,1,1,1,1,1,13,1,1,1,11,1,1,1,1,1
2997,4,295,1310,430,4,152,671,4,578,840,4,578,2575,4,11,339,2475,26,15505,385,7206,29654,1944,564,738,41,19,628,224,4,9412,407,2,3078,2,12,106,326,12,6,9896,7,402,3061,4882,181,4,11,2403,28,11,484,202,4,599,966,44,4,745,193,1876,91,4,418,2,324,246,75,253,340,4,133,2,463,2,31,2088,2,149,1006,277,86,1739,26,1592,2,902,4405,31,782,2,199,558,812,4,2119,28,64,12,9896,7,402,28,189,427,222,812,73,922,1508,324,8335,5907,1419,5,7074,6693,577,217,4,11,336,79,323,4,1040,5,413,5,1239,258,4,29655,29656,397,9,510,282,8,2710,54,9,1298,8,294,633,9,510,282,8,3099,54,9,1259,8,294,749,9,510,282,8,2884,9,1299,8,294,689,9,510,282,8,6205,9,1420,8,294,379,9,510,282,8,723,9,1300,8,169,331,9,510,282,8,1789,9,1586,8,169,358,9,510,282,8,15183,72,9,1354,8,169,15506,13468,488,975,3261,9,2588,8,550,1370,2186,9,2513,8,550,1937,1982,72,9,2310,8,550,2152,1123,1435,9,2514,8,169,488,1123,1303,9,3031,8,169,1813,1850,1333,9,3530,8,612,2447,579,9,3705,8,612,2446,2658,72,9,3890,8,3891,2309,3044,72,9,3892,8,3893,2373,462,9,4151,8,612,15506,29657,298,7545,9,1260,8,398,266,29658,9,2484,8,41,458,5096,9,2626,8,1399,615,29659,9,2795,8,1779,443,1296,9,1507,8,1301,530,2515,9,1340,8,1141,665,5205,9,1448,8,1561,698,5006,9,1449,8,550,666,4251,9,1383,8,41,1658,1910,9,1698,8,41,1102,2356,9,1780,8,41,1145,183,9,1699,8,41,732,35,9,1857,8,41,1193,35,9,1816,8,41,340,205,4,6,902,2,3139,2,4273,2,2853,4123,5,3270,53,483,19,38,29660,3516,68,14,2187,7,6,2729,1023,86,205,160,7,2465 1,1,1,1,1,1,1,14,14,14,1,1,1,1,1,1,1,1,1,1,1,1,1,1,1,1,1,1,1,1,1,1,1,1,1,1,1,1,1,1,1,1,1,1,1,1,1,1,1,1,1,1,1,1,1,1,1,1,1,1,1,1,1,1,1,1,1,1,1,1,1,1,1,1,24,1,1,1,1,1,1,1,1,1,1,1,1,1,1,1,1,1,1,1,1,1,1,1,1,1,1,1,1,1,1,1,1,1,1,1,1,1,1,1,1,1,1,1,1,1,1,1,1,1,1,1,1,1,1,1,1,1,1,1,1,1,1,1,1,1,1,1,1,1,1,1,1,1,1,1,1,1,1,1,1,1,1,1,1,1,1,1,1,1,1,1,1,1,1,1,1,1,1,1,1,1,1,1,1,1,1,1,1,1,1,1,1,1,1,1,1,1,1,1,1,1,1,1,1,1,1,1,1,1,1,1,1,1,1,1,1,1,1,1,1,1,1,1,1,1,1,1,1,1,1,1,1,1,1,1,1,1,1,1,1,1,1,1,1,1,1,1,1,1,1,1,1,1,1,1,1,1,1,1,1,1,1,1,1,1,1,1,1,1,1,1,1,1,1,1,1,1,1,1,1,1,1,1,1,1,1,1,1,1,1,1,1,1,1,1,1,1,1,1,1,1,1,1,1,1,1,1,1,1,1,1,1,1,1,1,1,1,1,1,1,1,1,1,1,1,1,1,1,1,1,1,1,1,1,1,1,1,1,1,1,1,1,1,1,1,1,1,1,1,1,1,1,1,1,1,1,1,1,1,1,1,1,1,1,1,1,1,1,1,1,1,1,1,1,1,1,1,1,1,1,1,1,1,1,1,1,1,1,1,1,1,1,1,1,1,1,1,1,1,1
68,14,11,160,7,300,1233 1,1,1,1,1,1,1
68,14,15,1636,7,4941,5565,2093,3855,816 1,1,1,1,1,1,1,1,1,1
11,182,4280,4655,228 1,1,1,1,1
68,14,6172,1866,7,6,1584,5,717,6948,816,71,176,1490,55,239,10,1400,1386 1,1,1,1,1,1,1,1,1,1,1,1,1,1,1,1,1,1,1
68,14,11,160,7,739,662 1,1,1,1,1,1,1
68,14,11,4757,2,5391,26,1613,780 1,1,1,1,1,1,1,1,1
833,4,15503,13,120,13,1036,236,7,844,3061,3563,5,8387,34,86,263,1386,26,8986,26,205,359,7,1233 1,1,1,1,4,1,1,1,1,1,1,1,1,1,1,1,1,1,1,1,1,1,1,1,1
1970,7,6968,1866,5,1584,1866,9,48,176,2122,37,2018,316,239,10,29661,8 1,1,1,1,1,1,1,1,1,1,1,1,1,1,1,1,1,1
32,119,64,2,18,21,39,2573,5,752,27,1986,2052 1,1,1,1,1,1,1,1,1,1,1,1,1
209,1208,10449,1276,65,29662,144,523,297,1941,995,540,2155,401 1,1,1,1,1,1,1,1,1,1,1,1,1,1
1243,176,13762,1584,3591,609,10,1021,17,2096,2,2573,5,752,10,1514,17,2475,26,15505,2,1319,908,10,1364,3239,1460 1,1,1,1,1,1,1,1,1,1,1,1,1,1,1,1,1,1,1,1,1,1,1,1,1,1,1
319,126,10,954,2019,491,100,10,873 1,1,1,1,1,1,1,1,1
40,1783,13,58,4094,9038,1209,80 1,1,1,1,1,1,1,1
29663,15507,29664,2,96 1,1,1,1,1
