67,54,4,36100,2992,30,2008,379,428,121,61,17,439,7,4,176,798,1157,4,18,14,110,2108,5267,540,43,64,3575,12,1604 1,1,1,1,1,1,1,1,1,1,1,1,1,1,1,1,1,1,1,1,1,1,1,1,1,1,1,1,1,1
18,258,37,18,242,60,17,223,58,113,3,51,286,6,1157,1749,984,306,397 1,1,1,1,1,1,1,1,1,1,1,1,1,1,1,1,1,1,1
1427,10,24,723,3,18,749,64,3575,141,65,183,121,1377,6,540,20,15,1624,51,37,6,79,38,15,1091 1,1,1,1,1,1,1,1,1,1,1,1,1,1,1,1,1,1,1,1,1,1,1,1,1,1
18,126,24,19,15,36101,438,7,4302 1,1,1,1,1,1,1,1,1
178,6211,4,6,79,21,31,55,88,103,116 1,1,1,1,1,1,1,1,1,1,1
195,5845,4,24,489,34,5,323,21,6757,159,126,6,706 1,1,1,1,1,1,1,1,1,1,1,1,1,1
18,21,55,128,1114,15138,159,6,39,20,3272 1,1,1,1,1,1,1,1,1,1,1
18,14,52,96,12,4998,43,64,9968,5443 1,1,1,1,1,1,1,1,1,1
253,944,161,4,18,526,5210,154,27,12654,117,65,183,5,6,295,46,68,2820,10,6154 1,1,1,1,1,1,1,1,1,1,1,1,1,1,1,1,1,1,1,1,1
346,206,4,18,14,137,245,12,6875,4501,3,62,1224,245,2495 1,1,1,1,1,1,1,1,1,1,1,1,1,1,1
18,21,24,2133,36102,5,983,702,5,368,8232,24,6002,17,36103 1,1,1,1,1,1,1,1,1,1,1,1,1,1,1
233,911,57,1007,17,24 1,1,1,1,1,1
18,4124,6,702,51,27,85,190,484,7130 1,1,1,1,1,1,1,1,1,1
408,18,38,36104,15,388,379,358,28,3,51,95,38,15,3012,2233,186,16,1049,2159,2608,3775,24 1,1,1,1,1,1,1,1,1,1,1,1,1,1,1,1,1,1,1,1,1,1,1
18,258,37,18,237,166,10,1170,188,949,24,2998,12,36105 1,1,1,1,1,1,1,1,1,1,1,1,1,1
147,798,1157,110,5267,540,12,6118,29,110,117,169,931,3714,164,106,363,185,393,446,6776,8199,801,12,8582,110,7013,918,1923,585,831,179,13,39,330,604,885,921,287,256,541,1229,110,3442,168,12,7015,209,446,838,1101,12,7015,51,79,31,449,10,572,540,1460,5885,29,5210,154,359,12,12655,39,1570,478,1314,36,45,9,73,8,25,32,2533,9,203,1148,1463,8,901,36,45,9,73,8,25,32,3408,9,3508,8,3473,36,45,9,73,8,25,276,610,1400,686,36,45,9,73,8,25,305,3607,1632,36,45,9,73,8,25,69,4512,782,672,36,45,9,73,8,25,32,706,3019,36,45,9,73,8,25,605,2840,9,5783,8,3019,36,45,9,73,8,25,32,167 1,1,1,1,1,1,1,1,1,1,1,1,1,1,1,7,1,15,15,1,1,1,1,1,1,1,1,1,1,1,1,1,1,1,1,1,1,1,15,1,1,1,1,1,1,1,1,1,1,1,1,1,1,1,1,1,1,1,1,1,1,1,1,1,1,1,1,1,1,1,1,1,1,1,1,1,1,1,1,11,1,11,1,1,1,1,1,1,1,1,1,1,1,1,1,1,1,1,1,1,1,1,1,1,1,9,9,1,1,1,1,1,1,1,1,9,1,1,1,1,1,1,1,1,1,1,1,1,1,1,1,1,1,1,1,1,1,1,1,1,1,1,1,1,1,1,1,1,1,1,1,1,1,1,1,1
1819,4909,36,45,9,73,8,25,32,2326,1547,901,36,45,9,73,8,25,32,1253,9,906,8,36,568,25,32,512,1072,1628,487,9,12656,1828,974,501,22,25,305,2125,9,4052,8,3326,36,45,9,73,8,25,2634,4302,672,36,568,9,73,8,25,32,127,790,81,7,182,11,84,12,1059 1,1,1,1,1,1,1,1,1,1,1,1,1,1,1,1,1,1,1,1,1,1,1,1,1,1,1,1,1,1,1,1,1,1,1,1,1,1,1,1,1,1,1,1,1,1,1,1,1,1,1,1,1,1,1,1,1,1,1,1,1,1,1,1,1,1,1,1,1
11,4101,3,263,3,307,3,529,3,362,34,3,446,3,648,3,796,3,26,618,34 1,1,1,1,1,1,1,1,1,1,1,1,1,1,1,1,1,1,1,1,1
102,77,148,4,3126,140,4,2948,842,9,115,558,842,159,36106,8,207,197,197,2310,29,1114,474 1,1,6,6,6,1,1,1,1,1,1,1,1,1,1,1,1,1,1,1,1,1,1
2852,455,29,1270,13,2463,2409,27,7519,29,11,502,26,561 1,1,1,1,1,1,1,1,1,1,1,1,1,1
457,532,5210,154,9,1351,7,295,8,4,1460,7,131,10,504,170,29,1780,7,1030,14,543,13,747,36107,1178,9,8683,3,3122,82,8,29,41,4014,24,3004,10,400,2028 1,1,1,1,1,1,1,1,1,1,1,1,1,1,1,1,1,1,1,1,1,1,1,1,1,1,1,1,1,1,1,1,1,1,1,1,1,1,1,1
192,5,104,176,1157,4,439,13,64,3575,139,492,438,7,4302 1,1,1,1,1,1,1,1,1,1,1,1,1,1,1
178,103,4,211,19,610,3,3607,3,5,1819 1,1,1,1,1,9,1,9,1,1,1
195,5845,4,86,3885,706 1,1,1,1,1,1
235,1114,4698,35,518,915 1,1,1,1,1,1
104,1427,10,64,5443,14,10,2020,706,2335,225,15,87 1,1,1,1,1,1,1,1,1,1,1,1,1
41,144,2007,89 1,1,1,1
253,363,4,681,476 1,1,1,1,1
11,102,16502,7,363,70,132 1,1,1,1,1,1,1
86,3408 1,1
346,1460,4,92,20,508,12,6,9189,172,37,15,3856,4559,39,208,1255,6,79 1,1,1,1,1,1,1,1,1,1,1,1,1,1,1,1,1,1,1
41,235,126,4641,13,79,82,1448,3,64,36108,3,10,810,1671,92,41,31,4014,24,1975 1,1,1,1,1,1,1,1,1,1,1,1,1,1,1,1,1,1,1,1,1
460,287,4,236,20,982,1603,27,128,802,225,80,87 1,15,1,42,42,42,42,42,42,42,1,1,1
41,144,4168,89,159,18,14,31,772 1,1,1,1,1,1,1,1,1
652,206,4,235,295,7,9189,172,13,28 1,1,1,1,1,1,1,1,1,1
235,483,7,245,1272,5,1667,18,237,160,900,552,6315 1,1,1,1,1,1,1,1,1,1,1,1,1
79,31,1671,134,40,2345,237,52,476,306,1224,245 1,1,1,1,1,1,1,1,1,1,1,1
235,571,483,13,79,82,723,3,36109,3,225,6,2174,139,6,112 1,1,1,1,1,1,1,1,1,1,1,1,1,1,1,1
41,2820,201,8069,17,436,198,3798 1,1,1,1,1,1,1,1
