67,54,4,36205,1180,17532,281,168,55,414,4,191,3,6433,542,4,17790,54,7,168,4,36206,451,4,64,12659,1414,162,331,4,64,12659,1414,730,234,4,2008,87,302,428,13,6612,9,539,87,8,3,142,3,19,209,4441,17,658,3,61,13,53,194,248,685,5,474 1,1,1,1,1,1,1,1,1,1,1,1,1,1,1,1,1,1,1,1,1,1,1,1,1,1,1,1,1,1,1,1,1,1,1,1,1,1,1,1,1,4,1,1,1,1,1,7,1,1,1,1,1,1,1,1,1,1,1,1,1,1,1
30,564,66,4,28,3,940,81,30,7,61,328,4,40,14,15,2008,87,302,428,13,15,4258,30,7,658,19,209,4441,9,706,5,132,19,4746,8,3,6612,9,865,2482,8,3,356,30,7,248,164,13,367,6316,3,5,169,30,7,1266,3,121,61,13,15,36,113,30,685,5,474,19,70,194,248,9,574,8 1,1,1,1,1,1,1,1,1,1,1,1,1,1,1,1,1,1,1,1,1,1,1,1,1,1,1,1,1,1,1,1,1,1,1,1,1,4,1,1,1,1,1,1,1,1,1,1,1,1,1,1,1,1,1,1,1,1,1,1,1,1,1,1,1,1,1,1,1,1,1,1,1,1,1
629,191,21,38,267,169,124,17,36207 1,1,1,1,1,1,1,1,1
12,6972,3,18,387,2267,96,15,667,3,606,164,17,1722,9,70,248,8 1,1,1,1,1,1,1,1,1,1,1,1,1,1,1,1,1,1
12,4976,3,18,20,98,162,10,36208,124,13,1266,7,70,248,5,606,15,9330,438,7,247,907 1,1,1,1,1,1,1,1,1,1,1,1,1,1,1,1,1,1,1,1,1,1,1
27,40,61,3,18,21,68,12,24,712,258,7,436,9,16521,279,764,3,406,43,34,12,248,3,11,437,3,11,48,34,8,597,99,3257,186,18,61,10,24,3228,17,15,17426,1004,9,70,322,8 1,1,1,1,1,1,1,1,1,1,1,1,1,1,1,1,1,1,1,1,1,1,1,1,1,1,1,1,1,1,1,1,1,1,1,1,1,1,1,1,1,1,1,1,1,1,1,1
6,3228,1049,62,1642,37,18,38,128,685,19,6,4155,1678,7,6,322 1,1,1,1,1,1,1,1,1,1,1,1,1,1,1,1,1
18,20,31,1204,88,34 1,1,1,1,1,1
225,40,80,113,3,18,55,37,6,685,5,128,474,38,912,3,132,10,158,6,574,2683,7,6,194,2959 1,1,1,1,1,1,1,1,1,1,1,1,1,1,1,1,1,1,1,1,1,1,1,1,1,1
18,61,10,17791,17,15,513,987,3,5,20,343,13,2781,25 1,1,1,1,1,1,1,1,1,1,1,1,1,1,1
24,1266,1831,10,265,5,18,61,10,24,451,17,172,19,6,65,7,168,3,5,20,496,162,10,8345 1,1,1,1,1,1,1,1,1,1,1,1,1,1,1,1,1,1,1,1,1,1,1,1,1
18,90,88,301,249,26,459,9,28,14,46,2586,105,421,970,3,75,46,68,1355,1307,13,1210,1126,1278 1,1,1,1,1,1,1,1,1,1,1,1,1,1,1,1,1,1,1,1,1,1,1,1,1
571,421,970,3,1291,13,6,140,314,5,2753,57,12,6,1178,7,52,285,115,27,40,85,8 1,1,1,1,1,1,1,1,1,1,1,1,1,1,1,1,1,1,1,1,1,1,1
18,21,38,11,263,3,965,261,3,555,3,446,3,26,36209 1,1,1,1,1,1,1,1,1,1,1,1,1,1,1
11,95,1297,10,6,248 1,1,1,1,1,1
80,39,30,4,71,19,818,1764,3,11,30,7,165,157,144,2133,8648,305,865,33,2482,42,9,8315,8,87,412,77,3,1041,3228,112,106,33,19,267,1325,3,11,374,30,7,212,3910,1013,36210,87,30,21,68,19,209,1202,33,279,87,4746,33,170,87,2267,33,6972,9,53,322,8,36211,15,667,5,1373,6316,19,248,13,283,248,8360,33,4976,70,153,240,122,19,241,570,405,15,1948,17,2753,3,140,314,3,5,421,970,10,52,862,43,2932,209,494,33,620,129,6228,1050,33,52,172,27,17791,2070,311,822,1044,260,33,110,5545,36212,1524,33,4976,3,11,1486,1030,287,507,2691,765,33,290,10,209,1202,157,2462,4025,33,4976,1416,33,100,164,164,4,188,3399,33,5895,3,9911,53,384,938,33,2723,70,384,938,33,2333,70,657,938,33,2380,2968,1300,507,10,756,33,3614,1911,7,2588,33,3614,1416,164,39,4,176,4746,558,22,2634,178,706,108,22,69,195,809,945,22,69,253,1570,478,36,22,605,346,36213,4510,22,32,460,2125,586,22,2634,652,2273,669,22,69,833,203,547,22,32,995,1126,945,22,69,1079,512,501,22,69,1477,1253,36,32,1708,236,141,22,2077,2001,218,141,22,32,2218,423,447,22,32,127,4,1846,3,1720,33,300,150,30,4,661,33,583,186,28,20,1214,129,302,573,33,71,11,731,150,30,7,1759,26,9936,935,206,30,4,3190,3,245,1272,3,11,727 1,1,1,1,4,1,1,1,1,1,1,1,1,1,1,1,1,1,1,1,1,1,1,1,1,1,1,1,1,1,1,1,7,1,1,1,1,1,1,1,1,1,1,1,1,1,1,1,1,1,1,1,1,1,1,1,1,1,1,1,1,1,1,1,1,1,1,1,1,1,1,1,1,1,1,1,1,1,1,1,1,1,1,1,1,1,1,1,1,1,1,1,1,1,1,1,1,1,1,1,1,1,1,1,1,1,1,1,1,1,1,1,1,1,1,1,1,1,1,1,1,1,1,1,1,1,1,1,1,1,1,1,1,15,1,1,1,1,1,1,1,1,1,1,1,1,1,1,1,1,1,1,1,1,1,1,1,1,1,1,1,1,1,1,1,1,1,1,1,1,1,1,1,1,1,1,1,1,1,1,1,1,1,1,1,1,1,1,1,1,1,1,1,1,1,1,1,1,1,1,1,17,1,1,1,1,1,1,1,1,1,1,9,1,1,1,1,1,1,1,1,1,1,1,1,1,1,11,1,1,1,1,1,1,1,1,1,1,1,1,1,1,1,1,1,1,12,1,1,1,1,13,1,1,1,1,26,1,1,1,1,1,1,1,1,1,1,1,1,1,1,1,1,1,1,1,1,1,1,1,1,4,1,1,1,1,1,1,1,1,1,1,1,1,1,1,1,1,1,1,1
157,10,285,35,15,17783,17,1872,87 1,1,1,1,1,1,1,1,1
919 1
699,4,215,6331,30,9,488,125,87,183,8,541,4,200,81,7,182,4,207,4,421,970,3,140,314,33,955,87 5,5,5,5,5,5,5,5,5,5,5,1,1,1,1,1,1,1,1,1,1,1,1,1,1,1,1,1
3506,620,6508,842,135,113 1,1,1,1,1,1
196,4,311,1368,3,2927,1368,227,4,11,555,3,1297,3,3,3009,3,5475,3,412,34,26,261,29,841,314,9,367,627,139,4025,8,1030,29,11,3957,3,3689,3,338,34,29,11,2760,147,3,1431,1371,3,34,26,2419,3,11,30,7,3425,136,4,11,34,3,406,7,759,3,240,1844,4,11,3420,34,3,407,3,263,3,1753,644,4,11,48,34,3,418,3,109,3,739,3,760,3,725,361,4,377,1059,405,6,80,170,129 1,1,1,1,1,1,1,1,1,1,1,1,1,1,1,1,1,1,1,1,1,1,1,1,1,1,1,1,1,1,1,1,1,1,1,1,1,1,1,1,1,1,1,1,1,1,1,1,1,1,1,1,1,1,1,1,1,1,1,1,1,1,1,1,1,1,1,1,1,1,1,1,1,1,1,1,1,1,1,1,1,1,1,1,1,1,1,1,1,1,1,1,1,1,1,1,1,1,1,1,1,1
11,1199,1098,3,1654,3,291,34,3,300,3,375,3,3273,3,2841,3,446,3,648,3,2288,1309,4,11,796,3,2041,3,1414,3,1206,3,1393,3,1408,3,1837,3,1157,3,1235,1883,4,2927,432,3,1368,4295,4,122,282,352,4,11,1670,3,2006,3,1002,1030,3,697,3,4075,3,323,3,36214,3,3985,102,77,4,701,4,36215,1428,29,36216,29,6091,29,16461,42,658,29,36217,29,36218,207,4,12,11,758,199,342,3,2356,3,12485,3,197,7,5392,306,258,440,196,4,152,3,617,3,1110,3,311,1368,19,114,227,4,3464,3,863,3,665,29,1124,797,3,11,36219,1050,3,11,965,685,26,261,29,1110,1561,1313,3,11,7019,243,3,11,3425,136,4,332,3,296,471,7,759,3,11,879,3,576,3723,632,577,3026,4,11,875,3,2109,3,1726,309,1080,4,11,1044,246,3,44,36220 1,1,1,1,1,1,1,1,1,1,1,1,1,1,1,1,1,1,1,1,1,1,1,1,1,1,1,1,1,1,1,1,1,1,1,1,1,1,1,1,1,1,1,1,1,1,1,1,1,1,1,1,1,1,1,1,1,1,1,1,1,1,1,1,1,1,1,1,1,1,1,1,1,1,1,1,6,6,6,1,1,1,1,1,1,1,1,1,1,1,1,1,1,1,1,1,1,1,1,1,1,1,1,1,1,1,1,1,1,1,1,1,1,1,1,1,1,1,1,1,1,1,1,1,1,1,1,1,1,1,1,1,1,1,1,1,1,1,1,1,1,1,1,1,1,1,1,1,1,1,1,1,1,1,1,1,1,1,1,1,1,1,1,1,1,1,1,1,1,1,1,1,1,1,1,1,1,1,1,1,1,1,1,1
1039,543,13,169,164 1,1,1,1,1
11,690,246 1,1,1
48,4,11,2353,10,9273,3,232,737,7202,100,3,91,10,463,97,407,3,1065,3,4793,720,4,4573,1630,3,11,6813,3051,26,3191,29,145,239,3,44,156,3,44,304,3,310,3,367,1094,3,11,213,214,4,1039,543,13,15,169,164,3,673,1747,3,588,44,783,29,152,3,979,10,1046,5,9273,3,11,1482,246,26,1641,3,11,1061,26,240,1046,531,4,565,93,27,595,70,442,53,29,11,743,26,750,29,1368,9,777,19,70,443,2959,8,3,685,5,416,118,807,19,36221,574,2959,9,16304,632,8 1,1,1,1,1,1,1,1,1,1,1,1,1,1,1,1,1,1,1,1,1,1,1,1,1,1,1,1,1,1,1,1,1,1,1,1,1,1,1,1,1,1,1,1,1,1,1,1,1,1,1,1,1,1,1,1,1,1,1,1,1,1,1,1,1,1,1,1,1,1,1,1,1,1,1,1,1,1,1,1,1,1,1,1,1,1,1,1,1,1,1,1,1,1,1,1,1,1,1,1,1,1,1,1,1,1,1,1,1,1,1,1,1,1,1,1,1,1,1,1
11,246,10,1046,3,11,246,10,1046,7,3762,100 1,1,1,1,1,1,1,1,1,1,1,1
1039,66,169,164,19,6,70 1,1,1,1,1,1,1
473,114,33,53,12,4015,29,2835,2549,100,3,118,7803,5,5302,3,329,3910,635,133,4,217,1459,3,2367,2245,3,789,6718,100,352,4,980,3,410,3,244,6571 1,1,1,1,1,1,1,1,1,1,1,1,1,1,1,1,1,1,1,1,1,1,1,1,1,1,1,1,1,1,1,1,1,1,1,1,1,1
925,33,1852,3,665,3,675,1316,13,204,511,3,11,8103,26,6233,1866 1,1,1,1,1,1,1,1,1,1,1,1,1,1,1,1,1
44,1256,3,1006,628,783,473,5,194,114,29,217,3175,3,1459,3,3321,3,595,1056,29,9596,1683,1056,100,29,100,877,5,204,511,10,691,1008,3,1585,3,2719,29,204,7335,100 1,1,1,1,1,1,1,1,1,1,1,1,1,1,1,1,1,1,1,1,1,1,1,1,1,1,1,1,1,1,1,1,1,1,1,1,1,1,1,1,1,1
12947,700 1,1
149,4,95,149,401,1340,4,241,570,4,131,3789,13,311,1744,8694,243,5,3252,4490 1,1,1,1,1,1,1,1,1,1,1,1,1,1,1,1,1,1,1,1
1154,505,158,36222 1,1,1,1
5404,2000,14,98,15,1631 1,1,1,1,1,1
19,689,92,14,1063,10,1154,571,1704 1,1,1,1,1,1,1,1,1
267,1744,243,12,6,789,10971,7,70,861,57,1963,17,3380,153,240,26,11112,2177 1,1,1,1,1,1,1,1,1,1,1,1,1,1,1,1,1,1,1
2578,4,40,14,15,2008,87,302,428,13,80,39,30,7,6612,3,209,16855,9,1202,157,8,3,658,3,142,3,256,248,283,3,1266,5,2267,3,121,61,13,15,36,113,30,7,53,194,114,474,5,685,3,97,174,1496,234,3,37,21,68,1794,10,25,516,176,1266,33,40,428,14,8321,10,1266,17,15,1397,7,404,3,158,209,4441,3,71,3,5,169,164,10,6,548,37,46,2558,6,3524,5,63,1918,5,4061,1280 1,1,1,1,1,1,1,1,1,1,1,1,1,1,4,1,1,1,1,1,1,1,1,1,1,7,1,1,1,1,1,1,1,1,1,1,1,1,1,1,1,1,1,1,1,1,1,1,1,1,1,1,1,1,1,1,1,1,1,1,1,1,1,1,1,1,1,1,1,1,1,1,1,1,1,1,1,1,1,1,1,4,1,1,1,1,1,1,1,1,1,1,1,1,1,1,1,1,1,1
174,1399,646,158,10075,26,971 1,1,1,1,1,1,1
27,40,802,3,74,14,1103,10,1403,10075,12,40,28 1,1,1,1,1,1,1,1,1,1,1,1,1
852,63,587,1028,138,24,311,147,3,606,4120,7098,2446,33,5563,5151,2189,247,5486,83,9,8795,1288,8,1159,185,6,248,1830,617,1769,10,118,3478,2231,1194,6,4631,7,1266,5,450,626,13,340,1934,134,1266,109,31,265,33,41,299,689,10,172,17,845,411 1,1,1,1,1,1,1,1,1,1,1,1,1,1,1,1,1,1,1,1,1,1,1,1,1,1,1,1,1,1,1,1,1,1,1,1,1,1,1,1,1,1,1,1,1,1,1,1,1,1,1,1,1,1,1,1,1,1,1,1
41,98,299,3375,10,826,319,15,971 1,1,1,1,1,1,1,1,1
178,140,314,3,2753,3,421,970,3,132,13,187,861,240,33,6,1154,17,1399,646,14,244,4120 1,1,1,1,1,1,1,1,1,1,1,1,1,1,1,1,1,1,1,1,1,1,1
18,758,38,15,72,1333,99,87 1,1,1,1,1,1,1,1
899,1948,10,54,20,344,639,17,861,2177,5,240,852,41,1101,10,503,36223,862,1028,41,488,252,3,423,5,2273,12,3192,7,6,862,1159,86,10,450,249,6607,195,71,33,28,14,49,12,44,353,3,313,12,6,481,7,411,3,41,1627,7,163,254,5,191,36224,253,142,33,86,218,346,658,33,86,706,5,4746,852,63,587,9,12,6,481,7,28,82,411,8,1028,450,249,6607,5,174,316,205,198,460,2691,765,33,138,28,82,916,1892,30,7,1202,157,3,18,41,160,429,228,134,1639,312,199,328,652,1155,33,815,125,32,29,2393,9363,1034,521,32,833,726,33,17741,51,1081,48,1769,484,17,15,477,408 1,1,1,1,1,1,1,1,1,1,1,1,1,1,1,1,1,1,1,1,1,1,1,1,26,1,1,1,1,1,1,1,1,1,1,1,1,1,1,4,1,1,1,1,1,1,1,1,1,1,1,1,1,1,1,1,1,1,1,1,1,1,1,1,7,1,1,13,1,1,1,1,1,1,1,1,1,1,1,1,1,1,1,1,1,1,1,1,1,1,1,1,1,1,1,1,1,1,1,1,1,1,1,1,1,1,1,1,1,1,1,1,1,1,1,1,1,1,1,1,1,1,1,1,1,1,1,1,1,1,1,1,1,1,1,1,1,1,1,1,1,1,1,1,1
3713,3798,9,36225,14150,5376,4815,36226,3,1103,7480,3,2106,36227,3,2449,36228,8,56,56,56,56,56,56,56,56,56,56,56,56,56,56,56,33,36229,11289,3,229,710,36230 1,1,1,1,1,1,1,1,1,1,1,1,1,1,1,1,1,1,1,1,1,1,1,1,1,1,1,1,1,1,1,1,1,1,1,1,1,1,1,1
