67,54,4,36183,17781,318,1141,112,191,3,6433,1637,17782,112,54,4,36184,6,385,82,30,3,102,101,3,5,172,143,81,43,271,29,5,50,2477 1,1,1,1,1,1,1,1,1,1,1,1,1,1,1,1,1,1,1,1,1,1,1,1,1,1,1,1,1,1,1,1,1,1,1
12,475,3,50,1150,1187,5,101,40,28 1,1,1,1,1,1,1,1,1,1
30,7,61,234,4,40,14,15,4317,522,13,15,30,7,317,58,71,19,809,13,15,30,7,604,121,61,640,7,70,322,34,3,474,3,5,1111 1,1,1,1,1,1,1,1,1,1,1,1,1,1,4,4,4,1,17,1,1,1,1,1,1,1,1,1,1,1,1,1,1,1,1,1
6,28,38,15,4172,7817,650,6,1683,1385,7,24,322,620,544,113,183 1,1,1,1,1,1,1,1,1,1,1,1,1,1,1,1,1
18,1005,128,2292,34,12,6,548,7,24,322,225,6,99,170,65,5,286,12,6,99,900,10,1897,552,21,387,474,5,1111,7,24,322,13,3310,10,1127,507,10,170,34 1,1,1,1,1,1,1,1,1,1,1,1,1,1,1,1,1,1,1,1,1,1,1,1,1,1,1,1,1,1,1,1,1,1,1,1,1,1,1,1,1
18,21,38,314,7,1059,3,51,18,90,88,249,26,207,3101 1,1,1,1,1,1,1,1,1,1,1,1,1,1,1
18,90,88,248,474 1,1,1,1,1
80,39,30,4,269,17,1013,3,317,58,71,3,15,30,7,6316,3,30,7,71,604,3,5,30,7,1416 1,1,1,1,1,1,1,1,4,4,4,1,1,1,1,1,1,1,1,4,1,1,1,1,1,1
24,591,30,14,269,17,70,486,657,938,3,100,384,938,3,3062,12,6,188,13,3399,13,5545,3,5,15,30,7,15,2588,13,1911 1,1,1,1,1,1,1,1,1,1,1,1,1,1,1,1,1,1,1,1,1,1,1,1,1,1,1,1,1,1,1,1
206,30,5,150,30,4,18,21,238,12,6,80 1,1,1,1,1,1,1,1,46,46,46,46
18,109,31,728 1,1,1,1
18,14,15,919,17783,3,245,1272 1,1,1,1,1,1,1,1
18,21,15,150,30,7,71 1,1,1,1,1,1,1
395,122,385,55,17,6,2502,7,6,402,7,6,28,82,30,158,15,916,1003,7,39 1,1,1,1,1,1,1,1,1,1,1,1,1,1,1,1,1,1,1,1,1
102,101,4,316,205,4,807,15456,3,133,1914,3,1481,581,3,63,94,36185 1,1,1,1,1,1,1,1,1,1,1,1,1,1,1,1,1,1
1133,1045,14,2060,42,19,702,737 1,1,1,1,1,1,1,1
6,28,14,62,980,3,410,3,2274,522,3,787,3,6571,3,12,11,199,342 1,1,1,1,1,1,1,1,1,1,1,1,1,1,1,1,1,1,1
114,4,24,101,14,372,1703,17,6,70,194,114,75,111,93,5,1111,225,6,4828,7,24,70,322 1,1,1,1,1,1,1,1,1,1,1,1,1,1,1,1,1,1,1,1,1,1,1,1
40,912,467,225,6,15293,618,5,467,7038,6,1683,1385,7,24,322,225,6,413,7,6,3730,5,6,649,7,6,415 1,1,1,1,1,1,1,1,1,1,1,1,1,1,1,1,1,1,1,1,1,1,1,1,1,1,1,1
19,6,1683,1385,7,6,322,998,6,2287,415,3,74,14,62,548,7,196,84,75,14,244,246 1,1,1,1,1,1,1,1,1,1,1,1,1,1,1,1,1,1,1,1,1,1,1
74,14,15,9309,1706,197,37,14,244,3673 1,1,1,1,1,1,1,1,1,1
92,14,31,12214 1,1,1,1
74,14,11,1280 1,1,1,1
92,197,10,52,6,548,834,6,4172,20,7817 1,1,1,1,1,1,1,1,1,1,1
6,2502,7,6,322,14,416,3673,3,2886,3,5,246 1,1,1,1,1,1,1,1,1,1,1,1,1
24,133,57,433 1,1,1,1
18,21,232,3183,878,3,5,691,1008,14,204 1,1,1,1,1,1,1,1,1,1,1
24,1346,14,152,5,396 1,1,1,1,1,1
395,122,6,385,55,17,6,2502,7,6,402,7,6,102,101 1,1,1,1,1,1,1,1,1,1,1,1,1,1,1
172,7,40,28,12,6,318,499,158,457,264 1,1,1,1,1,1,1,1,1,1,1
40,14,15,71,28,13,322,1266,507,10,15,774,19,6,1683,1385,7,24,322 1,1,1,4,1,1,1,1,1,1,1,1,1,1,1,1,1,1,1
7,55,3,18,98,14,7880,10,5484,1599,35,18,6321,105 1,1,1,1,1,1,1,1,1,1,1,1,1,1
457,172,4,18,38,457,264,582,75,111,15,696,63,763,785,7,12922,29,824,6121,29,1281,36186,24,1348,158,345,57,401,27,6,85,7,40,533 1,1,1,1,1,1,1,1,1,1,1,1,1,1,1,1,1,1,1,1,1,1,1,1,1,1,1,1,1,1,1,1,1,1,1
340,1598,12,230,4,247,902,20,564,3,5,6,28,20,343,13,247,907,7,2404,5,3846 1,1,1,1,1,1,1,1,1,1,1,1,1,1,1,1,1,1,1,1,1,1
603,505,4,70,322,1266 1,1,1,1,1,1
566,9,158,534,748,261,8,4,24,747,198,331,3,64,6974,3,121,749,24,169,10,24,953,12,6,318,499,20,732 1,1,1,1,1,1,1,1,1,1,1,1,1,1,1,1,1,1,1,1,1,1,1,1,1,1,1,1,1
6,28,14,52,162,10,6,207,39,594 1,1,1,1,1,1,1,1,1,1
395,122,6,385,55,17,6,2502,7,6,402,7,6,28,82,112 1,1,1,1,1,1,1,1,1,1,1,1,1,1,1,1
1218,36187,9968,9329,3,107 1,1,1,1,1,1
17784,36188,36189,533,43,4,9968,9329,3,107 1,1,1,1,1,1,1,1,1,1
17784,250,31,81,43,262,331,250 1,1,1,1,1,1,1,1
