67,54,4,36254,36255,3,36256,3,3895,730,234,4,161,315,667,3,70,489,34 1,1,1,1,1,1,1,1,1,1,1,1,1,1,1,1,1,1,1
50,749,6,28,13,64,4534,36257 1,1,1,1,1,1,1,1
395,122,23,55,17,268,402 1,1,1,1,1,1,1
50,660,37,50,46,1187,5,101,6,28,3,81,6,385,82,607,3,5,235,6,172,3,104,7,198,3,5,566,13,6,28 1,1,1,1,1,1,1,1,1,1,1,1,1,1,1,1,1,1,1,1,1,1,1,1,1,1,1,1,1,1,1
30,7,61,328,4,6,28,14,15,4030,522,121,61,139,1940,3513,5,96,27,285,89,5,2129,24,5019 1,1,1,1,1,1,1,1,1,1,1,1,1,1,1,1,1,1,1,1,1,1,1,1,1
11,314,7,2778,3,11,555,3,11,678,84,3,11,473,26,194,114,3,2313,26,323 1,1,1,1,1,1,1,1,1,1,1,1,1,1,1,1,1,1,1,1,1
18,2304,8781,24,70,489,3,14,640,223,34,27,37,548 1,1,1,1,1,1,1,1,1,1,1,1,1,1
11,741,323,3,11,136,34,3,11,188,34,3,11,48,34,3,226,7,184,3,11,7096,34 1,1,1,1,1,1,1,1,1,1,1,1,1,1,1,1,1,1,1,1,1,1,1
80,39,30,4,106,3,71,3,776,3,604,3,5,2759 1,1,1,1,7,1,4,1,15,1,1,1,1,1
39,4,137,19,1884,3,1895,3,218,3,2373,3,5,203 1,1,1,1,8,1,20,1,13,1,1,1,1,11
127,4,11,374,127,206,30,4,175,1308,135,65,1095,5,109,31,728 1,1,1,1,1,1,1,1,18,18,18,18,18,1,1,1,1
18,90,247,357,157 1,1,1,1,1
18,245,1272 1,1,1
150,30,4,2101 1,1,1,1
81,7,182,4,35,135,385,82,55,5,808,282 1,1,1,1,1,1,1,1,1,1,1,1
102,101,4,18,14,980,3,410,3,5,4383,51,109,197,3040 1,1,1,1,1,1,1,1,1,1,1,1,1,1,1
1130,3,316,205,57,639,17,15,63,94,7,36258,3,718,1045,1035,42,19,702,737,3,386,156,581,3,5,133,5408,227,77,4,1172,5,1121 1,1,1,1,1,1,1,1,6,6,6,6,1,1,1,1,1,1,1,1,1,1,1,1,1,1,1,1,1,1,1,1,1,1
11,1114,246 1,1,1
11,875,1080,246,12,6,1017 1,1,1,1,1,1,1
155,4,91,574 1,1,1,1
11,16464,1080,246,12,6,1017 1,1,1,1,1,1,1
130,4,145,156,5,239 1,1,1,1,1,1
214,4,152,3,396,3,5,1763 1,1,1,1,1,1,1,1
24,70,489,37,14,2066,43,24,518,3,18,21,10066,246,3,775,10,2145,1170,92 1,1,1,1,1,1,1,1,1,1,1,1,1,1,1,1,1,1,1,1
18,21,204,1797,1093,511,3,296,628,12,24,666,5,951 1,1,1,1,1,1,1,1,1,1,1,1,1,1
410,5,642,1200 1,1,1,1
44,1626,5,1246 1,1,1,1
318,499,438,4,6,28,1377,18,2129,24,5019,109,31,46,205,26,116,508,7,15912,1373 1,1,1,1,1,1,1,1,1,1,1,1,1,1,1,1,1,1,1,1,1
50,191,31,190,18,160,689,693,18,21,34,12,24,489 1,1,1,1,1,1,1,1,1,1,1,1,1,1
18,14,980,5,410,5,2730,664,999 1,1,1,1,1,1,1,1,1
18,21,11,875,1080,246,12,6,1017 1,1,1,1,1,1,1,1,1
18,242,46,3914,1793,7,24,70,489,37,111,6747,822,7,6,70,3721,858,6,591,136,3,1470,36259,3,5507,136,13,2004,2507,443,11072 1,1,1,1,1,1,1,1,1,1,1,1,1,1,1,1,1,1,1,1,1,1,1,1,1,1,1,1,1,1,1,1
18,98,38,15,48,738,37,111,128,131,350,354,817 1,1,1,1,1,1,1,1,1,1,1,1,1
6,28,38,3542,1018,149,37,158,456,2152,3,592,1888,3,835,2073,3,3353,279,3,392,125,3,347,1932,3,345,11531,5,512,1079,696,785,7,1651,3,824,2632,3,5,1281,785,36260,2621,630,44,406 1,1,1,1,1,1,1,1,1,1,1,1,1,1,1,1,1,1,1,1,1,1,1,1,1,1,1,1,1,1,1,1,1,1,1,1,1,1,1,1,1,1,1,1,1,1,1
6,28,41,52,162,10,6,2889,164 1,1,1,1,1,1,1,1,1
119,41,144,1251,138,24,696,785 1,1,1,1,1,1,1,1
7,55,3,18,242,46,24,1154,464,401 1,1,1,1,1,1,1,1,1,1
505,4,70,489,822,161,315,1940,667 1,1,1,1,1,1,1,1,1
566,4,162,10,3125 1,1,1,1,1
534,4,211 1,1,1
18,41,98,52,343,17,1943,3,75,14,98,1033,505 1,1,1,1,1,1,1,1,1,1,1,1,1
497,6867,3,3895,229,487,4,17794,292,4,17794,533,43,4,6867,3,3895,746,36261,1608,250,31,81,43,262,331,250 1,1,1,1,1,1,1,1,1,1,1,1,1,1,1,1,1,1,1,1,1,1,1,1,1,1,1
