67,54,4,36355,262,162,55,12663,5992,509,47,17818,451,4,36356,36357,3,229,436,599,4,7715,4500,726,4,296,54,7,162,4,12664,730,234,4,70,322,34,30,7,61,328,4,2253,379,498,13,403,7,151,604,121,61,10,6,230,13,70,322,34 1,1,1,1,1,1,1,1,1,1,1,1,1,1,1,1,1,1,1,1,1,1,1,1,1,1,1,1,1,1,1,1,1,1,1,1,1,1,1,1,1,1,1,1,1,1,1,1,4,1,1,1,1,1,1,1,1,1,1
16,55,484,63,7494,19,70,2163,415,36,3314,183,5,20,221,12,230 1,1,1,1,1,1,1,1,1,1,1,1,1,1,1,1,1
16,20,781,163,19,930 1,1,1,1,1,1
99,421,3,70,2163,415,20,1879,3,13,1111,19,1990,415,35,60,3,13,899,10,4828,7,322 1,1,1,1,1,1,1,1,1,1,1,1,1,1,1,1,1,1,1,1,1,1,1
11,403,7,1297,10,322 1,1,1,1,1,1
230,438,4,221,43,591,278,12,230 1,1,1,1,1,1,1,1,1
420,4538,5,120,3375,82 1,1,1,1,1,1
1845,774,198,13,7890 1,1,1,1,1
80,39,30,4,71,33,604,3,560,398,3047,42,19,36358 1,1,1,1,4,1,1,1,16,16,16,16,16,16
1363,10627,1383,33,565,961,12,336,8249,699,1229,70,1404,283,33,95,124,36359,33,36360,17,283,13,4732,127,4,1846,33,361,1896,39,4,930,231,22,305,622,108,22,32,1088,755,22,32,2079,1223,150,30,4,206,30,4,329,699,157,81,7,182,4,11,36361,3,11,529,3,11,307 1,1,1,1,1,1,1,1,1,18,18,1,1,1,1,1,1,1,1,1,1,1,1,1,1,1,1,1,1,1,1,1,1,1,1,1,21,1,1,1,13,1,1,1,1,1,1,1,1,1,1,1,18,18,18,1,1,1,1,1,1,1,1,1,1,1,1
102,101,316,205,4,36362,36363,36364,15559,1183,42,36365,207,197,4,6683,12,859,12,480,227,4,1536,3,1852,3,1239,91,196,4,617,3,683,136,4,11,309,3,11,222,3,11,879,155,4,751,3,11,16702,130,4,455,3,13684,3,11,1099,214,4,152,3,2098,3,1289,3,114,4,5121,133,783,3,11,93,3,70,4828,7,322,2886,3,70,2163,415,1879,3,70,1990,415,685,352,4,377,511,10,691,1008,19,394,764,3,376,2214,36366,161,4,15,78,1117,1200,3,779,77,4,1493,1356,154,4,430,456,2152,1305,351,430,663,2906,1276,351,430,835,231,1310,351,430,1072,1658,6123,1450,351,430,1800,2061,625,1311,219,430,347,2042,1601,219,430,345,5247,83,1359,219,349,3968,1312,524,333,36367,59,1977,42,560,3701,2119,1451,536,5386,1589,1381,653,1996,1360,1227,795,4029,1424,42,1542,586,1739,42,577,125,59,1786,42,847,615,1740,42,63,587,123,117,193,36368,774,1898,401,339,4,2253,379,358,13,71,604,5,1969,2163,70,415,13,1266 1,1,1,1,1,1,1,1,1,1,1,1,1,1,1,1,1,1,1,1,1,1,1,1,1,1,1,1,1,1,1,1,1,1,1,1,1,1,1,1,1,1,1,1,1,1,1,1,1,1,1,1,1,1,1,1,1,1,1,1,1,1,1,1,1,1,1,1,1,1,1,1,1,1,1,1,1,1,1,1,1,1,1,1,1,1,1,1,1,1,1,1,1,1,1,1,1,1,1,1,1,1,1,1,1,1,1,1,1,1,1,1,1,1,1,1,1,1,1,1,1,1,1,1,1,1,1,1,1,1,1,1,1,1,1,1,1,1,1,1,1,1,1,1,1,1,1,1,1,1,1,1,1,1,1,1,1,1,1,1,1,1,1,1,1,1,1,1,1,1,1,1,1,1,1,1,1,1,1,1,1,1,1,1,1,1,1,1,1,1,1,1,1,1,1,1,1,1,1,1,1,1,1,1,1,1,1,1,1,1,1,1,1,1,1,1,1
104,4,176,322,283,4,3821,96 1,1,1,1,1,1,1,1
774,198,5,4538,35,356 1,1,1,1,1,1
120,3375,82,401 1,1,1,1
178,644,4,740,13,126,252 1,1,1,1,1,60,60
429,154,3,134,934,3,368,52,582,35,1201 1,1,1,1,1,1,1,1,1,1,1
740,13,126,236,141,22,32 1,1,47,47,1,1,1
195,151,4,740,13,1494,1088,17,71,1383 1,4,1,1,1,1,13,1,1,1
237,118,228,7,622,10,108,22,69 1,1,1,1,21,1,1,1,1
96,366 1,1
253,1120,4,63,1898,3,774,1898 1,1,1,1,1,1,1,1
4538 1
1237,2185,134,1936 1,1,1,1
4120,2446,999,27,40,85 1,1,1,1,1,1
346,2623,4,740,13,16196,278 1,1,1,1,1,1,1
460,699,1229,4,740,13,2041,7,238,2389 1,18,18,1,1,1,1,1,1,1
941,10,64,4342,17,235,13,28 1,1,1,1,1,1,1,1
41,235,3753,13,28 1,1,1,1,1
2929,3142,7686,3,107 1,1,1,1,1
7715,4500,7016,710,36369 1,1,1,1,1
