67,54,4,36429,281,4324,36430,55,79,4,4540,3,11241,509,47,17822,162,54,4,36431,262,4,36432,36433,4109,4,385,4,36434,36435,816,36436,8223,281,4,4062,3350,451,4,1085,4,28,3,940,730,234,4,514,467,30,7,61,328,4,2008,832,514,467,12,23,3538,139,2524,1005,11,2730,10,2174,454 1,1,1,1,1,1,1,1,1,1,1,1,1,1,1,1,1,1,1,1,1,1,1,1,1,1,1,1,1,1,1,1,1,1,1,1,1,1,1,1,1,1,1,1,1,1,1,1,1,1,1,1,1,1,1,1,1,1,1,1,1,1,1,1,1,1,1,1,1
1766,514,28,1226,6365,5,4934,36437,3,6621,6365,7084,36438,3,1647,19,188,7,413,3,1157,7,336,5,554 1,1,1,1,1,1,1,1,1,1,1,1,1,1,1,1,1,1,1,1,1,1,1,1,1
2735,12051,464,19,36439 1,1,1,1,1
39,30,4,1957,151,142,1619,763,1530,2915,813,3159,3412,4,400,2713,12,6,53,412,66,3159,432,36440,43,64,36441 1,1,1,1,4,7,1,1,1,1,1,1,1,1,1,1,1,1,1,1,1,1,1,1,1,1,1
5,64,12477 1,1,1
330,604,1416,4569,4,64,13392,8657 1,1,1,1,1,1,1,1
798,17603,39,4,203,9,947,478,8,1026,45,5989,49,36,45,9,73,8,25,32,3,1253,9,906,8,36,568,25,32,274,672,45,49,36,45,9,73,8,25,32,1807,686,45,49,36,45,9,73,8,25,69,780,9,913,8,799,45,49,829,45,9,73,8,25,32,348,3345,45,49,36,45,9,73,8,25,69,236,9,800,8,647,9,515,45,8,25,32,123,388,65,127,4,790,206,30,4,245,1272 1,1,1,1,11,1,1,1,1,1,1,1,1,1,1,1,1,1,1,1,1,1,1,1,1,1,1,1,1,9,1,1,1,1,1,1,1,1,1,1,13,1,1,1,1,1,1,1,1,1,1,28,1,1,1,1,1,1,1,1,1,1,1,1,1,17,1,1,1,1,1,1,1,1,1,1,12,1,1,1,1,1,1,1,1,1,1,1,1,1,1,1,1,1,1,1,1,1
636,920,3,11,5705 1,1,1,1,1
5774,858,12,198 1,1,1,1
919 1
334,238,87,183 5,5,5,5
150,30,4,31,4458,81,7,182,4,230,438,4,967,1618,36442,125,2060,42,1467,36,59,1909,3,613,755,329,108,329,108,247,3,613,279,22,25,3,36,59,36443,3,2689,501,247,3,4639,501,247,77,4,701,4,853,2019,36444,36445,1137,658,814,4,2422,3,17452,3,480,227,4,108,632,1368,19,9396,3,11,36446,412,26,5480,5152 1,1,1,1,1,1,1,1,1,1,1,1,1,1,1,1,1,1,1,1,1,1,1,9,1,1,1,1,1,1,1,9,1,1,1,1,1,1,1,1,1,1,1,1,1,1,1,1,1,1,1,1,1,1,1,1,1,1,1,1,1,1,1,1,1,1,1,1,1,1,1,1,1,1,1,1,1,1
6471,1561,1313,136,4,332,3,11,309,155,4,4399,588,3,11,1065,188,4,396,130,4,3213,3,11,213,362,4,152,3,952,3,1465,3,6052,588,1309,4,1859,12,469,779,4,1714,4,11,93,3,6471,1226,415,3,36447,3194,3,3087,9465,19,415,352,4,980,5,642,3,535,13,9421 1,1,1,1,1,1,1,1,1,1,1,1,1,1,1,1,1,1,1,1,1,1,1,1,1,1,1,1,1,1,1,1,1,1,1,1,1,1,1,1,1,1,1,1,1,1,1,1,1,1,1,1,1,1,1,1,1,1,1,1,1,1,1,1,1,1,1
9582,12,394,2363,187,442,442,59,3,775,10,2839,187,248 1,1,1,1,1,1,1,1,1,1,1,1,1,1
10546,708,187,2724,3,217 1,1,1,1,1,1
196,4,532,4,1290,4,6435,4008,705,2375,592,1853,869,2616,769,6653,392,1217,9,83,8,888,2679,9,83,8,870,6098,9,83,8,399,4114,1179,2249,22,2845,9,83,8,1077,829,1791,1701,1506,3838,1388,2592,9,59,8,1938,2982,9,83,8,2967,2616,9,83,8,2289,2628,1565,4411,9,83,8,1527,853,9,83,8,1566,547,1077,829,1791,1701,36448,6435,6435,6435,6435,4169,36449,13674,10312,4008,897,36450,9,83,8,36451,9,83,8,1336,5070,9,83,8,122,402,3766,1715,2340,72,3169,2873,3058,1185,4,6435,36452,349,4178,9,83,8,734,36453,560,4959,333,12261,653,1942,786,6518,823,5555,536,17767,795,4029,42,1209,1942,9,83,8,42,577,117,9,59,8,42,847,210,42,830,519,42,864,519,79,4651,9,83,8,1067,6298,1425,4,6435,6435,5929,10312,2452,72,2635,565,2920,442,6605,2372,122,402,1838,1944,6106,122,402,2453,72,1886,72,5714,492,3786,1323,7945,2936,3354,4890,3186,4488,3355,493,3676,72,36454,493,17010,493,808,6753,4,4183,1592,3,11,3359,3,6205,3,742,63,3,2639,1944,3,1508,961,3,11,3568,3,565,7155,336,3996,4,36455,1677,3,9902,2567,3,4710,3,7773,9,11,36456,8,3,3933,3,3599,9205,763,689,4,506,5865,1353,5497,33,4871,618,76,3,6196,12,187,155,1503,241,413,33,717,4421,696,3018,5585,5,3791,548,7,266,2048,12,6,1672,696,3018,7,6,4670,5908,4097,5,16590,4738 1,1,1,1,1,1,1,1,1,1,1,1,1,1,1,1,1,1,1,1,1,1,1,1,1,1,1,1,1,1,1,1,1,1,1,1,1,1,1,1,1,1,1,1,1,1,1,1,1,1,1,1,1,1,1,1,1,1,1,1,1,1,1,1,1,1,1,1,1,1,1,1,1,1,1,1,1,1,1,1,1,1,1,1,1,1,1,1,1,1,1,1,1,1,1,1,1,1,1,1,1,1,1,1,1,1,1,1,1,1,1,1,1,1,1,1,1,1,1,1,1,1,1,1,1,1,1,1,1,1,1,1,1,1,1,1,1,1,1,1,1,1,1,1,1,1,1,1,1,1,1,1,1,1,1,1,1,1,1,1,1,1,1,1,1,1,1,1,1,1,1,1,1,1,1,1,1,1,1,1,1,1,1,1,1,1,1,1,1,1,1,1,1,1,1,1,1,1,1,1,1,1,1,1,1,1,1,1,1,1,1,1,1,1,1,1,1,1,1,1,1,1,1,1,1,1,1,1,1,1,1,1,1,1,1,1,1,1,1,1,1,1,1,1,1,1,1,1,1,1,1,1,1,1,1,1,1,1,1,1,1,1,1,1,1,1,1,1,1,1,1,1,1,1,1,1,1,1,1,1,1,1,1,1,1,1,1,1,1,1,1,1,1,1,1,1,1,1
74,57,100,1903,5,216,120,1926,221 1,1,1,1,1,1,1,1,1
241,362,9,36457,8,33,422,9650,296,19,6,53,1526,19,3396,7,2674,7,6,70,518,10604,507,10,486,657,4478,19,6,70 1,1,1,1,1,1,1,1,1,1,1,1,1,1,1,1,1,1,1,1,1,1,1,1,1,1,1,1,1,1
2622,1988,2413,27,6,70,649 1,1,1,1,1,1,1
1920,84,7,6,1080,13,36458,7,3393,225,3718,177,4,7739,13,2810,2494,27,231,36459,1815,339,4,2008,832,514,467,33,667,550,46,68,1940,3,6710,3,5282,76,3,103,2117,26,735,76,3,5,557,19,1109,517,7,1460,3536,12262,3,413,1373,66,667,3,419,13,323 1,1,1,1,1,1,1,1,1,1,1,1,1,1,1,1,1,1,1,1,1,1,1,1,1,1,1,1,1,1,1,1,1,1,1,1,1,1,1,1,1,1,1,1,1,1,1,1,1,1,1,1,1,1,1,1,1,1,1,1,1,1,1
16,20,1157,7,336,5,554,3,693,1157,208,46,68,62,1889,147 1,1,1,1,1,1,1,1,1,1,1,1,1,1,1,1
1834,166,3,132,13,1353 1,1,1,1,1,1
102,77,479,17,419,13,187,248,323,3,2570,2471,5,3622 1,1,1,1,1,1,1,1,1,1,1,1,1,1
104,4,176,611,33,4797,3,1165,3,679,17,419,3,2138,17,36460,4607,178,301,1975,33,713,3,972,3,177,852,242,31,2072,10,610,26,1895,3,41,2660,1819,3,2318,887,610,25,195,1353,33,166,1834,3,343,13,4639,3,2689,3,2681,1092,253,153,371,33,166,4370,3,693,4243,77,1287,6860 1,1,1,1,1,1,1,1,1,1,1,1,1,1,1,1,1,1,1,1,1,1,1,1,1,1,1,1,1,1,1,9,1,1,1,1,1,1,1,1,1,9,1,1,1,1,1,1,1,1,1,1,1,1,1,1,1,1,1,1,1,1,1,1,1,1,1,1,1
36461,284,3,693,897,82,344,15053,852,343,13,633,13321,669,426,816,523,3,122,922,12,819,1028,1034,1697,3,1034,36462,1159,153,1186,134,31,6343,346,151,33,1825,3,659,348,460,2422,33,852,208,265,13,516,7,411,1028,3072,608,3,4714,167,652,1155,852,676,521,3372,69,1028,815,125,32,2929,4062,3350,3,229,36463,11497,710,36464 1,1,1,1,1,1,1,1,1,1,1,1,1,1,1,1,1,1,1,1,1,1,1,1,1,1,1,1,1,1,1,1,1,1,1,4,1,1,1,1,17,1,1,1,1,1,1,1,1,1,1,1,1,1,1,1,1,1,1,1,1,1,1,1,1,1,1,1,1,1,1,1,1,1,1,1,1
