67,54,4,36568,36569,1422,281,168,55,28,4,7446,3,7241 1,1,1,1,1,1,1,1,1,1,1,1,1,1
509,4,17829,162,54,4,36570,451,4,14925,726,161,4,296,726,28,732,4,426,4,590,282,4,40,14,15,1594,522,13,674,173,17,142,3,151,3,1626,935,17830,3,567,3446 1,1,1,1,1,1,1,1,1,1,1,1,1,1,1,1,1,1,1,1,1,1,1,1,1,1,1,1,1,1,1,1,7,1,4,1,1,1,1,1,1,1
121,61,10,6,2247,13,590,5,148,12,6,4794 1,1,1,1,1,1,1,1,29,29,29,29
1427,10,6,28,3,18,38,365,63,94,17,87,37,20,60,179,1427,10,24,115,4519,2806,3,186,18,1261,24,2877,5,550,31,2050,12,24,1581 1,1,1,1,1,1,1,1,1,1,1,1,1,1,1,1,1,1,1,1,1,1,1,1,1,1,1,1,1,1,1,1,1,1,1
12,2806,7,40,87,3,6,28,488,49,88,148,254,115,4519,18,38,15,112,13,24,1326,757,75,514,24,148,10,52,12,6,4794,781,24,10,2247,3,677,179,24,148,5,781,24,319,19,610,215,69,3,5,218,141,22,32 1,1,1,1,1,1,1,1,1,1,1,1,1,1,1,1,1,1,1,1,1,1,1,1,1,1,1,1,1,1,1,1,1,1,1,1,1,1,1,1,1,1,1,1,1,1,9,1,1,1,1,13,1,1,1
139,75,3,6,28,38,15,3513,10,8107,5,2832,319,7,24,39,58,65,36571,10,24,369 1,1,1,1,1,1,1,1,1,1,1,1,1,1,1,1,1,1,1,1,1,1
186,18,369,223,15,3314,183,6,28,61,10,2247,517,7,1033,255,7,106,318,3,17,75,3,18,20,982,13,15,96,115,13,175,7,6,10443,8981 1,1,1,1,1,1,1,1,1,1,1,1,1,1,1,1,1,1,1,1,1,1,1,1,1,1,1,1,1,1,1,1,1,1,1,1
28,550,31,299,62,987,597,525,40,129,3,5,18,20,46,15,190,7,590,89,3,470,18,454,24,3282,757,75,175,312,85,514,24,10,52,12,6,4794,5,781,24,10,6,2247 1,1,1,1,1,1,1,1,1,1,1,1,1,1,1,1,1,1,1,1,1,1,1,1,1,1,1,1,1,1,1,1,1,1,1,1,1,1,1,1,1,1,1,1
19,579,4,28,90,88,1636,3,84,12,889,3,36572,3,375,3,48,34,3,418,3,307,3,362,34,3,611,3,418,3,95,655,84,3,84,12,24,326,26,798,1215 1,1,1,1,1,1,1,1,1,1,1,1,1,1,1,1,1,1,1,1,1,1,1,1,1,1,1,1,1,1,1,1,1,1,1,1,1,1,1,1,1
313,18,109,768,190,590,3,255,7,3174,3,30,7,841,2053,6049,186,18,2970,13,174,6004 1,1,1,1,1,1,1,1,1,1,1,1,1,1,1,1,1,1,1,1,1,1
11,190,7,2601,26,1585 1,1,1,1,1,1
318,702,438,4,12,6,2247,3,6,148,20,36573,3,364,4,388,3,36574,3,2573,231,42 1,1,1,1,1,1,1,1,1,6,6,6,29,1,1,1,1,1,1,1,1,1
6,28,370,647,7,613,247,5,5,686,25,17,75,24,148,38,673,922 1,1,1,1,1,9,1,1,1,1,1,1,1,1,1,1,1,1
18,98,370,125,22,7,247,1893,286,2022,25,1396,139,75,24,63,94,20,467,10,6,9209,3,286,92,126,2429,188,115,10,6,4794,17,75,18,370,1033,141,22,247,3,6,6276,1164,6,28,1344,20,36575 1,1,1,1,1,1,1,9,1,1,1,1,1,1,1,1,1,1,1,1,1,1,1,1,1,1,1,1,1,1,1,1,1,1,1,1,1,1,1,1,1,1,29,29,29,29,29,29,6
6,28,20,98,138,15,462,22,252,3,5,6,671,58,103,898,143,72 1,1,1,1,1,1,1,1,52,1,1,1,1,1,1,1,1,1
422,10,15,356,177,3,6,2247,177,111,1552,2575,12,2773,5,2445 1,1,1,1,1,1,1,1,1,1,1,1,1,1,1,1
674,4,151,11,165,606 1,1,4,1,48,1
142,1626,935,567,3446,39,19,168,36576,2256,69,3072,231,22,276,610,215,22,69,218,515,32,930,501,276,127,4,790,150,30,4,142,3,151,3,212,206,30,4,102,77,4,1109,4,523,4,1000,148,4,36577,1207,4,36578,4,581,50,78,1071,29,1117,4,12,319,814,4,480,36579,15,78,1071,29,8081,227,4,863,665 7,1,1,1,1,1,1,1,17,1,1,1,1,1,1,9,1,1,1,13,1,1,1,1,1,1,1,1,24,24,24,7,24,4,24,24,1,1,1,1,1,1,1,1,1,1,1,6,6,6,1,1,1,1,1,1,1,1,1,1,1,1,1,1,1,1,1,1,1,1,1,1,1,1,1,1
818,683 1,1
11,12653 1,1
136,4,5797,952,3,11,222,3,910,917,3,11,638,48,4,17354,103,4,455 1,1,1,1,1,1,1,1,1,1,1,1,1,1,1,1,1,1,1
409,2744,11,9318,3,44,304 1,1,1,1,1,1,1
11,36580,36581 1,1,1
362,4,5734,3,11,777,240,3,11,1128,3,11,222,3,11,777,2143 1,1,1,1,1,1,1,1,1,1,1,1,1,1,1,1,1
531,4,133,5121,675,3,3613,36582,3,11,93,3,329,1677,36583,3,3194,44,3,97,743,3,750,3,26,1966 1,1,1,1,1,1,1,1,1,1,1,1,1,1,1,1,1,1,1,1,1,1,1,1,1,1
196,4,409,13166,3,11,243,26,277 1,1,1,1,1,1,1,1,1
352,4,33,410,3,642,1200 1,1,1,1,1,1,1
91,942 1,1
33,1411,1093,1544,204,43,2976,3877 1,1,1,1,1,1,1,1
33,11,448,656,221 1,1,1,1,1
33,3321,3,36584,3,675 1,1,1,1,1,1
2993,193 1,1
33,204,1008,5,3410,3894 1,1,1,1,1,1
409,670,628 1,1,1
1693,204 1,1
149,4,1840,2912,680,5745,2628,5994,13141,36585,36586,36587,3810,3529,9793,171,1251,4,2585,1706,3606,416,2452,72,72,193,2736,193,2635,72,72,193,2920,6205,4091,3785,2372,72,72,193,1838,2482,3054,539,6106,72,72,193,3185,193,2453,72,72,193,1886,122,402,122,402,565,3786,72,1323,3354,1323,1323,1323,3186,4890,2936,1323,3355,493,72,7423,61,3676,493,72,493,8253,493,103,4,193,123,58,33,3875,292,4,33,1336,4,33,1905,4,177,4,382,3,1562,3,1743,985,3,301,1552,2575,12,14801,36588,10,15,3314,183 1,1,1,1,1,1,1,1,1,1,1,1,1,1,1,1,1,1,1,1,1,1,1,1,1,1,1,1,1,1,1,1,1,1,1,1,1,1,1,1,1,1,1,1,1,1,1,1,1,1,1,1,1,1,1,1,1,1,1,1,1,1,1,1,1,1,1,1,1,1,1,1,1,1,1,1,1,1,1,1,1,1,1,1,1,1,1,1,1,1,1,1,1,1,1,1,1,1,1,1,1,1,1,1,1,1,1,1,1,1,1,1,1,1,1,1
192,78,1071,29,104,4,1594,379,522,13,106,318,3,590,3,5,6993,3,11,174,17277 1,1,1,1,1,1,1,1,1,1,1,1,1,1,1,1,1,1,1,1,1
177,13,301,804,2575,12,525,1036,5,72,103,898 1,1,1,1,1,1,1,1,1,1,1,1
7885,106,318,4,28,370,58,2693,4584,19,1109,13,11,377,12,148 1,1,1,1,1,1,1,1,1,1,1,1,1,1,1,1
515,247,36589,1344,24,467,10,6,36590 1,1,1,1,1,1,1,1,1
839,14,963,36591,41,126,9886,25,378,305,5,4098,1801,25,5,1550,115,10,148,839 1,1,1,1,1,72,72,1,1,1,9,9,1,1,1,1,1,1,1,1
10,1515,839,8248,36592,4,3106,223,507,36593,7,142,3,414,36594,258,26,36595,771 1,1,1,1,1,1,1,1,1,1,1,7,1,1,1,1,1,1,1
41,144,62,9226,1127,4034,10,36596,1538,3,41,98,144,15,2899,336,10,430,2896,41,144,1998,6270,17,11061,3,5,900,2987,336,17,7503,3,1697,3,36597,3,6270,10,144,17,14373,5,36598 1,1,1,1,1,1,1,1,1,1,1,1,1,1,1,1,1,1,1,1,1,1,1,1,1,1,1,1,1,1,1,1,1,1,1,1,1,1,1,1,1,1,1,1
41,299,15,2138,10,172,17,153,120,260 1,1,1,1,1,1,1,1,1,1
8248,1626,935,4,11,308,5068,3,41,86,13,3072 1,1,1,1,1,1,1,1,1,1,1,1
9617,151,4,165,1315,1024,3,892,951,2587 1,4,1,48,48,48,1,1,1,1
9364,1091,4,336,13,349,3,367,126,1999,4049,1200,65 1,1,1,1,1,1,1,1,1,1,1,1,1
8274,3510,4,2393,521 1,1,1,1,1
1265,12198,266,107 1,1,1,1
36599,414,3,710,47 1,1,1,1,1
