67,54,4,17843,10205,318,1141,112,4749,3,5577,3,6441 1,1,1,1,1,1,1,1,1,1,1,1,1
12666,112,54,4,17844,6,28,20,221,5,101,12,6,318,499 1,1,1,1,1,1,1,1,1,1,1,1,1,1,1
6,28,20,221,43,6,318,297,385 1,1,1,1,1,1,1,1,1
50,46,235,6,355,13,6,385 1,1,1,1,1,1,1,1
50,46,98,221,6,28,2518,5,81,6,39,67 1,1,1,1,1,1,1,1,1,1,1,1
40,14,15,1922,2227,10,6,39,67 1,1,1,1,1,1,1,1,1
30,7,61,234,4,1656,3,40,14,15,12673,358,121,640,7,170,65,7,300,3,375,3,5,53,194,2168,453 1,1,1,1,1,1,1,1,1,1,1,1,1,1,1,1,1,1,1,1,1,1,1,1,1,1,1
16,98,768,855,48,34,3,75,16,21,38,17,15,1397,7,129,97,173,84 1,1,1,1,1,1,1,1,1,1,1,1,1,1,1,1,1,1,1
16,20,781,12,66,23,747,198,1622,89,13,40,34,5,20,98,55,10,46,128,177,84 1,1,1,1,1,1,1,1,1,1,1,1,1,1,1,1,1,1,1,1,1,1
6,28,21,11,48,34,27,6,85,7,172,12,6,318,499,5,11,226,7,184 1,1,1,1,1,1,1,1,1,1,1,1,1,1,1,1,1,1,1,1
81,7,182,4,35,934,5,376,72 1,1,1,1,1,1,1,1,1
80,39,30,4,35,934,12,6,940 1,1,1,1,1,1,1,1,1
206,30,5,150,30,4,35,934,12,6,940 1,1,1,1,1,1,1,1,1,1,1
102,101,4,19,102,101,3,6,28,14,244,2269,3,15,4011,3,244,787,767,12,11,199,342 1,1,1,1,1,1,1,1,1,1,1,1,1,1,1,1,1,1,1,1,1,1,1
6,63,94,14,17845,3,6,133,1490,3,5,6,807,4012,851 1,1,1,1,1,1,1,1,1,1,1,1,1,1,1
1172,5,1121 1,1,1
6,48,14,91,10,463 1,1,1,1,1,1
6,130,21,15,145,156,5,239 1,1,1,1,1,1,1,1
6,214,14,152 1,1,1,1
16,21,53,194,2168,246 1,1,1,1,1,1
16,98,3,7,55,19,612,101,3,21,15,152,213,75,16,631,16,21,38,159,4977 1,1,1,1,1,1,1,1,1,1,1,1,1,1,1,1,1,1,1,1,1
6,114,57,44 1,1,1,1
6,273,101,14,2657 1,1,1,1,1
340,1598,12,230,4,40,14,15,767,13,291,34,121,41,370,15,4557,570,10,826,319,2759 1,1,1,1,1,1,1,1,1,1,1,1,1,1,1,1,1,1,1,1,1,1
16,21,98,38,128,4346,563,84,19,23,177 1,1,1,1,1,1,1,1,1,1,1
16,14,4558,27,40,85 1,1,1,1,1,1
16,109,31,768,15,7745,380,1780,17,23,48,34,3,51,138,37,16,14,15,71,5,13,177,84,3,16,41,98,52,162,17,826,319,431 1,1,1,1,1,1,1,1,1,1,1,1,1,1,1,1,1,1,1,4,1,1,1,1,1,1,1,1,1,1,1,1,1,1
15,241,14,401,27,6,85,7,40,533 1,1,1,1,1,1,1,1,1,1
566,9,158,534,748,261,8,4,35,270 1,1,1,1,1,1,1,1,1,1
6,28,82,534,14,137,211 1,1,1,1,1,1,1
1218,17846,5970,6442,3,107 1,1,1,1,1,1
12674,17847,17848,533,43,4,5970,6442,3,107 1,1,1,1,1,1,1,1,1,1
12674,250,31,81,43,262,331,250 1,1,1,1,1,1,1,1
