67,54,4,17836,10205,2889,424,210,8729,3153,10206,3,3619,17837,10207,7018,3,107 1,1,1,1,1,1,1,1,1,1,1,1,1,1,1,1,1,1
4749,3,5577,6437,12666,1655,625,3,4976,17838,14,15,2470,87,302,320,1396,6438,624,767,121,14,510,17,278,43,64,5577,8730 1,1,1,1,1,1,1,1,1,1,1,1,1,1,1,1,1,1,1,1,1,1,1,1,1,1,1,1,1
223,15,113,183,16,5578,19,6,10208,27,163,5,2116,62,1373,10,23,53,595 1,1,1,1,1,1,1,1,1,1,1,1,1,1,1,1,1,1,1
16,20,221,27,17839,124,5,20,933,16,38,15,822 1,1,1,1,1,1,1,1,1,1,1,1,1
16,20,469,12,62,737,6439,5,1260,10,52,1355,140,4010,3,5,16,14,157,15,2343 1,1,1,1,1,1,1,1,1,1,1,1,1,1,1,1,1,1,1,1,1
16,14,425,17,1078,513 1,1,1,1,1,1
80,39,30,14,639,17,11,595,1373,356 1,1,1,1,1,1,1,1,1,1
16,21,15,30,7,71,5,391,1274 1,1,1,1,1,4,1,1,1
16,49,2566,3,4556,3,809,5,12667 1,1,1,1,20,1,17,1,21
16,14,98,96,43,64,3871,7744,17,62,2117 1,1,1,1,1,1,1,1,1,1,1
16,109,31,238 14,14,14,14
16,728,673 1,1,1
16,14,15,481,4750,27,3738,3739 1,1,1,1,1,1,1,1
19,101,89,16,21,416,246,7,6,53,595,223,939,10209,270,6,5579 1,1,1,1,1,1,1,1,1,1,1,1,1,1,1,1,1
6,5579,14,979,2004,26,525,13,11,6440,246,1275 1,1,1,1,1,1,1,1,1,1,1,1
4155,2471,5,1683,2471,14,97,34 1,1,1,1,1,1,1,1
74,14,11,173,474 1,1,1,1,1
74,57,11,128,196,84,13,128,381,5580,637 1,1,1,1,1,1,1,1,1,1,1
74,14,11,12668,246,637 1,1,1,1,1,1
11,574,34,14,55 1,1,1,1,1
11,10210,3,10211,26,2890,246,14,55 1,1,1,1,1,1,1,1,1
50,237,166,201,10,157,15,1862,12669,13,23,737,2567 1,1,1,1,1,1,1,1,1,1,1,1,1
16,14,157,15,2343,17,1127 1,1,1,1,1,1,1
23,738,191,31,111,15,639,822,1780,89,3,5,119,41,2033,6,1340,3504 1,1,1,1,1,1,1,1,1,1,1,1,1,1,1,1,1,1
50,237,166,201,10,1216,12,6,737,6439,13,6,12669 1,1,1,1,1,1,1,1,1,1,1,1,1
50,41,122,201,188,12,1062,113,17,81,27,6,12670,668 1,1,1,1,1,1,1,1,1,1,1,1,1,1
505,4,53,595,822 1,1,1,1,1
8731,10207,7018,3,107 1,1,1,1,1
17840,17841,426,4,5577,8730,3,107 1,1,1,1,1,1,1,1
3871,7744,3,107 1,1,1,1
1622,124,2891,1217,2344,563,10206,3,3619,12671,10207,7018,3,107 1,1,1,1,1,1,1,1,1,1,1,1,1,1
806,4,12672,825,4,17842,843,4,12672,250,31,81,43,262,331,250 1,1,1,1,1,1,1,1,1,1,1,1,1,1,1,1
