67,54,4,17849,1374,856,3,8732,3234,17850,3,107 1,1,1,1,1,1,1,1,1,1,1,1
281,39,1622,124,2891,10206,3,4156,12671,684,4,4749,3,5577,12675,47,4,10212,54,7,4157,4,17851,137,224,112,54,4,17852,882,3234,3,941,360,12,2608,17,1301,271,10,4013,12,6,39,198,7,293,5577,1028,4749,3,15,6443,358,28,13,169,5971,202,7,391,935,184,3,35,60,35,15,30,7,535,12,391,3,4751,5,936,5,118,871,495,2824,3,35,60,35,2391,182,39,534 1,1,1,1,1,1,1,1,1,1,1,1,1,1,1,1,1,1,1,1,1,1,1,1,1,1,1,1,1,1,1,1,1,1,1,1,1,1,1,1,1,1,1,1,1,1,1,1,1,1,1,1,1,1,1,1,1,1,1,1,1,1,1,1,1,1,1,1,1,1,1,1,1,1,1,1,1,1,1,1,1,1,1,1,1,1,1,1,1,1
30,7,61,328,4,35,360,1803,731,3,293,4749,121,722,15,30,7,535,7,391,4751,5,936,3,35,60,35,118,871,495,2824,3,21,55,62,1302,7,571,391,535,3,957,12,3505,424,13,23,314,7,23,551,66,1158,373,99,87 1,1,1,1,1,1,1,1,1,1,1,1,1,1,1,1,1,1,1,1,1,1,1,1,1,1,1,1,1,1,1,1,1,1,1,1,1,1,1,1,1,1,1,1,1,1,1,1,1,1,1,1,1,1,1,1
16,14,132,469,12,6,1974,2345,7,52,15,1513,3235,10,15,17853,723,5,15,12676,491,5,768,15,3620,7,23,137,4752,10213,7,15,481,4750 1,1,1,1,1,1,1,1,1,1,1,1,1,1,1,1,1,1,1,1,1,1,1,1,1,1,1,1,1,1,1,1,1,1
12,1409,3,293,4749,768,1410,19,1041,281,1863,75,21,10214,1194,8733,35,16,14,4158,10,23,150,2345,8734,10,163 1,1,1,1,1,1,1,1,1,1,1,1,1,1,1,1,1,1,1,1,1,1,1,1,1,1,1
16,768,15,30,7,855,3403,4159,51,14,5581,7,1149,1728,386,4978 1,1,1,1,1,1,1,1,1,1,1,1,1,1,1,1
16,14,5581,7,15,484,3872,408,194,2346,1009,234,75,208,4014,19,23,3004,10,417,26,4751,391 1,1,1,1,1,1,1,1,1,1,1,1,1,1,1,1,1,1,1,1,1,1,1
16,90,15,30,7,15,484,421,17854,408,1150,26,17855,239,1029,75,208,46,2825,15,3740,13,2519,10,1728,391,7746,26,391,535 1,1,1,1,1,1,1,1,1,1,1,1,1,1,1,1,1,1,1,1,1,1,1,1,1,1,1,1,1,1
16,90,15,30,7,1923,448,2710,26,424,12677,116 1,1,1,1,1,1,1,1,1,1,1,1
293,4749,526,62,417,3005,5971,172,27,6,599,17,391,1356,27,10215,3404,19,17856,3,405,75,85,16,20,55,10,722,15,386,2710,1514,7,17857,3,1409,1302,12,6,3154,269,5,3621,2826,43,7747,3,13,877,1950,405,7748,5,1195,5582,391,5,13,424,718,5583,12678,7,1421,42,6,386,2710,143,2826,756,26,2391,7747 1,1,1,1,1,1,1,1,1,1,1,1,1,1,1,1,1,1,1,1,1,1,1,1,1,1,1,1,1,1,1,1,1,1,1,1,1,1,1,1,1,1,1,1,1,1,1,1,1,1,1,1,1,1,1,1,1,1,1,1,1,1,1,1,1,1,1,1,1,1,1,1,1,1
12,475,3,5584,3403,20,55 1,1,1,1,1,1,1
74,20,202,7,15,391,12679,7,1421,42,5,15,226,391,788,12680,7,210,435 1,1,1,1,1,1,1,1,1,1,1,1,1,1,1,1,1,1,1
74,20,15,2826,7,484,691,408,7748,1195,8735,391,3,5,15,6444,3310,10,2941,173,484,17858,408,26,1195,5582,391 1,1,1,1,1,1,1,1,1,1,1,1,1,1,1,1,1,1,1,1,1,1,1,1,1,1,1
74,20,98,484,5268,12681,5,5268,3873,391,408,202,405,6,417,391,264 1,1,1,1,1,1,1,1,1,1,1,1,1,1,1,1,1
12,475,3741,692,4347,143,55 1,1,1,1,1,1,1
6,28,526,15,1357,1550,19,17859,3,98,27,6,17860,10216,757,163,12,12670,3,405,75,85,74,20,15,1194,2228,12,6,1206,7,7747,9,386,2710,1514,877,17861,8,13,1357,1550,1226,4160,632 1,1,1,1,1,1,1,1,1,1,1,1,1,1,1,1,1,1,1,1,1,1,1,1,1,1,1,1,1,1,1,1,1,1,1,1,1,1,1,1,1,1,1,1,1
391,12679,265,10,2229,42,3,15,226,391,788,12680,20,98,55,9,117,435,8 1,1,1,1,1,1,1,1,1,1,1,1,1,1,1,1,1,1,1
74,20,711,465,62,118,2826,7,484,691,408,7748,1195,8735,391,3,13,6444,3310,10,2941,2116,484,1341,804,391,408 1,1,1,1,1,1,1,1,1,1,1,1,1,1,1,1,1,1,1,1,1,1,1,1,1,1,1
159,23,417,2169,7,1728,1357,1550,9,27,320,632,7,1599,94,8,5,13,3075,1357,2609,3620,9,158,1357,965,1316,2609,5,15,8736,484,12682,408,1623,413,8737,13,484,965,2347,408 1,1,1,1,1,1,1,1,1,1,1,1,1,1,1,1,1,1,1,1,1,1,1,1,1,1,1,1,1,1,1,1,1,1,1,1,1,1,1,1,1,1
6,28,768,424,8738,4159,3,422,535,13,2116,1728,163,1357,157,3,5,535,13,641,10,1357,10,52,5,698,43,6,6445,7,6,1357,3236,12,207 1,1,1,1,1,1,1,1,1,1,1,1,1,1,1,1,1,1,1,1,1,1,1,1,1,1,1,1,1,1,1,1,1,1,1
35,15,295,3,16,21,31,4753,1728,1357,340,17,15,1551,7,85,3,600,16,464,1515,6,1357,5269,12,23,1422 1,1,1,1,1,1,1,1,1,1,1,1,1,1,1,1,1,1,1,1,1,1,1,1,1,1,1
7,1409,55,3,5,1302,7,6,80,87,3,6,28,722,118,871,495,2824,9,3076,4754,12,1397,8,13,2230,2824,957,620,267,552,139,391,417,27,8739,2197,9,6,28,768,175,2824,27,10217,2197,5,6,896,2824,27,17862,1532,3,7,885,17863,921,8 1,1,1,1,1,1,1,1,1,1,1,1,1,1,1,1,1,1,1,1,1,1,1,1,1,1,1,1,1,1,1,1,1,1,1,1,1,1,1,1,1,1,1,1,1,1,1,1,1,1,1,1,1,1,1,1,1,1,1
6,28,286,1317,2824,27,117,1532,5,52,484,3742,17,6,65,408 1,1,1,1,1,1,1,1,1,1,1,1,1,1,1,1
134,16,14,449,10,4751,391,4161,3,6,28,208,722,475,267,871,495,2824,139,15,603,2824,27,320,1532,6,28,14,55,10,46,15,30,7,2391,182,534,158,71,3,181,120,76,3,363,935,3,35,60,35,15,422,211,1583,534,3,13,11,473,361,202,7,2392 1,1,1,1,1,1,1,1,1,1,1,1,1,1,1,1,1,1,1,1,1,1,1,1,1,1,1,1,1,1,1,1,1,1,1,1,1,1,4,1,10,10,10,1,1,1,1,1,1,1,1,1,1,1,1,1,1,1,1,1,1,1,1
39,4,176,12683,669,22,337 1,1,1,1,1,1,1
1729,1532,167 1,1,1
178,5270 1,1
195,12684 1,1
253,809,2827,22,2568 1,17,1,1,1
346,1781,558,189,27,421 1,8,1,1,1,1
460,1669 1,1
652,610 1,9
833,5972 1,1
995,752,2231,1079,1463,203 1,1,1,1,11,11
3743,1105,4,6,28,768,62,4559,10,2569,12685,12,424,13,169,2566,5271 1,1,1,1,1,1,1,1,1,1,1,1,1,1,1,1,1
206,30,4,6,28,90,308,699,26,541,7749,5271 1,1,1,1,1,14,14,14,1,1,1,1
16,21,1261,5973,624,225,6,80,170,87 1,1,1,1,1,1,1,1,1,1
23,137,140,14,5272,624 1,1,1,1,1,1
16,14,1951,7,1516,128,475,140,13,641,10,312,145,288,3,51,23,17864,206,2345,810,40,954,1063,27,6,61,85 1,1,1,1,1,1,1,1,1,1,1,1,1,1,1,1,1,1,1,1,1,1,1,1,1,1,1,1
19,101,3,6,28,722,15,63,94,7,17865,3,9,2198,3,53,303,8,3,386,156,2520,227,101,4,1303,381,789,7019,17866,3,13,416,118,12686,1233,202,789,5,15,416,7020,4979,55 1,1,1,1,1,1,1,6,6,6,6,6,1,1,1,1,1,1,1,1,1,1,1,1,1,1,1,1,1,1,1,1,1,1,1,1,1,1,1,1,1,1,1,1
6,28,197,980,3,410,3,13,942,91,5,2232,5,8740,2711,400,1864,204 1,1,1,1,1,1,1,1,1,1,1,1,1,1,1,1,1,1
16,14,61,2034,2760,4015 1,1,1,1,1,1
11,1375,1411,1093,1030,57,857 1,1,1,1,1,1,1
11,741,3,1009,3,670,26,273,1030,57,55 1,1,1,1,1,1,1,1,1,1,1
11,173,10218,8741,26,3622,57,137,12,202 1,1,1,1,1,1,1,1,1,1
6,1078,700,197,10,52,44,649,3,97,202,7,173,700,8741 1,1,1,1,1,1,1,1,1,1,1,1,1,1,1
11,137,224,8742,3623,57,61 1,1,1,1,1,1,1
11,199,202,7,484,17867,408,57,55 1,1,1,1,1,1,1,1,1
339,4,176,391,17868,1029,9,17869,8,4,3623,43,2761,234,7,12687,391,3,118,4016,590,5,1755,12688,3,5,553,5971,202,7,484,12689,408,391,1780,3,13,118,2826,7,7748,1195,1014,391,3,5,13,6,2428,7,484,5268,408,12681,5,484,5268,3873,408,2348,10,10219,391 1,1,1,1,1,1,1,1,1,1,1,1,1,1,1,1,1,1,1,1,1,1,1,1,1,1,1,1,1,1,1,1,1,1,1,1,1,1,1,1,1,1,1,1,1,1,1,1,1,1,1,1,1,1,1,1,1,1,1,1,1,1,1
571,4755,3624,461,46,68,768,12,424,13,2761,234,7,12687,391,3,35,60,35,224,481,7,209,34,422,234,3,363,26,958,935,26,6446,17870,1325,157,9,51,312,712,424,13,7021,26,12690,5271,8 1,1,1,1,1,1,1,1,1,1,1,1,1,1,1,1,1,1,1,1,1,1,1,1,1,1,1,1,1,1,1,1,1,1,1,1,1,1,1,1,1,1,1,1,1,1,1
178,391,935,184,4,35,8743,405,169,5971,172,3,372,7,756,5,26,2391,7747 1,1,1,1,1,1,1,1,1,1,1,1,1,1,1,1,1,1,1
6,28,197,742,7022,10,15,2169,7,1357,340,3,1409,12,470,2170,35,16,722,424,8738,116,12,424,13,92,82,5271,3,1151,422,4756,1357,1599,94,9,320,632,8 1,1,1,1,1,1,1,1,1,1,1,1,1,1,1,1,1,1,1,1,1,1,1,1,1,1,1,1,1,1,1,1,1,1,1,1,1,1,1
12,475,3,16,21,527,3075,965,1357,1316,2609,3,158,6,8736,484,12682,408,1623,413,8737,13,484,965,2347,408,5,13,406,1624 1,1,1,1,1,1,1,1,1,1,1,1,1,1,1,1,1,1,1,1,1,1,1,1,1,1,1,1,1,1
175,1317,482,390,15,5971,172,12,6,1398,3,5,134,470,3,4753,15,1399,2169,7,3237,1550,3,75,208,575,10,265,8738,116,3,51,6,28,41,464,52,53,13,6,483,510,10,484,17871,1862,27,421,408,5,483,510,10,965,1316,2609,5271,3,35,55,270 1,1,1,1,1,1,1,1,1,1,1,1,1,1,1,1,1,1,1,1,1,1,1,1,1,1,1,1,1,1,1,1,1,1,1,1,1,1,1,1,1,1,1,1,1,1,1,1,1,1,1,1,1,1,1,1,1,1,1,1,1
195,422,535,12,391,4751,5,936,4,6,28,768,27,1376,4754,871,495,2824,13,535,12,391,4751,5,936,3,12691,10220,23,137,391,147 1,1,1,1,1,1,1,1,1,1,1,1,1,1,1,1,1,1,1,1,1,1,1,1,1,1,1,1,1,1,1,1
477,74,237,10221,52,15,4757,1226,23,137,391,1302,5,6,95,2942,7,23,551,66,1158,373,99,87,3,74,208,98,52,202,7,174,1728,391,2710,17,75,15,390,5971,172,29,4017 1,1,1,1,1,1,1,1,1,1,1,1,1,1,1,1,1,1,1,1,1,1,1,1,1,1,1,1,1,1,1,1,1,1,1,1,1,1,1,1,1,1,1
12,1409,981,17,6,2428,7,118,2270,3405,26,2346,424,3405,26,1551,2346,656,7,391,208,52,7,15,4980,224,1255 1,1,1,1,1,1,1,1,1,1,1,1,1,1,1,1,1,1,1,1,1,1,1,1,1,1,1
104,4,176,12,6,226,438,3,12,470,2170,35,6,28,768,2171,35,52,6447,2271,3,5,775,10,582,6,1078,105,7023,7,285,5,355,15,150,12,6,2658,7,23,3006,551,3,50,46,508,417,7,167,4162,1400,340,3,108,22,45,3,4753,175,10,267,45,337 1,1,1,1,1,1,1,1,1,1,1,1,1,1,1,1,1,1,1,1,1,1,1,1,1,1,1,1,1,1,1,1,1,1,1,1,1,1,1,1,1,1,1,1,1,1,1,1,1,1,1,1,1,1,1,1,1,1,1,1,1,1,1
1729,7024 1,1
167,17,535,7,391,4751,5,936 1,1,1,1,1,1,1,1
178,6,28,14,1260,10,49,4162,1400,340,11,312,306,1684,85,135,113,3,12,62,2610,10,1358,88,483,7,2118,1048 1,1,1,1,1,1,1,1,1,1,1,1,1,1,1,1,1,1,1,1,1,1,1,1,1,1,1,1
195,6,28,20,1260,3238,1399,2762,3874,5,26,182,518,915,7,4162,1400,340,158,10222,3,1730,1896,3,3506,554,3,446,3,5,26,103,418 1,1,1,1,1,1,1,1,1,1,1,1,1,1,1,1,1,1,1,1,1,1,1,1,1,1,1,1,1,1,1,1,1
401,23,224,922,7,23,4162,1400,340,3,50,286,1317,4560,496,516,17,23,391,935,184,483,75,208,158,15,390,391,264,13,1399,2169,7,3237,340,9,12,62,2610,10,3239,26,5585,8738,116,8 1,1,1,1,1,1,1,1,1,1,1,1,1,1,1,1,1,1,1,1,1,1,1,1,1,1,1,1,1,1,1,1,1,1,1,1,1,1,1,1,1,1,1,1,1,1
134,16,5273,500,922,10,2169,7,3237,340,313,3,50,1317,482,1804,718,340,27,421,5,3,13,40,12,8744,15,96,115,391,264,546,46,424,17872,769,450,35,60 1,1,1,1,1,1,1,1,1,1,1,1,1,1,1,1,1,1,1,1,1,1,1,1,1,1,1,1,1,1,1,1,1,1,1,1,1,1,1
253,12,6,3007,3,6,28,20,1260,10,732,6,391,935,224,17,88,199,391,422,479,12,6,2521 1,1,1,1,1,1,1,1,1,1,1,1,1,1,1,1,1,1,1,1,1,1,1,1
346,6,28,208,98,1255,66,17873,2943,13,641,10,391,4751,1152,35,17874,3,51,50,41,659,650,19,571,8745,401,96,115,391,935,224,172,9,12,620,939,129,85,8 1,1,1,1,1,1,1,1,1,1,1,1,1,1,1,1,1,1,1,1,1,1,1,1,1,1,1,1,1,1,1,1,1,1,1,1,1,1,1,1
711,465,3,941,360,465,17,1301,271,10,4013,12,6,39,198,7,293,5577,4749 1,1,1,1,1,1,1,1,1,1,1,1,1,1,1,1,1,1,1
50,1533,40,3406,461,360,60 1,1,1,1,1,1,1
1015,844,3,17875,17876,3,107 1,1,1,1,1,1,1
391,224,1622,124,2891,426,4,391,224,12675,17877,17878,17879,17880 1,1,1,1,1,1,1,1,1,1,1,1,1,1
