69,49,4,15809,6122,203,538,6122,378,325,1124,4818,9125,1142,9126,2,7758,9127,3782,2,6810,6811,11240,30,7,156,360,4,552,3782,1263,17,241,233 18,1,1,1,1,1,1,1,1,1,1,1,1,1,1,1,1,1,1,1,1,1,1,1,1,1,1,1,1,1,1,1,1,1
18,21,61,448,214,57 1,1,1,1,1,1
18,21,61,3981,5,21,1376,65,594,10,4503,643 1,1,1,1,1,1,1,1,1,1,1,1
18,14,699,214,57 1,1,1,1,1
5600,2,58,11241,718,23,17,15,437,1066 1,1,1,1,1,1,1,1,1,1
16,222,31,2956,6,523,1066,3447 1,1,1,1,1,1,1,1
6,1154,1066,20,992,318 1,2,2,2,2,2
32,15,772,7,38,2,47,880,84,14,2401,17,1089,12,736,10,460,23,19,230,10,1171,6,1010,2,1730,23,19,4504,5,15,3784 1,1,1,1,1,1,1,1,1,1,1,1,1,1,1,1,1,1,1,7,1,25,25,25,25,13,13,13,13,1,1,21
18,14,460,631,866,248,236,699,15,1234,9131,7,34,37,18,20,460,297,151,18,1007,100,3609 1,1,1,1,1,1,1,1,1,1,1,1,1,1,1,1,1,1,1,1,1,1,1
18,222,50,254 1,1,1,16
92,50,1730,23,19,210,2,71,21,2872,106,338 1,1,1,1,1,12,1,1,1,1,1,1
278,2,23,767,14,411,2277,5,544,3785,2,71,14,31,63,1536,1483 1,1,1,1,1,1,1,1,30,30,30,1,1,1,1,1,1
11242,2,23,867,21,61,667,43,1238 1,1,1,1,1,1,1,1,1
18,85,21,70,478,6124 1,1,1,1,1,1
38,21,2098,1451,136,18,1376,393,573,121 1,1,1,1,1,1,1,1,1,1
18,3067,10,125,3610,12,207,100,5,47,50,909,58,15810 1,1,1,1,1,1,1,1,1,1,1,1,1,1
93,122,4,23,121,14,4503,643,2,67,94,14,11243,2,372,145,14,105,2,5,296,14,6123,112,14,330 1,1,1,1,1,1,1,1,1,1,1,1,1,1,1,1,1,1,1,1,1,1,1,1,1,1
68,14,11,780 1,1,1,1
44,14,90,10,1043,5,452 1,1,1,1,1,1,1
91,73,14,2218,135,13,11,387,2,766,2,26,711 1,1,1,1,1,1,1,1,1,1,1,1,1
187,14,133,5,375 1,1,1,1,1
68,14,11,953 1,1,1,1
217,53,90,7,673,2,720,2,5,79 1,1,1,1,1,1,1,1,1,1
489,467,4,152,80 1,1,1,1,1
3782,2,6810,6811,11240,1357,51,242,5,114,4,161,178 1,1,1,1,1,1,1,1,1,1,1,1,9
92,40,247,23,19,4504,5,928,5181,3784 1,1,1,1,1,13,1,1,1,21
47,85,1931,23,3982 1,1,1,1,21
92,40,1171,23,1010,48,126,23,230 1,1,1,1,25,1,1,1,7
18,14,85,19,153,172,15,107,1264,13,2622,5,1692 1,1,1,1,1,11,1,1,1,1,1,1,1
165,121,274 1,1,1
18,40,126,10,352 1,1,1,1,1
47,1732,18,14,781,10,1882,268,121 1,1,1,1,1,1,1,1,1
38,14,1536 1,1,1
186,164,143,76 1,9,9,9
58,11241,40,55,15811,151,10,273,15,91,561 1,1,1,1,1,1,1,1,1,1,1
84,14,24,3764,2,5,47,3172,2957,37,38,14,63,1239,400,4505,13,552,3782 1,1,1,1,1,1,1,1,1,1,1,1,1,1,1,1,1,1,1
18,14,781,10,3983,23,1054,6814,10,11236,9128,532,92,319,433,678,242,346,19,38,6125,7,89,709 1,1,1,1,1,1,1,1,1,1,1,1,1,1,1,1,1,1,1,1,1,1,1,1
2785,6813,4817,2,96 1,1,1,1,1
11239,15812,800,4,15813,827,4,15814,818,4,15815 1,1,1,1,1,1,1,1,1,1,1
