69,49,4,15874,11263,303,1315,101,11264,2,9141,11265,38,29,20,201,42,6,427 1,1,1,1,1,1,1,1,1,1,1,1,1,1,1,1,1,1,1
47,1736,37,47,50,1538,5,755,6,29,2,177,6,427,74,2105,19,6,29,74,948,2,5,285,6,233,2,114,7,203,2,5,642,13,6,29 1,1,1,1,1,1,1,1,1,1,1,1,1,1,1,1,1,1,1,1,1,1,1,1,1,1,1,1,1,1,1,1,1,1,1,1
30,7,629,391,4,6,29,14,15,6132,528,139,304,269,369,959,12,1452,7,4826,18,279,10,6,303,674,13,44,34,136,97,420 1,1,1,1,1,1,1,1,1,1,1,1,1,3,3,1,1,1,1,1,1,1,1,1,1,1,1,1,1,1,1,1
84,21,61,9143,781,10,23,168 1,1,1,1,1,1,1,1
18,88,87,15875,26,11269,34,781,423,23,168 1,1,1,1,1,1,1,1,1,1,1
278,2,6,44,34,21,61,557,136,11270,10,173,15876,38,465 1,1,1,1,1,1,1,1,1,1,1,1,1,1,1
11,255,7,194,2,969,2,7767,2,26,618 1,1,1,1,1,1,1,1,1,1,1
18,222,31,60,87,921 1,1,1,1,1,21
18,658,10,6,303,674,80,117,18,4827,10,23,1724,2,104,3067,23,10,1297,10,6,303,674,17,233 1,1,1,1,1,1,1,1,1,1,1,1,1,1,1,1,1,1,1,1,1,1,1,1,1
6,29,88,290,87,921,5,88,87,44,34,534,136,23,369,20,730,168,12,1452,4826,163,7,213,4,6,29,39,106,9143,44,34 1,1,1,1,1,21,1,1,1,1,1,1,1,1,1,1,1,1,1,1,1,1,1,1,1,1,1,1,1,1,1,1
78,89,30,4,182,17,802,2332,1339,81,2,127,2,344,367,2,164,143,76,2,5,1356 1,1,1,1,1,1,1,1,1,4,1,10,1,16,16,16,9,9,9,1,1,1
78,2106,5,1564,563,369,959,17,63,269,505,168,12,1452,4826,77,4,987,2,1286,2,556,2,1266,2,5,473,2,317,172 1,1,1,1,1,1,1,1,1,1,1,1,1,1,1,1,1,20,1,1,1,7,1,12,1,1,28,1,1,11
137,4,11,334,624,137 1,1,1,1,1,1
179,30,5,128,30,4,6,29,21,15,78,30,7,671,245 1,1,1,1,1,1,1,1,1,1,1,1,1,1,1
18,88,87,554,26,219,624,245 1,1,1,1,1,1,1,1
93,122,4,520,359,4,1285 1,1,1,1,1,1,1
43,520,359 1,1,1
193,1025,67,1927 1,1,1,1
224,893,4,2464,528,355,12,11,180,326 1,1,1,1,1,1,1,1,1,1
226,4,90,10,452,193 1,1,1,1,1,1
91,4,246,2,253,2,135,145,5,212,86,387,2,766,26,711 1,1,1,1,1,1,1,1,1,1,1,1,1,1,1,1
187,4,318,300,302 1,1,1,1,1
133,2,375 1,1,1
812,4,11271 1,1,1
217,4,11,197,445,388,26,79 1,1,1,1,1,1,1,1
489,233,4,358,14,15877,258,53,150,7768,66 1,1,1,1,1,1,1,1,1,1,1
783,14,6830,43,801,5,2875,426 1,1,1,1,1,1,1,1
44,810,482,149,3613,2,149,2789,2,355,43,4236,2,11,1079,4237,26,1205 1,1,1,1,1,1,1,1,1,1,1,1,1,1,1,1,1,1
147,482,15878,12,2535,5,2695,1323,10,63,147,12,1452,4826,364,1958,12,189,4,320,14,15,6132,528,13,15,30,7,164,143,76,629,13,44,34,136,23,369,959,12,1452 1,1,1,1,1,1,1,1,1,1,1,1,1,1,1,1,1,1,1,1,1,1,1,1,1,1,1,1,9,9,9,1,1,1,1,1,1,1,1,1,1
92,40,1815,23,17,63,1627,369 1,1,1,1,1,1,1,1
92,40,247,219,652,2,921,17,34,2,124,172,2,750,507,32,10,241,1388,5,583 1,1,1,1,1,1,21,1,1,1,1,11,1,1,1,1,1,1,1,1,1
27,38,95,6,29,14,1737,2062,185,2,3990,1480,10,6,91,1032 1,1,1,1,1,1,1,1,1,1,1,1,1,1,1,1
642,9,317,630,712,377,8,4,630,14,185 1,1,1,1,1,1,1,1,1,1,1
1416,15879,9144,9145,2,96 1,1,1,1,1,1
11272,15880,15881,597,42,4,9144,9145,2,96 1,1,1,1,1,1,1,1,1,1
11272,232,31,177,42,240,312,232 1,1,1,1,1,1,1,1
