69,49,4,15882,11273,2,15883,2,9146,6,29,201,19,15884,13,58,15885 1,1,1,1,1,1,1,1,1,1,1,1,1,1,1,1,1
427,74,30,20,177 1,1,1,1,1
29,20,1538,5,755,42,260 1,1,1,1,1,1,1
30,7,156,360,4,6,29,14,15,15886,407,13,30,7,164,76,5,21,39,1024,44,34,191,6,78,183,123,2,15887,42,51,3178,921,922,2,80,1359,117,105,606,13,35,3178 1,1,1,1,1,1,1,1,1,1,1,1,1,1,9,9,1,1,1,1,1,1,1,1,1,1,1,1,1,1,1,1,21,1,1,1,1,1,1,1,1,1,1
125,427,74,99,17,241,885 1,1,1,1,1,1,1
6,29,14,34,739,110 1,1,1,1,1,1
78,89,30,4,164,76,2,91,369,2,789,2,5,81 1,1,1,1,9,9,1,3,3,3,16,1,1,4
231,77,4,230,2,1266,2,473,2,172,2,5,310 1,1,1,7,1,12,1,28,1,11,1,1,20
125,427,74,99,17,241,885 1,1,1,1,1,1,1
137,4,11,334,624,137 1,1,1,1,1,1
179,30,4,78,3795,1055 1,1,1,8,8,8
163,7,213,4,11,255,7,194,2,11,272,26,402,2,11,868 1,1,1,1,1,1,1,1,1,1,1,1,1,1,1,1
93,122,4,870,5188,2,67,94,15888,2,296,1887,2,1851,564,2,651,1304,1080,41,19,674,662 1,1,1,1,1,1,1,1,1,1,1,1,1,1,1,1,1,1,1,1,1,1,1
202,4,1186,2,1125 1,1,1,1,1
1237,53,1025,2,1967,2,5,1221,10,688 1,1,1,1,1,1,1,1,1,1
2285,2395,175 1,1,1
112,4,330,2,11,11274,2214 1,1,1,1,1,1,1
623,4,135,145,5,212 1,1,1,1,1,1
226,4,90 1,1,1
187,4,318,300,302,2,133,2,375 1,1,1,1,1,1,1,1,1
217,4,11,673,2,720,2,26,79 1,1,1,1,1,1,1,1,1
899,4,413,5,646,1094 1,1,1,1,1,1
1478,1738,53,175 1,1,1,1
731,5,1099,53,175 1,1,1,1,1
489,467,4,147,20,43,399,212,2,13,11,518,142 1,1,1,1,1,1,1,1,1,1,1,1,1
6,29,20,201,42,58,11275,12,6,303,441 1,1,1,1,1,1,1,1,1,1,1
6,29,40,55,265,10,6,507,659,17,241,233,17,2477,714 1,1,1,1,1,1,1,1,1,1,1,1,1,17,17
321,19,652,12,6,303,441,5,218,91,561,1775 1,1,1,1,1,1,1,1,1,1,1,1
125,427,74,99,17,885 1,1,1,1,1,1
526,11276,2,9146,96 1,1,1,1,1
495,4,11277,276,4,11277,597,42,4,11276,2,9146,813,15889,1852,232,31,177,42,240,312,232 1,1,1,1,1,1,1,1,1,1,1,1,1,1,1,1,1,1,1,1,1,1
