69,49,4,15867,11263,303,1315,101,11264,2,9141,11265,101,49,4,15868,38,29,20,201,13,58,15869 1,1,1,1,1,1,1,1,1,1,1,1,1,1,1,1,1,1,1,1,1,1,1
6,29,20,1538,5,755,42,260 1,1,1,1,1,1,1,1
427,74,99,177,5,941 1,1,1,1,1,1
6,114,7,203,20,285,13,6,29 1,1,1,1,1,1,1,1,1
361,125,948,17,885 1,1,1,1,1
30,7,629,391,4,1924,2,38,14,15,4824,407,13,15,30,7,1284,5,5186,81,341,104,21,39,497,236,7,1387,2544,44,34,1539,10,6,168,13,627,272,2,402,2,255,7,194,2,5,969 1,1,1,1,1,1,1,1,1,1,1,1,1,1,1,1,1,1,4,4,1,1,1,1,1,1,1,1,1,1,1,1,1,1,1,1,1,1,1,1,1,1,1,1,1,1,1
6,534,7,34,97,7766,606,13,639,5,27,468 1,1,1,1,1,1,1,1,1,1,1,1
78,89,30,4,1284,2,1356,2,5,288,971,81,341 1,1,1,1,1,1,1,1,1,1,1,4,1
77,4,3452,2,910,2,1342,2,3453,2,4825 1,1,1,1,1,1,1,1,1,1,1
179,30,5,128,30,4,2222,30,7,309 1,1,1,1,1,1,8,8,8,8
128,30,4,164,143,76,12,603 1,1,1,1,1,1,1,1
93,122,4,224,893,4,11,180,326,2,4200 1,1,1,1,1,1,1,1,1,1,1
520,359,4,1285 1,1,1,1
296,11266,1851,2407,67,94,15870 1,1,1,1,5,5,5
296,5187,14,1204,41,19,674,662 1,1,1,1,1,1,1,1
91,4,135,145,5,212 1,1,1,1,1,1
43,246,5,253 1,1,1,1
11,387,2,766,2,26,711 1,1,1,1,1,1,1
112,4,487,83,601 1,1,1,1,1
226,4,90 1,1,1
1417,14,2284 1,1,1
187,4,133,2,375,2,5,1774,13,529,300,302 1,1,1,1,1,1,1,1,1,1,1,1
217,4,11,720,2,673,2,26,79 1,1,1,1,1,1,1,1,1
489,233,4,6,147,482,15,43,399,212,13,891,1807,4235,5,1970,7,307,2962,729,743 1,1,1,1,1,1,1,1,1,1,1,1,1,1,1,1,1,1,1,1,1
44,810,482,11,180,4511,76 1,1,1,1,1,1,1
678,494,4,44,34,2,306,91,328,811,2,1138,1322,2,281,4200,86,160,7,1101,118,353 1,1,1,1,1,1,1,1,1,1,1,1,1,1,1,1,1,1,1,1,1,1
642,9,317,630,712,377,8,4,6,114,14,172,2,501,2,5,141,10,2408 1,1,1,1,1,1,1,1,1,1,1,11,1,7,1,1,1,1,1
6,29,20,265,10,6,144,12,185,630 1,1,1,1,1,1,1,1,1,1
1416,15871,9142,11267,2,96 1,1,1,1,1,1
11268,15872,15873,597,42,4,9142,11267,2,96 1,1,1,1,1,1,1,1,1,1
11268,232,31,177,42,240,312,232 1,1,1,1,1,1,1,1
