67,54,4,18087,414,4,10258,3,4027,542,4,18088,668,112,425,17,439 1,1,1,1,1,1,1,1,1,1,1,1,1,1,1,1,1
190,476,159,157,18089,1023,3,5,55,1734,2897,64,18090,377,274,69 1,1,1,1,1,1,1,1,1,1,1,1,1,1,9,1
147,1464,872,4,1012,862,2614,13,209,1464,3,1195,10260,3,3641,2205,3,1831,7041,1220,106,2944,76,238,10261,4,284,3888,71,324,7775,7776,935,39,1782,9,1712,456,8,25,32,9,8768,45,49,36,45,9,73,8,123,388,65,8,2092,9,3642,8,25,305,9,672,45,5989,49,36,45,9,73,8,8,3,58,45,605,3,117,45,608,3753,9,4996,782,8,25,32,9,1269,45,49,36,45,9,73,8,8,1405,9,1986,8,25,305,9,2400,45,49,36,45,9,73,8,8,1405,9,1986,8,25,276,9,1314,45,49,36,45,9,73,8,8,12758,25,276,9,4176,45,49,829,7044,45,9,73,8,8,3,3085,488,973,228,7,1405,35,135,12759,930,9,1868,8,25,305,9,2576,45,49,36,45,9,73,8,8,3,49,36,1576,27,1350,5988,9,7777,8,7781,2094,605,2671,9,2359,965,1318,8,12760,2530,32,1781,1686,9,165,1686,9,1643,8,8,7045,608,3,581,1034,608,521,69,218,25,32,9,647,45,49,36,45,9,73,8,8,6476,3756,829,42,7781,2951,608,959,1092,4177,1096,892,167,167,1690,25,3080,123,135,65,167,34,12,188,3,3414,9,647,45,49,36,45,9,73,8,8,3,38,2762,1105,10,12767,3,4356,810,3889 1,1,1,1,1,1,1,1,1,1,1,1,1,1,1,1,1,1,1,1,7,1,1,18,1,1,1,1,4,4,1,1,1,1,1,1,1,1,1,1,1,1,1,1,1,1,1,1,1,1,1,1,1,1,1,1,1,1,1,1,1,1,1,1,1,1,1,1,1,1,1,1,1,1,1,1,1,1,1,1,1,1,1,1,1,1,1,1,1,1,1,1,1,1,1,1,1,1,1,1,1,1,1,1,1,1,1,1,1,1,1,1,1,1,1,1,1,1,1,1,1,1,1,1,1,1,1,1,1,1,1,1,1,1,1,1,1,1,1,1,1,1,1,1,1,1,1,1,1,1,1,1,1,1,1,1,1,1,1,1,1,1,1,1,1,1,1,1,1,1,1,1,1,1,1,1,1,1,1,1,1,1,1,1,1,1,1,1,1,1,8,8,1,1,1,1,1,1,1,1,1,1,1,1,1,1,1,13,1,1,1,1,1,1,1,1,1,1,1,1,9,1,1,1,1,1,1,1,1,1,1,1,1,1,1,1,1,1,1,1,1,1,1,1,1,1,1,1,1,1,1,1,1,1,1,1,1,1,1,1,1,1,1,1,1,1
21,369,1662,10,271,33,64,6475,959,2009,2010,2011,3523,3,10269,3015,165,145,1781,9,1315,1024,521,3,157,35,496,127,203,33,874,1765,33,874,1846,33,874,4,572,1690,5613,12768 1,1,1,1,1,1,1,1,1,1,1,1,1,1,1,1,8,8,8,1,1,1,1,1,1,1,1,1,1,1,1,1,1,1,1,1,1,1,1,1,1,1
102,77,4,2269,522,3,18091,3,263,1041 1,1,1,1,1,1,1,1,1,1
316,205,655 1,1,1
1574,364,382,148,10275,155,91,3,720,455,1270,192,4,176,1013,4,18092,3,1690,178,151,4,1386,5991,3,19,960,18093,3,118,10,215,1034,276 1,1,1,1,1,1,1,1,1,1,1,1,1,1,1,1,1,1,1,1,1,1,1,1,1,1,1,1,1,1,1,1,1,1
117 1
253,12769,160,2722 1,1,1,1
1521,10276,1426,10264,2231,6475,3,107 1,1,1,1,1,1,1,1
