69,49,4,15949,2229,579,2,9174,58,15950,3998,325,441,9175,3965,144,536,4,6149,2,9176,512,46,4,11315,2321,4,1091,723,2,3455,828,58,3998,4,1152,329,17,2337,287,9176,6149,10,1082,949,441 1,1,1,1,1,1,1,1,1,1,1,1,1,1,1,1,1,1,1,1,1,1,1,1,1,1,1,1,1,1,1,1,1,1,1,1,1,1,1,1,1,1,1,1,1,1
47,4836,37,16,14,926,401,17,233,7,5200 1,1,1,1,1,1,1,1,1,1,1
287,6149,14,15,3456,4245,381,471,104,21,533,803,7,24,197,217,136,11316,6,803,321,12,24,853,5,2230,4837,5151,100,10,6,542,7,6,1389 1,1,1,1,1,1,4,1,1,1,1,1,1,1,1,1,1,1,1,1,1,1,1,1,1,1,1,1,1,1,1,1,1,1,1
12,15951,2,6,803,321,10,2111,24,1432 1,1,1,1,1,1,1,1,1,1
12,9177,2,6,29,166,2970,7,6,523,4485,9178,2395,7,362,1432,2,52,932,271,70 1,1,1,1,1,1,1,1,1,1,1,1,1,1,1,1,1,1,1,1,1
6,29,88,87,34,12,24,882,26,744 1,1,1,1,1,1,1,1,1,1
16,21,15,1859,200,30,7,5622,252,168,34,5,112,34,1539,10,24,52,412,445,192,6,2018,423,10,24,1432 1,1,1,1,1,1,1,1,1,1,1,1,1,1,1,1,1,1,1,1,1,1,1,1,1,1,1
12,11317,2,6,29,2697,423,15,9179,65,15,2289,7,173,154,744 1,1,1,1,1,1,1,1,1,1,1,1,1,1,1,1
1975,10,6,29,2,16,6841,15,815,4838,2,48,162,20,31,1683 1,1,1,1,1,1,1,1,1,1,1,1,1,1,1,1
16,5623,460,34,12,24,52,2971,5,112,117,6,1111 1,1,1,1,1,1,1,1,1,1,1,1,1
6,29,533,3072,5,613,12,9180,12,9177,2,16,321,10,50,115,7,2631,1781,71,16,1802,32,699,9181,2,9182,7,862,712,1488 1,1,1,1,1,1,1,1,1,1,1,1,1,1,1,1,1,1,1,1,1,1,1,1,1,1,1,1,1,1,1
6,29,85,166,672,6842,12,9177,158,10,24,6843,12,7789,78,89,30,4,131,1543,81,136,7763,2,127,2,789,2,613,2,3072,2,3174,3985,7,6,1176,2,981,2,103,2324,4246,2,30,7,112,34,5,252,168,34,32,2632,256,2,30,7,2338,1002,76,2,181,167,947,15,1316,7,2414,11318,2,7790,15952,12,9180,231,77,4,230,2,2798,2,1020,2,4839,2,2414,11318,2,888,2,4521,2,3618,2,131 1,1,1,1,1,1,1,1,1,1,1,1,1,1,1,1,1,1,6,1,1,1,1,1,10,1,16,1,1,1,1,1,1,1,1,1,1,1,1,1,1,1,1,1,1,1,1,1,1,1,1,1,1,1,1,1,1,1,1,1,1,1,1,1,1,1,1,1,1,1,1,1,1,1,1,1,1,1,7,1,23,1,13,1,12,1,1,1,1,1,1,1,1,1,1,6
137,4,11,334,624,137 1,1,1,1,1,1
179,30,4,6,29,14,924,16,21,248,2972,2,154,5,130,159,7,439 1,1,1,1,1,1,1,1,1,1,1,1,1,1,1,1,1,1
16,1109,10,500,32,15,9183,9184,532,16,994,12,1326,7,7789,6,29,706,309,12,7791,16,88,87,30,7,554,26,624,1240 1,1,1,1,1,1,1,1,1,1,1,1,1,1,1,1,1,8,8,1,1,1,1,1,1,1,1,1,1,1
128,30,4,603,587,7,884,1489,27,6,439,7,15953,24,603,20,381,5,39,118,167 1,1,1,1,1,1,1,1,1,1,1,1,1,1,1,1,4,1,1,1,1
477,587,12,23,154,74 1,1,1,1,1,1
6,29,113,31,871,6,1489,7,2947 1,1,1,1,1,1,1,1,1
6,29,39,153,1343,104,587,12,24,196,74,65,381,1294 1,1,1,1,1,1,1,1,1,1,1,1,4,1
16,39,248,1202,104,587,7,381,1294 1,1,1,1,1,1,1,4,1
7,24,248,1308,3187,2,153,7,1406,14,85,15,381 1,1,1,1,1,1,1,1,1,1,1,1,4
6,29,74,2972,53,31,381 1,1,1,1,1,1,4
68,14,11,334,128,30,7,15954,3289 1,1,1,1,1,1,1,1,1
93,122,4,502,7,721,7,6,112,14,851 1,1,1,1,1,1,1,1,1,1,1
392,7792,1280,1474,10,1375,663 1,1,1,1,1,1,1
851,112,2885 1,1,1
66,15955,7793 1,1,1
66,929,277 1,1,1
135,91,212,2,11,118,417 1,1,1,1,1,1,1
66,293,229 1,1,1
12,6,3429,2318,2,67,94,15956,2,118,145,284,5,135 1,1,1,1,1,1,1,1,1,1,1,1,1,1
712,1488,2,67,94,4522,10,15957,2,118,145,1558,6150,6,29,20,1433 1,1,1,1,1,1,1,1,1,1,1,1,1,1,1,1,1
1030,122,4,972,139,4,413,2,15958,5,1239 1,1,1,1,1,1,1,1,1,1,1
6,29,2633,6,414,7,24,312,2,58,3998,2,58,11319,2,5,58,5201,27,11320,140 1,1,1,1,1,1,1,1,1,1,1,1,1,1,1,1,1,1,1,1,1
1478,1738,4,901,2799,275 1,1,1,1,1,1
901,4840,13,2800,3623,15959,19,6,70,2,11321,7780,19,6,52 1,1,1,1,1,1,1,1,1,1,1,1,1,1,1
2285,1445,275 1,1,1
11,1930 1,1
1237,15960,1221,10,688 1,1,1,1,1
5171,4808,919,193 1,1,1,1
11,1188,4247 1,1,1
6,1559,5,133,3164,3073,3604 1,1,1,1,1,1,1
731,122,4,2970,7,6,523,4485,9178,5,7794,2,932,19,6,52,912 1,1,1,1,1,1,1,1,1,1,1,1,1,1,1,1,1
11,2970,7,6,6844,6845,9185 1,1,1,1,1,1,1
66,349,3165 1,1,1
731,590,1011,1028,12,192,2395,7,362,412,217,820,17,3804,394,7,6,523,4485,9178,5,6844,15961,15962,193 1,1,1,1,1,1,1,1,1,1,1,1,1,1,1,1,1,1,1,1,1,1,1,1,1
11,394,7,6,6844,6845,9185,19,1375,912 1,1,1,1,1,1,1,1,1,1
731,590,1011,7,6,197,217,1028,820,17,149,394,7,765,5202,11322,193 1,1,1,1,1,1,1,1,1,1,1,1,1,1,1,1,1
6,29,20,382,10,974,19,24,853,5,6151,434,2552,7795,6,7796 1,1,1,1,1,1,1,1,1,1,1,1,1,1,1,1
1744,3074,1355,171,193,27,6,2973,2,3999,2,5,1389 1,1,1,1,1,1,1,1,1,1,1,1,1
1849,754,9186,193 1,1,1,1
853,2713 1,1
11,15963,7,6,197,217 1,1,1,1,1,1
1099,122,4,182,17,1849,5624,7797,466,12,362,744,100,10,6,542,7,6,1389 1,1,1,1,1,1,1,1,1,1,1,1,1,1,1,1,1,1,1
5624,7797,466,14,1459,12,6,4485,1694,7,192,3796,5,6,9187,1694,7,362,1432 1,1,1,1,1,1,1,1,1,1,1,1,1,1,1,1,1,1,1
3166,466,1849,12,6,853,2,175,27,6,1585,5,1389,193 1,1,1,1,1,1,1,1,1,1,1,1,1,1
175,3166,466,12,6,412,217 1,1,1,1,1,1,1
3442,215,182,17,1782,15964,2,48,6,29,222,31,1111 1,1,1,1,1,1,1,1,1,1,1,1,1
5203,672,20,657,2,48,504,151,2552,6,7796 1,1,1,1,1,1,1,1,1,1,1
11,3766,2974 1,1,1
489,467,4,163,7,498,489,968,7,176,2,9174,2,379,2277,2,331,2231,2,358,15965,1326,2,6152,2,1005,43 1,1,1,1,1,1,1,1,1,1,1,1,1,1,1,1,1,1,1,1,1,1,1,1,1,1,1
1426,2,9188,2,1227,43 1,1,1,1,1,1
66,6846 1,1
6,29,1660,16,20,2415,66,17,2975,12,6847,2,5,11323,691,7,6,1319,12,6847,5,9188,604,225,769,4000,142,12,6,2976,9189,86,87,2634,693,505 1,1,1,1,1,1,1,1,1,1,1,1,1,1,1,1,1,1,1,1,1,1,1,1,1,1,1,1,1,1,1,1,1,1,1,1
242,5,114,4,12,1246,2,92,50,15,3456,381,471,104,479,10,50,182,11324,5200,13,3624,2886 1,1,1,1,1,1,1,1,1,1,1,4,1,1,1,1,1,1,1,1,1,1,1
16,113,50,613,5,3072,32,57,32,2631,1781 1,1,1,1,1,1,1,1,1,1,1
32,92,285,19,6,2416,2,24,4523,77,301,10,55,4001,5,6,29,40,55,640,100,13,329,995,38 1,1,1,1,1,1,1,1,1,1,1,1,1,1,1,1,1,1,1,1,1,1,1,1,1
16,176,1525,65,9190,6848,10,2543,24,115,7,2631,1781 1,1,1,1,1,1,1,1,1,1,1,1,1
47,40,55,4524,63,3800,10,1021,24,5200,5,2869,17,87,160,7,7798,3075,527,26,815,5204,19,6,52 1,1,1,1,1,1,1,1,1,1,1,1,1,1,1,1,1,1,1,1,1,1,1,1,1
6,3800,454,85,563,574,957,15966,5,11325,181,4841 1,1,1,1,1,1,1,1,1,1,1,1
691,7,6,815,929,20,85,1817,10,1167,286,87,2067,2169,71,176,85,5625,10,274,7,466,12,6,882 1,1,1,1,1,1,1,1,1,1,1,1,1,1,1,1,1,1,1,1,1,1,1,1,1
6,29,113,50,15,30,7,3805,815,6841,4838,12,11316,16,176,85,50,39,15,52,2971,1219,27,38,95,71,319,1029,170,11326,10,2801,15967,3075,4228 1,1,1,1,1,1,1,1,1,1,1,1,1,1,1,1,1,1,1,1,1,1,1,1,1,1,1,1,1,1,1,1,1,1,1
6,29,40,808,17,15,437,101,117,6,256,968 1,1,1,1,1,1,1,1,1,1,1,1
1152,329,428,17,2337,287,9176,6149,10,1082,949,441 1,1,1,1,1,1,1,1,1,1,1,1
1027,2,15968,15969,2,96 1,1,1,1,1,1
384,4,58,2410,11319,2,378,325,15970,2,9175,3965,144,15971,15972,15973,15974 1,1,1,1,1,1,1,1,1,1,1,1,1,1,1,1,1
