69,49,4,16017,378,325,1327,605,99,64,4,11349,6149,512,4,11315,384,4,147,142,234,4,1390,1661 1,1,1,1,1,1,1,1,1,1,1,1,1,1,1,1,1,1,1,1,1,1,1,1
345,13,1545,7,120,2,16018,2,5,3624,16019,265,17,147,142 1,1,1,1,4,1,16,1,1,1,1,1,1,1,1
6,29,21,182,328,811,17,178,7,120,2,6156 1,1,1,1,1,1,1,1,1,4,1,1
367,2,5,216,116 1,1,1,1,10
16,39,15,1784,415,215,346,12,16020,71,20,66,17,313,9,2716,16021,5,9196,7,16022,8 1,1,1,1,1,1,1,1,1,1,1,1,1,1,1,1,1,1,1,1,1,1
24,97,704,20,346,12,11350,227,63,585,7,1662,41,658,10,6,424,308,13,15,102,107,299,7,834,54,478,34,5,534,7,969 1,1,1,1,1,1,1,1,1,1,1,1,1,1,1,1,1,1,1,1,1,1,1,1,1,1,1,1,1,1,1,1
6,478,34,14,188,5,1447,10,55,239,10,2113,2,5,120,16023,1493,10,6,308,80,17,15,111,155,9,16,14,2291,4249,5,2631,8,5,20,166,10,50,1846,7777,5,4792,19,1072,147 1,1,1,1,1,1,1,1,1,1,1,1,1,1,4,1,1,1,1,1,1,1,1,1,1,1,1,1,1,1,1,1,1,1,1,1,1,1,1,1,1,1,1,1,1
16,1938,87,44,34,2,272,2,402,151,16,1007,10,6,11351 1,1,1,1,1,1,1,1,1,1,1,1,1,1,1
12,6,16024,2,24,523,1501,7,91,785,20,66,2,16,20,85,321,19,652,219,2,5,124,219,501,2,5,63,172 1,1,1,1,1,1,1,1,1,1,1,1,1,1,1,1,1,1,1,1,1,1,1,7,7,1,1,1,11
7,99,2,6,29,39,15,111,100,10,16025 1,1,1,1,1,1,1,1,1,1,5
151,6,29,2418,19,6,1032,16,1938,87,44,34,2,272,2,402,2,969 1,1,1,1,1,1,1,1,1,1,1,1,1,1,1,1,1,1
24,111,20,166,10,55,16026 1,5,5,5,5,5,5
758,219,501,2,1247,25,501,2,5,4250,129,124,962,10,197,111,10,11352 1,7,7,1,1,1,7,1,1,21,1,1,1,1,1,1,1,5
1545,120,9,299,7,381,981,2,1358,2,3624,4003,2,527,8,789,3624,776,5200,3076,3313,1630,9,450,3080,8,438,1012,9,188,52,478,34,8,77,4,5626,446,33,211,925,33,131,3628,16027,16028,933,105,22,33,7801,491,291,7808,16029,33,2888,7809,291,1461,3189,33,11353,491,33,137,4,747,179,30,4,295,13,24,503 1,4,1,1,1,1,1,1,1,1,1,1,1,1,1,16,1,1,1,1,1,1,1,1,1,1,1,1,1,1,1,1,1,1,1,1,12,1,1,11,1,1,6,1,1,1,1,1,1,1,1,1,1,1,1,1,1,1,1,1,1,1,1,1,1,1,1,1,1,1,1,1,1,1,1
16,1109,10,500,27,11330,11331,12,16030,2,117,71,16,39,9197,2069,10,3286,11332,1155,32,16031,2,3313,5,16032,1374 1,1,1,1,1,1,1,1,1,1,1,1,1,1,1,1,1,1,1,1,1,1,1,1,1,1,1
16,994,12,7789,4,309,4,154,1854,200,309,30,2,706,12,7791,554,4,1818,1785,17,130,159,2,2803,423,12,16033,5,21,795,1785,136,1326,2,16034,88,87,624,245 1,1,1,1,1,1,1,1,1,1,1,1,1,8,1,1,1,1,1,1,1,1,1,1,1,1,1,1,1,1,1,1,1,1,1,1,1,1,1,1
9198,4,16035,16036,16037,11354,651,738,41,19,1391,759,4,4847,345,12,16038 1,1,5,1,1,1,1,1,1,1,1,1,1,1,1,1,1
202,4,570,2,725,2,11,16039,733,2,11,293,229,2,487,31,3459,13,29,1147,4527,44,4,942,52,409,1562,2,199,662,1129,193,16040,4,135,2,246,253,11,3458,1457,12,2021,16041,2980,9199,1597,340,4,133,875,4239,558,516,4,181,142,19,794,882,193,12,531 1,1,1,1,1,1,1,1,1,1,1,1,1,1,1,1,1,1,1,1,1,1,1,1,1,1,1,1,1,1,1,1,1,1,1,1,1,1,1,1,1,1,1,1,1,1,1,1,1,1,1,1,1,1,1,1,1,1,1,1,1,1,1
11,79,323,4,15,75,985,1094 1,1,1,1,1,1,1,1
951,1746,175 1,1,1
11,900,731,26,1099,1479,258,4,3314,354,7810,456,6098,64,4251,16042,649,16043,524,1862,2,824,4004,2,689,6157,2,379,1893,2,792,2487,2,6858,4848,22,2231,5209,3168,335,4005,1434,183,2,2152,3988,9200,2,4528,1178,1645,2,3190,1893,2,3081,2232,867,7811,66,2,783,66,44,810,36,161,11,160,7,796,26,305,79 1,1,1,1,1,1,1,1,1,1,1,1,1,1,1,1,1,1,1,1,1,1,1,1,1,1,1,1,1,1,1,1,1,1,1,1,1,1,1,1,1,1,1,1,1,1,1,1,1,1,1,1,1,1,1,1,1,1,1,1,1,1,1,1,1,1,1,1,1,1,1,1,1,1
165,6158,1079,7812,2,32,297 1,1,1,1,1,1,1
186,15,4529,2557,12,6,70,412,409,4809,14,110,419,16044,271,12,6,498,122 1,1,1,1,1,1,1,1,1,1,1,1,1,1,1,1,1,1,1
12,688,7,6,228,12,893,2,44,1050,2410,176,55,9201,10,3809,15,7813,9202 1,1,1,1,1,1,1,1,1,1,1,1,1,1,1,1,1,1,1
11355,65,11351 1,1,1
1846,12,591,2,1088,2,1663,2,4849 1,1,1,1,1,1,1,1,1
1295,1598,2,52,777,2171,19,141,36,9105,4530,12,591,2,591,2,1663,2,1846,3629,2,2717,4252,4,1390,1661 1,1,1,1,1,1,1,1,1,1,1,1,1,1,1,1,1,1,1,1,1,1,1,1,1,1
345,13,299,7,120,2,3624,4003,2,6156 1,1,1,1,4,1,1,1,1,1
367,279,13,280,147,142 1,1,1,1,1,1
114,4,16045,15,8,313,36,1364,371,2,523,1501,7,91,785,66,2,40,433,248,268,3630,10,1364 1,1,1,1,1,1,1,1,1,1,1,1,1,1,1,1,1,1,1,1,1,1,1,1
40,707,17,147,142 1,1,1,1,1
280,1846,12,786,5,891,44,1511,3810,12,15,29,13,306,328,811 1,1,1,1,1,1,1,1,1,1,1,1,1,1,1,1
97,415,66,259,198,146 1,1,1,1,1,1
40,6159,13,440,5,1159,12,1960,10,1022,6,301,17,415,12,1433,29,13,134,415 1,1,1,1,1,1,1,1,1,1,1,1,1,1,1,1,1,1,1,1
147,142,176,55,576,10,116,5210 1,1,1,1,1,1,10,1
40,855,219,652 1,1,1,1
679 7
25,501,32,928,32,29,74,111,3993,84 7,7,1,1,1,1,1,1,1,1
211,33 11,1
3811,9157,7,58,16046,5,40,1022,1378,583 1,1,1,1,1,1,1,1,1,1
569,8,1808,36,97,585,1662,41,64 1,1,1,1,1,1,1,1,1
479,3972,775,8,212,36,11,299,7,9203,2,19,91,16047,2172,165,116,36,64 1,1,1,1,1,1,1,1,1,1,1,1,1,1,1,1,10,1,1
116,151,16,2418,19,1032 10,1,1,1,1,1
299,7,1781 1,1,1
40,881,252,262,501,3315,59,32,57,32,4250 1,1,1,1,7,1,1,1,1,1,21
301,10,55,4006,7,9204,111,1431,11356 1,1,1,1,1,1,1,1,1
64 1
74,111,2477,12,78 1,1,1,1,1
40,838,7808,5,7801,17,110,186,120,36,299,7,981,2,1358,2,5,527 1,1,1,1,1,1,1,1,4,1,1,1,1,1,1,1,1,1
40,2712,19,140,16048,7,486,2,5,3181,13,9205 1,1,1,1,1,1,1,1,1,1,1,1
249,478,34,36,2888,2,64,351,2215,36,2557,12,6859,2,176,55,576,10,307,3076 1,1,1,1,1,1,1,1,1,1,1,1,1,1,1,1,1,1,1,1
1975,10,7802,2800,84,21,1599,136,78,5152 1,1,1,1,1,1,1,1,1,1
1433 1
319,55,2015,100,32,63,1287 1,1,1,1,1,1,1
459,1210,36,6809,2,742,1306,9206,3316,9207,2,96 1,1,1,1,1,1,1,1,1,1,1,1
