67,54,4,18214,1635,168,55,28,414,4,5305,3,4371,509,47,8803,2175,4,281,297,451,4,4188,3,3895,3,107 1,1,1,1,1,1,1,1,1,1,1,1,1,1,1,1,1,1,1,1,1,1,1,1,1,1,1
54,7,168,4,18215,426,4,2095,282,4,2008,379,3256,13,151,3,142,3,2207,121,61,13,301,788,48,34,5,226,7,184,5,20,514,10,46,525,2095 1,1,1,1,1,1,1,32,1,1,1,1,1,1,4,1,7,1,15,1,1,1,1,1,1,1,1,1,1,1,1,1,3,3,3,3,32
92,1196,99,3097,3,186,18,1005,6,301,788,7,188,34,3,75,626,5,20,424,13,226,7,184,43,3896 1,1,1,1,1,1,1,1,1,1,1,1,1,1,1,1,1,1,1,1,1,1,1,1,1,1
18,758,454,1766,19,3257,286,5,4189,3764,18,38,15,916,1197,7,4593,3,75,2072,10,686,7,3656,247 1,1,1,1,1,1,1,1,1,1,1,1,1,1,1,1,1,1,1,1,1,1,1,1,1
18,20,2016,19,953,12,6,230,17,626,386,342 1,1,1,1,1,1,1,1,1,1,1,1
904,111,525,563,185,5,15,241,570,7,24,48,20,72,17,88,205,7,621,1899 1,1,1,1,1,1,1,1,1,1,1,1,1,1,1,1,1,1,1,1
7,55,3,18,20,98,1005,10,46,185,63,366,12,6,12811,12,6,230,13,62,4790,7,125,3,37,1295,467,10,2520,19,1442,5621,3,15,231,42,1449,7,24,5012,20,514,5,18216,35,60,35,251,13,15,889,3433,3,295,12,6494,58,1298 1,1,1,1,1,1,1,1,1,1,43,43,43,43,43,1,1,1,1,1,1,1,1,1,1,1,1,1,1,1,1,22,22,22,22,22,22,22,22,22,1,1,1,3,3,3,3,32,3,3,3,3,1,1,1,1,1,1
24,309,20,514,10,52,883,51,5,24,614,111,717,5013,115,10,335,42,260,27,372 1,1,1,1,1,1,1,1,1,1,1,1,1,1,1,1,1,1,1,1,1
1038,6495,111,811,2537,13,504,293,62,3434,20,469,13,24,417,6005,1539,94,67,12,6,3258,3,75,3897,10,6,417,7,6496,3,3330,5,5622 1,1,1,1,1,1,1,1,1,1,1,1,1,1,1,1,1,1,1,1,1,1,1,1,1,1,1,1,1,1,1,1,1,1
15,4034,20,469,12,6,445,149,35,60,13,24,417,3898,146,35,7810,3,1238,12,6,3535 1,1,1,1,1,1,1,1,1,1,1,1,1,1,1,1,1,1,1,1,1,1
19,688,10,6,1635,3,18,20,2016,3,3098,3,52,19,247,6496,27,18217,3,3330,27,18218,5,5622,27,18219 1,1,1,1,1,1,1,1,1,1,1,1,1,1,1,1,1,1,1,1,1,1,1,1,1,1
24,2318,20,67,35,3025,3,24,6006,1646,13,62,417,8806,7,18220,24,1207 1,1,1,1,1,1,1,1,1,1,1,1,1,1,1,1,1,1
20,10267,3,523,3899,1815,3,6005,1539,148,7,3765,3,75,866,471,1226,586,5,231,19,6,65,7,24,168 1,1,1,1,1,1,1,1,1,1,1,1,1,1,1,1,1,1,1,1,1,1,1,1,1,1
18,5014,15,807,115,10,2073,19,6,744,7,168,139,18,370,15,228,7,2404,247,12,6,481,7,15,2405,349,115,10,18221 1,1,1,1,1,1,1,1,1,1,1,1,1,1,1,1,1,1,1,1,1,1,1,1,1,1,1,1,1,1
7069,20,1190,247,3,75,1007,268,1623,7,24,3099 1,1,1,1,1,1,1,1,1,1,1,1
855,1909,633,2315,575,10,1606,24,523,467,135,2178,5,1623,24,3099,13,24,2776,471,1226,12812,5,15,336,2284,1226,180,5,231,6007 1,1,1,1,1,1,1,1,1,1,1,1,1,1,1,1,1,1,1,1,1,1,1,1,1,1,1,1,1,1,1
186,24,6006,894,10,2905,963,10310,973,13,62,118,8806,7,18222,3,6,103,1191,20,454,5,6,1771,20,1049,10,2843,24,6496,35,572,3,75,20,286,1500,467,10,18223,13,24,5622,46,68,2843,650,5,86,3330,5,7069 1,1,1,1,1,1,1,1,1,1,1,1,1,1,1,1,1,1,1,1,1,1,1,1,1,1,1,1,1,1,1,1,1,1,1,1,1,1,1,1,1,1,1,1,1,1,1,1,1,1,1,1
6,28,20,98,1515,19,7811,5,676,247,17,24,2095 1,1,1,1,1,1,1,1,1,1,1,1,32
1694,4,106,151,317,58,287,1054,1874,494,13,79,1499,838,17,170,129,2682,7,666,33,858,5302,82,3,4190,82,3,2433,7812,82 1,1,1,4,1,1,1,1,1,1,1,1,1,1,1,1,1,1,1,1,1,1,1,1,1,1,1,1,1,1,1
1044,260,18224,100,2538,2017,771,33,110,100,964,12,1826,4791,1416,3331,687,635,33,703,3,862,6497,127,4,800,33,2099,2071,78,47,383,29,2099,39,169,10,168,4,274,231,22,25,32,1405,829,22,25,305,252,547,22,25,32,950,231,22,25,32,622,647,25,69,1816,2534,22,25,305,4374,141,2365,25,32,289,125,22,25,32,4373,125,22,25,276,218,171,22,25,32,348,945,22,25,69,729,515,25,32,2677,215,22,25,69,1144,4,245,12,12803 1,1,1,1,1,1,1,1,1,1,1,1,1,1,1,1,1,1,1,1,1,1,1,1,1,1,1,1,1,1,1,1,1,1,1,1,1,1,1,55,1,1,1,1,1,1,1,1,1,11,1,1,1,1,1,1,1,1,1,21,1,1,1,1,1,1,1,1,1,1,1,1,1,1,1,1,1,1,12,1,1,1,1,44,1,1,1,1,17,1,1,1,1,20,1,1,1,1,1,1,1,1,1,1,1,1,1
18,14,920 1,1,1
18,245,13,24,1037 1,1,1,1,1
677,2209,4792,13,1231,174,51,74,14,11,30,7,4592,4035 1,1,1,1,1,1,1,1,1,1,1,1,1,1
919,5015,355 1,1,1
1022,4,848,110,687,164 1,1,1,1,1,1
11,256,658,3,5308,3,2619 1,1,1,1,1,1,1
579,4,35,55,12,282 1,1,1,1,1,1
77,4,701,4,18225,18226,1541,6005 1,1,1,1,1,1,1,1
18227,3765,18228,18229,18230,42,19,4594,829,207,4,1789,6498,428,3,2016,3,3098,227,4,863,3,18231,12,469,13,3087,2284,19,266,10311,10,766,6008,136,4,332,3,296,1693,3,11,309,3,11,1935,1334,12,6,136,1177,9,4034,1696,187,1068,8,48,4,751,1069,66,574,3,11,407,3,876,3,26,4793,1910,4,455,409,304,310,3,11,1099,3,4595,18232,3,3434,12,469,3,1197,27,12813,362,4,152,3,396,3,409,588,3,11,1482,3,3434,1696,70,1068,1714,4,565,93,1069,3,217,1032,133,61,1069,3,617,5,60,1070,352,4,3098,3,31,1170,2270,196,4,11,277,3,2432,26,750,532,4,1697,19,168,143,44,708,2406,3,1817,5623,3,2961,7,8807,3,75,557,963,680,19,6,65,7,24,168 1,1,1,1,1,1,1,1,1,1,1,1,1,1,1,1,1,1,1,1,1,1,1,1,1,1,1,1,1,1,1,1,1,1,1,1,1,1,1,1,1,1,1,1,1,1,1,1,1,1,1,1,1,1,1,1,1,1,1,1,1,1,1,1,1,1,1,1,1,1,1,1,1,1,1,1,1,1,1,1,1,1,1,1,1,1,1,1,1,1,1,1,1,1,1,1,1,1,1,1,1,1,1,1,1,1,1,1,1,1,1,1,1,1,1,1,1,1,1,1,1,1,1,1,1,1,1,1,1,1,1,1,1,1,1,1,1,1,1,1,1,1,1,1,1,1,1,1,1,1,1,1,1,1,1,1,1,1,1,1,1,1,1,1,1
22,20,1715,344,3,75,20,2580,13,18233,7,22,247 1,1,1,1,1,1,1,1,1,1,1,1,1
417,345,270,501,3,75,1295,467,10,4794,4795,478,20,3259,19,168,3,75,1295,467,10,2906,27,8808 43,43,43,43,43,43,43,43,43,43,1,1,1,1,1,1,1,1,1,1,1,1,1,1
1228,143,344,416,448,13,44,1131 1,1,1,1,1,1,1,1
417,349,1245,3,75,118,10,171,5,286,369,10,7064,333,894,66,171,467,10,1716,19,65,7,168,225,900,552 1,1,1,1,1,1,1,1,1,1,1,1,1,1,1,1,1,1,1,1,1,1,1,1,1,1,1
4596,143,44,5,211 1,1,1,1,1
2621,44,708,185,1067,12,481,7,247,676 1,1,1,1,1,1,1,1,1,1
7813,7813,7813,7813,7813,18234,18235,12814,10312,18236,4375,18237,9,2049,8,897,18238,9,83,8,18239,9,83,8,18240,9,83,8,10313,9,83,8,1336,18241,9,83,8,18242,9,83,8,3627,9,83,8,3766,2777,9,83,8,3332,9,83,8,3169,18243,9,83,8,18244,9,83,8,18245,9,83,8,8809,9,83,8,772,520,4,1579,5272,9,292,8,2444,4036,9,83,8,926,2018,9,59,8,580,2948,9,292,8,417,4376,20,18246,3,75,2122,265,115,10,18247,12,6,744,7,24,168 1,1,1,1,1,1,1,1,1,1,1,1,1,1,1,1,1,1,1,1,1,1,1,1,1,1,1,1,1,1,1,1,1,1,1,1,1,1,1,1,1,1,1,1,1,1,1,1,1,1,1,1,1,1,1,22,22,22,22,1,1,1,1,1,1,1,1,1,1,1,1,1,1,1,1,1,1,1,1,1,1,1,1,1,1,1,1,1,1,63,63,63,63,63,1,1,1,1,1,1,1,1,1,1,1,1,1,1,1,1,1
506,4,100,954,675,10314,7814,1991,394,155 1,1,1,1,1,1,1,1,1,1
40,550,52,93,26,854 1,1,1,1,1,1
11,742,997,792,26,10315 1,1,1,1,1,1
694,849,7,6,290,53,194,1443,450,1334,998 1,1,1,1,1,1,1,1,1,1,1
7815,1862,5,2953,632 1,1,1,1,1
3657,1862,10,3021 1,1,1,1
241,18248,78,47,383,29,1190,1638,4,11,202,7,621,1899,3,2172,4037,27,92,1219 1,1,1,1,1,1,1,1,1,1,1,1,1,1,1,1,1,1,1,1
100,2622,12,6,1048,2683,7,6,473,5,194,1443,3,543,13,1834,1988,854 1,1,1,1,1,1,1,1,1,1,1,1,1,1,1,1,1,1
18249,2239,1390,5,381,100,997,792,3,543,13,350,93 1,1,1,1,1,1,1,1,1,1,1,1,1
5309,4796,243,12,6,1768,7,6,3333 1,1,1,1,1,1,1,1,1
1154,1631,158,15,2177,5,10316 1,1,1,1,1,1,1
100,153,4796,3,6,4038,7,75,57,543,13,3435,2177 1,1,1,1,1,1,1,1,1,1,1,1,1
5002,687,3026,3,13,548,7,4796 1,1,1,1,1,1,1,1
4597,1165,4,11,202,7,5310,762,4039,3,504,509,61,177,12,230,27,18250,4,924,3,2357,12,50,3,645,3,1415,3,2773,3,2445,177,12,230,27,18251,4,3876,3,4593,3,2357,12,50,3,2473,3,2773,3,2445,177,19,1635,168,4,924,27,3650,3,2127,3,53,789,5311,893,3,2100,643,2357,12,6499,3,1684,643,12,645,3,1016,3,1415,390,177,929,552,139,1635,168,4,924,27,1035,3,2127,3,53,789,5311,893,3,2100,643,2357,12,6499,3,645,3,1016,3,1415,538 1,1,1,1,1,1,1,1,1,1,1,1,1,1,1,1,1,1,1,1,1,1,1,1,1,1,1,1,1,1,1,1,1,1,1,1,1,1,1,1,1,1,1,1,1,1,1,1,1,1,1,1,1,1,1,1,1,1,1,1,1,1,1,1,1,1,1,1,1,1,1,1,1,1,1,1,1,1,1,1,1,1,1,1,1,1,1,1,1,1,1,1,1,1,1,1,1,1,1,1,1,1,1,1,1,1,1,1,1,1,1,1
339,4,2008,379,3256,13,151,3,142,3,2207,121,61,13,525,2095,13,1559,5012,3,110,2836,251,5,14,132,12,6500,5,4191,5274 1,1,1,1,1,1,4,1,7,1,15,1,1,1,1,32,1,1,1,1,1,1,1,1,1,1,1,1,1,1,1
104,4,176,644,1342,4,6500,5274,4,86,18252,5,10317,1623,13,3330,3,6496,3,7069,3,839,10,2843,6496,10,988,5016,5,118,6006,3,86,10,745,633,2315,855,35,18,197,6501,1048,284,290,10,1501,858,3,3099,839,270,1188,3,839,10,1107,6006,270,2282,3,439,336,2284,13,839,10,1107,270,279,3,3767,4795,478,178,644,325,4,2095,3,791 1,1,1,1,1,1,1,1,1,1,1,1,1,1,1,1,1,1,1,1,1,1,1,1,1,1,1,1,1,1,1,1,1,1,1,1,1,1,1,1,1,1,1,1,1,1,1,1,1,1,1,1,1,1,1,1,1,1,1,1,1,1,1,1,1,1,1,1,1,1,1,1,1,1,1,1,1,1,32,1,1
252,3,423,3,676,3,7811,3,659,1534,5,1176,12,481,7,1440,3,41,144,865,195,644,239,4,137,924,3,19,4797,253,4191,5274,4,1834,927,1900,284,2844,3,11,202,7,174,2366,1085,3,1495,3260,13,18253,247,138,2658,7,95,124,225,6,80,388,65,3,144,10318,3,41,46,266,3900,10,12753,2446,268,134,1936,346,142,4,137,1440,3,659,148,254,460,151,4,659,348,3,1825,652,1927,4,1198,17,132,13,6502,19,3436,6008,833,1155,4,676,247,3,2319,247,69,995,726,161,4,296,726,1079,2623,4,401,1954,7,199,39,483,4192,18254,6009,3,229,33,710,47,18255,3768,385,3,499,7,281,297 11,1,87,1,1,1,1,1,1,1,1,1,1,1,1,1,1,1,1,1,1,1,1,1,1,1,1,1,1,1,1,1,1,1,1,1,1,1,1,1,1,1,1,1,1,1,1,1,1,1,1,1,1,1,1,1,1,1,1,1,1,1,1,1,1,1,1,1,1,1,1,1,1,1,1,1,7,1,1,1,1,1,1,1,1,4,1,1,17,1,56,1,1,1,1,1,1,1,1,1,1,1,1,1,1,1,1,1,1,1,1,1,1,1,1,1,1,1,1,1,1,1,1,1,1,1,1,1,1,1,1,1,1,1,1,1,1,1,1,1,1,1
