69,49,4,16184,11396,2,16185,2,6186,6,29,20,201,12,4866,13,427,2,58,9256 1,1,1,1,1,1,1,1,1,1,1,1,1,1,1,1,1,1,1,1
1868,74,99,20,177 1,1,1,1,1
6,29,20,201,5,755,42,260 1,1,1,1,1,1,1,1
361,125,6,1868,74,99,17,885,7,6,29,74,78,89,2,179,2,128,30,2,163,7,213,2,5,93,73 1,1,1,1,1,1,1,1,1,1,1,1,1,1,1,1,1,1,1,1,1,1,1,1,1,1,1
858,391,4,484,19,882 1,1,1,1,1,1
30,7,156,360,4,15,9251,471,1632,12,42,24,128,1360,7,15,11397,484,19,24,225,1585,5,80,2,362,1585,53,610,268,2721,271,1054 1,1,1,1,1,1,1,1,1,1,1,1,1,1,1,1,1,1,1,1,1,1,1,1,1,1,1,1,1,1,1,1,1
16,21,11,572,1417,2,11,44,34 1,1,1,1,1,1,1,1,1
6,29,1109,10,4275,12,11398,183,123,146,2,2418,12,9257,10,4275,110,16186,13,24,128,401 1,1,1,1,1,1,1,1,1,1,1,1,1,1,1,1,1,1,1,1,1,1
16,21,15,30,7,403,118,167,17,71,16,14,290,235,2,3325,2,5,1133,5,14,2492,13,472,77 1,1,1,1,1,1,1,1,1,1,1,1,1,1,1,13,1,1,23,1,1,1,1,1,1
16,687,962,24,882,129,31,2721 1,1,1,1,1,1,1,1
84,20,316,80,37,6,128,4867,10,6889,32,16,20,1360,7,15,484,37,16,39,610,264,388,7,472,1585,193 1,1,1,1,1,1,1,1,1,1,1,1,1,1,1,1,1,1,1,1,1,1,1,1,1,1,1
6,29,74,567,267,37,18,16187,170,280,928,9258,5,1282,37,6,484,1220,819,6,9258,16188,7838,2808,24,1585,12,37,1084,2270,2,68,14,5234,13,160,7,11399 1,1,1,1,1,1,1,1,1,1,1,1,1,1,1,1,1,1,1,1,1,1,1,1,1,1,1,1,1,1,1,1,1,1,1,1,1,1
16,85,113,50,160,7,188,580,1570,142,12,24,882 1,1,1,1,1,1,1,1,1,1,1,1,1
6,386,388,14,1025,193,113,31,7839,10,6,1382,5,14,839 1,1,1,1,1,1,1,1,1,1,1,1,1,1,1
6,29,267,37,16,11400,151,16,14,286,12,6,1621,9257,662,2,48,113,31,16189,87,1309 1,1,1,1,1,1,1,1,1,1,1,1,1,1,1,1,1,1,1,1,1,1
21,450,655,5,702,7,102,3287,71,21,31,1599 1,1,1,1,1,1,1,1,1,1,1,1
16,21,39,11,834,255,7,194,5,11,44,34 1,1,1,1,1,1,1,1,1,1,1,1
78,89,30,4,182,17,127,2,1826 1,1,1,1,1,1,10,1,1
16,21,11,30,7,877 1,1,1,1,1,1
78,545,30,4,11,182,545,1564 1,1,1,1,1,1,1,1
179,30,4,16,14,15,78,1055,2,113,31,1656,26,245,840 1,1,1,1,1,1,8,8,8,1,1,1,1,1,1
295,13,24,128 1,1,1,1
128,30,4,2350 1,1,1,1
163,7,213,4,355,2,66 1,1,1,1,1,1,1
137,4,21,11,137 1,1,1,1,1
93,122,4,16,14,1040,2,413,2,12,11,326,2,1285 1,1,1,1,1,1,1,1,1,1,1,1,1,1
43,5,185,520,359,2,7840,16190,41,19,674,662 1,1,1,1,1,1,1,1,1,1,1,1
24,73,14,483,820,17,11399,10,6,225,1585,13,188,580,1570,142,193,5,617,5235,79,193,1025,5,6,1585,316,423,10,6,751,337 1,1,1,1,1,1,1,1,1,1,1,1,1,1,1,1,1,1,1,1,1,1,1,1,1,1,1,1,1,1,1,1
16,21,2299,5,1025,2,171,2493,2293,243,12,6,744 1,1,1,1,1,1,1,1,1,1,1,1,1
6,468,7,24,122,14,483,13,90,226,5,194,302 1,1,1,1,1,1,1,1,1,1,1,1,1
303,441,408,4,6,29,1660,21,11,1492,10,433,15,1925,12,16191 1,1,1,1,1,1,1,1,1,1,1,1,1,1,1,1
16,6187,286,63,2072,17,9257,203,19,1367,10,6,303,441 1,1,1,1,1,1,1,1,1,1,1,1,1,1
47,5236,13,170,5,24,128,27,4018,173,6,301,10,2073,433,15,763,203,1925 1,1,1,1,1,1,1,1,1,1,1,1,1,1,1,1,1,1,1
16,20,124,6,11401,17,6,16192,144,5,11402,7841 1,1,1,1,1,1,1,1,1,1,1,1
16,21,173,102,236,7,24,77,52,5,16,14,936,37,16,40,301,10,125,4276 1,1,1,1,1,1,1,1,1,1,1,1,1,1,1,1,1,1,1,1
6,128,2425,6,2546,7,38,2150 1,1,1,1,1,1,1,1
763,494,4,80,14,3625 1,1,1,1,1,1
16,14,936,10,126,24,77,32,1788,10,7842,6,744,10,1248,6,388 1,1,1,1,1,1,1,1,1,1,1,1,1,1,1,1,1
642,4,874,12,2964,630,10,207,100,13,6,763,203,312 1,1,1,1,1,1,1,1,1,1,1,1,1,1
526,11403,2,6186,96 1,1,1,1,1
495,4,11404,276,4,11404,597,42,4,11403,2,6186,813,16193,4019,232,31,177,42,240,312,232 1,1,1,1,1,1,1,1,1,1,1,1,1,1,1,1,1,1,1,1,1,1
