67,54,4,18397,7083,3,7834,47,12857,350,278,43,64,5650,17,355,7,545,50,46,221,5,101,6,28,5,740,13,6,30,158,282,3,1694,3,254,3,233,3,150,403,3,579,29,12867,3,149,3,264,3,192,5,104,35,135,64,7087 1,1,1,1,1,1,1,1,1,1,1,1,1,1,1,1,1,1,1,1,1,1,1,1,1,1,1,1,1,1,1,1,1,1,1,1,1,1,1,1,1,1,1,1,1,1,1,1,1,1,1,1,1,1,1,1,1
1656,3,1273,379,522,13,95,657,822,12,18398,9,31,591,918,8,121,242,60,597,117,65,1676,186,18,387,1719,788,529,3,6519,263,5,20,55,10,46,658,880,7,1600,42 1,1,1,1,1,1,1,1,1,1,1,1,1,1,1,1,1,1,1,1,1,1,1,1,1,1,1,1,1,1,1,1,1,1,1,1,1,1,1,1,1,1
12,230,3,28,20,1607,211 1,1,1,1,1,1,1
18399,1638,100,545,73,12,394,1264,1444,73,5,1745,12,1587,843,182 1,1,1,1,1,1,1,1,1,1,1,1,1,1,1,1
28,20,126,19,5027,676 1,1,1,1,1,1
1694,639,17,2035,3,717,212,3,53,997,240,96,43,18400,3,803,3,142,3,287,3,1343,452,139,164,180,87,183,254,158,4,1994,3,236,3,780,3,676,238,215,18401,3,334,615,87,183 1,1,1,3,1,1,10,1,1,1,1,1,1,1,1,1,1,7,1,15,1,1,1,1,1,1,1,1,1,1,1,1,1,12,1,28,1,1,1,1,1,1,5,5,5,5
150,403,639,17,4,723,2488,2492,12,5326,13,63,1745 1,1,1,1,1,1,1,1,1,1,1,1,1
12867,4,880,1914,42,19,3180,3,292,853,3,364,1273,3,148,18402,187,125,814,1250 1,1,1,1,1,1,1,1,1,1,1,1,1,1,6,6,1,1,1,1
3531,91,130,455,11,3320,155,377,588,783,531,4,2183,2915,3,673,100,93,149,639,17,4,349,558,3875,5651,18403,501,241,570,311,742,1935,545,73,5,100,473,5,194,120,29,18404,29,1745,12,53,1100,5,443,5,2183,562,813 1,1,1,1,1,1,1,1,1,1,1,1,1,1,1,1,1,1,1,1,1,1,1,1,1,1,1,1,1,1,1,1,1,1,1,1,1,1,1,1,1,1,1,1,1,1,1,1,1,1,1,1,1,1
713,559,335,42,3,3342,2074,658,989,3,3031,442,18405,29,1501,4388,3,2782,13,187,3540,9,118,3031,3,658,978,159,99,713,8,339,4,742,100,545,3,1607,211,202,7,1501,4586,3,185,103,898,3,2130,75,186,2411,1627,28,12,341,1915,17,118,10364,828,971,2782,13,70,10,53,3540,803,2324,4,420,5643,3343,4198 1,1,1,1,1,1,1,1,1,1,1,1,1,1,1,1,1,1,1,1,1,1,1,1,1,1,1,1,1,1,1,1,1,1,1,1,1,1,1,1,1,1,1,1,1,1,1,1,1,1,1,1,1,1,1,1,1,1,1,1,1,1,1,1,1,1,1,1,1,1,1,1,1,1,1
5327,14,37,6,28,21,828,1745,12,634,73,5,21,15,2782,13,70,10,53,3540,5,14,27,341,17,690,9,693,4198,41,31,1468,381,1745,66,1881,8,5,37,18406,898,3,2130,3,5,713,469,28,12,341,1915,17,118,10364 1,1,1,1,1,1,1,1,1,1,1,1,1,1,1,1,1,1,1,1,1,1,1,1,1,1,1,1,1,1,1,1,1,1,1,1,1,1,1,1,1,1,1,1,1,1,1,1,1,1,1,1,1,1
191,31,420,7088,12,37,28,14,1607,211,5,341,17,1939,7837,1399,1255,12,1025,3504 1,1,1,1,1,1,1,1,1,1,1,1,1,1,1,1,1,1,1,1
368,84,10,266,18407,140,676 1,1,1,1,1,1,1
5597,2351,126,5652,3,959,17,803,941,17,1301,1186,10,1784,12,6,198,7,40,28,3,5028,4046,18408,3,710,18409 1,1,1,1,1,1,1,1,1,1,1,1,1,1,1,1,1,1,1,1,1,1,1,1,1,1,1
