69,49,4,16306,16307,308,9285,6907,1411,449,1661 1,1,1,1,1,1,1,1,1,1,1
401,566,19,349 1,1,1,1
248,123,146,11460,3334,19,1929,11461,7,11462 1,1,1,1,1,1,1,1,1,1
3078,5666,7,181,11463,100 1,1,1,1,1,1
3206,480,13,6908,5,16308 1,1,1,1,1,1
166,2184,97,420,5,80 1,1,1,1,1,1
11,508,26,469 1,1,1,1
77,211,9,896,547,8,925,2,25,33,910,1361,51,2411,1206,873,138,255,7,194,2622,9,5667,4561,8,6909,2,35,45,9,62,8,25,1980,3644,9,2649,1581,4023 1,11,1,1,1,1,1,1,1,1,1,1,1,1,1,1,1,1,1,1,1,1,1,1,1,1,1,1,1,1,1,1,1,1,1,1,1,1,1
8,3832,2,35,45,9,62,8,25,33,4,60,32,575,210,9,894,8,491,2,35,45,9,62,8,25,33,669,9,1010,8,626,2,35,45,9,62,8,25,33,184,390,2,35,45,9,62,8,25,33,4,60,32,575,1692,9,1594,397,8,9286,2,35,45,9,62,8,25,33,1461,9,4024,8,446,2,35,45,9,62,8,25,33,137,7876,2813,36,905,4,902,179,299,3833,11464,2,295,1310,2,1881,35,1860,98,1212,2,1220,1572,854,2,706,7877,3303,2,430,152,2,11,352,2,11465,4,152,2,5256,2,5257,499,4,11,16309,73,276,980,2,57,1019,2,4562,779,2111,2,646,98,102,2,3079,44,4,745,2,929,375,623,4,418,2,324,246,253,516,4,11,1505 1,1,1,1,1,1,1,1,1,1,1,1,1,1,12,1,1,1,1,1,1,1,1,1,1,1,1,25,1,1,1,1,1,1,1,1,1,1,1,1,13,1,1,1,1,1,1,1,1,1,1,1,1,1,1,1,1,1,1,1,1,1,1,1,1,1,1,1,1,1,1,1,1,1,1,1,1,1,1,1,1,1,1,1,1,1,1,1,1,1,1,1,1,1,1,1,8,8,8,8,8,8,8,8,8,8,8,8,1,1,1,1,1,1,1,1,1,1,1,1,1,1,1,1,1,1,1,1,1,1,1,1,1,1,1,1,1,1,1,1,1,1,1,1,1,1,1,1,1,1,1,1,1,1,1,1,1,1,1,1
157,349,13,6124,2,11,228,12,1118,2,171,525,243,3834,4,5258,611,54,16310,2,16311,6201,2,16312,5258,611,2,4280,733,7878,183,601,3207,2,11,1711,16313,2,11,269,467,1005,918,4500,16314,544,449,2,358,4004,169,4500,2994,1005,16315,10,2099,16316,2797,161,1254,103,7879 1,1,1,1,1,1,1,1,1,1,1,1,1,1,1,1,1,1,1,1,1,1,1,1,1,1,1,1,1,1,1,1,1,1,1,1,1,1,1,1,1,1,1,1,1,1,1,1,1,1,1,1,1,1,1,1,1,1,1,1,1,1,1
11,9287,16317 1,1,1
1815,13,2814,447,873,98,481,123 1,1,1,1,1,1,1,1
1542,456,35,2779,10,4025 1,1,1,1,1,1
2630,3655,124,80,32,29,319,31,2570,97,3655 1,1,1,1,1,1,1,1,1,1,1
4026,84,14,268,271,83,159,2,5668,1735,146,271,11464,71,14,6,5259,12,6,948 1,1,1,1,1,1,1,1,1,1,1,1,1,1,1,1,1,1,1,1
165,116,4,2571,184,390,25,33 1,10,1,1,13,1,1,1
186,4871,4,185,262 1,1,1,1,1
887,1005,249,565,4,177,2353,10,2803,11466,2,383,352,7880,5669,710,4027,2,96 1,1,1,24,1,1,1,1,1,1,1,1,1,1,1,1,1,1,1
