69,49,4,16388,384,4,279,10,2652,203,17,808,10,500,3433,234,4,64,14,15,1516,292,16389,104,937,2015,32,63,9299,4889,104,21,31,2015,288,576,10,5271,17,23,4289,477,104,21,288,3824,2499 1,1,1,1,1,1,1,1,1,1,1,1,1,1,1,1,1,1,1,1,1,1,1,1,1,1,1,1,1,1,1,1,1,1,1,1,1,1,1,1,1,1,1,1,1,1,1
552,5268,20,97,201,17,63,1894,73,12,11496,117,71,18,21,11497,23,356,4290 1,1,1,1,1,1,1,1,1,1,1,1,1,1,1,1,1,1,1
7,99,2,64,20,288,201,12,189,17,1305,348,84,549,621,784,111,20,344,348 1,1,1,1,1,1,1,1,1,1,1,1,1,1,1,1,1,1,1,1
64,39,1160,1652,2,48,4291,88,1872,2,5272,2,455,2,270,2,901,142,2,26,1848,79 1,1,1,1,1,1,1,1,1,1,1,1,1,1,1,1,1,1,1,1,1,1
1545,4,216,4553,158,10,3341,9,7794,17,1427,8,216,1427,216,6806,3344,7783,4,3663,216,818,432,3840,110,4569,529,2,11498,2,11,818,11,16390,1230,32,11499,16391 1,1,1,1,1,1,1,1,1,1,1,1,1,1,1,1,1,1,1,1,1,1,1,1,1,1,1,1,1,1,1,1,1,1,1,1,1,1
7782,4,477,587,11500,335,27,11501,51,16392,2,35,1202,13,116,35,1202,120,257,4,1255,2,6220,192,4,747,385,4,111,9304,1832,9,1147,8,436,2,5171,4808,9305,2,418,11,3458,2,11,293,229,2,226,745,569,2,340,599,2,2641,918,2,2290,86,16393,2,516,918,2,148,9306 1,1,1,1,1,1,1,1,1,1,1,1,1,1,10,1,1,1,1,1,1,1,1,1,1,1,1,1,5,5,5,5,5,5,1,1,1,1,1,1,1,1,1,1,1,1,1,1,1,1,1,1,1,1,1,1,1,1,1,1,1,1,1,1,1,1,1
833,4,2641,4,931,601,16394,7,829,5273,3780,12,412,5686,52,592,19,3341,1320 1,1,1,1,1,1,1,1,1,1,1,1,1,1,1,1,1,1,1
64,2225,356,3344,1170,2304,3841,10,1026,64,42,440 1,1,1,1,1,1,1,1,1,1,1,1
592,73,324,80 1,1,1,1
64,11502,17,3344,19,16395 1,1,1,1,1,1
64,2425,2189,17,2577,7,38,1115 1,1,1,1,1,1,1,1
91,4,64,13,218,763,116 1,1,1,1,1,10,10
111,74,9304,12,2897,5,32,57,32,80 5,5,5,1,1,1,1,1,1,1
64,2424,257,27,9307,101 1,1,1,1,1,1
3984,64,11503,995,1239,356,13,440 1,1,1,1,1,1,1,1
11,160,1273,7893,5274 1,1,1,1,1
40,50,64,356,13,440,19,6221,10,3594,523,1597,11234 1,1,1,1,1,1,1,1,1,1,1,1,1
2732,4,64,411,13,135,6925 1,1,1,1,1,1,1
11,160,7,16396,19,499 1,1,1,1,1,1
1713,4,1462,11504,2,940,284,2,3842,3461,2,9308,2114,2,16397,16398,40,356,13,440,10,4292,3597,7,1001,9204,2578 1,1,35,35,1,1,1,1,1,1,1,1,1,1,1,1,1,1,1,1,1,1,1,1,1,1,1
288,3665,1510,16399,333 1,1,1,1,1
4032,4,97,1108,918 1,1,1,1,1
1108,716,80 1,1,1
692,10,55,724,17,3484,3345 1,1,1,1,1,1,1
9302,16400,232,2819,48,31,177,42,1741,232 1,1,1,1,1,1,1,1,1,1
