69,49,4,16371,16372,38,14,784,523,101,13,3662,5268,9,512,46,16373,8,2,15,1743,292,600,401,10,6218,23,280,440 1,1,1,1,1,1,1,1,1,1,1,1,1,1,1,1,1,1,1,1,1,1,1,1,1,1,1,1,1
18,21,31,201,15,1925,12,1262,159 1,1,1,1,1,1,1,1,1
18,1074,38,1115,2,490,18,39,1818,2188,588,51,236,146 1,1,1,1,1,1,1,1,1,1,1,1,1,1
18,2432,21,23,6219,16374,2,13,83,123,7,1818,1329 1,1,1,1,1,1,1,1,1,1,1,1,1
23,97,2319,2731,17,462,123,13,6,1054,4563,5,1818,1329 1,1,1,1,1,1,1,1,1,1,1,1,1,1
6,588,795,51,236,146,2,5,68,14,11,9297,110 1,1,1,1,1,1,1,1,1,1,1,1,1
18,88,87,340,34 1,1,1,1,1
18,88,16375,7,7888,2,598,18,21,16376,11490,13,15,16377,6142 1,1,1,1,1,1,1,1,1,1,1,1,1,1,1
637,4,11491,6924,1427,3104,216,306,16378,97,1108,12,16379,36,2333,9298,137,4,747,257,4,1255,2,1770,1883,2,442,4285,2997,4,1590,16380,2,48,110,9299,4889 1,1,1,1,1,1,1,1,1,1,1,1,1,1,1,1,1,1,1,1,1,1,1,1,1,1,1,1,1,1,1,1,1,1,1,1,1
11,1881,2,430,2,7745 14,14,1,1,1,1
267,35,67,16381,297,3341,151,18,39,15,1427 1,1,1,1,1,1,1,1,1,1,1
3663 1
11,726 1,1
2575,4,661,365,36,120,2,1603,335,600,36,587,7,307,439,83,3664,5,102,3187,51,3664,5,35,1202,13,116,2,35,1202,13,120 1,1,1,1,1,1,1,1,1,1,1,1,1,1,1,1,1,1,1,1,1,1,1,1,1,1,1,1,1,1,1,1
385,4,779,2,3079,2,7889,2,463,2,436,638,4,16382,111,9300,181,4,619,2,682,2,11,690,202,4,1742,27,570,725,16383,354,915,2,966,90,112,4,11,269,26,846,2,625,171,62,229,2,487,259,601,226,4,745,569,623,4,418,246,253,11,1058,2641,4,863 1,1,1,1,1,1,1,1,24,1,1,1,1,1,5,5,1,1,1,1,1,1,1,1,1,1,1,1,1,1,1,1,1,1,1,1,1,1,1,1,1,1,1,1,1,1,1,1,1,1,1,1,1,1,1,1,1,1,1,1,1,1,1,1,1
11,782,342,340,4,463,2,875,1325,261,558,168,4,11,798,2,1076,2,4567,277,812,4,2244,66,2,11,342,2290,4,43,1884,3342,2,149,2188,4031 1,1,1,1,1,24,1,1,1,1,1,1,1,1,1,1,1,1,1,1,1,1,1,1,1,1,1,1,1,1,1,1,1,1,1,1
5269,43 1,1
11,571,26,342 1,1,1,1
1108,6857,1009 1,1,1
9301,73,483,516,4,617,10,395,5270,79,9,16384,8,323,4,2359,320,4,1743,292,7890,407 1,1,1,1,1,1,1,1,1,1,1,1,1,1,1,1,1,1,1,1,1,1
114,4,161,2732,36,2233,7891,1752,218,65,7890,1120 1,1,1,1,1,1,1,1,1,1,1,1
136,38,20,23,523,656,7,2233,588,2,40,31,3105,241,2155,27,38,845 1,1,1,1,1,1,1,1,1,1,1,1,1,1,1,1,1,1
64,124,11492,2,5,963,10,126,10,69,6,7892,5,2998,7,23,6925 1,1,1,1,1,1,1,1,1,1,1,1,1,1,1,1,1
64,1938,216,4568,26,2575,7,2732,332 1,1,1,1,1,1,1,1,1
165,623,36,64,267,216,111,74,7,3633,12,6,78 1,1,1,1,1,1,1,1,1,5,1,1,1
18,20,9300,80 1,1,5,1
18,20,214,4288,10,3594,87,111,325,9,47,1805,230,244,22,25,509,8,2,5,1821,10,954,333,5,352,523 1,1,1,1,1,1,1,1,1,1,1,1,1,1,1,1,1,1,1,1,1,1,1,1,1,1,1
18,2425,6,424,2239,7,116,5,2633,37,84,14,214,2433,11493,11494,16385 1,1,1,1,1,1,1,1,1,1,1,1,1,1,1,1,1
40,207,38,1144,1831,5,16386,27,400,101 1,1,1,1,1,1,1,1,1,1
186,424,927,36,4199,1108,457 1,1,1,1,1,1,1
40,155,801,2,6926,5,1001,1075,80 1,1,1,1,1,1,1,1,1
40,1384,1631,1320,27,400,101 1,1,1,1,1,1,1
249,356,13,260,12,35,376 1,1,1,1,1,1,1
56,56,56,56,56,56,56,56,56,56,56,56,56,56,56,56,56,56,56,56,56,56,56,56,56,56,56,56,56,56,56,56,56,56,56,56,56,56,3343,11495,2,9302,3839,2,96 1,1,1,1,1,1,1,1,1,1,1,1,1,1,1,1,1,1,1,1,1,1,1,1,1,1,1,1,1,1,1,1,1,1,1,1,1,1,1,1,1,1,1,1,1
99,4,201,13,58,9303,5,285 1,1,1,1,1,1,1,1
14,7890,2,39,16387,2319,631 1,1,1,1,1,1,1
11,1108,136,6927,111,20,9300 1,1,1,1,1,1,5
58,9303,222,15,1108,2,40,207,6219 1,1,1,1,1,1,1,1,1
1732,18,14,1229,2,48,18,14,4288,10,60,257 1,1,1,1,1,1,1,1,1,1,1,1
285,2239,7,116,13,23 1,1,1,1,1,1
18,40,2576,13,58,9303 1,1,1,1,1,1
232,2819,42,3343,11495,2,9302,3839,2,96 1,1,1,1,1,1,1,1,1,1
232 1
