69,49,4,16505,378,325,1327,141,99,29,4,3107,2,2999,485,4,16506,605,49,4,7905,240,4,4896,7906,440,4,4896,7906,1026,4,16507,3107,9,16508,8,16509,384,4,5272,2,734,7907,1832,236,234,4,512,3107,14,63,7908,661,13,216,4295,62,638,343,1122,2,9328,9,103,3487,2,334,883,8,104,279,117,248,236,7,264,5272,2,734,7907,5,901,6947 1,1,1,1,1,1,1,1,1,1,1,1,1,1,1,1,1,1,1,1,1,1,1,1,1,1,1,1,1,1,1,1,1,1,1,1,1,1,1,1,1,1,1,1,1,1,1,1,1,1,1,1,1,1,1,1,1,1,1,1,1,1,1,1,1,1,1,1,1,1,1,1,1,1,1,1,1,1,1,1,1,1,1
119,24,503,104,9329,32,24,763,6229,2,512,3107,20,12,24,3160,532,173,248,236,146,2,151,18,1220,6230,264,5272,5,1872 1,1,1,1,1,1,1,1,1,1,1,1,1,1,1,1,1,1,1,1,1,1,1,1,1,1,1,1,1,1
16,533,672,4003,5,1220,9330,128,3108,13,1158,150,2,5,537,2825,173,1092,6,1477,16,20,12,20,24,2248 1,1,1,1,1,1,1,1,1,1,1,1,1,1,1,1,1,1,1,1,1,1,1,1,1,1
38,264,12,3488,191,6,78,2347,123 1,1,1,1,1,1,1,1,1
16,1351,7,106,394,12,24,52,386,48,355,21,39,11,150,900,731,26,1099,1479 1,1,1,1,1,1,1,1,1,1,1,1,1,1,1,1,1,1,1,1
16,21,39,11,134,596,2,469,2,270,2,2079,731,26,1099,274 1,1,1,1,1,1,1,1,1,1,1,1,1,1,1,1
11,280,1196 1,1,1
38,30,20,851,42,29,62,4202,10,9331 1,1,1,1,1,1,1,1,1,1
189,408,4,3445,2008,5,1825,1243,12,189,129,362,66 1,1,1,1,1,1,1,1,1,1,1,1,1
464,5,2031,716,1508,11,2890,5207 1,1,1,1,1,1,1,1
392,205,20,716,1508,11,228,65,158,2,645,68,20,15,350,383,12,6,1118,7,6,891,7909,1490,1905,7,43,94,4897 1,1,1,1,1,1,1,1,1,1,1,1,1,1,1,1,1,1,1,1,1,1,1,1,1,1,1,1,1
2901,20,66 1,1,1
64,20,265,10,378,325,17,241,1243,7,134,228,12,972,139,5,7910,470 1,1,1,1,1,1,1,1,1,1,1,1,1,1,1,1,1,1
89,30,2619,551,4,16510 1,1,1,1,1,1
493,855,1510,11540,2,4579,321 1,1,1,1,1,1,1
549,419,9332,1835,883,103,54,3487,4,16511,3199,2569,3489,832,6948,611,127,254,1413,81,341,13,336,527,4898,4580,4,2280,608,16512,1122,4,453,42,608,9333 1,1,1,1,1,1,1,1,1,1,1,1,1,1,1,1,10,16,1,4,4,1,1,1,1,1,1,1,1,1,1,1,1,1,1,1
549,2945,343,5,6884,1122 1,1,1,1,1,1
19,16513,1836 1,1,1
321,7911,11541 1,1,1
3209,1871,984,4,147,16514,764,13,523,1563,6949,984,5,3794,13,269 1,1,1,1,1,1,1,1,1,1,1,1,1,1,1,1
147,9334,43,399,212,13,5697,1241,984,5,847,6950,16515 1,1,1,1,1,1,1,1,1,1,1,1,1
68,14,15,1535,6944,3848,3983,13,15,1295,3352,1000 1,1,1,1,1,1,1,1,1,1,1,1
68,53,1535,518,5,1807,142 1,1,1,1,1,1,1
132,776,2,450,331,16516,438,632,495,1705,77,19,141,230,768,25,33,1650,9,6951,8,3669,25,59,4037,9,6231,767,8,109,22,25,33,4579,9,172,261,9335,8,35,595,25,59,210,105,22,25,33,7911,9,7912,8,109,22,25,59,4296,2826,595,9,11542,9336,8,823,22,25,59,137,4,1047,5698,36,250,2,7913,36,339,1214,128,30,4,182,128,30,17,120 1,1,1,1,1,1,1,1,1,1,1,1,1,7,1,1,1,31,1,1,1,1,1,1,1,1,1,1,1,1,1,1,1,1,1,1,1,1,1,1,1,1,1,12,1,1,1,1,1,1,1,1,1,1,1,1,1,1,1,1,1,1,1,1,1,1,1,1,1,1,1,1,1,1,1,1,1,1,1,1,1,1,1,1,1,1
179,30,4,295,13,503,104,14,763,6229 1,1,1,1,1,1,1,1,1,1
3798,2,11,430,119,444 14,1,1,1,1,1
93,73,638,4,16517,2,16518,2,16519,2,6952,2,1944,41,19,628,759,4,16520,2,436,2,1939,12,886,2393,12,991,4581,2,9337,6232,202,4,1623 1,1,1,1,1,1,1,1,5,1,1,1,1,1,1,1,1,1,1,1,1,1,1,1,1,1,1,1,1,1,1,1,1,1,1
2417,2,5282,6233 1,1,1,1
570,2,11,1930 1,1,1,1
324,1290,2,1504 1,1,1,1
623,4,418,2,11,1058,44,4,1398,340,4,463,2,133,2,875,1325 1,1,1,1,1,1,1,1,1,1,1,24,1,1,1,1,1
16521,558,516,4,11,79,2,619,2,57,2346,323,4,16522,9,2902,2,1083,8 1,1,1,1,1,1,1,1,1,1,1,1,1,1,1,1,1,1,1
16523,988,1923 1,1,1
951,1746,175 1,1,1
731,590,1028,16524,2,1028,1686,2,3804,19,54,475,2885,2,355,1028,19,1968 1,1,1,1,1,1,1,1,1,1,1,1,1,1,1,1,1,1
1099,175,16525 1,1,1
2903,918,19,7914,1203 1,1,1,1,1
672,31,4899 1,1,1
258,649,3622,2,524,2129,2,824,2501,2,689,9338,2,335,2618,2,5209,2827,2,22,2231,2,379,1439,2,792,2231,2,6858,3819,3445,1075,66,3490,848,1887,2,1437,1662,2,9339,2,90,2,11,11543,2,16526,2,11,298,2,355,148 1,1,1,1,1,1,1,1,1,1,1,1,1,1,1,1,1,1,1,1,1,1,1,1,1,1,1,1,1,1,1,1,1,1,1,1,1,1,1,1,1,1,1,1,1,1,1,1,1,1,1,1,1,1
298,2985,2,266,9340,2,443,3850,2,666,5699,2,530,1653,2031,66,1554,691,1319,9,7905,8,11,180,743 1,1,1,1,1,1,1,1,1,1,1,1,1,1,1,1,1,1,1,1,1,1,1,1,1
188,70,1638,6953,5,225,2619,5700,2,185,65,158 1,1,1,1,1,1,1,1,1,1,1,1
149,1607,7,5701,5,1744,769,4000,2247,6954,71,14,1535,2,218,11544,10,1607,7,350,1261,958,76 1,1,1,1,1,1,1,1,1,1,1,1,1,1,1,1,1,1,1,1,1,1,1
957,2171,7,7909,5,11545,557,13,1607,7,7915,1131,274 1,1,1,1,1,1,1,1,1,1,1,1,1
464,9,7905,8,4,918,205,1319,9,7905,8,11,160,7,63,180,2634,1460 1,1,1,1,1,1,1,1,1,1,1,1,1,1,1,1,1,1
829,264,5275,7,6,891,7909,13,264,5701,11546 1,1,1,1,1,1,1,1,1,1,1
598,38,218,4297,11547,142,13,16527,719,5275,2,539,43,94,4897,12,6,4900,979,644 1,1,1,1,1,1,1,1,1,1,1,1,1,1,1,1,1,1,1,1
147,4,399,212,2,2961,1563,1241,984,13,777,16528 1,1,1,1,1,1,1,1,1,1,1,1
52,1000,2823,5,1598,42,157,12,2535,354,854 1,1,1,1,1,1,1,1,1,1,1
242,75,114,7908,661,13,216,4295,62,638,343,1122,2,16529,9,293,238,103,3487,2,883,8,104,279,13,248,236,7,734,5272,2,7907,2,672,4003,5,901,6947 1,1,1,1,1,1,1,1,1,1,1,1,1,1,1,1,1,1,1,1,1,1,1,1,1,1,1,1,1,1,1,1,1,1,1,1,1,1
6,1187,7,38,16530,836,884 1,1,1,1,1,1,1
124,24,43,870,2,43,464,5,43,2031,2,63,2890,1187,14,2081 1,1,1,1,1,1,1,1,1,1,1,1,1,1,1,1
1693,17,15,16531,1187,2,1375,2904,26,5702,2,14,2081,124,205,5,691,457 1,1,1,1,1,1,1,1,1,1,1,1,1,1,1,1,1,1
278,2,16532,76,176,55,15,1754 1,1,1,1,1,1,1,1
124,6,1961,2082,696,7,115,2,834,4295,62,1122,14,553,218,2,645,2291,696,7,4295,62,176,2122,10,50,15,2082,696,7916,490,15,4552,7,6234,42,128,3108,21,61,6955,434,6,1460,4901,20,12,1708,268,16533 1,1,1,1,1,1,1,1,1,1,1,1,1,1,1,1,1,1,1,1,1,1,1,1,1,1,1,1,1,1,1,1,1,1,1,1,1,1,1,1,1,1,1,1,1,1,1,1,1,1
32,1805,12,6,205,457,2,43,94,4897,176,55,15,1754,2,645,6,2364,7,1196,3154,38,553,218 1,1,1,1,1,1,1,1,1,1,1,1,1,1,1,1,1,1,1,1,1,1,1,1
2901,716,12,6,189,20,1394,5,31,2327,17,486 1,1,1,1,1,1,1,1,1,1,1,1
153,241,494,10,539,209,55,63,11548,1460,2,2112,239,10,127 1,1,1,1,1,1,1,1,1,1,1,1,1,1,10
15,268,1734,1187,454,85,55,2905,12,38,29 1,1,1,1,1,1,1,1,1,1,1
438,319,2291,7917,4901,13,5272,5,7907,2,1540,12,6,2024 1,1,1,1,1,1,1,1,1,1,1,1,1,1
278,2,84,14,1169,10,6235,1021,38,12,6,2615,7,15,6229,2,32,512,3107,14,281,1169,10,2152,13,6236 1,1,1,1,1,1,1,1,1,1,1,1,1,1,1,1,1,1,1,1,1,1,1,1,1,1
1122,4,464,2,2031,66 1,1,1,1,1,1
16534,66,17,180,2904,2192 1,1,1,1,1,1
373,218,4298,53,834,343,638,4295,62,1122 1,1,1,1,1,1,1,1,1,1
40,2728,240,539,1734,470,126,7911,17,2249,4295,62,40,470,323,17,583,7,4295,62,5,241,1243,7,380,486,216,2619,551,4,281,19,4579,9,31,19,493,239,10,1111,328,8,2,40,126 1,1,1,1,1,1,1,1,1,1,1,1,1,1,1,1,1,1,1,1,1,1,1,1,1,1,1,1,1,1,1,1,1,1,1,1,1,1,1,1,1,1,1,1,1
2434,4,40,247,2153,254,4,126,210,390,25,33,116,4,556,1210,4,2052,19,4579,17,2904,3446 4,1,1,1,1,16,1,1,12,1,1,1,10,1,7,1,1,1,1,1,1,1,1
715,139,4,40,301,10,1022,13,503,1775 1,1,1,1,1,1,1,1,1,1
4574,1654,5703,2,195,705,46,16535 1,1,1,1,1,1,1,1
