67,54,4,18987,5368,3,7922,10530,10531,281,297,424,40,1912,1741 1,1,1,1,1,1,1,1,1,1,1,1,1,1,1
696,358,13,106,5,776,369,17,513 1,1,1,7,1,15,1,1,1
23,612,81,7,182,5,174,81,7,182,14,2184,72 1,1,1,1,1,1,1,1,1,1,1,1,1
16,49,3571,1541,501,22,25,69,5,2684,108,22,25,69 1,1,74,1,1,1,1,1,1,13,1,1,1,1
16,21,11,234 1,1,1,1
19,101,89,3,23,140,14,7896,842,29,148,14,3089,29,227,77,14,569,29,48,14,91,29,130,111,15,152,1298,213,29,291,101,14,703,29,779,14,1084,72,97,240 1,1,1,1,1,1,1,1,1,1,1,1,1,1,1,1,1,1,1,1,1,1,1,1,1,1,1,1,1,1,1,1,1,1,1,1,1,1,1,1,1
192,4,6,28,14,12,232,211,436 1,1,1,1,1,1,1,1,1
50,41,3279,128,63,154,5,4235,201,15,3406 1,1,1,1,1,1,1,1,1,1,1
50,41,122,201,12,223,7124,129 1,1,1,1,1,1,1,1
2869,3459,7165,3,107 1,1,1,1,1
806,4,10530,825,4,18988,843,4,10530 1,1,1,1,1,1,1,1,1
