67,54,4,18989,5368,3,7922,13082,10532,293,5368,369,17,96,115 1,1,1,1,1,1,1,1,1,1,1,1,1,1,1
16,14,191,60,12,207 1,1,1,1,1,1
23,81,7,182,14,492,72 1,1,1,1,1,1,1
16,14,1751,12,15,1590,1902,5,12,15,854,1244 1,1,1,1,1,1,1,1,1,1,1,1
77,4,16,21,15,63,94,7,3936,89 1,1,1,1,1,6,6,6,6,1
23,48,14,91 1,1,1,1
23,130,111,11,213 1,1,1,1,1
23,291,77,14,703 1,1,1,1,1
50,272,530,10,1237,23,297,5,527,201,19,18990,125,22,25,32,5,218,125,22,25,32,5,46,201,468,188,397,10533 1,1,1,1,1,1,1,1,47,47,47,47,1,1,1,1,49,49,1,1,1,1,1,1,1,1,1,1,1
50,41,144,149,286 1,1,1,1,1
2869,3459,7165,3,107 1,1,1,1,1
806,4,10532,825,4,18991,843,4,10532 1,1,1,1,1,1,1,1,1
