69,49,4,16669,141,99,16670,234,4,16671,345,104,543,118,753,12,2421,5,21,1136,19,735,9,288,321,36,75,695,28,903,6975,393,2468,2471,8 1,1,1,1,1,1,1,1,1,1,1,1,1,1,1,1,1,1,1,1,1,1,1,1,1,1,1,1,1,1,1,1,1,1,1
16,14,61,11590,265,65,24,11591,622,174,610,251,4045,5715,27,9369,2,373,134,16672,16,14,455,739,5,185,5,14,537,1086,17,241,233,5,500,100 1,1,1,1,1,1,1,1,1,1,1,1,1,1,1,1,1,1,1,1,1,1,1,1,1,1,1,1,1,1,1,1,1,1,1,1
97,735,6253,19,3641 1,1,1,1,1
97,3643,704,97,200,227,106,1105,1709,3198,2,71,16673,12,1338,3643 1,1,1,1,1,1,1,1,1,1,1,1,1,1,1,1
999,604,764,27,1645,174,657,157,1278,1607,19,794,1511 1,1,1,1,1,1,1,1,1,1,1,1,1
16674,19,2535,48,11,280,1846,26,518,142 1,1,1,1,1,1,1,1,1,1
704,27,1986,16675,197,585,27,7943,41,13,4591,19,2506,2,751,794,2,1424,891,5,1424,786,4592,5302 1,1,1,1,1,1,1,1,1,1,1,1,1,1,1,1,1,1,1,1,1,1,1,1
16,267,188,11592,19,634,639 1,1,1,1,1,1,1
16,14,791,4512 1,1,1,1
499,4,3114,1077 1,1,1,1
637,4,178,2,565,2,81,2,1617,535,1644,5716,1765,27,420,2,1136,2508,1543,2,438,5,685 1,1,9,1,24,1,4,1,1,1,1,1,1,1,1,1,1,1,1,1,1,1,1
24,231,77,563,172,474,22,327 1,1,1,1,11,1,1,1
82,2,6246,761,22,327 1,1,1,1,1,1
1004,2,6100,5713,16676,22,327 1,1,23,1,1,1,1
82,2,3225,1951,22,327 1,1,1,1,1,1
82,2,2,857,1725,190,11593,1004,2,235,284,661,327 1,1,1,6,1,1,1,1,1,1,1,1,1
59,11594,123,2,4593,109,22,327 1,1,1,1,1,1,1,1
82,2,210,109,22,327 1,1,12,1,1,1
82,2,4586,449,22,327 1,1,1,1,1,1
1004,2,3329,196,22,327 1,1,7,1,1,1
82,2,632,775,447,22,327 1,1,1,1,1,1,1
1004,2,5,632,1883,1639,11179,190,327 1,1,1,1,1,1,1,1,1
1190 1
192,4,1703,1100,4,295,174,503 1,1,1,1,1,1,1,1
7944,990,4,318,17,120,5,178,385,4,6837,6238,723,204,41,1391,436,2,487,919,418,1778,1090,745,1097,340,463,2,133,2,875,2,1325,54,3334,1663,174,199,4908,5,1059,531,11,79,258,548,320,1909,292,661,103,118,753,5,1136,19,735,629,13,251,783 1,1,1,1,1,1,1,9,1,1,1,1,1,1,1,1,1,1,1,1,1,1,1,1,1,1,24,1,1,1,1,1,1,1,1,1,1,1,1,1,1,1,1,1,1,1,1,1,1,1,1,1,1,1,1,1,1,1,1,1,1
6,6976,7,24,331,65,1777,144,14,31,1905,7,180,164,740 1,1,1,1,1,1,1,1,1,1,1,1,1,1,1
783,4909,14,15,2433,5216,12,3204,13,1136,19,2508,136,6,7884,142,2900,10,16677,313,432,16678,11595 1,1,1,1,1,1,1,1,1,1,1,1,1,1,1,1,1,1,1,1,1,1,1
19,6,150,912,2,239,10,6,572,12,9370,3678,12,3204,37,39,3668,753,2,40,540,91,2066,17,6,400,579,697,5,11596,2,126,89,583,13,211,2,1226,2,1318,5,652 1,1,1,1,1,1,1,1,1,1,1,1,1,1,1,1,1,1,1,1,1,1,1,1,1,1,1,1,1,1,1,1,1,1,1,1,1,1,1,1,1,1
6,197,585,19,1777,704,519,1208,32,57,134,78,1588,7,729,743,2,1540,13,6,306,4592,4577,3198 1,1,1,1,1,1,1,1,1,1,1,1,1,1,1,1,1,1,1,1,1,1,1,1
75,695,28,126,150,140,257 1,1,1,1,1,1,1
75,695,28,155,7945,542,12,221 1,1,1,1,1,1,1,1
75,695,28,136,185,1131,139,2,539,16679,132,12,221,17,241,1941,173,400,735,6253,4910,19,282,457 1,1,1,1,1,1,1,1,1,1,1,1,1,1,1,1,1,1,1,1,1,1,1,1
75,695,28,40,126,235,19,11594,123 1,1,1,1,1,1,1,1,1
75,695,28,40,4226,241,1011,10,763,1724,12,221 1,1,1,1,1,1,1,1,1,1,1,1
75,695,28,1765,27,420,75,695,28,1454,1222,117,3863 1,1,1,1,1,1,1,1,1,1,1,1,1
75,695,28,40,155,3007,2,889,5637,2,16680,5,244,6254 1,1,1,1,1,1,1,1,1,1,1,1,1,1
11597,6977,11598,2,195 1,1,1,1,1
