67,54,4,19108,10559,612,2855,3417,19109,447,8982,609,1097,3,5374,7940,3,12,8979,13127,9,13133,8,19110,8983,5707,5619,7141,3,107 1,1,1,1,1,1,1,1,1,1,1,1,1,1,1,1,1,1,1,1,1,1,1,1,1,1,1,1,1,1
19111,39,599,3572,8982,609,7940,3,12,8979,882,64,7141,4,50,749,844,28,3,5374,1097,3,12,6,528,668,89,17,172,7,23,181,120,76,12,3192,7,384,938,19,1306,1469,3,2260,3,5,941,360,17,46,201,468,425,17,172 1,1,1,1,1,1,1,1,1,1,1,1,1,1,1,1,1,1,1,1,1,1,1,1,1,1,1,1,1,1,1,10,10,10,1,1,1,1,1,1,1,1,1,1,1,1,1,1,1,1,1,1,1,1,1
50,41,52,1347,15,2154,7,40,3406,10,64,2420,5704,35,172,17,2838,192,35,60 1,1,1,1,1,1,1,1,1,1,1,1,1,1,1,1,1,1,1,1
293,1097,14,15,3938,358,121,21,15,1397,7,341,709,17,181,120,76,51,14,5581,7,88,374,169,3623 1,1,1,1,1,1,1,1,1,1,1,1,1,1,10,10,10,1,1,1,1,1,1,1,1
16,21,38,71,324,17,223,125,87 1,1,1,4,4,4,4,4,4
223,267,129,183,3,16,126,19,165,3,5,16,14,132,96,43,360,27,6,1596,1915 1,1,1,1,1,1,1,1,8,1,1,1,1,1,1,1,1,1,1,1,1
23,372,95,345,38,68,12,6,471,7,1996,13,23,520,158,486,393,7,5055,3,1380,2421,3,926,7,1872,3,5,580,7,19112,23,137,39,389,17,571,5,23,174,147,158,165,596,141,189,12,6,495,3,279,189,12,6,2441,3,622,125,22,651,3,5,348,945,22,13134,16,98,49,289,335,22,135,65,3,218,171,22,135,65,3,5,236,141,22,946 1,1,1,1,1,1,1,1,1,1,1,1,1,1,1,1,1,1,1,1,1,1,1,1,1,1,1,1,1,1,1,1,1,1,1,1,1,1,1,1,1,1,8,8,1,1,1,1,1,1,1,1,1,1,1,1,21,1,1,1,1,1,17,1,1,1,1,1,1,1,1,1,1,1,1,13,1,1,1,1,1,1,12,1,1,1
23,174,341,709,57,639,17,106,3,75,21,68,4083,5,1303,365,12,6,80 1,1,1,1,1,1,1,7,1,1,1,1,1,1,1,1,1,1,1
16,14,137,19,6,218,13,758,232,179,7,23,94 1,1,1,1,1,13,1,1,1,1,1,1,1
16,21,38,776,5,14,132,191,60,19,236 1,1,1,15,1,1,1,1,1,1,12
16,109,31,238,1711,3,51,16,14,280 14,14,14,14,14,1,1,1,1,23
16,21,11,374,30,7,431,3,695,3,26,226,7,184 1,1,1,1,1,1,1,1,1,1,1,1,1,1
23,174,341,14,639,17,23,150,30,3,75,158,23,661,121,583,27,6,440,7,1000,7,62,431,35,60,35,3939 1,1,1,1,1,1,1,1,1,1,1,1,1,1,1,1,1,1,1,1,1,1,1,1,1,1,1,1
23,573,583,27,6,440,7,1232,7,19113,3,5,16,21,267,848,5,175,1020,121,57,60 1,1,1,1,1,1,1,1,1,1,1,1,1,1,1,1,1,1,1,1,1,1
16,38,62,713,582,19,1655,58,3,2260,3,12,3192,7,23,384,164,12,1306,2260,3,5,40,20,639,17,15,131,989,53,1529,13,131,2383,1562 1,1,1,1,1,1,1,1,1,1,1,1,1,1,1,1,1,1,1,1,1,1,1,1,1,1,1,1,1,1,1,1,1,1,1
1057,1038,400,14,13135,988,13,62,1505,891,1138,7,171,42 1,1,1,1,1,1,1,1,1,1,1,1,1,1
6,2184,811,5,789,766,143,8984,5,2280,543,13,778,1039 1,1,1,1,1,1,1,1,1,1,1,1,1,1
6,1362,574,766,3,1362,525,766,3,5,53,692,1503,143,4388,508,7,778,19114,26,1039 1,1,1,1,1,1,1,1,1,1,1,1,1,1,1,1,1,1,1,1,1
6,70,1529,20,44,12,978,5,400,3,6,53,2629,20,131,989,3,6,621,735,20,569,3,6,1027,735,20,416,1390,13,5627,1027,1504,3,5,6,2220,735,20,3671,44 1,1,1,1,1,1,1,1,1,1,1,1,1,1,1,1,1,1,1,1,1,1,1,1,1,1,1,1,1,1,1,1,1,1,1,1,1,1,1,1,1
23,80,39,30,14,639,17,861,1419,3,75,16,21,38,225,6,80,141,87,26,470 1,1,1,1,1,1,1,1,1,1,1,1,1,1,1,1,1,1,1,1,1
16,21,38,544,26,939,1648,3,6,372,95,175,20,267,87,183 1,1,1,1,1,1,1,1,1,1,1,1,1,1,1,1
16,98,21,6,170,1498,7,6,194,114,2826,1246,6,384 1,1,1,1,1,1,1,1,1,1,1,1,1,1
394,5682,2481,46,68,3922,35,60,758 1,1,1,1,1,1,1,1,1
16,14,3192,384,938,13,64,5704,19,1306,1469,3,5708,206,30,14,639,17,11,1711,26,541,157 1,1,1,1,1,1,1,1,1,1,1,1,1,1,1,1,1,1,1,1,1,1,1
16,21,15,7936,3432,5,1041,724,319,7,92,783,6,65,13,500,2113,1215 1,1,1,1,1,1,1,1,1,1,1,1,1,1,1,1,1,1
23,81,7,182,14,376,569 1,1,1,1,1,1,1
19,77,3,16,14,280,51,1250 1,1,1,1,1,23,1,1
63,94,14,3936,3,130,156,7,1428,5,145,3,5,140,7,5991,624 6,6,6,6,6,1,1,1,1,1,1,1,1,1,1,1,1
413,5,136,57,569 1,1,1,1,1
48,14,91 1,1,1
103,77,111,11,1161,715,1453,27,180,851 1,1,1,1,1,1,1,1,1,1
1630,14,44 1,1,1
304,5,310,57,44,13,15,2118,2111 1,1,1,1,1,1,1,1,1
74,14,62,1094,5,3264,589,891,213,27,6,53,194,1456,1876 1,1,1,1,1,1,1,1,1,1,1,1,1,1,1
291,77,14,569,97,1061 1,1,1,1,1,1
6,214,14,280 1,1,1,23
114,111,11,93,26,750 1,1,1,1,1,1
216,1700,57,44,12,4081,5,1053,97,222 1,1,1,1,1,1,1,1,1,1
443,133,57,44 1,1,1,1
23,427,4798,1145,722,44,338,239,13,202,7,356,811,431,5,500,5035,626,3,2729,868,2611 1,1,1,1,1,1,1,1,1,1,1,1,1,1,1,1,1,1,1,1,1,1
16,21,15,3570,1090,166,422,10,6,811,431 1,1,1,1,1,1,1,1,1,1,1
6,2311,14,118,13,1452,6087,2494,2308 1,1,1,1,1,1,1,1,1
293,1097,91,21,202,7,181,120,76,13,27,1376,175,778,490 1,1,1,1,1,1,10,10,10,1,1,10,10,10,10
40,38,68,2184,1497,5,20,334,15,5274,17,293,1097,10,841,40,1240 1,1,1,1,1,1,1,1,1,1,1,1,1,1,1,1,1
119,41,564,62,1813,1021,570,169,10,23,164,10,52,1671,119,46,15,476,5709,7,6,161,7,23,778,1070 1,1,1,1,1,1,1,1,1,1,1,1,1,1,1,1,1,1,1,1,1,1,1,1,1,1
12,475,3,50,1610,1175,201,10,1516,35,681,140,35,284 1,1,1,1,1,1,1,1,1,1,1,1,1,1
16,753,394,244,1751,12,1516,140,51,27,6,1122,85,954,19115,62,225,6601,37,16,41,52,449,10,191,470 1,1,1,1,1,1,1,1,1,1,1,1,1,1,1,1,1,1,1,1,1,1,1,1,1,1
50,704,6,372,1511,3013,14,530,10,52,2113,355,3,159,50,3107,16,41,3546,52,449,10,191,2643,102,308,10,1414,6602,3773,10,1516,140,19,37,1721,1272 1,1,1,1,1,1,1,1,1,1,1,1,1,1,1,1,1,1,1,1,1,1,1,1,1,1,1,1,1,1,1,1,1,1,1,1,1
119,41,144,23,19116,89,35,60,35,3515,3,5,50,41,81,571,295,13,201,35,2104,35,677,57,1382 1,1,1,1,1,1,1,1,1,1,1,1,1,1,1,1,1,1,1,1,1,1,1,1,1
50,98,773,201,10,144,19,23,63,94,27,163,5,2046,271,731,6,295 1,1,1,1,1,1,1,1,1,1,1,1,1,1,1,1,1,1
134,88,147,387,12,6,2521,3,395,191,31,1837,10,732,271 1,1,1,1,1,1,1,1,1,1,1,1,1,1,1
119,41,1533,52,449,10,1946,23,2838,341,709,161,13,23,1070,570,630,6,441,113 1,1,1,1,1,1,1,1,1,1,1,1,1,1,1,1,1,1,1,1
941,360,17,1301,271,10,575,13,23,198 1,1,1,1,1,1,1,1,1,1
8943,1150,641 1,1,1
497,8980,7941,3,229,533,43,4,8980,7941,746,19117,7942,426,4,2420,5704,107 1,1,1,1,1,1,1,1,1,1,1,1,1,1,1,1,1,1
13136,39,599,1476,8982,609,7940,3,12,8979,806,4,8983,825,4,8983,843,4,8983 1,1,1,1,1,1,1,1,1,1,1,1,1,1,1,1,1,1,1
