67,54,4,19131,404,17,112,40,14,15,1666,87,302,358,510,10,6,71,355,594,17,500,179,71,730,234,40,28,14,162,10,6,124,17,70,384,19132,30,7,61,328,6,28,21,15,125,87,30,7,317,58,71 1,1,1,1,1,1,1,1,1,1,1,1,1,1,1,1,1,4,1,1,1,1,1,4,1,1,1,1,1,1,1,1,1,1,1,1,1,1,1,1,1,1,1,1,1,1,1,1,1,4,4,4
16,1219,20,343,13,818,1325,13,500,179 1,1,1,1,1,1,1,1,1,1
137,6,28,14,343,13,1686,558,605,3,3,596,279,1230,5,348,36,19133,32 1,1,1,1,1,1,8,1,1,1,1,8,1,1,1,17,1,1,1
6,179,21,68,265,13,95,398,615,42 1,1,1,1,1,1,1,16,16,16
6,28,154,23,63,366,32,26,69 1,1,1,1,1,1,1,1,1
288,14,406,517,7,618,147,3,5,6,140,377,141,624,169,10,40,164,6,28,21,31,68,2800,43,1292 1,1,1,1,1,1,1,1,1,1,1,1,1,1,1,1,1,1,1,1,1,1,1,1,1,1
71,698,158,1383,13,504,19134 1,1,1,1,1,1,1
28,526,70,486,384,938,5,16,546,52,724,2204,2370 1,1,1,1,1,1,1,1,1,1,1,1,1
477,12,6,124,345,444,46,68,1618,19,5710,1685 1,1,1,1,1,1,1,1,1,1,1,1
80,39,30,5064,39,147,158,4,212,3,95,251,3,861,1419,3,142,3,287,3,415,283,538,3,2682,1365,1080,150,30,150,30,14,72,17,71,206,30,6,28,14,137,2461 1,1,1,1,1,1,1,1,10,1,1,1,1,1,1,1,7,1,15,1,1,1,1,1,1,1,1,1,1,1,1,1,1,1,4,1,1,1,1,1,1,1
1215,6,28,14,31,15,1095 1,14,14,14,14,14,14
81,7,182,579,4,19135,618,147,190,60,12,207 1,1,1,1,1,1,1,1,1,1,1,1
11,1393,3,796,3,1968,3,84,12,326,1215,26,361,342 1,1,1,1,1,1,1,1,1,1,1,1,1,1
90,116,7,196,3,931,473,386,411 1,1,1,1,1,1,1,1,1
2460,999,3,391,569,3,1626,211 1,1,1,1,1,1,1,1
11,418,26,616,3,555,26,678,116 1,1,1,1,1,1,1,1,1
254,289,274,2146,218,236,252,423,19136,457,532,3463,149,532,4,2504,615,42,393,1597,580,1217,347,13141,336,1573,1018,382,102,77,316,148,3126,364,447,19137,196,11,4850,3,11,71,13142,227,11,3757,3,11,3576,5377,136,11,222,1718,11,879,48,91,720,304,3,310,44,3,11,213,362,280,3,11,246,3,11,240,114,11,93,3,11,283,2367,2245,133,204,3,70,384,164,352,3410,2089,204,4240,154,204,339,808,339,14,37,16,14,137,504,179,19,23,137,6100 1,1,9,27,13,12,11,26,1,1,1,1,1,1,1,1,1,1,1,1,1,1,1,1,1,1,1,1,1,1,1,1,1,1,1,1,1,1,1,1,1,1,1,1,1,1,1,1,1,1,1,1,1,1,1,1,1,1,1,1,1,1,1,1,1,1,1,71,1,1,1,1,1,1,1,1,1,1,1,1,1,1,1,1,1,1,1,1,1,1,1,1,1,1,1,1,1,1,1,1,1,1,1,1,1,1,1,1,1
477,12,124,237,126,13,976,10,23,712,228,5,1237,35,160 1,1,1,1,1,1,1,1,1,1,1,1,1,1,1
420,808,420,57,4,19138,141,605,5,279,276,19139,108,189,1392,19140,1315,1024,1392,157,19141,1024,10,126,19142,19143,1902,8907,6600,832,3164,3,107 1,1,1,1,1,1,1,1,1,1,1,1,1,1,1,1,1,1,1,1,1,1,1,1,1,1,1,1,1,1,1,1,1
