69,49,4,16813,378,325,1327,605,99,64,4,1707,4600,512,46,4,11624,49,7,141,4,1215,579,7968,240,4,7960,132,4,608,9395,384,4,508,2197,234,4,2038,661,13,1136,19,735,5,188,2164,279,13,272,2,402,2,5737,435,9,183,534,82,8,98,51,123 1,1,1,1,1,1,1,1,1,1,1,1,1,1,1,1,1,1,1,1,1,1,1,1,1,1,1,1,1,1,1,1,1,1,1,1,1,1,1,1,1,1,1,1,1,1,1,1,1,1,1,1,1,1,1,1,1,1,1,1,1,1
24,3372,321,27,6,1273,7,24,97,735,6253,19,3641 1,1,1,1,1,1,1,1,1,1,1,1,1
80,2,16,20,166,10,50,15,870,7,2197,27,735,5,20,718,10,6,6991,189,17,241,233 1,1,1,1,1,1,1,1,1,1,1,1,1,1,1,1,1,1,1,1,1,1,1
404,2572,2,2574 1,1,1,1
657,25,1269 1,1,1
11,250,2,11,3508,2,11,455,2,11,270 1,1,1,1,1,1,1,1,1,1,1
11,2300,2815,2,11,16814,4062 1,1,1,1,1,1,1
12,6,189,2,6,29,431,2198,35,1990,5,3012,35,1990,2,67,1314,129,1156,2,464,9396,5,6,29,20,718,10,6,1032 1,1,1,1,1,1,1,1,1,1,1,1,1,1,1,1,1,1,1,1,1,1,1,1,1,1,1,1,1,1
637,4,161,1136,19,735,276,2,7001,2,62,710,911,2913,1006,5,4529,381,9397 1,1,1,1,1,1,1,1,1,1,1,1,1,1,1,1,1,1,1
1229,343,76,28,842,216,54,349,1241,2199,12,2913,71,20,724,17,593,400,223,165,2164,186,120,710,174,981,842,336,527,249,2096,351,461,36,188,2015,100,363,511,119,440,99,459,7002,66,691,17,3513,636,399,16815,1187,884,2,2701,843,7869,134,1095,513,1278,3514,915,4919,313,710,324,415,11643,842,324,585,2118,41,11643,1038,216,3615,1065,216,16816,1552,2292,162,16817,257,4,161,486,244,956,3371,509,165,1875,1639,22,59,186,960,1296,22,59,249,4320,35,25,283,138,351,3873,16818,405,9398,459,2196,204,22,25,33,636,742,105,22,25,33,843,888,2,2084,1038,211,370,1065,3232,35,25,33,1552,210,109,33,1718,9399,368,25,873,1913,4605,138,2257,4319,83,22,25,59,2407,9400,3324,25,33,2466,4829,109,1565,25,1834,138,3117,3686,9401,291,192,4,1292,2,2019,1100,4,924,2,4915 10,10,10,1,1,1,1,1,1,1,1,1,1,1,1,1,1,1,1,1,1,1,4,1,1,1,1,1,1,1,1,1,1,1,1,1,1,1,1,1,1,1,1,1,1,1,1,1,1,1,1,1,1,1,1,1,1,3,3,3,3,3,3,3,3,1,1,1,1,1,1,1,1,1,1,1,1,1,1,1,1,1,1,1,1,1,1,1,6,1,1,1,1,1,7,1,1,1,1,1,1,1,1,1,1,1,1,1,1,1,1,1,1,1,1,26,1,1,1,1,1,1,1,1,1,1,1,1,1,1,1,1,1,1,1,1,1,1,1,12,1,1,1,1,1,1,1,1,1,1,1,1,1,1,1,1,1,1,1,1,1,1,1,1,1,1,1,1,1,1,1,1,1,1,1,1,1,1,1,1,1,1
21,51,726 1,1,1
158,216,1818,430,5,1881 1,1,1,1,1,1
216,158,624,245 1,1,1,1
73,4,436,1095,7003,638,4,276,11644,492,368,111,16819,574,564,121,27,735,80,11645,4063,9,6862,682,121,1767,8,202,4,90,112,4,11,264,487,157,4321,429,1095,1189,2,11,733,226,4,1398,694,4,418,11,1058,340,4,1381,133,875,1325,2025,4,171,967,11,79,323,4,1040,2,646,2,1095,900,73,258,4,649,3296,9,54,8,524,2057,3687,9,72,8,4058,9,72,8,824,1204,9,54,8,689,5738,379,723,2744,9,72,8,1963,9,72,8,804,3515,9,72,8,4322,9,72,8,3297,9,72,8,770,7751,9,72,8,335,3467,1178,2200,22,2068,935,1506,1712,684,9,72,8,1437,6936,1434,1747,1862,1830,2034,3100,1390,2496,1862,1465,196,1438,2118,9,72,8,9,185,450,8,1497,2710,9,72,8,935,1506,1712,684,9,72,8,3007,1049,298,4059,615,11646,9,54,8,458,3443,9,54,8,266,11647,9,54,8,530,2040,665,11648,698,7753,443,2658,9,54,8,666,4606,9,72,8,2914,431,1081,1192,41,1753,474,9,72,8,41,897,109,9,54,8,41,1637,614,41,732,515,41,1675,35,2584,11649,2585,7969,9,54,8,2661,11650,9,72,8,2662,1858,9,54,8,2663,2748,1513,152,1458,152,2664,152,2130,152,64,3013,1069,5315,67,1964,98,51,3630,548,464,4,320,4,161,6,2308,11651,70,7004,1914,9402,12,6,70,3229 1,1,1,1,1,1,1,1,1,1,1,1,1,1,1,1,1,1,1,1,1,1,1,1,1,1,1,1,1,1,1,1,1,1,1,1,1,1,1,1,1,1,1,1,1,1,1,1,1,1,1,1,1,1,1,1,1,1,1,1,1,1,1,1,1,1,1,1,1,1,1,1,1,1,1,1,1,1,1,1,1,1,1,1,1,1,1,1,1,1,1,1,1,1,1,1,1,1,1,1,1,1,1,1,1,1,1,1,1,1,1,1,1,1,1,1,1,1,1,1,1,1,1,1,1,1,1,1,1,1,1,1,1,1,1,1,1,1,1,1,1,1,1,1,1,1,1,1,1,1,1,1,1,1,1,1,1,1,1,1,1,1,1,1,1,1,1,1,1,1,1,1,1,1,1,1,1,1,1,1,1,1,1,1,1,1,1,1,1,1,1,1,1,1,1,1,1,1,1,1,1,1,1,1,1,1,1,1,1,1,1,1,1,1,1,1,1,1,1,1,1,1,1,1,1,1,1,1,1,1,1,1,1,1,1,1,1,1,1,1,1,1,1,1,1,1,1,1,1,1,1,1,1,1,1,1,1,1,1,1,1,1,1,1,1,1,1,1,1,1,1,1,1,1,1,1,1,1,1,1,1,1,1,1
165,11,160,7,796,26,305,79 1,1,1,1,1,1,1,1
660,2181,2000,2258 1,1,1,1
660,1079,2117 1,1,1
186,43,91,5316,5,4236 1,1,1,1,1,1
2445,7970,483 1,1,1
147,4,764,1572,365,13,1598,13,185,1846,47,2,2535,2,2489,136,16820 1,1,1,1,1,1,1,1,1,1,1,1,1,1,1,1,1
11652,242,1067,114,4,2038,661,13,1136,19,735,11653,279,13,51,123,272,2,402,2,435,9,16821,8,98,51,123 1,1,1,1,1,1,1,1,1,1,1,1,1,1,1,1,1,1,1,1,1,1,1,1,1,1,1
166,10,50,1157,2197,27,735,80 1,1,1,1,1,1,1,1
9403,12,189,166,2197,1572,11654,5739,7,566,563,4321,1597,2871,2442,5317 1,1,1,1,1,1,1,1,1,1,1,1,1,1,1,1
115,373,1126,339,1187,598,1597,566,519,1489,472,2532,3372 1,1,1,1,1,1,1,1,1,1,1,1,1
161,1070 1,1
431,35,2915,7971,35,2915,3012,12,189 1,1,1,1,1,1,1,1,1
126,9404,2259,434,3990,6225,7,1228,7,566 1,1,1,1,1,1,1,1,1,1
464,148,17,1334,2,11655,785,918,2,1321,27,185,450 1,1,1,1,1,1,1,1,1,1,1,1,1
11,251,298,281 1,1,1,1
710,707,801,5,508,7005,842,67,1314,98,51,3630,548,1050,389,16822,5,1964,1773,577,1990,3874,5,1964,2,16823,2,11392,2391,2198,262,42,542,1940,155,7971,542,33,3306,3012,447,22,33,117,964,19,11653,165,116 1,1,1,1,1,1,1,1,1,1,1,1,1,1,1,1,1,1,1,1,1,1,1,1,1,1,1,1,1,1,1,1,1,1,1,1,1,1,1,1,1,1,1,1,1,1,1,1,10
31,1229,136,1875,124,27,11654,710,1875,1639,22,25,59,13,838,5318,124,4266,502,2217,80,9,16824,8,842,838,19,2196,532,7734,735,185,186,1136 1,1,1,7,1,1,1,1,7,1,1,1,1,1,1,1,1,1,1,1,1,1,1,1,1,1,1,26,1,1,1,1,1,1
735,80 1,1
710,126,132,77,32,1817,249,461,710,126,3873,351,1210,710,742,2,652,405,459,2009,710,9405,32,1620,42,272,842,1972,1522,17,272,13,11656,138,9,2019,3688,32,1146,8,636,275,715,2785,2512,7006,195,46,11657 1,1,1,1,1,1,1,1,1,1,1,1,1,1,1,1,1,1,1,1,1,1,1,1,1,1,1,1,1,1,1,1,1,1,1,1,1,1,1,1,1,1,1,1,1,1,1,1,1
