69,49,4,16982,378,325,1124,4074,16983,144,825,167,81,341,18,826,2375,83,22,59,12,736,10,1650,183,22,25,33,5,15,987,447,22,25,59 18,1,1,1,1,1,1,1,1,1,1,1,4,4,1,1,22,1,1,1,1,1,1,31,1,1,1,1,1,1,20,1,1,1,1
23,97,654,374,20,481,41 1,15,15,15,15,15,15
18,701,23,568,1925,97,200,104,909,930,23,12,983,248,159 1,1,1,1,1,1,1,1,1,1,1,1,1,1,1
18,14,19,210 1,1,1,12
985,4,122,944 1,1,1,1
15,4,311,51,81 1,1,4,4,4
289,4,540,654,374,13,1402 1,1,1,1,1,1,1
18,14,19,1201 1,1,1,26
1495,4,374,16984,614,41 1,1,15,15,15,15
383,987,10,3021,25,59 1,20,1,1,1,1
228,12,2511,5,3011,987,823,22,25,59,5752,1760,247,4,16985,60,13,1275,681,809,42,6303,1955,195,19,4855,154,2,3238 1,1,1,1,1,20,1,1,1,1,1,1,1,1,1,1,1,1,1,1,1,1,1,1,1,1,1,1,1
