69,49,4,17152,3532,2,5350,11791,11795,4095,5774,2,96 1,1,1,1,1,1,1,1,1,1,1,1,1
562,3356,9487,203,538,6325,11790,7069,8041,2,1820,8042,828,3895,2,1053,15,99,17,6,1276,995,552,3532,74,134,141,10,1082,507,659,1352,17153,5,11795 1,1,1,1,1,1,1,1,1,1,1,1,1,1,1,1,1,1,1,1,1,1,1,1,1,1,1,1,1,1,1,1,1,1,1
32,329,871,2,18,14,15,4956,4824,407,13,311,35,81,2,127,2,3795,309,5,3381,132,76,17,71,18,543,3028,12,5775,18,14,110,1400,233,17,1843,3028 1,1,1,1,1,1,1,1,1,1,1,4,4,4,1,10,1,19,19,1,1,1,1,1,1,1,1,1,1,1,1,1,1,1,1,1,1,1
18,21,31,39,115,7,714,26,52,719,1037,5,2992,21,61,43 1,1,1,1,1,1,1,1,1,1,1,1,1,1,1,1
63,352,215,12,1231,2143,6326,1887,41,7,6,3812,3382,118,145,2,11,44,422,2,48,11509,7,518,438,12,6,891,1511 1,1,1,1,1,1,1,1,1,1,1,1,1,1,1,1,1,1,1,1,1,1,1,1,1,1,1,1,1
23,150,134,709,50,1717,1959,461,2,1490,741,10,23,9493,840,9,66,412,5,197,2238,8,5,1666,2820,640,15,17154,2709 1,1,1,1,1,1,1,1,1,1,1,1,1,1,1,1,1,1,1,1,1,1,1,1,1,1,1,1,1
27,6,95,7,141,2,6,835,1558,12,6,252,8046,5,18,20,3896,12,4629,17,91,561 1,1,1,1,1,1,1,1,1,1,1,1,1,1,1,1,1,1,1,1,1,1
1239,3694,5,4007,2511,129,6327,2,5,92,85,1379,9494,7,6,17155,95,10,11796,6,2189,7,309,2670 1,1,1,1,1,1,1,1,1,1,1,1,1,1,1,1,1,1,1,1,1,1,19,1
164,1677,19,17156,1164,15,11797,1557,13,188,1622,7,6,70,164,143,13,52,10,70,3383,17157,37,2453 1,1,1,1,1,1,1,1,1,1,1,1,1,1,1,1,1,1,1,1,1,1,1,1
68,20,85,15,1204,41,238,7,6,717,269 1,1,1,1,1,1,1,1,1,1,1
117,4006,2429,7,6,2353,2,58,3964,730,15,2671,369,27,37,3321,3884 1,1,1,1,1,1,1,1,1,1,1,1,1,1,1,1,1
18,1620,6,746,57,2,20,4630,6,640,465,5,6,331,39,2020,504,10,2827,28,6,835,1558,403,185,348,12,6,751,8046 1,1,1,1,1,1,1,1,1,1,1,1,1,1,1,1,1,1,1,1,1,1,1,1,1,1,1,1,1,1
18,40,218,55,874,1209,80,2,640,15,1979,13,6,132,753,659,995,11798,23,4523,9384 1,1,1,1,1,1,1,1,1,1,1,1,1,1,1,1,1,1,1,1,1
18,2425,6,2189,7,17158,1828,364,2,9495,17,268,271,153,200 1,1,1,1,1,1,28,1,1,1,1,1,1,1,1
84,20,15,1068,10,2011,12,552,3532,74,203 1,1,1,1,1,1,1,1,1,1,1
15,3503,7,6,377,17159,32,1363,7,377,77,40,55,17160,10,329,17161 1,1,1,1,1,1,1,1,1,1,1,1,1,1,1,1,1
13,1810,1646 1,1,1
1027,1928,2,526,7073,1654,7073,2,195,813,17162,17163,800,4,9496,827,4,9496,818,4,9496 1,1,1,1,1,1,1,1,1,1,1,1,1,1,1,1,1,1,1,1,1
