69,49,4,11823,507,17259,1695,144,11822,569,5366,96 1,1,1,1,1,1,1,1,1,1,1,1
2038,17260,3710,2,4075,11824,17261,2,2193,17262,828,58,5366,4,47,39,6,1068,7,930,287,8050,7076,12,784,622,80,17,233,7,164,143,76 1,1,1,1,1,1,1,1,1,1,1,1,1,1,1,1,1,1,1,1,1,1,1,1,1,1,1,1,1,1,9,9,9
32,329,871,2,16,14,15,214,779,9517,762,104,21,15,30,7,164,76,2,265,10,5777,12,1215,2656,117,15,11825,371,2,5,39,15,7086,369,730,12,24,269 1,1,1,1,1,1,1,1,1,1,1,1,1,1,1,1,1,1,1,1,1,1,1,3,3,3,3,3,3,3,1,1,1,3,3,3,3,3,3
16,21,346,57,136,37,746 1,1,1,1,1,1,1
16,88,87,939,44,34,2,366,19,639,2,702,2,655,2,904,79,2,1251,2,618,2,26,274,7,3473 1,1,1,1,1,1,1,1,1,1,1,1,1,1,1,1,1,1,1,1,1,1,1,1,1,1
77,4,172,370,22,82 1,1,11,1,1,1
894,368,22,82 12,1,1,1
556,204,22,82 7,1,1,1
184,758,22,82 13,1,1,1
473,449,22,82 28,1,1,1
742,130,22,82 1,1,1,1
78,89,30,4,182,17,2,599,2204,1520 1,1,1,1,1,1,1,1,1,1
1638,1137,1842 1,1,1
2338,1002 1,1
3479,832 1,1
127 10
254 16
164,143,76 9,9,9
128,30,4,182,17,1343,39,63,371,27,439,9129,603,104,39,3514,12,24,3621,5,15,164,143,703,3536 1,1,1,1,1,1,1,1,3,1,1,1,1,1,1,1,1,1,1,1,1,1,1,1,1
477,578,39,164,76 1,1,1,1,1
179,30,4,16,14,1616 1,1,1,1,1,1
578,924 1,1
11,726 1,1
16,578,1591 14,14,14
16,1553,153,10,248,1553,15,223 1,1,1,1,1,1,1,1
16,88,2226,840 1,1,1,1
16,85,1230,32,15,9510,5359 1,1,1,1,1,1,1
93,122,4,1669,4,284,5,135,1602,4,5780,2121 1,1,1,1,1,1,1,1,1,1,1,1
145,4,723,5,2284,1750,4,16,14,15,2790,2,2963,769,345,12,11,180,326 1,1,1,1,1,1,1,1,1,1,1,1,1,1,1,1,1,1,1
413,5,3079 1,1,1
646,98,102,1978,4,11,9518,2,2699,2055,2,7087,2,26,5731,6267 1,1,1,1,1,1,1,1,1,1,1,1,1,1,1,1
1657,1405,53,1130 1,1,1,1
2921,14,1052,1751,4,620,14,6333 1,1,1,1,1,1,1,1
625,53,171,86,229 1,1,1,1,1
487,14,553,271,481,601,7,1618,1670,4,90,86,1056,2,1223,2,26,856,1515,4,43,246,5,253,2,15,1840,3475,4634,417,27,6,52,1494,2027,1671,4,43,300,302 1,1,1,1,1,1,1,1,1,1,1,1,1,1,1,1,1,1,1,1,1,1,1,1,1,1,1,1,1,1,1,1,1,1,1,1,1,1,1,1
11,1119,1635,4,336,243,53,395,5,863 1,1,1,1,1,1,1,1,1,1
16,21,11,904,79 1,1,1,1,1
16,21,11,720,26,673,1786,134,258,4,97,367,20,2,17263,2,227,488,367,4356,2,1587,4635,2,940,3010,2,5,544,17264,150,467,4,6,29,543,352,2059,1011,12,2229,2656,5,20,382,10,352,17,259,606 1,1,1,1,1,1,1,1,1,1,1,1,1,1,1,1,1,1,1,1,1,1,1,1,1,1,1,1,1,1,1,1,1,1,1,1,1,1,1,1,1,1,1,1,1,1,1,1,1,1
16,39,11,44,34 1,1,1,1,1
4101,2435,227,11,160,7,313,26,498,1484 1,1,1,1,1,1,1,1,1,1
1105,496,20,43 1,1,1,1
147,80,482,43,399,212,2,52,1000,2823,2,70,5285,984,2,5,63,307,3093 1,1,1,1,1,1,1,1,1,1,1,1,1,1,1,1,1,1,1
242,5,114,4,12,1246,2,38,14,15,214,779,9517,762,104,39,63,371,12,1215,2656,2,71,20,15,11825,371 1,1,1,1,1,1,1,1,1,1,1,1,1,1,1,1,1,3,1,1,1,1,1,1,1,3,3
16,543,1527,7,24,269 1,1,1,1,1,1
136,37,95,2,16,21,31,39,87,939,714 1,1,1,1,1,1,1,1,1,1,1
16,21,11,160,7,760,3493,26,5651,1101,118,353 1,1,1,1,1,1,1,1,1,1,1,1
67,94,14,1104,80 1,1,1,1,1
367,14,31,9519,2,48,3447 1,1,1,1,1,1,1
16,14,19,15,344,262,7,894 1,1,1,1,1,1,1,12
16,14,19,15,199,89,322,5,27,38,845,2,47,209,1454,170,19,24,231,3001,5,114,10,125,170,168,12,983,1036,198 1,1,1,1,1,1,1,1,1,1,1,1,1,1,1,1,1,1,1,1,1,1,1,1,1,1,1,1,1,1
16,209,621,10,9520,15,91,997,1763,5,47,880,37,1758,14,15,2401,5190,10,273 1,1,1,1,1,1,1,1,1,1,1,1,1,1,1,1,1,1,1,1
32,2342,2,84,14,15,1068,10,55,382,10,2011,12,6,203,7,38,214,779,762 1,1,1,1,1,1,1,1,1,1,1,1,1,1,1,1,1,1,1,1
1810,2402,1646,2,1027,1928,2,11826,8059,195,2,2045,681,809,42,11826,8059,2,195,2,2045,1655,139,4,678 1,1,1,1,1,1,1,1,1,1,1,1,1,1,1,1,1,1,1,1,1,1,1,1,1
