67,54,4,20333,528,9170,3713,599,404,17,112,4,694,30,4,4901,6207,3,107 1,1,1,1,1,1,1,1,1,1,1,1,1,1,1,1,1,1,1
1651,8078,563,3,47,10807,10808,3,271,10809,882,64,6207,4,119,38,6,1174,7,122,3317,5442,12,6,528,594,17,96,115,7,1435,130,3360 1,1,1,1,1,1,1,1,1,1,1,1,1,1,1,1,1,1,1,1,1,1,1,1,1,1,1,1,1,1,1,1,1
27,23,99,112,119,1758,201,15,13556,3443,927,67,17,2117,3796,290,10,418 1,1,1,1,1,1,1,1,1,1,1,1,1,1,1,1,1,1
159,37,802,16,21,5764,927,111,1435,585,831,115,10,2354,1815,424,13,48,453,3,1575,34,5,48,13558 1,1,1,1,1,1,1,1,1,1,1,1,1,1,1,1,1,1,1,1,1,1,1,1,1
571,255,957,19,15,2926,1721,5,99,115,10,1288,435 1,1,1,1,1,1,1,1,1,1,1,1,1
16,109,31,1946,88,2977,709,5,116,538,2270 1,1,1,1,1,1,1,1,1,1,1
16,90,437,3,760,3,739,3,1171,3,3020,611,26,611 1,1,1,1,1,1,1,1,1,1,1,1,1,1
16,146,21,38,15,72,429,154,5,1132 1,1,1,1,1,1,1,1,1,1
16,14,31,19,88,39 1,1,1,1,1,1
16,21,636,68,19,452 1,1,1,1,1,1
80,39,30,4,176,1923,585,831,178,9172,9173,1464,195,418,253,2378,2496,164,12,2808,84,10,127,1545,4,11,374,127,33,1105,4,257,81,259,39,9,660,8,4,150,30,4,573,583,27,440,1364,7,15,130,1648 1,1,1,1,1,1,1,1,1,1,1,1,1,1,1,1,1,1,1,1,1,1,1,1,1,1,1,1,1,1,1,1,1,1,1,1,1,1,1,1,1,1,24,24,24,24,24,24,24,24,24
16,21,939,2603,3,233,12,232,436 1,1,1,1,1,1,1,1,1
206,30,4,16,14,920,13,267,723,3,440,1299,5,581,3,394,7,3016,57,12,232,436 1,1,1,1,1,1,1,1,1,1,1,1,1,1,1,1,1,1,1,1,1,1
16,285,35,62,9174,668,17,9175,9176,3168,12,3739,6208,3,1264 1,1,1,1,1,1,1,1,1,1,1,1,1,1,1
1215,4,16,21,636,157,1073,357 1,1,1,1,1,1,1,1
16,109,31,238,699 14,14,14,14,14
16,728,320,9177,135,113,5,58,3281,7,3100,135,65 1,1,1,1,1,1,1,1,1,1,1,1,1
81,7,182,4,72,12,402,35,402,19,23,9178,5,660,405,6,668,112 1,1,1,1,1,1,1,1,1,1,1,1,1,1,1,1,1,1
102,101,4,2793,4,7290,1821,3,504,341,1612,4,1217,1815,145,2102 1,1,1,1,1,1,1,1,1,1,1,1,1,1,1,1
156,4,680,2478,3137,4,1106,12 1,1,1,1,1,1,1,1
2182,4,4234,842 1,1,1,1
1665,4,410,3,787,5,2484,2251,4,617,3,683,5,204,1877,4,1172,5,1121,1674,4,3038,14,1017,3,11,879,3,11,908,3,216,133,57,217,877,100,97,222 1,1,1,1,1,1,1,1,1,1,1,1,1,1,1,1,1,1,1,1,1,1,1,1,1,1,1,1,1,1,1,1,1,1,1,1,1,1,1
1613,4,91,10,463,574,5,789 1,1,1,1,1,1,1,1
1502,4,1270,97,213,3,502,3,561,3,3051,26,3191 1,1,1,1,1,1,1,1,1,1,1,1,1
1630,14,27,1990,4216,3,6699 1,1,1,1,1,1,1
576,14,27,108,632,1599 1,1,1,1,1,1
1595,4,11,330,93 1,1,1,1,1
3265,133,217,877,5,1610 1,1,1,1,1,1
1546,4,4903,177,4,338,239,1217,1815 6,6,6,1,1,1,1,1,1
2328,694,2401,1010,3,2311,388,1010,3,13559,20334,629,192,5,104,4,293,5442,14,15,4992,358,13,1923,585,831 1,1,1,1,1,1,1,1,1,1,1,1,1,1,1,1,1,1,1,1,1,1,1,1,1,1
119,46,235,6,2118,7,6,5095,2494,182,5,6,9182,7,585,831 1,1,1,1,1,1,1,1,1,1,1,1,1,1,1,1
119,46,235,516,2076,158,156,179,3,239,179,26,350,813,5404 1,1,1,1,1,1,1,1,1,1,1,1,1,1,1
119,46,503,201,17,3182,429,154,10,1593,325,138,23,116,7,48,453,5,301,788,7,585,831,5,41,1347,201,17,1132,10,1593,3671,130,76 1,1,1,1,1,1,1,1,1,1,1,1,1,1,1,1,1,1,1,1,1,1,1,1,1,1,1,1,1,1,1,1,1,1
119,46,38,15,916,235,641,10811,3214,5,134,23,1356,154,14,630,44,406,16,237,166,10,284,482,40,35,62,2076,17,516 1,1,1,1,1,1,1,1,1,1,1,1,1,1,1,1,1,1,1,1,1,1,1,1,1,1,1,1,1,1
119,46,126,201,19,784,707,215,22,105 1,1,1,1,1,40,40,1,1,1
134,23,1356,154,14,630,44,406,119,41,1717,417,13,126,2309,4216,13334,17,6,516,7,23,585,831 1,1,1,1,1,1,1,1,1,1,1,1,1,1,1,1,1,1,1,1,1,1,1,1
119,41,86,15,235,641,10811,3214,5,86,39,355 1,1,1,1,1,1,1,1,1,1,1,1
16,21,15,20335,3271,7,6574,119,41,1241,420,343,13,203,462,22,105,17,4783,1881,2727,5,237,31,420,452,27,40,85 1,1,1,1,1,1,1,1,1,1,1,1,1,1,1,1,1,1,1,1,1,1,1,1,1,1,1,1,1
119,41,492,1356,154,3,96,115,13,6,295,5,286,1717 1,1,1,1,1,1,1,1,1,1,1,1,1,1
119,46,1175,201,10,454,13,88,664,3,479,3,26,84,12,436,161 1,1,1,1,1,1,1,1,1,1,1,1,1,1,1,1,1
395,191,31,1837,10,732,1186,13,88,664,12,641,10,23,198 1,1,1,1,1,1,1,1,1,1,1,1,1,1,1
7291,8091,5424,3,1203,6,28,20,221,43,64,4902,121,81,6,30,3,102,101,5,3463,1356,154,146,5,1964,6,192,5,104 1,1,1,1,1,1,1,1,1,1,1,1,1,1,1,1,1,1,1,1,1,1,1,1,1,1,1,1,1,1
4830,1159,4902,3,107 1,1,1,1,1
84,10,39,40,112,784,707,215,22,25,105,2426,126,4,13560,7291,2276,5424,3,1203,4830,1159,4902,3,229,205,867,43,7291,2276,5424,3,1203,29,4830,1159,4902,3,229,607,161,4,603 1,1,1,1,1,40,40,1,1,1,1,1,1,1,1,1,1,1,1,1,1,1,1,1,1,1,1,1,1,1,1,1,1,1,1,1,1,1,1,1,1,1,1
