69,49,4,17306,17307,2,17308,2,9540,858,391,4,255,7,194 1,1,1,1,1,1,1,1,1,1,1,1,1,1,1
30,7,156,360,4,15,1569,2360,345,20,201,12,1480,65,5257,144,17,233,7,3539,834,255,7,194,191,6,97,51,123,2,627,13,264,713,5,534,7,44,94,922 1,1,1,1,1,1,1,1,1,1,1,1,1,1,1,1,1,1,1,1,1,1,1,1,1,1,1,1,1,1,1,1,1,1,1,1,1,1,1,1
16,222,99,383,121,17,6,97,989,198,2,3539,834,255,7,194,13,839,639 1,1,1,1,1,1,1,1,1,1,1,1,1,1,1,1,1,1,1
16,222,50,44,94,27,468,922,2,71,222,6345,10,24,52,478 1,1,1,1,1,1,1,1,1,1,1,1,1,1,1,1
38,3033,10,3469,4105,5,237,16,166,255,7,194,13,87,4046,7,639,27,192 1,1,1,1,1,1,1,1,1,1,1,1,1,1,1,1,1,1,1
6,255,7,194,20,11857,939 1,1,1,1,1,1,1
16,21,31,1282,272,2,402,2,969,2,6346,115,26,435 1,1,1,1,1,1,1,1,1,1,1,1,1,1
11,596 1,1
16,113,50,15,1234,250,37,14,6347 1,1,1,1,1,1,1,1,1
16,20,201,27,15,3786,303,441,80,819,16,39,489,426,32,57,32,20,124,235,2,910,2,5,921,5,416,16,21,106,1853,7,24,115,627,13,38 1,1,1,1,1,1,1,1,1,1,1,1,1,1,1,1,1,1,1,1,1,1,1,1,21,1,1,1,1,1,1,1,1,1,1,1,1
16,20,6348,51,123,146,17,777,1085,42,24,1724,27,8077 1,1,1,1,1,1,1,1,1,1,1,1,1,1
3389,2,27,6,1777,303,441,2,24,1060,20,2327,27,51,32,16,14,19,493,2,48,24,783,20,251,27,17309,78,89,30,4,182,17,127,2,11606,425,81,2,789,2,5,777,8078 1,1,1,1,1,1,1,1,1,1,1,1,1,1,1,1,1,1,1,1,1,1,1,1,1,1,1,1,1,1,1,1,1,10,1,4,4,4,1,16,1,1,1,1
16,21,39,15,91,561,97,12,17310,179,30,4,16,14,15,78,1055,13,109,1854,159,7,309 1,1,1,1,1,1,1,1,1,1,1,1,8,8,8,8,8,8,8,8,8,8,8
163,7,213,4,32,166,12,6,1901,948,5,234,2,355,66 1,1,1,1,1,1,1,1,1,1,1,1,1,1,1
77,4,493,2,4024,2,556,2,184,2,1372,2,3309,2,5,635 1,1,1,1,1,1,7,1,13,13,22,1,1,1,1,12
137,4,16,14,2665,10,2046 1,1,1,1,1,1,1
93,122,4,870,1080,2,296,2118,2,372,145,105,2,67,94,17311,2,5,1161,1304,1347,41,19,674,662 1,1,1,1,1,1,1,1,1,1,1,1,1,5,5,5,1,1,1,1,1,1,1,1,1
202,4,1186,5,1125 1,1,1,1,1
779,2,7101 1,1,1
112,14,330 1,1,1
372,4,90,10,452,2,820,17,3004,1056,12,6,52,197,409,2700 1,1,1,1,1,1,1,1,1,1,1,1,1,1,1,1
562,4,135,145,5,212,86,417 1,1,1,1,1,1,1,1
187,14,133,5,375 1,1,1,1,1
181,14,175,2,619,2,5,682 1,1,1,1,1,1,1,1
217,4,16,21,1236,395,79,7,6,225,197,217,37,14,863 1,1,1,1,1,1,1,1,1,1,1,1,1,1,1
8079,4,16,14,646,1094,2,3521,192,217,4639 1,1,1,1,1,1,1,1,1,1,1
489,467,4,999,482,15,399,212,27,1211,13,657,6988,1607,2,48,11,180,518,1636,1113 1,1,1,1,1,1,1,1,1,1,1,1,1,1,1,1,1,1,1,1,1
44,810,482,1874,264,9541,13,15,350,52,1079,1205,5,5275,7,6,2037,557,13,149,305,79 1,1,1,1,1,1,1,1,1,1,1,1,1,1,1,1,1,1,1,1,1,1
91,3651,1035,783,7,17312,13,331,7,17313,2,1330,7,3168,13,43,1475,2,5,867,7,9542,1827,14,411,548 1,1,1,1,1,1,1,1,1,1,1,1,1,1,1,1,1,1,1,1,1,1,1,1,1,1
1060,14,758,2,71,14,2327,19,493 1,1,1,1,1,1,1,1,1
303,441,408,4,27,6,1777,303,441,2,16,222,3153,235,5,16,1730,664,647,51,3128,7,389,136,237,13,182,1972,1051,12,24,366 1,1,1,1,1,1,1,1,1,1,1,1,1,1,1,1,1,1,1,1,1,1,1,1,1,1,1,1,1,1,1,1
16,21,11,241,534,7,44,34,26,94 1,1,1,1,1,1,1,1,1,1
47,222,1022,6,1533,13,58,17314,2,6,8077,1724,9409 1,1,1,1,1,1,1,1,1,1,1,1,1
47,2242,38,29,21,421,1684 1,1,1,1,1,1,1
16,85,20,288,6348,2,71,4276,5376,24,783,1471 1,1,1,1,1,1,1,1,1,1,1,1
3389,2,24,421,1684,1310,519,5376,24,783,1471,2,5,47,3869,6,29,21,63,180,164,740 1,1,1,1,1,1,1,1,1,1,1,1,1,1,1,1,1,1,1,1,1,1
27,38,845,2,6,29,14,2052,4967,42,17315,7,537,19,493 1,1,1,1,1,1,1,1,1,1,1,1,1,1,1
92,40,838,87,241,11858,26,2990,27,38,95 1,1,1,1,1,1,1,1,1,1,1
278,2,16,40,50,2580,91,3651,2,40,55,265,10,6,507,659,17,233,5,17,241,233,5,11859,7,24,1101,118,353,5,17,1649,7,24,783,1733 1,1,1,1,1,1,1,1,1,1,1,1,1,1,1,1,1,1,1,1,1,1,1,1,1,1,1,1,1,1,1,1,1,1,1,1
494,4,1101,118,353,1684,2,783,1471,2,5,81 1,1,1,1,1,1,1,1,1,1,1,4
642,4,141,12,185,630 1,1,1,1,1,1
526,11860,2,9540,96 1,1,1,1,1
495,4,17316,276,4,17317,597,42,4,11860,2,9540,813,17318,1852,232,31,177,42,240,312,232 1,1,1,1,1,1,1,1,1,1,1,1,1,1,1,1,1,1,1,1,1,1
