67,54,4,7300,528,9212,9213,124,404,17,112,4,688,66,10847,3,48,34,12,481,7,374,212,694,30,4,4030,428,13,311,39,147,3,639,212,3,110,614,5,1757,2731,12,6,3157,7,2035,12,1306,3,6219,3,13,369,10,5447,12,1102,3,6219,13,553,48,453 1,1,1,1,1,1,1,1,1,1,1,1,1,1,1,1,30,30,1,1,1,1,10,1,1,1,1,1,1,1,1,1,1,3,10,3,3,3,3,3,3,1,1,1,1,3,3,3,3,3,3,1,1,1,1,1,1,1,1,1,1,1,1
103,593,405,37,112,275,4289,260,12,1757,251,3,1624,2417,13,4471,4472,251,849 1,1,1,1,1,1,1,1,1,1,3,3,3,3,1,1,1,1,1
372,95,20467 1,1,1
429,20468,111,11,2173,325,3,131,1362,5,131,3439,2280,31,91,1987,44,135,146 1,1,1,1,1,1,1,1,1,1,1,1,1,1,1,1,1,1,1
18,4403,98,20,4563 1,1,1,1,1
17,381,326,756,164,220,6714,5,866,13628,7,6714,12,1135 1,1,1,1,1,1,1,1,1,1,1,1,1,1
21,68,191,60,5,344,49,5086,17,1841,34,662,625,2987,9,290,10,127,10,372,174,34,254,8 1,1,1,1,1,1,1,1,1,1,1,1,1,1,1,1,1,1,1,1,1,1,1,1
132,369,10,10847,230,290,10,553,4577,1287,356,1204,529,33,768,35,2510,48,94,3876 1,1,1,1,1,1,1,1,30,30,30,30,30,1,1,1,1,1,1,1
10,70,303,5,188,37,126,27,13629,272,3772 1,1,1,1,1,1,1,1,1,1,1
220,117,1104,1798,3,98,38,8072,196,5,3506,3433,139,40,3,1031,188,10,391,286,529,2991,186,115,12,272,538,13,252,12,272,3,286,2991,465,12,20469 1,1,1,37,1,1,1,1,1,1,1,1,1,1,1,1,1,1,1,1,1,1,1,1,1,1,1,1,11,1,1,1,1,1,1,1,1
470,1031,10,230,3,258,92,20,3772 1,1,1,1,1,1,1,1,1
139,1798,465,51,21,3975,5,5150,159,530,10,230,27,1779,33,688,10,5447,135,79 1,37,1,1,1,1,1,1,1,1,1,1,1,1,1,1,1,1,1,1
1066,17,268,1776 1,1,1,1
5,355 1,1
177,74,220,11,146,199,20470,27,1779 1,1,1,1,1,1,1,1,1
3103,1493,10,52,2543,27,5447,135,79 1,1,1,1,1,1,1,1,1
1066 1
19,162,10,281,297,3,79 1,1,1,1,1,1,1
258,21,6220,4577,3,2142,6163 1,1,1,1,1,6,6
247,1798,126,5,13630,3,805,10,52,2543,5,1471 1,37,1,1,1,1,1,1,1,1,1,1
177,1541,3,309,10848,2729,3,2712,1287,356,2371,177 1,1,1,1,1,1,1,1,1,1,1,1
529,538,139,247,1798,126 1,1,1,1,37,1
80,39,30,4,176,212,3,110,2035,12,1306,3,6219,13,2836,251,849,10,1757,5,614,181,1617,12,1102,3,6219,4,33,4289,260,9,717,3,9214,42,8,12,6,356,469,1757,251 1,1,1,1,1,10,1,1,3,1,1,1,1,1,1,1,1,1,1,1,1,1,1,1,1,1,1,1,1,1,1,1,1,1,1,1,1,1,1,1,1,1,1
33,174,2571,158,2250,1528,335,42,260,3,70,2764,586,42,33,356,469,614,251,3509,558,42,260 1,1,1,1,1,1,1,1,1,1,1,1,1,1,1,1,1,1,1,1,1,1,1
33,1757,4289,260,1885,10,52,4674,243,3,5,20,20471,1624,13,5151,123,8821,20472,251 1,1,1,1,1,1,1,1,1,1,1,1,1,1,1,1,1,1,1,1
178,287,195,106,253,3807,3,356,516,438,3347,290,10,1464,12,5147,346,2996,3,110,70,2191,2882,12,5147,460,3139,82,771,652,2605,833,1725,555,995,3369,5,2849,860,1079,356,2790,1477,3581,1708,356,3917,6711,411,2001,131,841,314,2218,20473,1105,12,8879,2434,812,2520,151,3,19,818,1764,35,62,1201,3201,169,361,432,581 1,15,1,7,1,1,1,1,1,1,1,1,1,1,1,1,1,1,1,1,1,1,1,1,1,1,1,1,1,1,1,1,1,1,1,1,1,1,1,1,1,1,1,1,1,1,1,1,1,1,1,1,1,1,1,1,1,1,1,1,1,4,4,1,1,1,1,1,1,1,1,1,1,1
20474,381,326,756,591,918,5,6714,5,286,13628,163,39,389,4,176,203,901,105,178,423,1269,105,195,4906,1743,3296,69,253,13631,1269,105,346,236,1632,105,652,3956,938,340,32,9,4475,3046,3,5445,647,8,833,1212,141,22,25,32,995,906,32,1477,348,2256,69,1708,959,2011,2010,69,2001,950,672,69,2218,5086,167,555,5,662,625,523,167,1841,34,9,159,2561,10,712,34,254,8,2434,962,125,22,25,69,127,4,1126,21,2935,277,4861,361,1896,1223,361,1896,20475,361,20476,1846,361,1896,1765,4889,2689,4889,1723,277,8841,361,1896,20477,361,1896,20478,21,1176,50,263,2930,874,150,30,4,20479,212,12,573,206,30,4,920,3,245,220,1037 1,1,1,1,1,1,1,1,1,1,1,1,1,1,1,1,11,1,1,1,26,1,1,1,9,1,1,1,1,1,1,1,1,12,1,1,1,1,1,1,1,1,1,1,1,1,1,1,1,20,1,1,1,1,1,1,1,1,17,1,1,1,1,1,1,1,1,1,1,1,1,1,1,1,1,1,1,1,1,1,1,1,1,1,1,1,1,1,1,1,1,1,1,1,1,1,1,1,1,1,1,1,1,1,1,1,1,1,1,1,1,1,1,1,1,1,1,1,1,1,1,1,1,1,1,1,1,1,1,1,1,1,1,1,1,24,10,24,24,1,1,1,1,1,1,1,1
919,6215,1732,4,90,485,4,90,1113,4,90,81,7,182,4,122,694,30,102,101,4,13632,4,1130,1612,4,1279,2102 1,1,14,14,14,1,1,1,1,1,1,1,1,1,1,1,1,1,1,1,1,1,1,1,1,1,1,1
156,4,680,1665,197,4,11,199,342 1,1,1,1,1,1,1,1,1
2251,4,617,3,683,3,11,5152,26,243,1877,4,569,1674,4,216,217,97,222 1,1,1,1,1,1,1,1,1,1,1,1,1,1,1,1,1,1,1
576,11,1161,715,1453,1613,4,91,10,463,5,1051 1,1,1,1,1,1,1,1,1,1,1,1
1502,4,11,2839,26,3191,3,4573,5,1744,1630,3,145,1270,3,11,10344,3,11,502,26,213 1,1,1,1,1,1,1,1,1,1,1,1,1,1,1,1,1,1,1,1,1,1
1614,4,44,326,327,3,152,3,979,3,362 1,1,1,1,1,1,1,1,1,1,1
1615,60,1064,3,11,685,26,20480,3,11,240,26,1061,1595,4,11,1068,1647,26,222,3,562,133,5121,100,3,3265,133,5121,100,3,11,194,114,93,1546,4,10849,2540,4,15,78,1071,29,1117,1200,3,925,2960,928,204,1664,95,149,4,401,339,4,1912,1741 1,1,1,1,1,1,1,1,1,1,1,1,1,1,1,1,1,1,1,1,1,1,1,1,1,1,1,1,1,1,1,1,1,1,1,6,6,6,1,1,1,1,1,1,1,1,1,1,1,1,1,1,1,1,1,1,1,1,1,1
522,220,20481,212,35,402,270 1,1,1,10,1,1,1
13,553,529,1287,356,529 1,1,1,1,1,1
3772 1
220,1798 1,37
3103,401 1,1
177,220,11,84,66,356,2371,177 1,1,1,1,1,1,1,1
64,20482,1495,17,64,9207,40,10850,2754,7,4853 1,1,1,1,1,1,1,1,1,1,1
168 1
1471,3103,5,177,20483 1,1,1,1,1
19,252,3,423,3,1163,3,1534,3,247,1798 1,11,1,26,1,1,1,1,1,1,37
1107,163,254,4906,1743,290,10,4853 1,1,1,9,1,1,1,1
1087,10493 1,1
147,220,127,35,270 1,1,1,1,1
2561,10,1176,50,5,2930 1,1,1,1,1,1
8104,104,445,19,4275 1,1,1,1,1
659,19,676,2513,2246,923,2991 1,1,1,1,1,1,1
450,588,3,167,1315,1024,165 1,1,1,1,48,48,56
659,348,13633 17,17,17
3652,13633,890 1,1,1
144,520,3,1228,12,272 1,1,1,1,1,1
353,278,890 1,1,1
482,488,13634 1,1,1
79 1
258,18,21,235,40,220,64,9207,12,6,80,5,677,46,740,17,92,4477,86 1,1,1,1,1,1,1,1,1,1,1,1,1,1,1,1,1,1,1
1198,139,2748,5748,166,17,445,880,268,2324 1,1,1,1,1,1,1,1,1,1
135,64,9207 1,1,1
13635,2817,10851,710,47,20484,205,867,43,13635,2817,10851,607,161,4,603 1,1,1,1,1,1,1,1,1,1,1,1,1,1,1,1
