69,49,4,17405,378,325,1327,141,99,414,4,9562,4646,512,46,4,11887,49,7,141,4,17406,427,4,2367,4646,240,4,17407,2778,4,1909,292,528,174,299,7,2379,279,13,188,1877,250 1,1,1,1,1,1,1,1,1,1,1,1,1,1,1,1,1,1,1,1,1,1,1,1,1,1,1,1,1,1,1,1,1,1,1,1,1,1,1,1,1,1,1
234,4,64,14,4648,265,10,6,17408,308,13,928,1488,305,849,13,134,1684,7,270,2,1265,2,5,250,1877,7,3061,1309 1,1,1,1,1,1,1,1,1,1,1,1,1,1,1,1,1,1,1,1,1,1,1,1,1,1,1,1,1
18,21,39,306,534,1084,10,38,722,23,3507,13,23,523,796,1249,3765,151,18,20,102,159,307 1,1,1,1,1,1,1,1,1,1,1,1,1,1,1,1,1,1,1,1,1,1,1
23,373,134,656,5715,102,236,146,13,15,11908,250,2,2138,1184,2,5,1373,34 1,1,1,1,1,1,1,1,1,1,1,1,1,1,1,1,1,1,1
18,20,1309,1218,318,17,9572,5,321,19,15,1408,107,408,7,17409,9,11909,8,13,106,2010,7,115,191,6,523,614,123 1,1,1,1,1,1,1,1,1,1,1,1,1,1,1,1,1,1,1,1,1,1,1,1,1,1,1,1,1
18,267,834,7,115,191,6,97,183,123,2078,10,563,734,270,2,3648,2,1024,3718,168,34,5,834,250 1,1,1,1,1,1,1,1,1,1,1,1,1,1,1,1,1,1,1,1,1,1,1,1,1
18,88,1919 1,1,1
18,88,508,2,272,26,402 1,1,1,1,1,1,1
18,113,444,102,123,7,435,71,21,7114,19,6,107,7,141 1,1,1,1,1,1,1,1,1,1,1,1,1,1,1
18,88,702,2,26,264,531,79 1,1,1,1,1,1,1,1
18,88,4289,2815,26,134,2842 1,1,1,1,1,1,1
499,4,119,234 1,1,1,1
637,4,2379,4,844,1334,136,11895,2,103,8089,3038,4641,3839,4,522,9565,915,902,353,4641,2465,2154,4560,5,2729,1466,5380,11896,2678,4,1224,7108,151,18,1530,112,2,478,2,700,2,44,816,2,475,5,1288,34,28,453,42,58,4969,1929,27,11897,1952,1274,116,685,3489,5,2996,5381,103,9566,3883,140,257,4,4645,521,33,4644,3669,33,933,390,33,4642,9567,33,4923,1541,33,888,204,59,9,2329,13,134,435,8,910,1361,36,1844,3636,59,11910,910,2,17410,245 1,1,1,1,1,1,1,1,1,1,1,1,1,1,1,1,1,1,1,1,1,1,1,1,1,1,1,1,1,1,1,1,1,1,1,1,1,1,1,1,1,1,1,1,1,1,1,1,1,1,1,1,1,1,1,1,1,1,1,10,1,1,1,1,1,1,1,1,1,1,1,1,1,1,1,1,1,1,1,1,7,1,1,1,1,1,1,1,1,1,1,1,1,1,1,1,1,1,1,1,1,1,1,1,1,1
632,775,261,1883,192,4,11898,1648,11899,348,1018,860,348,11900,348,1184,3887,348,2345,2,11901,1100,4,994,6357,2,11,430,2,671,26,840,990,4,477,11902,5378,9,757,34,5,388,2,181,142,2,2845,74,8,2,178,2,120,587,27,1174,292,93,73,4,1654,4,276,4364,492,980,111,11911,574,564,2706,1080,628,759,4,2736,4971,12,886,2,436,202,4,725,2,570,2,2354,822 1,1,1,1,1,1,1,1,1,1,1,1,1,1,1,1,1,1,1,1,1,1,1,1,1,1,14,14,14,14,1,1,1,1,1,1,1,1,1,1,1,1,1,1,1,1,1,1,1,1,1,1,1,1,1,1,1,1,1,1,1,1,1,1,1,1,5,5,1,1,1,1,1,1,1,1,1,1,1,1,1,1,1,1,1,1,1,1,1
112,4,330,2,978,2,11,815,269,694,4,418,246,2,253,324 1,1,1,1,1,1,1,1,1,1,1,1,1,1,1,1
11,1058 1,1
11,1093,2,970,44,4,5161,90,2,3037,3719,856,187,4,1381,545,2928,2,133,2,875,2,1325 1,1,1,1,1,1,1,1,1,1,1,1,1,1,1,1,1,1,1,1,1,1,1
11,1003,2,11,798,277 1,1,1,1,1,1
516,4,11,1505,2,967,243,156,4617,181,4,11,690 1,1,1,1,1,1,1,1,1,1,1,1,1
323,4,2612,258,5,426,4,152,1509,19,141,498,1218,467,4,1990,3874,36,678,1547,4,11912,11913,7115,5798,2,1600,2333,9573,2064,2,7115,2945,1990,318,5,66,5799,13,1990,66,17411,11914,372,1218,36,678,1547,4,11912,11913,7115,9572,9,17412,8,9574,43,8097,156,1990,3874,36,678,1547,4,11915,11916,634,5798,2,1600,2333,9573,2064,2,634,2945,1990,318,5,66,5799,13,11,2613,311,11914,372,1218,36,678,1547,4,11915,11916,7115,9575,6924,4838,1081,2929,3903,56,56,56,56,56,56,56,56,56,56,56,56,56,56,56,56,56,56,56,56,56,56,56,3545,3223,3685,3223,9576,9,17413,8,1577,2046,2915,3223,5384,1577,4111,1577,2198,1577,43,8097,156,833,4,1909,2253,307,528,13,218,5385,372,566,12,6,644,7,2701,2379 1,1,1,1,1,1,1,1,1,1,1,1,1,1,1,1,1,1,1,1,1,1,1,1,1,1,1,1,1,1,1,1,1,1,1,1,1,1,1,1,1,1,1,1,1,1,1,1,1,1,1,1,1,1,1,1,1,1,1,1,1,1,1,1,1,1,1,1,1,1,1,1,1,1,1,1,1,1,1,1,1,1,1,1,1,1,1,1,1,1,1,1,1,1,1,1,1,1,1,1,1,1,1,1,1,1,1,1,1,1,1,1,1,1,1,1,1,1,1,1,1,1,1,1,1,1,1,1,1,1,1,1,1,1,1,1,1,1,1,1,1,1,1,1,1,1,1,1,1,1,1,1,1,1,1,1,1,1,1,1,1,1,1,1
18,21,2225,15,134,408,7,11909,12,6,644,7,9572,1218,318,1309 1,1,1,1,1,1,1,1,1,1,1,1,1,1,1,1
92,40,540,1309,1314,5,247,2198,5,3390,219,401 1,1,1,1,1,1,1,1,1,1,1,1
92,40,433,44,2761,5,4285,23,140,305,322,13,11910,910,513,183,3014 1,1,1,1,1,1,1,1,1,1,1,1,1,1,1,1,1
47,50,1428,1579,3283 1,1,1,1,1
18,40,126,10,245,23,140,8078,676 1,1,1,1,1,1,1,1,1
23,943,8098,44,64,27,140,5,92,176,1731,38,108,1239,12,1477 1,1,1,1,1,1,1,1,1,1,1,1,1,1,1,1
92,40,126,23,140,4642,27,4112,22,33 1,1,1,1,1,7,1,1,1,1
38,40,55,11917,13,63,1047,47,5,2307,32,1633 1,1,1,1,1,1,1,1,1,1,1,1
6,245,7,63,1047,47,40,55,285,13,23,440,32,38,176,50,61,17414,1154,10,188,250 1,1,1,1,1,1,1,1,1,1,1,1,1,1,1,1,1,1,1,1,1,1
18,14,31,15,2380,17,235,26,669,239,10,23,2335,1146 1,1,1,1,1,1,1,1,1,1,1,1,1,1
23,141,111,7,11911,20,12,6,644,7,15,3983,12,80,74,262,7,4642 1,1,5,5,5,1,1,1,1,1,1,1,1,1,1,1,1,7
18,20,1433,13,38,344,94 1,1,1,1,1,1,1
92,40,126,23,5797,1181,2,685,1210,13,742,5,4649,17415 1,1,1,1,1,1,1,1,1,1,1,1,1,1
18,40,55,4630,5,31,2413,877,1210 1,1,1,1,1,1,1,1,1
5386,414,4,2367,4646,705,46,4,17416,3546 1,1,1,1,1,1,1,1,1,1
