69,49,4,17417,2756,3434,141,99,4646,2,9562,512,46,17418,49,7,141,4,17419,240,4,58,8099,2809,427,4,2512,11918,1228,7,30,4,1276,5,64,2778,4,1429,292,600,174,299,7,2379,103,3038,2,188,3839,2,116,2,2678,2,5,2845,62,658,10,1986,174,44,34,2,1086,10,4647,17420,5,6360 1,1,1,1,1,1,1,1,1,1,1,1,1,1,1,1,1,1,1,1,1,1,1,1,1,1,1,1,1,1,1,1,1,1,1,1,1,1,1,1,1,1,1,1,1,1,1,1,1,1,10,1,1,1,1,1,1,1,1,1,1,17,17,1,1,1,1,3,1,1
234,4,64,27,450,1625,1302,270,65,23,2379,108,18,21,31,39,44,64,288,48,355,14,382,10,974,100,306,4365,7,1965,86,270 1,1,1,1,1,1,1,1,1,1,1,1,1,1,1,1,1,1,1,1,1,1,1,1,1,1,1,1,1,1,1,1
18,21,11,334,91,299,48,113,50,116,5,261,8100,299,7,859,178 1,1,1,1,1,1,1,1,1,10,1,1,27,27,27,27,27
64,3082,38,465,12,23,3160,48,4113,39,2079,696,7,6140,1929,4240,1539,10,23,70,349,627,174,70,349,803 1,1,1,1,1,1,1,1,1,1,1,1,1,1,1,17,1,1,1,1,1,1,1,1,1,1
34,14,610,419,174,1147,100,645,64,88,3184,4114 1,1,1,1,1,1,1,1,1,1,1,1
18,237,39,15,8101,2491,2,71,18,21,39,297,12,6,644,7,34,2,5,18,321,10,977,5238,2,3803,2,5,4972 1,1,1,1,1,1,1,1,1,1,1,1,1,1,1,1,1,1,1,1,1,1,1,1,1,1,1,1,1
18,7940,423,19,6,1032,5,251,23,882,256,23,392,71,3312,15,1114 1,1,1,1,1,1,1,1,1,1,1,1,1,1,1,1,1
23,943,1931,23,6355,952,1051,5,1008,9577,2065,1931,23,102,2457,7,1837,5,183,3335,211,952,1716 1,1,1,1,1,1,1,1,1,1,1,1,1,1,1,1,21,1,1,1,11,1,1
6,4366,1632,23,10,6,11919,144,2,9578 1,1,1,1,1,1,1,1,1,1
12,6,189,2,18,20,514,10,55,1229,174,2217,9579,2,17,71,18,20,321,19,2016,2454 1,1,1,1,1,1,1,1,1,10,1,5,5,5,1,1,1,1,1,1,1,1
18,85,543,385,205,71,119,444,20,148,17,385,48,227,1203,6360,2,5,18,20,321,19,652 1,1,1,1,1,1,1,1,1,1,1,1,1,1,1,1,1,1,1,1,1,1,1
18,20,124,4605,2,3252,2,5,4601,17,23,455,174,1853 1,1,1,1,1,1,1,1,1,1,1,1,1,1
18,20,237,124,15,262,7,219,501,5,85,39,153,656,7,1642 1,1,1,1,1,1,1,1,7,1,1,1,1,1,1,1
23,258,129,182,17,261,91,2066,4,2961,1501,174,17421,17422,2,4210,47,2748,2,3162,17423,2,4210,17424,2,3253,1501,17425,2,4210,17426,3019,227,11920,6361,9,645,2331,31,4266,8,174,1153,1846,9437,71,3806,10,11921,1846,5246,5,106,8102,2070,11922 1,1,1,1,1,1,1,1,1,1,1,1,1,1,1,1,1,1,1,1,1,1,1,1,1,1,1,1,1,1,1,1,1,1,1,1,1,1,1,1,1,1,1,1,1,1,1,1,1,1,1,1,1,1,1,1
64,14,281,44,34,739,2,11,270,2,11,396 1,1,1,17,17,1,1,1,1,1,1,1
18,88,87,5800,2442,360,26,87,17427,26,180,6870,12,23,3507,2,645,18,21,1262,188,89,167 1,1,1,1,1,1,1,1,1,1,1,1,1,1,1,1,1,1,1,1,1,1,1
499,4,32,119,234,637,4,161,30,7,2379,103,70,3131,3038,12,4641 1,1,1,1,1,1,1,1,1,1,1,1,1,1,1,1,1
165,30,7,3839,13,522,9565,42,1385,12,4641 1,1,1,1,1,1,1,1,1,1,1
186,8103,2465,13,2729,1466,12,5380 1,1,1,1,1,1,1,1
249,2845,74 1,1,1
351,2678 1,1
459,1952 1,1
636,127 1,10
843,685 1,1
1038,3489,5,2996,832 1,1,1,1,1
1065,139,304,2679 1,1,1,1
1552,3883 1,1
1718,299,7,1995,9580,12,6,644,7,17428,17429,1913,149,17430,17431,166,19,464,2257,299,7,4115,9,3330,8,7116,12,17432,2407,299,7,157,3132,2154,149,895,274,9,9581,8,2466,17433,120,77,4,161,910,2483,3183,758,22,59,165,5791,547,9,632,775,8,25,447,22,59,186,4973,25,1776,22,873,249,2074,397,9,888,8,25,204,22,59,351,9561,9,4605,8,25,35,347,1595,138,868,459,4644,1366,9,4644,2135,8,25,51,22,33,636,4645,25,83,22,33,843,1151,9,2745,8,25,35,347,33,1038,4923,767,9,4923,8,25,449,22,283,1065,1116,25,105,22,33,1552,11371,1380,1062,9,4642,1820,8,25,4112,22,33,137,4,17434,339,1648,2,2335,1018,860,2,1184,3887,3391,1184,3887,1100,4,924,2,11,726,2,295,174,943,2,994,6357,1881,4,152,430,4,152,2053,4,66,990,4,477,174,306,3514,9,523,439,5352,8,2,116,2,5378,2,2845,62,73,4,638,4,17435,8104,1956,111,17436,7117,564,9582,738,41,1391,224,4,436,2,133,2376,202,4,966,174,1504,2,3519,181,4,11,690,112,4,330,2,275,1596,2,171,625,952,229,2,487,481,601,44,4,476,558,2,1398,1977,4,418,2,324,246,253,2,11,1371,340,4,324,558,2,133,2,978,2,1774,2,11,1119,2,1052,1791,3039,2025,4,171,1410,243,2,171,582,243,952,229,1203,2,11,531,79,2,171,4608,193,323,4,413,5,646,1094,2,992,175,467,4,548,2175,4,2056,2762,797,357,397,2077,54,9,1298,8,294,357,633,1747,9,1259,8,294,357,749,980,54,9,1299,8,294,357,1688,1689,11923,54,9,1420,8,294,442,4116,9,1482,8,169,1042,1624,9,1690,8,1421,357,1873,2083,903,9,1300,8,169,357,331,1659,9,1586,8,169,357,358,4367,72,9,1354,8,169,1587,3850,72,9,2952,8,169,367,5801,169,2518,4,456,594,344,1864,3529,3010,9,6802,8,169,252,1864,3529,2077,169,2518,4,456,2077,91,328,1483,3821,43,328,1483,4,2080,26,553,1103,1096,1891,17437,72,9,2550,8,1245,1700,1891,1475,4334,72,9,3186,8,41,2288,17438,72,9,2551,8,1245,1103,1096,11924,72,9,2952,8,612,2244,4,298,5324,72,9,1260,8,398,266,9583,54,9,2484,8,41,458,1247,9,2626,8,1399,615,11925,54,9,2795,8,1779,443,9584,72,9,1507,8,1301,530,1653,9,1340,8,1141,665,5673,9,1448,8,1561,698,7056,9,1449,8,550,666,4974,9,1383,8,41,64,4606,72,9,5363,8,1057,1046,1792,2165,17439,72,9,5364,8,1057,1225,1856,431,1307,1081,1192,1658,474,72,9,1698,8,41,1102,579,54,9,1780,8,41,1145,259,9,1699,8,41,732,35,9,1857,8,41,1193,515,9,1816,8,41,559,2336,17440,72,9,2166,8,398,559,1102,17441,9,2167,8,398,559,1145,6330,72,9,2485,8,398,559,732,8105,54,9,2168,8,398,559,1193,3124,9,2228,8,398,1513,152,9,152,8,1458,152,9,152,8,2412,152,9,152,8,2486,152,9,152,8,2130,4,548,385,205,9,177,174,189,8106,401,8,4,11,385,10,6,542,7,4117,1469,2,11,1619,2,11,3244,1205,26,17442,7,9585,6362,10,1208,1748,5210,2,409,11926,174,3004,1064,2,4551,3118,675,2,1203,4118,1486,174,3547,4119,147,4,764,1333,1823,2,7118,174,11920,6361,869,174,1846,6363,2,919,9586,47,2,2535,2,35,675,8102,2070,2696,2,456,35,675,9587,2070,3629,1194,4,7992,1796,1748,5,1105,496,918,2,11,3097,3720,320,4,1429,292,600,174,299,7,2379,103,3038,2,188,3839,2,116,2,2678,2,5,2845,62,658,10,1986,174,44,34,2,1086,10,4647,174,1966,5,6360,2,110,44,34,739 1,1,1,1,1,1,1,1,1,1,1,1,1,1,1,1,1,1,1,1,1,1,1,1,1,1,1,1,1,1,1,1,1,1,1,1,1,1,1,1,1,4,4,1,1,1,1,1,1,1,1,1,1,11,11,1,1,1,1,1,1,1,1,1,1,1,1,1,1,1,1,1,1,1,1,1,1,1,1,1,1,1,1,1,1,1,1,1,1,1,1,1,1,1,1,1,1,1,1,1,1,1,1,1,1,1,1,1,1,1,1,1,1,1,1,1,1,1,1,1,1,1,1,1,1,1,1,1,1,1,1,1,1,7,7,7,7,7,7,7,7,7,7,7,1,1,1,1,1,1,1,1,1,1,1,1,1,1,1,1,1,1,1,1,1,1,1,1,1,1,1,1,14,14,14,1,1,1,1,1,1,1,1,27,27,27,27,27,27,27,27,27,27,10,1,1,1,1,1,1,1,1,1,1,1,1,1,1,1,1,1,1,1,1,1,1,1,1,1,1,1,1,1,1,1,1,1,1,1,1,1,1,1,1,1,1,1,1,1,1,1,1,1,1,1,1,1,1,1,1,1,1,1,1,1,1,1,1,1,1,1,1,1,1,1,1,1,1,1,1,1,1,1,1,1,1,1,1,1,1,1,1,1,1,1,1,1,1,1,1,1,1,1,1,1,1,1,1,1,1,1,1,1,1,1,1,1,1,1,1,1,1,1,1,1,1,1,1,30,1,1,1,1,1,1,1,1,1,1,1,1,1,1,1,1,1,1,1,1,1,1,1,1,1,1,1,1,1,1,1,1,1,1,1,1,1,1,1,1,1,1,1,1,1,1,1,1,1,1,1,1,1,1,1,1,1,1,1,1,1,1,1,1,1,1,1,1,1,1,1,1,1,1,1,1,1,1,1,1,1,1,1,1,1,1,30,30,30,30,1,1,1,1,30,1,1,1,1,1,1,1,1,1,1,1,1,1,1,1,1,1,1,1,1,1,1,1,1,1,1,1,1,1,1,1,1,1,1,1,1,1,1,1,1,1,1,1,1,1,1,1,1,1,1,1,1,1,1,1,1,1,1,1,1,1,1,1,1,1,1,1,1,1,1,1,1,1,1,1,1,1,1,1,1,1,1,1,1,1,1,1,1,1,1,1,1,1,1,1,1,1,1,1,1,1,1,1,1,1,1,1,1,1,1,1,1,1,1,1,1,1,1,1,1,1,1,1,1,1,1,1,1,1,1,1,1,1,1,1,1,1,1,1,1,1,1,1,1,1,1,1,1,1,1,1,1,1,1,1,1,1,1,1,1,1,1,1,1,1,1,1,1,1,1,1,1,1,1,1,1,1,1,1,1,1,1,1,1,1,1,1,1,1,1,1,1,1,1,1,1,1,1,1,1,1,1,1,1,1,1,1,1,1,1,1,1,1,1,1,1,1,1,1,1,1,1,1,1,1,1,1,1,1,1,1,1,1,1,1,1,1,1,1,1,1,1,1,1,1,1,1,1,1,1,1,1,1,1,1,1,1,1,1,1,1,1,1,1,1,1,1,1,1,1,1,1,1,1,1,1,1,1,1,1,1,1,1,1,1,1,1,1,1,1,1,1,1,1,1,1,1,1,1,1,1,1,1,1,1,1,1,1,1,1,1,1,1,1,1,1,1,1,1,1,1,1,1,1,1,1,1,1,1,1,1,10,1,1,1,1,1,1,1,1,1,1,17,17,1,1,1,1,1,3,1,1,1,1,17,17,1
380,4298,17,23,44,34,174,261,91,2066,563,3678,2,385,2,11927,2,4650,2,26,1424,11928,740 1,1,1,1,17,17,1,1,1,1,1,1,1,1,1,1,1,1,1,1,1,1,1
1619,553,218,174,1025,243,5,31,201,19,385,3516,23,147,142,1208,63,6131,7,1748,5210,2,645,38,14,31,11929,286,19,1194,2,5,163,7,23,1986,205,174,1554,401,222,31,1892,9588,9,27,1502,10,6,542,7,4117,1469,8 1,1,1,1,1,1,1,1,1,1,1,1,1,1,1,1,1,1,1,1,1,1,1,1,1,1,1,1,1,1,1,1,1,1,1,1,1,1,1,1,1,1,1,1,1,1,1,1,1,1,1,1,1,1
23,1194,222,31,1035,3720,2,5,23,5765,519,55,1126,3678,26,1126,11927,26,1424,11928,740,9,3974,174,299,7,2678,2,2845,62,2,2831,2,2162,8,2,645,174,261,91,785,5,11930,147,142,2,301,10,50,252,4552,10,429,108,3814,34 1,1,1,1,1,1,1,1,1,1,1,1,1,1,1,1,1,1,1,1,1,1,1,1,1,1,1,1,1,1,1,1,1,1,1,1,1,1,1,1,1,1,1,1,1,1,1,1,1,1,1,1,1,1,1,1
114,4,161,313,8107,2,211,155,797,945,2,247,1226,679,652,2,2283,2016,2454,108,34,9589,247,17443,108,1467,34,165,212,764,19,8107,186,314,7119,155,3875,679,652,249,3904,1964,108,17444,356,389,1964,351,3839,679,4973,459,120,2153,381,333,636,2009,707,2565,9,7892,168,27,1502,32,2468,32,17445,8,843,3772,652,742,275,715,9,119,784,1979,174,64,8,3018,2512,11918,2,195,705,46,17446 1,1,1,1,1,1,11,1,1,1,1,1,1,1,1,1,1,1,1,1,1,1,1,1,1,1,1,1,1,1,1,1,1,1,1,1,1,1,1,1,1,1,1,1,1,1,1,1,1,1,1,1,4,1,1,1,1,1,1,1,1,1,1,1,1,1,1,1,1,1,1,1,1,1,1,1,1,1,1,1,1,1,1,1,1,1,1,1,1,1,1
