67,54,4,20512,28,414,4,3918,3,6176,3275,257,20513,9,8105,8,259,54,7,112,4,20514,13643,55,4,395,122,808,55,7,20515,261,998 1,1,1,1,1,1,1,1,1,1,1,1,1,1,1,1,1,1,1,1,1,1,1,1,1,1,1,1,1,1,1,1,1
426,48,766,34,13,177,84,27,993,1340 1,1,1,1,1,1,1,1,1,1
18,14,62,547,379,428,13,15,256,2759,5,5647,10856,343,13,15,2506,2544,5,21,387,15,13644,1842 1,1,1,1,1,1,1,1,1,1,1,1,1,1,1,1,1,1,1,1,1,1,1,1
18,14,27,6,9217,1569,2565 1,1,1,1,1,1,1
18,38,24,2544,12,6,3205,84,539,65,183,5,20516,128,3792,66,6,2544,12,6,80,1517,7,65 1,1,1,1,1,1,1,1,1,1,1,1,1,1,1,1,1,1,1,1,1,1,1,1
18,20,503,10,468,12,10,6,1340,499,10,84,6,2544 1,1,1,1,1,1,1,1,1,1,1,1,1,1
18,387,48,34,12,6,2932,3377,424,13,118,148,5,523,10,2019,13,1672,563,84,12,6,4267,5,811,84,5,301,2127 1,1,1,1,1,1,1,1,1,1,1,1,1,1,1,1,1,1,1,1,1,1,1,1,1,1,1,1,1
6,48,34,20,1307,13,1104,1798,5,20,943,10,1147,17,1776 1,1,1,1,1,1,1,25,1,1,1,1,1,1,1
159,52,12,6,1147,3,24,116,46,6223,5,177,84,46,265,10,472 1,1,1,1,1,1,1,1,1,1,1,1,1,1,1,1,1
20517,57,72,27,472 1,1,1,1,1
1694,4,122,998,150,403,1169,5088,254,4,122,254,5275 1,1,1,1,1,1,1,1,1,1,1,1,1
579,4,11,249,26,459,3,307,20518,3205,34,4417,193,123,1214,77,4,1000,680,20519,1130 1,1,1,1,1,1,1,1,1,1,1,1,1,1,1,1,1,1,1,1,1
13645,1789,209,328,197,428,18,14,410,5,2663,12,3559,797,665,216,968,222,11,309,11,879,751,455,1270,11,1162,1289,1465,220,2544,12,3205,220,5804,5154,11,93,532,4,177,220,156,2019,220,2127,5,1672,563,563,84,12,811,5,10857,1036 1,1,1,1,1,1,1,1,1,1,1,1,1,1,1,1,1,1,1,1,1,1,1,1,1,1,1,1,1,1,1,1,1,1,1,1,1,1,1,1,1,1,1,1,1,1,1,1,1,1,1,1,1,1,1,1
873,18,38,48,34,5,177,84,13,118,156 1,1,1,1,1,1,1,1,1,1,1
92,14,31,91,134,18,370,24,39,66,6095,757,163,40,272,92,14,166,37,18,21,4649,325 1,1,1,1,1,1,1,1,1,1,1,1,1,1,1,1,1,1,1,1,1,1,1
237,104,10,1471,20520,5,1833,39,355 1,1,1,1,1,1,1,1,1
84,2506,1862,220,2932,40,10858,26,3257 1,1,1,1,1,1,1,1,1
64,20521,1495,40,3416 1,1,1,1,1
13646,20522,20523,168,54,4,20524,261,54,4,20525,10859,505,4,48,766,34 1,1,1,1,1,1,1,1,1,1,1,1,1,1,1,1,1
424,801,4,30,7,2759,2090,3,161,315,2506,1280,19,20526,13,15,13644,1842,29,106,29,2605,29,2043,992,76,5,1447,6677,935,29,30,7,70,1591,2267,12,3370,29,30,7,1498,3,161,315,70,5,53,486,657,4478,12,3474,5,3067,29,2915,813,13,15,30,7,209,715,765,283,12,6,80,29,161,315,1447,989,3,12757,29,2323,48,34 1,1,1,1,1,1,1,1,1,1,1,1,1,1,1,1,1,1,1,7,1,1,1,1,1,1,1,1,1,1,1,1,1,1,1,1,1,1,1,1,1,1,1,1,1,1,1,1,1,1,1,1,1,1,1,1,1,1,1,1,1,1,1,1,1,1,1,1,1,1,1,1,1,1,1,1,1,1,1,1
540,4,591,278,13,64,7302,10860,29,993,584,1340,278,29,1813,4873,429,154,29,350,3908,241,7,6,48,29,291,241,570 1,1,1,1,1,1,1,1,1,1,1,1,1,1,1,1,1,1,1,1,1,1,1,1,1,1,1,1,1
30,7,61,328,4,6,28,14,62,10413,428,121,14,15,5153,5,582,4272,355,121,38,68,12,6,9217,1569,757,163,597,6,65,7,168,186,18,3625,115,13,2625,5,2120,48,453,424,13,226,7,184,37,20,424,13,15,190,7,3181,2405,66,24,473,214,115,10,24,1316 1,1,1,1,1,1,1,1,1,1,1,1,1,1,1,1,1,1,1,1,1,1,1,1,1,1,1,1,1,1,1,1,1,1,1,1,1,1,1,1,1,1,1,1,1,1,1,1,1,1,1,1,1,1,1,1,1,1,1,1,1,1,1,1,1
18,768,11,584,453,10,24,53,303,3,11,990 1,1,1,1,1,1,1,1,1,1,1,1
18,21,38,571,255,12,6,80 1,1,1,1,1,1,1,1
18,20,55,10,52,106,27,6,9217,1569,757,163,3,115,10,13647,3,5,20,138,610,215,22,5,311,2480,754 1,1,1,1,1,7,1,1,1,1,1,1,1,6,6,6,6,1,1,1,9,1,1,1,1,1,25
18,20,781,10,5802,4416,124,17,268,172 1,1,1,1,1,1,1,1,1,1
12,6,318,702,3,18,370,117,754,3,1126,5,1720,75,575,1307,24,34 1,1,1,1,1,1,1,1,25,1,1,1,1,1,1,1,1,1
80,39,30,4,639,17,6,270,3,2038,937,2913 1,1,1,1,1,1,1,1,1,1,1,1
12,475,3,18,14,5805,5,21,1261,15,173,1432,7,140,3,620,171,10,215,624,159,1135 1,1,1,1,1,1,1,1,1,1,1,1,1,1,1,1,1,1,1,1,1,1
18,98,21,1497,5058 1,1,1,1,1
39,19,168,4,203,462,22,105,3,2986,1582,189,13648,117,85,15,113,3,3508,558,22,27,1350,3,9218,3943,669,22,105,597,13649,3,950,231,22,1208 1,1,1,1,11,1,1,1,1,1,1,1,1,1,1,1,1,1,1,1,1,1,1,1,1,1,1,1,1,1,1,1,1,1,1,1
2403 1
648,3,7150,36,337 1,1,1,1,1
105,3,906,36,337 1,1,1,1,1
105,3,962,125,22,337 1,1,1,1,1,1
105,3,610,215,22,1047,3,3283,108,22,1047,3,1650,125,22,2739,3,2326,1547,462,22,10861,3,218,141,22,337 1,1,9,1,1,1,1,1,1,1,1,1,25,1,1,1,1,1,1,1,1,1,1,13,1,1,1
105,3,4210,2403 1,1,1,1
648,3,3848,2403 1,1,1,1
648,3,1690,108,22,13638 1,1,1,1,1,1
2403 1
34 1
127,4,18,21,11,374,357,127 1,1,1,1,1,1,1,1
102,101,4,18,3385,20527,624,3,133,1106,5,145,3,386,156,125,5,2478,3,20528,1133,1045,20,967,42,3,63,94,20,4681 1,1,1,1,1,1,1,1,1,1,1,1,1,1,1,1,1,1,1,1,1,1,1,1,1,1,6,6,6,6
207,197,4,8109,3,1789,428,121,20,12,11,199,342 1,1,1,1,1,1,1,1,1,1,1,1,1
227,4,1561,1313,143,683,3,9219,1055,37,143,673,1115,3,1955,759,143,204,3,1239,97,685 1,1,1,1,1,1,1,1,1,1,1,1,1,1,1,1,1,1,1,1,1,1
576,210,632,3154 1,1,1,1
74,20,11,908,3,11,879 1,1,1,1,1,1,1
103,4,145,156,5,239,3,9220 1,1,1,1,1,1,1,1
74,14,15,1710,589,891,213,27,6,53,1456,1876 1,1,1,1,1,1,1,1,1,1,1,1
48,4,91,10,463 1,1,1,1,1
214,4,74,20,62,2932,2544,12,469,12,6,53,194,2168,97,1558,1280 1,1,1,1,1,1,1,1,1,1,1,1,1,1,1,1,1
6,214,20,152,13,131,246,10,1046,12,6,53,194,2168,97,1482,26,1641,29,326,327,57,61,783 1,1,1,1,1,1,1,1,1,1,1,1,1,1,1,1,1,1,1,1,1,1,1,1
114,275,11,93 1,1,1,1
74,143,209,715,1873,84,100,5,4643,19,6,53,518,7,24,322 1,1,1,1,1,1,1,1,1,1,1,1,1,1,1,1
133,143,217,5,675 1,1,1,1,1
273,77,4,6,28,21,173,323,7,6,100,194,5,473,114,13,20529,628,7,6,666,5,217,628,12,6,657,3224,3,5375,3,10862,3,1346,3,5,574,6718 1,1,1,1,1,1,1,1,1,1,1,1,1,1,1,1,1,1,1,1,1,1,1,1,1,1,1,1,1,1,1,1,1,1,1,1,1,1
457,532,4,19,168,3,696,785,20530,3,824,9221,3,1281,20531,905,1932,3,663,2221,3,347,2042,3,1905,5,805,143,72,1200 1,1,1,1,1,1,1,1,1,1,1,1,1,1,1,1,1,1,1,1,1,1,1,1,1,1,1,1,1,1
177,111,44,338,239,97,84,7,325 1,1,1,1,1,1,1,1,1
48,738,275,11,817,130,371,26,854 1,1,1,1,1,1,1,1,1
24,1813,4873,429,154,275,11,202,7,177,26,1911,1070,1472 1,1,1,1,1,1,1,1,1,1,1,1,1,1
18,242,46,202,7,15,2799,1472,12,6,811,130,13,2537,3,13,62,2910,7,447,42 1,1,1,1,1,1,1,1,1,1,1,1,1,1,1,1,1,1,1,1,1
241,7,48,13,15,545,1638,242,31,275,88,2829 1,1,1,1,1,1,1,1,1,1,1,1
124,438,4,6,28,20,221,12,278,43,64,7302,10860,7,207,164 1,1,1,1,1,1,1,1,1,1,1,1,1,1,1,1
6,28,38,2893,62,1751,12,482,3800,139,417,1499,3800,159,1135,7303,417,3,40,20,290,10,479,223,284,1698,160,405,164 1,1,1,1,1,1,1,1,1,1,1,1,1,1,1,1,1,1,1,1,1,1,1,1,1,1,1,1,1
139,899,2663,13,64,10860,5,13,24,150,3,5,13,6,28,3,50,1526,37,6,3758,424,13,6,164,5,3135,1064,3,2170,7837,88,1399,1255,37,18,208,46,66,40,1399,164,5,1241,119,1799,1824,31,10,2695,40 1,1,1,1,1,1,1,1,1,1,1,1,1,1,1,1,1,1,1,1,1,1,1,1,1,1,1,1,1,1,1,1,1,1,1,1,1,1,1,1,1,1,1,1,1,1,1,1,1,1,1
48,34,4,6,28,38,11,202,7,325,43,103,3103 1,1,1,1,1,1,1,1,1,1,1,1,1
1813,4873,242,31,275,88,1911,1472 1,1,1,1,1,1,1,1
18,41,86,10,52,343,13,2904 1,1,1,1,1,1,1,1
24,48,766,34,14,166,290,10,1447,3221 1,1,1,1,1,1,1,1,1,1
1583,4,24,1447,3221,5,812,41,52,343,13,2319 1,1,1,1,1,1,1,1,1,1,1,1
209,34,771,4,18,21,209,34,66,1498,5,2605 1,1,1,1,1,1,1,1,1,1,1,1
40,21,3897,10,5805,323,12,473,26,194,114,5,20532,748,209,34,39 1,1,1,1,1,1,1,1,1,1,1,1,1,1,1,1,1
27,6,85,3,119,41,86,34,39,17,24,1250 1,1,1,1,1,1,1,1,1,1,1,1
86,1775,326,389 1,1,1,1
4908,4,6,28,160,15,152,1940,353,12,890,10,1301,24,10,724,5,10622,35,18,21,11,3253,27,61 1,1,1,1,1,1,1,1,1,1,1,1,1,1,1,1,1,1,1,1,1,1,1,1,1
6,150,137,285,10,527,10,564,3253,17,24 1,1,1,1,1,1,1,1,1,1,1
4479,161,4,135,6,28,82,3111,3,139,899,2663,13,150,5,28,3,18,109,31,1951,10863,993,5,14,191,31,4479,5,191,31,2016 1,1,1,1,1,1,1,1,1,1,1,1,1,1,1,1,1,1,1,1,1,1,1,1,1,1,1,1,1,1,1,1
261,39,4,962,125,22,337 1,1,1,1,1,1,1
105,3,1126,5139,22,337 1,1,1,1,1,1
3448,3,752,872,501,22,337 1,1,1,1,1,1,1
105,3,203,462,22,337 1,1,11,1,1,1
105,3,950,231,22,1047,3,2986,7214,189,117,85,15,113,3,2326,1547,462,22,337 1,1,1,1,1,1,1,1,1,1,1,1,1,1,1,1,1,1,1,1
105,3,1650,4194,125,22,337 1,1,25,25,1,1,1
2739,3,218,141,22,337 1,1,13,1,1,1
105,3,4589,7,8110,105,2403 1,1,1,1,1,1,1
648,3,9218,3943,3714,669,22,337 1,1,1,1,1,1,1,1
105,10,3347,19,13649,3,610,215,22,337 1,1,1,1,1,1,9,1,1,1
1047,3,3508,558,22,337 1,1,1,1,1,1
27,1350,3,906,36,337 1,1,1,1,1,1
105,3,1690,337 1,1,1,1
20533 1
2403 1
34,3,1052,125,22,337 1,1,12,1,1,1
105,3,7150,1547,3113,22,337 1,1,1,1,1,1,1
105,3,3283,755,22,337 1,1,1,1,1,1
1208 1
566,4,6,28,41,52,688,188,10,6,9217,1569,2565,599 1,1,1,1,1,1,1,1,1,1,1,1,1,1
7302,2420,5454,3,107 1,1,1,1,1
533,17,4,867,205,7302,2420,5454,3,107 1,1,1,1,1,1,1,1,1,1
20534,20535 1,1
