69,49,4,17476,485,4,17477,8111,8112,144,1452,154,2,3548,536,4,4977,2,5807,7120,46,4,11951,4978,29,4,2300,101 18,1,1,1,1,1,1,1,1,1,1,1,1,1,1,1,1,1,1,1,1,1,1,1,1,1,1,1
858,391,4,478,34 1,1,1,1,1
18,279,13,647,153,223,7,180,696,7,52,478,5,112,34,86,1328 1,1,1,1,1,1,1,1,1,1,1,1,1,1,1,1,1
18,21,851,7122,5,11954,7,6,52,478 1,1,1,1,1,1,1,1,1,1
18,21,34,27,6,1759,757 1,1,1,1,1,1,1
68,14,4043,3227,65,1012,7,6,478 1,1,1,1,1,1,1,1,1
18,21,11,388,5,11,2639,19,38,757 1,1,1,1,1,1,1,1,1,1
11324,5,4092,53,175 1,1,1,1,1
688,1014,14,175,10,466 1,1,1,1,1,1
343,14,175 1,1,1
11,11953,976,34,12,6,112,2,5,34,13,11954,2,2691,2,2885,2,5,4654,12,6,112 1,1,1,1,1,1,1,1,1,1,1,1,1,1,1,1,1,1,1,1,1,1
242,4,112,5,478,34,2,71,14,1125 1,1,1,1,1,1,1,1,1,1
314,7,1407,13,2896,2871,4655,1012,2871,815,929,238 1,1,1,1,1,1,1,1,1,1,1,1
114,4,5152,7,6,112,5,478,2,1895,5808,2865 1,1,1,1,1,1,1,1,1,1,1,1
13,1341,2,1292,153,10,248,11955,2718 1,1,1,1,1,1,1,1,1
34,2,960,1915,1004,2,2639,10,6,478,2,5,207,100,13,58,4979,7,7123,17,233 1,1,1,1,1,1,1,1,1,1,1,1,1,1,1,1,1,1,1,1,1
6369,4653,2,96 1,1,1,1
8111,8112,144,384,4,3254,4979,2,96 1,1,1,1,1,1,1,1,1
441,7,7123,11956,5809,144,1759,4,17478,1067,17479,1067,17480 1,1,1,1,1,1,1,1,1,1,1,1,1
