69,49,4,17468,8111,8112,144,1215,1143,2,3548,536,4,4977,2,5807,7120,46,4,11951,3058,4,5807,21,61,448,57,136,23,70,488,700,4652,12,1091,7,7829,18,411,21,34,12,6,70,700,5,6,52,700,2,71,14,218,239,10,1407 18,1,1,1,1,1,1,1,1,1,1,1,1,1,1,1,1,1,1,1,1,1,1,1,1,1,1,1,1,1,1,1,1,1,1,1,1,1,1,1,1,1,1,1,1,1,1,1,1,1,1,1,1,1,1,1
18,21,61,290,1292,17,34,338 1,1,1,1,1,1,1,1
6366,2,18,14,31,460,167,13,613,2,32,18,14,290,15,577,9593 1,1,1,1,1,1,1,1,1,1,1,1,1,1,1,1,1
18,14,290,17469,5,17470,17,23,1665 1,1,1,1,1,1,1,1,1
12,736,2,18,21,39,15,30,7,70,2104,2595,5,14,290,5369,2345,2,86,160,7,339,1648,26,17471,435 1,1,1,1,1,1,1,1,1,1,1,1,1,1,1,1,1,1,1,1,1,1,1,1,1,1
18,14,290,1201,17,23,67,94,338,2,5,14,85,290,960,17,34,338 1,1,1,1,1,1,1,1,1,1,1,1,1,1,1,1,1,1
27,140,2,18,14,3600,15,4369,6367,37,58,11952,21,1788 1,1,1,1,1,1,1,1,1,1,1,1,1,1
12,736,2,18,14,947,15,2846,17,3283,151,1777,6,1477,5,15,2611,151,7844,6,1477 1,1,1,1,1,1,1,1,1,1,1,1,1,1,1,1,1,1,1,1,1
18,774,80,17,23,1207,13,23,837 1,1,1,1,1,1,1,1,1
18,2418,12,15,2755 1,1,1,1,1
19,122,2,23,67,94,80,14,8113,13,15,296,7,368,5,15,372,145,7,2466,18,14,1285 1,1,1,1,1,1,1,1,1,1,1,1,1,1,1,1,1,1,1,1,1,1,1
91,73,14,15,135,145,5,212,2,246,2,253,2,86,387 1,1,1,1,1,1,1,1,1,1,1,1,1,1,1
23,112,14,330,2,598,18,113,50,11953,34,10,1392 1,1,1,1,1,1,1,1,1,1,1,1,1
23,226,53,90,10,452 1,1,1,1,1,1
18,21,34,722,6,4567,2395,12,6,2012,5,6368,680 1,1,1,1,1,1,1,1,1,1,1,1,1
18,21,106,34,13,2691,27,6,700,2,13,851,721,27,362,3717 1,1,1,1,1,1,1,1,1,1,1,1,1,1,1,1
18,21,11,160,7,197,445,733,26,79 1,1,1,1,1,1,1,1,1,1
23,336,243,53,175 1,1,1,1,1
23,4845,1355,53,1849 1,1,1,1,1
18,21,199,904,243 1,1,1,1,1
18,88,438,5,1172,14,1428 1,1,1,1,1,1,1
18,1492,15,6814,10,7121,2076 1,1,1,1,1,1,1
77,53,5266,12,2116 1,1,1,1,1
642,4,18,40,207,100,13,260,17,15,991,93,122,12,1452,7,38,200,2,5,18,40,55,797,27,37,95 1,1,1,1,1,1,1,1,1,1,1,1,1,1,1,1,1,1,1,1,1,1,1,1,1,1,1
6369,4653,2,96 1,1,1,1
8111,8112,144,17472,4,17473,1067,17474,1067,17475 1,1,1,1,1,1,1,1,1,1
