67,54,4,20548,10864,4470,3,3165,1361,125,3,2614,8116,61,328,4,773,10,122,40,1594,87,302,498,13,8117,3,801,12,2975,3,62,168,10,6224,99,129,13,854,3,121,61,13,1435,626,386,342,99,113,5,20,162,2016,10,6,5806 1,1,1,1,1,1,1,1,1,1,1,1,1,1,1,1,1,1,1,1,1,1,1,1,1,1,1,1,1,1,1,1,1,1,1,1,1,1,1,1,1,1,1,1,1,1,1,1,1,1,1,1,1,1,1,1
16,35,343,13,365,228,6226,5,13,907,3,5,14,265,3470 1,1,1,1,1,1,1,1,1,1,1,1,1,1,1
16,14,6722,5,21,3272,10,724 1,1,1,1,1,1,1,1
71,20,801,856,87,183 4,4,4,4,4,4
16,20,343,13,4246,1288,22,32,3,348,6723,22,12,10869,228,5,15,10870,597,1655,7,40,87,3,186,6,10870,20,938,13,165 1,1,1,1,33,1,1,1,1,17,1,1,1,1,1,1,1,66,1,66,66,66,66,66,66,66,66,66,66,66,8
17,7936,13,23,1863,503,3,23,165,21,68,1686,3647,43,3429,3,13,180,1034,397,1429,5,171,1034,397,2204 1,1,1,1,1,1,1,1,8,1,1,1,1,1,1,1,1,1,1,1,1,1,1,1,1,1
16,154,23,588,397,1429,5,2204,344,5,146,37,3,159,16,21,68,312,198,13,23,353,95,3,677,46,68,12,6,266,231,73,5,794,231,73,3,2519 1,1,1,1,1,1,1,1,1,1,1,1,1,1,1,1,1,1,1,1,1,1,1,1,1,1,1,1,1,1,1,1,1,1,1,1,1,1
23,733,398,20,3715,42,15,129,183 1,16,16,16,16,16,16,16,16
1082,4,16,14,290,17,23,87,987,13,23,3948 1,1,1,1,1,1,1,1,1,1,1,1
11,1082,12,6,80 1,1,1,1,1
1383,4,3391,20549,89 1,1,1,1,1
11,8758,1538,12,4693 1,1,1,1,1
604,4,16,21,598,2313,12,23,764 1,1,1,1,1,1,1,1,1
103,4,16,14,110,251,17,181,120,76,223,8033,87,183 1,1,1,1,3,3,1,10,10,10,1,1,1,1
354,4,11,725 1,1,1,1
23,8117,14,343,13,3652,5,8113,7041,3,75,16,3647,10,2171 1,1,1,1,1,1,1,1,1,1,1,1,1,1,1
80,39,30,4,164,4,181,251,155,862,27,85,7,505,7,8117,39,4,106,287,812,127,4,11,374,357,127 1,1,1,1,1,1,1,3,1,1,1,1,1,1,1,1,1,1,7,15,1,1,1,1,1,1,1
238,30,4,11,541,30,4,11,150,30,4,74,14,15,173,150,30,7,71,3,158,23,573,3,4481,4299,3,175,7,23,108,2603,3,5,128,5155,422,35,60 1,1,1,1,1,1,1,1,1,1,1,1,1,1,1,1,1,1,4,1,1,1,1,1,1,1,1,1,1,1,1,1,1,1,1,1,1,1,1
206,30,4,245,13,23,551,5,2374,5457,723,3,121,14,15,10799,668 1,1,1,1,1,1,1,1,1,1,1,1,1,1,1,1,1
4644,5,4694,4193,17,207,7211,3,1495,615,258 1,1,1,1,1,1,1,1,1,1,1
23,2746,10871,1863 1,1,1,1
81,7,182,4,270,1040,4,131,841,314 1,1,1,1,1,1,1,1,1,1
81,7,182,14,376,72 1,1,1,1,1,1
102,77,4,244,787,3,20550,20551,498,12,11,342 1,1,1,1,1,1,1,1,1,1,1,1
148,4,13656,364,4,1279,3,145,292,4,7260,655,4,9225,43,30,2049,4,108,1945,43,30,227,4,797 6,6,6,1,1,1,1,8,1,1,1,1,1,1,1,1,1,1,1,1,1,1,1,1,1
296,3036,82 1,1,1
2447,4,31,101 1,1,1,1
216,4,44,133,3,97,222,687,4,31,777,48,4,493,1065,574,3,59,442,187 1,1,1,1,1,1,1,1,1,1,1,1,1,1,1,1,1,1,1,1
130,4,44,304,29,2118,310 1,1,1,1,1,1,1
11,561 1,1
11,213,214,4,11,1128 1,1,1,1,1,1
11,240 1,1
11,246 1,1
11,777,2143 1,1,1
114,4,11,93 1,1,1,1
1032,217,187,3,1688,1330,79,217,3,1139 1,1,1,1,1,1,1,1,1,1
232,322,198 1,1,1
273,4,7767,433,3,1139,3,13,44,3578 1,1,1,1,1,1,1,1,1,1
339,5,104,4,1594,87,302,498,13,317,58,71,132,19,1202,17,8117,2290,3,137,467,10,2217,22,2384,3,138,27,4482,5,2748 1,1,1,1,1,1,1,1,1,1,1,4,1,1,1,1,1,1,1,1,1,1,1,1,1,1,1,1,1,1,1
46,81,23,95,532,3,237,508,37,119,84,23,137,165,10,4,596,171,816,145,13657,1024,605,397,1429,145,13657,1024,608,397,2204,596,180,27,1350,892,145,1315,1024,571,417,228,41,160,10,52,1237,649,19,2233,5,19,88,84,12,6,1202,228 1,1,1,1,1,1,1,1,1,1,1,1,1,8,1,1,8,8,8,8,8,8,8,8,8,8,8,8,8,8,8,8,8,8,8,8,8,8,8,1,1,1,1,1,1,1,1,1,1,1,1,1,1,1,1,1,1,1
50,46,11,3048,10,1833,23,4246,3,26,3976,5069,477,16,14,425,3,35,916,35,360,191,31,190,37,1053,1930,14,2825,88,3740,12,23,3604 1,1,1,1,1,1,1,33,1,1,1,1,1,1,1,1,1,1,1,1,1,1,1,1,1,1,1,1,1,1,1,1,1,1
50,237,2562,31,10,1833,6,348,477,14,27,341,17,199,386,3604,13,341,7,5623 1,1,1,17,17,17,17,17,1,1,1,1,1,1,1,1,1,1,1,1
237,84,6,1202,228,10,9226,3,615,973,3,1533,37,119,368,98,126,10,988,6,228,3,973,671,3,134,284 1,1,1,1,1,1,1,1,1,1,1,1,1,1,1,1,1,1,1,1,1,1,1,1,1,1,1
16,197,10,46,62,494,37,21,27,1376,15,2348,7,1054,1874 1,1,1,1,1,1,1,1,1,1,1,1,1,1,1
134,360,740,3,237,126,1054,2580 1,1,1,1,1,1,1,1
9,55,37,12,475,10,6,1054,264,3,23,653,3,693,464,44,3,21,468,467,225,85 1,1,1,1,1,1,1,1,1,1,1,1,1,1,1,1,1,1,1,1,1,1
8,941 1,1
2864,1729,10872,3,1689,3,3750 1,1,1,1,1,1,1
