69,49,4,17588,305,9555,9633,308,957,30,4,287,5393,14,15,284,1661 1,1,1,1,1,1,1,1,1,1,1,1,1,1,1,1,1
345,174,216,4125,305,2548,103,1616,70,409,753,12,1589,1740,4570,2681,408,21,61,1180,42,4990,17589,2,9634,7146,5,406,5612 1,1,1,1,1,1,1,1,1,1,1,1,1,1,1,1,1,1,1,1,1,1,1,1,1,1,1,1,1
287,5393,20,373,288,265,65,17590,814,17591,17,849,7,406,713,5,366,2,598,86,115,7,566,26,180,593,2743 1,1,1,1,1,1,1,1,1,1,1,1,1,1,1,1,1,1,1,1,1,1,1,1,1,1,1
24,1468,391,20,1848,394,5,17592,1242,174,214,839,996 1,1,1,1,1,1,1,1,1,1,1,1,1
3389,2,16,1547,15,214,657,1077,5,986,121,274 1,1,1,1,1,1,1,1,1,1,1,1
432,37,141,2,16,20,3896,10,15,266,75,695,28,154,5,24,3793,3864,1936,168,10,450 1,1,1,1,1,1,1,1,1,1,1,1,1,1,1,1,1,1,1,1,1,1
24,394,20,549,10,55,2317,741,10,24,12006,32,16,20,1283,32,460,63,4052,7147,1269 1,1,1,1,1,1,1,1,1,1,1,1,1,1,1,1,1,1,1,1,1
1546,20,1976,2,15,9635,2389,20,730,5,2389,9636,129,321,10,4285,24,1546 1,1,1,1,1,1,1,1,1,1,1,1,1,1,1,1,1,1
16,20,874,86,9637,19,17593 1,1,1,1,1,1,1
6,29,986,174,8134,9238,5,2094,5403,27,140,5,1164,63,614,946,121,1313,12,553,271,51,198 1,1,1,1,1,1,1,1,1,1,1,1,1,1,1,1,1,1,1,1,1,1,1
16,20,2043,532,67,500,604,15,318,4990,8135,9,481,2064,8,19,8136 1,1,1,1,1,1,1,1,1,1,1,1,1,1,1,1,1
753,1070,20,1976,5,6,29,20,3870,19,5404,6387,1980,2,5,237,1209,12007,100,10,33,2657,1582,19,1070,1348 1,1,1,1,1,1,1,1,1,1,1,1,1,1,1,1,1,1,1,1,1,1,1,1,1,1
16,428,1898,7146,5,20,321,19,9638,1296,1252,405,33,19,17594,17,15,298,7,17595,27,37,95,14,266,20,9639,5,5228,17596 1,1,1,1,1,1,1,1,1,1,1,1,1,1,1,1,1,1,1,1,1,1,1,1,1,1,1,1,1,1
15,540,801,20,1156,80,5,604,834,7146,28,266,17597,3297,2,298,1303,5,5228,17598 1,1,1,1,1,1,1,1,1,1,1,1,1,1,1,1,1,1,1,1
1533,20,285,13,58,17599,5,6,29,20,4666,5,2179,10,156,10,6,5394,1087,17,241,233,5,522 1,1,1,1,1,1,1,1,1,1,1,1,1,1,1,1,1,1,1,1,1,1,1,1
78,89,30,4,161,4125,305,2548,9,1994,557,13,9640,8,2,523,971,12,3238 1,1,1,1,1,1,1,1,1,1,1,1,1,1,1,1,1,1,1
165,1617,535,1644 1,1,1,1
186,164,143,76 1,9,9,9
249,311,51,81 1,4,4,4
351,685 1,1
459,1427,9,11996,8128,8 1,1,1,1,1,1
636,1050,1307,5677 1,1,1,1
843,5164,9247 1,1,1
1038,70,5401,4228,5,337,1593 1,1,1,1,1,1,1
1065,9634,7146,78,545,30,4,161,70,5816,5,4269,911,3906 1,1,1,1,1,1,1,1,1,1,1,1,1,1
165,52,17600,17601 1,1,1,1
186,2378,2,647,6265,142,10,137,1573,4,11,334,137,36,1566,4,206,177,208,77,9,941,8,4,726,74,172,474,35,25,82,17602,51,347,25,59,6388,683,25,2048,2798,1674,25,59,4128,683,25,59,3685,3258,25,82,2220,12008,25,82,2967,17603,35,850,59,131,51,190,405,509,1594,196,1252,25,82,12009,83,22,25,59,1151,35,347,25,82,486,131,259,190,405,82,2596,3550,35,6389,59,517,83,22,25,82,933,446,25,82,3723,17604,17605,25,59,5404,6387,22,25,866,150,107,3252,60,35,347,513,259,697,138,272,179,30,4,7138,4557,2,281,1544,65,140 1,1,1,1,1,1,1,1,1,1,1,1,1,1,1,1,1,1,1,1,1,1,1,1,1,1,11,1,1,1,1,1,1,1,1,1,1,1,1,1,23,1,1,1,1,1,1,1,1,1,1,1,1,1,1,1,1,1,1,1,1,6,1,1,1,1,1,1,1,1,1,1,1,1,1,1,1,1,1,1,1,6,6,6,6,6,6,1,1,1,1,1,1,1,1,1,1,1,1,1,1,1,1,1,1,1,1,1,1,1,1,1,1,1,1,1,1,1,1,1,1,1,1,1,1,1,1,1,1,1,1,1
295,13,503,5,837 1,1,1,1,1
706,309,105,2253,146 8,8,8,8,8
4667,36,17606 1,1,1
1786,134,258,4,17607,4990,8135,3553,242,5,114,4,284,1661 1,1,1,1,1,1,1,1,1,1,1,1,1,1
345,103,157,409,753,1589,1740,17,7136,13,928,2,1180,144,408,2,110,279,13,9634,7146 1,1,1,1,1,1,1,1,1,1,1,1,1,1,1,1,1,1,1,1,1
29,2179,10,156,10,189,27,5394 1,1,1,1,1,1,1,1
1610,1436,4352,5264,51,190,3552,9,17608,8,5264,12010,2190,126,9638,1296,22,405,82,2283,5821,204,1252,405,2764,838,5404,361,470,566,76,167,4,17609,566,36,361,155,15,4990,8135,272,36,126,3252,138,81,341,9,2013,696,8,36,126,174,1488,486,5,135,131,51,190,509 1,1,1,1,1,1,1,1,1,1,1,1,1,1,1,1,1,1,1,1,1,1,1,1,1,1,1,1,1,1,1,1,1,1,1,1,1,1,1,1,1,1,1,1,1,1,4,4,4,4,4,4,1,1,1,1,6,6,6,6,6,6,6
126,10,707,1191,12,644,7,188,2414,364,409,3028,36,126,3723,5,155,4349,542,12,221 1,1,1,1,1,1,1,1,1,1,1,1,1,1,1,1,1,1,1,1,1
2562,262,5372,126,517,5,4128 1,1,1,1,1,1,1
126,3446,174,6388,5,2596,2338,1002,76,36,126,933,2,3685,2,5,17610,3911 1,1,1,1,1,1,1,1,1,1,1,1,1,1,1,1,1,1
12006,36,126,2094,5403,9,8134,8,27,17611,119,1719,126,12009,27,521,119,107,13,3133,5,2005,361,470,1546,1356,36,126,3452,7148,9641,36,126,2967,35,1512,59,164,143,76,36,126,2798,5,211,535,1644,36,17612,4497,651,27,420 1,1,1,1,1,1,1,1,1,1,1,1,1,1,1,1,1,1,1,1,1,1,1,1,1,1,1,1,1,1,1,1,1,1,1,1,1,9,9,9,1,1,23,1,11,1,1,1,1,1,1,1,1
540,535,708,151,16,14,12011 1,1,1,1,1,1,1
142,10,77,38,101,5404,6387,22,25,866,150,107,247,4,17613,1273,4,17614,3665,581,4,17615,36,2458,7149,8137,2,1162,2495,42,4,7149,8137,681,809,42,7149,8137,2,1162,1655,139,4,678 1,1,1,1,1,1,1,1,1,1,1,1,1,1,1,1,1,1,1,1,1,1,1,1,1,1,1,1,1,1,1,1,1,1,1,1,1,1,1,1,1,1,1,1
