69,49,4,17542,1426,934,2,3906,11978,8121,2,96 18,1,1,1,1,1,1,1,1,1,1,1
17543,3967,1142,11979,11980,2,205,11981,536,4,5393,2,2979,5394,1045,46,4,9610,828,58,8121,4,47,39,6,1068,7,930,1034,29,2,287,5393,2,80,12,437 1,1,1,1,1,1,1,1,1,1,1,1,1,1,1,1,1,1,1,1,1,1,1,1,1,1,1,1,1,1,1,1,1,1,1,1,1
5816,911,19,17544,227,1054,1874,8122,13,1350,3109,976,9298,36,15,2282,2100,2800 1,1,1,1,1,1,1,1,1,1,1,1,1,1,1,1,1,1
136,6,911,2,16,21,3701,57,2,48,14,829,268,1396,7,194,271,498 1,1,1,1,1,1,1,1,1,1,1,1,1,1,1,1,1,1
17,11987,2,16,586,37,781,100,6,938,1965,10,6,1477,13,17545,16,14,829,1396,7,194,5,21,10,468 1,1,1,1,1,1,1,1,1,1,1,1,1,1,1,1,1,1,1,1,1,1,1,1,1,1
6,250,14,610,264,10,5804,2,48,14,2269,419,271,19,1464 1,1,1,1,1,1,1,1,1,1,1,1,1,1,1
16,21,11,386,79,2,44,34,2,181,484,2,757,167,2,26,596 1,1,1,1,1,1,1,1,1,1,1,1,1,1,1,1,1
16,21,2431,10,1882,259,727 1,1,1,1,1,1,1
42,4662,100,3908,2,5,24,728,53,610,419 1,1,1,1,1,1,1,1,1,1,1
5815,1002,14,214,57,425 1,1,1,1,1,1
77,4,933,105,22,1004,2,172,2,17546,2,17547,2,310,2,556,2,210,2,5,11783 1,1,1,1,1,1,1,11,1,39,1,31,1,20,1,7,1,12,1,1,1
19,122,4,16,14,57,1019 1,1,1,1,1,1,1
67,94,5780,2,372,145,105,5,2284 1,1,1,1,1,1,1,1,1
1290,14,90 1,1,1
3026,53,90 1,1,1
2921,14,1052,2,11,3085 1,1,1,1,1,1
44,4,43,1043,99,2,3039,5816,1791,28,1104,4831,942,5335,7,6,2018,100,193,13,17548,942,191,6,2541 1,1,1,1,1,1,1,1,1,1,1,1,1,1,1,1,1,1,1,1,1,1,1,1,1
91,4,43,1709,8125,2,43,6375,2,11,417,2,487,553,271,614,601,13,5596,6272 1,1,1,1,1,1,1,1,1,1,1,1,1,1,1,1,1,1,1,1
187,4,463,2,133,2,375,2,11,953,26,693 1,1,24,1,1,1,1,1,1,1,1,1
217,4,11,79,2,1295,720,2,11,673 1,1,1,1,1,1,1,1,1,1
352,5187,4,1304,27,468,1347,41,5,117,3123,17549,1944,41 1,1,1,1,1,1,1,1,1,1,1,1,1,1
305,496,968,80,42,784,163,1035,63,4985,5,5817,37,53,476,42,647,109,41,2,488,409,2312,476,42,35,5818,2,5,6376,423,65,105,10,2257,121,14,9616,727 1,1,1,1,1,1,1,1,1,1,1,1,1,1,1,1,1,1,1,1,1,1,1,1,1,1,1,1,1,1,1,1,1,1,1,1,1,1,1
9,3036,2356,8 1,34,34,1
320,4,161,17550,4125,305,2548,36,6,911,2800,14,1039,2100,2,5,47,40,163,38,27,1082,305,2243,2764,4986,2,1926,13,63,568,10,2392,37,1279,1490,2581,10,3809,976,9298 1,1,1,1,1,1,1,1,1,1,1,1,1,1,1,1,1,1,1,1,1,1,1,1,1,1,1,1,1,1,1,1,1,1,1,1,1,1,1,1,1
47,126,10,880,170,15,1961,344,328,2380,17,6,17551,5819,7,517,2,13,63,17552,2578 1,1,1,1,1,1,1,1,1,1,1,1,1,1,1,1,1,1,1,1,1
47,880,16,176,55,15,214,199,2380,17,17553,2,48,2555,31,866,153,2966,65,38 1,1,1,1,1,1,1,1,1,1,1,1,1,1,1,1,1,1,1,1
47,6377,3853,10,16,5,24,503,37,24,76,176,50,3806,2,26,519,55,1074,932,42,6,134,44,162,5,2669,2338,1002 1,1,1,1,1,1,1,1,1,1,1,1,1,1,1,1,1,1,1,1,1,1,1,1,1,1,1,1,1
108,6,76,20,2,3909,2,9617,2,92,209,301,10,2029,13,409,3028,1243 1,1,1,1,1,1,1,1,1,1,1,1,1,1,1,1,1,1
6,373,182,11988,281,10,3028,14,24,5333,565 1,1,1,1,1,1,1,1,1,1,24
47,6378,13,170,37,16,865,10,50,24,121,423,10,3364,727 1,1,1,1,1,1,1,1,1,1,1,1,1,1,1
10,433,10,15,3036,7,154,2,5,37,42,6,95,7,17554,16,865,10,50,15,3036,7,647,9618,9619,2,16,21,24,500,2803,286,17,170 1,1,1,1,1,1,1,1,1,1,1,1,1,1,1,1,1,1,1,1,1,1,1,1,1,1,1,1,1,1,1,1,1,1
165,565,36,32,256 1,24,1,1,1
186,81 1,4
249,380,164,143,76,36,16,1249,222,1104,19,24,3829,91,1243 1,1,1,1,1,1,1,1,1,1,1,1,1,1,1
351,5815,1002,36,32,2632 1,1,1,1,1,1
459,250,36,4594,239,10,5815,1002,2,5,553,2180,11989,65,6,305,2548 1,1,1,1,1,1,1,1,1,1,1,1,1,1,1,1,1
1348,4,161,1495,2019,109,22,1190 1,1,1,1,1,1,1,1
165,126,933,130,22,1190 1,1,1,1,1,1
36,32,105,22,1190 1,1,1,1,1
222,31,881,275,338,13,6,9620,3392 1,1,1,1,1,1,1,1,1
186,92,40,163,1994 1,1,1,1,1
249,437,101,13,275,305,496,968,12,153,376 1,1,1,1,1,1,1,1,1,1,1
351,47,3853,6379,170,10,126,15,4039,2,48,1387,121,274,1763,36,47,6139,37,24,3507,40,8126,712,84 1,1,1,1,1,1,1,1,1,1,1,1,1,1,1,1,1,1,1,1,1,1,1,1,1
84,21,61,15,1068,10,2011,12,24,203 1,1,1,1,1,1,1,1,1,1
361,977,739,10,750,13,87,2762,26,1135 1,1,1,1,1,1,1,1,1,1
1027,2,3257,2594,9615,2,96 1,1,1,1,1,1,1
11986 1
