69,49,4,17762,1556,3434,605,99,414,4,2932,4673,1045,46,4,9676,605,49,4,17763,384,4,455,234,4,64,14,15,1324,1576,471,174,91,328,811,7,120,2,309,2,314,254,104,39,61,699,44,422,17,102,495,2078,1084,10,24,1054,685,5,20,1359,13,12065 1,1,1,1,1,1,1,1,1,1,1,1,1,1,1,1,1,1,1,1,1,1,1,1,1,1,1,1,1,1,1,1,1,1,1,1,4,1,19,1,1,16,1,1,1,1,1,1,1,1,1,1,1,1,1,1,1,1,1,1,1,1
278,80,27,500,2,9678,16,533,11269,2544,455,2,5,17764,3888 1,1,1,1,1,1,1,1,1,1,1,1,1,1,1
11,272,26,402 1,1,1,1
12066,129,1847,393,648,1632,170,10,6,189 1,1,1,1,1,1,1,1,1,1
19,1367,12,6,189,2,16,20,34,739 1,1,1,1,1,1,1,1,1,1
147,227,314,307,2962,17765 1,1,1,2,2,2
16,237,533,455,428,5,540,147,227,102,675,2481,591,2,591,2,3291,2,17766 1,1,1,1,1,1,1,1,1,1,1,1,1,1,1,1,1,1,1
2070,47,2,17767,2,2695 1,1,1,1,1,1
16,431,211,2,652,2,2016 1,1,11,11,1,1,1
27,429,4,54,1468,1691,2,269,196,41,27,4333 2,2,2,2,2,2,2,2,2,2,2,2
1964,344,1840,238 2,2,2,2
602,365,41,900,717,238,5,12067,41,717,2816 2,2,2,2,2,2,2,2,2,2,2
16,20,5167,13,2263,3207,98,1439,675,17768,4011,2,431,1296,22,473,5,321,19,4803 3,3,3,3,3,3,3,3,3,3,3,3,1,1,1,28,1,1,1,1
1157,7170,20,730 1,1,1,1
16,2418,12,6,1556,1442,5,34,739 1,1,1,1,1,1,1,1,1
637,4,120,36,17769,12068,103,4994,17,1328,54,386,2358,9679,257,4,131,192,4,2520,179,4,204,7171,831 1,1,4,4,4,4,1,1,1,1,1,1,1,1,1,1,6,1,1,1,1,1,1,1,1
17770,554 1,1
6408 1
128,4,11,859,178,385,4,17771,111,17772,4545,2040,204,41,1391,17773,436,2,779,2,17774,1094,11,293,229,487,481,601,745,1876,1778,118,302,48,246,2,253,324 1,1,1,1,1,1,1,1,5,5,1,1,1,1,1,1,1,1,1,1,1,1,1,1,1,1,1,1,1,1,1,1,1,1,1,1,1,1
11,387,8155,875,2,1325,1381,11,336,79 1,1,1,1,1,1,1,1,1,1
12069,243 1,1
157,1148,1914,1331,4,1234,7172,7,67 1,1,1,1,1,1,1,1,1
375,2,11,9680,693 1,1,1,1,1
5174,298,4219,72,9,1260,8,398,266,17775,9,1969,8,41,443,12070,9,1507,8,1301,1658,2163,9,1698,8,41,442,2618,9,1482,8,169,1531,758,54,9,1727,8,169,1042,1624,9,1690,8,1421,488,975,4383,9,2588,8,550,1370,2200,9,2513,8,550,1937,2057,9,2310,8,550,2152,1123,4674,9,2514,8,169,488,1123,684,9,3031,8,169,1813,1850,1956,9,3877,8,612,2447,788,9,3878,8,612,2446,2298,9,3890,8,3891,2309,2186,9,3892,8,3893,2373,1680,9,3695,8,612,1103,1096,1891,1295,9,148,8,2734,66,9,148,8,1103,1096,1891,3322,9,2550,8,1245,1700,1891,1475,3480,9,3186,8,41,2288,9,2551,8,1245,456,17776,2752,28,783,276,772,176,55,12071,252 1,1,1,1,1,1,1,1,1,1,1,1,1,1,1,1,1,1,1,1,1,1,1,1,1,1,1,1,1,1,1,1,1,1,1,1,1,1,1,1,1,1,1,1,1,1,1,1,1,1,1,1,1,1,1,1,1,1,1,1,1,1,1,1,1,1,1,1,1,1,1,1,1,1,1,1,1,1,1,1,1,1,1,1,1,1,1,1,1,1,1,1,1,1,1,1,1,1,1,1,1,1,1,1,1,1,1,1,1,1,1,1,1,1,1,1,1,1,1,1,1,1,1,1,1,1,1,1,1,1,1,1,1,1,1,1,1,1,1,1,1,1,1,1,1,1,1,1,1,1,1,1,1
1103,1096,5830,9,4068,8,612,17777,12072,17778,1157,12073,7173,775,3921,2898,17779,9,12074,8,3921,8142,130,9,12075,8,4991,3921,7156,3461,72,9,12076,8,4991,633,2129,9,11517,8,294,358,5721,72,9,1354,8,169,464,4,324,833,1324,1576,471,174,120,2,309,2,1530,455,514,10,50,3093 1,1,1,1,1,1,1,1,1,1,1,1,1,1,1,1,1,1,1,1,1,1,1,1,1,1,1,1,1,1,1,1,1,1,1,1,1,1,1,1,1,1,1,1,1,1,1,1,1,1,1,1,1,1,1,1,4,1,19,1,1,1,3,3,3,3
313,4,3093,174,1748,743,103,4011,161,211,2,473,2,4803,17,934,3014,2,210,2,1047,108,111,3993,2,1318,108,492,3993,9,281,492,196,74,8,2,3366,286,119,1072 1,1,3,1,1,1,1,1,1,11,11,28,1,1,1,1,1,1,12,1,1,1,1,1,1,1,1,1,1,1,1,1,1,1,1,1,1,1,1,1
165,1748,1484,4,1845,3308,108,455,9589,2,760,17780,108,1781,3111 1,1,1,1,1,1,1,1,1,1,1,1,1,1,1
17781,4,1433,2227 1,1,1,1
1157,7170,12,1083 1,1,1,1
707,17,118,984,2,2162 1,1,1,1,1,1
1808,4,3972 1,1,1
704,1817 1,1
120,4,2153 4,1,1
155,374,685,4,247,742,130,59,2009,4,252,2471,2,252,367 1,1,1,1,1,1,1,1,1,1,1,1,1,1,1
5409,219,2559 1,1,1
1210,4,281,57,4967 1,1,1,1,1
742 1
17782,12077,9681,2,195,17783,325 1,1,1,1,1,1,1
