67,54,4,20781,674,318,1141,112,8136,3,4303,13716,112,54,4,20782,40,28,20,221,13,64,20783,8138,3,62,318,297,385 1,1,1,1,1,1,1,1,1,1,1,1,1,1,1,1,1,1,1,1,1,1,1,1,1,1,1,1,1
6,61,234,3,30,7,61,234,3,80,39,30,3,39,3,127,3,206,30,3,150,30,3,5,81,7,182,4,35,55,19,6,67,43,64,8138,3,5,35,81,13,6,28,5,13,64,8138 1,1,1,1,1,1,1,1,1,1,1,1,1,1,1,1,1,1,1,1,1,1,1,1,1,1,1,1,1,1,1,1,1,1,1,1,1,1,1,1,1,1,1,1,1,1,1
1656,3,6,28,14,15,787,8088,428,3,121,21,38,255,7,170,2788,10923,48,34,650,5,19,868,6,438,7,40,113 1,1,1,1,1,1,1,1,1,1,1,1,1,19,19,19,19,19,19,19,1,1,1,1,1,1,1,1,1
40,21,957,13,380,5,21,2283,91,13,427 1,1,1,1,1,1,1,1,1,1,1
18,14,4558,27,61,3,51,61,10,6,318,499,517,18,146,10,24,150,37,18,38,10818,49,24,365,63,94,39 1,1,1,1,1,1,1,1,1,1,1,1,1,1,1,1,1,1,1,1,1,1,1,1,1,1,1,1
102,101,4,6,102,101,14,35,55,43,64,8138 1,1,1,1,1,1,1,1,1,1,1,1
3368,3,6,101,14,492,44,13,6,708,7,6,63,94,3,75,471,66,3113,10,5162,225,231,10,7331,6,28,82,1145,109,31,111,199,84 1,1,1,1,1,1,1,1,1,1,1,1,1,1,1,1,1,1,1,1,1,1,1,1,1,1,1,1,1,1,1,1,1,1
457,172,4,6,103,805,50,14,20784,340,1598,12,230,4,50,2477,13,64,8138,37,6,28,21,15,1610,30,17,2312,695 1,1,1,1,1,1,1,1,1,1,1,1,1,1,1,1,1,1,1,1,1,1,1,1,1,1,1,1,1
6,28,41,52,162,10,6,124,17,268,172 1,1,1,1,1,1,1,1,1,1,1
18,21,557,4558,477,12,6,318,499,5,21,370,754,80 1,1,1,1,1,1,1,1,1,1,1,1,37,37
24,63,94,41,52,343,13,417,7,62,1176,1707 1,1,1,1,1,1,1,49,49,49,49,49
603,505,4,2312,695 1,1,1,1,1
566,9,158,534,748,261,8,4,6,28,14,162,10,6,124,12,2275,534 1,1,1,1,1,1,1,1,1,1,1,1,1,1,1,1,1,1
1218,20785,2818,3459,10924,3,107 1,1,1,1,1,1,1
13717,20786,20787,533,43,4,2818,3459,10924,3,107 1,1,1,1,1,1,1,1,1,1,1
13717,250,31,81,43,262,331,250 1,1,1,1,1,1,1,1
