69,49,4,17933,507,12105,1695,144,581,17,101,4,318,415,215 1,1,1,1,1,1,1,1,1,1,1,1,2,2,2
957,30,4,6,29,14,15,17934,200,307,471,13,306,164,328,811 1,1,1,1,1,1,1,1,1,1,1,1,1,1,1,1
32,1756,7,15,2147,17,24,878,332,2,415,215,20,716,19,17935 1,1,1,1,1,1,1,1,1,1,2,2,2,2,2,2
729,2145,227,307,4368,371,13,149,313 2,2,2,2,3,3,2,2,2
585,20,196,41 1,1,1,1
6,29,88,87,91,115,1155,32,44,422,2,270,2,396,2,26,618 1,1,1,1,1,1,1,1,1,1,1,1,1,1,1,1,1
78,89,30,4,878,335,36,17936,877,127,883,120,98,2003,831 1,1,1,1,1,1,1,1,1,10,1,4,4,4,4
670,216,8169,2067,1981,1466,36,3341,77,9,941,8,4,211,474,22,25,33,2074,397,204,22,25,291,739,2419,77,2480,683,25,291,607,12127,2,83,1213,506,25,33,669,210,390,25,33,184,109,22,25,33,310,3042,447,22,25,59,933,446,25,33,771,677,128,30,4,66,17,178 1,1,1,1,1,1,1,1,1,1,1,1,1,11,1,1,1,1,1,1,1,1,1,1,1,1,1,1,1,1,1,22,1,1,1,1,1,1,1,25,12,1,1,1,13,1,1,1,1,20,20,1,1,1,1,1,1,1,1,7,7,1,1,1,1,1,1
179,30,4,6,29,20,15,12116,5,14,110,994 1,1,1,1,1,1,1,1,1,1,1,1
16,295,13,24,503 1,1,1,1,1
163,7,213,4,239,10,168,34,2,24,93,996,14,4230,573,851 1,1,1,1,1,1,1,1,1,1,1,1,1,1,1,1
16,706,309,12,9692 1,1,1,1,1
93,122,4,3127,4,5006,463,2,344,328,1669,4,982,3387,4,1390,12 1,1,1,1,1,1,24,1,1,1,1,1,1,1,1,1,1
2497,4,6098,727 1,1,1,1
1751,4,487,20,31,2088 1,1,1,1,1,1
293,3560,20,43 1,1,1,1
1670,4,194,302,129,5839 1,1,1,1,1,1
1515,4,68,20,63,246,5,253 1,1,1,1,1,1,1,1
1671,4,463,1635,4,11430,17937,13,225,1059 1,1,24,1,1,1,1,1,1,1
967,31,782 1,1,1
525,4626,3547,36,199 1,1,1,1,1
2723,4,1602,4,17938,147,4,764,1572,1678,1823 1,1,1,1,1,1,1,1,1,1,1
149,5154,9700,1278,142 1,1,1,1,1
1786,134,258,4,902,5,1843,785,49,1465,1438,9701,1537,244,5371,49,544,9701,2784,8179,49,1098,9701,9702,242,5,114,4,84,1423,621,287,3895,21,39,63,371,7188,12,6,78 1,1,1,1,1,1,1,1,1,1,1,1,1,1,1,1,30,30,30,1,15,15,15,15,1,1,1,1,1,1,1,1,1,1,1,1,3,1,1,1,1
729,2145,227,316,149,313,12,6,2453,7,6,158,371 1,1,1,1,1,1,1,1,1,1,1,1,3
136,16,14,1433,2,47,209,126,89,364 1,1,1,1,1,1,1,1,1,1
17,106,581,2,16,21,31,321,210 1,1,1,1,1,1,1,1,12
24,544,14,2269,251 1,1,1,1,1
784,2581,544,209,55,944,7189,17,24,729,3712,2,47,50,1805,37,16,383,6,262,7,771,65,244,1213,33,10,196,1213,33 1,1,1,1,1,1,1,1,1,1,1,1,1,1,1,1,1,1,1,1,1,7,1,1,1,1,1,1,1,1
142,10,77,38,101,607,12127,2,83,1213,506,25,33,247,4,4388,310,3042,447,22,25,59,247,4,4388,184,109,22,25,33,247,4,4388,771,677,244,22,25,33,247,4,4388,210,390,25,33,247,4,4388,933,446,25,33,247,4,4388,2074,397,204,22,25,291,247,4,4388,669,1247,22,25,33,247,4,4388,211,474,22,25,33,247,4,4388,739,2419,77,1640,247,4,4388,2480,683,25,291,247,4,4388,642,4,437,12,153,200 1,1,1,1,1,22,1,1,1,1,1,1,1,1,1,1,20,20,1,1,1,1,1,1,1,13,1,1,1,1,1,1,1,7,7,1,1,1,1,1,1,1,12,1,1,1,1,1,1,1,1,1,1,1,1,1,1,1,1,1,1,1,1,1,1,25,1,1,1,1,1,1,1,11,1,1,1,1,1,1,1,1,1,1,1,1,1,1,1,1,1,1,1,1,1,1,1,1,1,1,1
384,4,6311,9699,2,96 1,1,1,1,1,1
681,809,42,17939,9703,195,19,12091,1163,2,2682 1,1,1,1,1,1,1,1,1,1,1
