69,49,4,17940,858,391,5418,30,7,156,360,287,3895,14,57,334,10,260 1,1,1,1,1,1,1,1,1,1,1,1,1,1,1,1,1,1
16,21,15,4679,12128,876,5,406,4898,4580,915,993,364,17,878,335 1,1,1,1,1,1,1,1,1,1,1,1,1,1,1,1
16,21,61,1543,19,15,3847,2389,17,876,1395,2,278,2,117,6,78,51,3847,2389,142,2,16,21,533,5418 1,1,1,1,1,1,1,1,1,1,1,1,1,1,1,1,1,1,1,1,1,1,1,1,1,1
16,110,279,428,12,5418,117,24,373,134,3847,2389,228 1,1,1,1,1,1,1,1,1,1,1,1,1
16,85,1351,7,225,17941,34,71,14,3652,24,4201,10,974,86,15,2846 1,1,1,1,1,1,1,1,1,1,1,1,1,1,1,1,1
38,14,15,1959,228,191,6,78,102,198 1,1,1,1,1,1,1,1,1,1
163,7,213,11,121,274,11,572,13,3163,862,26,2308,862,2,11,1417,167,2,1106,2,26,255,7,194,11,67,4563,26,2721,4123,78,89,30,878,332,36,103,12103,5,2206,756,4,21,3138,34,151,748,71,4262,151,3721 1,1,1,1,1,1,1,1,1,1,1,1,1,1,1,1,1,1,1,1,1,1,1,1,1,1,1,1,1,1,1,1,1,1,1,1,1,1,1,1,1,1,1,1,1,1,1,1,1,1,1,1
16,21,476,243,12,24,4608,193,5,21,15,216,309,5,81 1,1,1,1,1,1,1,1,1,1,1,8,8,1,4
81,341,311,51,461,164,143,76,77,172,9,896,547,8,474,22,9,925,45,60,35,8,25,33,607,83,22,9,521,45,60,35,8,25,291,184,130,22,9,446,45,60,35,8,25,33,98,154,123,960,9,2480,8,1296,22,9,1953,595,60,35,8,25,291,737,9,1133,8,109,22,9,491,45,60,35,8,25,33,1292,109,5007,22,9,1934,109,5008,370,22,8,17942,45,60,989,25,1834,138,34,771,677,9,556,2461,1380,1062,8,196,22,9,626,2924,3194,60,35,8,25,33,2,361,1297,10,17943,35,198,5,50,118,145,5,17944,17945,1453,137,747,93,73,520,359,4,6854,224,893,4,57,533,2,57,2265,372,4,43,145,2,1417,17946 4,4,4,4,1,9,9,9,1,11,1,1,1,1,1,1,1,1,1,1,1,1,1,1,22,1,1,1,1,1,1,1,1,1,1,13,1,1,1,1,1,1,1,1,1,1,1,1,1,1,1,1,1,1,1,1,1,1,1,1,1,1,1,23,1,1,1,1,1,1,1,1,1,1,1,1,1,1,1,1,1,1,1,1,1,1,1,1,1,1,1,1,1,1,1,1,7,7,1,1,1,1,1,1,1,1,1,1,1,1,1,1,1,1,1,1,1,1,1,1,1,1,1,1,1,1,1,1,1,1,1,1,1,1,1,1,1,1,1,1,1,1,1,1,1,1,1,1,1,1,1,1,1
12129,4,11,798,277,26,342,263,73,4,133,2,875,2,17947,12,1083,463,2,11,1119,2,11,342,1270,36,11,782,760,5009,5840,73,4,11,1613,1289,899,4,413,5,646 1,1,1,1,1,1,1,1,1,1,1,1,1,1,1,1,1,1,1,1,1,1,1,1,1,1,1,1,1,1,1,1,1,1,1,1,1,1,1,1,1
4613 1
43,672 1,1
1734,4,2111,1239,2,988,17948 1,1,1,1,1,1,1
43,17949 1,1
181,4,43,3727,2,11,2403,812,73,4,43,1419,2,11,342,1368,991,11,4680,571,8180,43,6418,2432,9704,2,11,342,4898,5792,43,5743,2,43,2318,8181,86,181,571,878,1849,489,467,792,36,1571,3135,790,17,3895,2,3254,7181,389,17950,12130,1903,46,12131,790,4,2752,4,12131,7190,12132,17951,431,12132,12130,4524,1741,4,905,2,5010,11,8182,2752,2243,4,389,2752,311,4,389,389,1218,36,678,1547,4,17952,17953,7115,9,354,17954,9671,8,9672,4131,2082,1081,2929,3903,56,56,56,56,56,56,56,56,56,56,56,56,56,56,56,56,56,56,56,56,56,56,56,8151,1577,9673,1577,3919,3223,7165,1577,7166,1577,3012,1577,3390,1577,4671,1577,3920,3223,2139,1577,3725,1577,12133,6419,5384,3223,4111,3223,5277,3845,361,4229,2735 1,1,1,1,1,1,1,1,1,1,1,1,1,1,1,1,1,1,1,1,1,1,1,1,1,1,1,1,1,1,1,1,1,1,1,1,1,1,1,1,1,1,1,1,1,1,1,1,1,1,1,1,1,1,1,1,1,1,1,1,1,1,1,1,1,1,1,1,1,1,1,1,1,1,1,1,1,1,1,1,1,1,1,1,1,1,1,1,1,1,1,1,1,1,1,1,1,1,1,1,1,1,1,1,1,1,1,1,1,1,1,1,1,1,1,1,1,1,1,1,1,1,1,1,1,1,1,1,1,1,1,1,1,1,1,1,1,1,1,1,1,1,1,1,1,1,1,1,1,1,1,1,1,1,1,1,1,1,1,1,1,1
242,161,5418,36,1815,32,329,53,13,2139 1,1,1,1,1,1,1,1,1,1
165,225,700,34,36,124,4389,1819,7,38,834,860,2,47,209,1150,15,205,609,7,6,197,12044,10,1364,87,12134,760,5009,37,92,319,31,3811,19,385 1,1,1,1,1,1,1,1,1,1,1,1,1,1,1,1,1,1,1,1,1,1,1,1,1,1,1,1,1,1,1,1,1,1,1,1
186,928,4595,114,36,47,50,285,13,287,3895,37,92,53,218,17955,5286,6113,15,545,668,9705,13,63,3724,3332 1,1,1,1,1,1,1,1,1,1,1,1,1,1,1,1,1,1,1,1,1,1,1,1,1,1
16,2425,38,5,14,411,3089,38 1,1,1,1,1,1,1,1
92,40,126,38,1979,12,1287,207,100 1,1,1,1,1,1,1,1,1
526,4095,2254,5001 1,1,1,1
