69,49,4,17872,2887,1524,29,4,3254,3895,7181,1316,4,17873,2337,312,4,58,17874,49,7,1524,4,17875,29,1070,4,287,3895,14,15,1182,1576,762,13,1957,878,332,2,280,3041,3558,13,34,104,14,201,17,2429,7,993,364 1,1,1,1,1,1,1,1,1,1,1,1,1,1,1,1,1,1,1,1,1,1,1,1,1,1,1,1,1,1,1,1,1,1,1,1,1,1,1,1,1,1,1,1,1,1,1,1,1,1,1,1
234,4,287,3895,74,17876,30,17877,12,3854,151,16,20,971,13,878,332,9,905,17878,2,1198,8 1,1,1,1,1,1,1,1,1,1,1,1,1,1,1,1,1,1,1,1,1,1,1
16,543,3395,5414,12,3854,5,12106,2206,12,17879,24,203,20,27,4999,5,92,273,841,50,24,2206,1276 1,1,1,1,1,1,1,1,1,1,1,1,1,1,1,1,1,1,1,1,1,1,1,1
6,29,3698,2232,4246 1,1,1,1,1
6,29,20,57,532,16,39,63,251,1198,7,12107,12,12108 1,1,1,1,1,1,1,1,1,1,1,1,1,1
16,543,15,1033,609,12,8166,1508,3810,5628,27,3394 1,1,1,1,1,1,1,1,1,1,1,1
12,9692,16,39,15,1198,7,17880,16,21,85,533,197,168,34,1339,916,4135,17,34,338 1,1,1,1,1,1,1,1,1,1,1,1,1,1,1,1,1,1,1,1,1
24,408,20,1180,42,15,380,17881,566 1,1,1,1,1,1,1,1,1
16,14,7182,65,24,162 1,1,1,1,1,1
12,17882,16,39,15,3923,71,604,1064,12,6,876,9,12109,2006,2204,17883,8 1,1,1,1,1,1,1,1,1,1,1,1,1,1,1,1,1,1
6,29,74,17884,2669 1,1,1,1,1
16,267,847,406,5192,34,37,2900,10,672,6842 1,1,1,1,1,1,1,1,1,1,1
19,6,107,7,1464,2,16,1898,406,180,168,34,434,1216,286,7,886 1,1,1,1,1,1,1,1,1,1,1,1,1,1,1,1,1
6,34,20,393,7853,37,16,963,24,567,10,2404,170,10,6,303,674 1,1,1,1,1,1,1,1,1,1,1,1,1,1,1,1,1
1053,297,1367,10,6,189,16,533,7183,2,12,24,4989,16,20,17885,662,12,5,286 1,1,1,1,1,1,1,1,1,1,1,1,1,1,1,1,1,1,1,1
2918,20,1976,12,6,189,5,4318,37,16,39,15,851,12110,2653,2,5,37,6,180,7183,20,373,218,576,10,914,5,264,662,1329,814,15,5718,12110,7925,2,12111,12112,662,42,12113,662,3056,2,1900,2,5,1287,961 1,1,1,1,1,1,1,1,1,1,1,1,1,1,1,1,1,1,1,1,1,1,1,1,1,1,1,1,1,1,1,1,1,1,1,1,1,1,1,1,1,1,1,1,1,1,1,1,1,1
691,7,6,1567,929,227,1957,76,1393,7,6,3041,2014,1782,2,2460,890,6,17886,2,362,4386,8167,17887,2,5,6,17888,133,5415 1,1,1,1,1,1,1,1,1,1,1,1,1,1,1,1,1,1,1,1,1,1,1,1,1,1,1,1,1,1
11,2169,7,6,9693,8168 1,1,1,1,1,1
287,3895,267,504,34,136,141 1,1,1,1,1,1,1
16,411,21,106,34,151,2889,65,153,2318,10,17889 1,1,1,1,1,1,1,1,1,1,1,1
16,88,5002,1196,2,9694,2473,2,531,394,26,12114 1,1,1,1,1,1,1,1,1,1,1,1
16,209,621,10,55,5834,27,6,7181,65,110,19 1,1,1,1,1,1,1,1,1,1,1,1
6,29,39,63,6414,65,4999,48,113,31,5003,24,414 1,1,1,1,1,1,1,1,1,1,1,1,1
78,89,30,4,878,335,9,30,119,234,8,116,883,189,311,51,120,19,802,2578,8169,2067,1981,4222,12,3341,216,670,77,4,12115,196,22,25,33,607,109,22,25,33,669,1247,22,25,33,916,4135,154,22,59,1640,462,22,25,1595,2084,888,5,5392,138,613,137,4,747,179,30,4,17890 1,1,1,1,1,1,1,1,1,1,1,10,1,1,4,4,4,1,1,1,1,1,1,1,1,1,1,1,1,1,1,1,1,1,1,22,1,1,1,1,25,1,1,1,1,1,1,1,1,1,1,1,1,1,1,1,1,1,1,1,1,1,1,1,1,1,1,1
12116,5,295,13,503,12,17891 1,1,1,1,1,1,1
1183,4,284,1854,200,309,30,78,1818,554,8170,48,152,110,93,73,4,224,4,2464,2,12,11,180,326 1,1,32,32,32,32,32,1,1,1,1,1,1,1,1,1,1,1,1,1,1,1,1,1,1
202,4,725 1,1,1
570 1
1290,14,90 1,1,1
112,4,330,897,799,4,11,815,2,2306,2,2133,2,26,1613,780 1,1,1,1,1,1,1,1,1,1,1,1,1,1,1,1
91,4,246,2,253,2,11,387,2,711,2,26,766 1,1,1,1,1,1,1,1,1,1,1,1,1
44,4,226,90,10,452,193 1,1,1,1,1,1,1
187,4,133,2,375,2,1774,2,13,318,300,302 1,1,1,1,1,1,1,1,1,1,1,1
307,1052,545,2928 1,1,1,1
217,4,57,2346,13,11,79 1,1,1,1,1,1,1
11,4043,34,10,1392 1,1,1,1,1
899,4,951,1746,992,175,13,11,900,899,1479 1,1,1,1,1,1,1,1,1,1,1
1028,531,590,2,1445,851,42,34 1,1,1,1,1,1,1,1
43,672 1,1
853,423,193,1368,4,11,17892,26,7184,1113 1,1,1,1,1,1,1,1,1,1
17893,320,5,114,4,1182,1576,762,13,1957,878,332,2,280,3041,12117,5,34 1,1,1,1,1,1,1,1,1,1,1,1,1,1,1,1,1,1
6,29,74,7799,14,218,239,10,24,929,3558 1,1,1,1,1,1,1,1,1,1,1
1582,19,6,691,457,2,24,115,5,24,73,92,2242,16,14,63,1239,2380,17,9695,8171,10,24,12118 1,1,1,1,1,1,1,1,1,1,1,1,1,1,1,1,1,1,1,1,1,1,1,1
47,285,13,287,3895,6,218,1489,7,24,34 1,1,1,1,1,1,1,1,1,1,1
92,237,285,6,522,2353 1,1,1,1,1,1
287,3895,209,621,10,2110,15,408,7,9695,8171,10,6255,24,34 1,1,1,1,1,1,1,1,1,1,1,1,1,1,1
92,40,17894,9,114,8,6,29,74,2206,1775,221,2,13,15,522,10,207,19,6,1140,107 1,1,1,1,1,1,1,1,1,1,1,1,1,1,1,1,1,1,1,1,1,1
192,7,6,29,74,1135,129,6196,10,24,17895 1,1,1,1,1,1,1,1,1,1,1
92,209,85,1491,63,1368,5416,1524,995,6,29,74,17896,5,150,380,2532,2511 1,1,1,1,1,1,1,1,1,1,1,1,1,1,1,1,1,1
6,29,316,39,12118,691,2,15,1033,609,176,55,7,1525,10,6415,6,5835,7,1957,76 1,1,1,1,1,1,1,1,1,1,1,1,1,1,1,1,1,1,1,1,1
9696,17897,12119,2,195,17898,17899,2,195 1,1,1,1,1,1,1,1,1
