67,54,4,20888,528,5817,757,599,404,17,112,4,773,43,297,1180,10,122,40,1421,379,428,121,61,13,4918,929,487,139,811,20889,2731,10,20890,694,30,4,629,10944,14,15,1421,379,220,256,212,3,1395,3,5,1856,3,121,20,162,141,487,183,13,62,811,2095,12,6,481,7,20891,5,529,3,121,866,370,3433,251,10,6,20892,5,794,614 1,1,1,1,1,1,1,1,1,1,1,1,1,1,1,1,1,1,1,1,1,1,1,1,1,1,1,1,1,1,3,3,3,3,1,1,1,1,1,1,1,1,1,1,10,10,1,4,4,1,7,1,1,1,1,1,1,1,1,1,3,3,1,1,1,1,19,19,19,19,1,1,1,1,1,1,1,1,1,1,1
423,20,13756,17,36,113,12,40,481 26,1,1,1,1,1,1,1,1
18,20,261,10,15,977,2495,12,2737,2881,20893,17,4279 1,1,1,1,1,1,1,1,1,1,1,1,1
27,6,977,2495,18,387,3273,5,20,162,10,6,297,594,99,421,17,4918 1,1,1,1,1,1,1,1,1,1,1,1,1,1,1,1,1,1
18,90,20894,27,61 1,1,1,1,1
18,109,31,46,1002,7,6,3273,255,2014 1,1,1,1,1,1,1,1,1,1
18,606,128,13757,10,6,2345,1036,10,24,9269 1,1,1,1,1,1,1,1,1,1,1
80,39,30,4,176,212,4,3769,2731,7,2764,3067,17,1035,42,243,12,481,7,1392,3,110,2731,7,1035,42,309,243,12,2975,98,12,481,7,1392,3,1486,1038,400,44,968,741,3300,12,6741,811,2095,8767,290,10,1143,1449,7,3853,295,12,3433,10,3853,5,794,614 1,1,1,1,1,10,1,1,3,1,1,1,1,2,2,2,2,2,2,2,1,3,3,3,3,3,3,3,3,3,1,1,1,1,1,1,1,1,1,1,1,1,1,1,1,3,3,3,1,1,1,1,1,1,1,1,3,3,3,3,3,3
178,20895,130,76,4,2144,1063,10,179,142,3,160,311,1325,10,2941,1143,44,10,365,44,94 1,1,1,1,1,1,1,1,1,7,1,1,1,1,1,1,1,1,1,1,1,1
38,15,232,148,922,10,13758,51,646,12911,851,7,2406 1,1,1,1,1,1,1,1,1,1,1,1,1
148,98,422,10,6,851,7,209,266,188,34,3,5,20,3825,476,17,320,129,139,1845,516 1,1,1,1,1,1,1,1,1,1,1,1,1,1,1,1,1,1,1,1,1,1
106,821,3623,2518,35,330,93,3,627,43,729,3,265,19,1890 1,1,1,1,1,1,1,1,1,1,1,1,1,1,1
195,1856,253,3507,346,20896,3888,460,363,652,2288,833,1498,995,256,971,13759,1079,567,399,1183,20897,20898,20899,193,567,399,110,59,3851,3840,3,2187,3,5,7268,123,141,87,1477,553,1091,1708,798,1157,2001,30,7,2129,2654,269,2975,150,30,4,74,14,15,30,7,20900,612,5,1699,76,4,24,661,583,7,15,419,12,23,3258,3,24,573,38,817,130,371,3,5,15,1020,38,62,431 1,7,1,1,1,1,1,1,1,1,1,1,1,1,1,1,1,1,1,1,1,1,1,1,1,1,1,1,1,1,1,1,1,1,1,1,1,1,1,1,1,1,1,1,1,1,1,1,1,1,1,1,1,1,1,1,1,1,1,1,1,1,1,1,1,1,1,1,1,1,1,1,1,1,1,1,1,1,1,1,1,1,1,1,1,1,1,1,1
24,174,2603,46,245,949,2374,3258 1,1,1,1,1,1,1,1
206,30,4,18,21,31,238,3,5,157,541,344,1119 1,1,1,1,14,14,14,1,1,1,1,1,1
18,245,27,163,13,24,20901,491,3,20902 1,1,1,1,1,1,1,1,1,1
1033,491,3,13750,3,21,68,98,244,858,12,24,573,82,198 1,1,1,1,1,1,1,1,1,1,1,1,1,1,1
81,7,182,4,35,270,3,376,72,12,402 1,1,1,1,1,1,1,1,1,1,1
102,101,4,1612,4,1713,2102 1,1,1,1,1,1,1
156,4,680,1614,4,152,952,5,1465,3,11,1128,3,11,3102,240 1,1,1,1,1,1,1,1,1,1,1,1,1,1,1,1
2540,4,15,329,642,10,2847,3,160,642,10,2175,5,3157,1595,4,565,194,114,93,3,433,1345,79,133,3,217,1459,133,1613,4,20903,10,463,574,97,876,26,407,1674,4,576,31,185,3,11,5381,3,11,216,222,1877,4,1806,3,13,131,2652,7,53,5592,66,315,10947,84,1665,197,4,15,3457,3,3566,1789,428,12,11,199,342 1,1,1,1,1,1,1,1,1,1,1,1,1,1,1,1,1,1,1,1,1,1,1,1,1,1,1,1,1,1,1,1,1,1,1,1,1,1,1,1,1,1,1,1,1,1,1,1,1,1,1,1,1,1,1,1,1,1,1,1,1,1,1,1,1,1,1,1,1,1,1,1,1,1,1,1,1,1
2730,664,20904,3,51,606,13757 1,1,1,1,1,1,1
1546,4,20905,177,4,924,3,20906,302,2963,3,20907,3,11,173,84,339,4,1421,379,428,13,899,212,30,3,142,5,1395,95,126,19,818,1325,3,132,61,13,4918,12,481,7,423,912,13756,7,850,32,123,36,113 6,6,6,1,1,1,1,1,1,1,1,1,1,1,1,1,1,1,1,1,1,1,1,10,1,1,7,1,4,1,1,1,1,1,1,1,1,1,1,1,1,1,26,1,1,1,1,1,1,1,1
740,13,988,423,10,447,32,17,132,12,2411,13,266,228,252 1,1,1,26,1,1,1,1,1,1,1,1,1,1,60
1151,266,444,103,1989,185,74,14,1103,508,62,6446,181,771,137,698,6,4918 1,1,1,1,1,1,1,1,1,1,1,1,1,1,1,1,1,1
237,527,10,86,4621,340,17,15,5077,7,180,65,3,5,2562,17,388,65,12,6,481,7,95,469,4471,4472,251,3,134,572,66,15,1607,5,20908,2979 1,1,1,1,1,1,1,1,1,1,1,1,1,1,1,1,1,1,1,1,1,1,1,1,1,1,1,1,1,1,1,1,1,1,1,1
740,13,1668,10,226,1892,1860,1796,3,5,659,289,17,132,138,758,1053,4919 1,1,1,1,1,1,40,40,1,1,1,1,1,1,1,1,1,1
86,365,228,1163,3,2930,3,5,266,228,8147,17,148,179 1,1,1,12,1,27,1,1,1,1,20,1,1,1
134,4918,86,10,2410,237,2562,10,1515,19,5135,1796,2144,306,2319,10,406,6654,13,4621,340,13,423 1,1,1,1,1,1,1,1,1,1,1,1,1,1,1,1,1,1,1,1,1,1,26
41,96,13,360 1,1,1,1
20909,852,10948,3,229,607,161,4,3512 1,1,1,1,1,1,1,1,1
