69,49,4,18027,378,325,1124,8190,7198,144,581,17,101,207,100,117,134,950 1,1,1,1,1,1,1,1,1,1,1,1,1,1,1,1,1,1
30,7,156,360,20,265,10,9718,117,63,656,7,892 1,1,1,1,1,1,1,1,1,1,1,1,1
39,15,2001,656,819,16,39,688,36,7775,453,42,18028,10,4139,5,2001,4130 1,1,1,1,1,1,1,1,1,1,1,1,1,1,1,1,1,1
11,1217,996 1,1,1
2147,27,9718,8191,36,3300,2,704,2,785,5,1319,609,86,1144 1,1,1,1,1,1,1,1,1,1,1,1,1,1,1
47,39,2836,1406,871,173,6,293,1059,5,6,772,7,5250 1,1,1,1,1,1,1,1,1,1,1,1,1,1
11,2033,2,699,355,57 1,1,1,1,1,1
648,1704,210,10,24,9384 1,1,12,1,1,1
228,12,2511,5,3011,172,370,22,25,33,1997,1760,247,4,12154,210,390,25,33,1997,1760,247,4,18029,93,122,296,1174,67,94,12155,362,1907,224,893,57,533,2,57,2265,2,11,180,326 1,1,1,1,1,11,1,1,1,1,1,1,1,1,1,12,1,1,1,1,1,1,1,1,1,1,1,1,1,1,1,1,1,1,1,1,1,1,1,1,1,1,1,1
202,1623,2,725,2,570,2,4258,90,86,733,26,2561 1,1,1,1,1,1,1,1,1,1,1,1,1
112,487,919,28,293,1059,32,297,2,11,3085 1,1,1,1,1,1,1,1,1,1,1
44,745,569,952,9216 1,1,1,1,1
11,4231,10,9719,2,11,7016 1,1,1,1,1,1,1
694,1457,27,2021,7089,2,7090 1,1,1,1,1,1,1
418,324,246,2,253,86,1058 1,1,1,1,1,1,1
187,3086,2,11,1003 1,1,1,1,1
43,529,300,302 1,1,1,1
242,5,114,2935,1332,126,231,257 1,1,1,1,1,1,1,1
16,14,239,10,55,201,42,323,27,9718,36,11,301,10,1798,10,323,401 1,1,1,1,1,1,1,1,1,1,1,1,1,1,1,1,1,1
750,260,108,9589,2,5833,218,18030,26,239,10,111,257 1,1,1,1,1,1,1,1,1,1,1,1,1
3775,1332,36,116,36,1495,669,2,155,258,12,248,236 1,1,1,10,1,25,25,1,1,1,1,1,1
120,36,126,987 4,1,1,20
1015,400,101 1,1,1
1631,36,10,4292,400,101 1,1,1,1,1,1
1401,1771,124 1,1,1
1533,177,13,58,9720 1,1,1,1,1
11,1362,228,17,110 1,1,1,1,1
64,74,503,40,2543,344,12156,12157,12,23,1341,18031 1,1,1,1,1,1,1,1,1,1,1,1
64,40,974,1902,7,18032,17,12158,1902 1,1,1,1,1,1,1,1,1
1542,98,35,223,17,9721,155 1,1,1,1,1,1,1
64,3470,10,18033,15,9721,2362,17,140,18034 1,1,1,1,1,1,1,1,1,1
40,155,258,27,400,101 1,1,1,1,1,1
642,125,260,12,497,198 1,1,1,1,1,1
681,809,42,4362,8192,531,195,19,2935,579,2,2682 1,1,1,1,1,1,1,1,1,1,1,1
