67,54,4,20953,20954,3,20955,3,2344,6,28,20,221,43,271,1291,13,64,8151,19,13775 1,1,1,1,1,1,1,1,1,1,1,1,1,1,1,1,1,1,1,1,1
6,30,14,607,43,64,8151,3,20,81,43,271,13,6,28,3,514,10,52,4994,5,492 1,1,1,1,1,1,1,1,1,1,1,1,1,1,1,1,1,1,1,1,1,1
6,102,77,20,660,43,808,101 1,1,1,1,1,1,1,1
172,5,355,20,98,2477,13 1,1,1,1,1,1,1
30,7,61,328,4,12,1922,3,40,14,15,4820,358,121,1148,13,15,30,7,139,983,2825,15,20956,3,387,226,7,184,3,38,377,3004,10,184 1,1,1,1,1,1,1,1,1,1,1,1,1,1,1,1,1,1,1,1,1,1,1,1,1,1,1,1,1,1,1,1,1,1,1
631,16,38,128,990,40,495,3,437,19,380,75,16,21,55,37,16,21,68,46,390,380,437,225,6,80,170,65,3,627,89,186,16,38,990,1870,13,11,48,34,51,537,1242,5,242,31,731,834,16,14,4618,10,52,530,12,6,5649,597,16,20,10957,1167,10,146,10,1149,702,3,186,16,981,115,279,435,38,2715,43,5,16,20,5581,7,1146,38,2487,405,37,85 1,1,1,1,1,1,1,1,1,1,1,1,1,1,1,1,1,1,1,1,1,1,1,1,1,1,1,1,1,1,1,1,1,1,1,1,1,1,1,1,1,1,1,1,1,1,1,1,1,1,1,1,1,1,1,1,1,1,1,1,1,1,1,1,1,1,1,1,1,1,1,1,1,1,1,1,1,1,1,1,1,1,1,1,1,1,1,1
16,21,38,128,131,473,386,1748,411,223,15,113,183 1,1,1,1,1,1,1,1,1,1,1,1,1
11,300,3,11,375,3,11,616,3,11,291,34,3,5,6,28,258,37,16,14,190,681,476,477,16,20,52,138,128,1133,51,1123,190,166,16,21,11,2460 1,1,1,1,1,1,1,1,1,1,1,1,1,1,1,1,1,1,1,1,1,1,1,1,1,1,1,1,1,1,1,1,1,1,1,1,1,1
6,28,38,15,103,593,12,1387,7,2333,5,38,15,6246,1108,5,180,42,260,5,1132,275,1320,42,891,1138 1,1,1,1,1,1,1,1,1,1,1,1,1,1,1,1,1,1,1,1,1,1,1,1,1,1
80,39,30,4,6,28,21,30,7,181,76,3,431,3,5,776 1,1,1,1,1,1,1,10,10,10,10,1,3,1,1,15
206,30,4,238,12,6,80,17,180,87 1,1,1,1,1,1,1,1,1,1
16,14,15,2272,355,7,5153,43,2686 1,1,1,1,1,1,1,1,1
245,13,23,150 1,1,1,1
81,7,182,3,127,3,5,39,57,35,607,12,6,940 1,1,1,1,1,1,1,1,1,1,1,1,1,1
395,122,64,8151,1396,55,17,402 1,1,1,1,1,1,1,1
102,101,4,980,3,410,3,2274,3,2356,358,12,131,342 1,1,1,1,1,1,1,1,1,1,1,1,1,1
807,6746,3,133,231,3,1481,125,3,63,94,10958 1,1,1,1,1,1,1,1,1,6,6,6
155,91 1,1
612,4,145,156,5,239 1,1,1,1,1,1
214,14,917,3,1763,3,326,327,3640,3,396,3,11,975,93 1,1,1,1,1,1,1,1,1,1,1,1,1,1,1
457,532,4,696,785,3358,3,1348,57,44,3,824,8863,897,20,185,27,20957,3,805,20,72 1,1,1,1,1,1,1,1,1,1,1,1,1,1,1,1,1,1,1,1,1,1
6,28,82,3090,20,6029,5,62,177,111,1552,2575,12,2473,3,2773,5,2445,75,13776,66,356,48,738,20,72 1,1,1,1,1,1,1,1,1,1,1,1,1,1,1,1,1,1,1,1,1,1,1,1,1,1
505,4,199,181,771,3,826,319,778,490 1,1,1,1,1,1,1,1,1,1
35,1152,20,162,10,297,19,13775 1,1,1,1,1,1,1,1
497,13777,3,2344,107 1,1,1,1,1
487,4,13778,292,4,13778,533,43,4,13777,3,2344,746,20958,1608,250,31,81,43,262,331,250 1,1,1,1,1,1,1,1,1,1,1,1,1,1,1,1,1,1,1,1,1,1
