69,49,4,18240,1556,3434,605,99,29,414,4,18241,7199,485,4,18242,49,7,141,4,18243,507,4,6440,1556,240,4,5432,11275,2,96 1,1,1,1,1,1,1,1,1,1,1,1,1,1,1,1,1,1,1,1,1,1,1,1,1,1,1,1,1,1,1
30,7,156,360,4,38,14,15,1516,2253,307,345,13,91,328,811,7,127,2,311,591,120,2,6160,2,252,940,2,5,565,104,20,12,24,3160,532,922,465,151,16,533,5804,34,2563,24,794,44,434,27,468,37,16,1185,32,2409,12,4114,13,993,890,362,12237,5,814,10,24,168 1,1,1,1,1,1,1,1,1,1,1,1,1,1,1,1,1,10,1,4,4,4,1,27,1,1,1,1,1,24,1,1,1,1,1,1,1,1,1,1,17,17,17,17,17,17,17,1,1,1,1,1,1,1,17,17,17,17,17,17,17,17,1,1,1,1,1
6,34,7114,86,1388,117,173,154,606 1,1,1,1,1,1,1,1,1
16,1558,34,739,532,38,465,151,1013,18244,221,2,16,428,1898,38,2409,466,12,6,1140,2270 1,1,1,1,1,1,1,1,1,1,1,1,1,1,1,1,1,1,1,1,1,1
16,85,549,3803,5,4972 1,1,1,1,1,1
19,6,2018,10,6,144,2,6,34,7114 1,1,1,1,1,1,1,1,1,1
16,20,34,739,712,1464,10,6,1087,2,48,533,44,34,1924,434,12,5433,37,39,428,12238,42,6,95,16,20,1121,12,1328 1,1,1,1,1,1,1,1,1,1,1,1,1,1,1,1,1,1,1,1,1,1,1,1,1,1,1,1,1,1
16,88,87,270,2,508,2,469,2,26,250 1,1,1,1,1,1,1,1,1,1,1
68,20,11,7225,3059,10,24,34,4351,519,16,3506,87,9194,26,7226,811 1,1,1,1,1,1,1,1,1,1,1,1,1,1,1,1,1
144,408,4,19,1464,10,6,1087,2,6,29,74,111,20,18245,492,1956,574,105,18246,651,1048,365,41 1,1,1,1,1,1,1,1,1,1,1,1,5,5,5,1,1,1,1,1,1,1,1,1
16,20,211,1017,25,98,35,2,501,521,219,98,102,1272,2,219,2016,2,15,652,2709,7,3684,5,321,19,15,1685,27,5422,9768 1,1,11,1,1,1,1,1,7,1,1,1,1,1,1,1,21,1,1,1,1,1,1,1,1,1,1,1,1,1,1
16,20,1009,10,6,429,282 1,1,1,1,1,1,1
429,467,4,602,4,3143,3158,13,284,41,525,1622,6343,4,3143,269,4,1204,41,238,117,403,9769,348,2032,1871,52,1964,4,3143,13,817,18247,3328,4,3143,5664,462,2378,7,269,5,369,730,13,403,1536,348,457 1,1,1,1,1,1,1,1,1,1,1,1,1,1,1,2,2,2,2,2,1,1,1,1,1,1,1,1,1,1,1,1,1,1,1,1,1,1,3,3,3,3,3,3,1,1,1,1,1
637,4,161,311,591,18248,2821,4375,12,12239,165,3248,502,2592,9,12,644,7,3618,8,186,565,249,127,351,9763,9764,4,103,4994,27,439,564,9,1772,18249,8,459,2455,28,21,61,1788,1765,48,31,281,947,636,2805,28,225,1389,843,1472,1038,216,4400,1065,103,796,4,8227 1,1,1,1,1,1,15,15,15,15,1,1,1,1,1,1,1,1,1,1,1,24,1,10,1,1,1,1,1,1,1,1,1,1,1,1,1,1,1,1,1,1,1,1,1,1,1,1,1,1,1,1,1,1,1,1,1,1,1,1,1,1,1
1552,580,1570,28,157,354,54,576,10,307,1219,28,137,4,18250,140,77,4,1606,1565,1674,2,35,18251,33,3325,390,2,51,1555,25,33,787,446,2,35,1555,25,59,9762,5026,2,35,45,33,2452,1953,35,45,33,179,30,4,295,13,24,503,12,18252 1,1,1,1,1,1,1,1,1,1,1,1,1,1,1,1,1,1,23,1,1,1,1,1,1,13,1,1,1,1,1,1,1,1,1,1,1,1,1,1,1,1,1,1,1,1,1,1,1,1,1,1,1,1,1,1,1,1,1
113,31,281,1374,28,179,430,245 8,8,8,8,1,1,1,1
4143,10,78,30,7,18253,624,245 1,1,1,1,1,1,1,1
4143,10,78,2883,245,5,2222,9770,2,5,403,18254,245,348 1,1,1,1,1,1,1,1,1,1,1,1,1,1
97,245,7,2883,20,989,831,146,28,88,134,245 1,1,1,1,1,1,1,1,1,1,1,1
16,88,78,18255,245 1,1,1,1,1
16,14,994,5,937,2876,63,18256,12240 1,1,1,1,1,1,1,1,1
990,4,603,13,371,27,439,1963,5,551,12,24,368,74 1,1,27,27,27,27,27,27,1,1,1,1,1,1
5863,13,371,27,905,439 1,1,1,1,1,1
499,4,224,4,88,508,2,616,228,2,26,420,1112,202,4,11,1274,2,901,167,26,1920,623,4,125,234,372,4,11,1919,26,1309,3531,340,4,11,435,2,613,26,1463,323,4,11,3861,26,1232,1273,4,11,18257,26,1621,1214,916,4,11,2297,26,3797,2244,4,11,4345,26,12241,588 1,1,1,1,1,1,1,1,1,1,1,1,1,1,1,1,1,1,1,1,1,1,1,1,1,1,1,1,1,1,1,1,1,1,1,1,1,1,1,1,1,1,1,1,1,1,1,1,1,1,1,1,1,1,1,1,1,1,1,1,1,1,1,1,1,1,1
93,73,4,520,359,4,111,12242,492,18258,3360,1048,1080,41,19,1391,1157,1204,224,4,3263,463,762,12,436,202,4,2417,28,570,28,1290,1130,13,18259,133,1377 1,1,1,1,1,1,1,1,1,1,1,1,1,1,1,1,1,1,1,1,1,24,1,1,1,1,1,1,1,1,1,1,1,1,1,1,1
487,1169,10,1021,239,10,1782,2507 1,1,1,1,1,1,1,1
293,2427,171,86,1059 1,1,1,1,1
44,4,1398,48,1778,118,4,1778,1268,187,4,463,1381,3086,28,3039,52,2240,1791,65,4994,217,4,171,967,2,3331,2,5,1410,243 1,1,1,1,1,1,1,1,1,1,1,24,1,1,1,1,1,1,1,1,1,1,1,1,1,1,1,1,1,1,1
188,580,1570,142,13,395,79,10,6,1389 1,1,1,1,1,1,1,1,1,1
1867,12,6,52,7973,6896,65,3366,2730 1,1,1,1,1,1,1,1,1
466,175,12,3334,5,912 1,1,1,1,1,1
1030,4,951,1746 1,1,1,1
916,1028,12,225,412,5,197,217 1,1,1,1,1,1,1,1
3729,2713,193,18260,4,397,9,510,282,8,1917,18261,9,510,282,8,2057,749,9,510,282,8,2884,689,9,510,282,8,8228,379,9,510,282,8,244,331,9,510,282,8,1571,358,9,510,282,8,5801,442,3380,1531,2675,1042,2644,488,975,6936,1370,2057,1937,2129,2152,1123,1517,488,1123,2451,2447,1680,2446,6973,2309,2361,2373,1200,298,4005,266,9771,443,18262,530,1987,666,3879,1430,64,3994,3185,1057,1430,1046,1571,1430,2165,5785,2969,1057,945,4,18263,1587,1333,367,2811,344,1864,11763,1537,252,1864,3529,1767,91,328,1483,4022,91,785,4,46,35,46,51,46,102,1700,284,982,1330,148,3515,2288,148,456,1858,18264,91,1575,3226,1271,676,68,14,11,160,7,1271,238 1,1,1,1,1,1,1,1,1,1,1,1,1,1,1,1,1,1,1,1,1,1,1,1,1,1,1,1,1,1,1,1,1,1,1,1,1,1,1,1,1,1,1,1,1,1,1,1,1,1,1,1,1,1,1,1,1,1,1,1,1,1,1,1,1,1,1,1,1,1,1,1,1,1,1,1,1,1,1,1,1,1,1,1,1,1,1,1,1,1,1,1,1,1,1,1,1,1,1,1,1,1,1,1,1,1,1,1,1,1,1,1,1,1,1,1,1,1,1,1,1,1,1,1,1,1,1,1,1,1,1,1,1,1,1,1,1,1,1,1,1,1,1,1,1,1,1,1
68,14,11,160,7,1271,676,4031 1,1,1,1,1,1,1,1
68,14,11,160,7,1271,2075,42,1947,26,3125,1681 1,1,1,1,1,1,1,1,1,1,1,1
52,3229,6,52,3229,14,1425 1,1,1,1,1,1,1
541,676,2,1455,2,5343,68,14,11,160,7,3831,541,238 1,1,1,1,1,1,1,1,1,1,1,1,1,1
6,541,676,14,2371 1,1,1,1,1
68,14,11,160,7,541,776,42,1947,26,3125,1681 1,1,1,1,1,1,1,1,1,1,1,1
6,541,3825,479,1425 1,1,1,1,1
6,541,3207,27,6,18265,4691,14,2822,675 1,1,1,1,1,1,1,1,1,1
52,2037,6,52,719,1118,5,653,496,53,667,43,1238 1,1,1,1,1,1,1,1,1,1,1,1,1
68,14,863,52,719,1520 1,1,1,1,1,1
68,53,11,2002,3097,816,721,1113 1,1,1,1,1,1,1,1
6,2124,872,1177,14,1324,41 1,1,1,1,1,1,1
2371,676,36,4566,2,3243,6,2371,676,479,43 1,1,1,1,1,1,1,1,1,1,1
305,676,2,8229,2,8230 1,1,1,1,1,1
6,305,676,479,43 1,1,1,1,1
70,2037,6,70,2037,14,31,1425 1,1,1,1,1,1,1,1
6,70,719,653,496,14,667,43,1238 1,1,1,1,1,1,1,1,1
147,4,2420,4,764,1333,13,523,1563,1241,984 1,1,1,1,1,1,1,1,1,1,1
2504,12243,513,1672,5246 1,1,1,1,1
2481,12,12244 1,1,1
518,1636,18266,12,47,5,2060,3017,2481,12,591,2,1088,2,1940,2849,13,3017,2070 1,1,1,1,1,1,1,1,1,1,1,1,1,1,1,1,1,1,1
1556,605,4,764,1909,13,523,1563,1241,984 1,1,1,1,1,1,1,1,1,1
2504,957,12243,513,1672,6363 1,1,1,1,1,1
2481,11905 1,1
4530,3060,464,4,320,4,90,226 1,1,1,1,1,1,1,1
6,1455,14,12245 1,1,1,1
790,7,6,409,14,18267,10,1782,2507,7,6,29 1,1,1,1,1,1,1,1,1,1,1,1
18268,5,114,4,38,14,15,1516,2253,307,345,13,91,328,811,7,127,2,120,2,6160,2,252,940,2,5,565,104,279,13,794,2708,37,20,3884,480,13,3098,10,6,269,313,4,522,211,1017,25,33,473,3438,237,1541,25,33,126,5431,390,25,33,3594,501,27,3315,25,291,5,2399,32,111,5,296,3993,9,707,2504,71,20,5267,19,605,8,210,390,25,33,9241,17,579,697,219,2016,138,111,338,532,802,322,185,18269,2398,5158,155,3398,542,4401,797,1001,1835,40,301,1350,328,2398,18270,317,616,274,2,81,338,2,5,352,1763,212,4,1072,18271,1649,4402,524,5,22,138,1808,4,97,334,585,1324,41,13,11,231,359,7,353,12246,12247,640,429,40,838,664,19,235,9,826,38,27,140,17,531,79,8,434,18272,111,338,13,5431,2,501,2,2016,138,2455,4,6282,27,140,13,1765,239,10,3262,3056,40,3691,372,364,10,3594,12248,5,954,10,2956,1442,3056,126,2737,19,2189,7,2577,13,1765,120,155,2821,4324,17,110 1,1,1,1,1,1,1,1,1,1,1,1,1,1,1,1,10,1,4,1,27,1,1,1,1,1,24,1,1,1,1,1,1,1,1,1,1,1,1,1,1,1,1,1,11,1,1,1,28,1,1,1,1,1,1,13,1,1,1,7,7,1,1,1,1,1,1,1,1,1,1,1,1,1,1,1,1,1,1,1,1,12,1,1,1,1,1,1,1,1,21,1,1,1,1,1,1,1,1,1,1,1,1,1,1,1,1,1,1,1,1,1,1,1,1,1,1,1,1,1,1,1,1,1,1,1,1,1,1,1,1,1,1,1,1,1,1,1,1,1,1,1,1,1,1,1,1,1,1,1,1,1,1,1,1,1,1,1,1,1,1,1,1,1,1,1,1,1,1,1,13,1,7,1,21,1,1,1,1,1,1,1,1,1,1,1,1,1,1,1,1,1,1,1,1,1,1,1,1,1,1,1,1,1,1,1,1,1,4,1,1,1,1,1
40,18273,467,17,989,123 1,1,1,1,1,1
40,218,301,1287,522 1,1,1,1,1
3594,802,1362,27,377,40,301,81,2737,1210,4,652,3371,2161,2810,25,59,5751,18274,18275,2,96 1,1,1,1,1,1,1,1,1,1,1,1,1,1,1,1,1,1,1,1,1,1
705,18276 1,1
