67,54,4,21189,13864,40,28,20,221,13,64,21190,7365 1,1,1,1,1,1,1,1,1,1,1,1,1
30,7,61,328,4,40,14,15,1716,87,302,428,13,71,5,280 1,1,1,1,1,1,1,1,1,1,1,1,1,4,1,23
24,147,57,35,96,4,176,71 1,1,1,1,1,1,1,4
18,20,781,10,271,66,7366,517,7,24,365,345,5,18,20,1627,19,165,43,271 1,1,1,1,1,1,1,1,1,1,1,1,1,1,1,1,1,8,1,1
9291,4231,96,24,12,890,10,299,24,19,15,232,228,51,286,18,20,1261,10,96,115,35,18,242,31,468,10,24,987,5,242,31,369,2174,454 1,1,1,1,1,1,1,1,1,1,1,1,1,1,1,1,1,1,1,1,1,1,1,1,1,1,1,1,1,1,1,1,1,1,1
18,603,468,188,5,50,272,1307,3,51,18,21,31,1500,88,1003,7,24,63,366 1,1,1,1,1,1,1,1,1,1,1,1,1,1,1,1,1,1,1,1
18,631,18,109,49,1485,223,956,15,65,5,18,242,4235,1485,467,51,24,491,13444,1485,115,5,21191,1485,2492 1,1,1,1,1,1,1,1,1,1,1,1,1,1,1,1,1,1,1,1,1,1,1,1,1,1
18,631,37,677,636,530,2156,306,669,29,37,677,712,57,223,7331,92,20,2073,40,495,397,1429,3,18,631 1,1,1,1,1,1,1,1,1,1,1,1,1,1,1,1,1,1,1,1,1,1,1,1,1,1
18,631,92,109,299,35,266,35,1352,5,1811,26,1062,85,92,21,68,998,5175,18,109,631,18,724,544,145,911,51,286,525,12,6,495,186,50,773,24,134,18,38,13865,1429,18,1645,11 1,1,1,1,1,1,1,1,1,1,1,1,1,1,1,1,1,1,1,1,1,1,1,1,1,1,1,1,1,1,1,1,1,1,1,1,1,1,1,1,1,1,1,1,1
18,14,122,15,3063,40,495 1,1,1,1,1,1,1
50,41,144,15,733,398,89 1,1,1,1,1,1,1
50,2893,10,24,465,1667,1511,92,14,37,18,724,544,145,911,3,51,31,2924 1,1,1,1,1,1,1,1,1,1,1,1,1,1,1,1,1,1,1
18,38,68,724,15,1629,7,10651 1,1,1,1,1,1,1,1
18,631,18,21,3609,650,7,15,1629,7,40,600,18,109,46,21192,17,92,5,724,92,286 1,1,1,1,1,1,1,1,1,1,1,1,1,1,1,1,1,1,1,1,1,1
18,14,530,10,15,3063,89,5,50,1533,37,18,41,575,24,13,24,353 1,1,1,1,1,1,1,1,1,1,1,1,1,1,1,1,1,1
134,24,353,109,299,476,3,5641,119,368,2843,24,650,6,165,5,527,2883 1,1,1,1,1,1,1,1,1,1,1,1,1,1,8,1,1,1
50,1509,10,24,3,1520,3,37,134,18,394,38,15,232,353,5,1261,128,140,37,119,1317,52,449,10,299,24,650,6,165 1,1,1,1,1,1,1,1,1,1,1,1,1,1,1,1,1,1,1,1,1,1,1,1,1,1,1,1,1,8
40,753,10,52,3023,37,18,237,166,10,191 1,1,1,1,1,1,1,1,1,1,1
1533,6,3063,368,575 1,1,1,1,1
50,98,933,24,37,12,890,10,461,319,1146,20,530,19,37,50,160,24,10,49,24,63,366,397,1429,3,3059,3,2235,5,391,3,5,286,468,188,12,15,113,5,15,1814,470,37,119,368,122,1146,20,2145,530,19,5,1153,677,57,299,1520,266 1,1,1,1,1,1,1,1,1,1,1,1,1,1,1,1,1,1,1,1,1,1,1,1,1,1,1,1,1,1,1,1,1,1,1,1,1,1,1,1,1,1,1,1,1,1,1,1,1,1,1,1,1,1,1,1,1,1,1
18,90,88,3170,7,116,13,744,35,266,15,63,366,35,4473,50,272,3376,134,18,14,2903,233,571,63,366,2593 1,1,1,1,1,1,1,1,1,1,1,1,1,1,1,1,1,1,1,1,1,1,1,1,1,1,1
18,38,11,6655,3,11,314,7,2778,3,11,616,3,11,3160 1,1,1,1,1,1,1,1,1,1,1,1,1,1,1
18,537,486,44 1,1,1,1
470,1533,18,41,2145,67,571,5,119,41,299,15,476,5709 1,1,1,1,1,1,1,1,1,1,1,1,1,1
18,1645,40,2283,2487,12,6,495 1,1,1,1,1,1,1,1
18,5073,21193,2317,5,38,11,607 1,1,1,1,1,1,1,1
50,1031,225,13,24,6,116,7,1292 1,1,1,1,1,1,1,1,1
711,18,38,15,266,63,366,43,1921 1,1,1,1,1,1,1,1,1
18,109,728,4129,3,51,50,1031,225,6,116,465,13,24 1,1,1,1,1,1,1,1,1,1,1,1,1,1
18,41,454,271,134,18,109,46,88 1,1,1,1,1,1,1,1,1
13864,178,53,595,34 1,1,1,1,1
50,781,24,10,6,7838,35,18,1066 1,1,1,1,1,1,1,1,1
18,1645,37,18,208,191,128,164,19,24 1,1,1,1,1,1,1,1,1,1
195,796 1,1
18,631,40,14,486,538,139,745,24,6,1999 1,1,1,1,1,1,1,1,1,1,1
253,13866,411 1,1,1
18,1645,40,21,98,538 1,1,1,1,1,1
346,18,640,7,555 1,1,1,1,1
18,631,571,46,68,530,19,17,267,26,544,129,29,37,691,5,8176,2800,24,186,18,21,128 1,1,1,1,1,1,1,1,1,1,1,1,1,1,1,1,1,1,1,1,1,1,1
18,21,38,300,5,375,711 1,1,1,1,1,1,1
40,2487,4173,681,909,65,5,92,368,52,27,88,85,7,6,65 1,1,1,1,1,1,1,1,1,1,1,1,1,1,1,1
1126,5,5010,242,31,575 1,1,1,1,1,1
18,731,18,14,530,10,46,15,555,517,92,126,12,6,188,7,24,53,1040,244,2505,5,286,92,4780,66,74 1,1,1,1,1,1,1,1,1,1,1,1,1,1,1,1,1,1,1,1,1,1,1,1,1,1,1
51,18,21,11,268,5352 1,1,1,1,1,1
18,631,92,14,15,21194,3170,7,34,37,14,9292 1,1,1,1,1,1,1,1,1,1,1,1
18,98,631,18,109,122,10999,12,5476,7,24,412,186,92,2487 1,1,1,1,1,1,1,1,1,1,1,1,1,1,1
50,773,24,134,18,38,88,841,314,3,5,18,1645,37,18,841,2222,51,6004,57,31,74,1770 1,1,1,1,1,1,1,1,1,1,1,1,1,1,1,1,1,1,1,1,1,1,1
92,21,68,2487,17,15,1517,7,113 1,1,1,1,1,1,1,1,1
50,235,40,13,64,7365,5,119,394,740,37,571,191,327,166,1725 1,1,1,1,1,1,1,1,1,1,1,1,1,1,1,1
50,41,31,689,24,413,132,35,74,14,11,202,37,40,237,52,3023,10,191,13,1329,1887 1,1,1,1,1,1,1,1,1,1,1,1,1,1,1,1,1,1,1,1,1,1
24,352,77,20,486,44 1,1,1,1,1,1
1411,1093,1544,143,144,5,204 1,1,1,1,1,1,1
24,700,20,44 1,1,1,1
691,1008,20,1008 1,1,1,1
24,415,143,2439 1,1,1,1
24,1056,143,675,100 1,1,1,1,1
24,2675,143,1925 1,1,1,1
665,3,863 1,1,1
50,1758,24,15,1581,17,2707,3,1327,22,25,2568 1,1,1,1,1,1,1,1,1,1,1,1
5,933,24,10,49,175,6,435,18,1344,6,34,5633,24,53,1040 1,1,1,1,1,1,1,1,1,1,1,1,1,1,1,1
50,41,122,24,12,15,113,5,15,1814,10,2717,40 1,1,1,1,1,1,1,1,1,1,1,1,1
460,436,936 1,1,1
50,1377,37,159,18,14,71,5,280,37,18,1317,1255,66,15,1590,1902 1,1,1,1,1,1,1,1,1,1,1,1,1,1,1,1,1
18,21,11,1751,12,40,27,233 1,1,1,1,1,1,1,1
24,63,94,20,4291,12,6,53,303,13,15,1423,2496 1,1,1,1,1,1,1,1,1,1,1,1,1
24,133,20,7170,24,63,366,20,4465,5,24,140,20,9293 1,1,1,1,1,1,1,1,1,1,1,1,1,1
2860,9291,7286,3,107 1,1,1,1,1
8820,4,21195,21196,21197,21198,250,2412,51,31,81,43,262,1007,250 1,1,1,1,1,1,1,1,1,1,1,1,1,1,1
