69,49,4,18410,4407,378,325,1124,3144,2,5871,5032,12293,234,4,552,3144,14,15,2298,200,307,407,13,15,30,7,2760,565,2,1180,42,81,2,104,20,15,1590,29,7,58,8242,6328 1,1,1,1,1,1,1,1,1,1,1,1,1,1,1,1,1,1,1,1,1,1,1,1,1,1,1,24,24,1,1,1,4,1,1,1,1,1,1,1,1,1,1
18,774,12,80,17,1072,437 1,1,1,1,1,1,1
29,74,81,20,962,971,432,18411,13,23,567 1,1,4,1,1,1,1,1,1,1,1
29,20,6459,425,42,131,48,21,1376,1909,643,191,6,97,723,198,5,14,110,664,192,77,5,416,23,1197,4408,50,61,1536,13,15,1344,7,173,761,2,13,373,57,944,37 1,1,6,6,6,6,1,1,1,1,1,1,1,1,1,1,1,1,1,1,1,1,1,1,1,1,1,1,1,1,1,1,1,1,1,1,1,1,1,1,1,1
29,85,21,15,30,7,12,18412,71,20,480,13,2324,522,10,6,5269 1,1,1,1,1,1,1,1,1,1,1,1,1,1,1,1,1
18,14,15,18413,18414 1,1,1,1,1
21,15,30,7,2831,5,281,14,537,480,42,58,6455,17,438 1,1,1,1,1,1,1,1,1,1,1,1,1,1,1
136,23,97,101,13,58,6328,2,29,1249,2934,5872,12,1231 1,1,1,1,1,1,1,1,1,1,1,1,1,1
84,14,884,1550,7866,6,2183,20,598,18,222,2803,23,52,412,445 1,1,1,1,1,1,1,1,1,1,1,1,1,1,1,1
136,237,18,416,37,18,21,61,699,15,1814,419,5,404,37,18,21,2406,1074,2950,13,58,6455 1,1,1,1,1,1,1,1,1,1,1,1,1,1,1,1,1,1,1,1,1,1,1
23,1534,1044,1104,80,12,308 1,1,1,1,1,1,1
29,88,87,89,115,27,38,95 1,1,1,1,1,1,1,1
29,74,91,328,811,563,309,3935,2370,15,107 1,1,1,1,1,1,19,19,19,19,19
15,318,128,30,7,164,143,76,317,15,477,104,1053,587,7,15,118,2491,12,176,27,439,2038,5,39,39,15,498,371,27,439,130,5,15,555,27,439,18415,29,113,31,50,789,26,127,48,113,50,6,81,30,32,166,256 1,1,1,1,1,1,1,1,1,1,1,1,1,1,1,1,1,1,1,1,1,1,1,1,1,1,1,1,27,27,27,27,1,1,1,1,1,1,1,1,1,1,1,1,1,1,1,1,1,4,1,1,1,1
179,30,4,686,17,671,245,32,166,256,5,18,1553,173,153,5873,119,107,151,18,14,12294,37,18,589,10,273 1,1,1,1,1,1,1,1,1,1,1,1,1,1,1,1,1,1,1,1,1,1,1,1,1,1,1
18,687,37,18,454,31,55,1785,13,23,77 1,1,1,1,1,1,1,1,1,1,1
93,73,4,2981,463,12295,407,12,11,180,326 1,1,1,1,1,1,1,1,1,1,1
67,94,4,2960 1,1,1,1
202,4,483 1,1,1
112,4,11,920,2,625,129,171,193,86,229 1,1,1,1,1,1,1,1,1,1,1
44,4,90 1,1,1
91,4,667,43,1238 1,1,1,1,1
187,4,599 1,1,1
217,4,86,79 1,1,1,1
2797,4,161,121,338,4,29,21,39,1536,121,274,191,6,97,723,198 1,1,1,1,1,1,1,1,1,1,1,1,1,1,1,1,1
47,936,23,1550,12296,47,20,13,38 1,1,1,1,1,1,1,1,1
18,2,12,1708,2,113,31,2413,87,802,5198,17,199,848,338,27,38,95 1,1,1,1,1,1,1,1,1,1,1,1,1,1,1,1,1,1
47,40,2836,23,126,38,2441,338,17,6,400,1036,198,5,155,23,654,374,27,37,95,10,1021,23,338 1,1,1,1,1,1,1,1,1,1,1,1,1,1,1,1,1,1,1,1,1,1,1,1,1
278,2,12,6,78,2,18,21,61,214,4087,2648,13,58,6328,1975,10,23,586 1,1,1,1,1,1,1,1,1,1,1,1,1,1,1,1,1,1,1
165,438,4,29,589,10,55,8248,2250 1,1,1,1,1,1,1,1,1
14,281,19,2937,2,4320,2,2908,5,3399 1,1,1,1,1,1,1,1,1,1
18,40,126,10,437,13,58,6455,13,2882,18,1044,10,55,214,3000 1,1,1,1,1,1,1,1,1,1,1,1,1,1,1,1
4407,378,325,1124,3144,2,5871,1357,51,5032,12293,186,224,424,203,4,29,40,301,15,2290,73,12,1036,198,95 1,1,1,1,1,1,1,1,1,1,1,1,1,1,1,1,1,1,1,1,1,1,1,1,1,1
29,281,21,63,18416,2684,71,20,730,12,1215 1,1,1,1,1,1,1,1,1,1,1
18,113,31,60,802,18417,490,7,23,30,7,81,5,30,7,118,76 1,1,1,1,1,1,1,1,1,1,1,4,1,1,1,1,1
18,20,2179,37,18,454,1418,10,18418,308,108,87,115,741,10,6,18419,2640 1,1,1,1,1,1,1,1,1,1,1,1,1,1,1,1,1,1
249,81,4,29,74,67,728,50,39,9789,7,173,761,32,2632,256 1,4,1,1,1,1,1,1,1,1,1,1,1,1,1,1
47,40,155,23,654,374,12,1036,198,95 1,1,1,1,1,1,1,1,1,1
29,404,199,13,11,1949,2,11,668,1277,5,11,868 1,1,1,1,1,1,1,1,1,1,1,1,1
47,5244,2,1195,2,31,10,1815,84,27,38,95 1,1,1,1,1,1,1,1,1,1,1,1
29,20,124,5033,17,3517,5,4922 1,1,1,1,1,1,1,1
3136,12297,9790,2,96 1,1,1,1,1
12298,4,18420,18421,18422,18423,240,312,4,18424,2,7241,18425,2,96 1,1,1,1,1,1,1,1,1,1,1,1,1,1,1
