69,49,4,18426,4407,8249,144,4407,378,325,1124,1439,8250,3214,3144,2,5871,6194,2,4034,8251,5032,9791,6225,4,552,3144,14,15,2277,200,307,407,13,6,640,89,167,4,161,311,591,81,341 18,1,1,1,1,1,1,1,1,1,1,1,1,1,1,1,1,1,1,1,1,1,1,1,1,1,1,1,1,1,1,1,1,1,1,1,1,1,1,1,4,4,4,4
165,178 1,9
186,30,7,18427,139,304,2324,522,10,6,5269 1,1,1,1,1,1,1,1,1,1,1
249,438 1,1
351,30,7,2474,1240 1,1,1,1,1
459,685 1,1
231,77,4,6240,172,1017,25,641,2,230,768,25,641,2,607,521,25,641,2,210,491,25,5769,2,1461,390,25,641,2,2161,2810,25,5769,2,4698,1674,25,641,2,2937,2810,25,4347 1,1,1,11,11,1,1,1,1,7,1,1,1,1,22,1,1,1,1,12,1,1,1,1,1,1,1,1,1,1,1,1,1,1,1,1,1,1,1,1,1,1,1
30,7,156,360,4,552,3144,1263,10,308,80,10,207,100,995,23,81,2,164,143,76,2,5,438 1,1,1,1,1,1,1,1,1,1,1,1,1,1,1,1,4,1,1,1,1,1,1,1
136,47,97,701,23,2,18,658,10,2652,203,1360,7,106,2223,422,5,20,926,10,7242,819,1249,18,20,321,19,4698,27,1674,15,107,12,736,10,927,13,4347 1,1,1,1,1,1,1,1,1,1,1,1,1,1,1,1,1,1,1,1,1,1,1,1,1,1,1,1,1,1,1,1,1,1,1,1,1,1
2161,5,724,17,15,412,339,3936,13,15,350,300,12299,13,15,114,10,1495,15,18428,2578,108,68,20,11,7091,1113,19,23,339,708 1,1,1,1,1,1,1,1,1,1,1,1,1,1,1,1,1,1,1,1,1,1,1,1,1,1,1,1,1,1,1
18,14,724,1209,38,376 1,1,1,1,1,1
18,21,11,280,849,2,598,18,288,795,290,23,607,5,21,31,4147,84,191,6,78,248,123 1,1,1,1,1,1,1,1,1,1,1,1,22,1,1,1,1,1,1,1,1,1,1
18,88,87,734,1609,2,1949,2,6460 1,1,1,1,1,1,1,1,1
687,532,922,2,18,39,61,290,192,7,23,77,2218,2,598,2271,27,420,2282,271,12,6,465 1,1,1,1,1,1,1,1,1,1,1,1,1,1,1,1,1,1,1,1,1,1,1
47,8252,23,173,38,490,18,21,15,30,7,537,6282,13,23,3001,12,6,78,2,48,18,113,2712,37,18,21,61,290,1406 1,1,1,1,1,1,1,1,1,1,1,1,1,1,1,1,1,1,1,1,1,1,1,1,1,1,1,1,1,1
84,14,31,3491,90,10,260,1092,38,14,8007,26,31 1,1,1,1,1,1,1,1,1,1,1,1,1
995,23,438,2,18,88,87,3598,4066 1,1,1,1,1,1,1,1,1
18,687,18,14,699,15,1114,2328,419 1,1,1,1,1,1,1,1,1
18,20,288,321,19,12300,12,736,10,23,1461,2,1249,42,15,6461,27,6,18429,3264,144,42,6,414,7,58,6946,2882,18,2280,631,15,376 1,1,1,1,1,1,1,1,1,1,1,1,1,1,1,1,1,1,1,1,1,1,1,1,1,1,1,1,1,1,1,1,1
18,14,85,930,15,7243,68,2764 1,1,1,1,1,1,1,1
18,687,1172,18,14,448,15,1114,2328,419,2,598,411,2490,7244,1785,5,1625,309,7245 1,1,1,1,1,1,1,1,1,1,1,1,1,1,1,1,1,1,1,1
92,428,285,6,2189,7,6462,28,18,687,18,14,31,3353,12,37 1,1,1,1,1,1,1,1,1,1,1,1,1,1,1,1
995,23,164,76,2,18,589,10,50,939,714,117,647,788,3609,71,21,31,264,12,3043,26,1277 1,1,1,1,1,1,1,1,1,17,17,1,1,1,1,1,1,1,1,1,1,1,1
18,88,87,702,26,655,2,88,87,44,34,27,468 1,1,1,1,1,1,1,1,1,1,1,1,1
4407,8249,144,4407,378,325,1124,2163,8250,3214,3144,2,5871,6194,2,4034,8251,5032,9791,1357,51,93,73,4,18,14,15,3263,463,407,12,11,180,326 1,1,1,1,1,1,1,1,1,1,1,1,1,1,1,1,1,1,1,1,1,1,1,1,1,1,1,24,24,1,1,1,1,1
23,296,14,368,5,135,2,67,94,18430 1,1,1,1,1,1,1,1,1,1
23,121,80,14,18431 1,1,1,1,1
23,2354,53,4148 1,1,1,1
23,487,14,31,3459,27,365,1474 1,1,1,1,1,1,1,1
68,53,11,293,229 1,1,1,1,1
23,226,53,90,10,452,193,2,5,23,91,73,821,15,135,212,2,318,246,2,253 1,1,1,1,1,1,1,1,1,1,1,1,1,1,1,1,1,1,1,1,1
11,387,2,711,2,26,766,1139 1,1,1,1,1,1,1,1
23,217,53,619,5,86,182,79 1,1,1,1,1,1,1,1
23,1197,4409,67,848,12,6,622,80,20,18432,2797,4,9792,1036,200,307,407,13,306,89,167,2,317,15,30,7,3231,5,2474,1240 1,1,1,1,1,1,1,1,1,1,1,1,1,1,1,1,1,1,1,1,1,1,1,1,1,1,1,1,1,1,1
161,81 1,4
23,97,654,374,20,647,4329,2,2866,869,65,1036,198,158 15,15,15,15,15,15,15,1,1,1,1,1,1,1
1197,4409,12,6,622,14,12301,80,2,5874,23,134,3231,5,209,110,5155,37,18,21,31,61,290,23,325,2218,191,6,78,1450,7,198 1,1,1,1,1,1,1,1,1,1,1,1,1,1,1,1,1,1,1,1,1,1,1,1,1,1,1,1,1,1,1,1
12,87,1588,2,18,373,218,301,15,2368,262,7,18433 1,1,1,1,1,1,1,1,1,1,1,1,1
92,40,155,15,654,374,80,2,5,108,84,836,12,6,903,502,26,2368,2,40,383,23,607,10,491,82,2,5,47,4827,10,23,173,6,114 1,1,1,1,1,1,1,1,1,1,1,1,1,1,1,1,1,1,1,1,1,1,22,1,1,1,1,1,1,1,1,1,1,1,1
23,97,389,1402,20,66 1,1,1,1,1,1
165,789 1,16
151,18,1263,10,308,12,497,198,2,92,40,887,15,1001,1835,42,71,95,18,40,50,61,19,210,17,647,1036,198 1,1,1,1,1,1,1,1,1,1,1,1,1,1,1,1,1,1,1,1,1,1,1,12,1,1,1,1
186,164,76 1,1,1
18,14,411,460,939,44,34 1,1,1,1,17,17,17
264,23,230,10,626,25,998 1,1,7,1,1,1,1
32,18,222,50,674,10,1418,13,23,296,5,67,94 1,1,1,1,1,1,1,1,1,1,1,1,1
249,438 1,1
47,428,1428,23,10,126,640,100,13,23,6461,5,23,7243 1,1,1,1,1,1,1,1,1,1,1,1,1,1
428,2,5034,6,2189,7,1634,10,2804,2474,739,5,909,6462,428,32,47,50,12,6,78 1,1,1,1,1,1,1,1,1,1,1,1,1,1,1,1,1,1,1,1,1
351,685 1,1
18,40,207,100,13,7242,5,126,19,23,2568,5,5847,2314,17,110 1,1,1,1,1,1,1,1,1,1,1,1,1,1,1,1
47,936,23,18,454,60,6,4698,12,6,465,5,6,2161,27,420,316 1,1,1,1,1,1,1,1,1,1,1,1,1,1,1,1,1
459,424,927 1,1,1
18,431,15,1401,1771,5,18,40,808,10,308,12,497,198,10,207,100,19,23,81,2,789,2,5,164,76 1,1,1,1,1,1,1,1,1,1,1,1,1,1,1,1,1,1,1,4,1,16,1,1,1,1
3389,2,47,926,23,10,1546,17,241,2685,995,121,274,5,15,12302,381,333 1,1,1,1,1,1,1,1,1,1,1,1,1,1,1,1,1,1
47,85,4410,6,4407,8249,144,4407,378,325,1124,5308,8250,3214,3144,2,5871,6194,2,4034,8251,5032,9791,1357,102,2189,7,23,930,6,568,1925 1,1,1,1,1,1,1,1,1,1,1,1,1,1,1,1,1,1,1,1,1,1,1,1,1,1,1,1,1,1,1,1
18,687,18,14,724,10,125,6,568,1925,38,376,124,37,18,14,27,328,17,381,981 1,1,1,1,1,1,1,1,1,1,1,1,1,1,1,1,1,1,1,1,1
3136,9793,8253,2,96 1,1,1,1,1
12051,4,18434,28,18435,28,18436,28,18437,2605,3343,74,99,2605,1533,285,13,608,8253 1,1,1,1,1,1,1,1,1,1,1,1,1,1,1,1,1,1,1
120,4,358,12,6,9677 1,1,1,1,1,1
2876,286,7,257 1,1,1,1
2577,15,860 1,1,1
92,53,5860,607,80 1,1,1,22,1
1149,20,318,2,48,92,53,1634,89,583 1,1,1,1,1,1,1,1,1,1
734,230,10,626 1,7,1,1
679 1
210,17,945 12,1,1
2340,356,3145 1,1,1
