69,49,4,18438,4407,8249,144,4407,378,325,1124,2515,8250,3214,6194,2,4034,8251,3144,2,9794,5032,9795,167,4,552,3144,14,15,12303,407,13,6,640,89,167,4,161,81 1,1,1,1,1,1,1,1,1,1,1,1,1,1,1,1,1,1,1,1,1,1,1,1,1,1,1,1,1,1,1,1,1,1,1,1,1,1,4
165,30,7,9796,1240 1,1,1,1,1
186,134,225,3615 1,1,1,1
249,30,7,18439,51,5,2324,10,5269 1,1,1,1,1,1,1,1,1
351,438 1,1
459,178,13,313,19,1149,12,1426,2547 1,9,1,2,2,2,2,2,2
636,6371 1,1
843,139,304,2679,12,1231,2547 1,1,1,1,1,1,1
1038,685 1,1
231,77,4,563,607,462,22,327 1,1,1,1,22,1,1,1
641,2,4698,154,22,327 1,1,1,1,1,1
641,2,230,196,22,327 1,1,7,1,1,1
641,2,210,109,22,327 1,1,12,1,1,1
641,2,1721,1722,172,370,22,327 1,1,11,11,11,1,1,1
641,2,1461,105,22,327 1,1,1,1,1,1
641,2,5,2937,761,22,327 1,1,1,1,1,1,1
4347 1
30,7,156,360,4,552,3144,1263,10,308,80,17,207,100,995,23,81 1,1,1,1,1,1,1,1,1,1,1,1,1,1,1,1,4
136,47,97,701,23,2,18,21,61,1888,13,225,3615,12,751,1426 1,1,1,1,1,1,1,1,1,1,1,1,1,1,1,1
136,377,2,18,21,61,699,57,2,5,15,540,1728,5,389,1218,19,1426,1680,2,1740,2,129,2866,667,43,1238 1,1,1,1,1,1,1,1,1,1,1,1,1,1,1,1,1,1,1,1,1,1,1,1,1,1,1
18,88,87,844,2792,34,2,596,2,469,2,26,807 1,1,1,1,1,1,1,1,1,1,1,1,1
687,1172,18,14,699,1961,57 1,1,1,1,1,1,1
18,14,290,192,7,23,77,32,1788 1,1,1,1,1,1,1,1,1
18,88,87,1609,2,1949,2,6460,2,713,2,26,3163,862 1,1,1,1,1,1,1,1,1,1,1,1,1,1
18,589,10,1374 19,19,19,19
18,21,31,61,3981 1,1,1,1,1
18,85,589,10,50,1024,44,34,7,884,1187 1,1,1,1,1,1,1,1,1,1,1
363,123,146,2,18,39,63,656,37,2731,15,1409,26,248,27,468 1,1,1,1,1,1,1,1,1,1,1,1,1,1,1,1
18,1802,84,32,15,2246,2,5,84,20,31,627,13,255,7,194,2,272,2,402,2,969,2,26,112,26,349,115 1,1,1,1,1,1,1,1,1,1,1,1,1,1,1,1,1,1,1,1,1,1,1,1,1,1,1,1
18,21,11,844,115,136,237,2,5,21,39,11,939,115,12,6,78,451,123 1,1,1,1,1,1,1,1,1,1,1,1,1,1,1,1,1,1,1
18,21,31,61,290,23,67,728,27,140,32,23,3595,14,9797 1,1,1,1,1,1,1,1,1,1,1,1,1,1,1
85,2,18,18440,2191,23,184 1,1,1,13,13,13,13
18,1447,84,1931,23,15,868 1,1,1,1,1,1,1
3144,2,9794,5032,9795,1357,51,93,122,4,18,14,63,463,3607,407,12,11,326 1,1,1,1,1,1,1,1,1,1,1,1,1,24,1,1,1,1,1
296,1174,5,135 1,1,1,1
67,94,18441,5,121,11579,2683,80,18442,112,1486,53,18443 1,1,1,1,1,1,1,1,1,1,1,1,1
11,293,229 1,1,1
1290,14,90 1,1,1
226,53,90,10,452,193 1,1,1,1,1,1
91,73,14,135,212 1,1,1,1,1
43,246,5,253 1,1,1,1
11,387 1,1
217,53,619,5,86,79 1,1,1,1,1,1
744,53,86,4914,5,466,14,175,10,2959,5,688,1014 1,1,1,1,1,1,1,1,1,1,1,1,1
489,467,4,23,147,80,821,15,43,399,212,2,43,1000,2,43,1950,2,43,518,5302,2,5,43,5436,1672 1,1,1,1,1,1,1,1,1,1,1,1,1,1,1,1,1,1,1,1,1,1,1,1,1,1
835,5,783,53,548 1,1,1,1,1
320,5,114,4,15,12303,407,13,306,89,167,32,2260,4,161,311,51,81 1,1,1,1,1,1,1,1,1,1,1,1,1,1,1,1,1,4
23,654,374,21,986,10,2099,12,6,12304,18,14,1073,425,5,836,11310,10,954,987,428,239,10,6,435 1,1,1,1,1,1,1,1,1,1,1,1,1,1,1,1,1,1,1,1,1,1,1,1,1
27,38,845,2,84,14,12305,10,539,5732,23,191,10,63,131,322,1312,13,1190 1,1,1,1,1,1,1,1,1,6,6,6,6,6,6,6,6,6,6
486,2,5,92,40,1798,23,10,6,381,4696,1436,2,5,125,23,168,12,173,15,376,13,15,114,10,9798,23,27,37,95 6,1,1,1,1,1,1,1,1,1,1,1,1,1,1,1,1,1,1,1,1,1,1,1,1,1,1,1,1,1
23,389,1402,20,66,15,451,198,146 1,1,1,1,1,1,1,1,1
92,40,887,23,654,374,80 1,1,1,1,1,1,1
18,21,61,10,6,3880,288,2,5,113,31,301,10,125,6,4146,32,7,1911 1,1,1,1,1,1,1,1,1,1,1,1,1,1,1,1,1,1,1
165,995,23,44,34,2,23,1467,1024,44,34,14,1039,1628 1,1,1,1,1,1,1,1,1,1,1,1,1,1
18,113,50,164,76,32,119,23,1149,1053,191,15,200,146 1,1,1,1,1,1,1,1,1,1,1,1,1,1
18,14,290,63,172,5,15,3015 1,1,1,1,11,1,1,1
23,147,80,14,43,2,5,18,21,61,3734,739,17,27,1502,6,78,2003,123,1242,13,639 1,1,1,1,1,1,1,1,1,1,1,1,1,1,1,1,1,1,1,1,1,1
124,38,2,47,1293,23,454,18,50,844,34,27,468,26,13,839,639,10,750,260,5,1297,10,6,303,674,2,355,2,10,126,290,23,172,5,3015 1,1,1,1,1,1,1,1,1,1,1,1,1,1,1,1,1,1,1,1,1,1,1,1,1,1,1,1,1,1,1,1,1,11,1,1
47,40,540,23,415,215,10,125,108,23,958,6463,21,264,12,71,1533,92,40,539,2337,23,10,507 1,1,1,1,1,1,1,1,1,1,1,1,1,1,1,1,1,1,1,1,1,1,1,1
3144,2,9794,5032,9795,1357,102,186,995,23,127,2,124,23,81,2,92,209,4624,419,67,94,338 1,1,1,1,1,1,1,1,1,1,10,1,1,1,4,1,1,1,1,1,1,1,1
18,2738,10,954,6,184,428,27,15,350,262,2,5,40,2836,260,871,108,18,1886,84,12306,13,23 1,1,1,1,1,13,1,1,1,1,1,1,1,1,1,1,1,1,1,1,1,1,1,1
47,936,23,47,549,6,868,20,1664,6464,10,6,184 1,1,1,1,1,1,1,1,1,1,1,1,13
249,995,424,927,2,151,47,125,23,168,12,15,376,2,47,40,273,15,1108,1568,5,881,23,15,1401,1771,2,32,18,52,80,86,3337,153 1,1,1,1,1,1,1,1,1,1,1,1,1,1,1,1,1,1,1,1,1,1,1,1,1,1,1,1,1,1,1,1,1,1
351,47,40,125,23,168,12,308,12,153,376 1,1,1,1,1,1,1,1,1,1,1
2785,9793,8253,2,96 1,1,1,1,1
18444,18445,775,800,4,12307,827,4,18446,818,4,12307,2605,3343,74,99,2605,18447,18448,58,8253,5,47,18449,1538,5,755,38,2232,200,307,29,104,279,17,356,7,81,2,438,2,3615 1,1,1,1,1,1,1,1,1,1,1,1,1,1,1,1,1,1,1,1,1,1,1,1,1,1,1,1,1,1,1,1,1,1,1,1,1,4,1,1,1,1
125,427,74,99,17,885 1,1,1,1,1,1
18450,182,17,685,2,2474,1240 1,1,1,1,1,1,1
499,3048,17,868 1,1,1,1
19,73,2,92,514,296,1174,2,112,1486,919,2,44,90 1,1,1,1,1,1,1,1,1,1,1,1,1,1
125,427,74,99,17,241,790 1,1,1,1,1,1,1
7,99,14 1,1,1
43,2766,73 1,1,1
320,5,114,177,5,47,1061,13,6,427,74,242,7,6404,1362,167,5,494,7,81,2,438 1,1,1,1,1,1,1,1,1,1,1,1,1,1,1,1,1,1,1,4,1,1
92,1061,19,6,114,10,2524,10,59,486,2,2283,184,2,356,1115,13,381,4696,1436 1,1,1,1,1,1,1,1,1,6,1,1,13,1,1,1,1,1,1,1
526,18451,18452,5770,2,96 1,1,1,1,1,1
