69,49,4,18560,64 1,1,1,1,1
7,58,8274,279,17,1153,101,32,280,440 1,1,1,1,1,1,1,1,1,1
16,14,281,537,1121,17,157,386,756 1,1,1,1,1,1,1,1,1
16,267,460,34,18561,157,386,117,748,17,153,984,56,16,8216,17,15,451,606,5,237,84,3066,2499 1,1,1,1,1,1,1,1,1,1,1,1,1,1,1,1,1,1,1,1,1,1,1,1
16,88,34,12,24,52,386 1,1,1,1,1,1,1
11,455,26,270 1,1,1,1
167,1356,1217,1168,425,13,12347,10,5883,56,2313,9820,831,146,9821,7972,7254,52,4489,5883,254,336,343,76,1665,2516,4,1601,12,9822,2679,196,831,146,1146,747,77,3452,9,1594,397,8,8275,35,45,9,62,8,25,33,1921,9,6471,8,683,35,595,9,62,8,25,291,210,9,894,8,491,35,45,9,62,8,25,283,154,107,9,62,8,2173,9,5039,8,4256,35,45,9,62,8,25,3029,154,107,9,62,8,1100,4,1591,6472,98,1212,831,5,795,462,831,146,28,1890,4925,13,2005,28,2015,297,32,15,18562,9299,18563,28,295,13,503,5,567,499,4,32,119,234,28,88,339,26,1368,849,28,267,460,15,812,346,27,24,97,385,13,58,8274,28,468,7,499,483 1,1,1,1,1,1,1,1,1,1,1,1,1,1,1,1,1,1,1,1,16,1,1,1,1,1,1,1,1,1,1,1,1,1,1,1,1,1,1,1,1,1,1,1,1,1,1,1,1,1,1,1,1,1,1,1,1,1,1,1,1,1,12,1,1,1,1,1,1,1,1,1,1,1,1,1,1,1,1,1,1,1,1,1,1,1,1,1,1,1,1,1,1,1,1,1,1,1,8,8,8,8,8,8,8,8,8,8,1,1,1,1,1,1,1,1,1,1,1,1,1,1,1,1,1,1,1,1,1,1,1,1,1,1,1,1,1,1,1,1,1,1,1,1,1,1,1,1,1,1,1,1,1,1,1,1
638,4,18564,1580,385,4,224,56,413,28,11,180,326,112,56,11,229,28,11,920,226,56,745,193,623,56,418,28,4844,1268,340,56,133,812,56,2424,28,1660,58,8274,222,12,9444,516,56,54,967,395,13,199,1968,3324,1696,28,11,1686,967,296,782,18565,531,426,215,80,2093,18566,76,9,932,19,6,70,8,2,70,2589,1622,5,70,525,12348,18567,76 1,1,1,1,1,1,1,1,1,1,1,1,1,1,1,1,1,1,1,1,1,1,1,1,1,1,1,1,1,1,1,1,1,1,1,1,1,1,1,1,1,1,1,1,1,1,1,1,1,1,1,1,1,1,1,1,1,1,1,1,1,1,1,1,1,1,1,1,1,1,1,1,1,1,1,1,1,1,1,1,1,1,1
19,6,70,2,29,14,1701,57,8002,2563,6,18568,542,27,468,5,1073,117,2127,606,7,352 1,1,1,1,1,1,1,1,1,1,1,1,1,1,1,1,1,1,1,1,1,1
19,6,52,2,29,14,57,8002,2563,6,754,542,27,468,5,117,2127,606,7,352 1,1,1,1,1,1,1,1,1,1,1,1,1,1,1,1,1,1,1,1
18569,1005,5,2175,481,918,28,1921,542,185,833,4,1332,292,345,299,1217,6792,103,8214,2,1356,2,254,2,883,279,17,224,356 1,1,1,1,1,1,1,1,1,1,1,1,1,1,1,1,1,1,1,1,1,1,1,16,1,1,1,1,1,1
514,10,50,1686,1148,76 1,1,1,1,1,1
161,4950,56,40,1798,10,58,9823,17,241,1906 1,1,1,1,1,1,1,1,1,1,1
31,19,211,239,10,299,8214,56,40,3691,24,5884,58,8276,108,18570,1691,297,1312,165,254,56,155,797,945,5,1321,38,223,28,126,231,210,262,186,2870,56,126,231,1692,262,249,323,56,64,74,542,21,2342,61,12,38,502,2,393,8277,841,228,27,38,95,351,4032,56,126,2173,28,40,3105,339,426,12,1378,2422,1542,2003,198,7803,6450,710,9824,2,96 1,1,1,1,1,1,1,1,1,1,1,1,1,1,1,1,1,1,1,1,16,1,1,1,1,1,1,1,1,1,1,1,12,1,1,1,1,1,1,1,1,1,1,1,1,1,1,1,1,1,1,1,1,1,1,1,1,1,1,1,1,1,1,1,1,1,1,1,1,1,1,1,1,1,1,1,1,1,1,1,1,1,1
