67,54,4,21944,1013,599,9,14111,8,21945,3142,1934,5496,3,107 1,1,1,1,1,1,1,1,1,1,1,1,1,1,1
1225,1352,3,2791,2376,4319,3,107 1,1,1,1,1,1,1,1
21946,124,1666,6009,1073,21947,3,9392,21948,684,4,2988,3,3895,542,4,9393,10534,4,11136,882,64,4319,3,3895,20,221,188,89,17,172,7,4318,82,35,60,35,53,1788,34 1,1,1,1,1,1,1,1,1,1,1,1,1,1,1,1,1,1,1,1,1,1,1,1,1,1,1,1,1,1,1,1,1,1,1,1,1,1,1,1
24,4318,82,21,68,404,211 1,1,1,1,1,1,1
18,464,557,13,535,12,179,24,63,366 1,1,1,1,1,1,1,1,1,1
18,21,86,535,13,24,818,3132 1,1,1,1,1,1,1,1
18,21,38,11,14110,116,56,1149,3,4779,3,8096,3,26,14112 1,1,1,1,1,1,1,1,1,1,1,1,1,1,1
18,157,4821,2093,5,8254 1,1,1,1,1,1
18,557,19,165,5,3340 1,1,1,8,1,1
18,21,15,13171,30,7,34,5,474,7,24,53,1788 1,1,1,1,1,1,1,1,1,1,1,1,1
18,20,221,27,6,9394,124,318,702,170,65,183 1,1,1,1,1,1,1,1,1,1,1,1
3783,7,6,1788,111,11137 1,1,1,1,1,1
18,20,126,19,2707,13,128,922,51,464,21,308,116 1,1,1,1,1,1,1,1,1,1,1,1,1
18,14,2034,15,6439 1,1,1,1,1
89,19,77,3,18,14,1130 1,1,1,1,1,1,1
74,20,1957,858,6,4190,618 1,1,1,1,1,1,1
5302,5,7803,143,396 1,1,1,1,1
6,53,1788,111,474,5,2486,13,1441,759 1,1,1,1,1,1,1,1,1,1
70,1788,111,296,471,7,759 1,1,1,1,1,1,1
2150,3,489,3,657,3,384,3,595,3,5,764,242,31,111,308,4811 1,1,1,1,1,1,1,1,1,1,1,1,1,1,1,1,1
74,20,11,1189,5,155,143,91 1,1,1,1,1,1,1,1
50,1834,6,53,1788,845,3777,4856 1,1,1,1,1,1,1,1
11,633,20,564 1,1,1,1
50,1050,92,13,171,22,7,8847 1,1,1,1,1,1,1,1
224,3,50,704,18,21,38,7378 1,1,1,1,1,1,1,1
18,21,11137,19,3783,5,21,15,224,3739,543,13,3933,76 1,1,1,1,1,1,1,1,1,1,1,1,1,1
12,475,3,18,21,747,4318,82 1,1,1,1,1,1,1,1
6,267,76,57,6253 1,1,1,1,1
12,475,10,1050,7,24,1788,3,50,1668,24,66,2707,10,2273,669,22,956,15,65,290,10,518,915,1597,483 1,1,1,1,1,1,1,1,1,1,1,1,1,1,1,1,1,1,1,1,1,1,1,1,1,1
18,546,1019,49,37,17,223,1811,10,3774,65 1,1,1,1,1,1,1,1,1,1,1
518,915,143,81 1,1,1,1
50,237,166,10,122,24,188,12,939,129 1,1,1,1,1,1,1,1,1,1
18,41,52,369,10,360,17,268,198,12,6,2521 1,1,1,1,1,1,1,1,1,1,1,1
2376,4319,3,107 1,1,1,1
684,4,2988,3,3895,542,4,9393,1167,58,2227,4,27,24,441,112,3,50,41,1081,24,10,144,24,512,5,687,161,159,37,368,52,424,13,21949,76 1,1,1,1,1,1,1,1,1,1,1,1,1,1,1,1,1,1,1,1,1,1,1,1,1,1,1,1,1,1,1,1,1,1,1,1
13,1586,3111,3,2668,3142,1934,5496,3,107 1,1,1,1,1,1,1,1,1,1
806,4,11136,825,4,21950,843,4,11136,14113 1,1,1,1,1,1,1,1,1,1
