69,49,4,18647,12378,224,144,1012,538,2744,12379,12380,3593,2751,2,3197,9844,2,8292,12381,8293,9,18648,8,12382,9850,161,3943,74 18,1,1,1,1,1,1,1,1,1,1,1,1,1,1,1,1,1,1,1,1,1,1,1,1,1,1,1,1
165,81 1,4
234,4,14,110,1216,23,81,203,814,6,7262 1,1,1,1,1,1,4,1,1,1,1
214,12296,42,2440,790 1,1,1,1,1
14,1216,419,338,17,67,848 1,1,1,1,1,1,1
14,1216,93,364,17,23,475,819,18,21,378,8296 1,1,1,1,1,1,1,1,1,1,1,1
14,3600,15,6367,71,479,10,907,23,4003 1,1,1,1,1,1,1,1,1,1
5449,106,422,1393,23,744 1,1,1,1,1,1
21,15,30,7,1148,776 1,1,1,1,1,1
836,19,2525,2266,119,107,17,7261,5,21,39,11,844,534 1,1,1,1,1,1,1,1,1,1,1,1,1,1
3943,74,6,1140,2,11,228,12,115 1,1,1,1,1,1,1,1,1
93,122,4,2113,7,6177,5,7828,2086,5,9708 1,1,1,1,1,1,1,1,1,1,1
11,529,5382,7,8087,2086,2,4532,2,4248,2,3627,2,26,3717 1,1,1,1,1,1,1,1,1,1,1,1,1,1,1
70,475,4,350,3650,1205,2,4003,166,2,6979,18649,166 1,1,1,1,1,1,1,1,1,1,1,1,1
52,475,4,275,721 1,1,1,1,1
1585,5,744,375 1,1,1,1
717,976,590,43 1,1,1,1
336,243,1459,2,1926,52,337,2,175,70 1,1,1,1,1,1,1,1,1,1
242,4,161,3943,74 1,1,1,1,1
165,9847,13,2107,7261 1,1,1,1,1
186,81 1,4
249,378,8296 1,1,1
351,343,776 1,1,1
114,4,161,3335,172 1,1,1,11,11
165,692,763,203,1925 1,1,1,1,1
186,18650,2590 1,1,1
249,2525,10,984,241,534,7,7261 1,1,1,1,1,1,1,1
351,437,1036,198 1,1,1,1
2785,3141,1940,6485,2,96 1,1,1,1,1,1
800,4,9850,827,4,18651,818,4,9850,12387 1,1,1,1,1,1,1,1,1,1
