67,54,4,22006,28,414,4,4320,3,4212,29,542,4,22007,533,27,4,22008,43,9155,7429,3,107 1,1,1,1,1,1,1,1,1,1,1,1,1,1,1,1,1,1,1,1,1,1,1
747,198,331,4,64,6247,22009,1430,1085,4,270 1,1,1,1,1,1,1,1,1,1,1
278,22010,941,360,17,1347,40,28,17,273,278 1,1,1,1,1,1,1,1,1,1,1
50,46,81,26,1799,6,747,532,5,101,6,28,1150 1,1,1,1,1,1,1,1,1,1,1,1,1
730,234,4,1364,1882,53,666,696,358,9,3404,70,666,17,4235,8,3,13,100,2921,1414,5620,584,467,394,525,194,114 1,1,1,1,1,1,1,1,1,1,1,1,1,1,1,1,1,1,1,1,1,1,1,1,1,1,1,1
30,7,61,328,4,6,28,14,15,1364,1882,498,13,15,30,7,71,3,287,3,1234,3,106,3,2067,1030,935,3,71,604,5,280,121,387,267,87,7,2122,626,453,12,6,194,114 1,1,1,1,1,1,1,1,1,1,1,1,1,1,1,1,4,1,15,1,1,1,7,1,1,1,1,1,1,1,1,23,1,1,1,1,1,1,1,1,1,1,1,1
16,21,1001,171,624,225,6,80,267,87,5,225,37,85,438,21,55,37,186,16,1210,139,223,15,435,16,299,15,4139,1414,34,12,6,53,2921,1123,525,10,6,1080,75,286,584,467,6,525,1385,7,6,53,248 1,1,1,1,1,1,1,1,1,1,1,1,1,1,1,1,1,1,1,1,1,1,1,1,1,1,1,1,1,1,1,1,1,1,1,1,1,1,1,1,1,1,1,1,1,1,1,1,1,1,1
134,16,3445,10,23,70,248,3,16,299,15,1075,453,175,26,267,435,525 1,1,1,1,1,1,1,1,1,1,1,1,1,1,1,1,1,1
40,14,1307,43,983 1,1,1,1,1
92,41,2487,186,321,35,60 1,1,1,1,1,1,1
40,14,5334,66,6,377,12,511,5,6,1507,5,1585,190,16,299,12,23,764,290,10,6,71,604 1,1,1,1,1,1,1,1,1,1,1,1,1,1,1,1,1,1,1,1,1,1,1,1
16,21,38,11,188,1297,3,600,16,21,15,9405,70,22011,12,6,384,75,1036,10,598,667 1,1,1,1,1,1,1,1,1,1,1,1,1,1,1,1,1,1,1,1,1,1
7,55,3,16,2034,23,14137,12,23,53,22012,9021,5,8259,23,3495,10,1107,92,27,23,10792 1,1,1,1,1,1,1,1,1,1,1,1,1,1,1,1,1,1,1,1,1,1
80,39,30,4,6,80,39,30,14,35,270,5,98,158,15,2183,2915,12,6,70,794,1346 1,1,1,1,1,1,1,1,1,1,1,1,1,1,1,1,1,1,1,1,1,1
127,4,1765,3,1462,7835,3,2604 1,1,1,1,1,1,1,1
150,30,4,3357 1,1,1,1
137,39,4,4073,3,1262,215,22,1729,65,3,4940,125,22,1811,85,135,65,3,809,141,22,2739,3,14138,1582,22,2739,3,930,1327,22,3222 1,1,1,1,1,27,1,1,1,1,1,1,1,1,1,1,1,1,1,17,1,1,1,1,1,1,1,1,1,1,1,1,1
5,22013 1,1
206,30,4,16,14,299,3190,5,21,939,3700,727,233,12,232,436 1,1,1,1,1,1,1,1,1,1,1,1,1,1,1,1
4157,30,4,16,20,3682,13,22014,415,5,11,174,150,2084,21,40,534 1,1,1,1,1,1,1,1,1,1,1,1,1,1,1,1,1
2160,4,16,14,15,278,121,285,12,11158 1,1,1,1,1,1,1,1,1,1
206,30,4,16,21,406,288,5,353 1,1,1,1,1,1,1,1,1
16,21,22015,87,30,7,1711,238,5,21,21,11,1711,12,6,99,1062,113 1,1,5,5,5,5,5,5,5,5,5,5,5,5,5,5,5,5
16,90,541,157,26,95,3817,357,157 1,1,1,1,1,1,1,1,1
16,21,11,2954,341,709 1,1,1,1,1,1
81,7,182,4,182,81,275,44,326,400,13,1041,381,1053,336 1,1,1,1,1,1,1,1,1,1,1,1,1,1,1
16,1762,40,10,23,4940,157,5,21,31,221,15,4269 1,1,1,1,1,1,1,1,1,1,1,1,1
16,21,535,2941,5,1515,62,4928,5,38,344,673,265,13,2079 1,1,1,1,1,1,1,1,1,1,1,1,1,1,1
186,321,16,387,128,116,7,725,75,143,1442,1307,43,427 1,1,1,1,1,1,1,1,1,1,1,1,1,1
74,14,11,612,3,386,26,1754,116 1,1,1,1,1,1,1,1,1
102,101,4,207,4,2310,197,13,15,63,94,7,22016,12,6,53,303,2198 1,1,1,1,1,1,1,1,1,6,6,6,6,1,1,1,1,1
133,7,335,5,145 1,1,1,1,1
216,217,97,222 1,1,1,1
944,161,4,569 1,1,1,1
1411,1093,4,22017,1416,3,3802 1,1,1,1,1,1,1
11,202,7,1082 1,1,1,1
670,4,44,1256,5,296,628,12,473,2346 1,1,1,1,1,1,1,1,1,1
131,10712,323,12,595,899,100 1,1,1,1,1,1,1
131,443,2674,12,6,322,5997 1,1,1,1,1,1,1
1435,1755,656,204 1,1,1,1
511,4,377,10,2719,5,618,269,12,6,764,100 1,1,1,1,1,1,1,1,1,1,1,1
131,377,10,4581,225,6,2004,1093,1950,19,6,70,666 1,1,1,1,1,1,1,1,1,1,1,1,1
6,762,6040,1056,57,1688,27,6,5682,5,433,27,6,3321,3,3175,22018,3,2724,5,3525,13,3224,3,1683,922 1,1,1,1,1,1,1,1,1,1,1,1,1,1,1,1,1,1,1,1,1,1,1,1,1,1
951,10,1653,14,4994,12,394,303 1,1,1,1,1,1,1,1
700,14,3678,51,5767,43,6,384,1373,5,416,2248,649 1,1,1,1,1,1,1,1,1,1,1,1,1
16,21,15,377,3526,51,368,1404,321 1,1,1,1,1,1,1,1,1
16,21,673,2819,12,6,3243,269 1,1,1,1,1,1,1,1
532,81,4,509,689,7,6,6221,1080,20,582,27,14139,39,14140,5,286,465,170,65,525,27,1177,39,599,14141,802,9,22019,8 1,1,1,1,1,1,1,1,1,1,1,1,1,1,1,1,1,1,1,1,1,1,1,1,1,1,1,1,1,1
146,5,1793,81,66,14139,39,14140,722,11,1375,741,1657,3648,26,1044,260,51,128,7,6,2257,57,3827 1,1,1,1,1,1,1,1,1,1,1,1,1,1,1,1,1,1,1,1,1,1,1,1
6,1351,146,66,14141,802,508,74,208,52,128,6221,1044,260,5,50,2033,2820,2154,7,37,146 1,1,1,1,1,1,1,1,1,1,1,1,1,1,1,1,1,1,1,1,1,1
192,4,176,604 1,1,1,1
6,28,21,166,3384,404,17,23,1365,1080,34 1,1,1,1,1,1,1,1,1,1,1
16,242,1410,62,172,43,64,3068,2475,75,14,9406,27,40,85,5,175,7026,1050,75,20,31,915,27,1307,23,453 1,1,1,1,1,1,1,1,1,1,1,1,1,1,1,1,1,1,1,1,1,1,1,1,1,1,1
16,166,21,15,2411,7,71,330,604,3,8260,604,5,284,6221,1044,260,26,14142 1,1,1,1,1,1,1,1,1,1,1,1,1,1,1,1,1,1,1
74,14,11,202,7,71,22020 1,1,1,1,1,1,1
50,704,27,40,802,3,62,3319,13,1093,2494,264,41,52,372,575,10,1946,6,3463,2279,7,571,1976,709 1,1,1,1,1,1,1,1,1,1,1,1,1,1,1,1,1,1,1,1,1,1,1,1,1
50,46,98,508,37,16,7153,12,14143,5,2798,23,14137,12,15,1976,9021,10,122,134,40,41,1007,128,1734 1,1,1,1,1,1,1,1,1,1,1,1,1,1,1,1,1,1,1,1,1,1,1,1,1
16,21,527,15,438,7,1169,1202,97,915,5,50,704,50,237,166,10,1783,13,15,266,228,7,2373,35,15,3698,34,1325,10,1804,6,930,37,16,14,19,17,174,934 1,1,1,1,1,1,1,1,1,1,1,1,1,1,1,1,1,1,1,1,1,1,1,1,1,1,1,1,1,1,1,1,1,1,1,1,1,1,1,1
50,41,122,201,188,12,6,668,139,6,3319,21,68,582,5,50,46,38,15,6771,10,81,6,509,689 1,1,1,1,1,1,1,1,1,1,1,1,1,1,1,1,1,1,1,1,1,1,1,1,1
941,360,17,1347,201,10,808,668,3,92,14,15,1174,49,198,7,40,767,5,50,272,1533,37,119,41,52,449,10,988,23,453,10,128,851 1,1,1,1,1,1,1,1,1,1,1,1,1,1,1,1,1,1,1,1,1,1,1,1,1,1,1,1,1,1,1,1,1,1
6,341,5,1255,7,88,420,26,1755,516,143,235 1,1,1,1,1,1,1,1,1,1,1,1
1356,22021,4,22022,604 1,1,1,1,1
2668,9155,7429,3,107 1,1,1,1,1
22023,22024,22025 1,1,1
