69,49,4,18825,1452,1865,2,2421,58,5898,5001,378,325,12461,89,538,1678,4714,518,12462,2,5297,18826,536,4,3573,5457,512,46,9892,828,5898,2,47,39,6,1068,7,930,3573,5457,17,207,100,7,24,5265 18,1,1,1,1,1,1,1,1,1,1,1,1,1,1,1,1,1,1,1,1,1,1,1,1,1,1,1,1,1,1,1,1,1,1,1,1,1,1,1,1,1,1,1,1,1,1
6,29,267,37,16,589,10,2900,15,214,529,4372,1544,32,15,6506,9890,8313,109,697,15,107,2,2334,4009,284,6777,12463 1,1,1,1,1,1,1,1,1,1,1,1,1,1,1,1,1,1,1,1,1,1,1,1,1,1,1,1
151,16,1263,140,65,500,16,8314,2005,5,38,5683,13,24,500,1384,5,12464,100,24,567,65,6413,5,748,6,4667,21,18827,170,65,15,135,352,1763 1,1,1,1,1,1,1,1,1,1,1,1,1,1,1,1,1,1,1,1,1,1,1,1,1,1,1,1,1,1,1,1,1,1,1
18828,10,7240,2,16,21,1558,529 1,1,1,1,1,1,1,1
16,14,31,851,12,472,2874,42,24,372,496,13,6,3693,7,106,9100,1684,7,366,13,1818,4009 1,1,1,1,1,1,1,1,1,1,1,1,1,1,1,1,1,1,1,1,1,1,1
16,1822,910,432,472,18829,7282,1352,515,5,51,10,102,511,119,107 1,1,1,1,1,1,1,1,1,1,1,1,1,1,1,1
24,1054,1344,3719,1329,145,14,8313,9893,3128,119,1409 1,1,1,1,1,1,1,1,1,1,1,1
16,2633,37,151,24,18830,1991,10,944,1776,17,102,123,12,15,18831,10,1026,329,17,7283,32,57,32,9894,7,517,5,16,21,39,35,9894,7,517,136,1082,97,101,12,1589 1,1,1,1,1,1,1,1,1,1,1,1,1,1,1,1,1,1,1,1,1,1,1,1,1,1,1,1,1,1,1,1,1,1,1,1,1,1,1,1,1
24,89,322,14,686,17,4825,3255,18832,119,2457,2,51,2457,793,15,107,2,4419,4715,51,2457,793,15,107,2,2452,2,2525,2,5431,5,6,910,32,2632,256 1,1,1,1,1,1,1,1,1,1,1,1,1,1,1,1,1,1,1,1,1,1,1,1,1,1,1,1,1,1,1,1,1,1,1,1,1
536,4,3573,5457,3351,1452,18833,512,46,9892,6,29,74,163,7,213,14,686,17,6,2615,7,596,2,469,2,1112,2,44,422,2,115,7,685,2,228,12,24,300,26,876,1183,26,121 1,1,1,1,1,1,1,1,1,1,1,1,1,1,1,1,1,1,1,1,1,1,1,1,1,1,1,1,1,1,1,1,1,1,1,1,1,1,1,1,1,1,1,1
16,113,126,10,50,3973,5248,304,850,1685,71,1511,10,1579,9895,7,24,1184,5,847,250 1,1,1,1,1,1,1,1,1,1,1,1,1,1,1,1,1,1,1,1,1
68,14,11,1919,26,182,1309,3531 1,1,1,1,1,1,1,1
19,93,73,2,16,479,57,2,14,12,11,372,326 1,1,1,1,1,1,1,1,1,1,1,1,1
1623,2,725,2,570,2,32,2,2587,3404 1,1,1,1,1,1,1,1,1,1
2839,74,53,90,13,43,688,1355,193 1,1,1,1,1,1,1,1,1
24,850,2907,14,686,17,149,733,193,13,15,90,850,377 1,1,1,1,1,1,1,1,1,1,1,1,1,1
11,182,2384,12,6,815,26,2306,2133,18834 1,1,1,1,1,1,1,1,1,1
44,73,821,63,264,4061,3207,5,12465,7,24,3719,5900 1,1,1,1,1,1,1,1,1,1,1,1,1
16,21,63,847,3719,1945 1,1,1,1,1,1
68,53,11,900,584,7,3323,5,662,1129,14,634 1,1,1,1,1,1,1,1,1,1,1,1
11,182,920,5,16,21,15,135,145,5,212,13,63,970,2,246,2,15,2432,2131,253,5,68,53,11,387,2,711,26,1093 1,1,1,1,1,1,1,1,1,1,1,1,1,1,1,1,1,1,1,1,1,1,1,1,1,1,1,1,1,1
187,14,599,86,1003,2,900,277,26,342 1,1,1,1,1,1,1,1,1,1
24,217,53,86,720,2,673,26,79 1,1,1,1,1,1,1,1,1
24,121,14,7284,643 1,1,1,1,1
870,5901,1474,2,296,1987,119,1409,2,111,18835,5,24,372,145,14,105,13,15,674,662,2736,1161,1304,7,980,4316 1,1,1,1,1,1,1,1,1,5,5,1,1,1,1,1,1,1,1,1,1,1,1,1,1,1,1
784,320,14,37,6,29,74,406,18836,1233,576,10,5265,14,185,19,24,231,89,322 1,1,1,1,1,1,1,1,1,1,1,1,1,1,1,1,1,1,1,1
47,631,428,1428,170,10,126,10,2900,18837,5,529,3507 1,1,1,1,1,1,1,1,1,1,1,1,1
92,2738,37,6,231,3899,114,17,15,9894,7,517,14,1239,5,47,85,50,2872,170,784,1026,1908,12,6,1588,37,16,319,31,5045,329,12,6,9896,7,15,2896 1,1,1,1,1,1,1,1,1,1,1,1,1,1,1,1,1,1,1,1,1,1,1,1,1,1,1,1,1,1,1,1,1,1,1,1,1,1
47,50,4147,192,7,24,231,5033 1,1,1,1,1,1,1,1
10,954,5,3661,170,65,1339,472,1579,18838,7,517,814,6,8315,198,2,92,50,85,4126,4716,51,2457,183,511,15,107,32,57,32,18839,850,1512,10,55,1109,51,2457,12,1158,7085,631,15,107 1,1,1,1,1,1,1,1,1,1,1,1,1,1,1,1,1,1,1,1,1,1,1,1,1,1,1,1,1,1,1,1,1,1,1,1,1,1,1,1,1,1,1,1,1
92,4827,173,18840,5,16,1547,37,16,21,288,431,6,1551,1291,5,16,21,937,431,6,796,1291 1,1,1,1,1,1,1,1,1,1,1,1,1,1,1,1,1,1,1,1,1,1,1
1152,329,17,2092,260,10,2011,12,287,5457,74,203 1,1,1,1,1,1,1,1,1,1,1,1
16,40,207,100,13,1089,19,15,1072,1988,12,259,376,74,95,48,40,1026,1089,3027,454,16,2801,268,115,7,15,2896,7,24,670 1,1,1,1,1,1,1,1,1,1,1,1,1,1,1,1,1,1,1,1,1,1,1,1,1,1,1,1,1,1,1
536,4,3573,5457,7285,1452,1865,2,2421,512,46,9892,13,1810,1646,2,4420,7286,2,96 1,1,1,1,1,1,1,1,1,1,1,1,1,1,1,1,1,1,1,1
18841,232,31,177,42,240,312,232 1,1,1,1,1,1,1,1
