67,54,4,22173,22174,3,22175,3,5197,221,5,172,13,385,3,64,11195 1,1,1,1,1,1,1,1,1,1,1,1,1,1,1,1,1
50,46,81,24,55,5,192,5,104,3,5,50,740 1,1,1,1,1,1,1,1,1,1,1,1,1
50,46,221,5,172,6,28,2503 1,1,1,1,1,1,1,1
30,7,61,328,4,6,28,14,15,5471,767,13,80,39,30,7,541,3,35,60,35,363 1,1,1,1,1,1,1,1,1,1,1,1,1,1,1,1,1,1,1,1,1,1
16,21,38,15,14200,756,12,6,80,35,60,35,619,1634,3,4520,3,5,365,393,3,132,61,10,6,318,702,12,6,481,7,46,68,3751,66,23,9427,7,558,87,507,10,23,2039,541,157,5,728,244,5849,225,6,99,113 1,1,1,1,1,1,1,1,1,1,1,1,3,3,1,1,1,1,15,15,1,1,1,1,1,1,1,1,1,1,1,1,1,1,1,1,1,1,1,1,1,1,1,1,1,1,1,1,1,1,1,1,1,1
16,20,514,12,15,22176,8281,3,5,748,1766,953,258,37,16,1081,575,13,23,728,147,35,60,35,6,1488,37,16,20,363,97,88,3887,26,4366 1,1,1,1,1,1,1,1,1,1,1,1,1,1,1,1,1,1,1,1,1,1,1,1,1,1,1,1,1,1,1,1,1,1,1
16,14,98,258,37,16,21,31,943,88,1199,12,6,99,113,3,1123,541 1,1,1,1,1,1,1,1,1,1,1,1,1,1,1,1,1,1
81,7,182,4,16,14,90,88,48,34,3,226,7,184,3,88,300,3,375,3,446,3,88,555,26,2766,889,26,88,667,26,1297 1,1,1,1,1,1,1,1,1,1,1,1,1,1,1,1,1,1,1,1,1,1,1,1,1,1,1,1,1,1,1,1
80,39,30,4,35,270 1,1,1,1,1,1
80,591,30,4,35,270 1,1,1,1,1,1
39,4,16,14,19,874,39 1,1,1,1,1,1,1
127,4,11,374,127 1,1,1,1,1
127,4,137,1602,541,157 1,1,1,1,1,1
206,30,4,109,238,1711,3,51,109,31,157,1113,357 1,1,1,18,18,18,1,1,1,1,1,1,1
16,14,15,919,22177,355,3,5,16,20,356,245,13,23,9427,3,51,21,132,68,245,1272,17,6,99,113 1,1,1,1,1,1,1,1,1,1,1,1,1,1,1,1,1,1,1,1,1,1,1,1,1,1
102,101,4,186,16,61,3,16,38,15,130,156,7,1188,3,386,156,7,680,3,148,7,22178,3,5,1045,1035,42,19,702,737 1,1,1,1,1,1,1,1,1,1,1,1,1,1,1,1,1,1,1,1,6,6,6,1,1,1,1,1,1,1,1
16,20,1130,27,22179,16,20,410,3,3064,3,999,3,954,2224,942,3,51,1758,15,232,30,7,205,5,116 1,1,1,1,1,1,1,1,1,1,1,1,1,1,1,1,1,1,1,1,1,1,1,1,1,1
227,77,4,16,14,4130,13,683,1561,1313 1,1,1,1,1,1,1,1,1,1
130,20,145,239,3,11,213 1,1,1,1,1,1,1
155,143,91,10,463,100 1,1,1,1,1,1
214,20,152,5,673,717,246 1,1,1,1,1,1,1
16,38,11,202,7,1297,5,34,10,1046,12,23,114 1,1,1,1,1,1,1,1,1,1,1,1,1
192,5,104,4,40,14,15,28,13,170,541,1229,3,132,61,12,6,481,7,62,541,6252,13,11,337 1,1,1,1,1,1,1,1,1,1,1,1,1,1,1,1,1,1,1,1,1,1,1,1,1
1199,1278 1,1
119,242,1347,457,264,639,17,62,185,696,785,7,929,35,60,35,2406,27,3765,3,467,66,2589,356 1,1,1,1,1,1,1,1,1,1,1,1,1,1,1,1,1,1,1,1,1,1,1,1
395,122,6,385,55,17,296,402 1,1,1,1,1,1,1,1
23,541,444,20,22180,318,499,438,4,119,242,343,6,28,13,247,633,35,60,35,4712 1,1,1,1,1,1,1,1,1,1,1,1,1,1,1,1,1,1,1,1,1
119,242,745,201,15,337 1,1,1,1,1,1
353,425,12,6,318,499,5,119,450,201,17,3818,205 1,1,1,1,1,1,1,1,1,1,1,1,1
12,475,3,119,732,206,285,17,575,13,23,541,22181,3,5,16,41,52,162,10,6,11196,17,268,355,7,23,2406,35,60,35,23,541,1229 1,1,1,1,1,1,1,1,1,1,1,1,1,1,1,1,1,1,1,1,1,1,1,1,1,1,1,1,1,1,1,1,1,1
119,98,343,201,13,906 1,1,1,1,1,1
801,4,176,541,8281,178,541,1048,195,363 1,1,1,1,1,1,1,1,1,1
253,2406 1,1
497,9349,3,5197,229,487,4,14201,292,4,14201,533,43,4,9349,3,5197,746,22182,7448,250,31,81,43,262,331,250 1,1,1,1,1,1,1,1,1,1,1,1,1,1,1,1,1,1,1,1,1,1,1,1,1,1,1
