67,54,4,22183,22184,4319,47,22185,282,4,14202,719,3925,61,13,4582,1329,1373,110,52,9428,43,3077 1,1,1,1,1,1,1,1,1,1,1,1,1,1,1,1,1,1,1,1,1,1,1
22186,413 1,1
22187,3,132,2594 1,1,1,1
6,28,90,88,424,30,7,323,3,9429,3,22188,889,3,314,7,678,1412,3,841,22189,3,1670,3,3803 1,1,1,1,1,1,1,1,1,1,1,1,1,1,1,1,1,1,1,1,1,1,1,1,1
674,4,90,233,4,790,254,4,90,77,4,814,4,3251,428,12,480,227,4,1806,3,1536,3,1042,91,136,4,332,3,66,352,4,410,3,922 1,1,1,1,1,1,1,1,1,1,1,1,1,1,1,1,1,1,1,1,1,1,1,1,1,1,1,1,1,1,1,1,1,1,1
642,10,1150,3,469,3,85 1,1,1,1,1,1,1
3874,22190,3,13,1375,9430,1002,314,3,4057,664 1,1,1,1,1,1,1,1,1,1,1
942,2232,3,2270 1,1,1,1
2387,3,414,3,4057,44 1,1,1,1,1,1
1411,1093,4,7865,3,7434,3,665,3,367,131,53,409,2472,3,14203,670,4,44,2526,5,1256,3,11,2674,3,4132,3,2006,1170,473,114,10,1965,3,296,628 1,1,1,1,1,1,1,1,1,1,1,1,1,1,1,1,1,1,1,1,1,1,1,1,1,1,1,1,1,1,1,1,1,1,1,1,1
11,2350 1,1
1170,194,114,10,1965,3,296,628,1056,4,3484,1756,384,595,2993,6295,3861,14204,304,187,58,58,58,36,467,59,58,58,58,36,467,1009,4,100,473,3,194,114,204,10,691,1008 1,1,1,1,1,1,1,1,1,1,1,1,1,1,1,1,1,1,1,1,1,1,1,1,1,1,1,1,1,1,1,1,1,1,1,1,1,1,1,1,1,1
149,4,349,4655,3,333,14205,3,4596,9431,3,2621,22191,3,1836,22192,3,1697,639,17,870,11082,3,14206,193,241,9,9007,8,4,11197,53,9086,13,4219,4905,339,4,14202,522,13,14207,4582,1329,1373 1,1,1,1,1,1,1,1,1,1,1,1,1,1,1,1,1,1,1,1,1,1,1,1,1,1,1,1,1,1,1,1,1,1,1,1,1,1,1,1,1,1,1,1,1
77,543,13,22193,116 1,1,1,1,1
36,8,86,10,450,273,77,33,241,570,1442,134,944,161,26,273,77,84,58,8,104,17,390,241,570,12,272 1,1,1,1,1,1,1,1,1,1,1,1,1,1,1,1,1,1,1,1,1,1,1,1,1,1,1
117,8,2166,2660,6296,123,36,228,247,3,286,672,25,305 1,1,1,1,1,1,1,1,1,1,1,1,1,1
86,17,180,65 1,1,1,1
210,8,748,261,3,6,28,546,96,115,13,5485,2988,5467,43,454,22194,17,62,987,12,175,129,13,15,390,413,3374,108,8,6,124,4706,22195,41,96,405,40,168 1,1,1,1,1,1,1,1,1,1,1,1,1,1,1,1,1,1,1,1,1,1,1,1,1,1,1,1,1,1,1,1,1,1,1,1,1,1,1
1401,235,13,64,2140,5198 1,1,1,1,1,1
941,360,17,40,278 1,1,1,1,1
11194,2737,2276,11198,3,229,3,2055,7449,4142,22196 1,1,1,1,1,1,1,1,1,1,1
