67,54,4,22233,281,297,281,168,55,28,4,4319,3,4197,542,4,5782,2846,125,162,54,4,22234,85,4,9232,262,4,609,22235,7451,5,64,3989,11207,451,4,64,4719,22236,11208,3,22237,732,4,22238,4319,3,9,5044,8,22239,26,9,11209,8,22240,723,22241,4319,14245,3,723,726,161,4,296,726,9,235,13,28,5,150,8,1085,4,28,3,28,67,426,4,142,5,307,282,4,629,22242,14,15,5868,522,13,15,30,7,458,9,559,171,42,3,11,163,718,8,3,151,317,58,3,142,3,3387,771,3,5,9437,187,3721,4721,61,66,8286,757,163,13,307,5,142 1,1,1,1,1,1,1,1,1,1,1,1,1,1,1,1,1,1,1,1,1,1,1,1,1,1,1,1,1,1,1,1,1,1,1,1,1,1,1,1,1,1,1,1,1,1,1,1,1,1,1,1,1,1,1,1,1,1,1,1,1,1,1,1,1,1,1,1,1,1,1,1,1,1,1,1,1,1,1,1,1,1,1,7,1,1,1,1,1,1,1,1,1,1,1,1,1,1,1,1,1,1,1,1,1,1,1,1,1,4,4,4,1,7,1,1,1,1,1,1,1,1,1,1,1,1,1,1,1,1,1,7
18,20,261,66,7449,10,977,19,9437,139,4721,7,15,70,4702,822 1,1,1,1,1,1,1,1,1,1,1,1,1,1,1,1
18,190,37,18,21,68,191,1097,27,977 1,1,1,1,1,1,1,1,1,1
19,6,744,169,10,168,3,313,3,18,38,128,958,37,538,139,370,1405,66,24,757 1,1,1,1,1,1,1,1,1,1,1,1,1,1,1,1,1,1,1,1,1
18,286,20,449,10,667,4297,51,22243,27,12696,13,990,5,307 1,1,1,1,1,1,1,1,1,1,1,1,1,1,1
18,90,48,34 1,1,1,1
18,20,262,10,5,24,148,20,22244 1,1,1,1,1,1,29,29,29
18,20,138,58,1104,1798,3,718,3,5,289,3,139,75,24,307,954,265,51,24,142,86 1,1,1,1,37,37,1,1,1,1,1,1,1,1,1,1,1,1,1,1,7,1
18,98,640,7,15,209,263,37,14,1166,7,22245,1181 1,1,1,1,1,1,1,1,1,1,1,1,1
18,90,2087,39,3,84,12,353,3,1190,2179,10,911,9,600,18,14,27,977,5,24,353,890,14,885,8 1,1,1,1,1,1,1,1,1,1,1,1,1,1,1,1,1,1,1,1,1,1,1,1,1,1
27,40,85,3,18,90,529,3,307 1,1,1,1,1,1,1,1,1
230,438,4,316,748,953,10,6,230,143,292,9438,523,4242,148,22246,716,1907,3572,880,1437,42,658 1,1,1,1,1,1,1,1,1,1,1,1,1,1,6,29,1,1,1,1,1,1,1
77,20,639,17,1267,3,1065,27,6,1362,3,157,7,2264,762,3,5,634,93 1,1,1,1,1,1,1,1,1,1,1,1,1,1,1,1,1,1,1
149,143,639,17,185,349,5,2130,3,22247,1836,3,5,202,7,350,93,19,506 1,1,1,1,1,1,1,1,1,1,1,1,1,1,1,1,1,1,1
18,370,289,549,247,1634,3,22248,3,4584,3,252,1026,3,348,501,3,736,171,3,2031,215,3,218,171,3,2566,125,3,512,1072,3,5,613,6559,18,3658,10804,426,336 1,1,1,1,1,1,1,37,1,37,1,11,1,1,38,1,1,12,1,1,27,1,1,13,1,1,1,1,1,1,1,1,1,9,1,1,1,1,1,1
748,982,66,6,230,3,148,20,22249,5,718,880,20,231,42,19,1467 1,1,1,1,1,1,6,6,6,1,1,1,1,1,1,1,1
3375,143,401 1,1,1
579,207,4,269,17,990,5,590 1,1,1,1,1,1,1,1
11,140,314,26,1001,29,11,249,3,459,3,611,227,4,11,678,84,3,11,841,84,29,11,136,34,350,4,11,407,3,11,1753,103,4,269,17,739 1,1,1,1,1,1,1,1,1,1,1,1,1,1,1,1,1,1,1,1,1,1,1,1,1,1,1,1,1,1,1,1,1,1,1,1,1
157,58,2347 1,1,1
11,48,34,3,11,418 1,1,1,1,1,1
11,760 1,1
1583,4,269,17,648 1,1,1,1,1
11,300,3,375,3,446,29,11,2432,29,11,362,34,3,11,3929,3441,4,269,17,3168,798,5201,9,209,8,51,11,796,3,1837,3,11,1157,29,11,1235,114,4,194,114,93,273,4,11,1636,3,11,5475,3,11,84,12,9439,29,11,837,26,1507,29,11,697,308,39,30,176,71,324,317,58,4,99,398,20,22250,9,14246,8,3,99,336,6064,22251,9,14246,8,33,2234,153,371,3,256,71,322,283,178,106,195,287,253,937,6766,56,1165,9,9440,8,111,559,171,42,3,1038,766,1029,56,1813,1021,9,9440,8,4,2799,22252,1472,5,11,1911,325,26,177,84,346,153,22253,4,2237,3387,471,2466,21,828,1151,22254 1,1,1,1,1,1,1,1,1,1,1,1,1,1,1,1,1,1,1,1,1,1,1,1,1,1,1,1,1,1,1,1,1,1,1,1,1,1,1,1,1,1,1,1,1,1,1,1,1,1,1,1,1,1,1,1,1,1,1,1,1,1,1,1,1,1,4,4,4,4,1,16,16,16,16,16,16,16,16,1,1,1,1,1,1,1,1,1,1,1,1,1,1,1,1,1,7,1,15,1,1,1,1,1,1,1,1,1,1,1,1,1,1,1,1,1,1,1,1,1,1,1,1,1,1,1,1,1,1,1,1,1,1,1,1,1,1,1,1,1,1,1,1,1
1849,479,223,1755,1178,12,475,10,22255 1,1,1,1,1,1,1,1,1
20,862,19,22256,56,862,111,3094,22257,10571,56,472,819,2416,10,1774,460,4582,1329,1373,110,6532,12,9432 1,1,1,1,1,1,1,1,1,1,1,1,1,1,1,1,1,1,1,1,1,1,1,1
652,256,59,567,373,4,22258,56,2745,10942,14233,2809,4937,1530,110,4026,3,2248,2895,3,1841,2187,56,14234,3,1809,33,3,14235,3,24,14236,833,53,216,11204,995,53,473,1443,155,635,1079,6747,4014,187,3721,591,136,3494,110,1940,667,19,22259,1477,363,1708,958,2001,1820,2218,4848,39,19,168,4,176,2158,6821,1675,9,1126,47,117,8,36,298,25,1750,167,178,1184,9441,9,4589,7,8110,8,180,1633,25,32,167,648,195,5040,108,22,25,32,167,648,253,906,9,1253,8,36,298,25,32,346,2131,456,9,950,8,669,22,25,32,167,648,460,947,478,9,252,8,547,22,25,32,652,11205,9,5200,8,36,22,25,32,833,274,215,22,25,32,995,512,1072,3605,22,9,501,22,3069,399,8,58,298,25,305,1079,2655,782,171,22,25,32,1477,2125,9,4052,8,25,2634,1708,913,9,780,8,279,22,25,32,2001,218,171,22,25,32,2218,2031,215,22,25,69,2434,348,501,22,25,175,298,605,3,36,14247,3,58,298,12,744 1,1,1,1,1,1,1,1,1,1,1,1,1,1,1,1,1,1,1,1,1,1,1,1,1,1,1,1,1,1,1,1,1,1,1,1,1,1,1,1,1,1,1,1,1,1,1,1,1,1,1,1,1,1,1,1,1,1,1,1,1,1,1,1,1,1,1,1,1,1,1,1,1,1,1,1,1,1,1,1,1,1,1,1,1,1,1,1,1,1,1,1,1,1,1,1,1,1,1,1,1,1,1,1,1,1,1,1,1,1,1,1,1,1,1,1,1,1,1,1,1,1,1,1,1,1,1,1,11,1,1,1,1,1,1,1,1,1,1,1,1,1,1,1,9,1,1,1,1,1,1,1,1,1,1,1,1,1,1,1,1,1,1,1,1,1,1,1,1,1,1,1,1,1,1,1,1,1,1,28,1,28,1,1,1,1,1,1,13,1,1,1,1,1,27,1,1,1,1,1,38,1,1,1,1,1,1,1,1,1,1,1,1,1,1
2520,736,171,22,25,276,3201,1286,9,2424,8,108,22,25,69,397,1429,5,397,2204,3643,2158,5139,22,25,1869,167,4473,1986,36,22,25,2384,127,4,790,150,30,573,4,458,661,4,623,5,895,373,2603,4,200,206,30,6,28,245,12,11208,1272,51,21,68,12,977,17,24,4702,822 1,12,1,1,1,1,1,66,1,66,1,1,1,1,1,1,1,1,1,1,1,1,1,1,1,1,1,1,1,1,1,1,1,1,1,1,1,1,1,1,1,1,1,1,1,1,1,1,1,1,1,1,1,1,1,1,1,1,1,1,1,1,1,1,1,1,1
18,104,10,369,163 1,1,1,1,1
108,723 1,1
919,5095,14248,699,4,334,9437 1,1,1,5,5,5,5
6822,159,8287,541,4,200,1113,357,4,6,28,90,80,5,61,157,7,1113,357 5,5,5,1,1,1,1,1,1,1,1,1,1,1,1,1,1,1,1
102,77,316,4,22260,4,5459,523,4,1364,148,4,22261,716,4,680,3298,4,2060,42,3180,1929,814,78,47,966,29,59,480,3,7447,197,3,3830,123,117,227,3464 1,1,1,1,1,1,1,1,1,1,6,6,6,1,1,1,1,1,1,1,1,1,1,1,1,1,1,1,1,1,1,1,1,1,1,1,1,1
22262 1
665 1
136,332,3,11,879,26,309 1,1,1,1,1,1,1
216,57,217,100,97,222 1,1,1,1,1,1
576,7825,130,455 1,1,1,1
44,304,3,310 1,1,1,1
11,1099,155,1116,5,876,27,649,1345 1,1,1,1,1,1,1,1,1
11,407 1,1
188,44,1080,22263 1,1,1,1
11,4837,246 1,1,1
11,690,246 1,1,1
362,4,152,3,979,3,2045 1,1,1,1,1,1,1
308,588 1,1
531,3065,443 1,1,1
217,2215,93,10,1423 1,1,1,1,1
352,4,410 1,1,1
642,10,1150,3,469,3,85 1,1,1,1,1,1,1
925,1544,928,204 1,1,1,1
511,928,204,10,691,1008,5,2719 1,1,1,1,1,1,1,1
1290,9442,14249,430,456,1952,430,663,2249,430,835,853,59,430,1072,1658,5502,83,512,2714,1555,1880,1184,2282,83,430,1800,2061,125,430,347,1774,430,345,14250,83,5603,22264,83,22265,12,22266,103,898,9442,22267,5,8252,272,1258,1259,1956,72,1634,27,9443,5,8131,2418,72,1634,27,9443,5,8131,1185,9442,14249,349,22268,83,333,22269,560,4029,734,11210,536,14251,83,653,1183,786,5178,823,6823,795,5388,1737,79,4807,1737,1074,1492,1737,2206,6486,1257,1125,1277,1542,382,83,577,1214,59,847,210,830,58,864,36,714,1209,22270,83,714,577,14252,714,847,22271,83,714,830,11211,83,714,864,6094,1661,200,1577,433,83,2360,200,2096,200,1425,9442,22272,2585,1706,5503,91,3586,2854,6205,1838,2811,1886,1018,72,3466,72,3584,565,3585,72,6698,72,4023,72,3587,63,217,4435,4890,4436,1323,4437,72,3951,2567,3014,2147,763,72,3588,1508,2330,4,200,1340,176,506,4,155,4,6,155,57,13474,7452 1,1,1,1,1,1,1,1,1,1,1,1,1,1,1,1,1,1,1,1,1,1,1,1,1,1,1,1,1,1,1,1,1,1,1,1,1,1,1,1,1,1,1,1,1,1,1,1,1,1,1,1,1,1,1,1,1,1,1,1,1,1,1,1,1,1,1,1,1,1,1,1,1,1,1,1,1,1,1,1,1,1,1,1,1,1,1,1,1,1,1,1,1,1,1,1,1,1,1,1,1,1,1,1,1,1,1,1,1,1,1,1,1,1,1,1,1,1,1,1,1,1,1,1,1,1,1,1,1,1,1,1,1,1,1,1,1,1,1,1,1,1,1,1,1,1,1,1,1,1,1,1,1,1,1,1,1,1,1,1,1,1,1,1,1,1,1,1,1,1,1,1,1,1,1,1,1,1,1,1,1,1,1,1,1,1,1,1,1,1,1,1,1,1,1
74,14,118,1525,7,6,11212,5,11213,22273,186,1129,10,6,169,264,543,13,694,387,7,458 1,1,1,1,1,1,1,1,1,1,1,1,1,1,1,1,1,1,1,1,1,1
591,5701,57,465,55,7066,225,6,53,194,7453 1,1,1,1,1,1,1,1,1,1,1
11,2173,741,2622,14,722 1,1,1,1,1,1
6147,4,74,14,11,3034 1,1,1,1,1,1
6,9444,57,244,416,602,5334,306,19,6,2371,264 1,1,1,1,1,1,1,1,1,1,1,1
40,550,52,422,10,6,788,7,5469,84,7,458,3,51,550,98,52,422,10,15,381,1432,7,997,633 1,1,1,1,1,1,1,1,1,1,1,1,1,1,1,1,1,1,1,1,1,1,1,1,1
339,4,461,543,13,458 1,1,1,1,1,1
178,100,3375,4,11,202,7,562,26,1100,1672,715,2025,7,1275,248 1,1,1,1,1,1,1,1,1,1,1,1,1,1,1,1
177,4,44,338,239,27,8166,44,1090 1,1,1,1,1,1,1,1,1
44,2328,3,2311,3,4422,694 1,1,1,1,1,1,1
11,563,185,26,363 1,1,1,1,1
367,662,804,12,2729,3,2712,3,2611,51,98,208,52,14253,397,6,8101 1,1,1,1,1,1,1,1,1,1,1,1,1,1,1,1,1
313,301,159,22274,192,78,1071,29,104,1243,4319,14,15,22275,13,15,30,7,458,9,559,171,42,3,11,163,718,8,3,151,317,58,3,142,3,14254,771,3,5,22276,187,3721,4721,61,66,8286,757,163,13,307,5,142 1,1,1,1,1,1,1,1,1,1,1,1,1,1,1,1,1,1,1,1,1,1,1,1,1,1,1,1,1,4,4,4,1,7,1,1,1,1,1,1,1,1,1,1,1,1,1,1,1,1,1,7
24,77,5,689,14,543,13,350,93,3,35,18,21,38,12,6,80 1,1,1,1,1,1,1,1,1,1,1,1,1,1,1,1,1
6,2977,7,24,2546,350,93,14,602,91,3,313 1,1,1,1,1,1,1,1,1,1,1,1
18,768,2742,115,199,226,7,184,5,20,514,10,52,4348,106 1,1,1,1,1,1,1,1,1,1,1,1,1,1,7
92,14,284,37,142,1086,15,84,12,24,353,26,633,1278,27,977,3,325,3,118,22277,3,26,174,646,3897,10,2546,350,93 1,1,1,1,7,1,1,1,1,1,1,1,1,1,1,1,1,1,1,1,1,1,1,1,1,1,1,1,1,1
2663,3,313,3,458,208,46,2977,24,142 1,1,1,1,1,1,1,1,1,7
176,226,7,22278,4,202,7,1053,1930,43,77,5,689 1,1,1,1,1,1,1,1,1,1,1,1,1
545,98,19,6,1154,51,753,602,166,138,265,7,1844,161,3,72,3375 1,1,1,1,1,1,1,1,1,1,1,1,1,1,1,1,1
56,289,549,247,132,56,2933,13688,56,105,140,56,3862,6510,56,86,718,880,450,29,2479,3,103,450,56,3862,103,898,56,252,462,32,56,41,745,613,279,5277,5,1807,215,5277,17,132,51,208,160,10,7938,6,1534,134,458,602,6568 1,1,1,1,1,1,1,1,1,1,1,1,1,1,1,1,1,1,1,1,1,1,1,1,1,1,1,1,1,11,1,1,1,1,1,9,1,1,1,1,1,1,1,1,1,1,1,1,1,1,1,1,1,1,1
56,959,5,2681,17,284,803,2348,138,699,30,56,482,1165,12,272,56,482,3088,178,3554,4,411,701,429,922 1,1,1,1,1,1,1,1,1,1,1,1,1,1,1,1,1,1,1,1,1,1,1,1,1,1
28,61,13,185,349,13,382,42,1542 1,1,1,1,1,1,1,1,1
2366,1948,21,158,1836,37,14,72,17,411 1,1,1,1,1,1,1,1,1,1
506,109,31,111,202,7,741,2622,3,313,208,52,9445,43,350,93 1,1,1,1,1,1,1,1,1,1,1,1,1,1,1,1
944,161,27,472 1,1,1,1
50,272,1963,17,1353,138,24,146,7,1166,263,313,191,31,190,4769,10,343,27,40,85,35,18,14,7347 1,1,1,1,1,1,1,1,1,1,1,1,1,1,1,1,1,1,1,1,1,1,1,1,1
56,791,10,96,249,6607,5,349,56,3862,6510,56,482,475,7,2185,17,11214,134,249,3,6510,479,56,3862,63,587,5,1181,587,56,3862,872,1257,195,106,4,163,142,389,14,274,686,32,3,780,279,2088,3,218,171,2088,3,2031,215,69,56,126,22279,215,22,5277,5,613,279,5277,5,1550,115,35,160,9138,1236,148,179,56,103,450,253,151,317,58,4,163,389,14,22280 1,1,1,1,1,1,1,1,1,1,1,1,1,1,1,1,1,1,1,1,1,1,1,1,1,1,1,1,1,1,1,1,1,1,1,7,1,1,7,1,1,9,1,1,1,28,1,1,1,13,1,1,1,27,1,1,1,13,13,1,1,1,1,9,1,1,1,1,1,1,1,1,1,1,1,1,1,1,1,4,4,4,1,1,1,1,1
56,982,818,1325,5,126,165,2510,914,69,588,346,22281,19,1836,4,22282,13,169,1836,460,567,399,4,791,5200,9,3956,1972,8,652,2207,4,791,1163,833,363,4,791,2566,995,699,157,4,791,4521,829,22,25,2088,1079,958,4,1405,167,27,163 1,1,1,1,1,1,56,1,1,1,1,1,1,1,1,1,1,1,1,1,1,1,1,1,1,1,1,1,1,1,1,15,1,1,1,1,1,1,1,1,1,5,5,1,1,1,1,1,1,1,1,1,1,1,1,1,1
1477,1927,4,266,1579,3,266,880,1978,3,4988,353,13,11,1190,2179 1,1,1,1,1,1,1,1,1,1,1,1,1,1,1,1
791,1628,22283,512,1708,1155,4,361,4,31,934,971,4,676,3372,189,521,69,326,4,11193,167,2001,726,161,4,296,726,9,235,13,28,8,3042,22284,292,9168,229,3,22285,710,47,22286 1,1,1,1,1,1,1,1,1,1,1,1,1,1,1,1,1,1,1,1,1,1,1,1,1,1,1,1,1,1,1,1,1,1,1,1,1,1,1,1,1,1,1
