69,49,4,19179,507,19180,89,538,581,17,101,4,507,141,99,17,261,1066,957,30,4,6536,4,284,292,528,174,6958,7,1336,2,116,2,1462,265,117,11846 1,1,1,1,1,1,1,1,1,1,1,1,1,1,1,1,1,1,1,1,1,1,1,1,1,1,1,1,1,4,1,10,1,16,1,1,1
234,4,6,64,21,31,39,87,182,134,623,30 1,1,1,1,1,1,1,1,1,1,1,1
151,8252,2,18,586,37,173,259,198,146,2,18,39,63,656,7,149,44,2246,434,27,468,71,20,31,1926,406,4351,20,84,4494,26,1359,42,87,3911 1,1,1,1,1,1,1,1,1,1,1,1,1,1,1,1,1,1,1,1,1,1,1,1,1,1,1,1,1,1,1,1,1,1,1,1
472,864,2313,316,631,2,5,2731,17,15,403,451,697,348,297,19181 1,1,1,1,1,1,1,1,1,1,1,1,1,1,1,1
18,267,37,18,1447,84,1279,55,403,2366,2,348,645,18,14,31,11326,10,4162 1,1,1,1,1,1,1,1,1,1,1,1,1,1,1,1,1,1,1
1487,2,18,88,87,939,366,2,455,2,1288,26,349,34,2,6943,2,8365,422,2,403,2366,348,26,396 1,1,1,1,1,1,1,1,1,1,1,1,1,1,1,1,1,1,1,1,1,1,1,1,1
18,21,31,39,87,864,7,421,317,702,2,655,26,531,79 1,1,1,1,1,1,1,1,1,1,1,1,1,1,1
8261,2,18,88,756,9,882,26,1907,8 1,1,1,1,1,1,1,1,1,1
18,267,37,18,21,15,403,4512,348,4372,2,48,411,6392,12612,2,113,12613,2,5,1054,12614,86,4819 1,1,1,1,1,1,1,1,1,1,1,1,1,1,1,1,1,1,1,1,1,1,1,1
18,658,10,23,440,58,12611,17,63,1894,93,288,5,19,999,2,16,166,280,786,513,1672,5,926,23,17,1066,71,18,39,80 1,1,1,1,1,1,1,1,1,1,1,1,1,1,1,1,1,1,1,1,1,1,1,1,1,1,1,1,1,1,1
32,166,944,2,18,39,63,859,318,999,13,11,115,7,714,2,48,13,1959,7767,13,2070,5,5926,2716,100,10,105,1643,890,2906 1,1,1,1,1,1,1,1,1,1,1,1,1,1,1,1,1,1,1,1,1,1,1,1,1,1,1,1,1,1,1
2145,129,686,17,585,2141,41,13,786,4591,5,63,786,3008,2087,5,4368,313 1,1,1,1,1,1,1,1,1,1,1,1,1,1,1,1,1,1
18,20,237,1086,10,7312,189,5,401,10,19182,17,1677 1,1,1,1,1,1,1,1,1,1,1,1,1
78,89,30,4,1336,136,6535,374,4360,373,288,19,333,338,1899,13,252,940,5,544,4012,19,210,109,620,1016,802,335,9,12615,8,103,1466,5,3264,3406,1619,7313,27,4721,1473,1124 1,1,1,1,4,1,1,15,15,1,1,1,1,1,16,1,1,1,1,1,1,1,12,1,1,1,1,1,1,1,1,1,1,1,1,1,1,1,1,1,1,1
11,2206,26,3566 1,1,1,1
54,5054,238,166,19,225,111,432,134,1894,93,5,12,343,282,293,229,17,71,18,74,39,2449,12616,13,149,8366,238,2,839,12617,238,2,54,75,695,28,157,7993,238 1,1,1,1,1,1,1,1,1,1,1,1,1,1,1,1,1,1,1,1,1,1,1,1,1,1,1,1,1,1,1,1,1,1,1,1,1,1,1,1
18,21,11,1224,7,2455,2,48,113,19183 1,1,1,1,1,1,1,1,1,1
18,21,11,5927,2106,26,150,1564,150,271,7314,100,10,49,19,439,1239,332,1631 1,1,1,1,1,1,1,1,1,1,1,1,1,1,1,1,1,1,1
140,257,4,211,474,210,109,1020,109,142,10,137,5384,767,36,1566,4,868,206,177,208,128,30,4,603,587,27,368,7,1294,7,551,13,878,335,477,587,27,130,7,3562,335,35,1343,11,89,167 1,1,1,11,11,12,1,13,1,1,1,1,1,1,1,1,1,1,1,1,1,1,1,1,1,1,1,1,1,1,1,1,1,1,1,1,1,1,1,1,1,1,1,1,1,1,1
35,2261,110,1408,13,6921,19184,7,19185,179,30,4,924,35,2261,1590,6527,1055,11,430,163,7,213,4,32,256 1,1,1,1,1,1,1,1,1,1,1,1,1,1,1,8,8,8,1,1,1,1,1,1,1,1
11,5358,11,19186,11,19187,11,3918,5761 1,1,1,1,1,1,1,1,1
11,1809,2,2974 1,1,1,1
11,4810 1,1
11,349,756,93,122,4,3127,4,2298,463,2,344,328,11943,4,5188,1669,4,982,2121 1,1,1,1,1,1,34,34,34,24,1,1,1,1,1,1,1,1,1,1
145,4,723,2497,4,2287,727 1,1,1,1,1,1,1
3387,4,1258,12 1,1,1,1
9985,923,9,515,10,109,8,4,51,1750,893,4,11,180,326 1,1,1,1,1,1,1,1,1,1,1,1,1,1,1
2302,4,11,690,2,822 1,1,1,1,1,1
1978,4,725,2,570,2,966,90,1751,4,625,171,13,225,229 1,1,1,1,1,1,1,1,1,1,1,1,1,1,1
487,75,879,28,5309,174,324,19188,19189 1,1,1,1,1,1,1,1,1
817,4884,112,1791,65,158,3406,1619,1670,4,90,10,452,5,1043 1,1,1,1,1,1,1,1,1,1,1,1,1,1,1
1515,4,19190,1457,2,418,246,253,13,3156,2131 1,1,1,1,1,1,1,1,1,1,1
133,3520,2993,27,6,5170 1,1,1,1,1,1
6107,157,5054,1059,5,133,54,5054,1059,1671,4,43,300,302,2,133,5,375,2,13,11,953,26,342,1139 1,1,1,1,1,1,1,1,1,1,1,1,1,1,1,1,1,1,1,1,1,1,1,1,1
1635,4,11,673,2,720,26,79 1,1,1,1,1,1,1,1
171,582,243,13,157,75,695,28,54,1059 1,1,1,1,1,1,1,1,1,1
171,3827 1,1
54,1410,395,157,1410,171,2723,4,15,75,1179,28,985,1094,2,951,3193,992,175 1,1,1,1,1,1,1,1,1,1,1,1,1,1,1,1,1,1,1
1355,171,5,863,98,183,217 1,1,1,1,1,1,1
853,569,2713 1,1,1
1602,4,12618,54,5,19191,157,147,4,1565,982,2,19192,2,19193,4654,13,8367,2070,9811,1786,134,258,4,1825,49,649,524,824,689,379,804,770,335,6537,3016,2123,2658,934,1163,1659,5327,8368,4334,91,785,49,867,1330,6537,1390,1506,902,5,1843,785,49,1465,1438,8368,564,1143,5371,49,1462,2566,940,544,6537,4015,8368,7057,1212,1645,1532,49,266,298,443,6537,12619,4005,12620,1728,49,2456,3251,2194,2676,2747,2136,1679,2677,3034,2195,6537,688,19194,66,66,8143,66,2080,66,43,66,8179,49,1098,8368,19195,150,49,458,19196,19197,6537,3846,102,3555,150,467,4,1066,80,4,2268,1811,19198,174,1959,2070,19199,786,10,4368,2087,13,12621,12,6,4368,1636 1,1,1,1,1,5,5,1,1,1,1,1,1,1,1,1,1,1,1,1,1,1,1,1,1,1,1,1,1,1,1,1,1,1,1,1,1,1,1,1,1,1,1,1,1,1,1,1,1,1,1,1,1,1,1,1,1,1,1,1,1,1,1,1,16,1,1,1,1,1,1,1,1,1,1,1,1,1,1,1,1,1,1,1,1,1,1,1,1,1,1,1,1,1,1,1,1,1,1,1,1,1,1,1,1,1,1,15,15,15,15,1,1,1,1,1,1,1,1,1,1,1,1,1,1,1,1,1,1,1,1,1,1,1,1,1,1,1,1,1,1,1,1
43,585,2141,41,13,5762,4591,293,2449,4,12616,32,256 1,1,1,1,1,1,1,1,1,1,1,1,1
8366,12622,19200,174,2650,4,4814,2644,28,12623,3850,19201,12617,12622,19202,2650,4,4814,12624,12623,19203,157,9121,7315,54,9121,9812,54,5054,75,695,28,196,41,717,238 1,1,1,1,1,1,1,1,1,1,1,1,1,1,1,1,1,1,1,1,1,1,1,1,1,1,1,1,1,1,1,1,1,1,1,1
242,5,114,4,284,292,528,174,19204,76,13,160,7,7316,3093,13,2348,6840,313,110,174,859,261,1066,13,1972,54,405,9986,432,639,9,618,8,1264,13,164,313 1,1,1,1,1,1,1,1,1,1,1,9,9,9,9,1,1,1,1,1,1,1,1,1,1,1,1,1,1,1,1,1,1,1,1,1,9,9
65,15,2893,3486,2,18,3172,50,23,164,313,5388,13,5928,242,7,23,164,3311,124,23,7887,1066 1,1,1,1,1,1,1,1,1,1,1,1,1,1,1,1,1,1,1,1,1,1,1
47,50,285,6,6922,2,2239,5,2966,7,1394,1677,2,5,18,2425,5,14,4678,10,2029 1,1,1,1,1,1,1,1,1,1,1,1,1,1,1,1,1,1,1,1,1
18,2425,37,3095,6169,40,55,11930,5,176,563,3098,26,555,9,26,89,1522,8 1,1,1,1,1,1,1,1,1,1,1,1,1,1,1,1,1,1,1
18,3172,85,50,1996,576,2643,3911,19205,32,57,32,15,268,19206,242,7,23,54,5054,238,5,9986,740,2,32,38,176,12,1708,2098,12625,7917,454,6,54,5054,238,3481 1,1,1,1,1,1,1,1,1,1,1,1,1,1,1,1,1,1,1,1,1,1,1,1,1,1,1,1,1,1,1,1,1,1,1,1,1,1,1
35,8,178,4,211,1017,82,2,6538,10,544,75,879,28,12626,2,252,262,1318,17,110,1264,13,1918,10,157,349,111,7,19207,17,110 1,1,9,1,11,1,1,1,1,1,1,1,1,1,1,1,1,1,1,1,1,13,13,13,1,1,1,5,5,5,1,1
1222,117,2279,13,1492,17,164,1677,9,3645,19208,1992,8,5,1490,132,1677,124,406,127,5,2532,5641 1,1,1,1,1,1,1,1,1,1,1,1,1,1,1,1,1,1,1,10,1,1,1
40,1022,13,8369 1,1,1,1
19209,1775 1,1
1208,9233,9,3967,676,8,2,19210,2,54,5054,19211,2,19212 1,1,1,1,1,1,1,1,1,1,1,1,1,1
18,113,31,2707,10,50,87,2002,19213,10,9284,9,588,9919,2,5927,1564,2,2162,8,51,8,54,5054,238,13,9986,4,1677,40,55,6,373,19214,2018,10,1514,6,6146,7,38 1,1,1,1,1,1,1,1,1,1,1,1,1,1,1,1,1,1,1,1,1,1,1,1,1,1,1,1,1,1,1,1,1,1,1,1,1,1,1,1,1
18,88,349,756,2,48,454,18,301,6,2352,17,555,2,6,2776,54,5054,40,301,10,55,5388 1,1,1,1,1,1,1,1,1,1,1,1,1,1,1,1,1,1,1,1,1,1,1
102,8,576,2643,32,256,183,8,120,4,40,301,89,1522,19,855 1,1,1,1,1,1,1,1,4,1,1,1,1,1,1,1
207,728,434,12,1477,83,8,5643,4,539,12627,10,6415,450,117,855 1,1,1,1,1,1,1,1,1,1,1,1,1,1,1,1
259,8,275,715,1761,4894,12628,2,195,705,46,19215,681,809,42,1761,4894,12628,2,195,1655,139,4,678 1,1,1,1,1,1,1,1,1,1,1,1,1,1,1,1,1,1,1,1,1,1,1,1
