67,54,4,22406,14293,1569,124,13416,3,14294,361,278,55,22407,28,4,14282,3,5203,189,47,4,14279,2175,4,22408,996,510,262,4,4523,404,17,278,4,2052,282,4,6,28,14,15,1364,87,302,358,13,30,7,212,110,251,7,309,243,12,1655,2380,5350,13,48,34 1,1,1,1,1,1,1,1,1,1,1,1,1,1,1,1,1,1,1,1,1,1,1,1,1,1,1,1,1,1,1,1,1,1,1,1,1,1,1,1,1,1,1,1,1,1,1,1,1,10,1,3,3,3,3,3,3,3,1,1,1,1
27,6,85,7,40,251,3,16,38,486,1449,7,23,22409,5,794,2075,13,2511 1,1,1,1,1,1,1,1,1,1,1,1,1,1,1,1,1,1,1
16,61,13,553,529,12,208,3,5,16,526,15,896,445,37,275,883,309,13,251 1,1,1,1,1,1,1,1,1,1,1,1,1,1,1,1,1,1,1,1
40,168,16,38,15,5286,435,255,7,48,5,1575,34,13,1267,5,106,43,163,450 1,1,1,1,1,1,1,1,1,1,1,1,1,1,1,1,7,1,1,1
6,34,538,13,267,2480,754 1,1,1,1,1,1,36
16,1031,10,22410,4815,424,834,16,20,469,19,676 1,1,1,1,1,1,1,1,1,1,1,1
12,6,481,7,676,2315,13,22411,442,850,3,16,38,175,255,3,504,1053,7,7085,779,432 1,1,1,1,1,1,1,1,1,1,1,1,1,1,1,1,1,1,1,1,1,1
159,688,3,464,19,676,3,16,38,11,268,432,3,3187,5008,269,554,597,89 1,1,1,1,1,1,1,1,1,1,1,1,1,1,1,1,1,1,1
40,495,16,2488,15,742,2626,326,656,75,20,5008,72 1,1,1,1,1,1,1,1,1,1,1,1,1
96,40,3,139,369,10,859,3,16,38,15,381,1432,7,4602,7,63,66,23,3109 1,1,1,1,1,1,1,1,1,1,1,1,1,1,1,1,1,1,1,1
16,38,11,291,34 1,1,1,1,1
11,268,432,159,40,495 1,1,1,1,1,1
16,21,636,38,779,432,356,19,203,5,423 1,1,1,1,1,1,1,1,11,1,26
23,838,12,2641,275,2181 1,1,1,1,1,1
16,14,137,19,203,3,423,3,676,13,1953,1067 1,1,1,1,11,1,26,1,1,1,1,1
674,4,212,106,776,1319,100,8294,33,110,59,3112,3,187,14295,3,2187 1,1,10,7,15,1,1,1,1,1,1,1,1,1,1,1,1
135,153,55,98,21,350,635,3,75,57,1885,2024,8294,3,51,28,258,169,1776,31,543,13,1818,76 1,1,1,1,1,1,1,1,1,1,1,1,1,1,1,1,1,1,1,1,1,1,1,1
254,4,252,462,423,676,2513,784,1384,236,780,2146,1253,233,4,790,1144,4,285,35,62,22412 1,1,11,1,26,1,1,9,1,12,28,27,1,1,1,1,1,1,1,1,1,1
1022,4,11,2646,1022 1,1,1,1,1
545,4,701,4,4859,1188,11226,1035,42,658,207,4,197,60,3,480,136,4,11,2973,227,4,1042,683,3,22413,409,48,4,751,682,103,4,455,3,409,304,3,310,3,11,213,3,502,26,561,214,4,952,3,1465,3,409,588 1,1,1,1,1,1,1,1,1,1,1,1,1,1,1,1,1,1,1,1,1,1,1,1,1,1,1,1,1,1,1,1,1,1,1,1,1,1,1,1,1,1,1,1,1,1,1,1,1,1,1,1,1,1
11,3356 1,1
11,2120,453,779,4,381,1558,2288,3,396,3,63,963,8920,114,4,11,93,3,44,133,196,4,11,2432,3,11,277,149,4,430,456,1840,9,1305,8,22414,430,663,2221,9,1276,8,11227,430,835,2327,9,1310,8,11227,430,1072,1658,8295,9,1450,8,11227,430,1800,2061,2021,83,9,1311,8,9452,430,347,2545,83,9,1601,8,9452,349,4209,9,1312,8,22415,333,8135,59,9,1977,8,42,560,3833,59,9,2119,8,22416,734,22417,59,9,2202,8,22418,536,4654,9,1589,8,22419,653,1600,9,1360,8,1227,786,9221,9,1479,8,22420,823,11228,9,1480,8,654,795,4419,9,1424,8,42,79,4044,83,9,5810,8,1060,1074,955,872,1737,2206,22421,83,9,2834,8,1060,22422,11229,22423,14296,14296,14297,14297,601,108,601,108,333,8135,9,59,8,9338,9,59,8,6054,9,59,8,5495,9,59,8,5321,9,59,8,5495,9,59,8,4273,9,59,8,11,1698,477,12,6,124,22424,2201,2846,3749,5991,8296,2401,838,1225,2641,33,742,1431,2181,12,6,2968 1,1,1,1,1,1,1,1,1,1,1,1,1,1,1,1,1,1,1,1,1,1,1,1,1,1,1,1,1,1,1,1,1,1,1,1,1,1,1,1,1,1,1,1,1,1,1,1,1,1,1,1,1,1,1,1,1,1,1,1,1,1,1,1,1,1,1,1,1,1,1,1,1,1,1,1,1,1,1,1,1,1,1,1,1,1,1,1,1,1,1,1,1,1,1,1,1,1,1,1,1,1,1,1,1,1,1,1,1,1,1,1,1,1,1,1,1,1,1,1,1,1,1,1,1,1,1,1,1,1,1,1,1,1,1,1,1,1,1,1,1,1,1,1,1,1,1,1,1,1,1,1,1,1,1,1,1,1,1,1,1,1,1,1,1,1,1,1,1,1,1,1,1,1,1,1,1,1,1,1,1,1,1,1,1,1,1,1,1,1,1,1,1,1,1,1,1,1,1,1,1,1,1,1,1,1,1,1,1,1,1,1,1,1
11,169,2211,33,38,62,2802,77,27,4815,150,3780,192,5,104,4,1364,87,302,358,13,212,13,48,34,10,52,172,43,103,445,13,7085,2052,96,15,742,326,656,89,12,6,481,7,676,3,203,5,423 1,1,1,1,1,1,1,1,1,1,1,1,1,1,1,1,1,1,1,1,1,10,1,1,1,1,1,1,1,1,1,1,1,1,1,1,1,1,1,1,1,1,1,1,1,1,11,1,26
40,432,20,673,5,9453,3,372,166,7,2288,1219,3,2144,306,5647 1,1,1,1,1,1,1,1,1,1,1,1,1,1,1,1
16,109,46,128,341,7,553,779,432,19,571,63,14298,3,51,6,432,14,166,10,86,10,52,406 1,1,1,1,1,1,1,1,1,1,1,1,1,1,1,1,1,1,1,1,1,1,1,1
74,14,11,4653,10,103,7079,26,86,571,1511,39 1,1,1,1,1,1,1,1,1,1,1,1
74,14,98,11,993,119,550,191,132,10,1237,6,341 1,1,1,1,1,1,1,1,1,1,1,1,1
237,420,1717,10,103,7079 1,1,1,1,1,1
11,2558,12,39,606 1,1,1,1,1
4722,11230,3,107 1,1,1,1
361,1191,33,1167,22425 1,1,1,1,1
