67,54,4,22488,9460,318,1141,112,4723,3,4492,187,6829,112,54,4,22489,61,234,4,6,28,14,15,6592,522,121,21,38,15,861,761,35,60,35,62,899,103,30,121,468,12,640,7,590,5,226,7,184 1,1,1,1,1,1,1,1,1,1,1,1,1,1,1,1,1,1,1,1,1,1,1,1,1,1,1,1,1,1,1,1,1,1,1,1,1,1,1,1,1,1,1,1,1,1,1,1,1
30,7,61,234,4,18,20,221,2518,43,64,2732,7466 1,1,1,1,1,1,1,1,1,1,1,1,1
18,98,640,7,3420,48,34,5,15,263 1,1,1,1,1,1,1,1,1,1
80,39,30,4,57,35,607,12,6,1679,940,43,64,7466 1,1,1,1,1,1,1,1,1,1,1,1,1,1
39,4,57,35,607,12,6,1679,940,43,64,7466 1,1,1,1,1,1,1,1,1,1,1,1
127,4,57,35,607,12,6,1679,940,43,64,7466 1,1,1,1,1,1,1,1,1,1,1,1
206,30,5,150,30,4,57,35,607,12,6,1679,940,43,64,7466 1,1,1,1,1,1,1,1,1,1,1,1,1,1,1,1
102,101,4,24,807,14,14321,24,174,316,205,57,211 1,1,1,1,1,1,1,1,1,1,1,1,1
24,718,880,14,1183,42,19,702,737 1,1,1,1,1,1,1,1,1
24,77,14,35,55,12,6,1679,940 1,1,1,1,1,1,1,1,1
7,55,3,19,24,612,77,4,18,21,15,145,156,5,239,13,15,1710,589,213 1,1,1,1,1,1,1,1,1,1,1,1,1,1,1,1,1,1,1,1
6,155,111,53,194,1443,876 1,1,1,1,1,1,1
457,172,4,57,639,17,15,696,63,763,785,7,1211,5,15,824,7,22490,48,738,111,62,1984,12,6,3570,1076,7,6,53,473,1443 1,1,1,1,1,1,1,1,1,1,1,1,1,1,1,1,1,1,1,1,1,1,1,1,1,1,1,1,1,1,1,1
603,505,4,40,14,15,6592,522,161,315,15,861,761,121,132,21,15,53,473,1443,854 1,1,1,1,1,1,1,1,1,1,1,1,1,1,1,1,1,1,1,1,1
566,9,158,534,748,261,8,4,6,104,14,10,162,6,28,17,247,907 1,1,1,1,1,1,1,1,1,1,1,1,1,1,1,1,1,1
534,19,168,14,2275 1,1,1,1,1
1218,22491,14322,14323,3,107 1,1,1,1,1,1
14324,22492,22493,533,43,4,14322,14323,3,107 1,1,1,1,1,1,1,1,1,1
14324 1
