69,49,4,19317,1215,259,2,2421,1935,5936,2,96 18,1,1,1,1,1,1,1,1,1,1,1
19318,10003,1411,5876,2,1755,7325,536,4,3928,3946,512,46,5937,828,58,5936,4,3928,3946,20,201,12,6,132,308,80 1,1,1,1,1,1,1,1,1,1,1,1,1,1,1,1,1,1,1,1,1,1,1,1,1,1,1
23,858,1972,391,14,406,5234,2,71,21,31,504,573,13,10008 1,1,1,1,1,1,1,1,1,1,1,1,1,1,1
18,21,1911,10,7326,6,1948,17,12664,7327 1,1,1,1,1,1,1,1,1,1
23,435,21,504,13,19319,2,5,18,1632,12,6857,17,1314,80 1,1,1,1,1,1,1,1,1,1,1,1,1,1,1
23,1077,21,504,1039 1,1,1,1,1
18,586,939,713,5,255,7,194 1,1,1,1,1,1,1,1
77,563,3686,35,45,2763,2,235,3177,22,1004,2,19320,758,22,1004,2,501,204,22,1004,2,486,109,190,641,2,889,2865 1,1,1,1,1,1,1,1,1,1,1,1,13,1,1,1,1,7,1,1,1,1,6,1,1,1,1,1,1
19,122,2,121,20,19321,19322,2,71,14,185 1,1,1,1,1,1,1,1,1,1,1
118,145,20,982,2,67,94,10009 1,1,1,1,1,1,1,1
487,20,2159,201,27,259,601,1441,271,6,1494,4278,2,5,68,20,35,2400,336,79 1,1,1,1,1,1,1,1,1,1,1,1,1,1,1,1,1,1,1,1
68,20,11,1093 1,1,1,1
44,122,604,2181,4831,942 1,1,1,1,1,1
23,52,912,14,11,1735,1621,2,48,6,3408,593,836,610,6319 1,1,1,1,1,1,1,1,1,1,1,1,1,1,1
67,500,65,176,10010,227,15,835,7,1439,2,633,3146,2,3694,462,2,379,2693,2,331,3261,2,442,19323,2,9366,3146,2,1370,12665,92,40,126,10,838,664,19,964,532,1155,95,32,19324,3408,593,14,7863 1,1,1,1,1,1,1,1,1,1,1,1,1,1,1,1,1,1,1,1,1,1,1,1,1,1,1,1,1,1,1,1,1,1,1,1,1,1,1,1,1,1,1,1,1,1,1,1
38,40,7328,23,6,1317,12666,7,15,19325,7004,1914 1,1,1,1,1,1,1,1,1,1,1,1
18,14,268,9501,271,97,223,2,5,47,1704,12667,758,22,12,6,465,10,23,2767,322 1,1,1,1,1,1,1,1,1,1,1,1,1,1,1,1,1,1,1,1,1
42,19326,2,18,20,31,321,19,10011,2,5,47,50,321,23,19,10011,19327,1252,327 1,1,1,1,1,1,1,1,1,1,1,1,1,1,1,1,1,1,1,1
641,2,5,3232,35,327 1,1,1,1,1,1
998 1
1357,51,1935,5936,2,96 1,1,1,1,1,1
536,4,3928,3946,512,46,5937,1215,259,2,2421,15,437,1207,20,3355,12,153,223,74,95 1,1,1,1,1,1,1,1,1,1,1,1,1,1,1,1,1,1,1,1,1
1928,1027,2,8038,8382,2,96 1,1,1,1,1,1,1
132,1117,4416,4095,3532,2,96 1,1,1,1,1,1,1
800,4,12668,827,4,19328,818,4,12668,384,4,9866,19329,2,96 1,1,1,1,1,1,1,1,1,1,1,1,1,1,1
162,8383 1,1
