67,54,4,22503,14328,318,1141,112,4324,3,6176,14329,112,54,4,22504,30,7,61,234,4,40,28,14,15,1897,87,302,522,121,477,285,27,163,267,65,183,1005,34,5,474,7,6,53,4497,951 1,1,1,1,1,1,1,1,1,1,1,1,1,1,1,1,1,1,1,1,1,1,1,1,1,1,1,1,1,1,1,1,1,1,1,1,1,1,1,1,1,1,1,1,1,1
6,28,20,98,55,10,640,7,34,3,685,5,15,416,1432,7,3915,7,6,4497,951,7,6,53,666 1,1,1,1,1,1,1,1,1,1,1,1,1,1,1,1,1,1,1,1,1,1,1,1,1
18,90,88,174,234 1,1,1,1,1
74,14,11,249,3,11,459,3,11,300,26,375 1,1,1,1,1,1,1,1,1,1,1,1
80,39,30,4,18,21,15,30,7,165,1048,71,324 1,1,1,1,1,1,1,1,1,8,4,4,4
39,4,165,17,24,71 1,1,8,1,1,4
127,4,11,374,127 1,1,1,1,1
102,101,4,807,7,1035,3,133,7,1183,3,386,156,7,680,3,63,94,14,22505 1,1,1,1,1,1,1,1,1,1,1,1,1,1,1,1,6,6,6,6
101,7,6,4497,951,55,3915,5,685,7,6,3423,2368,7,6,4497,951,7,6,53,666 1,1,1,1,1,1,1,1,1,1,1,1,1,1,1,1,1,1,1,1,1
18,20,55,10,46,296,471,7,759,7,6,4497,951,7,6,53,666 1,1,1,1,1,1,1,1,1,1,1,1,1,1,1,1,1
340,1598,12,230,4,3915,20,2544,66,6,774,3,620,1576,426,7,3915 1,1,1,1,1,1,1,1,1,1,1,1,1,1,1,1,1
6,28,20,138,5829,36,1620,247,22506 1,1,1,1,1,1,1,1,1
566,9,158,534,748,261,8,4,18,20,261,163,19,2781,1592,22,337 1,1,1,1,1,1,1,1,1,1,1,1,1,1,1,1,1
5051 1
123,3774,65 1,1,1
18,20,98,138,15,3534,1902 1,1,1,1,1,1,1
534,19,261,211 1,1,1,1
1218,22507,1830,14330,14331,3,107 1,1,1,1,1,1,1
14332,22508,22509,533,43,4,1830,14330,14331,3,107 1,1,1,1,1,1,1,1,1,1,1
14332,250,31,81,43,262,331,250 1,1,1,1,1,1,1,1
