69,49,4,19424,5063,762,279,17,437,7,127 18,1,1,1,1,1,1,1,1,1,10
6,1436,104,2422,140,32,1283,306,251,67,1927,191,6,78,376,26,248 1,1,1,1,1,1,1,1,1,1,1,1,1,1,1,1,1
16,586,11,1274,2,44,34,2,272,2,402,2,255,7,194 1,1,1,1,1,1,1,1,1,1,1,1,1,1,1
163,7,213,14,355,66 1,1,1,1,1,1
78,89,30,4,6371,4,2824,254,4433,4,7744,3625,4,4525,8393,4,12699,188,713,740,3746,4,7722,1168,3142,805,4,54,349 1,1,1,1,1,1,1,16,1,1,1,1,1,1,1,1,1,1,1,1,1,1,1,1,1,1,1,1,1
103,1111,4107,6183,1981,4,3564,2768,13,344,1840,12707 1,1,1,1,1,1,1,1,1,1,1,1
10,540,12,9581,119,58,6547,181,332,4,1638,1137,335 1,1,1,1,1,1,1,1,1,1,1,1,1
54,8015 1,1
103,10028,2,5380,1138,3457,4,692,887,12,2470,7338,137,1573,77,2941,9,5473,8,60,35,45,9,62,8,25,283,2,60,32,575,172,9,4167,8,9,896,10029,917,925,45,60,35,45,9,62,8,25,33,172,9,4167,8,9,896,10029,917,925,45,60,35,45,9,62,8,25,33,632,1227,9,3929,8,823,1252,25,33,210,9,894,8,491,45,60,35,45,9,62,8,25,33,2,60,32,575,93,73,4,12,11,180,326 1,1,1,1,1,1,1,1,1,1,1,1,1,1,1,1,1,1,1,1,1,1,1,1,1,1,1,1,1,1,1,11,1,1,1,1,1,1,1,1,1,1,1,1,1,1,1,1,1,11,1,1,1,1,1,1,1,1,1,1,1,1,1,1,1,1,1,1,1,1,1,1,1,1,1,1,12,1,1,1,1,1,1,1,1,1,1,1,1,1,1,1,1,1,1,1,1,1,1,1,1
1153,67,94,14,10030 1,5,5,5,5
540,67,94,14,12708 1,5,5,5,5
121,14,19425,202,4,1237,1025,1967,1221,10,688 1,1,1,1,1,1,1,1,1,1,1
1290,14,1130,86,733,26,2597 1,1,1,1,1,1,1
112,4,330,86,920 1,1,1,1,1
226,4,90,10,452,193,86,856,2,1223,26,19426 1,1,1,1,1,1,1,1,1,1,1,1
91,73,4,135,145,5,212,2,43,246,5,253,86,387,2,711,26,766 1,1,1,1,1,1,1,1,1,1,1,1,1,1,1,1,1,1
187,4,133,2,1774,2,375 1,1,1,1,1,1,1
318,300,302 1,1,1
217,4,86,720,2,673,26,79 1,1,1,1,1,1,1,1
525,243,171,782 1,1,1,1
242,5,114,4,5063,762,629,13,127 1,1,1,1,1,1,1,1,10
67,94,21,61,251,19,363,4357 1,1,1,1,1,1,1,1
2788,10,3594,364,13,4523,560 1,1,1,1,1,1,1
1788,1010,27,80,74,101,2,244,22,82 1,25,1,1,1,1,1,1,1,1
47,40,125,170,12,437,12,6,376 1,1,1,1,1,1,1,1,1
40,301,10,155,132,496,5,1768,27,37,95 1,1,1,1,1,1,1,1,1,1,1
