67,54,4,22577,2582,2892,162,55,28,4,4945,8307,509,47,4,14337,162,54,4,22578,262,4,8182,451,4,22579,726,161,4,296,426,4,14351,282,4,22580,832,110,95,5875,124,139,46,15,7752,1843,27,6,6599,19,14352,3,13,5975,123,108,12,6,1412,9,14353,43,11255,3,5,7341,43,1766,8 1,1,1,1,1,1,1,1,1,1,1,1,1,1,1,1,1,1,1,1,1,1,1,1,1,1,1,1,1,1,1,1,1,1,1,1,1,1,1,1,1,1,1,1,1,1,1,1,1,1,1,1,1,1,1,1,1,1,1,1,1,1,1,1,1,1,1,1,1
79,4562,10,924,12,6,1412 1,1,1,1,1,1,1
16,20,2410,27,22581,1422,3,286,688,10,5875 1,1,1,1,1,1,1,1,1,1,1
27,5875,3,28,38,22582,445,3,75,111,7253,76,5,64,9468,73,1180,20,278 1,1,1,1,1,2,2,2,2,2,2,2,1,1,1,1,1,1,1
35,79,20,10529,110,1843,3,16,20,688,10,22583,39,599,19,22584,3,834,16,20,2565,5,23,944,161,265 1,1,1,1,1,1,1,1,1,1,1,1,1,1,1,1,1,1,1,1,1,1,1,1,1,1
27,8188,3,23,1890,143,1550,9,289,125,22,33,442,171,22,8,3,5,3079,3385,12,19,23,22585,4933 1,1,1,1,1,1,1,1,1,1,1,1,1,1,1,1,1,1,1,1,1,1,1,1,1
16,14,688,188,10,5875,89,12,3086,17,619,3,104,22586 1,1,1,1,1,1,1,1,1,1,1,1,1,1
674,4,22587,1843,19,14352,290,10,170,212,170,181,120,76,3,14354,106,287,538,22588,1843,5458,4933,30,7,238,2944,935,363,3863,256,448,3424,752,1332,1874,5058,4,3049,1158,4,8749,3527,4,3893,209,590,771,3721,822,4,59,303 1,1,1,1,1,1,1,1,1,10,1,10,10,10,1,1,7,15,1,1,1,1,1,5,5,5,1,1,1,1,1,1,1,1,1,1,1,1,1,1,1,1,1,1,1,1,1,1,1,1,1,1,1
110,667,3299,256,7071,1271,4,3599,1913,13,365,1616,14342 1,1,1,1,1,1,1,1,1,1,1,1,1
196,373,4,1619,763,399 1,1,1,1,1,1
59,5398 1,1
110,8311,3,5448,39,4,176,2708,231,22,27,1350,178,4707,141,22,27,859,195,2393,9363,189,3971,14355,105,253,289,171,22,105,346,9469,231,36,45,25,4525,552,167,34,460,4707,45,108,22,5486,552,167,958,5,2422,652,613,279,22,14356,552,833,2997,3146,2107,10,6,1068,5,196,5853,69,995,3990,22589,829,22,1096,2009,4525,552,167,226,7,184,1079,959,2009,755,22,4525,552,167,226,7,184,1477,752,1332,3,4126,945,1337,25,105,1708,236,382,22,25,105,2001,1126,5139,22,25,5486,552,167,2218,1184,9441,5,22590,9441,558,1633,4525,552,167,648,2434,2114,58,45,25,69,648,2520,5040,7316,141,22,2328,167,648,3201,950,231,22,25,69,3643,5876,8314,2078,22591,25,105,27,1350,127,4,790,1022,4,661,583,7,2967 1,1,1,1,1,1,1,1,1,1,1,1,1,1,1,1,1,1,1,1,1,1,1,1,1,1,1,1,1,1,1,1,1,1,1,1,1,1,1,1,1,1,1,1,1,1,1,1,1,1,1,1,9,1,1,1,1,1,1,1,1,1,1,1,1,1,1,1,1,1,1,1,1,1,1,1,1,1,1,1,1,1,1,1,1,1,1,1,1,1,1,1,1,1,1,1,1,1,1,1,1,1,12,1,1,1,1,1,1,1,1,1,1,1,1,1,1,1,1,1,1,1,1,1,1,1,1,1,1,1,1,1,1,1,1,1,1,1,1,1,1,1,1,1,1,1,1,1,1,1,1,1,1,1,1,1,1,1,1,1,1,1,1,1,1,1
1144,4,245,1272,1732,4,334,11251,169,485,4,598,1113,4,874,579,4,122,282,3,4417,72,12,402 1,1,1,1,5,5,5,5,5,1,1,1,1,1,1,1,1,1,1,1,1,1,1,1
77,4,701,4,292,7109,364,14126,148,22592,716,581,2573,1914,42,658,814,4,480,3,2524,3,3064 1,1,1,1,1,1,1,1,6,6,1,1,1,1,1,1,1,1,1,1,1,1,1
15,78,3035,9,9470,5875,3,87,3,22593,1109,3,414,3,51,1306,5632,8,227,4,863,3,1124,91,3,1042,91,136,4,332,3,11,309,48,4,232,14357,783 1,1,1,1,1,1,1,1,1,1,1,1,1,1,1,1,1,1,1,1,1,1,1,1,1,1,1,1,1,1,1,1,1,1,1,1,1,1
2320,1065 1,1
11,407 1,1
644,4,455,3,11,3320 1,1,1,1,1,1
409,304,3,310 1,1,1,1
362,4,152,3,8038 1,1,1,1,1
2651 1
11,240 1,1
531,4,3065 1,1,1
11,1379 1,1
352,4,925,1544,5,210,114,628,928,204 1,1,1,1,1,1,1,1,1,1
532,4,1185,402,17,8307,3,4945,8188,14358,14359,902,47,22594,4,22595,154,2097,295,2295,1724 1,1,1,1,1,1,1,1,1,1,1,1,1,1,1,1,1,1,1,1,1
471,189,349,3289,47,9,22596,8,11256,734,11257,59,9,22597,8,8934,733,5396,59,9,22598,8,14360,824,5321,59,9,22599,8,42,653,13158,9,22600,8,1227,786,9471,9,22601,8,8293,823,6210,9,22602,8,654,1281,785,1847,9,22603,8,4840,22604,22605,9,22606,8,42,4326,9037,9,22607,8,42,6302,3838,9,14361,8,42,830,42,2777,83,9,14362,8,42,864,42,1774,9,14363,8,42,22608,47,3337,8188,14358,14359,902,47,22609,4,22610,154,2097,295,2295,1724 1,1,1,1,1,1,1,1,1,1,1,1,1,1,1,1,1,1,1,1,1,1,1,1,1,1,1,1,1,1,1,1,1,1,1,1,1,1,1,1,1,1,1,1,1,1,1,1,1,1,1,1,1,1,1,1,1,1,1,1,1,1,1,1,1,1,1,1,1,1,1,1,1,1,1,1,1,1,1,1,1,1,1,1,1,1,1,1,1,1,1,1,1,1,1,1,1,1,1,1,1,1,1,1
471,189,392,125,9,22611,8,219,347,1857,9,7156,8,219,456,3421,9,10993,8,1556,663,1888,9,1276,8,1556,835,2030,9,22612,8,1556,1072,1658,1651,9,22613,8,1556,154,2097,295,2295,1724 1,1,1,1,1,1,1,1,1,1,1,1,1,1,1,1,1,1,1,1,1,1,1,1,1,1,1,1,1,1,1,1,1,1,1,1,1,1,1,1,1,1,1,1
471,189,2585,1706,9,1706,8,5503,91,9,91,8,3584,72,9,193,8,2736,72,9,193,8,3585,72,9,193,8,3586,2854,22614,9,3479,8,3587,63,72,9,193,8,1838,2482,9,3480,8,3588,72,9,193,8,6835,72,9,193,8,3466,72,9,193,8,1886,1018,72,9,193,8,22615,216,3131,176,100,673,22616,42,260,7,6,281,216,120 1,1,1,1,1,1,1,1,1,1,1,1,1,1,1,1,1,1,1,1,1,1,1,1,1,1,1,1,1,1,1,1,1,1,1,1,1,1,1,1,1,1,1,1,1,1,1,1,1,1,1,1,1,1,1,1,1,1,1,1,1,1,1,1,1,1,1,1,1,1,1,1,1,1,1,1,1,1,1
178,11,173,260,12,6,1558,216,120,100 1,1,1,1,1,1,1,1,1,1
195,6274,1298,12,394,1903,120 1,1,1,1,1,1,1
1340,4,5507,1177,161,1078,4686,1177,766,759,9,44,8,9,492,344,134,3057 1,1,1,1,1,1,1,1,1,1,1,1,1,1,1,1,1,1
8,1027,735,3057,1076,649,794,1503,53,2629,3057,1743,1897,9,9026,8,1136 1,1,1,1,1,1,1,1,1,1,1,1,1,1,1,1,1
9027 1
4255,3057,3830,2021,9,9028,8,574,53,3207 1,1,1,1,1,1,1,1,1,1
3057,6628,1666,9,9029,8,7977 1,1,1,1,1,1,1
4382 1
658 1
6126 1
2876,7204,2059,7978 1,1,1,1
4093 1
4094 1
6127,2876,6128,1214,9,6129,8,7979 1,1,1,1,1,1,1,1
70,3207 1,1
2876,247,996,9,6129,8,811,4866 1,1,1,1,1,1,1,1
247 1
2876,7980 1,1
1549,7981,559,1294,42,9,442,215,42,8,7982 1,1,1,1,1,1,1,1,1,1,1
181,9030,525,6130,2876,766,759,14364,4,10721,14365,14366,14367,11258,22617,229,3,11259 1,1,1,1,1,1,1,1,1,1,1,1,1,1,1,1,1,1
404,212,29,110,619,29,367,1038,5683,29,367,735,4607,29,5743,1677,4,1397,4,22618,4,33,264,3847,4,210,1677,1298,1193,1165,22619,1063,22620,3971,2536,10343,689 1,10,1,1,1,1,1,1,1,1,1,1,1,1,1,1,1,1,1,1,1,1,1,1,1,1,1,1,1,1,1,1,1,1,1,1,1
1027,735,74,14,1926,7,6,789,1027,6131 1,1,1,1,1,1,1,1,1,1
74,14,11,202,7,1027,735,3687 1,1,1,1,1,1,1,1
74,14,11,202,7,1027,1504,43,1677,5,2805,1193 1,1,1,1,1,1,1,1,1,1,1,1
53,2629,6,53,2629,14,989 1,1,1,1,1,1,1
621,735,3,1518,3,4255,311,621,3379,57,1390,51,74,14,11,260 1,1,1,1,1,1,1,1,1,1,1,1,1,1,1,1
6,621,735,14,2220 1,1,1,1,1
74,14,202,7,565,621,765,43,1677,5,2805,1193 1,1,1,1,1,1,1,1,1,1,1,1
53,1529,6,53,692,3132,978,14,989 1,1,1,1,1,1,1,1,1
6,53,692,589,400,14,504,2219 1,1,1,1,1,1,1,1
6,53,1529,14,717,4388,13,1177,7054 1,1,1,1,1,1,1,1,1
6,1505,891,1138,14,1294,42 1,1,1,1,1,1,1
2220,735,33,3343,3,3469,74,14,1677,5,2805,1193,202,7,565,2220,765 1,1,1,1,1,1,1,1,1,1,1,1,1,1,1,1,1
350,735,3,7357,3,7358 1,1,1,1,1,1
74,14,62,765,2220,1504,1193,1597,10,1505,62,1501,589,94 1,1,1,1,1,1,1,1,1,1,1,1,1,1
70,1529,6,70,1529,14,31,989 1,1,1,1,1,1,1,1
6,70,692,589,400,14,630,44,406 1,1,1,1,1,1,1,1,1
2465,76,5,6629,240,74,14,11,202,7,2465,792 1,1,1,1,1,1,1,1,1,1,1,1
22621,53,130,445,36,8,544,884,181,120,76 2,2,2,2,2,2,2,2,10,10,10
6,53,1264,14,742,5,21,344,131,1108 2,2,2,2,2,2,2,2,2,2
6,309,14,717,76,9,180,33,171,42,8,5,21,15,443,382,42,260 2,2,2,2,2,2,2,2,2,2,2,2,2,2,2,2,2,2
6,53,1898,14,486,1559,6,1757,370,2505,2511,66,6,309,22622 2,2,2,2,2,2,2,2,2,2,2,2,2,2,2
6,3335,1528,21,717,76,13,15,382,42,637,260,5,15,586,42,794,260 2,2,2,2,2,2,2,2,2,2,2,2,2,2,2,2,2,2
6,614,14,1559,637,5,74,57,70,10,70,2511 2,2,2,2,2,2,2,2,2,2,2,2
74,57,382,42,794,5,382,42,443,2571,12,6,614 2,2,2,2,2,2,2,2,2,2,2,2,2
58,8,1038,1620,111,559,7,180,42,3,13,22623,5061,5,811,2537 1,1,1,1,1,1,1,1,1,1,1,1,1,1,1,1
117,8,70,2199,182,177,4,168,9,11,95,177,1382,17,2371,748,162,8,924,1458,1247,3,309,3,5032,9,2311,4242,8,13,1355,4354,4891,3,9380,3,1452,9129,84,9,4610,50,3,645,3,59,8 1,1,1,1,1,1,1,1,1,1,1,1,1,1,1,1,1,1,1,1,1,1,1,1,1,1,1,1,1,1,1,1,1,1,1,1,1,1,1,1,1,1,1,1,1,1,1
339,4,11260,832,13,256,7752,1843,5,170,14354,3,688,188,10,5875,66,8188,12,3086,17,619,104,22624 1,1,1,1,1,1,1,1,1,1,1,1,1,1,1,1,1,1,1,1,1,1,1,1
104,4,644,162,17,619,325,4,86,1534,3,1550,35,160,3,1163 1,1,1,1,1,1,1,1,1,1,1,1,1,1,1,1
79,31,19,252,9,982,487,405,99,124,8,3,41,5293,12,272 1,1,1,54,1,1,1,1,1,1,1,1,1,1,1,1
2407,1948,135,103,164,12,3086,17,619 1,1,1,1,1,1,1,1,1
1342,4,8916 1,1,1
41,86,289,171,22,5,1534 1,1,1,1,1,1,1
2933,22625,3,105,22626 1,1,1,1,1
239,4,791,1534 1,1,1,1
2580,1697,167 1,1,1
1213,407,405,95,124,9,367,103,8,3,5,238,403 1,1,1,1,1,1,1,1,1,1,1,5,5
56,9472,167,1120,1130,3,11,3554,3,1251,193 1,1,1,1,1,1,1,1,1,1,1
56,450,17,4480,11261,2407,56,791,2997,3146,35,160,8949,110,5458,4933 1,1,1,1,1,1,1,1,1,1,1,1,1,1,1,1
256,3012,3,363,3,3863,56,791,2708,5,4707,276,3,4707,167,22627,56,659,4861,10,1224,944,22628,2407,3,5,3788,934,1927,56,8916,56,450,1697,56,791,1253,3,1332,3,103,353,2665,56,3172,9,41,5293,85,7,164,5,659,1427,8,56,326,389,56,2319,4279,4,1493,902,4,9473,247,633,4,200,2479,4,86,7471,4,200,4867,4,200,726,161,4,296,566,4,104,17,619,19,8315,11262,22629,11263,3,229,710,47,22630 1,1,1,1,1,1,1,1,1,1,1,1,1,1,1,1,1,1,1,1,1,1,1,1,1,1,1,1,1,1,1,1,1,1,1,1,1,1,1,1,1,1,1,1,1,1,1,1,1,1,1,1,1,1,1,1,1,1,1,1,1,1,1,1,1,1,1,1,1,1,1,1,1,1,1,1,1,1,1,1,1,1,1,1,1,1,1,1,1,1,1,1,1,1,1,1,1,1
