67,54,4,22543,54,14344,85,22544,2582,2892,168,55,28,4,4945,8307,39,67,1397,4,22545,3572,2021,702,4,22546,54,7,168,4,14344,262,331,4,3471,8182,451,4,2732,5208,9,1935,6833,8,726,161,4,296,1085,4,28,775,10,745,30,3143,7,944,161,3,39,67,2474,4,14345,256,3863,3,39,5276,3,61,110,103,1843 1,1,1,1,1,1,1,1,1,1,1,1,1,1,1,1,1,1,1,1,1,1,1,1,1,1,1,1,1,1,1,1,1,1,1,1,1,1,1,1,1,1,1,1,1,1,1,1,1,1,1,1,1,1,1,1,1,1,1,1,1,1,1,1,1,1,1,1,1,1,1,1,1,3,3
30,7,61,328,4,135,22547,207,124,67,3,6,28,20,162,19,22548,139,5702,12,6,6599 1,1,1,1,1,1,1,1,1,1,1,1,1,1,1,1,1,1,1,1,1,1
23,486,85,467,14,885,3,51,6,28,38,62,15,3647,5,16,20,5274,1634 1,1,1,1,1,1,1,1,1,1,1,1,1,1,1,1,1,1,1
186,6670,953,3,677,514,6,28,10,52,12,3407,220,22549,184 1,1,1,1,1,1,1,1,1,1,1,1,1,1,1
22550,20,3647,5,16,20,5274,1200 1,1,1,1,1,1,1,1
139,6,2552,5975,3,6,28,2957,5,20,12,924 1,1,1,1,1,1,1,1,1,1,1,1
6,28,550,31,1773,88,7,6,927 1,1,1,1,1,1,1,1,1
27,22551,3,20,1607,211,5,242,31,46,15,553,7,1759,2117 1,1,1,1,1,1,1,1,1,1,1,1,1,1,1
23,177,111,1865,5300 1,1,1,1,1
23,805,1031,66,22552,3,897,22553,220,3311,1413,9,296,457,1738,31,1382,8 1,1,1,1,1,1,1,1,1,1,1,1,1,1,1,1,1,1
1165,111,363,1038,400,220,559,180,42,3,220,1362,1362,6834 1,1,1,1,1,1,1,1,1,1,1,1,1,1
413,241,20,72,17,199,1178 1,1,1,1,1,1,1
23,944,161,722,2335,2594,4524 1,1,1,1,1,1,1
16,20,514,10,46,15,854,5,343,13,11250 1,1,1,1,1,1,1,1,1,1,1
23,2117,143,343,13,2305,247,3,2743,10,25 1,1,1,1,1,1,1,1,1,1,1
16,20,688,10,5875,17,103,593 1,1,1,1,1,1,1,1
81,7,182,4,9406,507,10,944,161 1,1,1,1,1,1,1,1,1
80,3437,30,4,776,106,3863,256,448,3424,1165,200,12,4693,429,200,12,4693,127,4,790,39,27,163,4,203,1026,32,780,799,32,236,515,32,1332,8313,32,3306,367,39,19,688,4,2305,3907,69,203,1026,32,2935,3120,32,3110,2256,32,3172,686,32,610,686,69,1405,1314,4525,167,1223,4525,167,206,30,4,245,1272,1732,4,334,11251,169,485,4,598,1113,4,874,150,30,4,832,4,874,719,4,256,431,102,101,4,814,4,3843,3,2726,3405,220,4429,6216,3,2730,128,664,3,51,31,244,3064,3,184,27,125,3,131,7151,701,4,292,2833,364,1320,148,7166,716,125,3298,1183,42,1467,227,4,9219,22554,3,576,27,1376,22555,1213,4,407,3,504,737,656,644,4,4673,3,145,3,304,5,310,44,3,11,213,362,4,152,3,9466 1,1,1,1,15,7,1,1,1,1,1,1,1,1,1,1,1,1,1,1,1,1,1,1,1,11,1,1,28,1,1,12,1,1,1,1,1,1,1,1,1,1,1,1,1,1,11,1,1,1,1,1,1,1,1,1,1,1,9,1,1,1,1,1,1,1,1,1,1,1,1,1,1,5,5,5,5,5,1,1,1,1,1,1,1,1,1,1,1,1,1,1,1,1,1,1,1,1,1,1,1,1,1,1,1,1,1,1,1,1,1,1,1,1,1,1,1,1,1,1,1,1,1,1,1,1,1,1,1,1,1,1,1,1,1,1,1,1,1,1,1,1,1,1,1,1,1,1,1,1,1,1,1,1,1,1,1,1,1,1,1,1,1,1,1,1,1,1,1,1
588,308,531,4,11,1379,3,4852,217 1,1,1,1,1,1,1,1,1
562,133,675,3,11,222 1,1,1,1,1,1
352,4,1010,15,78,22556 1,1,1,1,1,1
3493,3,3405 1,1,1
3206,131,59,518,2652,3,4417,1316,675 1,1,1,1,1,1,1,1,1
670,1170,210,114,4703 1,1,1,1,1
196,4,11,277,3,232,196,3930,532,4,705,4465,9,83,8,592,2221,869,4411,9,83,8,769,6161,392,2136,9,83,8,888,1857,870,2337,399,3390,1179,2628,22,2905,1077,1649,1791,1389,1506,2777,1388,1646,1938,2037,2967,10606,9,83,8,1565,1245,1527,1469,1566,1997,897,2327,1336,4617,3766,3669,9,83,8,3169,5699,9,83,8,349,4442,734,22557,9,59,8,560,3927,9,59,8,333,7829,9,59,8,653,1996,786,6123,823,5290,536,13940,9,83,8,795,6105,9,83,8,2749,370,1125,401,42,1209,401,42,577,401,42,847,401,42,830,401,42,864,401,2649,401,2650,401,2701,401,2702,401,2703,401,1661,401,1577,401,2599,401,1971,401,79,9467,9,2049,8,1074,1537,1067,22558,9,83,8,22559,9,2049,8,2585,11252,3606,4397,2452,72,2736,72,2635,72,2920,22560,2372,565,1838,2482,2858,433,3185,72,2453,72,1886,72,5714,492,3786,4488,7945,2936,3354,4488,3186,4488,3355,504,3676,504,177,7826,27,22561,3,662,12,2729,3,22562,3,53,1090,3,1865,12,5300,3,301,66,356 1,1,1,1,1,1,1,1,1,1,1,1,1,1,1,1,1,1,1,1,1,1,1,1,1,1,1,1,1,1,1,1,1,1,1,1,1,1,1,1,1,1,1,1,1,1,1,1,1,1,1,1,1,1,1,1,1,1,1,1,1,1,1,1,1,1,1,1,1,1,1,1,1,1,1,1,1,1,1,1,1,1,1,1,1,1,1,1,1,1,1,1,1,1,1,1,1,1,1,1,1,1,1,1,1,1,1,1,1,1,1,1,1,1,1,1,1,1,1,1,1,1,1,1,1,1,1,1,1,1,1,1,1,1,1,1,1,1,1,1,1,1,1,1,1,1,1,1,1,1,1,1,1,1,1,1,1,1,1,1,1,1,1,1,1,1,1,1,1,1,1,1,1,1,1,1,1,1,1,1,1,1,1,1,1,1,1,1,1,1,1,1,1,1,1,1,1,1,1,1,1,1,1,1,1,1,1,1,1,1,1,1,1,1,1,1,1,1,1
4508,22563,9,4429,2721,8,506,985,103,5041,3,59,3726,1991 1,1,1,1,1,1,1,1,1,1,1,1,1,1
3475,4,14345,256,14346,3,3863,3,39,5276,61,110,3407,1843,3,2035,3,272 1,1,1,1,1,1,1,1,1,1,1,3,3,3,1,3,1,1
28,166,38,937,6567 1,1,1,1,1
135,1987,67,3,6,28,109,31,753,10,46,1889,308,7,23,199,181,771 1,1,1,1,1,1,1,1,1,1,1,1,1,1,1,1,1,1
23,944,161,86,10,52,500,3,5,14,166,3384,29,808,4268,14,37,16,109,46,128,444,7,11253,1329,1373,35,6,2199,1704 1,1,1,1,1,1,1,1,1,1,1,1,1,1,1,1,1,1,1,1,1,1,1,1,1,1,1,1,1,1
2035,4,1198,364,2748,17,103,445,12,272 3,1,1,1,1,1,1,1,1,1
28,31,449,10,2448,27,40,802,3,5,109,31,46,88,91,150,2084,37,368,191,40,17,201 1,1,1,1,1,1,1,1,1,1,1,1,1,1,1,1,1,1,1,1,1,1,1
41,96,23,944,161,77 1,1,1,1,1,1
13682,3,610,3,236,3,676,247 1,1,9,1,12,1,1,1
22564,1457,2002,186,16,14,49,25,73,5,134,4084,160,268,1550 1,1,1,1,1,1,1,1,1,1,1,1,1,1,1
22565,17,153,1155 1,1,1,1
14347,341,709,3,144,398 1,1,1,1,1,1
110,3407,1843,4,166,12,6,481,7,2035,5629,35,270 3,3,3,1,1,1,1,1,1,3,1,1,1
22566,4508,3769,5587,247,2660 1,1,1,1,1,1
1287,2305,25,2660 1,1,1,1
134,1911,243,3,166,368,982 1,1,1,1,1,1,1
272,4,11253,1329,1373,29,137,3843,166,66,2436 1,1,1,1,1,1,1,1,1,1,1
11254,273,278,14348,241,14349,163,3306 1,1,1,1,1,1,1,1
4714,167 1,1
7470,4,109,31,46,173,238,30 1,1,5,5,5,5,5,5
367,1834,701,103,407,22567,2011,1210,3,5,167 1,1,1,1,1,1,1,1,1,1,1
22568,3339,22569,438,7,907,29,11250,597,22570 1,1,1,1,1,1,1,1,1,1
458,4,131,371,7951,22571,1580 1,1,1,1,1,1,1
839,6773,22572,5043,347,3,35,16,758,5461,27,1779 1,1,1,1,1,1,1,1,1,1,1,1
1836,4,144,336,587,1927,4,1198,477,3843 1,1,1,1,1,1,1,1,1,1
376,3,266,22573,3,11,1190,2179 1,1,1,1,1,1,1,1
3510,4,19,676,247 1,1,1,1,1
726,4,296,9,28,368,31,2730,17,2171,8,2623,4,79,3,4477,3,22574,1776,22575,14350,3,229,710,4,47,22576 1,1,1,1,1,1,1,1,1,1,1,1,1,1,1,1,1,1,1,1,1,1,1,1,1,1,1
