69,49,4,19572,4718,3409,303,1315,101,1935,2,5476,4929 18,1,1,1,1,1,1,1,1,1,1,1,1
5946,101,49,4,19573,125,2317,42,58,4727,12767 1,1,1,1,1,1,1,1,1,1,1
47,85,701,6,29,5,177,58,12767,74,30 1,1,1,1,1,1,1,1,1,1,1
30,7,629,391,4,38,1429,2360,407,774,65,19574,819,18,533,2544,44,34,1539,10,23,52,349,1787,6,1273,7,6,2099 1,1,1,1,1,1,1,1,1,1,1,1,1,1,1,1,1,1,1,1,1,1,1,1,1,1,1,1,1
18,85,1351,7,255,7,194 1,1,1,1,1,1,1
18,166,106,272,2,48,11,402 1,1,1,1,1,1,1,1
18,39,11,150,741,115 1,1,1,1,1,1
18,21,39,11,498,30,7,44,34 1,1,1,1,1,1,1,1,1
18,20,124,921,98,102,5,38,4040,1359,23,34 1,1,1,9,1,1,1,1,1,1,1,1
78,3828,30,4,1128,3381,132,76,2,164,143,76,13,15,703,593,48,86,87,44,34,27,6,95,2,5,131,1543,81,341,71,176,5438,17,23,498,91,30,86,44,34 1,1,1,1,1,1,1,1,1,9,9,9,1,1,3,3,1,1,1,1,1,1,1,1,1,1,4,4,4,4,1,1,1,1,1,1,1,1,1,1,1
137,4,2046,5,2063,77,4,172,5,5825 1,1,1,1,1,1,1,11,1,1
93,122,4,520,359,4,67,94,19575,2,296,1944,2,1851,934,2,1161,1304,1347,41 1,1,1,1,1,1,5,5,5,5,1,1,1,1,1,1,1,1,1,1
224,4,6,29,14,1442,12,11,180,326 1,1,1,1,1,1,1,1,1,1
392,5,112,4,1186,2,1125 1,1,1,1,1,1,1
1237,1025,5,1221 1,1,1,1
2444,599 1,1
1559,14,7,43,6201,5,4913 1,1,1,1,1,1,1
112,14,330 1,1,1
11,1078,580,1386 1,1,1,1
226,4,53,90,193 1,1,1,1,1
91,4,135,145,5,212 1,1,1,1,1,1
246,2,253,2,13,11,387,2,711,26,766 1,1,1,1,1,1,1,1,1,1,1
187,4,133,5,978,13,43,300,302 1,1,1,1,1,1,1,1,1
217,4,11,720,2,673,26,79,26,484 1,1,1,1,1,1,1,1,1,1
1030,4,29,14,413,5,646,98,186,18,3521,192,217 1,1,1,1,1,1,1,1,1,1,1,1,1
21,2274,590,5,192,717,5,525,412,5,197,731,193 1,1,1,1,1,1,1,1,1,1,1,1,1
43,466,10,688,1014,992 1,1,1,1,1,1
489,4,769,67,1137,830,903,2,835,10056,358,20,344,27,19576,278,2,18,21,3694,7,934,2,393,18,14,1664,31,12,381,12768 1,1,1,1,1,1,1,1,1,1,1,1,1,1,1,1,1,1,1,1,1,1,1,1,1,1,1,1,1,1,1
379,2298,2,331,19577,2734,20,19578,44,810,20,66 1,1,1,1,1,1,1,1,1,1,1,1
1322,482,43,399,212,13,52,719,1520,5,5154,8415,1278,142 1,1,1,1,1,1,1,1,1,1,1,1,1,1
2112,106,518,2579,12,591,2,1088,5,1663,2,5,1744,62,1672,12,3330,2,51,2,102,2,5,249,522,19579,5,408,12,189,4,12,6,144,6,29,222,31,50,241,44,34,401 1,1,1,1,1,1,1,1,1,1,1,1,1,1,1,1,1,1,1,1,1,1,1,1,1,1,1,1,1,1,1,1,1,1,1,1,1,1,1,1,1,1,1
18,20,265,17,44,34,5,17,1167,286,729,743,10,6,89,659 1,1,1,1,1,1,1,1,1,1,1,1,1,1,1,1
678,494,4,1167,286,729,743,642,9,317,630,712,377,8,4,265 1,1,1,1,1,1,1,1,1,1,1,1,1,1,1,1
1416,19580,7356,12769,2,96 1,1,1,1,1,1
12770,19581,19582,597,42,4,7356,12769,2,96 1,1,1,1,1,1,1,1,1,1
12770,232,31,177,42,240,312,232 1,1,1,1,1,1,1,1
