67,54,4,22731,22732,3,22733,3,2939,30,7,61,328,4,6,28,14,15,4820,358,13,15,30,7,2584,153,76,19,2499,3,30,7,181,120,76,3,71,3,106,3,5,971,19,452,121,468,12,10,6,1147,517,16,21,95,2087,820,987,5,16,190,118,291,5209,5,226,7,184 1,1,1,1,1,1,1,1,1,1,1,1,1,1,1,1,1,1,1,1,1,1,1,1,1,1,1,1,1,1,10,10,10,10,10,1,4,1,7,1,1,1,1,1,1,1,1,1,1,1,1,1,1,1,1,1,1,1,1,1,1,1,1,1,1,1,1
16,1645,37,23,661,21,68,1673,3,470,16,21,68,5004,15,173,1432,7,85,575,201,5,517,7,37,38,15,226,820,19,2735,5,2087,23,3291,820,1197 1,1,1,1,1,1,1,1,1,1,1,1,1,1,1,1,1,1,1,1,1,1,1,1,1,1,1,1,1,1,1,1,1,1,1,1,1
89,14,3097,5,16,207,299,820,19,3097,35,60 1,1,1,1,1,1,1,1,1,1,1,1
186,50,773,134,16,21,68,46,48,34,3,16,631,16,21,31,38,48,34,3,51,16,242,46,15,7476,12,23,48,37,99,896,5,20,31,1870,13,88,990,26,584,7,6,34 1,1,1,1,1,1,1,1,1,1,1,1,1,1,1,1,1,1,1,1,1,1,1,1,1,1,1,1,1,1,1,1,1,1,1,1,1,1,1,1,1,1,1,1
744,16,20,4200,949,6,230,3,16,38,11,48,34,186,16,20,380,2171 1,1,1,1,1,1,1,1,1,1,1,1,1,1,1,1,1,1
16,109,190,416,118,226,7,184,5,984,186,16,321,963,3,51,16,704,37,517,7,118,633 1,1,1,1,1,1,1,1,1,1,1,1,1,1,1,1,1,1,1,1,1,1,1
16,21,38,11,249,26,459,3,11,1171,3,11,300,3,375,5,11,446 1,1,1,1,1,1,1,1,1,1,1,1,1,1,1,1,1,1
80,39,30,4,2584,153,76,19,2499,3,181,120,76,3,287,3,1498,3,71,3,971,19,452,3,106,3,931,373,3,2352,1229,5,812 1,1,1,1,1,1,1,1,1,1,10,10,10,1,7,1,1,1,4,1,1,1,1,1,7,1,1,1,1,1,1,1,1
80,591,30,4,1136,1842,12,11276 1,1,1,1,1,1,1,1
206,30,4,11,699,3,1119,541,5,598,2952,157 1,1,1,14,14,1,1,1,1,1,1,1
150,30,4,567,373,5,623,373 1,1,1,1,1,1,1,1
81,7,182,4,35,2123,12,282,3,376,72 1,1,1,1,1,1,1,1,1,1,1
39,4,81,3,395,122,6,1003 1,1,1,1,1,1,1,1
127,4,158,6310,5,736 1,1,1,1,1,1
102,101,4,807,5459,3,130,156,2060,3,386,156,1413,3,63,94,22734,5,718,1045,231,42,19,702,737 1,1,1,1,1,1,1,1,1,1,1,1,1,1,6,6,6,1,1,1,1,1,1,1,1
6,28,14,980,3,410,3,2355,12,492,3935,3,197,10,52,131,3040 1,1,1,1,1,1,1,1,1,1,1,1,1,1,1,1,1
2802,4,1121 1,1,1
136,4,44,10,3779,3,332 1,1,1,1,1,1,1
48,4,91,10,463,100,3,11,1065 1,1,1,1,1,1,1,1,1
612,4,145,156,5,239,3,11,213,3,502,3,26,561 1,1,1,1,1,1,1,1,1,1,1,1,1,1
214,4,673,1453,3,152 1,1,1,1,1,1
11,741,246 1,1,1
196,14,204 1,1,1
114,4,11,194,114,474,26,93,3,11,1346,246,100 1,1,1,1,1,1,1,1,1,1,1,1,1
5210,4,642,1200 1,1,1,1
1411,1093,645,868,2005,154,5,204 1,1,1,1,1,1,1,1
11,670,26,1009,1030 1,1,1,1,1
700,14,44 1,1,1
318,499,438,4,6,28,370,62,177,3,75,111,44,338,239 1,1,1,1,1,1,1,1,1,1,1,1,1,1,1
11,173,563,26,292,448,3,11,173,1263,292,804,57,543,13,23,356,177 1,1,1,1,1,1,1,1,1,1,1,1,1,1,1,1,1,1
1444,525,48,738,111,11,202,7,199,3517,1984 1,1,1,1,1,1,1,1,1,1,1
344,149,75,295,417,143,836,3,75,111,15,824,7,4605,3,1281,22735,5,696,785,7,22736,119,1049,732,13,6,153,1191,121,420,37,119,1717,820,477,6,820,189,464,1436,5,119,537,37,92,20,3720,17,40,28 1,1,1,1,1,1,1,1,1,1,1,1,1,1,1,1,1,1,1,1,1,1,1,1,1,1,1,1,1,1,1,1,1,1,1,1,1,1,1,1,1,1,1,1,1,1,1,1,1,1,1
23,663,20,31,188,27,6,85,37,16,53,6,499,3,313,3,16,20,60,197,5,38,11,2117,19,6,450,5,119,704,37,23,7476,48,511,14,244,2323,17,103,116,3,31,52,3,470,119,41,2717,186,16,468,188,5,166,144,15,896,805,10,52,1671,37,40,14,2379,10,52,199,181,771 1,1,1,1,1,1,1,1,1,1,1,1,1,1,1,1,1,1,1,1,1,1,1,1,1,1,1,1,1,1,1,1,1,1,1,1,1,1,1,1,1,1,1,1,1,1,1,1,1,1,1,1,1,1,1,1,1,1,1,1,1,1,1,1,1,1,1,1,1,1,1
139,16,53,6,499,3,475,149,1295,188,158,905,7,2679,5,15,5011,111,15,456,7,2647,3,15,663,7,3259,3,15,835,7,2327,3,3353,7,1299,3,392,7,2293,3,347,22737,3,345,7,5272,3,897,7,5055,3,805,7,602,306,3200,3,512,3289,3,1555,7,2982,3,5,1184,7,2845,5,2779,454,6,153,1191,121,20,2040,7,6,185,663,5,46,6,28,19,6,450,12,6,820,189,5,740,10,343,201,74,199 1,1,1,1,1,1,1,1,1,1,1,1,1,1,1,1,1,1,1,1,1,1,1,1,1,1,1,1,1,1,1,1,1,1,1,1,1,1,1,1,1,1,1,1,1,1,1,1,1,1,1,1,1,1,1,1,1,1,1,1,1,1,1,1,1,1,1,1,1,1,1,1,1,1,1,1,1,1,1,1,1,1,1,1,1,1,1,1,1,1,1,1,1,1,1,1,1,1,1,1
465,139,6,820,3,6,28,41,369,10,6,318,499 1,1,1,1,1,1,1,1,1,1,1,1,1
119,41,2717,134,116,5,122,1667,16,190,3,144,15,896,103,898 1,1,1,1,1,1,1,1,1,1,1,1,1,1,1,1
134,16,190,173,265,5,16,86,10,46,11,48,34,3,119,190,37,23,116,57,166,2323,17,199,181,771,5,119,98,454,37,40,20,31,199,181,771,134,267,805,57,31,185,5,16,41,52,449,10,96,115,5,1833,23,145,820,503 1,1,1,1,1,1,1,1,1,1,1,1,1,1,1,1,1,1,1,1,1,1,1,1,1,1,1,1,1,1,1,1,1,1,1,1,1,1,1,1,1,1,1,1,1,1,1,1,1,1,1,1,1,1,1,1,1
747,505,4,1053,1930 1,1,1,1,1
507,505,4,2584,153,76,3,19,2499 1,1,1,1,1,1,1,1,1
566,4,401 1,1,1
395,122,230,55,17,268,230,438 1,1,1,1,1,1,1,1
40,20,15,4013,112,13,385,331,3,64,6734,22738 1,1,1,1,1,1,1,1,1,1,1,1
497,9487,3,2939,107 1,1,1,1,1
487,4,14412,292,4,14412,533,43,4,9487,3,2939,746,22739,1608,250,31,81,43,262,331,250 1,1,1,1,1,1,1,1,1,1,1,1,1,1,1,1,1,1,1,1,1,1
