67,54,4,22693,174,528,22694,33,281,162,55,22695,702,4,262,4,6442,9,528,8,451,4,10736,9,281,297,8,22696,4,6442,9,528,8,730,234,448,429,22697,7,61,328,14403,832,13,15,30,7,2606,3,106,3,287,3,1205,9,19,821,8,3,256,971,9,269,2395,1557,8,3,1498,20,503,17,1904,657,164,22698 1,1,1,1,1,1,1,1,1,1,1,1,1,1,1,1,1,1,1,1,1,1,1,1,1,1,1,1,1,1,1,1,1,1,1,1,1,1,1,1,1,1,1,1,1,1,1,4,1,7,1,15,1,1,1,1,1,1,1,1,1,1,1,1,1,1,1,1,1,1,1,1,1,1,1
17,23,2407,1948,3,6,28,38,15,429,2029,77,19,22699,37,20,639,17,15,14404,1472,7,504,2265,12,6,794,5,1619,811,5,3439,766,37,20,1911 1,1,1,1,1,1,1,1,1,1,1,1,1,1,1,1,1,1,1,1,1,1,1,1,1,1,1,1,1,1,1,1,1,1,1,1
35,15,295,3,6,28,20,510,10,64,6442,121,749,6,28,12,224,19,5360 1,1,1,1,1,1,1,1,1,1,1,1,1,1,1,1,1,1,1
138,6,28,82,341,709,5,269,429,154,3,6,28,20,503,17,70,5,53,130,593,19,6,65,7,168,13,6,104,10,2308,23,657,164,134,16,606,15,251,5,866,423,340 1,1,1,1,1,1,1,2,2,2,1,1,1,1,1,1,1,1,1,1,1,1,1,1,1,1,1,1,1,1,1,1,1,1,1,1,1,1,1,1,1,26,1
19,6,744,169,10,23,593,3,16,38,820 1,1,1,1,1,1,1,1,1,1,1
6,28,1031,10,6,445,149,834,16,20,514,10,46,62,382,42,243,7,6,22700,470,15,8089,251,20,469 1,1,1,1,1,1,1,1,1,1,1,1,1,1,2,2,2,2,2,2,1,1,1,1,1,1
139,445,3,6,28,20,126,19,252,901,25,105,5,423,2660,13,2576,25,123,36,286,1269,25,105,4161 1,1,1,1,1,1,1,1,11,1,1,1,1,26,1,1,1,1,1,1,1,1,1,1,1
16,20,98,138,1484,5172,25,123,36,17,62,905,7,22701,7,182,72,708,35,22702,39,30,176,2606,9,398,3315,3,604,8,178,106,195,287,253,1205,9,19,821,3,110,1415,8,346,256,971,123,58,78,1071,29,545,123,36,9,269,2395,1557,8,460,1498,652,256,931,373,343,43,484,14405,408,833,280,995,812,1079,110,196,466,66,657,10,322,17,1414,1477,110,2258,7,267,415,19,187,322,17,22703,252,1026,25,105,1570,478,1314,25,105,2738,2576,25,69,165,960,9485,521,608,236,1632,25,608,165,3732,22704,1392,2162,4638,25,105,1919,1147,1675,25,105,3053,14406,25,305,1384,549,25,105,14407,13235,25,892,167,3221,2079,672,25,167,2415,515,25,105,784,707,799,25,105,22705,1846,3,6310,3,22706,30,14,1703,17,661,27,547,87,7,440,121,21,38,567,5,623,373,312,306,558,87,183,5,21,209,155,76,137 1,1,1,1,1,1,1,1,1,1,1,1,1,1,1,1,1,1,1,1,1,1,1,4,1,41,41,1,1,1,1,7,1,15,1,1,1,1,1,1,1,1,1,1,1,1,1,1,1,1,1,1,1,1,1,1,1,1,1,1,1,1,1,1,1,1,1,1,1,1,1,23,1,1,1,1,1,1,1,1,1,1,1,1,1,1,1,1,1,1,1,1,1,1,1,11,1,1,1,1,1,1,1,1,34,1,1,1,8,8,8,8,8,12,1,1,1,8,8,8,8,1,1,1,1,20,1,1,1,1,1,1,1,1,1,1,1,1,1,1,1,1,1,1,1,1,1,1,62,1,1,1,9,9,1,1,1,1,1,1,1,1,1,1,1,1,1,1,1,1,1,1,1,1,1,1,1,1,1,1,1,1,1,1,1,1,1,1,1,1,1
23,573,583,27,1476,87,7,440,139,62,1605,993 1,1,1,1,1,1,1,1,1,1,1,1
267,1020,46,68,6838,43,4775,3,175,43,6805,3,5,175,43,62,874,22707 1,1,1,1,1,1,1,1,1,1,1,1,1,1,1,1,1,1
6,28,146,46,141,727,5,1299,2263,3,544,7,23,727,46,22708,30,919,19,2461,5,356,285,17,4222,6549,1199 1,1,1,1,1,1,1,1,1,1,1,1,1,1,1,1,1,1,1,1,1,1,1,1,1,1,1
16,14,31,920,51,21,68,245,13,23,22709,551,17,2136,22710,1732,4,485,4,1113,4,316,205,292,523,148,716,718,880,22711,77,207,197,480,3,787,3,280,227,1806,3,863,3,665,3,4642,5695,3,1042,91,3,22712,332,3,11,309,3,11,910,3,11,222,3,217,216,48,232,4357,2610,3,1304,3,11,9486,2852,455,3,304,310,3,11,1099,3,11,22713,1289,3,5734,3,11,3356,3,11,3789,6645,22714,11,1379,3,217,1459,3,217,1032,3,217,22715,15,78,1071,29,1117,123,117,9,469,3,1150,3,85,8,3,1316,675,3,2232,942,3,1170,233,114,3,511,928,22716,11,2976,448,5430,11,22717,14408,905,1537,5360,22718,3,399,2902,2680,1214,3,2532,558,3,1077,1649,3,1566,3010,897,6472,14409,78,840,29,6777,78,986,29,14410,905,22719,154,177,4,924,22720,3,11,2894,84,9,886,66,169,8,429,2029,4,6,28,82,22721,154,295,57,448,5,543,13,15,7835,978,1177,7,504,6090,3045,22722,1472,12,6,1950,7,62,2794,181,22723,5,104,14403,832,13,15,30,7,280,3,71,3,106,3,287,13,15,269,2407,429,154,132,110,103,593 1,1,1,1,1,1,1,1,1,1,1,1,1,1,1,1,1,1,1,1,1,1,1,1,1,1,1,1,1,1,1,1,1,1,1,1,1,23,1,1,1,1,1,1,1,1,1,1,1,1,1,1,1,1,1,1,1,1,1,1,1,1,1,1,1,1,1,1,1,1,1,1,1,1,1,1,1,1,1,1,1,1,1,1,1,1,1,1,1,1,1,1,1,1,1,1,1,1,1,1,1,1,1,1,1,1,1,1,1,1,1,1,1,1,1,1,1,1,1,1,1,1,1,1,1,1,1,1,1,1,1,1,1,1,1,1,1,1,1,1,1,1,1,1,1,1,1,1,1,1,1,1,1,1,1,1,1,1,1,1,1,1,1,1,1,1,1,1,1,1,1,1,1,1,1,1,1,1,1,1,1,1,1,1,1,1,1,1,1,1,1,1,1,1,1,1,1,1,1,1,1,1,1,1,1,1,1,1,1,1,1,1,1,1,1,1,1,1,1,1,1,1,1,1,1,1,1,23,1,4,1,7,1,15,1,1,1,1,1,1,1,1,1,1
47,644,9,50,8,4,6,28,38,62,448,429,154,5,14,132,110,103,445 2,2,2,2,2,2,2,2,2,2,2,2,2,2,2,2,2,2,2
33,2479,33,520,5,398,12,272,33,252,3,423,3,1163,3,1534,33,482,6,475,7,62,2002,1540,138,30,7,71,47,1205,4,19,6,744,169,10,445,6,28,38,821,5,41,46,821,1560 1,1,1,1,1,1,1,1,1,11,1,26,1,1,1,1,1,1,1,1,1,1,1,1,1,1,1,4,1,1,1,1,1,1,1,1,1,1,1,1,1,1,1,1,1,1
33,153,2040,33,86,3053,3,2162,47,151,4,99,398,20,3315 1,1,1,1,1,1,1,1,1,4,1,4,4,4,4
33,144,398,12,272,33,960,22724,521,608,3,4053,5880,521,1392,3,4053,2510,1392,329,1230,47,106,4,33,86,1919,5,610,47,287,4,33,144,520,12,272,33,86,236,3,2415,3,22725,47,1498,4,1904,164,132,1493,159,28,14,110,251,5,19,1936,423,33,1223,167,33,22726,167,47,256,971,4,137,19,452,51,9391 1,1,1,1,1,1,8,8,8,8,1,8,8,8,8,1,8,8,8,8,8,1,7,1,1,1,20,1,9,1,15,1,1,1,1,1,1,1,1,12,1,62,1,34,1,1,1,1,1,1,1,1,1,1,1,1,1,1,1,26,1,1,1,1,1,1,1,1,1,1,1,1,1,1,1
6,28,370,5172,25,123,36,12,6,445,149 1,1,1,1,1,1,1,1,1,1,1
33,96,905,105,33,86,163,452,47,1927,4,33,22727,353,47,2665,4,33,22728,6135,22729,14411,9,173,174,8,22730,161,296,726 1,1,1,1,1,1,1,1,1,1,1,1,1,1,1,1,1,1,1,1,1,1,1,1,1,1,1,1,1,1
