69,49,4,19583,6556,378,325,1124,6557,2,5670,12771,30,7,156,360,4,38,20,6,523,378,325,308,101,17,38,19584,2126,345,13,15,30,7,5687,1543,81,971,15,200,146,2,3180,19,12772,83,1213,998 1,1,1,1,1,1,1,1,1,1,1,1,1,1,1,1,1,1,1,1,1,1,1,1,1,1,1,1,1,1,1,1,1,1,4,4,4,1,1,1,1,1,1,1,22,1,1,1
85,13,15,30,7,1295,127,937,19,1010,244,1213,998 1,1,1,1,1,10,10,1,1,25,1,1,1
17,6,97,200,2,71,16,2191,97,3640,2,104,110,774,12,490,191,6,97,248,10,497,236,16,21,61,460,2323,13,264,618,5,1274,2,5,16,14,5067,37,24,848,14,100 1,1,1,1,1,1,1,1,1,1,1,1,1,1,1,1,1,1,1,1,1,1,1,1,1,1,1,1,1,1,1,1,1,1,1,1,1,1,1,1,1,1,1
16,416,37,191,6,97,248,26,497,236,2,16,1302,9787,5,19585,5,1863,19586,7,688,453,42,149,1274 1,1,1,1,1,1,1,1,1,1,1,1,1,1,1,1,1,1,1,1,1,1,1,1,1
16,687,37,6,901,142,53,1844,2625,42,6,868,2,5,6,868,14,1844,1359,13,6355,12,83,606,10,63,1719 1,1,1,1,1,1,1,1,1,1,1,1,1,1,1,1,1,1,1,1,1,1,1,1,1,1,1
16,113,605,10,15,30,7,2831,48,416,37,12,6,78,24,2831,50,61,573,268,406,271,38,2,645,6,901,12773,14,214,1084,10,24,498,1952,12773 1,1,1,1,1,1,1,1,1,1,1,1,1,1,1,1,1,1,1,1,1,1,1,1,1,1,1,1,1,1,1,1,1,1,1,1
16,416,37,16,20,201,12,6,303,674,19,19587,2,27,71,95,648,222,15,1197,4409,71,20,173,2287,2,5,648,936,170,10,1297,10,38,1207,27,38,95 1,1,1,1,1,1,1,1,1,1,1,1,1,1,1,1,1,1,1,1,1,1,1,1,1,1,1,1,1,1,1,1,1,1,1,1,1,1
16,88,87,596 1,1,1,1
16,113,50,15,134,244,946,121,1313,5,16,4143,10,280,1612,7,2003,511,15,420,191,6,97,497,236 1,1,1,1,1,1,1,1,1,1,1,1,1,1,1,1,1,1,1,1,1,1,1,1,1
16,85,21,61,1360,7,435,248,26,497,511,15,223,191,6,97,248,10,497,236,2,71,14,5737,12,1819,86,87,67 1,1,1,1,1,1,1,1,1,1,1,1,1,1,1,1,1,1,1,1,1,1,1,1,1,1,1,1,1
16,21,11,272,26,402,26,87,508,2,5,16,21,578,39,167,13,435,621,38,12,6,78 1,1,1,1,1,1,1,1,1,1,1,1,1,1,1,1,1,1,1,1,1,1,1
24,78,89,30,14,355,599 1,1,1,1,1,1,1
1183,4,16,113,50,15,30,7,2883,1240,2,5,434,16,20,739,19588,173,153,200,146,2,16,1493,890,6,303,674,13,44,34,5,20,936,37,38,20,576,10,2364,7,1161,10,24,118,65,6,2883,2,136,71,95,16,21,61,947,2883,573,553,2334 1,1,1,1,1,1,1,1,1,1,1,1,1,1,1,1,1,1,1,1,1,1,1,1,1,1,1,1,1,1,1,1,1,1,1,1,1,1,1,1,1,1,1,1,1,1,1,1,1,1,1,1,1,1,1,1,1,1,1,1
16,88,87,671,245,2,5,16,1553,554,8416 1,14,14,14,14,1,1,1,1,1,1
16,14,281,6558,5,295,13,24,477 1,1,1,1,1,1,1,1,1
16,14,4569,529,13,153,2832,6142,5,88,87,150,328,811 1,1,1,1,1,1,1,1,1,1,1,1,1,1
128,30,4,24,128,30,14,686,17,15,4376,13,81,5,127,2,477,13,118,76,5,603,13,30,7,592,335,2,104,14,281,1216,993,364,401 1,1,1,1,1,1,1,1,1,1,1,1,4,1,10,1,1,1,1,1,1,1,1,1,1,1,1,1,1,1,1,1,1,1,1
24,19589,1343,587,7,1142,3820,5,24,5745,1343,14,3410,5,57,86,87,89,167 1,1,1,1,1,1,1,1,1,1,1,1,1,1,1,1,1,1,1
93,122,28,16,14,15,829,463,2126,345,12,11,180,326,13,121,7,5721,727 1,1,1,1,1,1,1,24,1,1,1,1,1,1,1,1,1,1,1
67,94,12155,12,6,70,349,5,19590,12,6,52,349 1,1,1,1,1,1,1,1,5,5,5,5,5
296,135,27,173,4689,202,20,686,17,43,2301,86,87,160,7,381,981,26,1229,981 1,1,1,1,1,1,1,1,1,1,1,1,1,1,1,1,1,1,1,1
1290,20,90 1,1,1
16,39,11,846 1,1,1,1
24,44,20,90 1,1,1,1
24,2641,227,11,342,26,377,2,5,24,12771,118,302,129,43 1,1,1,1,1,1,1,1,1,1,1,1,1,1,1
24,187,20,463,2,133,2,375,2,86,87,953 1,1,1,24,1,1,1,1,1,1,1,1
3342,4,43,2,13,193,9704,6418,2,5,24,812,73,20,43,1419,13,2724,617,2244,318,577 1,1,1,1,1,1,1,1,1,1,1,1,1,1,1,1,1,1,1,1,1,1
899,73,20,175 1,1,1,1
242,5,114,4,161,5687,1543,81,13,380,115,7,264,848,27,38,95 1,1,1,1,1,4,4,4,1,1,1,1,1,1,1,1,1
40,155,15,797,67,848,1775,465,32,57,32,15,654,374,2,5,176,383,24,12772,10,109,1213,998 1,1,1,1,1,1,1,1,1,1,1,1,1,1,1,1,1,1,1,22,1,1,1,1
16,40,55,926,10,15,3046,17,333,338,32,57 1,1,1,1,1,1,1,1,1,1,1,1
165,127,4,1295,127,27,38,95,664,257 1,10,1,10,10,1,1,1,1,1
47,40,887,24,67,94,12,15,223,10,248,236,2,5,108,84,14,411,1295,27,37,95,2,40,207,316,13,15,19591,333 1,1,1,1,1,1,1,1,1,1,1,1,1,1,1,1,1,1,1,1,1,1,1,1,1,1,1,1,1,1
186,617,2244,318,577,4,176,55,65,24,435 1,1,1,1,1,1,1,1,1,1,1
47,40,433,15,577,1218,5,985,75,289,136,6,435,14,1467,17,248,10,497,236,2,5,207,84,27,38,95 1,1,1,1,1,1,1,1,1,1,1,1,1,1,1,1,1,1,1,1,1,1,1,1,1,1,1
249,29,6559,2975,215,4,5,2975,2685,20,124,27,38,845,2,5,15,215,40,55,2519,2,5,47,40,881,170,6,772,151,84,14,168,2,645,47,977,37,16,14,214,252,328,27,38,95 1,1,1,1,1,1,1,1,1,1,1,1,1,1,1,1,1,1,1,1,1,1,1,1,1,1,1,1,1,1,1,1,1,1,1,1,1,1,1,1,1,1,1,1,1,1
3136,19592,10057,2,96 1,1,1,1,1
1141,4,19593,19594,19595,19596 1,1,1,1,1,1
