69,49,4,19798,101,99,29,414,4,7364,2,8441,3524,485,4,12825,597,49,4,10094,597,42,4,10091,10092,2,195 18,1,1,1,1,1,1,1,1,1,1,1,1,1,1,1,1,1,1,1,1,1,1,1,1,1,1
49,7,101,4,10094,858,391,4,70,3138,34,13,70,197,445,993 1,1,1,1,1,1,1,1,1,1,1,1,1,1,1,1
30,7,156,360,4,47,39,6,1068,7,930,8441,7364,12,437,80 1,1,1,1,1,1,1,1,1,1,1,1,1,1,1,1
16,543,70,10095,1528,1400,19799,9379,19,19800 1,1,1,1,1,1,1,1,1,1
6,29,267,1441,271,196,41,1051,12,24,115,117,6,746 1,1,1,1,1,1,1,1,1,1,1,1,1,1
281,6,34,14,1024 1,1,1,1,1
16,1185,84,32,2138,466,12,6,70,3138 1,1,1,1,1,1,1,1,1,1
16,12826,3043,7,34,32,8446,19,6,12827,34,923 1,1,1,1,1,1,1,1,1,1,1,1
6,115,53,932,13,2233,748,17,268,271,51,3129,15,107,5,1667,5953,13,468 1,1,1,1,1,1,1,1,1,1,1,1,1,1,1,1,1,1,1
68,14,11,228,12,6,3043,7,115,13,6292,8445 1,1,1,1,1,1,1,1,1,1,1,1
6,29,88,87,134,508,26,469,2,11,274,7,300,26,876,338,2,11,803,2,11,394,2,11,6289,121,274 1,1,1,1,1,1,1,1,1,1,1,1,1,1,1,1,1,1,1,1,1,1,1,1,1,1,1
163,7,89,30,4,432,80,74,101,2,47,50,177,78,89,2,179,5,128,30,2,560,1363,5,137 1,1,1,1,1,1,1,1,1,1,1,1,1,1,1,1,1,1,1,1,1,1,1,1,1
68,21,61,11,957,228,32,1323,10,6,498,101 1,1,1,1,1,1,1,1,1,1,1,1
163,7,213,4,318,17,1031,1351,32,1802,256 1,1,1,1,1,1,1,1,1,1,1
11,134,508,2,11,469,2,11,44,34,2,11,255,7,194,2,11,263,34,2,11,274,7,300,26,876,338,2,11,6289,121,274 1,1,1,1,1,1,1,1,1,1,1,1,1,1,1,1,1,1,1,1,1,1,1,1,1,1,1,1,1,1,1,1
6,468,7,6,213,129,177,5,53,66 1,1,1,1,1,1,1,1,1,1
93,73,4,6,29,14,413,5,646,10,95,2,2902,5,1083 1,1,1,1,1,1,1,1,1,1,1,1,1,1,1
24,1534,5,2111,53,185 1,1,1,1,1,1
16,2093,199,2405,5,5057 1,1,1,1,1,1
16,6562,86,63,12829,2684,13,43,2103,9259,5,19801 1,1,1,1,1,1,1,1,1,1,1,1
16,14,382,10,4843,19,6151,5,853 1,1,1,1,1,1,1,1,1
16,14,382,10,974,19802,12,15,4087,1597,13,175,2852 1,1,1,1,1,1,1,1,1,1,1,1,1
68,14,851,502,7,721,12,6,1567,929,13,2691,851,10,368,1474,2,2885,851,10,105,1474 1,1,1,1,1,1,1,1,1,1,1,1,1,1,1,1,1,1,1,1,1,1
68,14,11,277,10,1392,191,10095,2395,2,4567,2395,2,7186,5207,2,3617,2086,2,26,1441,8444,8447,193 1,1,1,1,1,1,1,1,1,1,1,1,1,1,1,1,1,1,1,1,1,1,1,1
68,14,275,1028,590,12,6,197,217,13,175,466,193 1,1,1,1,1,1,1,1,1,1,1,1,1
395,1355,12,6,1389,2,1849,1355,12,6,1585,193 1,1,1,1,1,1,1,1,1,1,1,1
68,14,2713,3729,2,11,10089,2,43,1419,12,6,197,217 1,1,1,1,1,1,1,1,1,1,1,1,1,1
4087,386,4344,5,582,12426,215,53,66,193 1,1,1,1,1,1,1,1,1,1
68,14,34,13,70,700,378,4654 1,1,1,1,1,1,1,1
320,4,161,10095,740 1,1,1,1,1
165,1567,4437,13,1715,4838,76 1,1,1,1,1,1,1
186,70,700,10096 1,1,1,1
1348,4,161,47,39,10097,1979,13,6,29,173,24,630,5,241,522,2353 1,1,1,1,1,1,1,1,1,1,1,1,1,1,1,1,1
6,29,40,126,13,140,352,1763,37,16,4728,12,93,364 1,1,1,1,1,1,1,1,1,1,1,1,1,1
165,6,29,20,1428,10,2804,529,5,10,2011,12,12830,4076,2590,32,1264,32,84,113,31,8254,24,115 1,1,1,1,1,1,1,1,1,1,1,1,1,1,1,1,1,1,1,1,1,1,1,1
186,6,29,20,3984,19,6,2966,7,121,2864 1,1,1,1,1,1,1,1,1,1,1
16,20,2925,173,121,538,401,27,12824,3264,144 1,1,1,1,1,1,1,1,1,1,1
16,14,1634,10,338,24,121,814,15,12831,333,5,4076,2590 1,1,1,1,1,1,1,1,1,1,1,1,1,1
16,40,539,63,233,27,6,121,538,108,3403,9104,53,31,2794 1,1,1,1,1,1,1,1,1,1,1,1,1,1,1
249,6,2327,114,20,285,13,6,29 1,1,1,1,1,1,1,1,1
192,7,24,1135,129,6196 1,1,1,1,1,1
12,1708,1441,271,196,41,7,80,75,46,898,28,62,244,1409,101,20,2251,19,2685,5,2903,7,203 1,1,1,1,1,1,1,1,1,1,1,1,1,1,1,1,1,1,1,1,1,1,1,1
47,963,6,29,10,437,13,260,32,865,108,24,115,808 1,1,1,1,1,1,1,1,1,1,1,1,1,1
84,20,784,1068,10,437,13,170 1,1,1,1,1,1,1,1
4865,10091,10092,2,195 1,1,1,1,1
384,4,2630,4,10094,19803,2178,4,19804,6184,1070,4,19805,6185,1070,4,19806 1,1,1,1,1,1,1,1,1,1,1,1,1,1,1,1,1
