69,49,4,19807,19808,2,19809,2,10098,47,1121,38,29,6546 1,1,1,1,1,1,1,1,1,1,1,1,1,1
47,2957,13,584,32,166,19,6,89,69,2,12832,6,203,32,2872,42,6,427,12,6,303,441 1,1,1,1,1,1,1,1,1,1,1,1,1,1,1,1,1,1,1,1,1,1,1
30,7,156,360,4,12,2001,2,38,14,15,4048,345,13,391,7,44,422,19,639,17,6,78,1036,236,117,4682,10099 1,1,1,1,1,1,1,1,1,1,1,1,1,1,1,1,1,1,1,1,1,1,1,1,1,1,1,1
6,29,1282,115,428,80 1,1,1,1,1,1
16,1008,24,19810,312,104,718,170,10,6,303,441,17,2107,141 1,1,1,1,1,1,1,1,1,1,1,1,1,1,1
6,29,21,39,15,158,30,7,717,602,505,5,248,1651,730,12,19811,117,1084,534 1,1,1,1,1,1,3,3,3,3,3,3,3,3,3,3,3,3,3,3
6,29,21,61,448,57,136,5,288,21,533,834,115 1,1,1,1,1,1,1,1,1,1,1,1,1
16,14,453,42,58,5703,5,4666,58,5703,74,622,104,718,170,10,6,303,441 1,1,1,1,1,1,1,1,1,1,1,1,1,1,1,1,1,1,1
16,88,44,34,27,468 1,1,1,1,1,1
16,113,31,50,263,34 1,1,1,1,1,1
11,34,1539,10,6,168 1,1,1,1,1,1
11,255,7,194,2,807,2,26,1317,115 1,1,1,1,1,1,1,1,1,1
78,89,30,4,127,5,164,143,76 1,1,1,1,10,1,9,9,9
78,545,30,4,32,166,2,78,545,30,14,369,959 1,1,1,1,1,1,1,1,1,1,1,1,1
179,30,4,78,671,10100 8,8,8,8,8,8
128,30,4,2350 1,1,1,1
163,7,213,4,182,17,37,71,14,166,19,6,234 1,1,1,1,1,1,1,1,1,1,1,1,1
192,150,115,53,66,32,166,12,6,89,69 1,1,1,1,1,1,1,1,1,1,1
77,4,361,1798,10,6,948 1,1,1,1,1,1,1
93,122,4,520,359,53,32,166,12,6,89,69 1,1,1,1,1,1,1,1,1,1,1,1
47,755,38,29,5,1061,13,93,73,584,32,166,19,6,69 1,1,1,1,1,1,1,1,1,1,1,1,1,1,1
361,1798,10,6,948 1,1,1,1,1
7,99,2,6,29,21,11,2613,93,73,584,2,15,599,93,122 1,1,1,1,1,1,1,1,1,1,1,1,1,1,1,1
489,467,4,548 1,1,1,1
147,14,43,399,212,13,3997,276,1672,12,1088,2,2489,48,355,43,2,11,180,3170,1278,142 1,1,1,1,1,1,1,1,1,1,1,1,1,1,1,1,1,1,1,1,1,1
6,29,14,281,34,739 1,1,1,1,1,1
242,5,89,1941,2505,4,38,14,15,4048,345,13,218,185,714,37,14,834,12,9563 1,1,1,1,1,1,1,1,1,1,1,1,1,1,1,1,1,1,1,1
16,40,55,265,10,507 1,1,1,1,1,1
47,285,38,1533,13,6,1724,19,750,2,58,19812 1,1,1,1,1,1,1,1,1,1,1,1
6,29,40,55,265,17,241,1243,5,19813,7,561,108,1633 1,1,1,1,1,1,1,1,1,1,1,1,1,1
526,10101,2,10098,96 1,1,1,1,1
495,4,12833,276,4,12833,597,42,4,10101,2,10098,813,19814,4019,232,31,177,42,240,312,232 1,1,1,1,1,1,1,1,1,1,1,1,1,1,1,1,1,1,1,1,1,1
