69,49,4,19972,507,6577,224,144,581,17,101,4,437,1207,17,2727,957,30,4,512,19973,267,11,167,136,6,95,7,24,97,101 18,1,1,1,1,1,1,1,1,1,1,1,1,1,1,1,1,1,1,1,1,1,1,1,1,1,1,1,1,1,1
16,19974,37,16,21,7826,19975,65,430,136,24,97,101 1,1,1,1,1,1,1,1,1,1,1,1,1
88,596,2,469 1,1,1,1
88,396,26,892 1,1,1,1
1400,15,2036,1521,7,415,27,140,4,24,837,14,140,117,15,392,1219,5,1030,1294,7,63,5662,5,14,1701,11971 1,1,1,1,1,1,1,1,1,1,1,1,1,1,1,1,1,1,1,1,1,1,1,1,1,1,1
16,21,39,10,881,100,24,3221,10,907,60,203,7,170 1,1,1,1,1,1,1,1,1,1,1,1,1,1
78,89,30,4,81,2,178,2,2727,77,9,941,8,4,172,370,22,35,347,33,1650,51,22,35,347,33,10140,491,25,33,138,210,184,109,22,33,8476,1435,41,568,2357,933,390,25,59,8477,3672,12966,41,771,677,179,30,4,281,31,1544,286,7,6,1477,28,88,19976,163,7,213,4,125,256 1,1,1,1,4,1,9,1,1,1,1,1,1,1,11,1,1,1,1,1,31,1,1,1,1,1,1,1,1,1,1,12,13,1,1,1,1,1,1,1,1,1,1,1,1,1,1,1,1,7,7,1,1,1,1,1,1,1,1,1,1,1,1,1,1,1,1,1,1,1
3533,66,12,790,93,122,4,1602,4,4371,1669,4,1678,1823,1750,4,11,180,326 1,1,1,1,1,1,1,5,5,5,1,1,1,1,1,1,1,1,1
1978,4,483,1670,4,90,10,452,5,1043 1,1,1,1,1,1,1,1,1,1
1515,4,52,719,2624,1706,5,2428 1,1,1,1,1,1,1,1
135,145,5,212,2,43,246,5,253 1,1,1,1,1,1,1,1,1
68,129,11,2844,26,711 1,1,1,1,1,1
314,4622,3475,653,417,27,6,1709 1,1,1,1,1,1,1,1
2497,4,4895,3127,4,1671,4,43,529,300,302 1,1,1,1,1,1,1,1,1,1,1
1635,4,86,720,26,79 1,1,1,1,1,1
2723,4,10141,147,4,399,212,13,51,8339 1,1,1,1,1,1,1,1,1,1
513,1672,1511,35,2,2535,12967,344,891,743 1,1,1,1,1,1,1,1,1,1
1424,1846 1,1
513,1672,1511,2717,5,2489,12967,19977,371 1,1,1,1,1,1,1,1,1
775,19978,2,1846,268,1959 1,1,1,1,1,1
242,5,114,4,1516,4736,13,30,7,2727,218,576,10,430,245,28,27,95,7,429,2,16,39,5961,178,514 1,1,1,1,1,1,1,1,1,1,1,1,1,1,1,1,1,1,1,1,1,1,1,1,9,1
85,2,19979,35,8,29,3259,24,97,704,1115 1,1,10,1,1,1,1,1,1,1,1
40,5848,10,155,17,957,1051,19,522,5,664,19980 1,1,1,1,1,1,1,1,1,1,1,1
64,3984,10,881,100,192,430,17,1611,19981,27,1502 1,1,1,1,1,1,1,1,1,1,1,1
16,12289,19982 1,1,1
51,8,127,4,31,3447,27,38,542,124,81 1,1,10,1,1,1,1,1,1,1,4
47,50,963,12679,10,383,24,184,10,130,22,102,8,81,4,57,425,42,58,8472,183,8,178,4,19,15,1226,9,120,14,178,19983,32,57,8,91,5033,1901,142,10,77,38,101,1650,51,22,35,347,33,2144,1760,247,4,12962,172,370,22,35,347,33,2144,5490,2253,247,4,12963,184,130,22,25,33,2144,5882,247,4,12964,210,491,25,33,247,4,12965,771,677,196,22,25,33,247,4,8475,933,390,25,59,7381,5490,247,4,8475,60,297,1275,10140,491,25,33,138,10137,1760,247,4,12968,5035,4,153,347,119,107,28,60,153,1719,158,10,2832,996,8477,3672,12966,41,4852,4,19984,3670,4,51,247,4,12968,2208,59,8476,1435,41,568,2357,19985,5490,247,4,19986,19987,59,1224,968,1817,4,1134,10,1906,1105,496,681,809,42,19988,4163,195,19,3775,154,2,3570 1,1,1,1,1,1,1,13,1,1,1,1,1,4,1,1,1,1,1,1,1,1,9,1,1,1,1,1,4,1,9,1,1,1,1,1,1,1,1,1,1,1,1,31,1,1,1,1,1,1,1,1,1,1,11,1,1,1,1,1,1,1,1,1,1,1,13,1,1,1,1,1,1,1,1,1,12,1,1,1,1,1,1,7,7,1,1,1,1,1,1,1,1,1,1,1,1,1,1,1,1,1,1,1,1,1,1,1,1,1,1,1,1,1,1,1,1,1,1,1,1,1,1,1,1,1,1,1,1,1,1,1,1,1,1,1,1,1,1,1,1,1,1,1,1,1,1,1,1,1,1,1,1,1,1,1,1,1,1,1,1,1,1,1,1,1,1,1,1,1,1,1,1,1,1
