67,54,4,23043,528,5825,4128,198,599,55,4,74,14,62,2227,17,40,55,9,14564,8,404,17,112,4,293,3636,14,62,547,87,302,358,13,95,619,3,132,162,1696,2247,13,626,226,7,184,5,3950,17,268,172 1,1,1,1,1,1,1,1,1,1,1,1,1,1,1,1,1,1,1,1,1,1,1,1,1,1,1,1,1,1,1,1,1,1,3,3,3,1,1,1,1,1,1,1,1,1,1,1,1,1,1
694,30,4,16,21,311,103,341,709,5,15,30,7,212,54,188,10,1604,14565,27,37,802,3,16,55,118,48,94,5,437,19,673,380 1,1,1,1,1,1,1,1,1,1,1,1,1,10,1,1,1,1,1,1,1,1,1,1,1,1,1,1,1,1,1,1,1
96,15,269,429,154,3,16,20,162,17,103,593 1,1,2,2,2,1,1,1,1,1,1,1
181,1531,275,170,6565,884,212 1,1,1,2,2,2,10
16,38,62,3434,469,5,526,103,591,172 1,1,1,3,3,1,1,1,1,1
216,3771,264,275,15,504,70,216,243,13,131,53,216,76 1,1,1,1,1,1,1,1,1,1,1,1,1,1
16,526,15,210,884,619,43,64,9538 1,1,1,3,3,3,1,1,1
23,466,3524,158,15,2285,10,6,309,3,2491,10,6,2764,5,3853,5,15,2491,10,6,2794,1528 1,1,1,1,1,1,1,1,1,1,1,1,1,1,1,1,1,1,1,1,1,1,1
16,606,14566,17,432 1,1,1,1,1
16,98,38,585,831,13,15,1435,692,922,3,343,13,2305 1,1,1,1,1,1,1,1,1,1,1,1,1,1
23,3434,20,1004,15,493,65,315,1605 1,1,1,1,1,1,1,1,1
16,387,301,574,563,84,3,5,62,1132,275,15,1194,1574,12,23,1038,400,66,1247,42,10,1352,42 1,1,1,1,1,1,1,1,1,1,1,1,1,1,1,1,1,1,1,1,1,1,1,1
16,20,943,318,10,6,103,593,149 1,1,1,1,1,1,1,1,1
181,1531,275,15,2248,883,2491,10,2794,3,15,180,42,2763,243,12,6,2491,10,6,2764,5,3853 1,1,1,1,1,1,1,1,1,1,1,1,1,1,1,1,1,1,1,1,1,1,1
6,2285,20,883,3,51,74,20,11,1298,949,6,443,309 1,1,1,1,1,1,1,1,1,1,1,1,1,1
16,526,251,7,6,2285,4950,949,6,309,13,15,8985,123,13752,3,8985,123,8821,5,8985,123,8821,6764,251 1,1,3,3,3,3,1,1,1,1,1,1,1,1,1,1,1,1,1,1,1,1,1,1,1
23,315,103,591,438,20,268,698,43,15,14567,854,5,15,1563,627,153,400 1,1,1,1,1,1,1,1,1,1,1,1,1,1,1,1,1,1
16,98,606,1456,23044,17,1456,3426 1,1,1,1,1,1,1,1
16,20,96,43,64,11338 1,1,1,1,1,1
23,2129,3392,20,1303,72 1,1,1,1,1,1
16,20,98,514,10,46,15,709,3725,1874,3,5,20,343,13,11339 1,1,1,1,1,1,1,1,1,1,1,1,1,1,1,1
194,114,3771,264,275,15,187,789,1591,971,3,5,16,20,261,19,23045 1,1,1,1,1,1,1,1,1,1,1,1,1,1,1,1,1
15,96,115,1132,275,62,891,1138,7,2018,42,13,1362,5061,3,13,344,131,1027,1504 1,1,1,1,1,1,1,1,1,1,1,1,1,1,1,1,1,1,1,1
16,20,261,10,977,19,315,1605,65,3084,16,20,261,66,977,19,1225,1990 1,1,1,1,1,1,1,1,1,1,1,1,1,1,1,1,1,1
19,1225,23046,16,20,2685,5,514,10,52,1440,43,6,2063 1,1,1,1,1,1,1,1,1,1,1,1,1,1
23,589,94,143,1273,10,388,1420,3,5,23,218,20,377,5,23,289,228,20,2208,12,1814 1,1,1,1,1,1,1,1,1,1,1,1,1,1,1,1,1,1,1,1,1,1
16,90,88,48,453,3,994,26,303,453,26,418 1,1,1,1,1,1,1,1,1,1,1,1
16,90,88,760,3,51,21,68,391,12,15,124,859,13,6,413,185,1288,851 1,1,1,1,1,1,1,1,1,1,1,1,1,1,1,1,1,1,1
6,150,2842,6,668,2082,40,495,33,58,624,140,1001,5,226,7,184 1,1,1,1,1,1,1,1,1,1,1,1,1,1,1,1,1
23,289,20,118,10,171,22,69 1,1,1,1,1,1,1,1
313,3,186,221,43,2063,3,23,702,737,1045,20,1279,42 1,1,1,1,1,1,1,1,1,1,1,1,1,1
6765,20,454,5,16,20,1500,10,23047,230,17,172 1,1,1,1,1,1,1,1,1,1,1,1
80,39,30,4,14568,35,768,3,106,3,317,645,151,123,558,13315,13,1383,3,604,5,1082,3,131,153,765,3,881,3,216,76,3,709,3725,1874,3,1283,3,841,314,3,752,1332,1874 1,1,1,1,1,1,1,1,7,1,4,4,4,1,1,1,1,1,1,1,1,1,1,1,1,1,1,1,1,1,1,1,1,1,1,1,1,1,1,1,1,1,1,1
2501,4,619,14569,3,1416,4041 1,1,3,1,1,1,1
84,10,127,1545,4,11,374,127,33,1105,4,257,81,259,39,9,660,8,4,203,1026,25,105,33,1343,210,40,272,274,799,25,69,14570,647,521,105,622,647,25,105,289,549,25,69,1184,5079,2534,22,25,305,906,36,298,25,105,1118,378,25,105,423,1269,25,105,663,835,3544,25,105,145,165,1315,1024,521,305,736,1632,25,608,2708,686,123,1576,298,25,27,1350,752,1332,945,1337,25,105,150,30,4,719,3006,13,1937,27,1217,29,832,3006,13,399,27,1578,29,36,682,27,1322,13,690,29,36,73,27,1733,13,458 1,1,1,1,1,1,1,1,1,1,1,1,1,1,1,1,1,1,1,11,1,1,1,1,1,1,1,1,9,1,1,1,1,1,1,1,21,1,1,1,1,1,1,1,1,1,1,1,1,1,1,1,1,1,1,1,1,1,1,26,1,1,1,1,1,1,1,1,8,8,8,8,8,8,12,1,1,1,1,1,1,1,1,1,1,1,1,1,1,1,1,1,1,1,1,1,1,1,1,1,1,1,1,1,1,1,1,1,1,1,1,1,1,1,1,1,1,1,1,1,1,1
206,30,4,920,3,320,1609,727,3,919,23048 1,1,1,1,1,1,1,1,1,1,1
699,4,334,2508,29,485,4,200,29,3834,4,1014,9348,29,288,4,244,406,159,261 5,5,5,5,5,1,1,1,1,1,1,1,1,1,1,1,1,1,1,1
81,7,182,4,72,17,4,1041,555,3,95,678,84,3,1524,3,690,3,611,3,1234,3,1012,76,3,494 1,1,1,1,1,1,1,1,1,1,1,1,1,1,1,1,1,1,1,1,1,1,1,1,1,1
269,17,4,35,258,3,2430,516,2094,1604,967,3,403,7,4857,3,2091,3158,3,1745,935,3,881,33,13,100,725,27,36,893 1,1,1,1,1,1,1,1,1,1,1,1,1,1,1,1,1,1,1,1,1,1,1,1,1,1,1,1,1,1
102,101,4,1612,4,1273,2102 1,1,1,1,1,1,1
156,4,125,231,42,19,1467,1665,4,15,78,1071,29,1117,3,60,387,3,590,197,1789,358,12,480 1,1,1,1,1,1,1,1,1,1,1,1,1,1,1,1,1,1,1,1,1,1,1,1
2251,4,2529,3,617,5,683 1,1,1,1,1,1,1
1877,4,1806 1,1,1
1043 1
1613,4,155,327,1441,12,649,100,13,1248,876,6763,115 1,1,1,1,1,1,1,1,1,1,1,1,1
11,407 1,1
794,1456,1615,60,620,3,97,1280 1,1,1,1,1,1,1,1
11284,2126,204 1,1,1
1502,4,44,304,5,310,3,13,15,3264,589,213,27,5887,97,1162,3,26,1094 1,1,1,1,1,1,1,1,1,1,1,1,1,1,1,1,1,1,1
11,502 1,1
1614,4,152,3,979,13,308,588 1,1,1,1,1,1,1,1
11,240,26,222,857 1,1,1,1,1
1595,4,562,433,100,97,222 1,1,1,1,1,1,1
443,133,8353 1,1,1
217,93 1,1
11,777,1850 1,1,1
2540,4,15,78,1071,29,1117,3,928,2657 1,1,1,1,1,1,1,1,1,1
1546,4,23049,177,4,44,338,239,27,1996,1815,13,11109,11085,3,50,5,2473 1,1,1,1,1,1,1,1,1,1,1,1,1,1,1,1,1,1
1664,95,149,4,1817,54,705,592,392,888,8354,4227,1944,1469,23050,103,898,54,1336,2340,4375,8354,72,72,23051,1012,5,1158,898,54,2289,8354,215,1185,54,333,349,536,8354,6085,2777,4265,2613,54,79,1074,1067,8354,3701,1715,6517,192,5,104,4,14568,33,13,95,619,5,181,251,3,132,162,1696,6,2247,13,437,5,3950 1,1,1,1,1,1,1,1,1,1,1,1,1,1,1,1,1,1,1,1,1,1,1,1,1,1,1,1,1,1,1,1,1,1,1,1,1,1,1,1,1,1,1,1,1,1,1,1,1,1,1,1,1,1,1,1,1,1,3,3,1,1,1,1,1,1,1,1,1,1,1,1,1
417,103,898,1018,14,72,3,51,2130,1194,185 1,1,1,1,1,1,1,1,1,1,1
649,19,77,3,1403,15,2411,7,458,5,997,792,9,1890,39,20,31,52,943,27,1367,228,23052,8 1,1,1,1,1,1,1,1,1,1,1,1,1,1,1,1,1,1,1,1,1,1,1,1
41,162,17,2192,3,134,173,792,31,265,13,1890,3,208,160,9542 1,1,1,1,1,1,1,1,1,1,1,1,1,1,1,1
134,148,1301,3,41,1833,266,228,2002,1560 1,1,1,1,1,1,1,1,1,1
144,1132,10,192,559,5,2465,792 1,1,1,1,1,1,1,1
86,203,5,423 1,11,1,26
95,971,33,19,14570,33,395,86,5,773,64,11338,10,122,477,9543,9,374,10,201,8 1,1,1,1,1,1,1,1,1,1,1,1,1,1,1,1,1,1,1,1,1
151,33,86,137,389,3,96,5,1495,35,160 4,1,1,1,1,1,1,1,1,1,1
2978,2276,11340,14571,3,1203,205,867,43,2978,2276,11340,14571,3,1203,2227,4,14564,28,221,5,101 1,1,1,1,1,1,1,1,1,1,1,1,1,1,1,1,1,1,1,1,1,1
1401,2964,11340,3,1203 1,1,1,1,1
740,13,192,5,104 1,1,1,1,1
12,1922,3,547,832,13,95,619,162,17,118,307,13,760,5,739,3,1019,1086,997,792 1,1,1,1,1,1,3,3,1,1,1,1,1,1,1,1,1,1,1,1,1
19,10297,19,224,205,7,53,130,371 1,1,1,1,1,1,1,1,1
104,4,506,3,2192,3,3536,997,3263 1,1,1,1,1,1,1,1,1
11335,9539,3,229,710,47,23053,205,867,43,11335,9539,3,229,607,161,4,603,13,2227 1,1,1,1,1,1,1,1,1,1,1,1,1,1,1,1,1,1,1,1
