67,54,4,13712,2992,30,28,61,17,62,1908,77 1,1,1,1,1,1,1,1,1,1,1,1
21,68,191,207,60,3,15,1928,429,35,1033,848,1363,13,567,399,99,87 1,1,1,1,1,1,1,1,1,1,1,1,1,1,1,1,1,1
2740,33,11,2108,432,3,31,2159,308 1,1,1,1,1,1,1,1,1
288,33,200,3,147,1022,567,373,4,1958,379,73,9706,2632,3,896,848,1363,440,1997,1022,778,490,4,573,583,1247,379,106,15139,89,33,49,233,24,254 1,1,1,1,1,1,1,1,1,1,1,1,1,1,1,1,1,1,1,1,1,1,1,1,1,1,1,1,7,1,1,1,1,1,1,1
41,126,191,128,288,5,527,10,1516,140 1,1,1,1,1,1,1,1,1,1
299,92,144,27,285,5,25061,233,6,85,43,6,757,74 1,1,1,1,1,1,1,1,1,1,1,1,1,1
20,25062,95,13,609,15140,82,121,514,37,2431 1,1,1,1,1,1,1,1,1,1,1
41,144,5,940,92,5,134,78,840,29,1618,10,1521,2110,3602,3455,4,2085,2508,10757,221,609,4529,159,2641,186,1063,10,564,24,1238,1787 1,1,1,1,1,1,1,1,1,1,1,1,1,1,1,1,1,1,1,1,1,1,1,1,1,1,1,1,1,1,1,1
119,143,449,10,299,92,13,535,12,2380,238,4,334,5191,110,431,33,464,31,238,2897,1303,71,324,4,6370,2217,3,96,6756,33,20,15133,12,15134,3,2122,2405,3,827,7805,5,398,89,8472,4,2923,33,1011,111,5201,3954,82,3,6824,5,7224,3,9704,17,325,33,90,3613,26,616 1,1,1,1,1,1,1,1,1,1,5,5,5,5,3,3,1,5,5,5,5,1,1,1,1,1,1,1,1,1,1,1,1,1,1,1,1,1,1,1,1,1,1,1,1,1,1,1,1,1,1,1,1,1,1,1,1,1,1,1,1,1,1,1,1,1
109,598,190,15,2111,896,418 1,1,1,1,1,1,1
49,15,1672,184,5,92,2767,2492 1,1,1,1,1,1,1,1
11,424,116 1,1,1
190,92,1119,181,120,76,4,110,4358,5908,329,251,309,5191,3,609,4742,3,1011,8471,6323,33,193,570,17,325 1,1,1,10,10,10,1,3,3,3,3,3,3,3,1,1,1,1,1,1,1,1,1,1,1,1
11,529,82,3,3613 1,1,1,1,1
749,609,15140,25063,121,2324,312,1775,393,5536,10,580,78,986,29,5163,118,24,236,10,382,22,600,18,21,887,359,40,1702 1,1,1,1,1,1,1,1,1,1,1,1,1,1,1,1,1,1,12,1,1,1,1,1,1,1,1,1,1
687,635,4,2923,3,2601,3,96,972 1,1,1,1,1,1,1,1,1
343,13,15135,1655,5752,99,972,144,11687,5,20,12,6,44,471 1,1,1,1,1,1,1,1,1,1,1,1,1,1,1
10,122,64,7573,1729,87,3,600,244,3462,33,464,21,887,2715 1,1,1,1,1,1,1,1,1,1,1,1,1,1,1
41,810,62,1089 1,1,1,1
144,972 1,1
287,4,4325,131,1579,3,4507,3,142,3,2555,5,374,403,212,12,79 15,1,1,1,1,1,1,1,7,1,1,1,1,1,10,1,1
41,118,10,382,22,7,236,5,286,12,36,129,144,1228,5,393,772,27,15141,124 1,1,1,1,1,1,12,1,1,1,1,1,1,1,1,1,1,1,1,1
41,3646,17,580,602,306,586,39,252,9,947,478,8,901,45,49,36,45,9,73,8,25,32,754,2336,9,1160,22,8,36,298,1104,1580,167,167,529,729,9,1212,8,647,45,49,36,45,9,73,8,25,32,5910,1455,829,42,9,5910,8475,829,42,8,1140,69,167,236,9,800,8,549,45,25,32,1088,9,218,8,549,45,49,36,45,9,73,8,25,32,274,686,45,49,36,45,9,73,8,25,32,780,9,913,8,799,45,49,36,45,9,73,8,25,32,127,8473,33,277,3,150,30,661,5231,3,583,1996,7,1730,399,11682,3,431,27,1713,5,1364,33,583,286,7574,603,583,66,567,399,139,210,87,11683,3,1363,440,1958 1,1,1,1,1,1,1,1,11,11,11,11,11,1,1,1,1,1,1,1,1,1,1,25,25,1,1,1,1,1,1,1,1,1,1,1,20,20,20,20,1,1,1,1,1,1,1,1,1,1,1,1,1,1,1,1,1,1,1,1,1,1,1,12,12,12,12,1,1,1,1,13,13,13,13,1,1,1,1,1,1,1,1,1,1,9,1,1,1,1,1,1,1,1,1,1,28,28,28,28,1,1,1,1,1,1,1,1,1,1,1,1,1,1,1,1,1,1,1,1,1,1,1,1,1,1,1,1,1,1,1,1,1,1,1,1,1,1,1,1,1,1,1,1,1,1,1,1,1
2828,848,1363,567,399,440,1997,33,484,1775,33,2187,5,2999 1,1,1,1,1,1,1,1,1,1,1,1,1,1
539,848,33,175,13,151,3,5,58,1020,33,1867,11,84,159,356,1908 1,1,1,1,1,1,1,1,1,1,1,1,1,1,1,1,1
206,30,285,17,11684,35,11685,3,2306,2380,3,175,723,33,180,379,2877,1325,81,7,182,6,96,182,143,81,89,5,143,72,2246,934,376,12,6,30,55,270,4,1754,3,227,3,567,3,1910,3,361,3,2740,3,196,3,1058,3,352,3,1326,3,386,3,5,2561,102,77,316,205,148,25064,3,364,1106,3,2049,1217,12,3,655,5822,948,33,115,929,842,718,880,967,2551,10498,207,4,197,60,227,4,665,3,863,3,1042,44,196,4,11,1963,243,136,4,11,879,3,11,222,638,4,11,875,3,1797,3,26,2109,908,567,33,11,3447,261,26,4283,3,11,2199,240,48,4,91,10,463,3,11,1116,26,407,720,4,145,304,3,310,3,11,213,3,502,26,561,362,4,152,3,952,3,11,969,26,240,2281,33,1858,141,1644,1101,10,191,1238,1787,33,5063,14,2175,244,365,5,4358,3,399,887,299,9709,12,469,10,299,92,527,311,1976,9709 1,1,1,1,1,1,1,1,1,1,1,1,1,1,1,1,1,1,1,1,1,1,1,1,1,1,1,1,1,1,1,1,1,1,1,1,1,1,1,1,1,1,1,1,1,1,1,1,1,1,1,1,1,1,1,1,1,1,1,1,1,1,1,1,1,1,1,6,6,1,1,1,1,1,1,1,1,1,1,1,1,1,1,1,1,1,1,51,51,1,1,1,1,1,1,1,1,1,1,1,1,1,1,1,1,1,1,1,1,1,1,1,1,1,1,1,1,1,1,1,1,1,1,1,1,1,1,1,1,1,1,1,1,1,1,1,1,1,1,1,1,1,1,1,1,1,1,1,1,1,1,1,1,1,1,1,1,1,1,1,1,1,1,1,1,1,1,1,1,1,1,1,1,1,1,1,1,1,1,1,1,1,1,1,1,1,1,1,1,1,1,1,1,1,1,1,1,1,1
376,3,11,246,1046,3,44,25065,5,8219 1,1,1,1,1,1,1,1,1,1
1058,4,11,685,3,474,3,26,246,11,188,4158,10,3613,3,66,3,66,7,6,53,657,618,531,4,11,5017,3,352,4,928,2657,436,936,5912,15137,72 1,1,1,1,1,1,1,1,1,1,1,1,1,1,1,1,1,1,1,1,1,1,1,1,1,1,1,1,1,1,1,1,1,1,1,1,1
3383,6917,1995,3295,6917,1942,25066,1016,8816,7,580,393,9,219,8,4,78,986,29,231,2536,15142,1143,25067,2536,15143,1303,365,15144,365,1139,26,78,840,29,3199,244,365,393,6917,4036,838,15136,122,146,12,295,4899,9,1505,8,6917,15145,189,4,25068,865,6917,3556,333,9,824,8,9708,7577,560,9,733,8,9708,3626,1512,1244,6915,1402,25069,122,146,12,295,1238,1787,5911,122,146,12,295,2722,3545,5911,1380,6917,1997,44,4,78,986,29,850,219,1303,365,4,15146,219,365,4,15147,219,244,365,4,78,840,29,26,1139,501,219,972,6917,25070,2705,7575,72,336,587,7575,122,146,12,295,192,5,104,176,436,936,33,1238,1787,56,775,10,299,40,85,465,3,20,449,10,191,92,2380,3,41,1347,188,10,2740 1,1,1,1,1,1,1,1,1,1,1,1,1,1,1,1,1,1,1,1,1,1,1,1,1,1,1,1,1,1,1,1,1,1,1,1,1,1,1,1,1,1,1,1,1,1,1,1,1,1,1,1,1,1,1,1,16,16,16,1,1,1,1,1,1,1,1,1,1,1,1,1,1,1,1,1,1,1,1,1,1,1,1,1,1,1,1,1,1,1,1,1,1,1,1,1,1,1,1,1,1,1,1,1,1,1,1,1,1,1,1,1,1,1,1,1,1,1,1,1,1,1,1,1,1,1,1,1,1,1,1,1,1,1,1,1,1,1,1,1,1,1,1,1,1,1,1,1,1,1,1,1,1,1,1,1,1,1,1,1,1
3456,25071,9710,3,838,1248,2808,33,390,5820,10,118,288 1,1,1,1,1,1,1,1,1,1,1,1,1
178,3329,33,512,3,752,487,235,33,20,996,3049,186,31,49,88,1804,3,2580,3,286,936,420,3,242,49,92,17,7322,286,488,129,183,3,41,1494,5,41,144,444,12,15,25072,7576,186,31,6136,13,4717,4412,195,391,3,429,33,753,10,52,191,207,476,132 1,1,1,1,1,1,1,1,1,1,1,1,1,1,1,1,1,1,1,1,1,1,1,1,1,1,1,1,1,1,1,1,1,1,1,1,1,1,1,1,1,1,1,1,1,1,1,1,1,1,1,1,1,1,1,1,1,1,1,1,1,1
210,366,15148,185,3,827,398,108,194,1365,6587,934,453,12,53,194,1365,548,186,299,319,7,15,3055,344,17,6,99,113 1,1,1,1,1,1,1,1,1,1,1,1,1,1,1,1,1,1,1,1,1,1,1,1,1,1,1,1,1
753,543,13,15,4270,4586,3,657,753,5090,1521,134,116,627,3,84,26,828,17,268,172 1,1,1,1,1,1,1,1,1,1,1,1,1,1,1,1,1,1,1,1,1
427,7,483,33,122,270 1,1,1,1,1,1
254,878 1,1
41,46,772,149,27,15141,124,12,36,129,3,9710,1089,13,609,7573,5,2740 1,1,1,1,1,1,1,1,1,1,1,1,1,1,1,1,1,1
513,320,129,5909,9705 1,1,1,1,1
