69,49,4,20254,507,10192,203,538,581,17,101,4,356,7,164,76,5,127 18,1,1,1,1,1,1,1,1,1,1,1,1,1,9,9,1,10
957,30,4,6164,589,10,977,57 1,1,1,1,1,1,1,1
16,21,31,1009,3982,17,259,198 1,1,1,1,21,1,1,1
16,2590,17,244,606,102,123,119,223,19,6,3123,5,113,31,433,44,34 1,1,1,1,1,1,1,1,1,1,1,1,1,1,1,1,1,1
16,113,126,10,1313,121,490,7,2441,7147,20255 1,1,1,1,1,1,1,1,1,1,1
16,14,31,460,87,79,26,655 1,1,1,1,1,1,1,1
128,30,4,1343,21,61,971,13,878,332 1,1,1,1,1,1,1,1,1,1
93,122,4,1750,4,11,180,326 1,1,1,1,1,1,1,1
2302,4,11,690,2,822 1,1,1,1,1,1
1978,4,483,1751,4,625,171,86,229 1,1,1,1,1,1,1,1,1
487,11,1078,580,1386 1,1,1,1,1
1670,4,90,10,452,5,1043 1,1,1,1,1,1,1
1515,4,52,719,2624,1706,5,2428 1,1,1,1,1,1,1,1
135,145,5,212,2,43,246,5,253,2,13,11,1093,10185 1,1,1,1,1,1,1,1,1,1,1,1,1,1
68,129,11,387,2,2844,26,711 1,1,1,1,1,1,1,1
1635,4,11,673,2,720,26,79 1,1,1,1,1,1,1,1
171,582,243,86,229 1,1,1,1,1
171,904,243 1,1,1
2723,4,15,75,985,1094,2,951,3193,992,175 1,1,1,1,1,1,1,1,1,1,1
1671,4,43,300,302,2,133,5,21,149,2223,277,2,13,11,953,26,342,1139 1,1,1,1,1,1,1,1,1,1,1,1,1,1,1,1,1,1,1
1602,4,20256,1669,4,2463,2497,4,4888,727 1,1,1,1,1,1,1,1,1,1
3127,4,147,4,399,212,2,6944,3848,2087,2,657,20257,1607,2,869,65,498 1,1,1,1,1,1,1,1,1,1,1,1,1,1,1,1,1,1
320,4,6164,589,10,273,57 1,1,1,1,1,1,1
47,285,13,170,6,581,17,24,1467,318,415,215,5,6,7408,8510,537,741,10,6,1869,1622 1,1,1,1,1,1,1,1,1,1,1,1,1,1,1,1,1,1,1,1,1,1
68,14,199,3383,10,38,2453,5,47,936,6164,16,692,10,126,10,352,10,20258,100,3403,3383 1,1,1,1,1,1,1,1,1,1,1,1,1,1,1,1,1,1,1,1,1,1
92,40,540,15,415,215,19,170,400,2470,10,1029,1769,16,21,31,39,1607,7,76,12,24,150,1469 1,1,1,1,1,1,1,1,1,1,1,1,1,1,1,1,1,1,1,1,1,1,1,1
384,4,3254,842,10181,2,195,7,20259,20260,681,809,42,13063,513,5969,195,19,2758,462,2,2140 1,1,1,1,1,1,1,1,1,1,1,1,1,1,1,1,1,1,1,1,1,1
