67,54,4,25204,1102,125,3,5895,2640,15173,3,107 1,1,1,1,1,1,1,1,1,1,1,1
15175,548,124,2136,5913,25205,297,15176,2579,3,1010,15177,684,4,2770,4578,509,47,9715,882,2640,4,50,749,2770,4578,465,89 1,1,1,1,1,1,1,1,1,1,1,1,1,1,1,1,1,1,1,1,1,1,1,1,1,1,1,1
16,21,68,244,211,224,225,571,80,1062,129 1,1,1,1,1,1,1,1,1,1,1
50,1526,40,1282,15,6564,7,6,96,544,793,84,12,23,39,389 1,1,1,1,1,1,1,1,1,1,1,1,1,1,1,1
35,360,731,3,119,46,1285,233,1860,1796,3,5,40,21,68,424,13,15,1496,2410 1,1,1,1,1,1,55,55,55,55,55,1,1,1,1,1,1,1,1,1
16,38,15180,2856,4516,469,3,1338,2279,10,23,1057,265,161,5,16,14,132,49,15,145,228,7,289 1,1,1,1,1,1,1,1,1,1,1,1,1,1,1,1,1,1,1,1,1,1,1,1
16,14,19,382,22,1755,13,171,22,135,65 1,1,1,1,1,1,1,1,1,1,1
16,109,46,116,7,590,3,51,23,1057,1053,161,14,334,404 1,1,1,1,1,1,1,1,1,1,1,1,1,1,1
16,14,137,19,4452,279,22,105,5,289,382,22,135,65,1755,13,171,22,135,65,3,1807,3611,22,337 1,1,1,1,1,1,1,1,1,1,1,1,1,1,1,1,1,1,1,1,1,13,1,1,1
2739,3,1052,3,165,3,809,3,203,3,5,25206 1,1,12,1,8,1,17,1,11,1,1,1
23,2305,21,68,1285 1,1,1,1,1
16,109,46,1497,692,1267,3,2209,2856,319,7,40,3,51,50,272,3367,10,420,3214,340,17,201,27,6,61,85 1,1,1,1,1,1,1,1,1,1,1,1,1,1,1,1,1,1,1,1,1,1,1,1,1,1,1
16,21,31,68,5274,43,23,3597 1,1,1,1,1,1,1,1
400,16,753,334,211 1,1,1,1,1
16,109,46,131,590,3,51,14,376,404,308 1,1,1,1,1,1,1,1,1,1,1
16,41,1533,52,1863,10,25207,40,1826 1,1,1,1,1,1,1,1,1
102,101,89,14,7,55,17,15,140,7,6031,842 1,1,1,1,1,1,1,1,1,1,1,1
23,63,94,14,9675,3,23,427,133,15181,23,136,813,57,12,1488,3,334,25208 1,1,1,1,1,1,1,1,1,1,1,1,1,1,1,1,1,1,1
74,14,673,1161,1453,3,1851,8771,632 1,1,1,1,1,1,1,1,1
74,14,11,6598,992 1,1,1,1,1
684,4,2770,4578,509,47,9715,3278,25209,155,143,91 1,1,1,1,1,1,1,1,1,1,1,1
101,7,23,130,275,15,5348,3801 1,1,1,1,1,1,1,1
304,5,310,753,44 1,1,1,1,1
11,1162,3,11,561,5,11,213,26,1027,1504 1,1,1,1,1,1,1,1,1,1,1
214,14,703,97,777,1012,26,3033,5,74,20,11,330,93 1,1,1,1,1,1,1,1,1,1,1,1,1,1
74,57,100,2915 1,1,1,1
23,1145,111,2856,239 1,1,1,1,1
293,2770,4578,14,137,211,19,40,389 1,1,1,1,1,1,1,1,1
1427,3,50,46,1049,11,84 1,1,1,1,1,1,1
50,46,144,999,1348 1,1,1,1,1
1087,941,17,2046,1186,1784,12,23,198 1,1,1,1,1,1,1,1,1
13,1586,641 1,1,1
1015,3,3095,1330,5732,3,107 1,1,1,1,1,1,1
25210,250,31,81,43,262,331,250 1,1,1,1,1,1,1,1
