69,49,4,20304,616,5971,20305,982,292,345,13,451,198,7,91,167,2,317,301,17,4359,7,2690,4311,2,346,7125 18,1,1,1,1,1,5,1,1,1,1,1,1,1,1,1,1,1,1,1,1,1,1,1,1,1,1
21,299,178,13,371,2913,5,3362,2,13,704,7125,1508,20306,41,585,13,806,5,1424,3198 1,9,9,1,3,3,3,3,3,1,1,1,1,1,1,1,1,1,1,1,1
11,421,864,2,8208,21,634,760,3493,27,511 1,1,1,1,1,1,1,1,1,1,1
826,235,446,138,9,173,989,511,119,2779,2,151,6319,2,8208,1242,13,20307,79,2,11,5168,20308,20309,8 1,1,1,1,1,1,1,1,1,1,1,1,1,1,1,1,1,1,1,1,1,1,1,1,1
17,78,259,3937,21,61,19,230,244,33,9,21,31,61,382,10,1897,2212,2,184,12,78,8,2,48,21,549,214,20310,2,2572,2,20311,12,2437,2,403,2572,348,12,6,882 1,1,1,1,1,1,1,7,1,1,1,1,1,1,1,1,1,1,1,1,1,1,1,1,1,1,1,1,1,1,1,1,1,1,1,1,1,1,1,1,1,1
404,24,1077,20,85,3495,5,16,1376,614,643 1,1,1,1,1,1,1,1,1,1,1
16,1236,8515,100,5,51,123,146,19,24,2248,2,16,795,6,230,5,136,237,21,549,3973,168,10,1054,3206 1,1,1,1,1,1,1,1,1,1,1,1,1,1,1,7,1,1,1,1,1,1,1,1,1,1
16,687,37,16,40,31,1418,168,19,230 1,1,1,1,1,1,1,1,1,7
27,97,101,2,20,1428,42,608,4225,10,954,10,126,13,230 1,1,1,1,1,1,1,1,1,1,1,1,1,1,7
120,19,987,20312,33,9,447,221,2,20313,8,2,86,5168,1658,864,2,13,134,2683,7,2287,12,221,5,3255,12,852 4,1,20,1,1,1,1,1,1,1,1,1,1,1,1,1,1,1,29,29,29,29,29,29,29,29,29,29
73,4,226,53,90 1,1,1,1,1
2174,1518,79 1,1,1
4252,4,663,1806,65,230 1,1,1,1,1,7
20314,2690,2,425,288 1,1,1,1,1
760,3493 1,1
138,235,31,9376 1,1,1,1
120,31,32,57,425,32,2518 4,1,1,1,1,1,1
544,2185,2,454,55,197,2,8208,16,14,393,6872,7,257 30,30,1,1,1,1,1,1,1,1,1,1,1,1
114,4,40,1022,13,608,4225,173,20315,10,60,2049,2314,5,108,87,150,2578,1683 1,1,1,1,1,1,1,1,1,1,1,1,1,1,1,1,1,1,1
111,31,7823,425 1,1,1,1
1428,135,235,245,7,390,793,119,2779,2,2236,4158,539,210,17,544,2185,2,48,400,101 1,1,1,1,1,1,1,1,1,1,1,1,1,1,1,30,30,1,1,1,1
383,310,10,823,59 1,20,1,1,1
1772,80 1,1
2512,13074,195 1,1,1
