69,49,4,20321,1215,1163,2,2994,5432,20322,2,96 18,1,1,1,1,1,1,1,1,1,1,1
562,3356,13077,680,144,1537,7412,1083,13078,3077,916,13079,536,4,3070,3998,8512,46,13080,6193,462,35,828,13081,4,1053,15,99,10,6597,329,37,47,701,3070,3998,428,80,17,24,1101,118,353 1,1,1,1,1,1,1,1,1,1,1,1,1,1,1,1,1,1,1,1,1,1,1,1,1,1,1,1,1,1,1,1,1,1,1,1,1,1,1,1,1,1,1
24,979,408,14,57,334,10,329 1,1,1,1,1,1,1,1
16,21,39,15,1234,383,12,336,79 1,1,1,1,1,1,1,1,1
38,21,2313,1170,15,89,322,37,1128,235,130,22,82,2,5910,244,22,82,2,493,2,230,244,22,82,2,2212,594,22,82,2,131,2,2198,37,20,288,2191,2,1266,368,22,82,2,20323,2,473,2,5,987 1,1,1,1,1,1,1,1,1,1,1,1,1,1,1,1,1,1,1,1,1,7,1,1,1,1,1,1,1,1,1,6,1,1,1,1,1,1,1,12,1,1,1,1,1,1,28,28,1,20
16,14,85,19,2157,4707,22,25,2865 1,1,1,1,13,1,1,1,1
65,15,3339,845,7,3134,2,16,1044,10,55,185,598,2,32,166,2,16,21,39,15,1234,383,12,336,79 1,1,1,1,1,1,1,1,1,1,1,1,1,1,1,1,1,1,1,1,1,1,1,1,1,1
24,78,979,408,14,57,334,10,329 1,1,1,1,1,1,1,1,1
32,329,871,2,16,39,63,13082,2930,65,20324,959 1,1,1,1,1,1,1,1,1,1,1,1
65,15,979,845,7,3134,2,16,14,355,185 1,1,1,1,1,1,1,1,1,1,1
93,122,80,14,7,99,17,15,121,7,20325,643,2,67,94,7210,2,13,15,2736,296,7,5342,112,1486,53,2088,2,13,318,6250,1002 1,1,1,1,1,1,1,1,1,1,1,1,1,1,1,1,1,1,1,1,1,1,1,1,1,1,1,1,1,1,1,1
24,293,1131,14,1459 1,1,1,1,1
24,226,53,1357,248,536,4,3070,3998,8512,46,13080,6193,462,35,1215,1163,2,2994,1916,90,2,86,1056,26,1223 1,1,1,1,1,1,1,1,1,1,1,1,1,1,1,1,1,1,1,1,1,1,1,1,1,1
122,7,6,118,821,15,10199,4578 1,1,1,1,1,1,1,1
68,14,15,133,1093,1422,2,11,417,7,1271,2075,2,5,11,2002,417,7,2371,2075 1,1,1,1,1,1,1,1,1,1,1,1,1,1,1,1,1,1,1,1
187,14,7,99,17,15,902,27,6,70,7413,5321 1,1,1,1,1,1,1,1,1,1,1,1
68,14,5390,336,79 1,1,1,1,1
6,2736,1322,482,4176,212 1,1,1,1,1,1
92,40,55,734,24,235,10,368,22,82,5,640,170,1831,42,13083,191,6,400,363,123 1,1,1,1,1,1,1,1,1,1,1,1,1,1,1,1,1,1,1,1,1
47,50,1074,11,150,142,12,24,231,89,322 1,1,1,1,1,1,1,1,1,1,1
1262,4259,17,6155,1089,2011,12,24,203 1,1,1,1,1,1,1,1,1
13,1810,1646 1,1,1
1027,1928,2,3316,2060,6303,2,6097,2,96 1,1,1,1,1,1,1,1,1,1
800,4,13084,827,4,20326,818,4,13084,20327,232,31,177,42,240,312,232 1,1,1,1,1,1,1,1,1,1,1,1,1,1,1,1,1
