69,49,4,20316,8512,303,1315,101,3998,2,3070,775,8513,101,49,4,20317,30,7,629,391,4,6,29,14,63,7720,1678,200,307,471,104,21,39,248,729,5700,12,6,78,2,317,63,3093,2,5,719,1257,5,719,1085,104,21,63,3052,12,104,279,80,13,24,3052,6497,306,511 18,1,1,1,1,1,1,1,1,1,1,1,1,1,1,1,1,1,1,1,1,1,1,1,1,1,1,1,1,1,1,1,1,1,3,3,3,3,3,3,3,3,3,3,1,1,1,1,1,1,1,1,1,1,1,1,1,1,1,1,1,1,1,1,1
6,29,74,3052,2020,13075,306,511,434,16,20,12,6,303,441 1,1,1,1,1,1,1,1,1,1,1,1,1,1,1
163,7,213,4,6,29,21,11,44,34,2,892,2,26,255,7,194 1,1,1,1,1,1,1,1,1,1,1,1,1,1,1,1,1
16,279,12,719,1257,13,24,3052,6497 1,1,1,1,1,1,1,1,1
78,89,30,4,6,29,21,15,182,164,143,76,30,5,288,39,24,5498,730,2,647,15,376,146 1,1,1,1,1,1,1,1,1,9,9,9,1,1,1,1,1,1,1,1,1,1,1,1
16,21,39,248,729,5700 1,1,1,3,3,3
16,21,81 1,1,4
77,4,607,5,310 1,1,22,1,20
137,4,230 1,1,1
93,122,4,520,359,4,520,359,1558,185,2,317,67,94 1,1,1,1,1,1,1,1,1,1,1,1,1,1
202,4,43 1,1,1
226,4,90 1,1,1
562,4,2851,13,15,4176,212 1,1,1,1,1,1,1
187,4,133,2,978 1,1,1,1,1
226,4,90,193 1,1,1,1
489,233,4,6,29,74,147,482,719,1257,5,106,518,2982,12,6,786,1511 1,1,1,1,1,1,1,1,1,1,1,1,1,1,1,1,1,1
44,810,20,90 1,1,1,1
1768,129,718,10,155,24,633 1,1,1,1,1,1,1
364,1958,12,189,4,6,29,20,9107,19,4542,5,4176,19,15,4542,1685 1,1,1,1,1,1,1,1,1,1,1,1,1,1,1,1,1
16,85,431,235,5,556 1,1,1,1,1,1
16,85,431,51,22,7,1286,17,5499 1,1,1,1,1,1,1,1,1
16,39,11,44,34,434,16,20,12,6,303,441,28,24,316,34,20,65,6,5498,6497 1,1,1,1,1,1,1,1,1,1,1,1,1,1,1,1,1,1,1,1,1
4327,9,317,440,8,4,6,29,20,201,42,378,325,5,85,42,6,378,325,1117 1,1,1,1,1,1,1,1,1,1,1,1,1,1,1,1,1,1,1,1
678,494,4,30,7,164,143,76,2,110,13,719,1257,5,518,2982,19,147,13,5498,6497 1,1,1,1,1,9,9,9,9,1,1,1,1,1,1,1,1,1,1,1,1
642,9,317,630,712,377,8,4,6,29,20,7216,10139,10,6,429,282 1,1,1,1,1,1,1,1,1,1,1,1,1,1,1,1,1
16,14,281,12,185,630 1,1,1,1,1,1
1416,20318,2462,10198,2,96 1,1,1,1,1,1
13076,20319,20320,597,42,4,2462,10198,2,96 1,1,1,1,1,1,1,1,1,1
13076,232,31,177,42,240,312,232 1,1,1,1,1,1,1,1
