69,49,4,20353,378,325,581,17,20354,19,639,44,422,7,639,2138,1184,250,30,7,156,20355,29,14,401,7355,37,18,21,13099,15,5753 1,1,1,1,1,1,1,1,1,1,1,1,1,1,1,1,1,1,1,1,1,1,1,1,1,1,1,1,1,1,1,1
18,21,61,4166,44,422,5,20356,13,366,19,639 1,1,1,1,1,1,1,1,1,1,1,1
6,115,479,151,18,14,19,6,3123,5,97,363,606,117,18,9826 1,1,1,1,1,1,1,1,1,1,1,1,1,1,1,1
18,14,3950,173,84 1,1,1,1,1
18,85,1351,7,2138,1184,5,250 1,1,1,1,1,1,1,1
89,20357,10204,2192,358,1214,13,304,7414,2820,254,127,6493,815,1407,7370,4741,1173,13,66,500,100,565,77,1133,83,22,33,556,677,196,22,33,5056,669,13094,22,894,105,22,172,474,22,33,310,447,22,59,424,927,20358,97,1108,1568,2134,43,97,1320,3362,97,8518,3260,97,752,3260,43,97,20359,2421,97,20360,905,97,181,73,905,97,464,2134,97,999,2134,97,1066,2134,10205,100,10,49,20361,179,20362,7,4487,13100,7841,13095,2,20363,139,13101,3108,20364,13096,20365,20366,20367,328,811,5,20368,309,152,554,1269,179,2,75,879,28,102,1553,119,223,20369,3907,634,993,2069,20370,20371,2069,152,3862,152,12,97,20372,4980,152,10206,2069,20373,245,2369,3944,8306,245,2369,1374,20374,20375,634,3865,840,152,1219,328,252,10,20376,328,20377,5,1240,31,15,231,1144,128,20378,15,1122,603,15,81,3664,515,3187,35,10207,15,726,51,332,515,81,261,600,261,661,623,76,515,551,515,163,7,20379,20380,20381,508,2,272,2,402,2,435,2,44,34,2,366,2,20382,142,191,97,200,20383,20384,20385,20386,88,150,182,167,13,640,5842,26,213,4,181,2,392,2,1176,2,1841,2,1184,2,112,2,1713,2,2641,2,118,2,226,2,1766,2,1018,2,668,2,5879,2,1031,2,899,2,67,2,5840 1,1,1,1,1,1,1,1,1,1,16,10,1,1,1,1,1,1,1,1,1,1,24,1,23,1,1,1,7,7,1,1,1,26,26,1,1,12,1,1,11,1,1,1,20,1,1,1,1,1,1,1,1,1,1,1,1,1,1,1,1,1,1,1,1,1,1,1,1,1,1,1,1,1,1,1,1,1,1,1,1,1,1,1,1,1,1,1,1,1,1,1,1,1,1,1,1,1,1,1,1,1,1,1,1,1,1,1,1,1,1,14,14,1,1,1,1,1,1,1,1,1,1,1,1,1,1,1,1,1,1,1,1,1,1,1,1,1,1,1,1,1,1,1,1,1,1,1,1,1,1,1,1,1,1,1,1,1,1,1,1,1,1,1,1,1,1,1,1,1,1,1,1,1,1,1,1,1,1,1,1,1,1,1,1,1,1,1,1,1,1,1,1,1,1,1,1,1,1,1,1,1,1,1,1,1,1,1,1,1,1,1,1,1,1,1,1,1,1,1,1,1,1,1,1,1,1,1,1,1,1,1,1,1,1,1,1,1,1,1,1,1,1,1,1,1,1,1,1,1,1,1,1,1,1,1,1,1,1,1,1,1,1,1,1,1,1,1
88,10121,26,1734,167 1,1,1,1,1
93,73,1910,292,4847,2902,12,436 1,1,1,1,1,1,1,1
2507,20387,121,368,20388,4503,20389,1680,520,359,4,5403,20390,20391,20392,579,972,20393,2,646,98,20394,20395,2,1130,2,11,673 1,1,1,1,1,1,1,1,1,1,1,1,1,1,1,1,1,1,1,1,1,1,1,1,1,1,1,1
4051,13102,2,2539,2,3109,2,11,20396,8517,20397,336,20398,36,3404,2587,2,11,2561,2,20399,90,2,20400,1025,20401,2,11,20402,36,5940,1405,3459,2,175,2,688,13103,20403,36,850,2907,1711,2,11,79,2,20404,36,806,6601,816,1711,2,304,850,20405,36,620,320,31,3459,2,2921,1052,5,8241,2,11,20406,2274,20407,10,452,193 1,1,1,1,1,1,1,1,1,1,1,1,1,1,1,1,1,1,1,1,1,1,1,1,1,1,1,1,1,1,1,1,1,1,1,1,1,1,1,1,1,1,1,1,1,1,1,1,1,1,1,1,1,1,1,1,1,1,1,1,1,1,1,1,1,1,1,1,1,1,1,1,1,1,1
20408 1
20409,5,212,20410,7,1859,6602,246,5,253,2,11,387,2,11,20411,336,243,2274 1,1,1,1,1,1,1,1,1,1,1,1,1,1,1,1,1,1,1
11,541,2,293,26,132,20412,2,11,20413,133,2,1095,1189,2,11,1592,277 1,1,1,1,1,1,1,1,1,1,1,1,1,1,1,1,1,1
11,953,2,11,342 1,1,1,1,1
1043,7,5653,9434,14,1095,1189 1,1,1,1,1,1,1
11,1148,243,9527,814,263,816 1,1,1,1,1,1,1
3342,528,2119 1,1,1
9990,5,3518,2119 1,1,1,1
20414,4087,151,20415,2,11,6603,7350,19,2648,2691 1,1,1,1,1,1,1,1,1,1,1
3627,27,1242,1733 1,1,1,1
2365,20416,27,1242,1733 1,1,1,1,1
217,2274,12,893 1,1,1,1
2395,590,2274,2,9454,193 1,1,1,1,1,1
2086,1095,1189,2,11,10208,2,11,13104,2,11,5923,2,502,7,721,9454 1,1,1,1,1,1,1,1,1,1,1,1,1,1,1,1,1
899,1478,1738,1746,992,175 1,1,1,1,1,1
672,10209,5,1242 1,1,1,1
3442,215,66 1,1,1
2082,3768,1445,10209 1,1,1,1
13105,3169,2,11,4810,2,11,2974 1,1,1,1,1,1,1,1
20417,5,20418,10210,175 1,1,1,1,1
1744,3074,1355,2274,171,12,192,217 1,1,1,1,1,1,1,1
3729,2214,1849,193 1,1,1,1
754,10089,1849 1,1,1
242,5,114,44,94,5,366 1,1,1,1,1,1,1
6,29,21,334,164,10204,2192,17,71,18,21,1976,13,507 1,1,1,1,1,1,1,1,1,1,1,1,1,1
6,115,37,18,1185,1208,380,1972,91,313 1,1,1,1,1,1,1,1,1,1
18,39,15,450,999,80,12,784,622,37,20,43 1,1,1,1,1,1,1,1,1,1,1,1
47,50,2179,6,29,10,207,100,13,507,17,241,242,5,63,1066 1,1,1,1,1,1,1,1,1,1,1,1,1,1,1,1
47,40,8519,13,58,20419 1,1,1,1,1,1
6,1745,7,115,273,31,1208,2477,714 1,1,1,1,1,1,1,1,1
358,1214,13,304,7414,2820 1,1,1,1,1,1
126,310,2,57,1620,2,1015,2604 1,20,20,1,1,1,1,1
254 16
19,894 1,12
2581,544,75,879,28,546,2,280,2627,2604 1,1,1,1,1,1,1,1,1,1
127 10
185,2,126,231,77 1,1,1,1,1
4741,1173,13,66,500,100 1,1,1,1,1,1
4104,1311,5,9691,2604 1,1,1,1,1
20420 1
4314,5,2549,5305 1,1,1,1
13106,1026,1908,2872 1,1,1,1
3638,1026,1908,2872 1,1,1,1
1033,8518,2604 1,1,1
258,2604 1,1
207,100,117,968,26,12,6242,198 1,1,1,1,1,1,1,1
20421,7416,2,96 1,1,1,1
