69,49,4,20422,378,325,581,17,101,435,508,44,34,713,30,7,156,360,6,29,14,401,1360,7,363,123,30,7,435,13,149,272,2,149,508,5,13107,44,422 1,1,1,1,1,1,1,1,1,1,1,1,1,1,1,1,1,1,1,1,1,1,1,1,1,1,1,1,1,1,1,1,1,1,1,1,1,1,1
37,14,1024,149,5,20423 1,1,1,1,1,1
6,34,14,31,6512,42,352,26,93,996,26,2318 1,1,1,1,1,1,1,1,1,1,1,1
18,21,61,699,2572 1,1,1,1,1
89,30,164,10204,2192,358,1214,261,8520,2820,254,127,6493,815,1407,7370,4741,1173,13,66,500,100,20424,495,565,36,110,8521,121,231,257,1133,83,22,33,556,677,196,22,33,5056,3177,22,33,13108,1010,244,22,33,13108,894,105,22,33,172,474,22,33,310,447,22,59,163,7,213,88,263,34,2,402,2,366,128,5,179,30,1083,7,4487,13100,7841,20425,139,13101,3108,20426,20427,477,15,1122,603,15,81,3664,515,3187,35,10207,15,726,51,332,515,81,261,600,261,661,623,76,515,551,515,258,5,2435,177,73,973,10211,1347,723,7139,202,570,2,3404,2587,2,2583,90,2,850,2907,2587,2,11,5077,2,11,399,277,2,11,304,850,1685 1,1,1,1,1,1,1,1,1,1,16,10,1,1,1,1,1,1,1,1,1,1,1,1,24,1,1,1,1,1,1,23,1,1,1,7,7,1,1,1,26,1,1,1,1,25,1,1,1,1,12,1,1,1,11,1,1,1,20,1,1,1,1,1,1,1,1,1,1,1,1,1,1,1,18,18,1,1,1,1,1,1,1,1,1,1,1,1,1,1,1,1,1,1,1,1,1,1,1,1,1,1,1,1,1,1,1,1,1,1,1,1,1,1,1,1,1,1,1,1,1,1,1,1,1,1,1,1,1,1,1,1,1,1,1,1,1,1,1,1,1,1,1,1,1,1,1
112,14,330,2,11,920,2,11,620,13097,2,11,8517,799 1,1,1,1,1,1,1,1,1,1,1,1,1,1
4615,13098,3604,2,90,10,452,193 1,1,1,1,1,1,1,1
34,20428,19,44,1392 1,1,1,1,1
562,246,5,253,13,135,212,5,145 1,1,1,1,1,1,1,1,1
11,387 1,1
187,14,133,2,1095,1189,2,11,782,342,26,1119 1,1,1,1,1,1,1,1,1,1,1,1
264,300,302 1,1,1
217,53,2274,13,11,79 1,1,1,1,1,1
1030,73,14,992,1095,900 1,1,1,1,1,1
242,5,114,44,422 1,1,1,1,1
6,29,74,30,5,73,273,31,1208,562,2275,48,34,20429,12,6,44,816,2,1031,12,2275 1,1,1,1,1,1,1,1,1,1,1,1,1,1,1,1,1,1,1,1,1,1
18,39,63,999,12,784,622,37,20,869,65,498,10212,2,68,129,11,11759,1113,2,11,20430,26,87,150,1954 1,1,1,1,1,1,1,1,1,1,1,1,1,1,1,1,1,1,1,1,1,1,1,1,1,1
18,20,5833 1,1,1
17,1031,34,47,50,909,11674,2590,2,5,252,262,10213,17,976,11346 1,1,1,1,1,1,1,1,1,1,1,1,1,1,1,1
18,40,1845,11694,239,10,339,115 1,1,1,1,1,1,1,1
263,422,13,435 1,1,1,1
6,29,40,207,15,13109,333,5,40,1845,13110,10214,5,150,10215,13,20431,20432 1,1,1,1,1,1,1,1,1,1,1,1,1,1,1,1,1,1
12,736,2,12,2954,7,394,47,50,909,23,10,50,15,2056,6604,17,20433,1768 1,1,1,1,1,1,1,1,1,1,1,1,1,1,1,1,1,1,1
454,115,6588,237,47,40,1491,6,29,10,3594,4671,5,4109 1,1,1,1,1,1,1,1,1,1,1,1,1,1
3201 1
6,29,40,3594,15,3554,760,20434,114,17,13111 1,1,1,1,1,1,1,1,1,1,1
5501,7416,2,96 1,1,1,1
