69,49,4,20454,507,10219,1473,144,581,17,101,4,512,6605,1263,17,961,7,24,164,76 1,1,1,1,1,1,1,1,1,1,1,1,1,1,1,1,1,1,1,9,9
957,30,4,16,20,288,1086,12,1091,10,6,7418,117,629,10,6,4449,144,10220,13,15,1095,518,1636,1471,371,12,6,3905,4809 1,1,1,1,1,1,1,1,1,1,1,1,1,1,1,1,1,1,1,1,1,3,3,3,3,3,3,3,3,3
16,543,1071,5,1527,7,24,717,269,947,15,758,98,1163,675,2671,624,10221,369 1,1,3,3,3,3,3,3,3,3,3,3,3,3,3,3,3,3,3
16,21,11,115,7,44,34,26,94,2,11,396,366,26,655 1,1,1,1,1,1,1,1,1,1,1,1,1,1,1
16,21,2476,106,121,5,692,10,500,19,37 1,1,1,1,1,1,1,1,1,1,1
78,89,30,4,161,178,4,5240,8522,4,368,41,2776,602,238,174,2783,2,3483,3205,238,2,90,2273 1,1,1,1,1,9,9,2,2,2,2,2,2,2,2,2,2,2,2,2,2,2,2,2
1105,1990,585,1324,41,2,43,721 2,2,2,2,2,2,2,2
5240,7419,4,2704,717,3328,505 2,2,2,2,2,2,2
602,13,717,130,41,505,2,861,602,369 2,2,2,2,2,2,2,2,3,3
861,52,1468,2,1424,269,13,1080,41,505,13,8523,3383 2,2,2,2,2,2,2,2,2,2,1,1,1
8524,1212,41,751,505 1,1,1,1,1
43,5664,2,11,32 1,1,1,1,1
8525,7420,41 1,1,1
10222,13,216,602,369,2,884,819,746,20,346,5,29,773,10,2570,885 1,1,1,3,3,1,1,1,1,1,1,1,1,1,1,1,1
165,116,186,254,77,9,941,8,4,2341,370,22,25,82,210,1668,25,82,921,1303,22,1160,866,83,606,138,44,34,473,1541,25,82,771,677,196,22,22,25,59,3149,8528,25,82,128,30,4,477,4,2694,12,284,74,13,3868,603,4,1350,178,2,13,523,371,12,196,74 1,10,16,16,1,1,1,1,1,11,1,1,1,1,12,1,1,1,9,1,1,1,1,1,1,1,1,1,28,1,1,1,7,7,1,1,1,1,1,33,1,1,1,1,1,1,1,1,1,1,1,1,1,1,27,27,27,9,27,27,27,27,27,27,27
39,371,6606,2,587,12,4948 27,27,27,27,27,27,27
179,30,4,16,4307,5974,1477,2,15,7421,140 1,1,1,1,1,1,1,1,1,1,1
16,21,216,8526,1240,48,88,98,244,159 1,1,1,1,1,1,1,1,1,1
16,14,31,924,2,11,726 1,1,1,1,1,1,1
671,4,261,17,130,159,8527 19,19,19,19,19,19,19
163,7,213,4,68,53,11,280,584,820,32,256 1,1,1,1,1,1,1,1,1,1,1,1
192,6,640,15,43,26,66,4,224,4,10223,121,1313,26,121,274,2,420,1112,508,26,469 1,1,1,1,1,1,1,1,1,1,1,1,1,1,1,1,1,1,1,1,1,1
392,5,112,4,1274,2,2574,3660,3498 1,1,1,1,1,1,1,1,1
372,4,250,1106,2,1309,3531,2,1919 1,1,1,1,1,1,1,1,1
562,4,125,30,256 1,1,1,1,1
1766,4,1579,2366,26,3859,2,572,2132,2,272,402,2403,2,2100,613,26,435,2,2126,26,4731,1962 1,1,1,1,1,1,1,1,1,1,1,1,1,1,1,1,1,1,1,1,1,1,1
668,4,1579,2438,27,420,2,668,2245,2,1018,2659,2,67,12,6,389 1,1,1,1,1,1,1,1,1,1,1,1,1,1,1,1,1
899,4,1666,3861,2,1232,2,274,7,862,12,153,568,2,803,26,1839,12,6,744 1,1,1,1,1,1,1,1,1,1,1,1,1,1,1,1,1,1,1,1
3219,4,2654,2035,2,844,2245 1,1,1,1,1,1,1
181,4,280,690,26,7926,2,657,2623,7,337,4041,2,3220,3359,12,1118,26,1947 1,1,1,1,1,1,1,1,1,1,1,1,1,1,1,1,1,1,1
1713,4,1609,2,1949,2,2639,26,1621,1214 1,1,1,1,1,1,1,1,1,1
1031,4,252,168,34,2,757,1861,2,757,388 1,1,1,1,1,1,1,1,1,1,1
93,122,4,5951,4,1285,1669,4,284,2121 1,1,1,1,1,1,1,1,1,1
145,4,788,1750,4,11,180,326 1,1,1,1,1,1,1,1
2302,4,11,690,2,822 1,1,1,1,1,1
1978,4,483,1751,4,625,171,86,229 1,1,1,1,1,1,1,1,1
487,11,1078,580,1386 1,1,1,1,1
1670,4,90,10,452,5,1043 1,1,1,1,1,1,1
1515,4,52,719,2624,1706,5,2428 1,1,1,1,1,1,1,1
135,145,5,212,2,43,246,5,253,2,13,11,1093,26,970 1,1,1,1,1,1,1,1,1,1,1,1,1,1,1
68,129,11,387,2,2844,26,711 1,1,1,1,1,1,1,1
1671,4,43,300,302,2,133,5,375,2,13,11,953,26,342,1139 1,1,1,1,1,1,1,1,1,1,1,1,1,1,1,1
1635,4,11,79 1,1,1,1
171,64,225,1602,4,2960,147,4,43,399,212,13,4450,70,3209,1871,984 1,1,1,1,1,1,1,1,1,1,1,1,1,1,1,1,1
68,53,214,350,6899,12,1511,2695,2696,3629,5,2717,6,3112,14,869,1786,134,258,4,12,1589,640,24,97,101,24,488,367,20,2363,2,1587,546,2,940,130,5,544,5437,9911,20,20455,242,5,114,4,16,14,448,791,57,27,38,845,5,21,11,115,16,40,2804,19,24,156,77,5,47,40,125,170,428,12,983,200 1,1,1,1,1,1,1,1,1,1,1,1,1,1,1,1,1,1,1,1,1,1,1,1,1,1,1,1,1,1,1,1,1,1,1,1,1,1,1,1,1,1,1,1,1,1,1,1,1,1,1,1,1,1,1,1,1,1,1,1,1,1,1,1,1,1,1,1,1,1,1,1,1,1,1
5086,842,5973,2,195,705,46,10224,384,4,20456,8529,96 1,1,1,1,1,1,1,1,1,1,1,1,1
681,809,42,5086,842,5973,2,195,1655,139,4,678 1,1,1,1,1,1,1,1,1,1,1,1
