67,54,4,25389,528,9726,3873,224,404,17,112,4,110,181,1617,13,849,2514,251,10,309,694,30,4,6,28,14,15,586,379,358,13,15,30,7,142,3,287,3,151,3,212,5,619,1374,2165,75,20,2234,3741,466,371,7,6,2491,10,309 1,1,1,1,1,1,1,1,1,1,1,1,3,3,3,3,3,3,3,3,3,1,1,1,1,1,1,1,1,1,1,1,1,1,1,7,1,15,1,4,1,10,1,3,3,3,1,1,1,1,1,1,1,1,1,1,1
103,593,20,582,12,2806,1942,5,526,4561,7,166,717,76,3,8492,309,3,51,636,2145,265 2,2,2,2,2,2,2,1,3,3,3,3,3,3,3,3,3,3,1,1,1,1
16,20,162,10,11709,12,208,1914,5,445,722,170,3543,76,13,15,6831,243,75,20,343,13,25390,4646,251 1,1,1,1,1,1,1,1,1,2,2,2,2,2,2,2,2,2,1,1,1,1,3,3,3
16,38,1496,1734,597,223,175,129,183,186,16,1196,10,2233,380,453,5,437,75,21,132,626,10,116,27,427,1151,62,1775,39,389 1,1,1,1,1,1,1,1,1,1,1,1,1,1,1,1,1,1,1,1,1,1,1,1,1,1,1,1,1,1,1
16,61,89,17,445,75,275,15,301,260,443,10,6,169,309,251,75,20,883 1,1,22,22,22,22,22,22,22,22,22,22,22,22,22,22,1,1,1
6,243,20,251,13,15,5151,123,1214,643,2514,251 1,32,32,32,32,32,32,32,32,32,32,3
16,14,132,162,10,6,528,499,17,315,540,450,5,953,10,7219,224,34,770,5,1607,211 1,1,1,1,1,1,1,1,1,1,1,1,1,1,1,1,1,1,1,1,1,1
80,39,30,4,151,142,287,212,11710,123,117,1374,2165,8491,9,2285,10,5097,3,2491,10,614,3,2491,10,309,8,110,2731,2522,309,2806,2614,3,110,4646,251,10,309,8498,812,110,83,2692,9727,170,87,183,53,2378,2496,1373,110,619,958,860,918,84,10,127,1176,1707,33,1105,4,263,257,81,259,348,33,1105,4,361,1098,257,81,259,8499,33,1105,4,2099,257,81,259,736,33,1105,4,2099,257,81,259,3992,33,1105,4,590,257,81,259,206,30,4,245,13,551,12,9728,3,8416 1,1,1,1,4,7,15,10,1,1,1,1,1,1,1,1,1,1,1,1,1,1,1,1,1,1,1,3,3,3,3,3,3,1,3,3,3,3,3,3,1,1,1,1,1,1,1,1,1,1,1,1,1,3,1,1,1,1,1,1,1,1,1,1,1,1,1,1,1,1,1,1,1,1,1,1,1,1,12,1,1,1,1,1,1,1,12,1,1,1,1,1,1,1,1,1,1,1,1,1,1,1,1,1,1,1,1,1,1,1,1,1
919 1
1221,1602,11711,123,180,991 5,5,5,5,5,5
1119,485 1,1
81,7,182,4,72,12,402,174,306,2123,12,282,102,101,4,1612,4,2102 1,1,1,1,1,1,1,1,1,1,1,1,1,1,1,1,1,1
156,4,3137,4,1428,12 1,1,1,1,1,1
2182,4,3828,842 1,1,1,1
1665,4,11,199,342 1,1,1,1,1
2251,4,11,277,3,797 1,1,1,1,1,1
1674,4,217,216,133,13,44,1700,3,11,222,3,576,3723,632,1613,4,91,10,463,574,1502,4,53,692,2399,1744,5,2321 1,1,1,1,1,1,1,1,1,1,1,1,1,1,1,1,1,1,1,1,1,1,1,1,1,1,1,1,1
145,156,5,239,3,44,304,5,310,3,13,11,1162,26,1094 1,1,1,1,1,1,1,1,1,1,1,1,1,1,1
74,143,11,213,3,2443,26,502 1,1,1,1,1,1,1,1
1614,4,44,326,327,3,152,5,396,3,13,11,1128,26,240,857 1,1,1,1,1,1,1,1,1,1,1,1,1,1,1,1
1595,4,11,750,3,743,26,93 1,1,1,1,1,1,1,1
217,562,133,97,222 1,1,1,1,1
217,975,133 1,1,1
1546,4,5850,4,11221,1024,9,519,10,141,8,4,519,177,4,7826,1458,1320,3,309,3,2127,11,199,84,1664,95,149,4,25391,349,3829,3,333,1288,3,4596,11720,705,3421,3,592,2105,3,869,2293,3,392,1173,3,819,1715,339,4,586,379,358,13,212,110,619,13,871,309,466,371,110,309,251,8498,132,13,553,116,514,10,46,15,301,309,260,37,20,2514,251,89 1,1,1,1,1,1,1,1,1,1,1,1,1,1,1,1,1,1,1,1,1,1,1,1,1,1,1,1,1,1,1,1,1,1,1,1,1,1,1,1,1,1,1,1,1,1,1,1,1,1,1,1,1,1,1,1,1,1,10,1,3,3,3,3,3,3,3,3,3,3,1,1,1,1,1,1,1,1,32,32,32,32,32,32,32,32
192,5,104,4,644,4,34,770,5,1607,211,3,523,5,148,12,232,471,86,137,39,389,5,450,151,4,353,179,3,450,6881,5,1495,35,160,268,104,135,609,6781,39,1003,660,33,1212,14135,141,22,25,105,33,203,1148,1463,9,252,1148,1463,8,462,22,25,105,33,800,171,22,25,608,33,1406,15227,447,22,25,105,33,8952,171,22,25,105,33,4409,669,22,25,105,33,932,125,22,25,105,33,1650,3813,912,964,335,22,25,105,33,2541,1341,964,298,141,2365,25,105,33,610,1400,1211,22,25,69,33,754,7077,9,1649,22,8,36,298,1104,662,108,1644,123,117,228,167,33,3147,171,22,25,105,33,8500,945,22,25,105,8501,1330,9181,3,1203,710,47,25392,2687,43,4,8501,59,9181,205,867,43,8501,1330,9181,3,1203,607,161,4,603 1,1,1,1,1,1,1,1,1,1,1,1,1,1,1,1,1,1,1,1,1,1,1,1,4,1,1,1,1,1,1,1,1,1,1,1,1,1,1,1,1,1,1,1,20,20,1,1,1,1,1,11,11,11,1,1,1,1,1,1,1,1,1,1,12,1,1,1,1,1,26,1,1,1,1,1,1,1,1,1,1,1,1,34,1,1,1,1,1,1,1,1,1,1,1,25,25,25,25,1,1,1,1,1,1,1,1,1,1,1,1,1,1,9,9,1,1,1,1,1,25,1,1,1,1,1,1,1,1,1,1,1,1,1,1,1,1,1,1,1,1,1,1,1,1,1,1,1,1,1,1,1,1,1,1,1,1,1,1,1,1,1,1,1,1,1,1,1,1,1,1,1,1,1
