69,49,4,20768,581,17,101,111,437,30,7,156,360,2118,292,528,64,7,58,7436,279,10,6,622,17,356,111 18,1,1,1,1,1,1,1,1,1,1,1,1,1,1,1,1,1,1,1,1,1,1,1,1,1,1
36,18,20,3870,290,1201,244,4862,12,736,10,23,556,204,22,2,1606,154,1213,18,416,37,18,14,2571,1201 1,1,1,1,1,26,1,1,1,1,1,1,7,1,1,1,23,1,1,1,1,1,1,1,1,26
36,18,267,106,834,270,13,639,5,4166,1288,34,13,748,98,2003,236 1,1,1,1,1,1,1,1,1,1,1,1,1,1,1,1,1
36,18,21,61,781,17,91,64,793,15,223,5,21,23,111,290,432,6,364 1,1,1,1,1,1,1,1,1,1,1,1,1,1,1,1,1,1,1
23,111,14,2984,1013,20769,111,631,1007,100,10,4575,74,70,117,18,20770,2719,27,6,364 1,1,1,1,1,1,1,1,1,1,1,1,1,1,1,1,1,1,1,1,1
36,18,88,87,44,34,36,18,586,37,18,2476,109,946,288,36,18,14,19,1154,1967,7,614,236,12,23,91,64,36,11,13227,167,81,341,3212,2377,7,668,876,4,1235,35,2,110,103,8547,522,2,453,42,2047,1229,1168,565,3439,7434,4,103,955,58,7270,164,13221,164,143,703,593,4,10273,254,77,10277,289,9,5981,1503,8,35,1593,9,1435,41,2357,8,4869,59,46,35,376,9,62,8,2205,172,9,896,547,8,474,22,9,925,45,60,35,8,25,33,46,365,45,9,62,8,1201,9,2196,8,244,22,9,244,22,45,60,35,8,25,33,2,3572,1070,46,10245,46,2287,45,9,62,8,857,4745,3192,9,131,3050,4745,3192,8,1429,190,9,13222,9,102,8,10266,3192,1496,8,405,32,575,2,60,3010,190,12,6,221,5,1516,190,12,6,852,46,102,376,9,62,8,2205,556,2461,1380,1062,204,22,9,204,22,2924,3194,60,35,8,25,33,46,365,2924,13228,9,13229,4115,8,1435,41,2357,5273,60,35,4869,873,2,247,102,123,297,162 1,1,1,1,1,1,1,1,1,1,1,1,1,1,1,1,1,1,1,1,1,1,1,1,1,1,1,1,1,1,1,1,4,4,1,1,1,1,1,1,1,1,1,1,1,1,1,1,1,1,1,10,10,24,1,1,1,1,1,1,1,9,9,3,3,3,3,3,3,16,1,1,1,1,1,1,1,1,1,1,1,1,1,1,1,1,1,1,1,1,1,1,1,11,1,1,1,1,1,1,1,1,1,1,1,1,1,1,1,1,1,1,1,1,26,1,1,1,1,1,1,1,1,1,1,1,1,1,1,1,1,1,1,1,1,1,1,1,1,1,6,1,1,1,1,1,1,1,1,1,1,1,1,1,1,1,1,1,1,1,1,1,1,1,1,1,1,1,1,1,1,1,1,1,1,1,1,1,1,1,1,1,1,7,7,1,1,1,1,1,1,1,1,1,1,1,1,1,1,1,1,1,1,1,1,1,1,1,1,1,1,1,1,1,1,1,1,1,1,1,1
46,83,1496,9,62,8,13228,9,13229,4115,8,1435,41,2357,5273,60,35,3182,873,2,247,102,123,297,162 1,1,1,1,1,1,1,1,1,1,1,1,1,1,1,1,1,1,1,1,1,1,1,1,1
46,83,1496,9,62,8,1606,1380,1062,154,22,9,154,22,347,1087,934,60,35,8,25,33,46,365,45,9,62,8,1703,105,22,9,390,45,60,35,8,25,283,46,365,45,9,62,8,7437,35,41,5319,4115,3550,35,41,2357,5273,60,35,4869,873,2,273,31,247,532,117,162,32,575 1,1,1,1,1,1,23,1,1,1,1,1,1,1,1,1,1,1,1,1,1,1,1,1,1,1,1,1,12,1,1,1,1,1,1,1,1,1,1,1,1,1,1,1,1,1,1,1,1,1,1,1,1,1,1,1,1,1,1,1,1,1,1,1,1,1,1,1
46,109,1496,9,62,8,7437,35,41,5319,4115,3550,35,41,2357,5273,60,35,3182,873,2,273,31,247,532,117,162,32,575 1,1,1,1,1,1,1,1,1,1,1,1,1,1,1,1,1,1,1,1,1,1,1,1,1,1,1,1,1
46,109,1496,9,62,8,4745,5975,8548,857,131,3192,1211,190,405,33,2,3572,1070,46,5502,46,102,376,9,62,8,2205,8564,9,13230,4115,8,684,41,2357,60,35,4869,873,2,247,102,123,297,162 1,1,1,1,1,1,1,1,1,6,1,1,1,1,1,1,1,1,1,1,1,1,1,1,1,1,1,1,1,1,1,1,1,1,1,1,1,1,1,1,1,1,1,1,1,1
46,83,1496,9,62,8,8564,9,13230,4115,8,684,41,2357,60,35,3182,873,2,247,102,123,297,162 1,1,1,1,1,1,1,1,1,1,1,1,1,1,1,1,1,1,1,1,1,1,1,1
46,83,1496,9,62,8,632,4333,9,4748,8,4453,190,9,4453,1045,595,60,35,8,25,46,595,9,62,8,137,2927,36,905,1047,1836,36,250,8561,2,10274,13223,36,1559,388,635,36,5794,93,73,20771,520,359,111,4102,54,349,2,289,1324,2,1157,7203,600,540,111,4,70,349,4,13231,52,349,20772,2142,224,4,646,1094,2,12,11,1451,326 1,1,1,1,1,1,1,1,1,1,1,1,1,1,1,1,1,1,1,1,1,1,1,1,1,1,1,1,1,1,1,1,1,1,1,1,1,1,1,1,1,1,1,1,1,1,1,1,1,1,1,1,1,1,1,1,1,1,1,1,1,1,1,1,1,1,1,1,1,1,1,1,1,1,1,1,1,1,1,1
181,4,181,14,619,5,682,392,4,1125,2,1186,1176,4,725,2,3404,43,2,11,377 1,1,1,1,1,1,1,1,1,1,1,1,1,1,1,1,1,1,1,1,1
112,4,330,2,11,2384,305,4,745,1097,13157,4,199,525,243,193,2,418,86,387,2,766,26,711,2,11,531,79,916,4,275,1596,323,4,1028,590,2,1099,5,731,175,147,6890,42,260,5,42,58,7436,4,764,2,380,52,777,2171,2,1138,999,1323,13,20773,147,5,1282,106,2696,3629,142,9,314,2900,20774,8,12043,114,2118,292,528,64,7,58,7436,13,299,7,256,279,10,6,622,17,356,111 1,1,1,1,1,1,1,1,1,1,1,1,1,1,1,1,1,1,1,1,1,1,1,1,1,1,1,1,1,1,1,1,1,1,1,1,1,1,1,1,1,1,1,1,1,1,1,1,1,1,1,1,1,1,1,1,1,1,1,1,1,1,1,1,1,1,1,1,1,1,1,1,1,1,1,1,1,1,1,1,1,1,1,1,1,1,1,1,1,1,1,1,1,1
46,127,2,425,126,1201,2,556,2,5,1606,3699,46,366,19,639,2,5,1288,34,356,13,58,4743,9,507,8,58,4743,20,4666,1896,7438,995,64,280,115,285,13,64,1583,2239,2,2966,5,663,1806,7,6,560,37,14,264,12,1277 1,10,1,1,1,26,1,7,7,1,23,1,1,1,1,1,1,1,1,1,1,1,1,1,1,1,1,1,1,1,1,1,1,1,1,1,1,1,1,1,1,1,1,1,1,1,1,1,1,1,1,1,1,1,1
285,13,64,359,5,115,37,209,2413,7902,89,13232 1,1,1,1,1,1,1,1,1,1,1,1
1542,108,231,115,20775,10,1723,26,3481,2,26,108,280,115,2122 1,1,1,1,1,1,1,1,1,1,1,1,1,1,1
6,29,6508,3774,7,472,709,5,3120,13,6,114 1,1,1,1,1,1,1,1,1,1,1,1
47,3402,1538,5,755,6,29 1,1,1,1,1,1,1
784,99,20776,784,584,2,114,5,242 1,1,1,1,1,1,1,1,1
