69,49,4,20730,8546,10244,101,64,4,5088,3898,49,7,101,4,20731,384,4,2576,120,2,116,2,178,2,5,3523,233,234,4,5088,14,724,10,50,157,2292,162,19,20732 1,1,1,1,1,1,1,1,1,1,1,1,1,1,1,1,1,1,1,4,1,10,10,9,1,1,1,1,1,1,1,1,1,1,1,1,1,1,1,1
58,7208,20733,21,2604,37,18,55,1121,158,10,162 1,1,1,1,1,1,1,1,1,1,1,1
80,2,267,37,18,14,448,57 1,1,1,1,1,1,1,1
18,20734,65,91,997,5,14,110,781,10,13219,12,15,20735,352,1763 1,1,1,1,1,1,1,1,1,1,1,1,1,1,1,1
80,2,18,88,87,44,34,26,94,2,270,27,468,28,149,2,185,157,754,388 1,1,1,1,1,1,1,1,1,1,1,1,1,1,1,1,1,1,1,1
88,1265,48,1185,1051,12,23,352,2312 1,1,1,1,1,1,1,1,1
113,50,10,1171,1863,3333,18,14,460,6,214,20736,7,23,158,1288,34 1,1,1,1,1,1,1,1,1,1,1,1,1,1,1,1,1
278,2,38,14,573,553,271,84,20,158,10,23,555,5,14,85,2043 1,1,1,1,1,1,1,1,1,1,1,1,3,1,1,1,1
18,14,2406,403,393,573,419,348,304,555 1,1,1,1,1,1,1,1,1,3
267,2043,2437,28,18,14,214,9959,2,781,65,465,532,420,650,11,3345,841,5923 1,1,1,1,1,1,1,1,1,1,1,1,1,1,1,1,1,1,1
11,702,2,3242,19,35,4683 1,1,1,1,1,1,1
11,34,12,23,882,151,18,1404 1,1,1,1,1,1,1,1
267,37,18,14,2406,1544,19,23,1191,28,23,1191,12,6,221,1611,20737,48,110,19,6,197,663 1,1,1,1,1,1,1,1,1,1,1,29,29,29,29,29,29,1,1,1,1,1,1
18,14,290,857,2017,190,12,6,221,5,1963,12,6,852 1,1,1,6,1,1,1,1,1,1,1,1,1,1
11,2323,650,1403 1,1,1,1
23,8520,1191,1611,7167,9,1611,102,697,8,267,37,18,14,214,4410,80,28,23,4538,14,12,20738,8562,9,21,2469,273,5,13220,8,28,699,621,84,14,536,10,415,88,1609,2,1949,2,6460,39,1401,1771,97,101,167,81,341,3212,2377,7,668,876,4,1235,35,2,110,103,8547,522,2,453,42,2047,1229,1168,565,3439,7434,4,103,955,58,7270,164,13221,77,172,9,896,547,8,474,22,9,925,45,60,35,8,25,33,46,365,45,9,62,8,2649,1581,1062,347,105,2023,9,105,2023,347,20739,1565,60,35,8,25,33,46,365,45,9,62,8,857,4745,3192,9,131,3050,4745,3192,8,1429,190,9,13222,9,102,8,10266,3192,1496,8,405,32,575,2,20740,190,12,6,221,5,154,190,12,6,852,46,102,376,9,62,8,2205,235,9,787,8,130,22,9,130,22,45,60,35,8,25,59,46,2287,45,9,62,8,556,2461,1380,1062,204,22,9,204,22,2924,3194,60,35,8,25,33,46,365,2924,1606,1380,1062,154,22,9,154,22,347,1087,934,60,35,8,25,33,46,365,45,9,62,8,1703,105,22,9,390,45,60,35,8,25,283,46,365,45,9,62,8,4745,5975,8548,857,131,3192,1211,190,405,33,2,3572,1070,46,5502,46,102,376,9,62,8,2205,632,4333,9,4748,8,4453,190,9,4453,1045,595,60,35,8,25,46,595,9,62,8,137,2927,36,905,1047,1836,36,250,8561,2,10274,13223,36,1559,388,1881,4,706,7313,28,1591,6472,98,462,831,430,4,13189,840,4,152,1100,4,2536,65,8550 1,1,1,1,1,1,1,1,1,1,1,1,1,1,1,1,1,1,1,1,1,1,1,1,1,1,1,1,1,1,1,1,1,1,1,1,1,1,1,1,1,1,1,1,1,1,1,1,1,1,1,4,4,1,1,1,1,1,1,1,1,1,1,1,1,1,1,1,1,1,10,1,24,1,1,1,1,1,1,1,9,9,1,11,1,1,1,1,1,1,1,1,1,1,1,1,1,1,1,1,1,1,1,1,1,1,1,1,1,1,1,1,1,1,1,1,1,1,1,1,1,1,1,1,1,1,1,6,1,1,1,1,1,1,1,1,1,1,1,1,1,1,1,1,1,1,1,1,1,1,1,1,1,1,1,1,1,1,1,1,1,1,1,1,1,1,1,1,1,1,1,1,1,1,1,1,1,1,1,1,1,1,1,1,1,29,1,1,1,1,7,7,7,7,1,1,1,1,1,1,1,1,1,1,1,1,1,1,1,23,1,1,1,1,1,1,1,1,1,1,1,1,1,1,1,1,1,1,1,1,1,12,1,1,1,1,1,1,1,1,1,1,1,1,1,1,1,1,1,1,1,6,1,1,1,1,1,1,1,1,1,1,1,1,1,1,1,1,1,1,1,1,1,1,1,1,1,1,1,1,1,1,1,1,1,1,1,1,1,1,1,1,1,1,1,1,1,1,1,1,1,1,1,1,1,8,8,8,8,8,1,1,1,1,1,1,1,1,1,1,1,1,1,1,1,1
924,17,2822,159,10,10247,2,1185,3840,13190,2,4677 1,1,1,1,1,1,1,1,1,1,1,1
21,51,726,5,614,2841 1,1,1,1,1,1
21,51,10248,2,35,295,13191,5,35,12,10249 1,1,1,1,1,1,1,1,1,1,1
11,5446 1,1
10250,10251 1,1
943,21,13192,335 1,1,1,1
990,4,9,11,334,8,216,2079,2947,2,13193,120,12,603,9,10252,12,24,6409,8,261,4746,650,551,9,10253,12,10254,13194,98,51,13,3514,9,1611,10255,9,11,334,8,216,6610,2,3267,2,620,2,5503,2,592,2,878,261,1023,332,12,23,477,2,1224,1510,10256,9,11,334,8,216,10257,1033,274,9,11,334,8,216,1023,1981,2,10258,7323,9,11,334,8,216,385,2,877,2,6799,2,588,3289,9,261,8,216,2711,12,10259,9,11,334,8,216,438,2,5872,2,3746,261,1122,12,23,13195,12,51,13196,2469,273,12,4538,520,359,111,13224,2,289,1174,2,1157,5423,600,224,4,2464,600,12,436,202,4,822,2,725,2,570,2,1504,2,11,920,2,11,293,229,1139,4617,2,51,261,293,2427,112,4,330,2,65,1369,4,1398,650,199,662,1129 1,1,1,1,1,1,1,1,1,1,1,4,1,1,1,1,1,1,1,1,1,1,1,1,1,1,1,1,1,1,1,1,1,1,1,1,1,1,1,1,1,1,1,1,1,1,1,1,1,1,1,1,1,1,1,1,1,1,1,1,1,1,1,1,1,1,1,1,1,1,1,1,1,1,1,1,1,1,1,1,1,1,1,1,1,1,1,1,1,1,1,1,1,1,1,1,1,1,1,1,1,1,1,1,1,1,1,1,1,1,1,1,1,1,1,1,1,1,1,1,1,1,1,1,5,5,5,1,1,1,1,1,1,1,1,1,1,1,1,1,1,1,1,1,1,1,1,1,1,1,1,1,1,1,1,1,1,1,1,1,1,1,1,1,1,1,1,1,1,1,1,1,1,1
11,856,2,1223,2,26,942,694,4,418,2,324,20741,2,11,1058,340,4,133,2,3414,2,1381,516,4,3384,2,11,617,4617,79,2,11,1382,277,323,4,1239,2,8048,102,2,988,2775 1,1,1,1,1,1,1,1,1,1,1,1,1,1,1,1,1,1,1,1,1,1,1,1,1,1,1,1,1,1,1,1,1,1,1,1,1,1,1,1,1,1,1,1
951,1746,175 1,1,1
731,590,1028,12,192,516 1,1,1,1,1,1
2951,395,863,722 1,1,1,1
688,1014,5,1157,3635,175,147,9,7992,8,4,399,27,2118,1823,28,324,1950,2,269,9,869,8,28,1126,78,786,3093,2,2506,2696,2637,1323,10,20742,28,20743,650,13225,20744,28,314,536,10,2900,959,355,479,869,20745,10,20746,833,4,1429,292,600,629,536,306,89,709 1,1,1,1,1,1,1,1,1,1,1,1,1,1,1,1,1,1,1,1,1,1,1,1,3,3,3,3,1,1,1,1,1,1,1,1,1,1,1,1,1,1,1,1,1,1,1,1,1,1,1,1,1,1,1,1,1,1,1,1,1,1
35,8,178,103,134,555,4,448,57 1,1,9,3,3,3,3,1,1
453,1831,42,507,608,4743 1,1,1,1,1,1
110,5904,650,91,997,5,479,10,55,448,214,57 1,1,1,1,1,1,1,1,1,1,1,1
149,1288,422,9,20747,3293,4233,8,2043,650,504,9749 1,1,1,1,1,1,1,1,1,1,1,1
58,4743,2102,5,21,20748,2742,9749,5,2340,20749 1,1,1,1,1,1,1,1,1,1,1
11,241,396,28,18,2633,10,775,192,108,844 1,1,1,1,1,1,1,1,1,1,1
134,544,667,913 1,1,1,1
64,6516,204,41,5789,10,257 1,1,1,1,1,1,1
111,251,80,48,20750,667,913,27,20751,5,27,150,3965,4290,56,2510,211,474,22,2,556,2,1606,2,5,138,235,119,507,56,1515,997,56,10262,2742,2958,1041,2,616,274,2,5,352,9,650,91,997,51,8,120,4,373,134,20752,1098,4383,41,9,65,3044,41,8,2,20753,913 1,1,1,1,1,1,1,1,1,1,1,1,1,1,1,1,11,1,1,1,7,7,23,1,1,1,1,1,1,1,1,1,1,1,1,1,1,1,1,1,1,1,1,1,1,1,1,1,1,4,1,1,1,1,15,15,15,15,15,15,15,15,1,1,1
64,650,504,1191,80,3974,650,9971,10,857,1611,20754,59 1,1,1,1,1,1,1,1,1,6,1,1,1
11,534,7,1403,110,37,18,21,795,6,1523 1,1,1,1,1,1,1,1,6,6,6
40,6614,1098,27,400,101 1,1,1,1,1,1
134,544,667,913 1,1,1,1
5976,389,20755,10,2895,667,913 1,1,1,1,1,1,1
3690,5977,18,40,750,650,87,167,2,1446,2,10275,251,1191,2,3372 1,1,1,1,1,1,1,1,1,1,1,1,1,1,1,1
126,10,207,1831 1,1,1,1
20756,5,1428,2742,616,274 1,1,1,1,1,1
5387,1772,28,10273,1401,1771,5977,102,8,2047,4,216,876,335,4,20757,3923,918,28,909,2576,12,35,200,183,8,116,4,111,3815,5980,19,231,322,28,64,404,536,10,699,214,20758,80 1,1,1,1,1,1,1,1,1,1,1,1,1,1,1,1,1,1,1,1,1,1,1,1,1,1,10,10,1,1,1,1,1,1,1,1,1,1,1,1,1,1,1
18,40,808,10,125,260,12,1611,51,236,5,887,237 1,1,1,1,1,1,1,1,1,1,1,1,1
40,85,50,23,8563,155,84,27,140,406,511,10,1495,15,451,268,49,6602,83,8,3523,328,242,158,10,5927,2292,162,4,1975,10,20759,7104,2,64,21,20760,328,17,15,252,328,162,5,20761,2794,20762,75,695,28,259,198,146,9,20763,8,5,21,11,90,182,115,741,10,38 1,1,1,1,1,1,1,1,1,1,1,1,1,1,1,1,1,1,1,1,1,1,1,1,1,1,1,1,1,1,1,1,1,1,1,1,1,1,1,1,1,1,1,1,1,1,1,1,1,1,1,1,1,1,1,1,1,1,1,1,1,1,1,1,1
18,113,31,301,241,4097,1011,27,38,95,17,252,328,162 1,1,1,1,1,1,1,1,1,1,1,1,1,1
47,40,2,278,2,1736,38,650,23,1724,10,1029,1769,16,113,50,87,709,32,57,13,23,162,5,1495,37,32,63,2531,10,38,99 1,1,1,1,1,1,1,1,1,1,1,1,1,1,1,1,1,1,1,1,1,1,1,1,1,1,1,1,1,1,1,1
64,74,111,14,829,251,80,48,3815,667,913,19,23,231,322 1,1,1,1,1,1,1,1,1,1,1,1,1,1,1
47,40,125,23,168,12,1611,51,236,95,2,158,10,162,5,1029,1769,23,111,14,57,425 1,1,1,1,1,1,1,1,1,1,1,1,1,1,1,1,1,1,1,1,1,1
64,21,11,299,10,1208,588,9919,48,40,2620,23,6851,5,801,80 1,1,1,1,1,1,1,1,1,1,1,1,1,1,1,1
64,40,1022,13,58,5504,995,151,18,692,10,1171,23,211 1,1,1,1,1,1,1,1,1,1,1,1,1,11
18,14,19,38,17,23,178,393,4056,10,2296,32,2076,32,380,28,47,40,85,1736,650,58,4743,536,24,13226,536,6,211 1,1,1,1,1,1,9,1,1,1,1,1,1,1,1,1,1,1,1,1,1,1,1,1,1,1,1,1,11
81,338,2043,9,125,256,8 1,1,1,1,1,1,1
15,3503,7,38,3433,1264,650,258,5,147,40,55,718,10,58,5504 1,1,1,1,1,1,1,1,1,1,1,1,1,1,1,1
259,8,4032,4,56,56,177,1320,4,64,5740,10,4226,17,110,28,2425,10276,28,18,40,20764,27,2576,101,56,56,6616,4,1632,20765,428,80,301,17,1631,48,64,222,31,9382,10,1022,5,411,75,879,28,35,200,304,555,64,10,1542,12,51,236,26,3027 1,1,1,1,1,1,1,1,1,1,1,1,1,1,1,1,1,1,1,1,1,1,1,1,1,1,1,1,1,1,1,1,1,1,1,1,1,1,1,1,1,1,1,1,1,1,1,1,1,1,1,3,1,1,1,1,1,1,1,1
75,695,28,196,41,7,1212,1409,101,2251,20766,29,536,256,709 1,1,1,1,1,1,1,1,1,1,1,1,1,1,1
5649,7208,20767,7436,2,96 1,1,1,1,1,1
