69,49,4,20777,29,414,4,531,2,2367,28,485,4,20778,597,19,4,20779,42,4576,7852,2,96 1,1,1,1,1,1,1,1,1,1,1,1,1,1,1,1,1,1,1,1,1,1,1
858,391,4,6,29,279,17,233,7,188,112,5,52,349,34 1,1,1,1,1,1,1,1,1,1,1,1,1,1,1
234,4,38,14,15,4556,4245,762,13,78,89,30,182,17,3952,81,2,164,143,76,2,139,304,703,162,2,127,2,5,876,332,2,104,279,13,834,112,5,52,349,34,2,71,14,110,13233,13,24,82,3507 1,1,1,1,1,1,1,1,1,1,1,1,1,1,4,4,4,9,9,9,9,3,3,3,3,3,10,1,1,1,1,1,1,1,1,1,1,1,1,1,1,1,1,1,1,1,1,1,1,1
6,29,21,39,15,188,9228,34,722,24,1782,2,71,16,21,61,1360,7,17,647,109,159,1393,24,112,2,478,2,1907,2,1389,2,5,168 1,1,1,1,1,1,1,1,1,1,1,1,1,1,1,1,1,1,1,1,1,1,1,1,1,1,1,1,1,1,1,1,1,1
268,288,12,6,78,198,10,1450,7,159,2,24,112,2,52,349,2,5,478,34,50,61,24,13234,34,115 1,1,1,1,1,1,1,1,1,1,1,1,1,1,1,1,1,1,1,1,1,1,1,1,1,1
84,21,61,15,6552,696 1,1,1,1,1,1
16,21,39,1084,167,12,6,78 1,1,1,1,1,1,1,1
16,267,37,24,34,14,1024,5,3111,82 1,1,1,1,1,1,1,1,1,1
16,416,6,34,14,2409,2,4281,2,8565,5,3265,2,1929,2,20780,2,5192,34,2,4417,6173,2,20781,621,2,7366,2,5,9688 1,1,1,1,1,1,1,1,1,1,1,1,1,1,1,1,1,1,1,1,1,1,1,1,1,1,1,1,1,1
6,34,10278,803,10,24,1432,5,3796,19,24,52,349 1,1,1,1,1,1,1,1,1,1,1,1,1
24,34,9212,65,6140,27,6112,10,13235,27,1810 1,1,1,1,1,1,1,1,1,1,1
84,14,932,12,3020,192,529,13236,317,1939,423,2,1488,2,1147,2,748,2,5,7405 1,1,1,1,1,1,1,1,1,1,1,1,1,1,1,1,1,1,1,1
77,273,31,2707,10,907 1,1,1,1,1,1
7140,5,468,20782,6,34 1,1,1,1,1,1
84,14,85,2669,42,4009,26,4924,24,112 1,1,1,1,1,1,1,1,1,1
16,1880,93,364,647,109,123,146,27,3274,13,839,10,11,1853 1,1,1,1,1,1,1,1,1,1,1,1,1,1,1
6,29,21,39,3471,10,24,815,929,12,6,78,2,16,21,39,478,3471,2,71,3312,12,6,78 1,1,1,1,1,1,1,1,1,1,1,1,1,1,1,1,1,1,1,1,1,1,1,1
16,39,691,716,7,24,815,929,19,1110,1250,2,20783,2,71,1283,20784,20785,1715,142,722,24,815,929,13,182,70,20786,3696,27,306,1733 1,1,1,1,1,1,1,1,1,1,1,1,1,1,1,1,1,1,1,1,1,1,1,1,1,1,1,1,1,1,1,1
68,14,3696,7,6,52,8167,4178,27,3739 1,1,1,1,1,1,1,1,1,1
78,77,4,6,29,14,31,90,1127,34,3001,16,21,1009,12,6,78 1,1,1,1,1,1,1,1,1,1,1,1,1,1,1,1,1
231,77,563,742,2,888,2,230,2,172,2,960,594,22,248,511,15,107,2,131,2,1985,2,7103,9551,2,632,1883,2,235,2,5,633,749 1,1,1,1,1,1,1,7,7,11,11,1,1,1,1,1,1,1,1,6,1,12,1,1,1,1,1,1,1,1,1,1,1,1
16,21,137,10,2046,2,3088,2,5,210 1,1,1,1,1,1,1,1,1,1
78,89,30,14,182,17,344,67,94,2,118,76,2,3952,81,2,789,2,1101,118,353,2,5,876,332 1,1,1,1,1,1,10,10,10,1,9,9,1,4,4,4,16,16,1,1,1,1,1,1,1
545,30,4,16,88,87,929,162 1,1,1,1,1,1,1,1
16,21,39,248,158,4694,475,2106 1,1,1,1,1,1,1,1
16,39,793,52,478,162,28,16,14,31,90,1127,38,20 1,1,1,1,1,1,1,1,1,1,1,1,1,1
16,21,39,15,2920 1,1,1,1,1
13237,30,4,16,21,344,6413,20787 1,1,1,1,1,1,1,1
16,14,31,281,10191,12,135,352,1763 1,1,1,1,1,1,1,1,1
24,34,113,2880,24,82,2874,2,1540,4924,191,5,85,13093,24,3865,2874,317,135,6451,500,5,4009 1,1,1,1,1,1,1,1,1,1,1,1,1,1,1,1,1,1,1,1,1,1,1
16,85,21,4009,8543,65,4483,312,32,57,32,6451,500,8543,65,24,91,312 1,1,1,1,1,1,1,1,1,1,1,1,1,1,1,1,1,1
16,14,15,994,20788,5046 1,1,1,1,1,1
16,2015,17,191,154,159,12,6506,5935 1,1,1,1,1,1,1,1,1
16,14,31,281,1544 1,1,1,1,1
16,14,924,5,295,12,6617,2,6618 1,1,1,1,1,1,1,1,1
16,88,87,30,7,5463,2,8566,1763,26,231,671,245 1,14,14,14,14,14,14,14,14,14,14,14,14
16,88,87,30,7,20789,233,26,4246,317,10279,5,11,30,7,1240 1,1,1,1,1,1,1,1,1,1,1,1,1,1,1,1
16,21,128,30,118,76,5,81 1,1,1,1,9,9,1,4
163,7,213,14,66,17,87,6289,121,274,2,596,2,469,2,134,2245,2,588,2,318,300,26,876,1196,2,803,12,6,5879,680 1,1,1,1,1,1,1,1,1,1,1,1,1,1,1,1,1,1,1,1,1,1,1,1,1,1,1,1,1,1,1
16,113,444,106,803,5,1839,12,24,1907,32,57,32,882,32,1547,256,5,106,1848,394,7,24,2395,2,1926,13,24,52,412,445,2395,722 1,1,1,1,1,1,1,1,1,1,1,1,1,1,1,1,1,1,1,1,1,1,1,1,1,1,1,1,1,1,1,1,1
16,88,87,167,13,535 1,1,1,1,1,1
93,122,4,12,224,2,16,14,15,2464,762,1019,24,1989,439,2,1234,463,2,57,2265,2,57,8567 1,1,1,1,1,1,1,1,1,1,1,1,1,1,1,1,1,1,1,1,1,1,1,1
1734,4,43,2405,5,5057,2,43,1534,5,2111 1,1,1,1,1,1,1,1,1,1,1
1176,4,3026,822,2,11,2586 1,1,1,1,1,1,1
181,4,11,690,26,571 1,1,1,1,1,1
118,4,135,145,5,212 1,1,1,1,1,1
226,4,11,10280,10281,26,2521,976,245 1,1,1,1,1,1,1,1,1
1031,4,929,5481,2,11,182,13238 1,1,1,1,1,1,1,1
815,502,7,721,14,851,722 1,1,1,1,1,1,1
2691,105,1474,2,2885,109,1474,2,4654,14,105,1474,2,70,5,52 1,1,1,1,1,1,1,1,1,1,1,1,1,1,1,1
6,29,14,773,10,663,13239,2237 1,1,1,1,1,1,1,1
1355,53,171,2,225,2973,2,3999,2,4526 1,1,1,1,1,1,1,1,1,1
4709,976,1011,14,1028,2,225,412,217,13,6,3693,7,2042,2885,2,478,7122,2,5,478,2691,5,2885,2,5,378,2,1884,4654 1,1,1,1,1,1,1,1,1,1,1,1,1,1,1,1,1,1,1,1,1,1,1,1,1,1,1,1,1,1
976,1419,14,43,13,6,3693,7,4247,12,6,52,912,13240 1,1,1,1,1,1,1,1,1,1,1,1,1,1
1099,1011,14,4350,10,7439,2,722,225,412,217,10,6,4248 1,1,1,1,1,1,1,1,1,1,1,1,1,1
175,992,10,688,1014,119,6,29,74,444 1,1,1,1,1,1,1,1,1,1
672,14,4039,13,15,2611 1,1,1,1,1,1
6,29,21,359,7,851,502,7,721,12,6,52,478,2,139,304,306,2106,5,851,502,7,721,12,192,13241 1,1,1,1,1,1,1,1,1,1,1,1,1,1,1,1,1,1,1,1,1,1,1,1,1,1
16,21,106,1392,277,7,6,815,929,2,12,3739,5,20790,20791,2026,19,6,52 1,1,1,1,1,1,1,1,1,1,1,1,1,1,1,1,1,1,1
89,1941,2505,2054,163,7,6,29,74,1554,267,5,1554,2761 1,1,1,1,1,1,1,1,1,1,1,1,1,1
320,4,6,29,21,15,182,1715,76,7,24,815,929 1,1,1,1,1,1,1,1,1,1,1,1,1
12,736,2,16,21,306,1733,7,8167,12121,3696,5,5456,12,6,815,929 1,1,1,1,1,1,1,1,1,1,1,1,1,1,1,1,1
12,736,10,38,2,16,21,115,557,13,381,336,527,13,85,158,3805,1219,10,24,478,13,380,3331,13242 1,1,1,1,1,1,1,1,1,1,1,1,1,1,1,1,1,1,1,1,1,1,1,1,1
1348,4,161,124,6,306,4298,380,17,24,115,12,24,52,349,2,71,53,24,13234,115,4,3331,13242,2177,336,527,2177,815,5204,2,92,50,926,6,29,17,63,3800,10,13243,6,1489,7,24,115 1,1,1,1,1,1,1,1,1,1,1,1,1,1,1,1,1,1,1,1,1,1,1,1,1,1,1,1,1,1,1,1,1,1,1,1,1,1,1,1,1,1,1,1,1,1
165,16,40,808,10,308,117,24,3800,5,65,37,845,2,92,40,3986,6,408,7,3899,17,34,583 1,1,1,1,1,1,1,1,1,1,1,1,1,1,1,1,1,1,1,1,1,1,1,1
27,38,95,2,16,40,126,19,6,960,594,22,248,511,15,107 1,1,1,1,1,1,1,1,1,1,1,1,1,1,1,1
92,40,163,24,77,19,400,101 1,1,1,1,1,1,1,1
92,2872,6,29,85,13,2737,12,1646,10,24,167,5,6,522,2353 1,1,1,1,1,1,1,1,1,1,1,1,1,1,1,1
526,10282,20792,2,96 1,1,1,1,1
20793,20794,20795,20796 1,1,1,1
