67,54,4,25620,281,297,424,11745,39,224,404,17,112,903 1,1,1,1,1,1,1,1,1,1,1,1,1,1
793,147,106,63,94,211,19,23,39 1,1,7,1,1,1,1,1,1
71,324,19,2156,165,389 4,4,1,1,8,1
16,14,96,43,71,224 1,1,1,1,4,1
119,827,733,398,2104 1,1,1,1,1
1498,53,984,306,70 1,1,1,1,1
489,34,209 1,1,1
749,64,7469 1,1,1
2562,10,2861,19,164 1,1,1,1,1
931,1530,96,43,64,25621 1,1,1,1,1,1
38,15,390,3719,12,1387,37,20,630,44,406 1,1,1,1,1,1,1,1,1,1,1
776,86,19,2415,5,1839 15,1,1,62,1,12
390,772,393,2104 1,1,1,1
126,3052,35,60 1,74,1,1
81,518,915 1,1,1
827,1579,12,320,3134 1,1,1,1,1
181,120,76,211 10,10,10,1
96,43,528 1,1,1
604,86,13,100,1414,27,421 1,1,1,1,1,1,1
86,19,930,75,575 1,1,1,1,1
127,203,127,361,432 1,11,1,1,1
357,127,2840 1,1,1
1088,3,745,15,263 1,1,1,1,1
1339,127,1339 1,1,1
308,39,203,547,22,25,32,274,799,25,58,298,32,14888,2397,9,11539,8,1455,36,42,2303,32,167,1778,180,22,25,32,165,2775,11750,5691,3544,25,32,49,13,1199,29,191,31,4862,298,289,549,25,32,930,672,25,305,49,175,1746,12,272,3,175,27,4482,5,544,276,815,549,25,32,3052,846,1541,25,276,191,31,5385,29,49,13,1199,596,165,25622,521,605,141,189,608,1798,1649,22,1104,662,108,1644,1200,167,48,34,6110,2126,1839,378,25,32,145,165,521,8183,605,5,8183,608,25623,3917,4214,36,2513,2094,305,2303,8506,1455,755,42,892,167,2107,35,160,17,277,5,4955,196,2415,515,25,32,84,12,340,5,2081,3052,846,1541,25,276,191,31,5385,29,49,13,1199,2426,5186,126,4,25624,80,39,30,35,270 1,1,11,1,1,1,1,9,1,1,1,1,1,1,1,1,1,1,1,1,1,1,1,1,25,1,1,1,1,8,1,1,1,1,1,1,1,1,1,1,1,1,1,1,1,1,1,1,1,1,1,1,1,1,1,1,1,1,1,1,1,1,1,1,1,1,1,1,74,1,1,1,1,1,1,1,1,1,1,1,8,8,1,1,1,1,1,1,25,1,1,1,1,1,1,1,1,1,1,1,1,12,1,1,1,8,8,1,1,1,1,1,1,1,1,1,1,1,1,1,1,1,1,1,1,1,1,1,1,1,1,1,1,1,1,62,1,1,1,1,1,1,1,1,74,1,1,1,1,1,1,1,1,1,1,1,1,1,1,1,1,1,1,1,1,1
81,7,182,35,270,3,376,72 1,1,1,1,1,1,1,1
102,101,63,94,3089,133,335,386,156,581,140,4682,624,668,63,345,1921,5428,207,197,2274,3,2356,358,12,11,758,342,227,1055,57,877,5,1115 1,1,1,1,1,1,1,1,1,1,1,1,1,43,43,43,43,43,1,1,1,1,1,1,1,1,1,1,1,1,1,1,1,1
1955,656,57,204 1,1,1,1
11,5532,1296,136,576,14,917 1,1,1,1,1,1,1
11,3096,638,200,777,48,91,10,463,100,720,145,156,5,239,97,88,213,3,502,3,26,561,214,152,3,396,3,5,1763,114,11,743,3,750,3,26,93,3327,3532,11,3674,1966,3,51,377,471,7,759,7,23,100,489,5,246,13,899,7,23,53,489 1,1,1,1,1,1,1,1,1,1,1,1,1,1,1,1,1,1,1,1,1,1,1,1,1,1,1,1,1,1,1,1,1,1,1,1,1,1,1,1,1,1,1,1,1,1,1,1,1,1,1,1,1,1,1,1,1,1,1,1,1
6,28,98,38,128,246,10,1046,12,6,53,525,657,1177 1,1,1,1,1,1,1,1,1,1,1,1,1,1
74,20,232,471,7,759,7,23,100,657,352,16,14,410,5,642,123,195,1411,1093,645,868,2005,57,928,204,192,5,104,35,270 1,1,1,1,1,1,1,1,1,1,1,1,1,1,1,1,1,1,1,1,1,1,1,1,1,1,1,1,1,1,1
566,96,115,12,15,493,129 1,1,1,1,1,1,1
205,867,43,7087,3,5143,19,4788,1352,3,8396 1,1,1,1,1,1,1,1,1,1,1
