69,49,4,20797,378,325,1124,10283,89,308,581,17,101,356,825,167,127,19,20798,33 18,1,1,1,1,1,1,1,1,1,1,1,1,1,1,1,10,1,7,1
222,31,1897,3122 1,1,1,1
448,57,81,341,453,27,13244,308,17,120 1,1,4,4,1,1,1,1,1,4
19,486,2372,221,2,579,852,5,135,109,20799,5,20800 1,6,1,1,1,1,1,1,6,1,1,1,1
97,20801,3222,65,13245,31,19,1047,239,10,250 1,15,15,1,1,1,1,1,1,1,1
222,31,1897,3122 1,1,1,1
5982,73,10284 1,1,1
126,231,322,17,110,5,961,13,13244,17,131,3361,1407,225,478,34 1,1,1,1,1,1,1,1,1,1,1,1,1,1,1,1
201,42,3496 1,1,1
573,419,117,6114,1528,19,70 1,1,1,1,1,1,1
40,356,13,1406 1,1,1,1
478,34,573,504,117,1544,13,93,364 1,1,1,1,1,1,1,1,1
789,19,1985,390,5,2571,57 16,1,12,1,1,1,1
97,1462,2811,2566,5853,2,940,2298,2,544,20802,209,621,10,247,4299,48,64,31,3353,27,38,95 1,1,1,1,1,1,1,1,1,1,1,1,1,1,1,1,1,1,1,1,1,1,1
21,1880,210,5,1266,48,533,20803,5,976,34 1,1,12,1,12,1,1,1,1,1,1
126,1985,17,110 1,12,1,1
164,143,76,103,555,98,186,19,20804 9,9,9,1,1,1,1,1,1
12,13246,538,97,223,17,455,9,11,228,65,498,8,434,3981,27,91,997 1,1,1,1,1,1,1,1,1,1,1,1,1,1,1,1,1,1
21,39,363,415,968,117,162,37,50,61,66 1,1,1,1,1,1,1,1,1,1,1
64,578,321,1833,32,575 1,1,1,21,1,1
40,954,38 1,1,1
176,55,741,10,1603,4650,26,1031,314,833,4,455,4,884,1187 1,1,1,1,1,1,1,1,1,1,1,1,1,1,1
40,954,1833,154,33 21,21,21,21,21
40,85,907,13,116 1,1,1,1,10
1101,118,353,448,57 1,1,1,1,1
616,185,11,270 1,1,1,1
1024,20805,136,162 1,1,1,1
19,235,390,33 1,1,1,1
126,17,110 1,1,1
756,267,214,2948,882,5,1382,34,13,639,136,1312,997 1,1,1,1,1,1,1,1,1,1,1,1,1
1890,1621,853 1,1,1
11,228,12,1947 1,1,1,1
1890,803,193 1,1,1
125,385,833,4,314,756 1,1,1,1,1,1
40,155,13247,3875,5,352,12627,523 1,1,1,1,1,1,1,1
19,211 1,11
137,172,1146,339,588,624,1146,20806,20807,2046,1146,529,77,486,131,1212,190,405,509,579,190,506,135,131,109,956,509,2,109,956,506,960,204,22,25,51,347,291,13248,35,41,2385,33,2208,1349,33,1837,1710,22,1160,513,83,1902,1094,138,44,34,230,626,25,33,172,474,22,25,33,633,749,109,2023,25,33,7440,5,10285,20808,9,20809,20810,8,13249,2208,35,138,59,1985,390,25,33,2888,196,22,25,513,259,72,138,235,105,22,25,33,742,130,22,25,33,1833,154,22,25,33,131,3464,6587,10286,10287,46,204,13250,3670,153,1014,2234,7878,15,107,46,594,174,35,200,3670,78,89,30,32,256,52,3348,2362,5692,103,2920,20811,146,163,7,213,32,256,2,355,148,93,122,296,1211,67,94,2960,372,145,564,224,893,57,533,2,57,2265,2,11,180,326 1,11,1,1,1,1,1,1,1,1,1,1,1,6,6,1,1,1,1,1,1,1,6,6,1,1,1,1,1,1,1,1,1,1,1,1,1,1,1,1,1,1,1,1,1,1,21,1,1,1,1,1,1,1,1,1,1,7,1,1,1,11,1,1,1,1,1,1,1,1,1,1,1,1,1,1,1,1,1,1,1,1,1,1,1,12,1,1,1,1,1,1,1,1,1,1,1,1,1,1,1,1,1,1,1,1,1,21,1,1,1,1,1,1,1,1,1,1,1,1,1,1,1,1,1,1,1,1,1,1,1,1,1,1,1,1,1,1,1,1,1,1,1,1,1,1,1,1,1,1,1,1,1,1,1,1,1,1,1,1,1,1,1,1,1,1,1,1,1,1,1,1,1,1,1
44,745,569,952,9216 1,1,1,1,1
694,418,324,246,2,253,86,1058 1,1,1,1,1,1,1,1
2174,11,720,2,673 1,1,1,1,1
20812,569 1,1
20813,197,7075,842,323,15,75,985,1094,2,951,3193,992,175 1,1,1,1,1,1,1,1,1,1,1,1,1,1
242,5,114,32,256,642,356,12,451,198,681,809,42,5365,6212,195,19,2758,1200,2,20814 1,1,1,1,1,1,1,1,1,1,1,1,1,1,1,1,1,1,1,1,1
