69,49,4,20830,507,10283,89,308,581,17,101,4,207,100,7,178,103,555,8115,306,623,328,811,957,30,4,15,1182,292,471,13,15,928,30,7,178,4040,13255,555,12,20831 1,1,1,1,1,1,1,1,1,1,1,1,1,1,1,9,3,3,1,1,1,1,1,1,1,1,1,1,1,1,1,1,1,1,1,9,1,1,3,3,3
16,21,39,363,44,34,10289,191,6,159,48,2,32,7,2061,2,21,61,448,791,57,12,37,2834 1,1,1,1,1,1,1,1,1,1,1,1,1,1,1,1,1,1,1,1,1,1,1,1
24,97,623,233,20,63,1784,2148,12,6582,71,227,63,585,2593,13,794,5,3905,1329,20832 1,1,1,1,1,1,1,1,1,1,1,1,1,1,1,1,1,1,1,1,1
472,53,557,13,24,334,1627,2032,9,85,13256,8 1,1,1,1,1,1,1,1,1,1,1,1
24,97,429,12,20833,227,861,1107,4300,10,24,3132,5,10,24,602,5,15,861,48,20834,2352 2,2,2,2,2,2,2,2,2,2,2,2,2,2,2,2,2,2,2,2,2,2
16,21,63,1627,602,2,63,368,41,3132,2,5,15,284,41,269,12,736,10,6,1627,2032,9,10290,1896,3132,3383,8 2,2,2,3,3,2,2,2,2,2,2,2,2,2,2,2,2,2,2,2,2,2,2,2,2,2,2,2
16,20,265,10,13246,538,12,176,13,892,627,13,2227 1,1,1,1,1,1,1,1,1,1,1,1,1
24,230,20,1599,10,5983,5,16,21,39,11,2533,136,37,95 1,7,1,1,1,7,1,1,1,1,1,1,1,1,1
16,113,50,15,4953,10291,984 1,1,1,1,1,1,1
16,88,87,44,34,2,655,2,702,2,9720,2,396,2,26,892,136,37,141 1,1,1,1,1,1,1,1,1,1,1,1,1,1,1,1,1,1,1
3610,321,170,19,4057,71,21,61,627,13,1006,6620,2,3121,2,5,15,2409,466 1,1,1,1,37,1,1,1,1,1,1,1,1,1,1,1,1,1,1
78,89,30,4,178,13,555,12,20835,2,2352,10,269,2,1654,10,602,20836,2,1654,10,3132,56,16,21,63,13256,1627,2032,13,3383,65,6,3132,20837,116,945,120,527,8569,478,685,5091,20838,5,20839,876,335,103,2920,77,9,941,8,4,172,5983,9449,25,33,2330,131,3464,10288,7300,3832,25,33,235,446,25,33,960,1296,22,25,291,742,446,25,33,486,131,13257,405,509,6285,2234,1985,390,25,33,135,131,405,3268,491,25,33,137,4,624,1146,3088 1,1,1,1,9,1,3,3,3,3,1,1,1,1,1,1,1,1,1,1,1,1,1,1,1,1,9,9,9,9,9,9,9,9,1,10,16,4,1,1,1,1,1,1,1,1,1,1,1,1,1,1,1,1,1,11,7,1,1,1,26,1,1,1,1,1,1,1,1,1,1,1,1,1,1,1,1,1,1,1,1,6,6,1,1,1,1,1,12,1,1,1,6,6,1,36,1,1,1,1,1,1,1,1
1020,2,3502,15,250 1,1,1,1,1
2046,1146,2046 1,1,1
128,30,4,477,587,27,1569,2,39,371,12,23,3818,603,587,12,24,4012,2,39,120,5,883,179,30,4,924 1,1,1,1,1,1,1,1,1,1,1,1,1,1,1,1,1,1,1,1,4,1,1,1,1,1,1
994,6506,5046 1,1,1
20840,5,10292,12406,20841 1,1,1,1,1
706,309,20842,11,430 8,8,1,1,1
163,7,213,4,32,256 1,1,1,1,1,1
85,106,1702,20843 1,1,1,1
16,21,106,1877,250,2,48,11,228,65,158 1,1,1,1,1,1,1,1,1,1,1
355,66,12,790 1,1,1,1
93,122,4,1669,4,1429,1750,4,11,180,326 1,1,1,1,1,1,1,1,1,1,1
2302,4,11,690,2,822 1,1,1,1,1,1
1751,4,625,171,86,229 1,1,1,1,1,1
487,481,11,1078,580,1386 1,1,1,1,1,1
1670,4,90,10,452,5,1043 1,1,1,1,1,1,1
1515,4,52,719,2624,1706,5,2428 1,1,1,1,1,1,1,1
135,145,5,212,2,43,246,5,253,2,13,11,1093,26,970 1,1,1,1,1,1,1,1,1,1,1,1,1,1,1
68,129,11,387,2,2844,26,711 1,1,1,1,1,1,1,1
1671,4,43,300,302,2,133,5,375,2,13,11,953,26,342,1139 1,1,1,1,1,1,1,1,1,1,1,1,1,1,1,1
1635,4,11,673,2,720,26,79 1,1,1,1,1,1,1,1
171,582,243,86,229 1,1,1,1,1
171,904,243 1,1,1
1602,4,20844,2121 5,5,5,1
145,4,579,2497,4,6118,727 1,1,1,1,1,1,1
1978,4,483,147,4,764,13,10291,984 1,1,1,1,1,1,1,1,1
792,1126,670 1,1,1
1323,10,20845,2,492,21,264 1,1,1,1,1,1,1
1786,134,258,4,1825,49,524,804,20846,1862,1267,5371,49,1462,2566,940,544,20847,1951,3785,2017,1662,242,5,114,4,15,1182,292,471,13,306,44,34,10289,5,623,328,811,627,13,178,5,149,1105,1037 1,1,1,1,1,1,1,1,1,1,1,1,1,1,1,1,1,1,1,1,1,1,1,1,1,1,1,1,1,1,1,1,1,1,1,1,1,1,1,1,1,9,1,1,1,1
24,44,34,10289,50,660 1,1,1,1,1,1
16,21,15,4953,10291,984,5,39,1127,302,621,892,15,451,198,146 1,1,1,1,1,1,1,1,1,1,1,1,1,1,1,1
38,20,627,13,2227,5,21,660,13,3359,170,10,252,262,5983 1,1,1,1,1,1,1,1,1,1,1,1,1,1,7
623,328,2398,5158,836,1082,763,4311 1,1,1,1,1,1,1,1
114 1
161,20848,211,10,370,5,60,27,420,13,4057,12,7083,7,20849,663,1806 1,1,11,1,1,1,1,1,1,1,37,1,1,1,1,1,1
16,692,63,3122,2,393,40,954,428,10,433,170,10,60,2330,27,368,15,107,9,47,1931,6857,5,15,1522,8 1,1,1,1,1,1,1,1,1,1,1,1,1,1,26,1,1,1,1,1,1,1,1,1,1,1,1
165,1105,1037,56,92,40,155,15,13258,17,585 1,1,1,1,1,1,1,1,1,1,1
186,20850,42,58,20851 1,1,1,1,1
126,10,4833,17,63,374,7,2687,249,293,76,56,38,1044,10,55,851,10,6,1884,293,2,393,47,273,841,880,87,1388,40,55,1633 1,1,1,1,1,1,1,1,1,1,1,1,1,1,1,1,1,1,1,1,1,1,1,1,1,1,1,1,1,1,1,1
126,10,1522,328,811 1,1,1,1,1
351,20852,1560,80 1,1,1,1
126,32,14,2,48,124,24,78,1214,7,5,3231,13,257,2,47,1732,16,40,881,100,6,4057,2076,3303,92,40,954,10,881,211,13,84,10,907,13,6,663,1806 1,1,1,1,1,1,1,1,1,1,1,1,1,1,1,1,1,1,1,1,1,1,37,1,1,1,1,1,1,1,11,1,1,1,1,1,1,1,1
459,116,56,140,4609,50,61,2368,1431,19,5983 1,10,1,1,1,1,1,1,1,1,7
47,221,1634,10,433,170,19,63,3122,428 1,1,1,1,1,1,1,1,1,1
2330,27,368,15,107 26,1,1,1,1
16,40,433,356,258,12,153,376,356,20853,142,10,77,38,101,135,131,405,13259,509,5,13259,506,5960,9723,247,4,20854,486,131,13257,405,509,723,190,506,20855,2205,4749,247,4,20856,2330,1668,25,33,1997,1760,247,4,20857,5983,9449,25,59,2144,4749,247,4,20858,3268,491,25,33,1997,1760,247,4,20859,742,446,25,33,2144,1760,247,4,20860,10288,7300,3832,25,33,60,13,1341,28,273,31,13253,1366,1997,1760,247,4,20861,235,446,25,33,2144,20862,247,4,20863,172,370,22,25,33,1997,1760,1985,390,25,33,2144,4749,247,4,13260,960,1296,22,25,291,1997,5882,247,4,13260,6285,2234,245,20864,46,594,13,35,200,131,3464,6587,10286,10287,46,204,13250,3670,1224,968,1817,4,13258,3699,12,153,376,384,4,58,5365,6212,681,809,42,4179,54,13261,195,19,4942,934,2,13254 1,1,1,1,1,1,1,1,1,1,1,1,1,1,1,6,6,1,1,1,1,1,1,1,1,1,1,1,6,6,1,1,1,1,1,1,1,1,1,1,1,1,26,1,1,1,1,1,1,1,1,7,1,1,1,1,1,1,1,1,36,1,1,1,1,1,1,1,1,1,1,1,1,1,1,1,1,1,1,1,1,1,1,1,1,1,1,1,1,1,1,1,1,1,1,1,1,1,1,1,1,1,1,1,1,11,1,1,1,1,1,1,12,1,1,1,1,1,1,1,1,1,1,1,1,1,1,1,1,1,1,1,1,1,1,1,1,1,1,1,1,1,1,1,1,1,1,1,1,1,1,1,1,1,1,1,1,1,1,1,1,1,1,1,1,1,1,1,1,1,1,1,1,1,1
