69,49,4,20869,2229,4078,2,2421,5508,6621,2,96 18,1,1,1,1,1,1,1,1,1,1,1
13263,5092,6617,144,738,6907,1411,7442,2,1141,7443,536,4,3557,2,5093,512,4,7445,828,5508,4,47,39,6,1068,7,930,153,7,1034,308,3204,2,552,5093,3557,2,12,784,562,308,17,437,139,304,164,143,703,162,5,10295,1274 1,1,1,1,1,1,1,1,1,1,1,1,1,1,1,1,1,1,1,1,1,1,1,1,1,1,1,1,1,1,1,1,1,1,1,1,1,1,1,1,1,1,1,1,1,3,3,3,3,3,1,1,1
32,329,871,2,92,716,15,6622,1149,288,71,227,786,816,313 1,1,1,1,1,1,1,2,2,2,2,2,2,2,2
47,20,841,1769,1092,26,31,38,313,20,280 1,1,1,1,1,1,1,1,1,1,1
19,163,7,23,164,143,703,162,586,2,18,222,31,50,23,5004,1627,70,164,143,703 1,1,1,1,3,3,3,3,1,1,1,1,1,1,1,1,1,1,1,1,1
1195,2,47,1208,37,38,2892,313,12,6,786,816,14,1664,307,5,20,6,772,7,6,1708,37,648,222,31,703,38,680 1,1,1,1,1,1,1,1,1,1,1,1,1,1,1,1,1,1,1,1,1,1,1,1,1,1,1,1,1
18,222,50,15,2352,10,6,269,5,248,2430,580,4300,10,6,1869,2453,2,6,3132,5,6,2032 1,1,1,1,3,3,3,3,3,3,3,3,3,3,3,3,3,3,3,3,3,3,3
18,21,61,448,1961,57,13,44,422,5,47,909,92,126,23,231,91,77 1,1,1,1,1,1,1,1,1,1,1,1,1,1,1,1,1,1
278,2,18,21,61,1360,7,10295,1274,5,18,222,50,15,30,7,10015,10296,12,23,70,1373 1,1,1,1,1,1,1,1,1,1,1,1,1,1,1,1,1,1,1,1,1,1
1195,2,47,880,84,209,841,55,13265,10,1798,23,10,2918,10,50,1406,1514,23,2583,32,15,380,1228,7,23,10295,1274 1,1,1,1,1,1,1,1,1,1,1,1,1,1,1,1,1,1,1,1,1,1,1,1,1,1,1,1
12,6,3157,2,47,50,1805,37,18,60,23,1606,5,921,12,6,1588,37,23,67,94,20870,100,432,472,534 1,1,1,1,1,1,1,1,1,1,1,23,1,21,1,1,1,1,1,1,1,1,1,1,1,1
47,1732,37,23,67,94,4096,432,472,534,14,239,268,10,914,271,10,7807,860,13,23,562,1557 1,1,1,1,1,1,1,1,1,1,1,1,1,1,1,1,1,1,1,1,1,1,1
18,40,808,10,125,260,12,437,12,497,198,95,2,27,71,95,47,40,155,23,367,542 1,1,1,1,1,1,1,1,1,1,1,1,1,1,1,1,1,1,1,1,1,1
428,2,1152,329,17,2092,260,10,2011,12,6,203,7,1034,29 1,1,1,1,1,1,1,1,1,1,1,1,1,1,1
361,273,31,2899,10,750,260,108,329,50,87,1135 1,1,1,1,1,1,1,1,1,1,1,1
13,619,1646,2,8240,1647,7444,2,96 1,1,1,1,1,1,1,1,1
3557,2,5093,512,4,7445,2229,4078,2,2421,1357,248,20871,800,4,20872,827,4,20873,232,31,177,42,240,312,232 1,1,1,1,1,1,1,1,1,1,1,1,1,1,1,1,1,1,1,1,1,1,1,1,1,1
