69,49,4,13262,176,5681,2,2044,5508,6621,2,96 18,1,1,1,1,1,1,1,1,1,1,1
13263,5092,6617,144,6325,20865,58,7442,2,1141,7443,536,4,5093,3557,512,46,10293,828,5508,4,47,39,6,1068,7,930,153,7,1034,308,3204,2,552,3557,2,12,784,562,308,17,437,17,396,2,127,2,5,139,304,164,143,703,162 1,1,1,1,1,1,1,1,1,1,1,1,1,1,1,1,1,1,1,1,1,1,1,1,1,1,1,1,1,1,1,1,1,1,1,1,1,1,1,1,1,1,1,1,1,10,1,1,3,3,3,3,3,3
32,329,871,2,18,21,61,1360,7,386,2598,2271,27,420 1,1,1,1,1,1,1,1,1,1,1,1,1,1
18,21,61,290,2923,17,38,2,278,3814,396,20866,18,826,6,2923 1,1,1,1,1,1,1,1,1,1,1,1,1,1,1,1
18,21,31,61,290,38,136,6,1153,248,1272 1,1,1,1,1,1,1,1,1,1,1
47,1732,37,23,386,2598,53,1664,576,10,1024,8278,20867 1,1,1,1,1,1,1,1,1,1,1,1,1
47,50,936,23,10,1838,15,10294,432,6,1485,5,1490,38,209,1845,386,2598,12,6,1485 1,1,1,1,1,1,1,1,1,1,1,1,1,1,1,1,1,1,1,1,1
12,6,3157,2,23,147,227,399,2227,27,15,145,7,196,119,1409 1,1,1,1,1,1,1,1,1,1,1,1,1,1,1,1
68,14,1295,523,1563,1241,984,5,3905,1484,42,147,71,14,869,65,498,3112 1,1,1,1,1,1,1,1,1,1,1,1,1,1,1,1,1,1
92,40,126,23,19,5431,109,22,59,32,57,32,501,1247,22,59 1,1,1,1,1,13,1,1,1,1,1,1,7,1,1,1
18,40,125,260,12,437,12,497,198,1643,95 1,1,1,1,1,1,1,1,1,1,1
428,2,1152,329,17,2337,38,29,10,784,562,308 1,1,1,1,1,1,1,1,1,1,1,1
13,619,1646 1,1,1
1027,2,8240,1647,7444,2,96 1,1,1,1,1,1,1
800,4,13264,827,4,20868,818,4,13264,232,2819,48,31,177,42,240,1741,232 1,1,1,1,1,1,1,1,1,1,1,1,1,1,1,1,1,1
