67,54,4,26285,1120,33,1428,379,832,95,5243,5,5094,801,458 1,1,1,1,1,1,1,1,1,3,3,1,1,1,1
282,33,1428,379,832,872,256,142,3,1602,485,157,3,5,238,121,61,19,26286,10,26287,872,529 1,1,1,1,1,1,1,7,1,1,1,1,1,1,18,1,1,1,1,1,1,1,1
148,19,162,20,26288 29,29,29,29,29
79,826,12,872,1263,897,15491,872,3311,1138,7,11368,11,177,84 1,1,1,1,1,1,1,1,1,1,1,1,1,1,1
713,275,559,8819,42 1,1,1,1,1
79,20,126,19,1827,3,274,3,289,3,218,3,1212,5,943,650,780,5,2822,9,313,791,1603,10,49,2822 1,1,1,1,11,1,9,1,1,1,13,1,20,1,39,39,39,1,1,1,1,1,1,1,1,1
8,445,275,673,614,2571 1,1,1,1,1,1
159,286,21,38,11,312,529 1,1,1,1,1,1,1
1268,109,139,36,893,7,321,3,834,1684,2106,82,183,16,20,449,10,321,442,125,893 1,1,1,1,1,1,1,1,1,1,1,1,1,1,1,1,1,1,1,1,1
329,58,2347,739,3,329,760,3,33,634,474 1,1,1,1,1,1,1,1,1,1,1
21,488,728,485,5,2208,467,19,4507 1,1,1,1,1,1,1,1,18
148,43,6780,4,10608,9,7458,8,5,8343,9,7420,8,674,33,142,3,485,3,4507,3,803,3,1283,233,33,200,254,33,274,231,32,3,1827,462,32,3,289,125,32,3,218,171,32,3,1212,108,32,3,2822,210,32,3,1253,3,4512,3,1669,545,33,3245,3,382,576,539,455,304,310,3,11,1162,673,2320,1065,1747,362,51,631,21,31,84,95,3,11,633,26289,3,952,11,634,474,3,617,5,60,1070,873,33,1428,379,832,872,256,142,3,1602,485,157,5,238,121,61,872,458,12,481,7,5243 1,1,1,1,29,29,29,29,1,1,1,1,1,1,1,7,1,1,1,18,1,1,1,1,1,1,1,1,1,9,1,1,1,11,1,1,1,1,1,1,1,13,1,1,1,20,1,1,1,1,1,1,1,1,1,1,1,1,1,1,1,1,1,1,1,1,1,1,1,1,1,1,1,1,1,1,1,1,1,1,1,1,1,1,1,1,1,1,1,1,1,1,1,1,1,1,1,1,1,1,1,1,1,7,1,1,1,1,1,18,1,1,1,1,1,1,1,3
372,166,38,5516,7,485,6766,199,627,43,377,103,400,26290,10,5243 1,1,1,1,1,1,1,1,1,1,1,1,1,1,1,3
3129,1603,1534,3,2002,3,1827,3,289,5,1212,33,1260,79,10,488,49,5268,893,3130,4087,89,10,450,153,400,5,592,872,95,475,7,2002,5,289,33,41,659,650,1550,115,597,295,57,188 1,1,1,1,1,1,11,1,1,1,20,1,1,1,1,1,1,1,1,1,1,1,1,1,1,1,1,1,1,1,1,1,1,1,1,1,1,1,1,1,1,1,1,1,1
3130,1228,5,520,1134 1,1,1,1,1
126,79,19,1052 47,47,47,47
15492,10,1335,17,6187,684,2179,5,633,1278,15492,10,103,977,11845,26291,7,238,2389,5,86,1358,7,485,33,1574,4661,1662,6639,41,439,872,64,2231,4002,5,64,11478,12,175,113 1,1,1,1,1,1,1,1,1,1,1,1,1,1,1,1,1,18,1,1,1,1,1,1,1,1,1,1,1,1,1,1,1,1,1,1,1,1,1,1,1
497,5419,3,3386,3,107 1,1,1,1,1,1
2268,3121,82,55,2268,1428,379,13,95,5243,5,1363,6766,3,98,256,1732,3,803,3,1283,3,142 1,1,1,1,1,1,1,1,3,3,1,1,1,1,1,18,18,1,1,1,1,1,7
159,431,3,21,68,191,60,19,274,3,252,3,289,3,218,3,5,26292 1,1,1,1,1,1,1,1,9,1,11,1,1,1,13,1,1,20
148,3245,3,523,3293,464,238 1,1,1,1,1,18,18
1331,684,4,238,2389 1,1,1,18,1
41,144,520,35,79,166,10,1255,66,1163 1,1,1,1,1,1,1,1,1,1
144,1697 1,1
510,10,103,977 1,1,1,1
38,68,49,2822,3,41,488,37 1,1,1,1,1,1,1,1
16,41,439,441,113,3,134,148,115,368,118,274 1,1,1,1,1,1,1,1,1,1,1,9
4391,26293 1,1
