67,54,4,26311,28,414,4,4896,3,2732,257,542,4,15494,259,54,7,112,4,8534,30,7,61,328,15497,78,364,2494,13,1855,61 1,1,1,1,1,1,1,1,1,1,1,1,1,1,1,1,1,1,1,1,1,1,1,1,1,1,1,1,1,1,1
15498,151,3,142,3,212,3,458,9,212,701,485,8,3,803,3,185,1112,3,425,17,1078,513,987 1,4,1,7,1,10,1,1,1,10,1,1,1,1,1,1,1,1,1,1,1,1,1,1
36,8,187,442,59,15499,34,15500 1,1,1,1,1,1,1,1
11,15501 1,1
221,12,230,15502,3,514,10,46,244,381,988,860,5,9125,931,240,43,2085,9,15503,3,15504,649,7,931,3,931,701,623,8 1,1,1,1,1,1,1,1,1,1,1,1,1,1,1,1,1,1,1,1,1,1,1,1,1,1,1,1,1,1
79,21,311,3653,82,17,931,399,4,238,3,485 1,1,1,1,1,1,1,1,1,18,1,1
98,38,38,256,1283,3,185,1112,3,13,371,10,439,10,1795,1089 1,1,1,1,1,1,1,1,1,1,1,1,1,1,1,1
1112,4,15505,3,15506,3,15507,3,15508,3,15509,3,15510,3,15511 1,1,1,1,1,1,1,1,1,1,1,1,1,1,1
79,258,16,38,623,862,27,3309,15512,183,3,75,20,758,72 1,1,1,1,1,1,1,1,1,1,1,1,1,1,1
46,773,79,10,564,571,67,19,311,3266,3,51,16,21,31 1,1,1,1,1,1,1,1,1,1,1,1,1,1,1
749,1795,17,417,112,8535,29,159,286,21,2087,117,513,987,17,623,862 1,1,1,1,1,1,1,1,1,1,1,1,1,1,1,1,1
58,8,142 1,1,7
79,106,89 1,1,1
79,162,748,124,6952,37,16,38,31,68,49,23,254,3,258,16,14,49,1485,132 1,1,1,1,1,1,1,1,1,1,1,1,1,1,1,1,1,1,1,1
117,8,212 1,1,10
103,3653,82,4,151,3,142,3,238,3,440 1,1,1,1,4,1,7,1,18,1,1
90,4,529,3,307,3,634,93,3,739,3,760 1,1,1,1,1,1,1,1,1,1,1,1
96,43,609,7525,9,528,8 1,1,1,1,1,1,1
1021,11847,4,1469,42,3,108,1818,3,193 1,1,1,1,1,1,1,1,1,1
5243,8536 3,3
445,8536,4,180,42,614 1,1,1,1,1,1
193,1011,1106 1,1,1
210,8,458 1,1,1
124,6952,17,458 1,1,1,1
90,4,529,3,307,3,634,93,3,739,3,760,159,982,163 1,1,1,1,1,1,1,1,1,1,1,1,1,1,1
6952,4,559,8974,42,3,2490,4077,3,565,3706,3,565,509,3,565,2074,3,6324 1,1,1,1,1,1,1,1,1,1,1,1,1,1,1,1,1,1,1
506,11535,4,484,350,354,8440,97,4353,350,93,3,367,1039,7454,408,6036,82,8535,4,15513,264,3,15514,9,1713,42,8,3,15515,9,1247,42,8,3,15516,42 1,1,1,1,1,1,1,1,1,1,1,1,1,1,1,1,1,1,1,1,1,1,1,1,1,1,1,1,1,1,1,1,1,1,1,1,1
108,8,151 1,1,4
15517,12,224,89 1,1,1,1
138,458,5,118,819,3,982,348,27,99,112,3,79,137,344,19,622,647,32 1,1,1,1,1,1,38,38,38,38,38,1,1,1,1,1,21,1,1
772,272,1386,11848,3,21,31,68,144,8289,1386 1,1,1,1,1,1,1,1,1,1,1
320,8,485 1,1,1
79,258,16,14,728,1576,15518,7,11325,5085 1,1,1,1,1,1,1,1,1,1
420,37,16,377,40,1432 1,1,1,1,1,1
235,808,479,37,23,485,20,2279,10,23,130,76 1,1,1,1,1,1,1,1,1,1,1,1
147,71,324,106,212,5243,817,130,371,485,803,238,1283,3,185,1112,623,635,10361,1957,7,1365,1080,931,240,436,936,393,7610,3695,9,1951,601,669,3,365,442,3449,8,3383,7610,2470,3295,7610,586,838,26312,79,1499,492,102,77,8534,347,9810,1774,177,26313,26314,603,865,7610,3054,333,9,824,8,9810,9362,560,9,733,8,9810,5179,163,345,450,8534,772,272,4,11848,1292,6687,8534,90,1512,1244,26315,79,370,1590,1244,135,451 1,4,4,7,10,3,1,1,1,1,1,18,1,1,1,1,1,1,1,1,1,1,1,1,1,1,1,1,1,1,1,1,1,1,1,1,1,1,1,1,1,1,1,1,1,1,1,1,1,1,1,1,1,1,1,1,1,1,1,1,1,1,1,1,1,1,1,1,1,1,1,1,1,1,1,1,1,1,1,1,1,1,1,1,1,1,1,1,1,1,1,1,1,1,1,1
1629,47,26316 1,1,1
3959,1538,9811,6197,189,1139,22,9139,888,1402,26317,5548,100,1573,9811,2086,3991,77,8534,1089,26318,6911,1980,26319,9812,1244,3336,12,59,3430 1,1,1,1,1,1,1,1,1,1,1,1,1,1,1,1,1,1,1,1,1,1,1,1,1,1,1,1,1,1
1980,5851,1629,26320,6157,26321 1,1,1,1,1,1
2516,77,15496,1043,3450,26322,26323,146,238,161,9811,15519,26324,137,1095,1331,4,9811,554,1084,9813,554,1084,193 1,1,1,1,1,1,1,1,18,1,1,18,18,18,18,1,1,1,1,1,1,1,1,1
123,117,1553,1380,7610,1490,2705,9810,193,39,959,9,1092,8,4177,1096,892,1212,515,25,32,274,686,36,45,9,73,8,25,32,2681,1092,9,3990,1092,8,4177,1096,892,1827,9,203,1148,1463,8,901,25,32,1669,9,1570,478,8,1314,25,32,622,647,36,45,9,73,8,25,32,218,549,25,32,1253,9,906,8,7502,25,32,4512,782,672,25,32,7244,378,58,45,9,73,8,25,32,127,790,200,316,205,63,94,4,11849,53,303,140,4,7891,624,102,77,207,197,480 1,1,1,1,1,1,1,1,1,1,1,1,1,1,1,1,1,20,1,1,1,9,1,1,1,1,1,1,1,1,1,1,1,1,1,1,1,1,1,11,1,1,1,1,1,1,1,1,1,1,1,1,1,1,1,1,21,1,1,1,1,1,1,1,1,13,1,1,1,1,1,1,1,1,1,1,1,1,1,1,1,1,1,1,1,1,1,1,1,1,1,1,1,1,1,6,6,6,6,1,1,1,1,1,1,1,1,1,1,1
196,26325,548,4,683,196,3,11,26326 1,1,1,1,1,1,1,1,1
214,152,3,952,3,1465,3,2651,3,11,969 1,1,1,1,1,1,1,1,1,1,1
114,217,3265,133 1,1,1,1
11,1379 1,1
6645,244,381,187,1726,860 1,1,1,1,1,1
131,246,19,26327,7,59,7091,3,7894,31,15520 1,1,1,1,1,1,1,1,1,1,1
104,15497,78,364,2494,13,1855,61 1,1,1,1,1,1,1,1
15498,151,3,142,3,212,3,458,9,212,701,485,8,3,803,3,185,1112,3,425,17,1078,513,987 1,4,1,7,1,10,1,1,1,10,1,1,1,1,1,1,1,1,1,1,1,1,1,1
36,8,187,442,59,15499,34,15500 1,1,1,1,1,1,1,1
11,15501 1,1
221,12,230,15502,3,514,10,46,244,381,988,860,5,9125,931,240,43,2085,9,15503,3,15504,649,7,931,3,931,701,623,8 1,1,1,1,1,1,1,1,1,1,1,1,1,1,1,1,1,1,1,1,1,1,1,1,1,1,1,1,1,1
79,21,311,3653,82,17,931,399,4,238,3,485 1,1,1,1,1,1,1,1,1,18,1,1
98,38,38,256,1283,3,185,1112,3,13,371,10,439,10,1795,1089 1,1,1,1,1,1,1,1,1,1,1,1,1,1,1,1
1112,4,15505,3,15506,3,15507,3,15508,3,15509,3,15510,3,15511 1,1,1,1,1,1,1,1,1,1,1,1,1,1,1
79,258,16,38,623,862,27,26328,15512,183,3,75,20,758,72 1,1,1,1,1,1,1,1,1,1,1,1,1,1,1
46,773,79,10,564,571,67,19,311,3266,3,51,16,21,31 1,1,1,1,1,1,1,1,1,1,1,1,1,1,1
749,1795,17,417,112,8535,29,159,286,21,2087,117,513,987,17,623,862 1,1,1,1,1,1,1,1,1,1,1,1,1,1,1,1,1
2259,1430,10,1795,17,3719,3,367,623,2772 1,1,1,1,1,1,1,1,1,1
58,8,142 1,1,7
79,106,89 1,1,1
79,162,748,124,6952,37,16,38,31,68,49,23,254,3,258,16,14,49,1485,132 1,1,1,1,1,1,1,1,1,1,1,1,1,1,1,1,1,1,1,1
878,26329,3,118,1212,10,515,32 1,1,1,1,20,1,1,1
144,6117 1,1
117,8,212 1,1,10
103,3653,82,4,151,3,142,3,238,3,440 1,1,1,1,4,1,7,1,18,1,1
90,4,529,3,307,3,634,93,3,739,3,760 1,1,1,1,1,1,1,1,1,1,1,1
96,43,609,7525,9,528,8 1,1,1,1,1,1,1
1021,11847,4,1469,42,3,108,1818,3,193 1,1,1,1,1,1,1,1,1,1
5243,8536 3,3
445,8536,4,180,42,614 1,1,1,1,1,1
193,1011,1106 1,1,1
878,252,3,274,3,218 1,11,1,9,1,13
772,520,1043,11850,9,26330,8,3,79,242,31,144,27,99,112,3,144,40,3314 1,1,1,1,1,1,1,1,1,1,1,1,1,1,1,1,1,1,1
210,8,458 1,1,1
124,6952,17,458 1,1,1,1
90,4,529,3,307,3,634,93,3,739,3,760,159,982,163 1,1,1,1,1,1,1,1,1,1,1,1,1,1,1
19,545,3,26331,9,115,15521,8,3,51,576,917,3,155,751,682,3,11,634,93 1,1,1,1,1,1,1,1,1,1,1,1,1,1,1,1,1,1,1,1
6952,4,559,8974,42,3,2490,4077,3,565,3706,3,565,509,3,565,2074,3,6324 1,1,1,1,1,1,1,1,1,1,1,1,1,1,1,1,1,1,1
506,11535,4,484,350,354,8440,97,4353,350,93,3,367,1039,7454,408,6036,82,8535,4,15513,264,3,15514,9,1713,42,8,3,15515,9,1247,42,8,3,15516,42 1,1,1,1,1,1,1,1,1,1,1,1,1,1,1,1,1,1,1,1,1,1,1,1,1,1,1,1,1,1,1,1,1,1,1,1,1
482,48,241,3,1430,17,3517,154 1,1,1,1,1,1,1,1
878,274,3,218,3,7244 1,9,1,13,1,1
108,8,151 1,1,4
15517,12,224,89 1,1,1,1
138,458,5,118,819,3,982,348,27,99,112,3,79,137,344,19,622,647,32 1,1,1,1,1,1,38,38,38,38,38,1,1,1,1,1,21,1,1
772,272,1386,11848,3,21,31,68,144,8289,26332,201,10,191,40 1,1,1,1,1,1,1,1,1,1,1,1,1,1,1
878,622 1,21
99,26333,12,11850,3,79,242,31,144,27,99,112,3,144,40,3314 1,1,1,1,1,1,1,1,1,1,1,1,1,1,1,1
336,1573,601,180,12,8535,3,390,27,441,112 1,1,1,1,1,1,1,1,1,1,1
79,21,2728,1089,441,129 1,1,1,1,1,1
320,8,485 1,1,1
79,258,16,14,728,1576,15518,7,11325,5085 1,1,1,1,1,1,1,1,1,1
420,37,16,377,40,1432 1,1,1,1,1,1
235,808,479,37,23,485,20,2279,10,23,130,76 1,1,1,1,1,1,1,1,1,1,1,1
86,10,96 1,1,1
878,4512,3,1669,3,26334 1,1,1,1,1,1
539,8,436,936 1,1,1,1
79,465,1499,838,3,7611,10,191,554,1553,139,99,112,3,1347,79,163,465,13,554,26335 1,1,1,1,1,1,1,1,1,1,1,1,1,1,1,1,1,1,1,1,1
1590,1902,138,40,4695 1,1,1,1,1
615,8,1521,12,1014,129,17,112 1,1,1,1,1,1,1,1
497,5208,11846,3,107 1,1,1,1,1
