67,54,4,26367,6537,3,11854,11855,26368,3386,9815,3,107 1,1,1,1,1,1,1,1,1,1,1,1,1
3685,150,889,198,26369,15525,2780,11852,3,3921,11853,882,64,9815,4,92,20,1025,1174,10,198,17,293,6537,10,575,13,23,3901,130,371 1,1,1,1,1,1,1,1,1,1,1,1,1,1,1,1,1,1,1,1,1,1,1,1,1,1,1,1,1,1,1
16,20,162,19,26370,3,175,129,139,356,168,17,291,34 1,1,1,1,1,1,1,1,1,1,1,1,1,1
12,11326,3,37,168,208,46,68,422,12,1678,10,361,116,7,130,371 1,1,1,1,1,1,1,1,1,1,1,1,1,1,1,1,1
16,1295,12,640,7,86,361,453,3,739,3,194,114,93,3,5,929,624,7,140,1001,13,118,291,5209 1,1,1,1,1,1,1,1,1,1,1,1,1,1,1,1,1,1,1,1,1,1,1,1,1
23,39,27,6,85,7,168,158,2213,5,1176,1707,17,106,3,13,11,1890 1,1,1,1,1,1,1,1,9,1,13,13,1,7,1,1,1,1
405,23,124,3,16,526,1945,11265,7,2192,13,1954,7,23,1161,715,94,66,620,279,632,10,615,632 1,1,1,1,1,1,1,1,1,1,1,1,1,1,1,1,1,1,1,1,1,1,1,1
23,1132,111,62,891,1138,7,620,125,42,13,1038,4686,7,2982,3,985,70,1529,13,131,377,12,1501,400,3,51,170,1501,94,1930,13,1505,1444,94,382,2038,6,70,585,94 1,1,1,1,1,1,1,1,1,1,1,1,1,1,1,1,1,1,1,1,1,1,1,1,1,1,1,1,1,1,1,1,1,1,1,1,1,1,1,1,1
139,16,38,23,2192,3,16,526,70,130,593,3,75,275,15,70,585,94,7,615,3,350,3183,3898,94,7,581,3,1444,94,7,26371 1,1,1,1,1,1,1,1,1,1,1,1,1,1,1,1,1,1,1,1,1,1,1,1,1,1,1,1,1,1,1,1
16,526,15,2169,13,247,754,3,286,13,5328 1,1,1,1,1,25,25,1,1,1,1
6,247,754,377,23,4307,94,344,43,620,9050,643,51,16,55,15,268,265,12,23,437 1,25,25,1,1,1,1,1,1,1,1,1,1,1,1,1,1,1,1,1,1
74,20,11,91,265,13,6,5328,12,1275,23,116,26,1607 1,1,1,1,1,1,1,1,1,1,1,1,1,1
23,103,2284,6534,1226,2592,5,2105,19,233,6,39 1,1,1,1,1,1,1,1,1,1,1,1
6,1771,20,1123,10,1627,201,19,818,754,12,475,10,6,174,2831,130,371,39 1,1,1,1,1,1,1,1,1,25,1,1,1,1,1,1,1,1,1
16,98,526,15,1021,981,17,88,202,7,308,325,3,75,74,20,200 1,1,1,1,1,1,1,1,1,1,1,1,1,1,1,1,1
27,6,85,7,261,3,16,14,321,2726,97,3866,84,26,116 1,1,1,1,1,1,1,1,1,1,1,1,1,1,1
23,39,57,2427,141,2739,3,289,171,22,337 1,1,1,25,1,1,1,1,1,1,1
1208 1
16,14,19,3539,1211,105 1,1,1,9,1,1
23,218,20,377,66,171,22,10,125,22,3,51,546,16,46,88,147,13,1440,3,40,550,1338,52,377,268,10,141,26,744,108,22,134,1936,10,1301,201,1250,1127 1,13,1,1,1,1,1,1,1,1,1,1,1,1,1,1,1,1,1,1,1,1,1,1,1,1,1,1,1,1,1,1,1,1,1,1,1,1,1
16,14,19,423,447,22,105,35,60,5,736,6920,23,261,63,94,14,11599,3,1161,715,94,14,8033,632 1,1,1,26,1,1,1,1,1,1,12,1,1,1,1,1,1,1,1,1,1,1,1,1,1
23,347,14,1857,13,15,392,7,2690,3,824,171,3,696,63,785,3372,3,663,1880,3,456,26372,92,21,68,808,1328,1174,10,1784,12,23,198 1,1,1,1,1,1,1,1,1,1,1,1,1,1,1,1,1,1,1,1,1,1,1,1,1,1,1,1,1,1,1,1,1,1
16,14,527,244,2475,10,3952,1667,10,355,23,76,27,163,3,13,6,575,7,23,150 1,1,1,1,1,1,1,1,1,1,1,1,1,1,1,1,1,1,1,1,1
119,46,4870,31,344,6,2179,1682,51,98,15,633,1682,10,58,2186,15,65,3,75,158,233,633,3,119,237,1175,201,10,1833,23,105,288,1152,35,321 1,1,1,1,1,1,1,1,1,1,1,1,1,1,1,1,1,1,1,1,1,1,1,1,1,1,1,1,1,1,1,1,1,1,1,1
16,21,62,987,10,122,64,10323,19,26373,3,5,14,981,2051,10,369,10,844,198 1,1,1,1,1,1,1,1,1,1,1,1,1,1,1,1,1,1,1,1
50,237,52,2922,10,2730,88,268,664,223,92 1,1,1,1,1,1,1,1,1,1,1
1015,3,497,2939,2140,9538,3,229,746,26374,3660,426,4,8918,2276,10323,107 1,1,1,1,1,1,1,1,1,1,1,1,1,1,1,1,1
1469,26375,2780,612,2855,26376,3,3921,26377,806,4,11857,825,4,11857,843,4,11857 1,1,1,1,1,1,1,1,1,1,1,1,1,1,1,1,1,1
