67,54,4,26378,26379,2881,124,7882,154,548,30,78,102,101,5,1901,192,8459,10409,3,4413 1,1,1,1,1,1,1,1,1,1,1,1,1,1,1,1,1,1,1,1,1
9100,3634,3,4413 1,1,1,1
26380,4320,3,4413 1,1,1,1
7200,1729,11858,3,107 1,1,1,1,1
39,5679,1135,1651,3,3067,39,67,1397,4,26381,26382,3,6390,540,4,6,28,14,15,4820,10451,522,503,17,5897,1487 1,1,1,1,1,1,1,1,1,1,1,1,1,1,1,1,1,1,1,1,1,1,1,1,1,1,1
164,14,503,19,1135,1413,3,3067,43,64,1265,11859,2869,14778 1,1,1,1,1,1,1,1,1,1,1,1,1,1
730,234,78,61,328,4,28,1656,172,19,15528,35,1678,7,3542,172,17,15,5897,1487,286,503,17,15529 1,1,1,1,1,1,1,1,1,1,1,1,1,1,1,1,1,1,1,1,1,1,1,1
225,6,80,87,28,21,38,535,13,70,473,2168,34,35,60,35,2120,34 1,1,1,1,1,1,1,1,1,1,1,1,1,1,1,1,1,1
571,255,4158,10,2487,312,1041,139,18,21,38,15,11107,911 1,1,1,1,1,1,1,1,1,1,1,1,1,1
174,116,37,957,158,300,5,375 1,1,1,1,1,1,1,1
28,90,2432 1,1,1
89,3,28,258,37,18,464,21,128,291,246,9320,27,6,70,7583,1809,5,584,949,70,2435 1,1,1,1,1,1,1,1,1,1,1,1,1,1,1,1,1,1,1,1,1,1
27,6,85,7,172,19,15528,28,38,116,7,2190,5,11860 1,1,1,1,1,1,1,1,1,1,1,1,1,1
18,146,26383,1181,3,131,226,7,184,5,118,157,7,24,4590,82,1092 1,1,1,1,1,1,1,1,1,1,1,1,1,1,1,1,1
139,278,13,64,11858,92,20,1824,37,28,546,52,172,43,24,747,198,1007,17,268,516,7,24,386,1748,411,5,286,513,13,2792,10,5052,24,164 1,1,1,1,1,1,1,1,1,1,1,1,1,1,1,1,1,1,1,1,1,1,1,1,1,1,1,1,1,1,1,1,1,1,1
28,146,37,18,1031,10,9549,124,5,74,677,343,24,13,907,5,1092 1,1,1,1,1,1,1,1,1,1,1,1,1,1,1,1,1
1974,28,14,775,10,1773,6,414,7,6,907,26,6,1092 1,1,1,1,1,1,1,1,1,1,1,1,1,1
137,18,90,88,116,7,1181,1166,3,263,3,226,7,184,3,26,407 1,1,1,1,1,1,1,1,1,1,1,1,1,1,1,1,1
98,90,249,3,459,3,300,3,375,3,5,446 1,1,1,1,1,1,1,1,1,1,1,1
28,109,46,15,30,7,181,120,76 1,1,1,1,10,10,10,10,10
18,14,161,315,62,431,10524 1,1,3,3,3,3,3
28,38,103,593,27,1779,26384,37,146,111,15,2528,794,70,243,5,15,131,53,1264,5,53,574,2880,243 1,1,1,1,1,1,1,1,1,1,1,1,1,1,1,1,1,1,1,1,1,1,1,1,1
26385,28,526,103,593,27,7612,5,15,2564,20,359 1,1,1,1,1,1,1,1,1,3,3,3
28,242,60,597,10525,186,18,20,162,10,7612,13,116,7,48,246,3,53,303,34,3,1267,3,418,3,990,3,683,1431,3,226,7,184,3,616,3,5,8775,7,3108 1,1,1,1,1,1,1,1,1,1,1,1,1,1,19,19,19,19,19,19,19,19,19,19,19,19,19,19,19,19,19,19,19,19,19,19,19,19,19,19
28,242,826,319,17,431,43,1917,898,5,74,57,11,84,221,19,24,904 1,1,1,1,1,3,1,1,1,1,1,1,1,1,1,1,1,1
28,90,88,535,13,48,34,26,53,303,34,159,37,85 1,1,1,1,1,1,1,1,1,1,1,1,1,1
18,21,38,255,7,226,7,184,13,380,313,3,571,753,312,422,10,24,386,161,2144,306,24,103,76 1,1,1,1,1,1,1,1,1,1,1,1,1,1,1,1,1,1,1,1,1,1,1,1,1
429,154,359,7562,111,15,44,288,2153,9,26386,8,3,904,4264,17,325,5,6,1070,689,143,508,7,574,325,600,1768,2928,406,6,1855 1,1,1,1,1,1,1,1,1,1,1,1,1,1,1,1,1,1,1,1,1,1,1,1,1,1,1,1,1,1,1,1
80,39,30,4,173,39,147,158,4,176,106,178,212,3,161,315,431,2723,3,161,315,2564,2723,195,1234,9,11,124,26,2016,8,253,1013,346,182,2395,14372,9,13,224,3623,7,3161,3,6932,5,15,365,336,14952,8,460,209,266,188,34,3,30,7,3648,1657,652,363,80,591,30,4,169,164,158,4,176,161,315,103,593,5,2564,3,15530,178,161,315,487,78,872,507,10,1742,7898,432,195,161,315,8538,6146,253,161,315,292,78,15,150,30,4,74,14,11,150,30,7,2762,1105,10,207,1901 1,1,1,1,1,1,1,1,1,1,7,1,10,1,3,3,3,1,1,1,1,3,1,1,1,1,1,1,1,1,1,1,1,1,1,1,1,1,1,1,1,1,1,1,1,1,1,1,1,1,1,1,1,1,1,1,1,1,1,1,1,1,1,1,1,1,1,1,1,1,1,1,1,1,1,1,1,3,1,1,1,1,1,1,1,1,1,1,1,1,1,1,1,1,1,1,1,1,1,1,1,1,1,1,1,1,1,1,1,1,1,1,1,1,1,1
1020,4,3138,3,212,1020,4,3138,3,861,76,58,1020,4,394,3138,3,71,848,4,3006,440,2021,3,567,399,39,4,2382,125,22,946 1,1,1,1,10,1,1,1,1,1,1,1,1,1,1,1,1,1,1,1,1,1,1,1,1,1,1,1,1,1,1,1
274,279,22,946 9,1,1,1
706,141,22,946 1,1,1,1
4810,946 1,1
1919,4276,335,22,946 20,20,1,1,1
1650,141,22,2568 25,1,1,1
1234,1092,9,28,775,10,1773,414,8,203,127,4,1545,90,1199,5,7532,127,206,30,4,238,4,90,541,157,4,90,2352,1229,4,90,6070,1543,9,63,8901,8,4,200,12,99,117,129,288,4,530,115,5,467,1625,712,3,226,7,184,3,7289,964,186,18,427,27,6,1140,7,6,1625,5,728,1599,29,449,10,191,691,14269,2686,4,6215,3926,161,4,3190,3,939,727,81,7,182,4,207,4,72,227,4,137,3,11860,116,46,538,5,28,190,681,476,612,4,122,282,386,4,28,146,15,505,7,1234,313,24,747,198,1007,9,64,26387,26388,8,121,21,221,28,17,267,87,109,31,1773,28,46,88,505,7,1234,273,4,8488,28,162,10,7612,13,3365,14112 1,1,1,1,1,1,1,1,1,11,1,1,1,1,1,1,1,1,1,1,1,14,14,14,1,1,1,1,1,1,1,1,1,1,1,1,1,1,1,1,1,1,1,1,1,1,1,1,1,1,1,1,1,1,1,1,1,1,1,1,1,1,1,1,1,1,1,1,1,1,1,1,1,1,1,1,1,1,1,1,1,1,1,1,1,1,1,1,1,1,1,1,1,1,1,1,1,1,1,1,1,1,1,1,1,1,1,1,1,1,1,1,1,1,1,1,1,1,1,1,1,1,1,1,1,1,1,1,1,1,1,1,1,1,1,1,1,1,1,1,1,1,1,1,1,1,1,1,1,1,1,1,1,1,1
2103,15,2440,2829,13,490 1,1,1,1,1,1
116,27,6,85,7,168,143,170,555,3,1114,837,3,5,1114,2349,35,60,35,26389 1,1,1,1,1,1,1,1,1,1,1,1,1,1,1,1,1,1,1,1
28,526,430,10995,157,5,1749,199,5458,5,1440,606,318,2016 1,1,1,1,1,1,1,1,1,1,1,1,1,1
20,537,37,28,82,116,26,507,10,15,1698,1105 1,1,1,1,1,1,1,1,1,1,1,1
11,1486,116 1,1,1
1583,4,72,3748,4,72,5985,4,72,1058,4,1013,1246,666,3,5,657,3,384,3,595,3,5,2150,330,354,4,72,5600,4,30,7,5308,4766,4,72,1808,4,72,196,4,72,316,205,4,148,4,26390,643,3558,364,4,1666,1815,2573,4,853,42,1207,4,2833,851,719,1844,4,680,8902,2049,4,1217,2693,655,4,26391,624,77,4,207,4,60,387,3,60,2056,522,5601,78,292,4,8317,8318,3,1097,471,7,759,3,11,240,3,136,813,917,3,11,222,2065,4,4570,2309,50,2716,4,12,232,918,155,4,91,10,463,130,4,145,239,3,11,213,3,4990,3,11,561,214,4,717,291,246,13,118,246,10,1046,27,7583,1809,70,473,2168,5,584,949,2435,3,152,3,31,1747,3,44,326,327,3,11,1061,26,777,240,7133,4,11,690,246,4061,4,11,908,330,354,4,216,4,217,100,11,222,1459,4,217,100,273,4,1411,1093,4,1544,928,204,114,4,11,93,3,194,114,196,4,11,283,26,277,1642,192,4,252,102,161,645,4820,522,13,15,30,7,212,3,5308,3,106,3,1013,3,1234,5,209,266,188,34,61,17,5897,1487 1,1,1,1,1,1,1,1,1,1,1,1,1,1,1,1,1,1,1,1,1,1,1,1,1,1,1,1,1,1,1,1,1,1,1,1,1,1,1,1,1,1,1,1,1,6,6,6,6,6,1,1,1,1,1,1,1,1,1,1,1,1,1,1,1,1,1,1,1,1,1,1,1,1,1,1,1,1,1,1,1,1,1,1,1,1,1,1,1,1,1,1,1,1,1,1,1,1,1,1,1,1,1,1,1,1,1,1,1,1,1,1,1,1,1,1,1,1,1,1,1,1,1,1,1,1,1,1,1,1,1,1,1,1,1,1,1,1,1,1,1,1,1,1,1,1,1,1,1,1,1,1,1,1,1,1,1,1,1,1,1,1,1,1,1,1,1,1,1,1,1,1,1,1,1,1,1,1,1,1,1,1,1,1,1,1,1,1,1,1,1,1,1,1,1,1,1,1,1,1,1,1,1,1,1,1,1,1,1,1,1,1,1,1,1,1,1,1,1,1,1,1,1,1,10,1,1,1,7,1,1,1,1,1,1,1,1,1,1,1,1,1
28,1219,503,17,164,19,15529,313,517,7,11860,164,20,11767 1,1,1,1,1,1,1,1,1,1,1,1,1,1
28,681,265,3,155,91,3,11,407,3,11,226,7,184 1,1,1,1,1,1,1,1,1,1,1,1,1,1
92,21,344,68,15531,159,24,411,5,1241,118,2065,1115,208,52,62,483 1,1,1,1,1,1,1,1,1,1,1,1,1,1,1,1,1
64,4773,1509,40,10,28 1,1,1,1,1,1
64,4773,98,81,13,28,39,10,49,169,10,164,26392 1,1,1,1,1,1,1,1,1,1,1,1,1
137,3,28,90,88,116,7,103,325 1,1,1,1,1,1,1,1,1
109,46,209,48,26393,75,14,4048,43,1046 1,1,1,1,1,1,1,1,1,1
28,258,37,40,14,31,24,484,103,34,408 1,1,1,1,1,1,1,1,1,1,1
104,4,4170,4021,4,207,450,4,2831,34,355,4,818,4571,63,4,200,4171,4,429,1202,228,712,39,4,2382,3,274,3,706,3,4810,3,1919,3,3754,3,1650,3,1234,1092,3,203,39,10,52,2066,19,65,7,164,4,4810,3,3754,3,203,71,39,4,31,2180,2574,4,41,488,35,7,15532,203,4,41,488,35,7,15532,1198,4,139,2398,6,744,397,164,6071,264,4,401,10458,9100,1729,3634,3,6557,3,2178,3,10459,10460,39,5679,55,4,50,46,81,40,5284,192,5,2477,13,6,192,5,420,104,13,6,96,708,4,205,4,13010,262,2792,2717,55,4,50,46,81,6,270,30,5,102,77,5,740,13,6,461 1,1,1,1,1,1,1,1,1,1,1,1,1,1,1,1,1,1,1,1,1,1,1,1,1,1,1,9,1,1,1,1,1,20,1,1,1,25,1,1,1,1,11,1,1,1,1,1,1,1,1,1,1,1,1,1,11,1,1,1,1,1,1,1,1,1,1,1,1,11,1,1,1,1,1,1,1,1,1,1,1,1,1,1,1,1,1,1,1,1,1,1,1,1,1,1,1,1,1,1,1,1,1,1,1,1,1,1,1,1,1,1,1,1,1,1,1,1,1,1,1,1,1,1,1,1,1,1,1,1,1,1,1,1,1,1,1,1,1,1,1,1,1,1
475,1445,4,205,4,10461 1,1,1,1,1,1
