67,54,4,26678,4004,1180,117,281,168,414,4,6394,3795,509,47,4,15617,162,54,4,1655,1299,3,5895,711,262,4,64,8549,711,1444,4,2917,11898,451,4,5508,8547,162,281,4,15635,15636,726,4,296,1085,4,28,730,234,4,446,30,7,61,328,4,4809,767,13,1195,5551,717,742,5552,2000,110,210,1471,7,5246,13,118,2029,5505,7,53,1068,6672,240,5,862,1287,5937,286,110,4003,1471,47,178,132,110,171,6826,2187,10,406,553,1192,12,53,1068 1,1,1,1,1,1,1,1,1,1,1,1,1,1,1,1,1,1,1,1,1,1,1,1,1,1,1,1,1,1,1,1,1,1,1,1,1,1,1,1,1,1,1,1,1,1,1,1,1,1,1,1,1,1,1,1,1,1,1,1,1,1,1,1,1,1,1,1,1,1,1,1,1,1,1,1,1,1,1,1,1,1,1,1,1,1,1,1,1,1,1,1,1,1,1,1,1,1,1,1,1,1,1
16,20,124,95,17,26679,5,249,3,370,2648,5,1433,3,5,20,261,19,26680 1,1,1,1,1,1,1,1,1,1,1,1,1,1,1,1,1,1,1
35,135,982,1351,3,16,370,2648,17,2231,4213,5,7619,1091,9,693,40,14,15,1103,1242,159,336,587,72,37,168,3,5,269,17,571,2591,12,11877,8 1,1,1,1,1,1,1,1,1,1,1,1,1,1,1,1,1,1,1,1,1,1,1,1,1,1,1,1,1,1,1,1,1,1,1,1
405,372,95,168,16,20,514,10,52,1159,1257,269,3,51,197,10,46,38,4051,438,7,2689 1,1,1,1,1,1,1,1,1,1,1,1,1,1,1,1,1,1,1,1,1,1
159,261,3,28,146,31,190,6,1122 1,1,1,1,1,1,1,1,1
16,21,38,11899,291,34,3,446,3,5,1204,128,1171,40,495 1,1,1,1,1,1,1,1,1,1,1,1,1,1,1
579,4,90,249,3,970,3,459 1,1,1,1,1,1,1,1
90,1636 1,1
90,529,3,386,923,3,798,535,3,1473 1,1,1,1,1,1,1,1,1,1
80,39,30,4,176,6958,82,11889,178,100,384,918,625,87,183,195,2625,657,918,253,71,324,317,645,346,3369,860,460,181,120,76,852,445,66,11877,4,170,53,1264,9,335,42,2763,8,3,794,309,9,335,42,8,3,5,614,9,231,42,8,3,883,2285,652,153,761,3977,12,6,4915,833,621,260,13,9,735,548,36,1263,6170,1136,3114,14,1958,1420,8,995,458,9,559,1979,42,8,1079,585,2467,110,3595,1477,717,742,5552,2000,711,30,33,35,135,169,55,14096,4,293,3795,20,12,23,712,258,7,436,597,16,61,13,1587,93,5,100,1068,474,3,53,442,70 1,1,1,1,1,1,1,1,1,1,1,1,1,1,1,1,1,1,1,4,4,4,4,4,1,1,1,10,10,10,10,2,2,2,2,2,2,2,2,2,2,2,2,2,2,2,2,2,2,2,2,2,2,2,2,2,2,2,2,2,2,1,1,1,1,1,1,1,1,1,1,1,1,1,1,1,1,1,1,1,1,1,1,1,1,1,1,1,1,1,1,1,1,1,1,1,1,1,1,1,1,1,1,1,1,1,1,1,1,1,1,1,1,1,1,1,1,1,1,1,1,1,1,1,1,1,1,1,1,1,1,1,1
15637,4,241,570,7,6,214,275,4622,1189 1,1,1,1,1,1,1,1,1,1
241,570,7,6,2617,275,15,5194,7,6395,638,12,5476,7,6,1518,5,7407,7408,35,60,35,6445,1189,12,6,1558,1510,5194,13,62,1510,240,1370,2086,10,1646,632,12,3178,19,6,53,518 1,1,1,1,1,1,1,1,1,1,1,1,1,1,1,1,1,1,1,1,1,1,1,1,1,1,1,1,1,1,1,1,1,1,1,1,1,1,1,1,1,1,1,1
6,4038,638,12,6,1726,548,1370,620,3025,632 1,1,1,1,1,1,1,1,1,1,1
26681,4,862,7,53,1068,240,1287,5937 1,1,1,1,1,1,1,1,1
26682,3,3815,26683,3,26684,3,26685,3,26686,15637,4,2029,4,118,11900,5614,783,6,6546,3,53,2617,5,637,53,194,114,75,5725,13,899,908 1,1,1,1,1,1,1,1,1,1,1,1,1,1,1,1,1,1,1,1,1,1,1,1,1,1,1,1,1,1,1,1,1
26687,4,1083,3250,862,4,97,202,7,858,14569,1471,47,36,7,5246,27,447,42,9834,5,9835,228,26688,1471,47,58,7,5246,27,231,42,9834,5,9835,228,33,7618,26689,4,2029,4,694,985,7,53,1068,240,51,602,2265,11900,5614 1,1,1,1,1,1,1,1,1,1,1,1,1,1,1,1,1,1,1,1,1,1,1,1,1,1,1,1,1,1,1,1,1,1,1,1,1,1,1,1,1,1,1,1,1,1,1,1,1,1,1,1,1
985,12,978,208,1282,5351,66,516,915 1,1,1,1,1,1,1,1,1
265,12,53,1510,1189,5,1954,7,4622,908 1,1,1,1,1,1,1,1,1,1
381,1158,1768,3305,243,33,208,52,26690 1,1,1,1,1,1,1,1,1
26691,4,1471,47,117,7,5246,27,231,42,9834,5,9835,228,33,7618,26692,4,1471,47,210,7,5246,27,231,42,9834,5,447,42,9835,228,33,7618,26693,4,2029,4,11,11901,84,12,53,1558,1510,5,53,1726,26694,908,3,166,70,1470,6139,5998,6194,4,684,862,53,1068,4,717,742,5552,2000 1,1,1,1,1,1,1,1,1,1,1,1,1,1,1,1,1,1,1,1,1,1,1,1,1,1,1,1,1,1,1,1,1,1,1,1,1,1,1,1,1,1,1,1,1,1,1,1,1,1,1,1,1,1,1,1,1,1,1,1,1,1,1,1,1,1,1
548,7,2205,5,209,2956,26695,1471,47,36,7,4003,13,11891,11892,5,11893,517,7,3112 1,1,1,1,1,1,1,1,1,1,1,1,1,1,1,1,1,1,1,1
26696,1471,47,58,7,4003,13,11891,11892,5,11893,26697,33,26698,33,171,6826,2187,10,53,1068,26699,33,11890,13,416,1845,626,7,53,1423,243,43,241,127,4,790,39,9,748,168,8,2883,141,22,25,662,65,236,141,22,25,662,65,289,171,22,25,662,65,906,706,108,22,25,662,65,252,462,3760,2305,669,3760,3056,9614,22,69,1829,1160,3760,1484,108,22,19,7462,65,5,755,22,19,744,65,206,30,4,6,28,245,27,163,12,7262,6619,3,9829 1,1,1,1,1,1,1,1,1,1,1,1,1,1,1,1,1,1,1,1,1,1,1,1,1,1,1,1,1,1,1,1,1,1,1,1,1,1,1,1,1,1,21,1,1,1,1,1,12,1,1,1,1,1,1,1,1,1,1,1,1,1,1,1,1,1,1,11,1,1,1,1,1,9,1,1,1,1,1,1,1,1,1,1,1,1,1,1,1,1,1,1,1,1,1,1,1,1,1,1,1,1,1,1,1
23,551,14,132,27,163,13,900,552,198,517,7,130,76 1,1,1,1,1,1,1,1,1,1,1,1,1,1
1221,2832,15613,82,4498,499,12,26700 1,1,1,1,1,1,1,1
16,21,939,723,5,267,491,29,175,7,723,82,137,1197,4498 1,1,1,1,1,1,1,1,1,1,1,1,1,1,1
16,1261,175,723,10,2866,5,92,20,10,40,723,37,16,26701,15,861 1,1,1,1,1,1,1,1,1,1,1,1,1,1,1,1,1
16,21,2263,3,939,9830,5,939,9410 1,1,1,1,1,1,1,1,1
699,4,6822,66,26702,3,334,1695,87,183 5,5,5,5,5,5,5,5,5,5
173,485,12,80,3,200,137 1,1,1,1,1,1,1
150,30,4,661,4,583,7,895,373,27,8948,573,4,583,7,567,373,27,13048,77,4,316,4,148,26703,3,523,231,29,716,125,292,5459,718,880,853,42,19,1467,814,4,280,3,209,9551,3171,767,1417,12,859,3,2726,3405,3,232,2089,7,9162 1,1,1,1,1,1,1,1,1,1,1,1,1,1,1,1,1,1,1,1,1,1,1,1,1,1,1,1,1,1,1,1,1,1,1,1,1,1,1,1,1,23,1,1,1,1,1,1,1,1,1,1,1,1,1,1,1,1
227,4,863,3,1042,97,685,3,1296,29,1561,1313,683,29,11,2662,2036,1213,4,751,13,232,737,656,100,3,4399,184,327,27,649,3,51,11,857,876 1,1,1,1,1,1,1,1,1,1,1,1,1,1,1,1,1,1,1,1,1,1,1,1,1,1,1,1,1,1,1,1,1,1,1,1
2852,4,26704,3,2409,15638,213,1718,783,3801,3,136,813,917,214,4,26705,3,1289,783,3,244,131,246,10,1046,3,72,9836,82,3,11,1482,29,11,969,3,15639,240,114,4,433,2215,93,100,3,443,133,217,100,273,4,925,1544,928,204,3,693,1439,872,131,2549,10,70,29,628,1006,233,793,762,1915,29,2329,82,217,1345 1,1,1,1,1,1,1,1,1,1,1,1,1,1,1,1,1,1,1,1,1,1,1,1,1,1,1,1,1,1,1,1,1,1,1,1,1,1,1,1,1,1,1,1,1,1,1,1,1,1,1,1,1,1,1,1,1,1,1,1,1,1,1,1,1,1,1,1,1,1,1,1,1,1,1,1
4939,3,2439,415,100 1,1,1,1,1
457,1185,1185,402,17,3795,3,6394,914,5936,9833,149,15640,15641,902,47,15642,154,2097,295,2295,1724 1,1,1,1,1,1,1,1,1,1,1,1,1,1,1,1,1,1,1,1,1,1
471,189,349,2316,59,9,1312,8,524,333,8228,59,9,1977,8,42,560,3529,59,9,2119,8,1451,734,13972,59,9,2202,8,1785,536,1483,59,9,1589,8,1381,653,1273,59,9,1360,8,1227,786,6684,59,9,1479,8,1588,823,5401,9,1480,8,654,795,10271,83,9,1424,8,42,1154,1066,370,1257,1125,1277,1542,2054,83,9,1739,8,42,577,856,59,9,1786,8,42,847,117,59,9,1740,8,42,830,519,9,1832,8,42,864,519,9,1691,8,42,714,1209,14252,9,2240,8,524,714,577,11211,59,9,2241,8,524,714,847,7620,59,9,2577,8,524,714,830,2149,59,9,2242,8,524,714,864,4729,9,2278,8,524,1661,217,83,9,200,8,1577,217,83,9,200,8,2360,200,9,200,8,2096,1508,83,9,200,8,5065,3363,395,4572,999 1,1,1,1,1,1,1,1,1,1,1,1,1,1,1,1,1,1,1,1,1,1,1,1,1,1,1,1,1,1,1,1,1,1,1,1,1,1,1,1,1,1,1,1,1,1,1,1,1,1,1,1,1,1,1,1,1,1,1,1,1,1,1,1,1,1,1,1,1,1,1,1,1,1,1,1,1,1,1,1,1,1,1,1,1,1,1,1,1,1,1,1,1,1,1,1,1,1,1,1,1,1,1,1,1,1,1,1,1,1,1,1,1,1,1,1,1,1,1,1,1,1,1,1,1,1,1,1,1,1,1,1,1,1,1,1,1,1,1,1,1,1,1,1,1,1,1,1,1,1,1,1,1,1,1,1,1,1,1,1,1,1,1,1,1,1,1,1,1
1290,1290,402,17,3795,3,6394,914,5936,9833,149,15640,15641,902,47,15642,154,2097,295,2295,1724 1,1,1,1,1,1,1,1,1,1,1,1,1,1,1,1,1,1,1,1,1
471,189,430,456,2589,9,1305,8,351,430,663,2086,59,9,1276,8,351,430,835,1035,59,9,1310,8,351,430,1072,1658,4675,9,1450,8,351,512,3878,59,9,1478,8,219,430,1800,2061,1651,83,9,1311,8,219,430,347,1537,83,9,1601,8,219,430,345,4654,83,9,1359,8,219,486,961,1944,59,9,2602,8,654,1461,2394,59,9,2464,8,654,2013,2545,9,2385,8,654,486,1131,1792,9,2995,8,219,1981,1982,2059,9,3579,8,721,2509,625,9,3580,8,721,2423,1469,9,3285,8,721,4795,15627,6809,83,9,8086,8,721,5065,3363,395,4572,999 1,1,1,1,1,1,1,1,1,1,1,1,1,1,1,1,1,1,1,1,1,1,1,1,1,1,1,1,1,1,1,1,1,1,1,1,1,1,1,1,1,1,1,1,1,1,1,1,1,1,1,1,1,1,1,1,1,1,1,1,1,1,1,1,1,1,1,1,1,1,1,1,1,1,1,1,1,1,1,1,1,1,1,1,1,1,1,1,1,1,1,1,1,1,1,1,1,1,1,1,1,1,1,1,1,1,1,1,1,1,1,1,1,1,1,1,1,1,1,1,1,1,1,1,1
177,924,27,388,3,53,1090,3,2433,851,5395 1,1,1,1,1,1,1,1,1,1,1
2127,1780,3,886,66,169,192,5,104,4,4809,767,13,1195,5551,717,742,5552,2000,110,210,1471,7,5246,3,110,58,1471,4003,3,110,2187,5,7022,76,12,59,1068,3,61,13,170,113,7,446,5,11899,291,34,5,95,202,7,1159,8895,269,3,5,284,4051,2630,7,340 1,1,1,1,1,1,1,1,1,1,1,1,1,1,1,1,1,1,1,1,1,1,1,1,1,1,1,1,1,1,1,1,1,1,1,1,1,1,1,1,1,1,1,1,1,1,1,1,1,1,1,1,1,1,1,1,1,1,1,1,1,1,1
176,446,3,11899,291,34 1,1,1,1,1,1
852,144,1159,1257,3,554,587,1028,1687,3,96,718,880,138,266,559,1159,96,291,77,1830,343,13,2689,846,25,2322,178,199,19,209,3653,4,9,819,10,1537,66,955,5,416,185,392,8,3,166,1086,2624,3,95,153,2085,44 1,1,1,1,1,1,1,1,1,1,1,1,1,1,1,1,1,1,1,1,1,1,1,1,1,1,1,1,1,1,1,1,1,1,1,1,1,1,1,1,1,1,1,1,1,1,1,1,1,1,1,1,1
852,41,96,819,976,3,1533,17,265,26706,195,5937,852,26707 1,1,1,1,1,1,1,1,1,1,1,1,1,1
791,10,450,3,41,7938,1494,9239,1048,19,3767 1,1,1,1,1,1,1,1,1,1,1
1028,1068,240,3,5029,104,17,1300,29,1776,503,17,14622 1,1,1,1,1,1,1,1,1,1,1,1,1
253,151,852,86,1201,389,7,2883,515,32,29,450,1386,5,1495,13,1825,167,346,103,852,1342,4,559,1979,42,2945,3056,645 1,4,1,1,1,1,1,21,1,1,1,1,1,1,1,1,1,1,1,1,1,1,1,1,1,1,1,9,1
659,289,17,132,3,138,2624,1028,239,4,1975,2945,86,2305,3,3056,3,452,1159,325,4,374,212,2945,86,252,3,236,3,3056,460,6958,852,86,706,647,25,32,652,1155,852,19,452,3,1175,9020,3,815 1,1,1,1,1,1,1,1,1,1,1,1,1,1,1,9,1,1,1,2,1,1,10,1,1,11,1,12,1,9,1,1,1,1,1,1,1,1,1,1,1,1,1,1,1,1,1,1
833,726,161,4,296,15635,15636,3,229,1180,117,281,47,26708 1,1,1,1,1,1,1,1,1,1,1,1,1,1
