67,54,4,26709,28,414,4,5823,3,3960,29,542,4,26710,533,19,4,26711,43,15643,9408,3,107 1,1,1,1,1,1,1,1,1,1,1,1,1,1,1,1,1,1,1,1,1,1,1
505,4,100,3,70,1470,306,53,3,2538,2017,771 1,1,1,1,1,1,1,1,1,1,1,1
30,4,40,14,15,671,668,112,17,40,4809,3,26712,3,26713,7,859,4934,5,2981,3,121,468,17,172,7,70,1470,306,53,666,5,1788,34 1,1,1,1,1,1,1,1,1,1,1,1,1,1,1,1,1,1,1,1,1,1,1,1,1,1,1,1,1,1,1,1,1,1
6,28,146,46,15,2237,30,7,1470,306,939,129,7,627,34,3,2313,3,5,484,837,408,19,6,70,984,306,53,666 1,1,1,1,1,1,1,1,1,1,1,1,1,1,1,1,1,1,1,1,1,1,1,1,1,1,1,1,1
40,14,984,27,421,5,109,598,2742,201,115,66,391 1,1,1,1,1,1,1,1,1,1,1,1,1
98,2800,201,405,1742,308 1,1,1,1,1,1
16,98,146,95,225,6,80,493,129,55,535,13,6,3164,14026,3,8551,3,5,1248,670,400 1,1,1,1,1,1,1,1,1,1,1,1,1,1,1,1,1,1,1,1,1,1
356,172,543,7,875,1080,679,35,60,35,3319,1093,2494,264,722,461,173,17,170,1769,604,7,6,4931,1093,27,6,444,7,1788 1,1,1,1,1,1,1,1,1,1,1,1,1,1,1,1,1,1,1,1,1,1,1,1,1,1,1,1,1,1
16,132,468,17,172,17,1399,2538,2017,164,964 1,1,1,1,1,1,1,1,1,1,1
80,39,30,4,345,1098,3,30,7,356,690,3,161,315,619,3,106,3,26714 1,1,1,1,1,1,1,1,1,1,1,1,3,3,3,1,7,1,1
39,4,613,3,1052,3,2533,3,2597,3,5,815 1,1,9,1,12,1,11,1,1,1,1,1
127,4,200 1,1,1
102,101,4,19,101,89,3,16,14,244,787,3,60,197,12,11,758,342 1,1,1,1,1,1,1,1,1,1,1,1,1,1,1,1,1,1
101,7,6,70,666,722,1194,15644,2674 1,1,1,1,1,1,1,1,1
74,14,11,308,7051,7052,8780,5,244,323,26715 1,1,1,1,1,1,1,1,1,1,1
16,21,15,269,11331,82,3,269,14021,82,3,5,269,4931,1093,1769,154,27,6,1788 1,1,1,1,1,1,1,1,1,1,1,1,1,1,1,1,1,1,1,1
23,11744,5,3423,57,296 1,1,1,1,1,1
511,14,204,783 1,1,1,1
3319,264,66,26716,3,582,425,27,8552,4207,124,3,173,17,70,984,306,53,4931,1093,1769,604,27,6,1788 1,1,1,1,1,1,1,1,1,1,1,1,1,1,1,1,1,1,1,1,1,1,1,1,1
339,4,6,28,14,221,5,101,13,64,9408 1,1,1,1,1,1,1,1,1,1,1
27,40,85,3,119,190,37,3960,21,3486,15,173,3,70,984,306,53,3,100,2538,2017,771 1,1,1,1,1,1,1,1,1,1,1,1,1,1,1,1,1,1,1,1,1,1
138,6,1432,7,323,5,15644,8796,3,16,21,535,13,7051,7052,3,119,46,420,1717,13,394,2538,2017,964,35,60,35,284,26717,7,3460,951,10,3254,2481,688 1,1,1,1,1,1,1,1,1,1,1,1,1,1,1,1,1,1,1,1,1,1,1,1,1,1,1,1,1,1,1,1,1,1,1,1,1
119,235,13,3960,6,341,5,1255,7,40,540,5,16,14,12,5628,7,6,104 1,1,1,1,1,1,1,1,1,1,1,1,1,1,1,1,1,1,1
119,41,527,10,503,201,10,1717,13,164,27,128,802,12,6,1143,1398 1,1,1,1,1,1,1,1,1,1,1,1,1,1,1,1,1
119,2050,319,394,30,5,102,3,35,60,35,15,591,2448,2408,89,12,6,668 1,1,1,1,1,1,1,1,1,1,1,1,1,1,1,1,1,1,1
5096,15643,9408,3,107 1,1,1,1,1
426,4,2818,8553,3,107 1,1,1,1,1,1
8552,4207,533,43,4,9584,26718,26719,26720,26721 1,1,1,1,1,1,1,1,1,1
