67,54,4,26750,1361,558,3,2476,6396,6959,3,107 1,1,1,1,1,1,1,1,1,1,1,1
447,5223,15653,2857,11903,3,3619,11904,684,4,5553,3301,509,47,8554,882,64,6959,4,50,38,6,1174,7,122,5553,3301,89,12,8555,198,599,12,513,7,24,181,120,76,9,619,9353,8,5,130,371 1,1,1,1,1,1,1,1,1,1,1,1,1,1,1,1,1,1,1,1,1,1,1,1,1,1,1,1,1,1,1,1,1,1,1,1,10,10,10,3,3,3,10,1,1,1
27,24,99,112,24,130,371,38,265,3,51,18,464,20,106 1,1,1,1,1,1,1,1,1,1,1,1,1,1,7
119,118,394,24,2031,5,24,784,228 1,1,1,1,27,1,1,9,1
89,24,63,94,14,3825,265 1,1,1,1,1,1,1
18,21,207,68,190,60 1,1,1,1,1,1
18,21,86,10,321,1987,6,163,13,24,491,3,530,4033 1,1,1,1,1,1,1,1,1,1,1,1,1,1
18,90,739,26,760 1,1,1,1,1
18,21,38,211,595,93 1,1,1,1,1,1
24,137,39,57,203,462,22,25,1729,65,3,289,171,22,25,1729,65,3,1286,141,22,25,1729,65,3,2031,231,22,25,1729,65,3,784,707,231,22,25,1729,65,3,736,141,22,25,1729,65,3,1731,3,5,906 1,1,1,1,11,1,1,1,1,1,1,1,1,1,1,1,1,1,21,1,1,1,1,1,1,27,1,1,1,1,1,1,9,1,1,1,1,1,1,1,12,1,1,1,1,1,1,33,1,1,1
19,102,101,3,24,63,94,89,14,4831 1,1,1,1,1,1,1,1,1,1
24,130,156,14,12,6,365,3418 1,1,1,1,1,1,1,1
18,14,1250,2198,19,6,101,3666 1,1,1,1,1,1,1,1
24,1161,715,94,14,602,306,833,24,48,101,21,15,493,4399,876,27,6,649 1,1,1,1,1,1,1,1,1,1,1,1,1,1,1,1,1,1,1
103,101,275,15,4573,1630,13,44,2265,304,5,310 1,1,1,1,1,1,1,1,1,1,1,1
18,21,15,1616,2463,3211,213,27,6,1503,5,15,1616,645,15654,589,213,27,6,70,473,1456,1876 1,1,1,1,1,1,1,1,1,1,1,1,1,1,1,1,1,1,1,1,1,1,1
18,21,36,33,217,93,7,394,194,114,5,677,57,617,10,1008 1,1,1,1,1,1,1,1,1,1,1,1,1,1,1,1
24,904,275,338,239,27,1106,1611,135,435,3,44,1090,5,694 1,1,1,1,1,1,1,1,1,1,1,1,1,1,1
74,57,1452,563,448 1,1,1,1,1
1057,3,629,3301,21,265,173,13,476,179,7,24,63,94 1,1,1,1,1,1,1,1,1,1,1,1,1,1
18,21,205,7,244,131,1053,1930,19,101,3,13,2294,1070 1,1,1,1,1,1,1,1,1,1,1,1,1,1
119,1904,10,1515,24,61,228,3,51,235,118,24,228,10,171,22,25,1729,1532,5,125,22,25,1729,2197,546,24,194,114,93,118,26,24,140,2405 1,1,1,1,1,1,1,1,1,1,1,1,1,1,1,1,1,1,1,1,1,1,1,1,1,1,1,1,1,1,1,1,1,1,1
5553,3301,509,47,8554,1167,58,1361,558,3,2476,50,981,2051,10,122,24,465,12,620,1062,129 1,1,1,1,1,1,1,1,1,1,1,1,1,1,1,1,1,1,1,1,1,1
92,20,15,1174,52,858,12,24,198 1,1,1,1,1,1,1,1,1
395,191,31,1837,10,732,271,13,88,664 1,1,1,1,1,1,1,1,1,1
1015,844,3,4739,852,2815,3,107 1,1,1,1,1,1,1,1
26751 1
