69,49,4,21584,1326,788,2,2502,5527,6650,2,96 1,1,1,1,1,1,1,1,1,1,1,1
1580,21585,2722,10407,2,3963,10408,536,4,4759,2680,512,46,7500,828,58,6650,4,47,39,6,1068,7,930,4759,2680,80,17,6,523,95,12,7501,203,538,12,437,7,23,164,143,76,5,164,143,703,3536,12,1426,7,38,200 1,1,1,1,1,1,1,1,1,1,1,1,1,1,1,1,1,1,1,1,1,1,1,1,1,1,1,1,1,1,1,1,1,1,1,1,1,1,1,9,9,9,1,3,3,3,3,1,1,1,1,1
645,329,871,23,30,57,2,47,40,21586,84,17,6,8649,7,69,5489 1,1,1,1,1,1,1,1,1,1,1,1,1,1,1,1,1
552,2680,14,3057,474,159,307 1,1,1,1,1,1,1
23,343,328,811,563,81,2,127,2,1899 1,1,1,1,1,4,1,10,1,16
18,39,11,158,494,7,164,76,532,18,658,12,859,1426,13,3913,305,79,117,71,18,2349,12,17,15,350,4951,1471,729,743 1,1,1,1,1,1,1,1,1,1,1,1,3,3,3,3,3,3,3,3,3,3,3,3,3,3,3,3,3,3
164,1677,27,6,7501,604,1673,1006,76,7,6,717,269,2,6005,505,7,6,717,1869,13,1687,991,1622,5,15,1673,505,7,6,523,817,3069,32,57,32,15,546,41,13550,238,7,15,817,4391 2,2,2,2,2,2,2,2,2,2,2,2,2,2,2,2,2,2,2,2,2,2,2,2,2,2,2,2,2,2,2,2,2,2,2,2,2,2,2,2,2,2,2,2,2
1677,85,604,15,365,41,52,132,143,238 2,2,2,2,2,2,2,2,2,2
6,29,543,1687,2794,1527,7,23,70,132,143,453,42,164,143,703,3536,42,58,7068,10409 1,1,1,1,1,3,3,3,3,3,3,1,1,3,3,3,3,1,1,1,1
9,2120,10,3328,2,5253,2,602,2,5,2352,10,269,8 1,1,1,1,1,1,1,1,1,1,1,1,1,1
552,2680,74,3852,408,20,686,17,1467,1079,1205,5,1666,656,7,777,1085 1,1,1,1,1,1,1,1,1,1,1,1,1,1,1,1,1
136,23,377,2,18,21,61,2252,734,23,542,7,996,4166,149,366,19,639,434,19,2460,6170,12775 1,1,1,1,1,1,1,1,1,1,1,1,1,1,1,1,1,1,1,1,1,1,1
1172,2,472,115,50,986,10,1723 1,1,1,1,1,1,1,1
18,88,655,2,702,2,26,255,7,194,27,468 1,1,1,1,1,1,1,1,1,1,1,1
18,21,39,1467,149,754,79,19,6,1331,7,23,2430,1107,593,21587 1,1,1,1,1,1,1,1,1,1,1,1,1,1,1,1
18,88,396,2,4423,2,1826,2,798,115,26,756 1,1,1,1,1,1,1,1,1,1,1,1
3119,163,7,192,150,2830,213,14,66 1,1,1,1,1,1,1,1,1
552,2680,6006,260,37,18,21,288,39,63,3151,484,19,23,412,5,197,217,37,329,50,61,4801,32,15,380,2442,8650 1,1,1,1,1,1,1,1,1,1,1,1,1,1,1,1,1,1,1,1,1,1,1,1,1,1,1,1
2680,2,4759,512,46,7500,3351,1326,788,2,2502,78,89,30,14,686,17,188,132,776,9,450,331,51,8,2,343,328,811,32,21588,5,158,70,475,1181 1,1,1,1,1,1,1,1,1,1,1,1,1,1,1,1,1,1,1,1,1,1,1,1,1,1,1,1,1,1,1,1,1,1,1,1
23,231,77,563,1721,1722,172,370,22,25,1647,107,2,235,130,22,25,1647,107,2,1372,109,22,25,1647,107,2,184,83,22,25,1647,107,2,501,244,22,25,2763,2,894,109,22,25,1647,107,2,1650,2,1151,2,1342,5,2596,1349 1,1,1,1,1,1,11,1,1,1,1,1,1,1,1,1,1,1,1,1,22,1,1,1,1,1,1,13,1,1,1,1,1,1,7,1,1,1,1,1,12,1,1,1,1,1,1,31,1,1,1,1,1,1,1
179,30,4,6,29,295,1310,48,21,1262,128,3108,12,6,680 1,1,1,1,1,1,1,1,1,1,1,1,1,1,1
18,14,281,5919,13,23,567 1,1,1,1,1,1,1
27,450,2,18,21,61,382,10,2894,2252,13,15,2611,48,14,851,42,188,475,34 1,1,1,1,1,1,1,1,1,1,1,1,1,1,1,1,1,1,1,1
18,88,554,26,671,245 14,14,14,14,14,14
23,603,587,7,15,729,743,27,439,6150,19,93,73,2,552,2680,1423,3460,57,80 1,1,1,1,1,1,1,1,1,1,1,1,1,1,1,1,1,1,1,1
18,14,1442,3599,19,6,73,4177 1,1,1,1,1,1,1,1
23,181,14,619,5,682 1,1,1,1,1,1
18,21,15,1006,3151,3174,21589,484,5161,19,23,217 1,1,1,1,1,1,1,1,1,1,1,1
23,67,94,14,3009,2,23,118,145,14,12,6,546,74 5,5,5,5,5,1,1,1,1,1,1,1,1,1
18,21,11,1078,580,1386 1,1,1,1,1,1
23,625,53,171,86,229 1,1,1,1,1,1
23,44,821,476,194,302,27,6,52,1562 1,1,1,1,1,1,1,1,1,1
68,53,11,942,26,856 1,1,1,1,1,1
91,73,821,15,2428,1457,13,135,145,5,212,2,246,2,253,5,970,14,156,5,6375,14,610,264 1,1,1,1,1,1,1,1,1,1,1,1,1,1,1,1,1,1,1,1,1,1,1,1
68,20,15,1840,3520,4634,417,1539,5286,6,1709 1,1,1,1,1,1,1,1,1,1,1
23,187,14,133,5,375 1,1,1,1,1,1
23,217,53,739,7,673,26,720 1,1,1,1,1,1,1,1
525,243,53,395 1,1,1,1
18,21,149,79,7,6,52,197,445 1,1,1,1,1,1,1,1,1
23,999,821,399,212,1887,2351,119,1409,2,43,1000,5,1950,2,1467,1744,794,276,1278,4235 1,1,1,1,1,1,1,1,1,1,1,1,1,1,1,1,1,1,1,1,1
1172,2,552,2680,589,19,15,4039,408,7,2906,117,23,4951,1471,371,5,164,143,703,3536,12,751,1426 1,1,1,1,1,1,1,1,1,1,1,1,1,3,3,3,3,3,3,3,3,1,1,1
23,1467,366,19,639,176,55,741,10,1467,1079,1205 1,1,1,1,1,1,1,1,1,1,1,1
92,40,5694,80,13,15,540,44,810 1,1,1,1,1,1,1,1,1
12,6,3157,2,47,880,37,92,454,126,23,802,2767,322 1,1,1,1,1,1,1,1,1,1,1,1,1,1
84,14,380,37,23,1467,484,14,741,10,23,235 1,1,1,1,1,1,1,1,1,1,1,1
598,31,8427,10,55,2794,2,92,50,1074,15,228,10,13551,35,22,25,1647,107,80,12,6,7083,37,108,235,14,8418,17,23,484,38,176,3469 1,1,1,1,1,1,1,1,1,1,1,1,1,1,1,1,1,1,1,1,1,1,1,1,1,1,1,1,1,1,1,1,1,1
47,50,1074,11,150,142,10,23,89,322 1,1,1,1,1,1,1,1,1,1
92,40,126,172,2,2049,5108,2,1047,6651,5,1226,17,576,2643 1,1,1,11,1,1,1,1,1,1,1,1,1,1,1
47,2869,2648,10,930,23,428,12,647,4030,10,7452,236 1,1,1,1,1,1,1,1,1,1,1,1,1
12,736,2,18,40,21590,100,13,58,10409,17,380,10165,108,18,21,15,1467,1079,1205,37,176,55,4418,10,23,115 1,1,1,1,1,1,1,1,1,1,1,1,1,1,1,1,1,1,1,1,1,1,1,1,1,1,1
2680,2,4759,512,46,7500,7285,1326,788,2,2502,84,14,15,1068,537,2054,12,552,2680,74,203 1,1,1,1,1,1,1,1,1,1,1,1,1,1,1,1,1,1,1,1,1,1
361,273,31,2899,10,1026,260,13,87,1135 1,1,1,1,1,1,1,1,1,1
1027,1928,2,4184,710,5109,2,96 1,1,1,1,1,1,1,1
800,4,13552,827,4,21591,818,4,13552,21592,232,31,177,42,240,312,232 1,1,1,1,1,1,1,1,1,1,1,1,1,1,1,1,1
