69,49,4,21642,3279,1159,102,89,3682,141,99,64,4,6658,2,13566,512,46,4,13567,49,7,141,4,6008,240,6414,4,58,1707,6302,440,4,58,10422,7510,715,139,4,275,715,2778,4,4857,471,13,1235,10425,1957,1603,2603,279,1360,7,497,123,7,3932,618 1,1,1,1,1,1,1,1,1,1,1,1,1,1,1,1,1,1,1,1,1,1,1,1,1,1,1,1,1,1,1,1,1,1,1,1,1,1,1,1,1,1,1,1,1,1,1,1,1,1,1,1,1,1,1,1,1,1,1
1228,4,29,2,104,14,15,199,3444 1,1,1,1,1,1,1,1,1
78,89,1276 1,1,1
30,7,156,360,287,6658,14,15,779,4857,471,13,15,78,89,30,182,17,1957,1603,2603,103,2206,5,2158,2,178,103,269,369,959,2,5,1295,120,104,279,10,6,424,203,538,1360,7,21643,30,7,618,5,3058,596 1,1,1,1,1,1,1,1,1,1,1,1,1,1,1,1,1,1,1,1,1,1,1,1,1,1,9,1,3,3,3,1,1,1,4,1,1,1,1,1,1,1,1,1,1,1,1,1,1,1,1
16,20,12,24,1054,1120,7,424,532,497,123,158,10,141,2,151,16,3082,12,6,465,13,15,406,868 1,1,1,1,1,1,1,1,1,1,1,1,1,1,1,1,1,1,1,1,1,1,1,1,1
32,16,1236,286,7,886,2,16,549,3460,5238 1,1,1,1,1,1,1,1,1,1,1
16,1185,6,618,32,378,2,5,31,621,6,674,20,6009 1,1,1,1,1,1,1,1,1,1,1,1,1,1
16,7940,423,2,13,106,2010,7,6,115 1,1,1,1,1,1,1,1,1,1
7,99,2,16,267,37,6,618,14,553,406,151,16,7818,423,5,774,19,13,1488,26,1147,100 1,1,1,1,1,1,1,1,1,1,1,1,1,1,1,1,1,1,1,1,1,1,1
722,6,107,2,16,533,15,250,1877,7,3061,1309,2,15,3058,508,2,986,868,2,5,272,86,402 1,1,1,1,1,1,1,1,1,1,1,1,1,1,1,1,1,1,1,1,1,1,1,1
16,1938,87,469,2,255,7,194,2,44,34,2,396,2,26,34,712,1744,1417 1,1,1,1,1,1,1,1,1,1,1,1,1,1,1,1,1,1,1
37,1485,2,248,4820,158,10,141,2,16,533,420,1112,48,39,11,6543 1,1,1,1,1,1,1,1,1,1,1,1,1,1,1,1,1
16,986,10,977,10426,722,6,107,158,10,141,2,5,658,10,6,303,674,17,241,233 1,1,1,1,1,1,1,1,1,1,1,1,1,1,1,1,1,1,1,1,1
6,231,1464,14,12,6,2954,7,5654,657,25,1269,576,10,2158,5,522,17,1603,332 1,1,1,1,1,1,1,1,1,1,1,1,1,1,1,1,1,1,1,1
16,267,15,21644,376,30,7,657,1077,2,1041,10427,8482 1,1,1,1,1,1,1,1,1,1,1,1,1
16,88,87,2323,2132,13568,26,5339 1,1,1,1,1,1,1,1
7,99,2,6,107,158,10,6,696,7,115,2,16,20,1222,17,15,7509,205,609 1,1,1,1,1,1,1,1,1,1,1,1,1,1,1,1,1,1,1,1
16,267,1041,248,21645,9547,117,6,609,2,5,15,10427,21646,17,2005,6,420,158,10,115,1312 1,1,1,1,1,1,1,1,1,1,1,1,1,1,1,1,1,1,1,1,1,1
12,6,303,674,2,973,129,870,7,13569,2,296,2922,2,67,94,12482,2,6952,2,1204,41,19,674,662 1,1,1,1,1,1,1,1,1,1,1,1,1,1,1,1,1,1,1,1,1,1,1,1,1
16,431,3252,183,22,219,631,2,2139,447,22,25,631,2,5,15,2176,447,384,2709 1,1,1,1,1,1,1,1,1,1,1,1,1,1,1,1,1,1,1,1
464,227,2181,3843,5,225,1079,2117 1,1,1,1,1,1,1,1
5416,30,9,119,240,586,8,29,14,15,982,200,307,471,104,1220,460,1920,10423 1,1,1,1,1,1,1,1,1,1,1,1,1,1,1,1,1,1,1
19,10416,16,20,724,17,15,752,2,393,24,440,1805,16,50,63,4462,2238,27,6,1140,95 1,1,1,1,1,1,1,1,1,1,1,1,1,1,1,1,1,1,1,1,1,1
6,752,1164,2187,5,6,4462,2238,1164,15,4379,7435,10417,5163,2377,71,20,5645 1,1,1,1,1,1,1,1,1,1,1,1,1,1,1,1,1,1
1994,604,2981,10,1073,5841,2603 1,1,1,1,1,1,1
19,6655,63,340,5,2290,205,129,346,1508,4,1959,1866,7,6,816,7,6,525,3278,9,10418,42,2238,36,2000,1233,5,8655,8,2460,890,6,1584,5163,2,557,13,911,8429,2603 1,1,1,1,1,1,1,1,1,1,1,1,1,1,1,1,1,1,1,1,1,1,1,1,1,1,1,1,1,1,1,1,1,1,1,1,1,1,1,1,1
85,549,10,55,588,10419,393,730,19,2396,1181 1,1,1,1,1,1,1,1,1,1,1
85,2,1790,8656,2,3235,5,8657,897,799,557,13,1957,76 1,1,1,1,1,1,1,1,1,1,1,1,1,1
19,6655,15,44,205,604,1866,7,6,197,3278,2460,890,6,44,1603,4691 1,1,1,1,1,1,1,1,1,1,1,1,1,1,1,1,1
38,14,627,13,780,12,6,9,54,8,2541,2,7506,7507,2,3235,1000,5,5524,2980 1,1,1,1,1,1,1,1,1,1,1,1,1,1,1,1,1,1,1,1
6,893,14,7508,2315,17,1603,332,5,8639,4837 1,1,1,1,1,1,1,1,1,1,1
68,14,15,5590,1016,4070,10,6,9,157,8,825,7064,12,6,409 1,1,1,1,1,1,1,1,1,1,1,1,1,1,1,1
2148,609,941,2133,5,263,2886,13,332 1,1,1,1,1,1,1,1,1
6,409,1016,20,1431,350,17,2148,10,1514 1,1,1,1,1,1,1,1,1,1
13570,7509,2147,604,1387,76,9,125,908,944,8 1,1,1,1,1,1,1,1,1,1,1
24,97,4760,522,20,1415,1143,28,241,522,20,795,576,10,15,2158,3505,19,6,70,349 1,1,1,1,1,1,1,1,1,1,1,1,1,1,1,1,1,1,1,1,1
78,89,30,4,161,1957,1603,2603,4,1235,10425,103,4760,364 1,1,1,1,1,1,1,1,1,1,1,1,1,1
165,81,341,4,31,290,87,77,17,848,338 1,4,4,1,1,1,1,1,1,1,1
97,1098,9,21647,8,20,13571 1,1,1,1,1,1,1
186,116,4,19,306,77,17,67,94,338 1,10,1,1,1,1,1,1,1,1
11,160,7,3381,132,5274 1,1,1,1,1,1
249,789,4,537,480,13,210,109,22,82 1,16,1,1,1,1,12,1,1,1
97,488,367,9,21648,8,20,3016,28,21649,2,21650 1,1,1,1,1,1,1,1,1,1,1,1
351,178,103,269,369,959,21651,459,132,1107,1797,2,19,493 1,9,1,3,3,3,1,1,1,1,1,1,1,1
636,103,8659,8660,955,12,3226,843,188,132,776,4,450,331,7,21652,77,4,230,244,22,33,8663,5528,33,497,511,15,223,632,569,1673,204,956,33,2089,547,35,22,33,889,1345,35,347,59,210,109,22,283,2689,83,22,33,8664,51,1366,33,1855,83,22,33,2161,449,22,33,138,2366 1,1,1,1,1,1,1,1,1,1,1,1,1,1,1,1,1,1,7,1,1,1,1,1,1,1,1,1,1,1,1,1,1,1,1,1,1,1,1,1,1,1,1,1,1,12,1,1,1,1,1,1,1,1,1,1,1,1,1,1,1,1,1,1,1,1,1
137,4,2063 1,1,1
21653,128,30,4,477,5,3910,4376,587,65,118,76 1,1,1,1,1,1,1,1,1,1,1,1
603,587,65,132,353 1,1,1,1,1
11,128,30,7,332 1,1,1,1,1
179,30,4,309,4,88,30,7,309 1,1,1,14,14,14,14,14,14
554,245,4,1553,2759,2,647,1036,6657,1158,200 1,1,1,1,1,1,1,1,1,1,1
2474,1240,4,31,4899 1,1,1,1,1
3477,4,994 1,1,1
1590,8662,4935,7,13064,159 1,1,1,1,1,1
4720,139,4,578,924,1308,2150,4,295,1310,27,140 1,1,1,1,1,1,1,1,1,1,1,1
2840,3528 1,1
499,4,224,4,267,3025,2,21654,121,274,191,6,97,200 1,1,1,1,1,1,1,1,1,1,1,1,1,1
392,4,32,119,234 1,1,1,1,1
267,618,2,868,2,216,392,1219,2,5,1251 1,1,1,1,1,1,1,1,1,1,1
1176,4,88,862,142 1,1,1,1,1
2583,4,88,895,274,2,2540,2,1809,2,26,21655 1,1,1,1,1,1,1,1,1,1,1,1
1841,5,3735,4,267,13572,576,10,493 1,1,1,1,1,1,1,1,1
88,1579,13573,2,10001,2,3121,2,21656,2,26,150,399,13574 1,1,1,1,1,1,1,1,1,1,1,1,1,1
1414,5,1184,4,88,682,1414 1,1,1,1,1,1,1
112,4,88,5412,2,34,2,2721,4123,2,26,2757,12,6,112 1,1,1,1,1,1,1,1,1,1,1,1,1,1,1
372,4,88,270,2,2,1106,2,5,1284 1,1,1,1,1,1,1,1,1,1
562,4,88,396,2,1257 1,1,1,1,1,1
339,4,149,2366 1,1,1,1
88,1920,2,13575,2,2303,2,435,2,613 1,1,1,1,1,1,1,1,1,1
668,1946,4,88,21657,712,2438,2,377 1,1,1,1,1,1,1,1,1
336,343,4,88,756,2,4982,1486,2,1621,7269 1,1,1,1,1,1,1,1,1,1,1
1713,4,267,106,1621,1214 1,1,1,1,1,1
88,2786,3888,2,5420,2,5,5487 1,1,1,1,1,1,1,1
1030,4,153,656,7,892,153,200,146,490,7,1781,576,10,1431,1262,67,94,77 1,1,1,1,1,1,1,1,1,1,1,1,1,1,1,1,1,1,1
88,1848,394,2,21658,274,2,26,1702,274 1,1,1,1,1,1,1,1,1,1
1734,4,88,438,2,3598,4066 1,1,1,1,1,1,1
73,4,64,14,15,779,2,2464,471,104,14,12,11,180,326 1,1,1,1,1,1,1,1,1,1,1,1,1,1,1
29,14,3079,10,5520 1,1,1,1,1
638,4,21659,28,21660,28,21661,28,8665 1,1,1,1,5,5,1,1,1
202,4,1623,2,725,2,4148 1,1,1,1,1,1,1
570 1
11,4489,277 1,1,1
1504,2,952,2561,26,160,7,21662,26,3626 1,1,1,1,1,1,1,1,1,1
112,4,330,2,875,2,275,1596,2,171,625,952,229,2,11,269 1,1,1,1,1,1,1,1,1,1,1,1,1,1,1,1
487,456,5309,226,4,476,2181,194,302,2,157,354,54 1,1,1,1,1,1,1,1,1,1,1,1,1
1104,942,27,6,70,1562 1,1,1,1,1,1
86,856 1,1
694,4,418,28,43,1268,2,4959,653,872,417,2125,1810,27,6,70,1494,1562,2,1539,10,6,2541,2,557,13,32 1,1,1,1,1,1,1,1,1,1,1,1,1,1,1,1,1,1,1,1,1,1,1,1,1,1,1
340,4,558,529 1,1,1,1
187,829,2088 1,1,1
5940,10,1043,191,192,8279 1,1,1,1,1,1
133,2,375,10,1392,12,192,2026 1,1,1,1,1,1,1,1
902,21663,109,601,27,6,9199,1597 1,1,1,1,1,1,1,1
11,953,2,902,4405,31,549 1,1,1,1,1,1,1
8373,4,2724,577 1,1,1,1
978,878 1,1
2025,4,395,79,225,197,217 1,1,1,1,1,1,1
171,967,2,1410,243,193 1,1,1,1,1,1
181,4,817,2,21664,13576,3151,2135,191,70,2042 1,1,1,1,1,1,1,1,1,1,1
323,4,5408,2,916,324,2,951,591,814,2097,175,2,106,1930,19,891,5,6400,5959,2,731,5,1099,21665,21666,2,21667,2,5963,590,2,700,8120,5,5202,28,2261,74,171,5,863,722,12,2973,5,4845,11614 1,1,1,1,1,1,1,1,1,1,1,1,1,1,1,1,1,1,1,1,1,1,1,1,1,1,1,1,1,1,1,1,1,1,1,1,1,1,1,1,1,1,1,1,1,1,1,1
3729,423 1,1
258,4,2056,4,6008,21668,649,3016,524,1862,824,4367,9,72,8,689,6157,379,788,804,1792,770,2784,9,72,8,335,3347,1178,758,9,54,8,22,2500,1437,3322,1434,3099,1830,2361,1465,1408,1438,1865,1497,2812,935,1659,1712,1710,91,2066,6008,4217,1330,66,2383,66,1532,4,6008,10428,298,2127,615,21669,458,5452,9,54,8,266,12649,9,54,8,530,1678,9,54,8,665,10429,9,54,8,698,8666,443,5111,666,10035,9,72,8,2914,431,1081,1192,41,1753,1529,9,72,8,41,897,854,9,54,8,41,1637,183,41,732,35,41,1675,515,2584,13577,2585,13431,9,54,8,2661,13117,9,54,8,2662,3555,9,54,8,2663,1858,1513,395,1458,171,2664,152,2130,1518,2875,4,6008,10428,64,9117,9,72,8,1069,12056,7749,258,4,6008,10428,2007,934,9,72,8,1311,4,548 1,1,1,1,1,1,1,1,1,1,1,1,1,1,1,1,1,1,1,1,1,1,1,1,1,1,1,1,1,1,1,1,1,1,1,1,1,1,1,1,1,1,1,1,1,1,1,1,1,1,1,1,1,1,1,1,1,1,1,1,1,1,1,1,1,1,1,1,1,1,1,1,1,1,1,1,1,1,1,1,1,1,1,1,1,1,1,1,1,1,1,1,1,1,1,1,1,1,1,1,1,1,1,1,1,1,1,1,1,1,1,1,1,1,1,1,1,1,1,1,1,1,1,1,1,1,1,1,1,1,1,1,1,1,1,1,1,1,1,1,1,1,1,1,1,1,1,1,1,1,1,1,1,1,1,1,1,1,1,1,1,1,1,1,1,1,1,1,1,1,1,1
147,4,764,13,719,145,7,21670,2504,21671,916,28,2331,21672,916,28,21673,552,1000,43 1,1,1,1,1,1,1,1,1,1,1,1,1,1,1,1,1,1,1,1
199,6988,1607,11922 1,1,1,1
11,160,7,777,2171,26,719,1520 1,1,1,1,1,1,1,1
11,160,7,3209,1871,4382 1,1,1,1,1,1
11,518,1636,142,26,513,1672 1,1,1,1,1,1,1
149,276,1278,3060,12,1088,2,1663 1,1,1,1,1,1,1,1
908,4,464,6008 1,1,1,1
320,4,2181,796,13,225,1079,2117,2,1441,19,6,52 1,1,1,1,1,1,1,1,1,1,1,1,1
12,29,7,38,439,2243,2,207,100,44,2761,53,909,10,9895 1,1,1,1,1,1,1,1,1,1,1,1,1,1,1
44,205,21674 1,1,1
320,4,161,734,4071,780,2315,17,1957,76 1,1,1,1,1,1,1,1,1,1
185,52,2133,780 1,1,1,1
165,280,350,3244,1205,5,52,1079,1205 1,1,1,1,1,1,1,1,1
68,14,2000,13578,7,6,52,1205 1,1,1,1,1,1,1,1
68,14,182,383,12,1118,12,6,70,1079,1205 1,1,1,1,1,1,1,1,1,1,1
186,957,383,12,1118,12,13579,5,70,412,1548,7134,1064,2315,17,1957,76 1,1,1,1,1,1,1,1,1,1,1,1,1,1,1,1,1
249,185,2379,5,10430,816,1866,27,362,1912,218,239,10,2235,26,993,142 1,1,1,1,1,1,1,1,1,1,1,1,1,1,1,1,1
21675,205,4,320,4,160,7,957,1607,7,76,2,13,834,780,27,6,3235,1000,5,12,6,412,7253,5,350,1521,7,21676,13580 1,1,1,1,1,1,1,1,1,1,1,1,1,1,1,1,1,1,1,1,1,1,1,1,1,1,1,1,1,1
11652,21677,4,4857,471,13,1957,1603,2603,279,13,2181,796,5,350,225,1079,2117 1,1,1,1,1,1,1,1,1,1,1,1,1,1,1,1,1,1
161,796,4,6,29,279,13,15,13581,30,7,618,2,3058,596,2,5,1877,250,7,3061,1309 1,1,1,1,1,1,1,1,1,1,1,1,1,1,1,1,1,1,1,1,1,1
93,73,821,476,2181,194,302,2,70,1441,271,52 1,1,1,1,1,1,1,1,1,1,1,1
6,6359,7,115,319,55,2802,10,6,796,514,19,44,908 1,1,1,1,1,1,1,1,1,1,1,1,1,1
6,380,1757,7,6,796,563,2235,2,2890,2,5,13582,1757 1,1,1,1,1,1,1,1,1,1,1,1,1,1
6,29,267,11,167,13,2132,5,21,31,8246,2,2505,2235,796,197,19,6,1225 1,1,1,1,1,1,1,1,1,1,1,1,1,1,1,1,1,1,1
6,44,205,113,31,1035,87,160,7,2377,1233,1013,6,13583 1,1,1,1,1,1,1,1,1,1,1,1,1,1
241,2,6,796,5,1079,2117,53,225,2,21678,37,6,1233,209,50,10,55,2368,12,6,10430,7511,2,2505,1233,553,218 1,1,1,1,1,1,1,1,1,1,1,1,1,1,1,1,1,1,1,1,1,1,1,1,1,1,1,1
12,38,1533,6,373,218,1489,14,2890,12,1819,28,6,2392,373,218,10,1489,796,12,38,29,53,6,3596,4828,2,1155,32,13584,2,2254,1551,2,21679,2,5,150,21680,21681,2,3102,4828,1155,32,6484,3847,2,12377,13585,2,5,8503,13585,2,5,2442,1757 1,1,1,1,1,1,1,1,1,1,1,1,1,1,1,1,1,1,1,1,1,1,1,1,1,1,1,1,1,1,1,1,1,1,1,1,1,1,1,1,1,1,1,1,1,1,1,1,1,1,1,1,1,1,1,1,1,1
1582,712,908,584,2,796,373,557,13,15,5385,2890,2578 1,1,1,1,1,1,1,1,1,1,1,1,1
710,247,2139,4378,22,82,17,21682,2807 1,1,1,1,1,1,1,1,1
842,1309,1990,3874,5,1218,1050,67,1314,1773,13584,7157,1631,2391,2031,2,389,6484,1940,2176,27,449,13586 1,1,1,1,1,1,1,1,1,1,1,1,1,1,1,1,1,1,1,1,1,1,1
108,25,1269,14,31,264,2,40,2524,1971,10,5911,2176 1,1,1,1,1,1,1,1,1,1,1,1,1
3306,1165,17,508,2,3252,17,272 1,1,1,1,1,1,1,1
2254,21683,9612,866,248,697,434,1040 1,1,1,1,1,1,1,1
165,618,4,6,29,279,13,15,13581,30,7,618 1,1,1,1,1,1,1,1,1,1,1,1
1583,1757,563,2631,1757,576,10,1781,2,3201,2,26,657,21684,1419,28,914,28,91,1757,9,13470,2,178,8,2,461,2,5,5529,1113,9,7512 1,1,1,1,1,1,1,1,1,1,1,1,1,1,1,1,1,1,1,1,1,1,1,9,1,1,1,1,1,1,1,1,1
1403,8 1,1
38,29,21,15,30,7,178,2,48,147,584,5,91,785,273,31,1208,91,21685 1,1,1,1,1,1,9,1,1,1,1,1,1,1,1,1,1,1,1
6,29,21,31,39,63,383,12,6,379,26,331,65,450,2,2505,3201,553,218 1,1,1,1,1,1,1,1,1,1,1,1,1,1,1,1,1,1,1
258,222,31,1035,87,5529,1113,28,1195,1403,14,252,19,6,1225,494 1,1,1,1,1,1,1,1,1,1,1,1,1,1,1,1
6,618,20,7225,12,1819 1,1,1,1,1,1
6,29,267,4953,657,25,1269,2,1926,490,16,20,1222,17,573,7,6,107,158,10,6,247,7,115 1,1,1,1,1,1,1,1,1,1,1,1,1,1,1,1,1,1,1,1,1,1,1,1
12,38,29,2,6,1489,7,6,618,14,373,218,2631,12,1819,2,576,10,657,25,1269,5,476,11325,1419 1,1,1,1,1,1,1,1,1,1,1,1,1,1,1,1,1,1,1,1,1,1,1,1,1
710,2176,27,449,13586 1,1,1,1,1
108,25,1269,14,31,264,2,40,2524,1971,10,5911,2176 1,1,1,1,1,1,1,1,1,1,1,1,1
842,155,6659,82 1,1,1,1
186,1957,1603,2603,4,29,279,13,334,1235,10425,1957,1603,2603,13,280,205,584,1905,7,76,1607,2,1926,12,6,7253 1,1,1,1,1,1,1,1,1,1,1,1,1,1,1,1,1,1,1,1,1,1,1,1,1,1,1
21,61,19,4760,17,6,97,1036,198 1,1,1,1,1,1,1,1,1
710,29,113,31,871,7,280,584,2,10,1022,13,58,6302,12,221 1,1,1,1,1,1,1,1,1,1,1,1,1,1,1,1
842,539,4090,2511 1,1,1,1
249,461,4,29,279,13,6010,461,9,21686,8 1,1,1,1,1,1,1,1,1,1,1
31,334,10,55,21687 1,1,1,1,1
710,889,426,9,889,2,3450,2,3987,8,10,1021,889,1705,2177,461,7,188,76 1,1,1,1,1,1,1,1,1,1,1,1,1,1,1,1,1,1,1
842,1132,577,17,160,7,5395,67 1,1,1,1,1,1,1,1
351,116,4,710,155,6659,82 1,10,1,1,1,1,1
842,29,14,185,19,231,322 1,1,1,1,1,1,1
11,142,10,77 1,1,1,1
459,21688,4,710,126,13,210,109,22,82,842,91,785,66,511,153 1,1,1,1,1,1,12,1,1,1,1,1,1,1,1,1
119,5416,1117,2,11,301,10,1752,124,4887,7,4530,142,12,147,5,2364,7,3293,115,1050,252,2471,333,636,132,1107,1797,4,710,185,19,493 1,1,1,1,1,1,1,1,1,1,1,1,1,1,1,1,1,1,1,1,1,1,1,1,1,1,1,1,1,1,1,1,1
842,6145,913,1060,542 1,1,1,1,1
281,21689 1,1
843,1210,4,710,742,17,339,1210,842,21690,17,613 1,1,1,1,1,1,1,1,1,1,1,1
1050,12787,2,11,1704,2236,2,11,5530,848,333 1,1,1,1,1,1,1,1,1,1,1
1773,1197,4408,117,1158,1794 1,1,1,1,1,1
2785,1761,13587,2,5522,1088,705,46,21691,1159,102,1327,2531,4,6,29,20,201,5,755 1,1,1,1,1,1,1,1,1,1,1,1,1,1,1,1,1,1,1,1
1061,13,256,1536,21692,99 1,1,1,1,1,1
1924,2,6,29,14,15,1678,2360,345,13,216,1603,335,9,1235,11789,8,2,120,2,116,2,178,103,269,369,2,132,2871,1797,19,493 1,1,1,1,1,1,1,1,1,1,1,1,1,1,1,1,1,1,4,1,10,1,9,1,1,1,1,1,1,1,1,1
16,279,80,13,51,123,7,3648,2,272,2,5,618,2,71,16,416,113,31,7949,7,403,674,6009,348,48,37,16,113,977,21693,5,14,627,13,272 1,1,1,1,1,1,1,1,1,1,1,1,1,1,1,1,1,1,1,1,1,1,1,1,1,1,1,1,1,1,1,1,1,1,1,1
24,25,1269,21,61,476,239,10,272 1,1,1,1,1,1,1,1,1
21,21,39,15,250,1877,7,3061,1309,2,5,464,160,7,2181,13588,5,476,194,302,19,73,157,354,2060,16,20,265,10,325,17,522,7,1334,12,6,644,7,306,5810,2,5,17,1251,19,1488,71,14,218,2631 1,1,1,1,1,1,1,1,1,1,1,1,1,1,1,1,1,1,1,1,1,1,1,1,1,1,1,1,1,1,1,1,1,1,1,1,1,1,1,1,1,1,1,1,1,1,1,1,1,1
40,1815,13,2139,4378,25,33,10,3181,3324 1,1,1,1,1,1,1,1,1,1
1729,6484,668,21694,2,5,1309,1964,9,67,1964,718,12,189,8 1,1,1,1,1,1,1,1,1,1,1,1,1,1,1
155,6659 1,1
2058,5409,2559 1,1,1
301,10,6145,913,1060,12,644,7,493,245,17,132,1107,1797 1,1,1,1,1,1,1,1,1,1,1,1,1,1
6010,21695,155,461,258,28,2052,19,889,6874 1,1,1,1,1,1,1,1,1,1
147,5,35,1501,7,91,785,273,31,1208,63,180,91,1588 1,1,1,1,1,1,1,1,1,1,1,1,1,1
40,1815,272,5796 1,1,1,1
285,13,5106,1117,9,58,21696,8 1,1,1,1,1,1,1,1
6478,21697,8138,195,705,21698 1,1,1,1,1,1
