69,49,4,21634,13560,6440,581,17,101,4,4760,2764,3566,13561,1246,4,1235,6007,9,2133,5,4757,3406,5,214,817,3235,1000,3406,693,8,103,2206,10,3278,132,1107,2783,19,493,30,4,29,14,15,982,200,307,471,104,1220,460,1920,10423 1,1,1,1,1,1,1,1,1,1,1,1,1,1,1,1,1,1,1,1,1,1,1,1,1,1,1,1,1,1,1,1,1,1,1,1,1,1,1,1,1,1,1,1,1,1,1,1,1,1,1,1,1,1
19,10416,16,20,724,17,15,752,2,393,24,440,1805,16,50,63,4462,2238,27,6,1140,95 1,1,1,1,1,1,1,1,1,1,1,1,1,1,1,1,1,1,1,1,1,1
6,752,1164,2187,5,6,4462,2238,1164,15,4379,7435,10417,5163,2377,71,20,5645 1,1,1,1,1,1,1,1,1,1,1,1,1,1,1,1,1,1
1994,604,2981,10,1073,5841,2603 1,1,1,1,1,1,1
19,6655,63,340,5,2290,205,129,346,1508,4,1959,1866,7,6,816,7,6,525,3278,9,10418,42,2238,36,2000,1233,5,8655,8,2460,890,6,1584,5163,2,557,13,911,8429,2603 1,1,1,1,1,1,1,1,1,1,1,1,1,1,1,1,1,1,1,1,1,1,1,1,1,1,1,1,1,1,1,1,1,1,1,1,1,1,1,1,1
85,549,10,55,588,10419,393,730,19,2396,1181 1,1,1,1,1,1,1,1,1,1,1
85,2,1790,8656,2,3235,5,8657,897,799,557,13,1957,76 1,1,1,1,1,1,1,1,1,1,1,1,1,1
19,6655,15,44,205,604,1866,7,6,197,3278,2460,890,6,44,1603,4691 1,1,1,1,1,1,1,1,1,1,1,1,1,1,1,1,1
38,14,627,13,780,12,6,9,54,8,2541,2,7506,7507,2,3235,1000,5,5524,2980 1,1,1,1,1,1,1,1,1,1,1,1,1,1,1,1,1,1,1,1
6,893,14,7508,2315,17,1603,332,5,8639,4837 1,1,1,1,1,1,1,1,1,1,1
68,14,15,5590,1016,4070,10,6,9,157,8,825,7064,12,6,409 1,1,1,1,1,1,1,1,1,1,1,1,1,1,1,1
2148,609,941,2133,5,263,2886,13,332 1,1,1,1,1,1,1,1,1
6,409,1016,20,1431,350,17,2148,10,1514 1,1,1,1,1,1,1,1,1,1
16,836,791,1433,13,11,121,274,26,1920 1,1,1,1,1,1,1,1,1,1
16,88,272,2,402,2,435,2,26,613 1,1,1,1,1,1,1,1,1,1
16,21,149,21635,1603,34,2,1844,117,1041 1,1,1,1,1,1,1,1,1,1
11,588 1,1
16,113,3792,7,450,1265,2,598,11,270,27,468 1,1,1,1,1,1,1,1,1,1,1,1
16,14,2955 1,1,1
618,14,504,13,1248,12,127,257,8658,4,955,7,8659,74,8660,12,3226,10420,369,20,730,12,6,751,269,12,6656,7097,1012,1295,381,118,417,17,196,159,8661,4,578,924,11,726,578,1591,1600,7384,259,6657,119,200,8662,4935,17,130,159,11,128,30,7,332,401,13,1202 1,1,1,1,1,1,1,1,1,1,1,1,1,1,1,1,1,3,3,3,3,3,3,3,3,3,3,16,1,1,1,1,1,1,1,1,1,1,1,1,1,1,14,14,1,1,1,1,1,1,1,1,1,1,1,1,1,1,1,1,1,1,1
163,7,213,4,224,4,105,946,121,274,121,3689,2,634,713,2,11,596,2,11,469 1,1,1,1,1,1,1,1,1,1,1,1,1,1,1,1,1,1,1,1,1
372,4,11,250,2,11,270,2,450,1265,2,11,1919,2,11,1106,202,4,11,112,388,2,11,3498,2,11,895,274,91,4,11,44,34,2,11,396,9,118,417,17,196,831 1,1,1,1,1,1,1,1,1,1,1,1,1,1,1,1,1,1,1,1,1,1,1,1,1,1,1,1,1,1,1,1,1,1,1,1,1,1,1,1,1,1
8,8023,2,11,676,76,1766,4,11,272,2,11,402,2,11,435,2,11,613,2,11,588,899,4,11,1232,2,11,868,2,11,394,2,11,5761,897,799,4,11,1790,897,799,1031,4,11,168,34,2,11,112,34,2,11,386,34,2,11,349,34,6313,4,11,1173,2,11,807,2,26,11,1233,1713,4,11,2853,2,11,620,26,11,6888,76,3219,4,11,2035,2,11,5072,2,11,588,77,4,230,244,22,33,8663,5528,33,497,511,15,223,632,569,1673,204,956,33,2089,547,35,22,33,889,1345,35,347,59,210,109,22,283,2689,83,22,33,184,758,22,283,8664,51,1366,33,137,4,13562,93,122,4,520,359,111,21636,2,289,284,2,574,105,2,1157,7203,600,2,2488,1569,12,2,616,5830,946,13563,112,4,11,799,782,202,4,11,3626,26,8630,28,570,28,725,181,4,11,484,516,4,86,79,2,720,694,4,246,253,44,4,90,226,86,1106,26,942,187,4,133,2,875,11,1003,799,4,148,10421,2,405,323,4,992,2612,467,9,489,5,9846,8,457,10424,379,788,2,804,1792,10424,298,2127,2,615,21637,2,458,4454,9,54,8,2,266,9992,9,54,8,2,530,982,9,54,8,2,665,6915,9,54,8,2,698,5757,2,443,2811,9,54,8,10424,2584,12107,2,2585,21638,9,54,8,2,2661,13565,2,2662,3124,9,54,8,2,2663,1858,242,5,114,4,982,200,307,471,13,1235,6007,1957,1603,332,103,2206,13,7813,3406,1777,6,2700,7,993 1,1,1,1,1,1,1,1,1,1,1,1,1,1,1,1,1,1,1,1,1,1,1,1,1,1,1,1,1,1,1,1,1,1,1,1,1,1,1,1,1,1,1,1,1,1,1,1,1,1,1,1,1,1,1,1,1,1,1,1,1,1,1,1,1,1,1,1,1,1,1,1,1,1,1,1,1,1,1,1,1,1,1,1,1,1,1,1,1,1,1,1,1,7,1,1,1,1,1,1,1,1,1,1,1,1,1,1,1,1,1,1,1,1,1,1,1,1,1,1,12,1,1,1,1,1,1,1,13,1,1,1,1,1,1,1,1,1,1,1,1,1,1,1,1,1,1,1,1,1,1,1,1,1,1,1,1,1,1,1,1,1,1,1,1,1,1,1,1,1,1,1,1,1,1,1,1,1,1,1,1,1,1,1,1,1,1,1,1,1,1,1,1,1,1,1,1,1,1,1,1,1,1,1,1,1,1,1,1,1,1,1,1,1,1,1,1,1,1,1,1,1,1,1,1,1,1,1,1,1,1,1,1,1,1,1,1,1,1,1,1,1,1,1,1,1,1,1,1,1,1,1,1,1,1,1,1,1,1,1,1,1,1,1,1,1,1,1,1,1,1,1,1,1,1,1,1,1,1,1,1,1,1,1,1,1,1,1,1,1,1,1,1,1,1,1,1,1,1,1,1,1,1,1,1,1,1,1,1,1,1,1,1,1,1,1
448,1560 1,1
132,1107,21639,126,1140,493,322,461,2,5,21640,126,9489,539,392,691,108,618,589,117,1781,5,461,53,660,1752,102,2,223,102,7,4760,2158,80 1,1,1,1,1,1,1,1,1,1,1,1,1,1,1,1,1,1,1,1,1,1,1,1,1,1,1,1,1,1,1,1,1,1
2145,38,223,1542,12,153,223,17,457,5,114,1306,21641,5914,6440,2,1162,384,4,58,10422,7510,58,2979,13564 1,1,1,1,1,1,1,1,1,1,1,1,1,1,1,1,1,1,1,1,1,1,1,1,1
