69,49,4,21732,1452,1865,2,2913,4165,5746,2,96 1,1,1,1,1,1,1,1,1,1,1,1
1697,21733,3593,497,2751,2,5497,21734,536,4,7513,1999,13597,46,10435,828,58,5746,4,1256,1999,1263,117,15,153,200,11560 1,1,1,1,1,1,1,1,1,1,1,1,1,1,1,1,1,1,1,1,1,1,1,1,1,1,1
18,589,10,3792,7,1600,13107,44,422,316,1625,576,10,639 1,1,1,1,1,1,17,17,17,1,1,1,1,1
472,534,2640,19,15,8313,631,15,376,1988,2716,7282,65,2219,10,363,606 1,1,1,1,1,1,1,1,1,1,1,1,1,1,1,1,1
736,7,928,5181,3308,10,23,89,322,21,39,11,1716,19,6,1277,26,3488,7,38,740,5,18,113,31,60,921,17,84 1,1,1,1,1,1,1,1,1,1,1,1,1,1,1,1,1,1,1,1,1,1,1,1,1,1,1,1,1
15,415,215,716,97,1091,227,1256,1999,3981,17,183,606,5,154,2219,7,15,2268,1811,3721,27,15,1344,118,145,7,5853,2,1344,67,94,7,5017,576,10,366 2,2,2,2,2,2,2,2,2,2,2,2,2,2,2,2,2,2,2,2,2,2,2,2,2,2,2,2,2,2,5,5,5,5,2,2,2
18,39,11,958,147,142,166,2,278,2,15,13308,1156,11842,609,604,15,3037,3008,794,816,2087,32,57,32,15,350,4280,680,7,1666,313 2,2,2,2,2,2,2,2,2,2,2,2,2,2,2,2,2,2,2,2,2,2,2,2,2,2,2,2,2,2,2,2
12,736,2,68,20,15,2981,406,3008,786,816,2087,428,13,21735,1484,149,313 2,2,2,2,2,2,2,2,2,2,2,2,2,2,2,2,2,2
7,99,2,23,97,1995,367,20,6504,13,63,940,7,2922,5,63,544,7,21736,18,836,19,15,322,7,1943,3856,284,22,327 1,1,1,1,1,35,35,35,35,1,1,1,1,1,1,1,1,1,1,1,1,1,1,1,1,21,21,1,1,1
641,2,172,35,347,327 1,1,11,1,1,1
998,2,556,196,22,327 1,1,7,1,1,1
1004,2,486,579,190,10436,513,1960,13,259,190,4324,10436,513,1960,2,5,462,190,486,10436,513,21737,93,73,821,15,57,2265,2,1799,407,12,11,180,326 1,1,6,1,1,1,1,1,1,1,1,6,1,1,1,1,1,1,1,6,1,1,1,1,1,1,1,1,1,1,1,1,1,1,1,1
67,94,70,349,1147,4371,2,118,145,1569,5,135,2,1851,579,5,2284,2,121,12309,643,2,71,14,1036,643,256,23,121,7,153,200,146 5,5,5,5,5,5,1,1,1,1,1,1,1,1,1,1,1,1,1,1,1,1,1,1,1,1,1,1,1,1,1,1,1
6,112,14,330 1,1,1,1
487,919 1,1
625,53,51,261,86,229 1,1,1,1,1,1
44,1357,51,7513,1999,13597,46,10435,10437,836,90 1,1,1,1,1,1,1,1,1,1,1
91,73,821,43,246,2,3213,2131,253,5,15,133,5280,653,872,417 1,1,1,1,1,1,1,1,1,1,1,1,1,1,1,1
6,187,14,599 1,1,1,1
217,86,4665,79 1,1,1,1
1322,482,399,212,27,15,145,7,1569,2,21738,957,21739,2,2331,21740,2,21741,10077,2,1000,105,1474 1,1,1,1,1,1,1,1,1,1,1,1,1,1,1,1,1,1,1,1,1,1,1
68,53,8668,777,3285,21742,166,1264,13,523,1563,1241,984,5,15,158,786,806,729,743,13,3037,1535,518,5,276,1278,142 1,1,1,1,1,1,1,1,1,1,1,1,1,1,1,1,2,2,2,2,2,2,2,2,2,2,2,2
1323,10,24,97,1322,68,21,61,11,182,228 1,1,1,1,1,1,1,1,1,1,1
320,4,1256,1999,589,10,50,160,7,149,2,185,714 1,1,1,1,1,1,1,1,1,17,17,17,17
47,50,963,23,10,3363,635,27,105,22,327 1,1,1,1,1,12,12,1,1,1,1
513,7733 1,1
17,23,182,254,5,47,3853,1428,23,10,268,5254,954,10,197,23,7147,1269,5,383,23,4076,996,542 1,1,1,16,1,1,1,1,1,1,1,1,1,1,1,1,1,1,1,1,1,1,1,1
12,736,2,47,50,963,23,10,1150,23,67,94,27,1502,248,26,497,268,511,19,63,4630,1988,5,936,23,37,108,18,1558,12959,256,13598,237,47,209,539,8669,10438,4523,364 1,1,1,1,1,1,1,1,1,1,1,1,1,1,1,1,1,1,1,1,1,1,1,1,1,1,1,1,1,1,1,1,5,1,1,1,1,1,1,1,1
12,736,2,32,928,32,18,836,529,5,1433,2,47,40,114,19,7730,23,352,1149,415,215,12,153,10,153,5,15,2022,159,95 1,1,1,1,1,1,1,1,1,1,1,1,1,1,1,1,1,1,1,1,1,1,1,1,1,1,1,1,1,1,1
3110,38,47,50,31,3494,23,156,322 1,1,1,1,1,1,1,1,1
7,408,2,47,1152,329,17,2092,260,10,3003,12,23,203 1,1,1,1,1,1,1,1,1,1,1,1,1,1
12756,1928,2,4073,4362,7475,2,96 1,1,1,1,1,1,1,1
800,4,10437,827,4,21743,818,4,10437,21744,21745,21746,144,1645,10439,1142,10440,2,5497,10441,232,31,177,42,240,312,232 1,1,1,1,1,1,1,1,1,1,1,1,1,1,1,1,1,1,1,1,1,1,1,1,1,1,1
