69,49,4,21753,21754,562,3356,4518,21755,2108,10439,1142,1999,2,7513,10440,2,5497,10441,13602,9,13603,8,21756,10442,4165,5746,2,96 1,1,1,1,1,1,1,1,1,1,1,1,1,1,1,1,1,1,1,1,1,1,1,1,1,1,1,1,1
13604,1870,144,1944,13605,3593,497,2751,2,5497,21757,828,58,5746,4,1256,1999,1263,17,961 1,1,1,1,1,1,1,1,1,1,1,1,1,1,1,1,1,1,1,1
281,2,18,1351,7,939,713,2,939,366,2,5,149,336,79 1,1,1,1,1,1,1,1,1,1,1,1,1,1,1
136,97,201,2,18,21,986,10,2956,84,791,1169,10,1882,121,2,5,21,2320,2468,2878,930,3108,7,1082,565,308 1,1,1,1,1,1,1,1,1,1,1,1,1,1,1,1,1,1,1,1,1,1,1,1,1,24,1
32,329,871,2,12,6,78,2,18,85,21,2878,87,2429,7,2934,4183,26,150,4097,426 1,1,1,1,1,1,1,1,1,1,1,1,1,1,1,1,1,1,1,1,1
3057,2,18,836,19,15,322,7,6240,172,370,22,327 1,1,1,1,1,1,1,1,1,11,1,1,1
641,2,635,105,22,327 1,1,12,1,1,1
641,2,556,196,22,327 1,1,7,1,1,1
1004,2,1943,3784,284,22,327 1,1,21,21,1,1,1
641,2,3358,761,22,327 1,1,26,1,1,1
641,2,3379,1280,22,327 1,1,31,1,1,1
641,2,633,2,109,2023,327 1,1,1,1,1,1,1
998 1
21758,51,22,327 1,1,1,1
641,2,493,2,1042,5714,2,1803,131,105,190,3022,1647,1960,1264,13,196,190,3022,1647,2946,2,5,2203,2114,190,3022,1647,1960,93,122,821,15,2269,1799,407,12,11,180,326 1,1,1,1,1,1,1,6,6,1,1,1,1,1,1,1,1,1,1,1,1,1,1,6,1,1,1,1,1,1,1,1,1,1,1,1,1,1,1,1
67,94,70,349,1147,27,21759,2,118,145,1211,5,4020,135,2,1851,723,5,2284,2,121,8238,727,2,71,14,259,727,256,23,121,109,198,146 1,1,1,1,1,1,1,1,1,1,1,1,1,1,1,1,1,1,1,1,1,1,1,1,1,1,1,1,1,1,1,1,1,1
6,112,14,133 1,1,1,1
487,14,919 1,1,1
625,86,182,229 1,1,1,1
44,14,90 1,1,1
91,73,821,15,43,246,2,15,3213,2131,253,2,13,21760,653,417,1539,65,1709,10,6,1562 1,1,1,1,1,1,1,1,1,1,1,1,1,1,1,1,1,1,1,1,1,1
11,182,1626,417,26,1371 1,1,1,1,1,1
6,187,14,463,2,48,355,599 1,1,1,1,1,1,1,1
217,1892,5235,10314,79,2,336,243,53,175,9884,829,1459 1,1,1,1,1,1,1,1,1,1,1,1,1
1322,482,777,1085,13,15,4761,2331,1338 1,1,1,1,1,1,1,1,1
6,289,1672,53,268,9374,271,153,1279,1844,125,2,3925,6,1754,7,21761,32,57 1,1,1,1,1,1,1,1,1,1,1,1,1,1,1,1,1,1,1
2331,6648,2,4905,6964,2,1000,365,1474,2,68,14,160,7,15,158,786,729,743 1,1,1,1,1,1,1,1,1,1,1,1,3,3,3,3,3,3,3
1323,13,24,97,1322,2,68,14,11,182,228 1,1,1,1,1,1,1,1,1,1,1
320,4,1256,21762,589,10,13606,65,2760,565,2,5,47,39,15,928,1979,13,23,5,23,567,995,6,3922,1819,7,23,21763,12,63,1996,21764,2864,1763 1,1,1,1,1,1,1,1,24,24,1,1,1,1,1,1,1,1,1,1,1,1,1,1,1,1,1,1,1,1,1,1,1,1,1
47,631,428,50,3853,1428,23,10,1029,63,1207,13,1082,565,308,10,3003,12,1350,121,2864 1,1,1,1,1,1,1,1,1,1,1,1,1,24,1,1,1,1,1,1,1
47,85,285,13,23,784,1446,995,23,115,7,2252,1387,336,79,2,1926,32,84,21765,362,10,23,121,2,5,777,26,21766 1,1,1,1,1,1,1,1,1,1,1,1,1,1,1,1,1,1,1,1,1,1,1,1,1,1,1,1,1
32,12,6,78,2,18,936,260,37,18,209,11394,87,2429,17,2934,4183,26,150,426 1,1,1,1,1,1,1,1,1,1,1,1,1,1,1,1,1,1,1,1
18,222,2,278,2,1061,10,126,13,23,231,89,322 1,1,1,1,1,1,1,1,1,1,1,1,1
47,1156,1072,67,426,80,10,12159,6,13607,7,23,1001,338,5,81,583 1,1,1,1,1,1,1,1,1,1,1,1,1,1,1,1,1
47,50,13503,23,10,5850,6780,2,23,1436,5521,2,104,40,3003,12,1634,10,6108,15,1114,268,2674,6826,16,400,451,236 1,1,1,1,1,1,1,1,1,1,1,1,1,1,1,1,1,1,1,1,1,1,1,1,1,1,1,1
92,50,124,23,15,1948,17,21767,10,3363,27,758,22,327 1,1,1,1,1,1,1,1,1,1,1,1,1,1
641,2,71,40,907,772,12,106,1563,7,149,2674 1,1,1,1,1,1,1,1,1,1,1,1
11242,2,18,2425,37,182,121,274,319,316,2640,814,15,121,2864,1763 1,1,1,1,1,1,1,1,1,1,1,1,1,1,1,1
47,50,7,408,2517,10,23,6,264,91,12666,627,13,23,231,4372 1,1,1,1,1,1,1,1,1,1,1,1,1,1,1,1
3110,38,2,47,50,31,3494,23,231,89,322 1,1,1,1,1,1,1,1,1,1,1
7,408,2,47,1152,329,17,2092,260,10,3003,12,24,203 1,1,1,1,1,1,1,1,1,1,1,1,1,1
1027,1928,2,597,42,4,4073,7475,526,4073,7475,2,96 1,1,1,1,1,1,1,1,1,1,1,1,1
813,21768,7921,800,4,10442,827,4,21769,818,4,10442,232,31,177,42,240,312,232 1,1,1,1,1,1,1,1,1,1,1,1,1,1,1,1,1,1,1
