69,49,4,21800,622,99,5531,8672,485,4,13616,1615,1143,2,5435,167,4,161,81,341 1,1,1,1,1,1,1,1,1,1,1,1,1,1,1,1,1,1,4,4
16,589,19,2375,5,987 1,1,1,22,1,20
67,728,2122,10,55,12,4230,199,502 1,1,1,1,1,1,1,1,1
97,374,20,21801 1,1,1,1
10,55,2304,80 1,1,1,1
165,254 1,16
945,53,548 1,1,1
186,714 1,17
498,415,215,227,318,147,142,2,5596,609 1,1,1,1,1,1,1,1,1,1
149,714 1,17
321,19,21802,3834,3030 21,21,21,21,21
5004,3172,706,192,21803 1,1,1,1,1
945,10,55,2304 1,1,1,1
249,127 1,10
19,2157,2,230,5,21804,3030 1,13,1,7,1,1,21
67,94,21805,2,296,284,5,135,2,694,43 1,1,1,1,1,1,1,1,1,1,1
320,4,199,338 1,1,1,1
351,121 1,1
24,121,14,3850,2,454,55,8074,285 1,1,1,1,1,1,1,1,1
1172,2,16,21,1236,5299,16,319,273,10,1723,2,5,472,129,192,285,12,790,13,6,29,5,24,503 1,1,1,1,1,1,1,1,1,1,1,1,1,1,1,1,1,1,1,1,1,1,1,1,1
4073,4592,2,96 1,1,1,1
13617,1796,21806 1,1,1
