67,54,4,26937,15698,3,26938,3,7626,40,28,20,221,19,26939,13,6,385,3,64,3458 1,1,1,1,1,1,1,1,1,1,1,1,1,1,1,1,1,1,1,1,1
395,122,24,55,17,402 1,1,1,1,1,1
6,385,30,5,102,101,143,81,5,660 1,1,1,1,1,1,1,1,1,1
395,122,24,55,17,402 1,1,1,1,1,1
6,104,7,198,5,566,7,6,28,143,235,13,6,385 1,1,1,1,1,1,1,1,1,1,1,1,1,1
339,4,40,14,15,3537,358,121,61,13,267,113,7,188,34,584,66,6,794,188,10,6,48 1,1,1,1,1,1,1,1,1,1,1,1,1,1,1,1,1,1,1,1,1,1,1
16,98,21,34,12,23,53,248,115,10,23,2435 1,1,1,1,1,1,1,1,1,1,1,1
16,98,21,128,5466,474,5,194,291,34 1,1,1,1,1,1,1,1,1,1
6,34,21,68,855,5,6,28,21,68,49,5653,17,6,80,267,65 1,1,1,1,1,1,1,1,1,1,1,1,1,1,1,1,1
6,34,37,16,21,68,46,14,1466,209,3,708,17,6,2788,2435,34,5,6,48,34 1,1,1,1,1,1,1,1,1,1,1,1,1,1,1,1,1,1,1,1,1
16,20,514,19,6,3334,43,23,491,3,5,92,20,885,10,6,28,1667,16,1182,115,12,37,269 1,1,1,1,1,1,1,1,1,1,1,1,1,1,1,1,1,1,1,1,1,1,1,1
80,39,30,4,173,17,778,490,3,585,831,3,71,3,1699,1875,3,266,188,34,3,3209,3,3636,3637,3,992,3,26940,3,330,354,76,3,5,71,604 1,1,1,1,1,1,3,3,3,1,1,1,4,1,1,1,1,1,1,1,1,1,1,1,1,1,1,1,1,1,1,1,1,1,1,1,1
102,101,4,6,28,14,1130,3,130,156,382,3,1481,680,3,63,94,15699,3,5,1133,1045,14,231,42 1,1,1,1,1,1,1,1,1,1,1,1,1,1,1,1,1,1,1,1,1,1,1,1,1
16,14,12,170,342 1,1,1,1,1
23,155,77,14,44 1,1,1,1,1
23,103,101,111,11,448 1,1,1,1,1,1
23,214,14,1747,3,5,74,14,246,10,1046,12,6,53,194,2168,3,5,74,14,690,246,12,6,53,2435 1,1,1,1,1,1,1,1,1,1,1,1,1,1,1,1,1,1,1,1,1,1,1,1,1,1
74,14,98,173,34,19,656,7,23,53,248,1275,5856,26,308 1,1,1,1,1,1,1,1,1,1,1,1,1,1,1
92,14,31,284,17,1186,10,172,6,628,12,23,53,657,26,384,517,7,34 1,1,1,1,1,1,1,1,1,1,1,1,1,1,1,1,1,1,1
16,14,410,5,642,10,1150,3,469,3,85,3,5,927 1,1,1,1,1,1,1,1,1,1,1,1,1,1
23,1411,1093,57,204 1,1,1,1,1
779,101,111,131,377,5062,1256,3,51,11,202,7,7332,1901 1,1,1,1,1,1,1,1,1,1,1,1,1,1
457,264,4,111,15,897,7,2958,13,3311,1138,7,1853,3,5,805,50,14,602,306,3392 1,1,1,1,1,1,1,1,1,1,1,1,1,1,1,1,1,1,1,1,1
905,14,11243,1251,111,519,10,36,696,63,763,5,36,10,58,1111,63,763 1,1,1,1,1,1,1,1,1,1,1,1,1,1,1,1,1,1
1145,111,585,831,13,4673,156,7,26941,23,413,241,111,11,448 1,1,1,1,1,1,1,1,1,1,1,1,1,1,1
74,14,5809,963,23,53,861 1,1,1,1,1,1,1
6,1518,197,44 1,1,1,1
318,499,438,4,6,28,20,138,62,203,462,22,337 1,1,1,1,1,1,1,52,52,52,1,1,1
5,1720,210,22,247,17,34 1,1,1,1,1,1,1
23,34,265,173 1,1,1,1
313,3,16,38,1033,553,7,6,34,5,13,2405,453 1,1,1,1,1,1,1,1,1,1,1,1,1
92,20,1824,10,162,6,28,10,6,124,17,355,7,23,34,5,268,1168,10,250,31,81,43,262,331,250,1194,4673 1,1,1,1,1,1,1,1,1,1,1,1,1,1,1,1,1,1,1,1,1,1,1,1,1,1,1,1
497,7147,3,7626,107 1,1,1,1,1
487,4,15700,292,4,15700,533,43,4,7147,3,7626,746,26942,1608 1,1,1,1,1,1,1,1,1,1,1,1,1,1,1
