67,54,4,27051,1997,379,719,13,142,3,151,3,212,3,3060,3,363,3,110,690,369,17,439 1,1,1,1,1,1,1,1,7,1,4,1,10,1,1,1,1,1,1,1,1,1,1
79,146,37,18,21,31,68,49,88,39,17,175,129 1,1,1,1,1,1,1,1,1,1,1,1,1
18,53,17,14683,17,267,129,5,2832,319,7,39 1,1,1,1,1,1,1,1,1,1,1,1
79,27052,24,366,46,68,12,6,27053,79,146,837,7,394,764,3,5,6,314,7,24,24,415,3194 1,1,1,1,1,1,1,1,1,1,1,1,1,1,1,1,1,1,1,1,1,1,1,1
244,2700,13,254,5,1089,98,1268,2972,3,8565,27054,2108,982,5,2338 1,1,1,1,1,1,1,1,1,1,1,1,1,1,1,1
147,142,151,212,4,5941,13,1562,5,15712,15713 1,7,4,10,1,1,1,1,1,1,1
11845,713,9,8,406,3,344,449,10,321,15714,408 1,1,1,1,1,1,1,1,1,1,1,1
9859,5745,9,1000,42,2879,8,3,148,15715 1,1,1,1,1,1,1,1,6,6
488,1086,616,3,307,5,4577 1,1,1,1,1,1,1
177,15716,36,643,563,363,12,645,3,1016,3,719,3,7960 1,1,1,1,1,1,1,1,1,1,1,1,1,1
1164,35,1287,51,31,1356,7,325 1,1,1,1,1,1,1,1
713,111,472,559,7,335,42,13,11,7231 1,1,1,1,1,1,1,1,1,1
139,288,74,20,2859,1452,4920,3300 1,1,1,1,1,1,1,1
1164,35,11,202,7,3045,15717,9,51,266,2047,1086,266,9859,8,403,7,3060,43,4331,83,2692,329,110,4663,1086,3455,1957,363,1234,110,690,39,1781,1686,335,189,608,123,180,65,165,145,1643,117,189,521,6180,3,157,135,1315,15718,134,7628,3,11941,134,15719,3,11942,15720,3,9664,11170,1384,9,3147,8,549,45,2812,49,36,45,9,73,8,25,32,2708,686,45,49,36,45,9,73,8,25,276,167,15721,3754,9,4127,8,846,45,49,36,45,9,73,8,25,69,15722,9,15723,682,1547,8,36,894,2094,3523,123,539,65,6530,1096,58,1222,1096,662,320,83,167,307,3,167,4,9860,6774,1096,58,1222,8563,69,809,501,22,25,69,236,171,22,25,32,4965,9,9856,8,5499,45,49,36,45,9,73,8,25,32,1827,9,203,1148,1463,8,901,45,2812,49,36,45,9,73,8,25,32,6962,9,15724,8,647,45,49,36,45,9,73,8,25,32,423,9,1406,8,447,22,25,32,2382,9,4280,8,125,22,9,378,45,49,36,8,25,32,274,215,22,9,686,45,49,36,8,25,32,15725,850,22,25,1580,123,36,65,8153,36,42,1455,9,7342,36,42,1455,8,36,2180,1140,32,3,2107,10,2108,548,9,1558,8,32,167,2338,165,1686,9,1643,8,180,15726,1034,521,8430,9223,7,55,3,79,14,31,49,88,7,24,39 1,1,1,1,1,1,1,1,1,1,1,1,1,1,1,1,1,1,1,1,1,1,1,1,1,1,1,1,1,1,1,1,1,8,8,8,8,8,8,8,8,8,8,8,8,8,8,8,8,8,8,8,8,8,8,8,8,8,8,8,8,8,8,8,8,1,1,1,1,1,1,1,1,1,1,1,1,1,1,1,1,1,1,1,1,1,1,1,1,1,1,1,1,1,1,1,1,1,1,1,1,1,1,1,1,1,1,1,1,1,1,1,1,1,1,1,1,1,1,1,1,1,1,1,1,1,1,1,1,1,1,1,1,1,1,1,1,1,1,1,17,17,17,17,17,12,12,12,12,12,13,1,1,1,1,1,1,1,1,1,1,1,1,1,11,1,1,1,1,1,1,1,1,1,1,1,1,1,1,1,1,1,1,1,1,1,1,1,1,1,1,1,1,1,1,26,1,1,1,1,1,1,1,1,1,1,1,1,1,1,1,1,1,1,1,1,1,9,1,1,1,1,1,1,1,1,1,1,1,1,1,1,1,1,1,1,1,1,1,1,1,1,1,1,1,1,1,1,1,1,1,1,1,1,1,1,1,1,1,1,1,8,8,8,8,8,8,8,8,8,8,1,1,1,1,1,1,1,1,1,1,1,1
77,4,316,205,148,15736,3,364,1996,3,655,4265,948,136,11,910,11,879,720,455,3,1270,3,1710,5590,832,27,4564,155,751,4434,3,11,9486,362,152,2938,1289,531,11,1379,352,4,863 1,1,1,1,6,6,6,1,1,1,1,1,1,1,1,1,1,1,1,1,1,1,1,1,1,1,1,1,1,1,1,1,1,1,1,1,1,1,1,1,1,1,1,1
1114,3757,3,775,10,4011,26,1849,5631,19,59,3,1439,2549,10,1252,628,3422,2664,3423,3,4417,1006,783 1,1,1,1,1,1,1,1,1,1,1,1,1,1,1,1,1,1,1,1,1,1,1,1
314,7,511,44,700 1,1,1,1,1
886,7627,356,295,434,705,592,869,769,6963,1888,11943,2401,9,294,8,1888,967,9,294,8,1413,4966,1840,2316,9,294,8,1183,9,294,8,2148,9,294,8,434,392,888,870,1568,6963,1774,11943,1214,2416,9293,9,294,8,929,4966,1352,2042,5009,9,294,8,615,434,399,1077,1506,1388,11943,2931,4966,4114,1649,3427,1853,434,1938,4966,2316,434,1565,1527,1566,1077,4966,558,680,1600,1649,434,1579,2444,926,11944,6963,27055,9,294,8,5332,9,294,8,2253,5713,9,294,8,434,7154,6963,335,434,4678,6400,6963,4251,9,294,8,27056,9,294,8,257,36,259,434,7629,6963,2926,434,7629,15737,6963,2926,27057,434,349,734,560,333,4966,27058,9,294,8,11024,3810,10576,434,653,786,823,536,4966,27059,6823,6054,11090,434,795,4966,3927,434,42,4878,42,4879,42,5113,42,5114,4966,27060,1716,1888,9,47,8,1774,434,42,5115,4966,1160,434,5116,5757,5758,5759,4966,27061,13326,11945,7569,434,5760,4966,3200,257,36,259,295,1445,4,189,1139,22,9139,888,873,4,15727,13,5892,6644,151,3,365,1579,3,363,3,110,1524,3,2700,3,17,439,36,8,95,284,2954,1543,4,193,2954,5,174,6232,3,79,242,31,369,17,827,320,2302,139,1543,12,15728,3,79,41,704,223,684,154,6717,1824,27,441,112,58,8,151,4,1781,1686,27,27062,5,180,608,139,650,17,170,2302 1,1,1,1,1,1,1,1,1,1,1,1,1,1,1,1,1,1,1,1,1,1,1,1,1,1,1,1,1,1,1,1,1,1,1,1,1,1,1,1,1,1,1,1,1,1,1,1,1,1,1,1,1,1,1,1,1,1,1,1,1,1,1,1,1,1,1,1,1,1,1,1,1,1,1,1,1,1,1,1,1,1,1,1,1,1,1,1,1,1,1,45,1,1,1,1,1,1,1,1,35,1,1,1,1,1,1,1,1,1,1,1,1,1,1,1,1,1,1,1,1,1,1,1,1,1,1,1,1,1,1,1,1,1,1,1,1,1,1,1,1,1,1,1,1,1,1,1,1,1,1,1,1,1,1,1,1,1,1,1,1,1,1,1,1,1,1,1,1,1,1,1,1,1,1,1,1,1,1,1,1,1,1,1,1,1,1,1,1,1,1,1,1,1,1,1,1,1,1,1,1,1,1,1,1,1,1,1,1,1,1,1,1,4,1,1,1,1,1,1,1,1,1,1,1,1,1,1,1,1,1,1,1,1,1,1,1,1,1,1,1,1,1,1,1,1,1,1,1,1,1,1,1,1,1,1,1,1,1,1,1,1,1,1,1,1,4,1,8,1,1,1,1,1,1,1,1,1,1,1
99,398,20,4419 16,16,16,16
9849,3,56,27063 16,16,1,1
27064,165,1550 1,8,1
56,791,809,501,69,56,791,252,3,1163,56,510,10,11556,117,8,15729,690,3,160,10,439,13,352,138,40,691,7042,18,190,3,75,18,704,14,1667,18,537,397,6,99,690 1,17,17,1,1,1,11,11,12,12,1,1,1,1,1,1,1,1,1,1,1,1,1,1,1,1,1,1,1,1,1,1,1,1,1,1,1,1,1,1,1,1
252,462,32,3,41,510,10,273,27,441,112 11,1,1,1,1,1,1,1,1,1,1
210,8,15731,429,713,13,266,2047,138,500,288,572,51,4264,7,325 1,1,1,1,1,1,1,1,1,1,1,1,1,1,1,1
142,500,179,166,3906,79,31,2581,13,254 7,1,1,1,1,1,1,1,1,1
15738,41,503,1021,465 1,1,1,1,1
56,148,185,4,274,215,791,4965 1,1,1,1,9,1,13,13
41,122,1203,12,36,3314,5,208,160,268,5999,12,274,9,157,10,52,19,231,8,56,791,236,171,22,32,3,520,86,10,52,185,3,41,827,12,117,129,56,791,252,462,32,108,8,15732,3,191,60,7627,40 1,1,1,1,1,1,1,1,1,1,9,9,9,1,1,1,1,1,1,1,1,12,12,1,1,1,1,1,1,1,1,1,1,1,1,1,1,1,1,11,11,1,1,1,1,1,1,1,1,1,1
791,1522,10,171,32,320,8,15733 1,1,1,1,1,1,1,1
791,959,5,15734,539,8,15735 1,1,1,1,1,1,1
791,1384,615,8,1883,4,333,1958,5,653,929,8,2108,8566,4,11946,850,1580,1455,141,8,436,4926,4,56,3462,17,3456,9,99,117,991,183,8,3,503,56,41,503,838,27,441,112,996,8,439,12,58,113,510,10,206,285,17,1224,13,2458 1,1,1,1,1,1,1,1,1,1,1,1,1,1,1,1,1,1,1,1,1,1,1,1,1,1,1,1,1,1,1,1,1,1,1,1,1,1,1,1,1,1,1,1,1,1,1,1,1,1,1,1,1,1,1,1,1
235,13,609,9861,1533,2732,3,229,2268,3121,82,55,2268,1997,379,428,13,142,3,151,3,212,3,3060,3,363,3,110,690,3,2700,17,439 1,1,1,1,1,1,1,1,1,1,1,1,1,1,1,1,1,7,1,4,1,10,1,1,1,1,1,1,1,1,1,1,1
2832,319,7,39,36,129,183,3,366,12,12811 1,1,1,1,1,1,1,1,1,1,1
1268,27065,2338 1,1,1
38,429,154,12,2923,37,20,1287,51,31,1363,325,3,242,887,439,17,1021 1,1,1,1,1,1,1,1,1,1,1,1,1,1,1,1,1,1
148,15736 6,6
580,11947,99,398,2001,104 1,1,1,1,1,1
41,1494,233,39 1,1,1,1
38,2954,1543,5,175,154,51,31,15,439,154 1,1,1,1,1,1,1,1,1,1,1
439,12,58,113,10,192,39,2458,5,144,148 1,1,1,1,1,1,1,1,1,1,1
2964,64,2732 1,1,1
9861,3,229 1,1,1
