69,49,4,21930,234,2141,292,600,13,6666,774,10,6415,763,203,32,18,14,21931,13,6,804,18,14,21932,27,21933 1,1,1,1,1,1,1,1,1,1,1,1,1,1,1,1,1,1,1,1,1,1,1,1,1,1,1
18,20,130,21934,10,23,1115,5,95,20,851 1,1,1,1,1,1,1,1,1,1,1
18,21,306,89,167,17,71,18,14,19,15,6125,7,77,2,152,985,71,18,21,1009,1519,376,32,18,2876,286,7,3670 1,1,1,1,1,1,1,1,1,1,1,1,1,1,1,1,1,1,1,1,1,1,1,1,1,1,1,1,1
161,21935,267,2347,2207,146,18,39,15,551,9,18,20,936,68,20,15,5680,12,23,1319,8,71,52,6,54,663,7,23,1444,10452,5,106,2348,394,12,23,2782 1,1,1,1,1,1,1,1,1,1,1,1,1,1,1,1,1,1,1,1,1,1,1,1,1,1,1,1,1,1,1,1,1,1,1,1,1,1
18,85,586,23,13545,21,1667,1599,136 1,1,1,1,1,1,1,1,1
136,6,551,18,21,39,306,534,432,71,23,1559,5368,214,1818,5,18,21,572,2393,9,12230,2637,65,23,110,829,21936,450,8,27,472,511,18,977,1039,2825,5,23,54,21937,1044,3163 1,1,1,1,1,1,1,1,1,1,1,1,1,1,1,1,1,1,1,1,1,1,1,1,1,1,1,1,1,1,1,1,1,1,1,1,1,1,1,1,1,1,1
38,21,4867,3063,511,5,5598,192,107 1,1,1,1,1,1,1,1,1
1087,128,21,1428,23,10,5165,89,203,48,18,21,2424,3333,18,222,31,880,648,209,273,21938,17,23 1,1,1,1,1,1,1,1,1,1,1,1,1,1,1,1,1,1,1,1,1,1,1,1
7,99,2,64,21,31,61,19,211,32,84,20,21939,151,18,1599,10,2221 1,1,1,1,1,1,1,1,11,1,1,1,1,1,1,1,1,1
64,85,1305,1702,274,37,321,1242,297,6,798 1,1,1,1,1,1,1,1,1,1,1
165,21940,267,15,216,306,3514,2,7517,91,429,1832,2,905,108,18,39,21941,2,18,1886,6,97,20,173,35,2253,146 1,1,1,1,3,3,3,3,3,3,3,3,1,1,1,1,1,1,1,1,1,1,1,1,1,1,1,1
18,21,185,102,4683,655 1,1,1,1,1,1
18,5368,270,151,18,9427,83,3609,5,1302,270,1863,151,18,1404,2,71,4262,21942,468,2,48,18,14,382,10,974,15,2036,2943,411,9,319,31,5624,423,1550,573,8 1,1,1,1,1,1,1,1,1,1,1,1,1,1,1,1,1,1,1,1,1,1,1,1,1,1,1,1,1,1,1,1,1,1,1,1,1,1,1
18,88,455,13,639,2,222,50,455,13,23,3514 1,1,1,1,1,1,1,1,1,1,1,3
18,687,21943,18,21,197,5,412,445,79 1,1,1,1,1,1,1,1,1,1
18,21,31,39,15,134,1066 1,1,1,1,1,1,1
186,21944,21,61,19,987,5,1803,1397,21945,12,221,5,284,12,852,2,48,21,31,61,1649,23,558,26,290,131,17,6,78,376 1,1,1,1,1,20,1,6,6,6,1,1,1,1,1,1,1,1,1,1,1,1,1,1,1,1,1,1,1,1,1
18,21,192,6,1633,7727 1,1,1,1,1,1
18,687,18,4850,985,21946,23,8682,1269 1,1,1,1,1,1,1,1,1
18,21,61,10453,121,2,10454,83,727,12,6,78,51,2207,2,5,586,13642,5,1609,12598,6,78,51,236 1,1,1,1,1,1,1,1,1,1,1,1,1,1,1,1,1,1,1,1,1,1,1,1,1
249,21947,31,61,290,7518,26,230,1519,2193,351,21948,21,216,438,17,71,18,21,61,10455,12,6,78 1,1,1,1,1,13,1,7,1,1,1,1,1,1,1,1,1,1,1,1,1,1,1,1
18,281,404,18,21,214,2250,1534,2,21949,2,2323,2538,5,13,1702,9101 1,1,1,1,1,1,1,1,1,1,1,1,1,1,1,1,1
18,88,21950 1,1,1
459,12,2858,7,424,927,2,23,97,1108,20,51,831,146,32,20,23,97,3344 1,1,1,1,1,1,1,1,1,1,1,1,1,1,1,1,1,1,1
23,97,2821,14,6667,6410,32,53,23,945 1,1,1,1,1,1,1,1,1,1
637,116,21951,178,299,7,3582,42,10456,72,2599,261,103,6320,915,4568,438,798,257,230,196,22,25,33,98,154,107,9,62,8,8311,1206,83,2411,8683,59,98,154,107,9,62,8,131,1397,9,1629,8,196,956,405,509,98,154,107,9,62,8,987,447,22,25,59,98,154,107,9,62,8,6427,495,109,22,25,33,98,154,107,9,62,8,210,130,22,25,33,98,154,107,9,62,8,2221,204,22,25,33,98,154,107,9,62,8,1803,1397,154,190,506,98,154,107,9,62,8,7518,9,10457,8,21952,2,35,45,9,62,8,25,33,98,154,107,9,62,8,3096,767,2810,2,35,45,9,62,8,25,59,98,154,107,9,62,8,1932,9,172,1721,1722,8,1017,2,35,45,9,62,8,25,33,98,154,107,137,747,128,30,7107,179,30,12212,6558,2832,30,4,7107,21953,4,88 1,10,1,9,1,1,1,1,1,1,1,1,1,1,1,1,1,1,1,7,1,1,1,1,1,1,1,1,1,1,1,1,1,1,1,1,1,1,1,1,1,1,6,6,6,6,6,6,6,6,6,6,6,6,6,6,6,20,1,1,1,1,1,1,1,1,1,1,1,1,1,1,1,1,1,1,1,1,1,1,12,1,1,1,1,1,1,1,1,1,1,1,1,1,1,1,1,1,1,1,1,1,6,6,6,6,6,6,6,6,6,6,6,13,13,13,13,13,13,13,13,13,13,13,13,13,13,13,13,13,13,13,1,1,1,1,1,1,1,1,1,1,1,1,1,1,1,1,1,11,11,11,11,11,11,11,11,11,11,11,11,11,11,11,11,11,11,1,1,1,1,1,1,1,1,1,1,1,1,1,1,1,1
706,347,105,831,146,1546,4,4850,10,1838,252,8682,333,352,4,748,93,73,638,4,111,21954,492,1529,616,5310,727,1191,10458,224,4,779,12,436,2,1188,4247,202,4,725 8,8,8,8,8,1,1,1,1,1,1,1,1,1,1,1,1,1,1,1,5,5,1,1,1,1,1,1,1,1,1,1,1,1,1,1,1,1,1,1
570 1
1290,90 1,1
3526,175 1,1
2301,519,31,55,2445 1,1,1,1,1
112,4,11,920 1,1,1,1
11,846 1,1
11,269 1,1
11,293,229 1,1,1
694,4,418,2,324,1268,2,1812,5589,661,27,4879,226,4,745,1097,2,11,1056,2,1223,26,856,340,4,133,2,3414 1,1,1,1,1,1,1,1,1,1,1,1,1,1,1,1,1,1,1,1,1,1,1,1,1,1,1,1
43,529,300,302 1,1,1,1
11,953 1,1
21955,4,7107 1,1,1
516,4,11,720,2,673,26,79 1,1,1,1,1,1,1,1
525,243,156,5,863 1,1,1,1,1
323,4,15,261,985,1094 1,1,1,1,1,1
1478,2467,73,3345,17,54,2240,1188,7447,2,773,10,6192,26,4344,6191 1,1,1,1,1,1,1,1,1,1,1,1,1,1,1,1
4291,951,591,2,1088,2,219,2,5074,175,2,21956,175,2,4214,2,98,2,3440,175 1,1,1,1,1,1,1,1,1,1,1,1,1,1,1,1,1,1,1,1
1559,10459,10,2769,590,1028,722,820,2782,5202,3804 1,1,1,1,1,1,1,1,1,1,1
466,4,175,10,688,1014,5,1157,722 1,1,1,1,1,1,1,1,1
2261,74,395,722,2,3729,1169,10,11635,915,214,2299,4603,1338,9,21957,8 1,1,1,1,1,1,1,1,1,1,1,1,1,1,1,1,1
11,1930 1,1
43,672 1,1
833,2141,292,600,13,6666,7517,134,798,2,178,2,116,2,120,2,438,21958,1480,23,763,203 1,1,1,1,1,1,1,1,1,1,9,1,10,1,4,1,1,1,1,1,1,1
161,21959,134,798,119,64,444,13,2348,54,1188,7447,5,2782,394,2,11,1276,1509 1,1,1,1,1,1,1,1,1,1,1,1,1,1,1,1,1,1,1
1693,37,18,589,10,50,5091,2,14,344,328,17,983,798 1,1,1,1,1,1,1,1,1,1,1,1,1,1
56,392,691,56,1932,370,22,33,56,7519,10,949,56,2179,64,10,156,10,1087,108,18,586,899,864 1,1,1,1,11,11,11,11,1,1,1,1,1,1,1,1,1,1,1,1,1,1,1,1
165,21960,4,216,371,5,51,91,8684,119,64,2,185,21961,2,939,366,21962,176,55,21963,4233 1,1,1,1,3,1,1,1,1,1,1,1,1,1,1,1,1,1,1,1,1,1
116,4,1073,21964,48,21,31,61,290,257 10,1,1,1,1,1,1,1,1,1
56,40,954,10,1150,1276,6667,1986,7,8684,56,155,147,56,155,1001,1835,5,1321,56,1495,1932,2,679,210,2,230,2,21965,56,707,111,1831,56,40,301,1066,12,6,1378,186,1713,56,120,2,1191,80,10458,2,214,21966,131,4331,48,64,21,61,3460,6282,13,131,322 1,1,1,1,1,1,1,1,1,1,1,1,1,1,1,1,1,1,1,1,1,11,1,13,12,13,7,13,13,1,1,1,1,1,1,1,1,1,1,1,1,1,1,4,1,1,1,1,1,1,1,1,1,1,1,1,1,1,1,1,1,1
56,679,987,56,1803,1397,2803,12,2022,10,196,12,221,5,154,12,852,17,110 1,1,20,1,6,6,6,6,6,6,6,6,6,6,6,6,6,6,6
56,2179,64,10,60,23,797,558,12,221,5,297,2005,5,1454,15,4006,69 1,1,1,1,1,1,1,1,1,1,1,1,1,1,1,1,1,1
18,40,383,23,1803,108,23,558,836,214,344 1,1,1,1,6,1,1,1,1,1,1
5034,2189,7,2629,358,338,5,252,8682,333 1,1,1,1,1,1,1,1,1,1
56,1546,7519,17,381,4696,56,7519,10,21967,21968,1162,17,381,4696,5,2340,207,100,7,558,56,40,155,2821,2,4173,2,2175,481,56,64,40,301,3690,5,2766,7519,27,400,101,249,438,56,64,21,864,5,30,7,438 1,1,1,1,1,1,1,1,1,1,1,1,1,1,1,1,1,1,1,1,1,1,1,1,1,1,1,1,1,1,1,1,1,1,1,1,1,1,1,1,1,1,1,1,1,1,1,1,1,1,1
40,247,1461,105,22,33,5,207,1831,351,424,5118,56,40,1798,17,3344,27,400,101 1,1,1,1,1,1,1,1,1,1,1,1,1,1,1,1,1,1,1,1
40,2949,1108,5,275,592,73,27,400,101,32,21969,32,1150,2340,2832,30 1,1,1,1,1,1,1,1,1,1,1,1,1,1,1,1,1
40,155,945,32,256 1,1,1,1,1
459,356,12,35,2193,1306,7149,8685,2,96 1,1,1,1,1,1,1,1,1,1
2605,3343,74,99,2605,47,701,5,1121,6,29,5,1061,13,608,8685,74,584,5,114,32,1283,12,23,99 1,1,1,1,1,1,1,1,1,1,1,1,1,1,1,1,1,1,1,1,1,1,1,1,1
526,3412,3728,9442,2,96 1,1,1,1,1,1
