69,49,4,21970,234,4,2141,292,600,13,116,2,120,2,178,2,3582,2,438,2,103,798,1263,17,356 1,1,1,1,1,1,1,1,1,1,10,1,4,1,9,1,1,1,1,1,1,1,1,1,1
214,6282,13,257,5,4290,80,1305,182,713 1,1,1,1,1,1,1,1,1,1
85,1890,21,52,2240,44,94,5,1265 1,1,1,1,1,1,1,1,1
12,6,78,18,1305,655,5,38,14,869 1,1,1,1,1,1,1,1,1,1
455,774,6464,10,639 1,1,1,1,1
11,1642,26,21971 1,1,1,1
12,2858,7,12954,1826,2,18,88,618,2,1991,2,901,142,2,2974,2,11,892,26,4423,2,11,150,900,899,864,2,18,113,433,21972,1274 1,1,1,1,1,1,1,1,1,1,1,1,1,1,1,1,1,1,1,1,1,1,1,1,1,1,1,1,1,1,1,1,1
167,116,120,178,4,6017,13,1598,5,13643,13644 1,10,4,9,1,1,1,1,1,1,1
13645,704,9,8,851,2,316,382,10,974,13646,348 1,1,1,1,1,1,1,1,1,1,1,1
8686,5824,9,982,41,3382,8,2,111,13647 1,1,1,1,1,1,1,1,1,1
795,915,618,2,270,5,4240 1,1,1,1,1,1,1
147,13648,35,675,518,2579,12,591,2,1088,2,600,2,7029 1,1,1,1,1,1,1,1,1,1,1,1,1,1
1796,32,1126,48,31,1394,7,313 1,1,1,1,1,1,1,1
704,227,450,585,7,284,41,13,11,8687 1,1,1,1,1,1,1,1,1,1
117,352,68,20,3037,1535,5016,3720 1,1,1,1,1,1,1,1
1796,32,11,160,7,13649,13650,9,48,252,3939,915,252,8686,8,299,7,3582,42,10456,72,2599,261,103,6320,915,4568,2113,438,1284,103,798,77,1803,1397,284,190,506,98,154,123,131,135,1629,102,190,405,7142,2,245,119,1175,13651,108,7520,2,10460,108,13652,2,10461,13653,2,13654,9893,1342,9,3417,8,446,45,3405,60,35,45,9,62,8,25,33,2937,626,45,60,35,45,9,62,8,25,283,138,13655,3618,9,4142,8,778,45,60,35,45,9,62,8,25,59,13656,9,13657,569,1345,8,35,1593,2478,4241,98,481,123,7379,1206,51,2457,1206,513,259,72,138,270,2,138,4,13658,8311,1206,51,2411,8683,59,987,447,22,25,59,210,130,22,25,33,7518,9,10457,8,8331,45,60,35,45,9,62,8,25,33,1932,9,172,1721,1722,8,1017,45,3405,60,35,45,9,62,8,25,33,13659,9,13660,8,521,45,60,35,45,9,62,8,25,33,473,9,1828,8,449,22,25,33,2908,9,6018,8,105,22,9,390,45,60,35,8,25,33,230,196,22,9,626,45,60,35,8,25,33,13661,761,22,25,1519,98,35,107,8197,35,41,1349,9,8201,35,41,1349,8,35,2072,965,33,2,2208,10,2188,680,9,1884,8,33,138,7521,131,1397,9,1629,8,154,13662,956,405,10184,73,4,638,8113,492,982,112,11,920,11,846,11,293,229,694,418,2,1268,2,1812,5589,661,27,5170,226,745,4617,2,11,10064,340,133,3414,1381,516,11,1505,323,4,725 1,1,1,1,1,1,1,1,1,1,1,1,1,1,1,1,1,1,1,1,1,1,1,1,1,1,1,1,1,1,1,1,1,6,6,6,6,6,6,6,6,6,6,6,6,6,6,6,6,6,6,6,6,6,6,6,6,6,6,6,6,6,6,6,6,1,1,1,1,1,1,1,1,1,1,1,1,1,1,1,1,1,1,1,1,1,1,1,1,1,1,1,1,1,1,1,1,1,1,1,1,1,1,1,1,1,1,1,1,1,1,1,1,1,1,1,1,1,1,1,1,1,1,1,1,1,1,1,1,1,1,1,1,1,1,1,1,1,1,1,20,1,1,1,1,12,1,1,1,1,13,1,1,1,1,1,1,1,1,1,1,1,1,1,11,1,1,1,1,1,1,1,1,1,1,1,1,1,1,1,1,1,1,1,1,1,1,1,1,1,1,1,1,1,1,28,1,1,1,1,1,1,1,1,1,1,1,1,1,1,1,1,1,1,1,1,1,7,1,1,1,1,1,1,1,1,1,1,1,1,1,1,1,1,1,1,1,1,1,1,1,1,1,1,1,1,1,1,1,1,1,1,1,1,1,1,1,1,1,1,1,6,6,6,6,6,6,6,6,6,6,1,1,1,1,1,1,1,1,1,1,1,1,1,1,1,1,1,1,1,1,1,1,1,1,1,1,1,1,1,1,1,1,1,1,1,1,1,1,1,1
1188,4247,2,773,10,6192,26,4344,6191,19,54,2,1559,10459,10,2769,590,3804,2782,5202,2,4291,1028,722 1,1,1,1,1,1,1,1,1,1,1,1,1,1,1,1,1,1,1,1,1,1,1,1
43,672 1,1
869,6667,498,833,4,13663,13,6666,7517,120,2,344,1462,2,438,2,103,1826,2,3231,2,17,356,35,8,134,380,2975,2069,4,148,2975,5,150,7154,2,301,10,887,259,2207,117,2069,12,13664,51,8,120,4,56,110,19,1803,1397,27,21973,5,154,506,117,664,17,363,2207 1,1,1,1,1,1,1,1,1,4,1,16,16,1,1,1,1,1,1,1,1,1,1,1,1,1,1,1,1,1,1,1,1,1,1,1,1,1,1,1,1,1,1,1,1,1,1,4,1,1,1,1,6,1,1,1,1,1,1,1,1,1,1,1
97,374,20,3846 1,1,1,1
56,679,987,447,59,56,679,211,2,1226,56,27,400,101,40,1384,568,73,5,887,374,102,8,13665,798,2,222,31,356,13,949,48,40,13666,1115,80 1,1,20,1,1,1,1,11,1,1,1,1,1,1,1,1,1,1,1,1,1,1,1,1,1,1,1,1,1,1,1,1,1,1,1,1
211,370,33,2,473,449,22,25,33 11,1,1,1,28,1,1,1,1
183,8,13667,415,704,13,252,3939,124,657,352,2059,48,5989,7,313 1,1,1,1,1,1,1,1,1,1,1,1,1,1,1,1
116,1073,425,218,3333,64,31,2492,13,257 10,1,1,1,1,1,1,1,1,1
56,2283,230,27,244,33,2,218,301,10,2399,100,2,1109,10,55,19,3816,679,184,21974,244,33 1,7,7,7,7,7,7,1,1,1,1,1,1,1,1,1,1,1,1,13,13,13,13
56,679,210,130,22,33,2,40,155,1321,5,1001,1075,12,6165,236,56,679,211,370,33,56,155,147,5,13666,1784,1149,71,18,21,3259,306,511,56,155,2175,481,124,134,2283,111,257,83,8,13668 1,1,12,1,1,1,1,1,1,1,1,1,1,1,1,1,1,1,11,1,1,1,1,1,1,1,1,1,1,1,1,1,1,1,1,1,1,1,1,1,1,1,1,1,1,1
679,1461,10,130,33,259,8,13669 1,1,1,1,1,1,1,1
679,910,5,13670,481,8,13671 1,1,1,1,1,1,1
679,1342,614,8,713,4,155,1005,5,801,903,8,424,5118,4,56,3365,17,1108,9,97,102,831,146,8,2,40,1384,56,3365,17,3344,9,97,102,831,146,8,2,40,1384,56,155,1462,2,1321,2,132,6550,2,801,614,8,356,12,35,2193,457,21975,649,1917,2,524,2034,2,824,980,9,220,8,2,689,154,2,379,579,2,804,2451,2,770,21976,9,220,8,2,335,3380,2,1005,21977,2,266,9936,1306,7149,8685,2,96 1,1,1,1,1,1,1,1,1,1,1,1,1,1,1,1,1,1,1,1,1,1,1,1,1,1,1,1,1,1,1,1,1,1,1,1,1,1,1,1,1,1,1,1,1,1,1,1,1,1,1,1,1,1,1,1,1,1,1,1,1,1,1,1,1,1,1,1,1,1,1,1,1,1,1,1,1,1,1,1,1,1,1,1,1,1,1,1,1,1,1,1,1,1,1,1,1,1,1
2605,3343,74,99,2605,47,50,285,38,29,13,58,8685,5,1061,13,256 1,1,1,1,1,1,1,1,1,1,1,1,1,1,1,1,1
526,9151,21978,9661,2,96 1,1,1,1,1,1
