69,49,4,22198,22199,2,22200,2,2594,6679,9,13744,8,95,7,5156,4,5177,2946,30,7,156,360,4,287,10486,14,63,10382,345,104,279,10,22201,1473,144,441,7,303,325 1,1,1,1,1,1,1,1,1,1,1,1,1,1,1,1,1,1,1,1,1,1,1,1,1,1,1,1,1,1,1,1,1,1,1,1,1,1,1,1
16,20,718,10,189,42,24,763,203,312,490,7,250,2,1877,7,13745,1309,2,1106,2,5,149,255,7,194 1,1,1,1,1,1,1,1,1,1,1,1,1,1,1,1,1,1,1,1,1,1,1,1,1,1
16,88,508 1,1,1
16,88,469 1,1,1
16,88,87,150,180,849 1,1,1,1,1,1
16,4143,10,6,22202,115 1,1,1,1,1,1
27,511,648,97,17,248,10,497,123,1643,2998 1,1,1,1,1,1,1,1,1,1,1
16,21,15,870,7,1204,2,15,296,7,368,2,372,145,7,105,2,67,94,22203,2,5,651,1304,1204,41,19,674,662 1,1,1,1,1,1,1,1,1,1,1,1,1,1,1,1,1,5,5,5,1,1,1,1,1,1,1,1,1
6,427,74,99,20,177 1,1,1,1,1,1
6,29,20,1538 1,1,1,1
6,29,20,755,42,260 1,1,1,1,1,1
47,2957,13,6,1243,5,233,7,6,29,12,189 1,1,1,1,1,1,1,1,1,1,1,1
17,15,268,3119,99,19,38,29,2,361,163,6,427,74,99 1,1,1,1,1,1,1,1,1,1,1,1,1,1,1
361,163,6,427,74,99,17,78,89,30,2,545,30,2,163,7,213,2,77,2,137,2,128,30,5,179,30 1,1,1,1,1,1,1,1,1,1,1,1,1,1,1,1,1,1,1,1,1,1,1,1,1,1,1
93,122,4,202,4,1186,2,1125 1,1,1,1,1,1,1,1
1237,129,1025,2,1967,2,1221 1,1,1,1,1,1,1
2301,129,599 1,1,1
112,20,330 1,1,1
44,20,318,17,5839,1223,5,856,193 1,1,1,1,1,1,1,1,1
118,4,586,15,43,246,2,253 1,1,1,1,1,1,1,1
11,1093,2,970 1,1,1,1
11,417 1,1
187,14,599,2,133,2,375,2,11,342,2,1739,2,1592,2,5,1119 1,1,1,1,1,1,1,1,1,1,1,1,1,1,1,1,1
217,4,992,667,43,1238 1,1,1,1,1,1
4309,2,1040,2,413,2,382,10,207,192,2770 1,1,1,1,1,1,1,1,1,1,1
66,3729 1,1
44,810,12,6,303,441,20,66,17,4237 1,1,1,1,1,1,1,1,1,1
85,66,17,1874,79 1,1,1,1,1
6,147,586,15,4176,212,27,15,145,7,13746,769,830,7,614,2,835,20,2277,2,43,1995,1768 1,1,1,1,1,1,1,1,1,1,1,1,1,1,1,1,1,1,1,1,1,1,1
43,867,2,43,783 1,1,1,1,1
232,31,177,42,240,312,232,194,373,218,576,10,180,5018 1,1,1,1,1,1,1,1,1,1,1,1,1,1
114,4,605,10,6,2887,659,17,241,1243,5,233 1,1,1,1,1,1,1,1,1,1,1,1
526,9407,2,2594,6679,96 1,1,1,1,1,1
9,13744,8,495,4,22204,276,4,22205,597,42,4,9407,2,2594,6679 1,1,1,1,1,1,1,1,1,1,1,1,1,1,1,1
