67,54,4,27253,28,414,4,27254,2639,47,4,27255,434,4,27256,262,4,15795,426,4,185,819,78,47,383,29,251,84,282,4,11976,78,47,383,29,374,10,609,15796,3780 1,1,1,1,1,1,1,1,1,1,1,1,1,1,1,1,1,1,1,1,1,1,1,1,1,1,1,1,1,1,1,1,1,1,1,1,1,1,1,1
4270,4967,3,1319 1,1,1,1
251,417,469,3745,2614,17,185,819,5,241,13,11977,9,15797,819,20,11978,51,208,132,52,185,8 1,1,1,1,1,1,1,1,1,1,1,1,1,1,1,1,1,1,1,1,1,1,1
344,84,2878,1985,159,513,1063 1,1,1,1,1,1,1
86,10,61,13,1091,78,47,966,29,73,855,44,343,12,230 1,1,1,1,1,1,1,1,1,1,1,1,1,1,1
40,168,61,13,185,148,5,819,37,21,2072,10,15196,3,535,336,5,48,34 1,1,1,1,1,1,1,1,1,1,1,1,1,1,1,1,1,1,1
674,4,4270,4967,3,1319,3,212,3,697,935,3,4737,1091,3,881,3,812,2501,4,58,123,251,84,3,619,254,4,122,168,1003,233,4,27257,149,4,168,819,2871,78,47,383,29,5360,78,47,383,29,3202,1251,33,565,13071,3,565,3519,5521,78,47,383,29,11,5338,10,54,689,4,55,15126,4,316,1924,3,5996,814,15798,10223,27258,11,199,14662,1309,174,873,11976,13,1319,5,185,66,472,13,4614,100,3196,251,44,84,909,6585,129 1,1,1,1,1,1,1,10,1,1,1,1,1,1,1,1,1,1,1,1,3,3,3,3,3,3,1,1,1,1,1,1,1,1,1,1,1,1,1,1,1,1,1,1,1,1,1,1,1,1,1,1,1,1,1,1,1,1,1,1,1,1,1,1,1,1,1,1,1,1,1,1,1,1,1,1,1,1,1,1,1,1,1,1,1,1,1,1,1,1,1,1,1,1,1,1,1,1,1,1,1
819,464,185 1,1,1
11,202,17,798,1748,411 1,1,1,1,1,1
1063,355,483,159,1831,10,513,5,14,44,198,17,405,199,255,168 1,1,1,1,1,1,1,1,1,1,1,1,1,1,1,1
420,4,78,47,1369,29,247,1959,78,47,1369,29,41,732,609,15795,10,1964,134,84,251,41,52,15,11437,927,405,40,168,9356,5928,11979,3,229,15799,1795,730,385 1,1,1,1,1,1,1,1,1,1,1,1,1,1,1,1,1,1,1,1,1,1,1,1,1,1,1,1,1,1,1,1,1,1,1,1,1,1
