69,49,4,22214,3537,2722,303,1315,101,101,49,4,13747,6,29,20,201,5,755,12,6,303,441,19,13747 1,1,1,1,1,1,1,1,1,1,1,1,1,1,1,1,1,1,1,1,1,1,1,1,1
6,29,20,201,13,58,22215 1,1,1,1,1,1,1
47,50,285,583,13,6,427,312,2,177,6,89,69 1,1,1,1,1,1,1,1,1,1,1,1,1
629,391,4,380,1217 1,1,1,1,1
30,7,629,391,4,38,14,15,4534,762,104,20,1632,12,117,460,63,656,7,537,7534,2,119,24,503 1,1,1,1,1,1,1,1,1,1,1,1,1,1,1,1,1,1,1,1,1,1,1,1,1
16,3033,10,50,24,1176,22216,168,12,24,392 1,1,1,1,1,1,1,1,1,1,1
68,20,11,4277,10489,1129 1,1,1,1,1,1
24,503,5460,6,1708,37,16,39,1232,12,6,78,598,18,113,31,871,108,38,20,15,1217 1,1,1,1,1,1,1,1,1,1,1,1,1,1,1,1,1,1,1,1,1,1
29,1938,44,34,2,255,7,194,2,26,263,34 1,1,1,1,1,1,1,1,1,1,1,1
11,30,7,1328 1,1,1,1
163,7,213,4,29,88,508,26,469,2,355,2,66 1,1,1,1,1,1,1,1,1,1,1,1,1
78,89,30,4,81,2,555,2,1217,1168 1,1,1,1,4,1,3,1,1,1
179,30,5,128,30,4,29,14,15,78,1055 1,1,1,1,1,1,8,8,8,8,8
93,122,4,224,4,29,14,1442,2,1040,2,413,48,31,646,10,49,2,12,11,180,326 1,1,1,1,1,1,1,1,1,1,1,1,1,1,1,1,1,1,1,1,1,1
202,4,1186,2,1125 1,1,1,1,1
44,4,90 1,1,1
118,4,135,145 1,1,1,1
187,4,133,2,375 1,1,1,1,1
217,4,375 1,1,1
489,233,4,769,830,3778,2,835,7213,2,331,2451,2,867,22217,147,482,1344,6111,1876,2,6111,53,1344,1323,10,307 1,1,1,1,1,1,1,1,1,1,1,1,1,1,1,1,1,1,1,1,1,1,1,1,1,1,1
364,1958,12,189,4,38,762,39,15,3647,656,71,176,2264,1217,996 1,1,1,1,1,1,1,1,1,1,1,1,1,1,1,1
85,2,13,24,147,142,2,114,14,17,144,141,17,2408,2,17,2545,2,5,40,85,433,899,1524 1,1,1,1,1,1,1,1,1,1,1,1,1,1,1,1,1,1,1,1,1,1,1,1
4327,9,317,440,8,4,949 1,1,1,1,1,1,1
678,494,4,642,9,317,630,712,377,8,4,6,29,14,12,185,630 1,1,1,1,1,1,1,1,1,1,1,1,1,1,1,1,1
1416,22218,5531,13748,2,96 1,1,1,1,1,1
13749,22219,22220,597,42,4,5531,13748,2,96 1,1,1,1,1,1,1,1,1,1
13749,232,31,177,42,240,312,232 1,1,1,1,1,1,1,1
