69,49,4,22332,384,4,1072,207,100,22333,299,4,10515,13,6666,317,116,2,421,2,1336,2,1136,19,735,2,2210,2,5,216,5119,1526,104,279,13,14,567,22334,9,22335,8,117,189,101,10516,17,844,588,22336 1,1,1,1,1,1,1,1,1,1,1,1,1,1,1,1,10,1,1,1,4,1,1,1,1,1,1,1,1,3,3,3,1,1,1,1,1,1,1,1,1,1,1,1,1,1,1,1,1
1256,4846,14,27,140,13,2450,5,287,4846,4026,16,14,4137,1084,115 1,1,1,1,1,1,1,1,1,1,1,1,1,1,1,1
287,4846,267,37,16,21,61,947,24,22337,735,1597,136,13798,952,860 1,1,1,1,1,1,1,1,1,1,1,1,1,1,1,1
80,16,404,32,645,16,21,15,403,44,1621,348,5,267,16,20,13799,27,140 1,1,1,1,1,1,1,1,1,1,1,1,1,1,1,1,1,1,1
16,88,455,26,142,12,24,188,9497 1,1,1,1,1,1,1,1,1
287,4846,88,469 1,1,1,1
24,503,14,24,763,6229,5,287,4846,113,31,22338,268,30,37,1547,256 1,1,1,1,1,1,1,1,1,1,1,1,1,1,1,1,1
24,556,21,61,2329,19,735,123 1,7,1,1,1,1,1,1
167,588,2199,4,265,13800,17,1663,588 1,1,1,1,1,1,1,1,1
39,6027,5,1071,7,7009,5827,238,9,608,22339,8 1,1,1,1,1,1,1,1,1,1,1,1
201,17,1084,860,12,189,13798,5,39,9360,730 1,1,1,1,1,1,1,1,1,1,1
1101,118,353,4,13801,1194,4,5724,1598,2,585,22340,41,2,11,8687,2,3483,3781,2,324,22341,2,149,13557,2,10517,1365,2463,127,3102,44,34,4,1724,14,58,4588,13802,2,1447,10,55,8317,188,132,776,4,19,735,27,22342,36,9942,424,538,13803,7272,1917,22343,1142,13804,2,22344,22345,3271,4,22346,2416,4,22347,81,311,51,4,19,131,136,97,141,4868,13805,36,10518,3072,22348,4,54,1726,3797,3582,4701,611,76,2297,7441,22349,216,91,1526,4,216,5119,1526,13789,2,928,1556,408 1,1,1,1,1,1,1,1,1,1,1,1,1,1,1,1,1,1,1,1,1,1,1,1,1,1,1,1,1,10,1,1,1,1,1,1,1,1,1,1,1,1,1,1,1,1,1,1,1,1,1,1,1,1,1,1,1,1,1,1,1,1,1,1,1,1,1,1,1,1,1,4,4,4,1,1,6,1,1,1,1,1,1,1,1,1,1,1,1,1,1,1,1,1,1,1,1,3,3,3,3,3,3,3,1,1,1,1,1
2742,2906,65,10036,1319,1219,22350,3956,4,103,6310,22351,22352,13806,22353,2164,4,2164,4138,318,777,1085,4,4055,13807,2,19,493,4765,3956,4,432,1556,141,10503 1,1,1,1,1,1,1,1,1,1,1,1,1,1,1,1,1,1,1,1,1,1,1,1,1,1,1,1,1,1,1,1,1,1,1
1314,4997,2,20,664,7004,1597 1,1,1,1,1,1,1
77,56,24,503,14,31,401,10,163,24,77,2,5,944,14,1582,19,373,134,855,257 1,1,1,1,1,1,1,1,1,1,1,1,1,1,1,1,1,1,1,1,1
172,474,22,25,33,888,204,22,25,59,7361,109,22,25,1834,138,272,493,8720,45,60,22354,25,506,2,35,22355,51,123,5,35,347,83,123,1158,223,131,135,5658,1175,923,405,1523,109,190,405,1759,1934,83,5008,370,22,35,347,25,2241,138,46,154,45,6352,105,22,25,33,10519,13782,25,1759,2084,4882,51,6389,25,59,771,677,761,22,25,509,56,826,117,735,19,735,123,2937,196,22,25,1090,1165,13,2063,1674,22356,45,60,35,25,2241,138,137,8718,36,461,2,894,36,10520,2,1606,36,388,2,22357,421,2,1100,4,1308,4,295,13,503,12,51,5765,1477 11,1,1,1,1,1,1,1,1,1,1,1,1,1,1,1,1,1,1,1,1,1,1,1,1,1,1,1,1,1,1,1,1,1,1,1,6,6,6,6,6,6,6,1,1,1,1,1,1,1,1,1,1,1,1,1,1,1,1,1,1,1,1,1,1,1,1,1,1,1,1,1,1,1,1,7,7,1,1,1,1,1,1,1,1,1,1,1,1,1,1,1,1,1,1,1,1,1,1,1,1,1,1,1,1,1,1,1,1,1,1,1,1,1,1,1,1,1,1,1,1,1,1,1,1,1,1,1,1,1,1
16,21,3748,17,22358,22359,10,907,13,10521 1,1,1,1,1,1,1,1,1,1
983,3748,22360,17,907,1013,1477 1,1,1,1,1,1,1
16,21,63,13808,22361,17,5925,5,3286,10203,2262,10522,1155,32,251,7544,3944 1,1,1,1,1,1,1,1,1,1,1,1,1,1,1,1,1
128,4,924,5,295,27,140,13,503 1,1,1,1,1,1,1,1,1
183,3431,726 1,1,1
500,4,498,500,12,3898,2,20,214,529,12,24,8432,74,9755,10523,4,19,22362,430,4,152,671,4,152,2053,4,152,11465,4,158,10,5119,1526,20,214,529,12,24,8432,74,9755,990,4,306,3108,13,178,2,116 1,1,1,1,1,1,1,1,1,1,1,1,1,1,1,1,1,1,1,1,1,1,14,14,14,1,1,1,1,1,1,1,3,3,1,1,1,1,1,1,1,1,1,1,1,1,1,1,1,10
385,4,67,94,22363,296,1645,121,6098,946,759,4,779,2,2955,1019,471,12,2755,202,4,822,2,1504,2,725,2,570,2,966,90,952,160,7,3626 1,1,1,1,1,1,1,1,1,1,1,1,1,1,1,1,1,1,1,1,1,1,1,1,1,1,1,1,1,1,1,1,1,1,1
149,5030,22364,4,2769,5346,735,1597,12,1083,5,8616,2,11,7465,191,1946 1,1,1,1,1,1,1,1,1,1,1,1,1,1,1,1,1
487,1169,10,1021,48,479,22365,4,1268,2,3954,3954,13,1812,1003,2125,1810,1264,10164 1,1,1,1,1,1,1,1,1,1,1,1,1,1,1,1,1,1,1
2769,349,2199,13,2299,296,5,318,22366,4,22367,4,1799,2,3086,2,22368,4,2769,475,952,90,1205,26,11168,4003 1,1,1,1,1,1,1,1,1,1,1,1,1,1,1,1,1,1,1,1,1,1,1,1,1,1
11,733,26,4110 1,1,1,1
171,863,531,79,3973,10,1389,1097,2,11,181,4315,19,744 1,1,1,1,1,1,1,1,1,1,1,1,1,1
531,22369,2,3827,243,1169,10,6507,915,79 1,1,1,1,1,1,1,1,1,1
323,4,22370,2,1039,1581,10,5379,10,1135,2,48,8397,192,1135,2735 1,1,1,1,1,1,1,1,1,1,1,1,1,1,1,1
2317,8397,12,1396,4581 1,1,1,1,1
382,10,207,1673,497,1756,2770 1,1,1,1,1,1,1
13809,175,2,1028,590,722 1,1,1,1,1,1
1234,1248,12,466,19,744,1097 1,1,1,1,1,1,1
1581,22371,672 1,1,1
3871,258,4,13810,649,1604,2,524,2123,2,824,738,2,689,2298,2,379,154,2,804,22372,2,1578,903,2,770,6474,2,335,3222,2,1178,2186,2,22,2231,10524,649,2710,2,524,3821,2,824,1204,2,689,1537,2,379,1697,2,804,22373,2,1578,259,2,770,6410,2,335,4329,2,1178,3006,2,22,2487,8721,649,2397,2,524,3006,2,824,738,2,689,1250,2,379,1909,2,804,22374,2,1578,481,2,770,5972,2,335,4458,2,1178,7545,9,220,8,2,22,2675,9,220,8,10524,1465,614,2,1438,579,2,1497,1697,2,935,684,22375,1465,854,2,1438,788,2,1497,1258,2,935,2266,22376,2396,1887,9,46,8,2,3987,22377,2,9994,8722,206,35,208,22378,1005,22379,10524,3007,22380,8721,3007,22381,13810,298,22382,2,266,5931,2,530,7203,2,443,22383,298,22384,2,266,8266,2,530,22385,2,443,7215,8721,298,13571,2,266,10133,2,530,22386,2,443,10377,8721,1046,758,9,220,8,908,4,22387,293,1089,4,11,2062,182,3606,12,1375,293 1,1,1,1,1,1,1,1,1,1,1,1,1,1,1,1,1,1,1,1,1,1,1,1,1,1,1,1,1,1,1,1,1,1,1,1,1,1,1,1,1,1,1,1,1,1,1,1,1,1,1,1,1,1,1,1,1,1,1,1,1,1,1,1,1,1,1,1,1,1,1,1,1,1,1,1,1,1,1,1,1,1,1,1,1,1,1,1,1,1,1,1,1,1,1,1,1,1,1,1,1,1,1,1,1,1,1,1,1,1,1,1,1,1,1,1,1,1,1,1,1,1,1,1,1,1,1,1,1,1,1,1,1,1,1,1,1,1,1,1,1,1,1,1,1,1,1,1,1,1,1,1,1,1,1,1,1,1,1,1,1,1,1,1,1,1,1,1,1,1,1,1,1,1,1,1,1,1,1,1,1,1,1,1,1,1,1,1,1,1,1,1,1,1,1,1,1,1,1,1,1,1,1,1,1,1,1,1,1,1
22388,1194,4,52,2037,4,6,52,2037,14,43,12,1118 1,1,1,1,1,1,1,1,1,1,1,1,1
68,14,149,5724,52,719,1520 1,1,1,1,1,1,1
1172,52,719,496,14,43 1,1,1,1,1,1
6,2124,872,1177,14,10525,41,13,22389 1,1,1,1,1,1,1,1,1
68,53,11,3264,816,721,1113 1,1,1,1,1,1,1
22390,242,14,557,13,43,1626,496 1,1,1,1,1,1,1,1
324,1748,2,149,3781,2,149,22391,2,149,10,634,512,13,63,6904,22392,13811,2,149,10,634,2178,2,22393,10517,6439,833,4,10515,13,6666,317,116,2,421,2,1336,2,1136,19,735,2,2210,2,5,216,5119,1526,104,279,17,1072,207,100,117,134,588,1663,141,5,189,2422 1,1,1,1,1,1,1,1,1,1,1,1,1,1,1,1,1,1,1,1,1,1,1,1,1,1,1,1,1,1,1,1,1,10,1,1,1,4,1,1,1,1,1,1,1,1,3,3,3,1,1,1,1,1,1,1,1,1,1,1,1,1,1
46 1
623,4,111,57,425,80,2,48,12,6,2615,7,24,503,84,14,3491,884,1127,77,16,14,290 1,1,1,1,1,1,1,1,1,1,1,1,1,1,1,1,1,1,1,1,1,1,1
92,39,1704,1833,27,1082,97,101,17,111,5,22394,338,2,5,47,39,1805,12789,2798 1,1,1,1,1,1,1,1,1,1,1,1,1,1,1,1,1,1,1,1
84,14,884,108,1375,7,472,142,53,3765 1,1,1,1,1,1,1,1,1,1
47,40,2183,10,750,24,503,10,1022,560,322,2,5,92,40,838,19,87,142,17,110 1,1,1,1,1,1,1,1,1,1,1,1,1,1,1,1,1,1,1,1,1
36,356,13,58,13802,36,207,1060,36,1022,231,91,322,13,24,503,46 1,1,1,1,1,1,1,1,1,1,1,1,1,1,1,1,1
13786,1136,4,16,39,61,448,57,1896,24,1663,48,13,134,8710,117,588,648,50,61,947,24,5346,735,1597,2,71,110,836,136,22395,2638,1599,191,7170,27,735 1,1,1,1,1,1,1,1,1,1,1,1,1,1,1,1,1,1,1,1,1,1,1,1,1,1,1,1,1,1,1,1,1,1,1,1,1
16,14,7975,27,9942,424,538,13803,7272,12,13804 1,1,1,1,1,1,1,1,1,1,1
24,4254,14,58,2462,10101,2,5,16,14,22396,22397,9,11364,144,8 1,1,1,1,1,1,1,1,1,1,1,1,1,1,1,1
46 1
339,4,24,1321,53,110,43,2,5,24,2164,2442,22398,50,31,61,382,10,55,4318 1,1,1,1,1,1,1,1,1,1,1,1,1,1,1,1,1,1,1,1
84,14,380,37,16,21,4997,2164,566,12,6,78 1,1,1,1,1,1,1,1,1,1,1,1
92,40,126,10,207,2164,2442,3438,5,539,1549,10,339,10,1022,522,108,1321,4096,7,884,1187 1,1,1,1,1,1,1,1,1,1,1,1,1,1,1,1,1,1,1,1,1,1
24,13812,496,14,2271,3114 1,1,1,1,1,1
46 1
1336,4,428,2,12,6,2615,7,24,503,84,14,1169,10,2739,24,231,322 4,4,1,1,1,1,1,1,1,1,1,1,1,1,1,1,1,1
97,374,20,2983,2,5,13,134,160,92,40,126,24,231,322 1,1,1,1,1,1,1,1,1,1,1,1,1,1,1
46 1
2455,4,535,708,1500,2,22399,17,1765,2,5,947,13,199,1716 1,1,1,1,1,1,1,1,1,1,1,1,1,1,1
46 1
150,4,540,22400,3433,2728 1,1,1,1,1,1
58,13813,2367,2605,3343,74,99,2605,47,50,285,6,233,5,203,7,38,29,13,58,13814 1,1,1,1,1,1,1,1,1,1,1,1,1,1,1,1,1,1,1,1,1
13813,2367,2,195 1,1,1,1
