67,54,4,28000,1884,16007,305,8598,960,7810,27,1230,4683,3,4197,3140,945,22,69,28001,16010,28002,2077,784,707,279,22,32,236,141,22,32,930,9918,22,69,3516,669,22,645,32,9,546,52,27,1376,69,8,962,125,22,69,1253,50,69,252,462,22,32,1126,16008,22,225,6,65,17,1013,3753,850,22,69,6878,10,248,32,12058,279,22,32,1522,382,22,605,9,64,11045,6974,8,3909,141,3,2476,2521,30,4,468,10,81,24,39,147 1,1,1,1,8,1,1,1,8,1,1,1,1,1,1,1,1,1,1,1,1,1,1,9,9,1,1,1,12,1,1,1,1,1,1,1,1,1,1,1,1,1,1,1,1,1,1,1,1,1,1,1,1,1,1,11,1,1,1,1,1,1,1,1,1,1,1,1,1,1,1,1,1,1,1,1,1,1,1,1,1,1,1,1,1,1,1,1,1,1,1,1,1,1,1,1,1,1,1,1,1
18,21,68,60,1057,51,21,68,2800,43,2990,951,9,187,3460,8 1,1,1,1,1,1,1,1,1,1,1,1,1,1,1,1
18,21,221,64,16011,3,121,21,508,164,159,15,1202,1050,242,31,575 1,1,1,1,1,1,1,1,1,1,1,1,1,1,1,1,1
1606,11,154,295 1,1,1,1
11,170,1292 1,1,1
1082,4,749,64,5560,1023 1,1,1,1,1,1
211 1
99,2430,20,223,108,87,183 1,1,1,1,1,1,1
36,87 1,1
1383,4,146,37,18,368,31,191,63,154,27,16009,159,18,299,8602 1,1,1,1,1,1,1,1,1,1,1,1,1,1,1,1
1495,134,359,27,3982 1,1,1,1,1
18,109,31,1773,186,24,3391,143,99,144,51,631,37,92,20,169,10,1135,5,37,295,143,781,10,64,5862 1,1,1,1,1,1,1,1,1,1,1,1,1,1,1,1,1,1,1,1,1,1,1,1,1,1
604,4,31,681,1805,43,604 1,1,1,1,1,1,1
18,464,21,6,511,7,1199,26,3030,299,6529,794,1456,444 1,1,1,1,1,1,1,1,1,1,1,1,1,1
28003,99,87,111,812,5,10734 1,1,1,1,1,1,1
50,272,31,1671,37,2176,237,575,3,51,46,3367,10,527,92,12,88,1401,517,7,24,916,30,7,363 1,1,1,1,1,1,1,1,1,1,1,1,1,1,1,1,1,1,1,1,1,1,1,1,1
103,4,18,704,37,18,208,52,46,437,19,380,37,14,12059,10,2977,306,92,38,68 1,1,1,1,1,1,1,1,1,1,1,1,1,1,1,1,1,1,1,1,1
18,21,38,128,1456,453,27,427,19,267,3266,477,983,27,427,33,537,3674 1,1,1,1,1,1,1,1,1,1,1,1,1,1,1,1,1,1
18,631,37,18,21,68,527,10,9616,6,284,118,12,437,19,380 1,1,1,1,1,1,1,1,1,1,1,1,1,1,1,1
18,122,64,4544,12,1519 1,1,1,1,1,1
354,4,11,725,80,39,30,4,39,4,488,2751,29,118,1522 1,1,1,1,1,1,1,1,1,1,1,1,1,1,1
242,31,126,736,159,242,31,46,63,285,359 1,1,1,1,1,1,1,1,1,1,1
206,30,4,5500,14,60 1,1,1,1,1,1
81,7,182,4,270,196,4,749,10680,7,64,8599,1023 1,1,1,1,1,1,1,1,1,1,1,1,1
138,1455,17,3903 1,1,1,1
2740,4,146,37,9917,11809,41,11,1810,122,24,17,1078,513 1,1,1,1,1,1,1,1,1,1,1,1,1,1
1551,57,145 1,1,1
109,31,157,8177 1,1,1,1
21,636,68,7604 1,1,1,1
235,40,5,18,53,92,37,18,14,31,3106,223,92 1,1,1,1,1,1,1,1,1,1,1,1,1
102,77,4,981,60 1,1,1,1,1
148,4,10978,364,4,1490,3,145,655,4,28004,97,2768,3,211,227,4,797 1,1,1,1,1,1,1,1,1,1,1,1,1,1,1,1,1,1
216,4,44,133,3,97,222,48,4,91,10,463,567,4,11,240,29,11,638,638,4,11,875,3,2109,3,1797,130,4,44,304,29,2118,310 1,1,1,1,1,1,1,1,1,1,1,1,1,1,1,1,1,1,1,1,1,1,1,1,1,1,1,1,1,1,1,1,1,1
1094 1
1710,589,891,213,214,4,11,1128 1,1,1,1,1,1,1,1
11,240 1,1
11,246 1,1
11,777,2143 1,1,1
114,4,11,93 1,1,1,1
1032,5313,3,1139 1,1,1,1
79,1688 1,1
59,1328,6742,197,10,52,223,10,52,1261,3,1390,13,1019,28005,1647 1,1,1,1,1,1,1,1,1,1,1,1,1,1,1,1
273,4,7767,1688 1,1,1,1
339,5,104,4,41,299,1011,13,689 1,1,1,1,1,1,1,1,1
160,2412,66,24,2877 1,1,1,1,1
454,134,18,21,88,312,8077,103,116 1,1,1,1,1,1,1,1,1
18,546,122,9917,6411,3,1203,17,1238,13,30,7,28006,5,448,1238,12,6,80 1,1,1,1,1,1,1,1,1,1,1,1,1,1,1,1,1,1,1
18,546,122,64,4962,17,322,198 1,1,1,1,1,1,1,1
1610,508,18,299,128,149,12,6,441,113,26,470,3,772,4,398,3,520,3,1348,3,4768,3,836,3,3635,3,3882,3,1981,1982,3,4023,10244,3,1425,987,4,9917,6411,3,1203,35,270,271,210,129,426,4,1265,4544,3,107 1,1,1,1,1,1,1,1,1,1,1,1,1,1,1,1,1,1,1,1,1,1,1,1,1,1,1,1,1,1,1,1,1,1,1,1,1,1,1,1,1,1,1,1,1,1,1,1,1,1,1,1,1
4078,5862,3,107 1,1,1,1
8600,2276,8601,3,1689,3,3750 1,1,1,1,1,1,1
