67,54,4,27984,1884,16005,305,8598,960,7810,27,1230,4683,3,4197,4969,9916,22,69,3140,945,22,69,613,1211,22,69,1807,1211,22,69,236,141,22,32,930,9918,22,69,3516,669,22,645,69,9,2209,4942,8,962,125,22,69,1253,50,69,252,462,22,32,2751,1547,5678,22,27,1230,1361,1299,3,3225,2521,30,4,468,10,81,23,39,147 1,1,1,1,4,1,1,1,8,1,1,1,1,1,1,1,1,1,1,1,1,1,1,9,1,1,1,13,1,1,1,12,1,1,1,1,1,1,1,1,1,1,1,1,1,1,1,1,1,1,1,1,1,1,1,11,1,1,1,1,1,1,1,1,1,1,1,1,1,1,1,1,1,1,1,1,1,1
657,738,208,46,4248,871,1920,84 1,1,1,1,1,1,1,1
464,21,34,66,1485,19,15,105,1721,51,92,14,2859 1,1,1,1,1,1,1,1,1,1,1,1,1
21,31,527,88,11076,3,744,2158 1,1,1,1,1,1,1,1
489,46,2800,24,17,87,5,18,21,221,64,12057,13,505,7,4301,568 1,1,1,1,1,1,1,1,1,1,1,1,1,1,1,1,1
666,46,2800,24,12,6,80,51,191,31,137 1,1,1,1,1,1,1,1,1,1,1
398,21,68,225,929,42,5,18,631,37,179,21,31,84 16,16,16,16,16,16,1,1,1,1,1,1,1,1
109,31,46,67,51,631,37,18,154,223,305 1,1,1,1,1,1,1,1,1,1,1
1082,4,749,64,5560,15,493,113,183 1,1,1,1,1,1,1,1,1
132,530,344,87 1,1,1,1
99,2430,20,223,755,87,183 1,1,1,1,1,1,1
146,37,889,20,12774,12,175,412,5,7649,12,6,174 1,1,1,1,1,1,1,1,1,1,1,1,1
1383,4,819,20,1932,12,1102 1,1,1,1,1,1,1
631,37,761,224,1081,24,10,369,15,129,139,6,99,112,51,18,242,31,1081,10,191,470 1,1,1,1,1,1,1,1,1,1,1,1,1,1,1,1,1,1,1,1,1,1
18,704,37,92,20,17,513,7,62,185,349 1,1,1,1,1,1,1,1,1,1,1
313,3,24,349,21,68,44,225,6,99,170,112 1,1,1,1,1,1,1,1,1,1,1,1
604,4,31,543,13,49,6,930,3,5,55,92,18,2087,92 1,1,1,1,1,1,1,1,1,1,1,1,1,1,1
103,4,11,48,34,26,2203,437,19,380 1,1,1,1,1,1,1,1,1,1
109,190,319,7,6032,134,18,2429,231,1625 1,1,1,1,1,1,1,1,1,1
18,14,122,64,4544,12,267,113 1,1,1,1,1,1,1,1
354,4,11,725,80,39,30,4,39,4,11,84,206,30,4,5103,21,38,15,5521,7870,5,170,174,147,95 1,1,1,1,1,1,1,1,1,1,1,1,1,1,1,1,1,1,1,1,1,1,1,1,1,1
394,7,23,3235,46,373 1,1,1,1,1,1
677,14,704,7,530,19,15,5415,10,9,365,27985,8,12,27986,134,16,14,60,2643 1,1,1,1,1,1,1,1,1,1,1,1,1,1,1,1,1,1,1,1
81,7,182,4,270,102,77,4,981,60 1,1,1,1,1,1,1,1,1,1
148,4,11503,364,4,1000,3,145,655,4,6871,97,2768,3,467,829,227,4,797 1,1,1,1,1,1,1,1,1,1,1,1,1,1,1,1,1,1,1
216,4,44,133,3,97,222,48,4,91,10,463,130,4,44,304,29,6470,310 1,1,1,1,1,1,1,1,1,1,1,1,1,1,1,1,1,1,1
11,561 1,1
11,213,214,4,11,1128 1,1,1,1,1,1
11,240 1,1
11,246 1,1
11,777,2143 1,1,1
114,4,11,93 1,1,1,1
1032,5313,3,1139 1,1,1,1
79,217,3,1139 1,1,1,1
11,308,322,243 1,1,1,1
339,5,104,4,2475,10,27987,24,71,179,97,312,532 1,1,1,1,1,1,1,1,4,1,1,1,1
11,1149,934,7,553,147,13,181,120,76,3,51,18,753,3106,223,6,437,19,380,75,18,2233,5,470,41,527,10,91,6,737,13,1011 1,1,1,1,1,1,1,1,1,1,1,1,1,1,1,1,1,1,1,1,1,1,1,1,1,1,1,1,1,1,1,1,1
1011,13,4873 1,1,1
527,10,299,1590,1902,1845 1,1,1,1,1,1
134,4615,3,454,425,909,493,113,10,122,1153,119,46,1485 1,1,1,1,1,1,1,1,1,1,1,1,1,1
1402,398,3,972,3,1348,3,4768,987,4,210,129,426,4,1265,4544,3,107 1,1,1,1,1,1,1,1,1,1,1,1,1,1,1,1,1,1
761,224,8600,2276,8601,3,1689,3,3750 1,1,1,1,1,1,1,1,1
