67,54,4,28007,7651,318,1141,112,4993,3,2057,6441,16012,61,234,4,40,14,15,3537,498,121,61,43,1127,13,2120,34 1,1,1,1,1,1,1,1,1,1,1,1,1,1,1,1,1,1,1,1,1,1,1,1,1,1,1,1
30,7,61,234,4,40,14,15,3537,498,121,61,13,128,48,34,5,48,94,139,1429,40,495 1,1,1,1,1,1,1,1,1,1,1,1,1,1,1,1,1,1,1,1,1,1,1
16,1343,15,321,27,223,28008,6,34,1344,2265,3,16,1031,188,163,3,454,5,1127,5,61,425 1,1,1,1,1,1,1,1,1,1,1,1,1,1,1,1,1,1,1,1,1,1,1
6,28,61,425,132,5,3,139,52,1627,12,6,702,318,3,1749,2529,5,3974,5,8072,13,131,106,5,62,177,111,62,199,431 1,1,1,1,1,1,1,1,1,1,1,1,1,1,1,1,1,1,1,1,1,1,1,7,1,1,22,22,22,32,32
74,14,563,185,12,811,1036,5,525,1036,5,563,363,12,574,1036 1,1,1,1,1,1,1,1,1,1,1,1,1,1,1,1
6,28,20,1442,138,203,3,1860,1796,5,676,35,60,35,15,2493,1685 1,1,1,1,1,52,1,9,9,1,1,1,1,1,1,37,37
6,896,177,111,128,538,7,23,563,185,5,563,363 1,1,1,1,1,1,1,1,1,1,1,1,1
23,34,21,5148,132,10,223,15,10885 1,1,1,1,1,1,1,1,1
63,94,28009,3,133,156,7,7943,48,738,3,4822,3,20,359,5,14,98,401 1,1,1,1,1,1,1,1,1,1,1,1,1,1,1,1,1,1,1
528,14,2040 1,1,1
6,445,149,1180,21,68,454,5,21,68,3061,1442 1,1,1,1,1,1,1,1,1,1,1,1
39,37,16,21,3609,470,2170,57,203,3,1720,1547,3,2493,80,3,2480,754 1,1,1,1,1,1,1,1,52,1,1,1,1,37,37,37,37,37
16,14,137,19,62,247,754,1685 1,1,1,1,1,37,37,37
544,247,1334,46,68,469 1,1,1,1,1,1
4822,48,738,359 1,1,1,1
1553,1191,14,425,5,6,445,1180,14,2040 1,1,1,1,1,1,1,1,1,1
80,39,30,4,344,173,17,106 1,1,1,1,1,1,1,7
39,4,274,17,23,63,94,297,5,95,1627,19,2751,1547,17,34,12,23,248 1,1,9,1,1,1,1,1,1,1,1,1,1,1,1,1,1,1,1
81,7,182,4,376,72 1,1,1,1,1,1
636,38,88,695,3,636,38,62,199,431,5,636,38,88,34,166,40,397 1,1,1,1,1,1,1,1,32,32,1,1,1,1,1,1,1,1
16,90,88,28010,34,5,90,88,174,147,26,698,27,40,802 1,1,1,1,1,1,1,1,1,1,1,1,1,1,1
102,101,4,155,57,91 1,1,1,1,1,1
103,77,4,11,213,1718,3,11,502,26,561 1,1,1,1,1,1,1,1,1,1,1
11,910,3,11,222,1718 1,1,1,1,1,1
214,14,152,5,396 1,1,1,1,1
779,77,4,8763,13,44,1256 1,1,1,1,1,1,1
340,1598,12,230,4,137,12,211,534 1,1,1,1,1,1,1,1,1
63,94,44 1,1,1
1133,1045,1137,42,5,15,133,156,7,7943,16,370,755,7,613,5,14,2586,34,770,27,40,802,5,191,60 1,1,1,1,1,1,1,1,1,1,1,1,1,1,9,1,1,1,1,1,1,1,1,1,1,1
221,43,6,1553,1191 1,1,1,1,1
445,149,1180,3061 1,1,1,1
6,28,14,530,10,6,445,149 1,1,1,1,1,1,1,1
603,505,4,199,431 1,1,1,32,32
566,9,158,534,748,261,8,4,150,2084,21,68,454,5,6049,20,53,17,23,551,19,24,3236 1,1,1,1,1,1,1,1,1,1,1,1,1,1,1,1,1,1,1,1,1,1,1
18,14,1019,19,6,1767,10,6,124,5,119,41,1240,24 1,1,1,1,1,1,1,1,1,1,1,1,1,1
534,211 1,1
505,4,199,431,12,15,3537,358,3,530,10,6,445,149 1,1,32,32,1,1,1,1,1,1,1,1,1,1
1218,28011,2737,6867,3,107 1,1,1,1,1,1
16013,28012,28013,533,43,4,2737,6867,3,107 1,1,1,1,1,1,1,1,1,1
16013,250,31,81,43,262,331,250 1,1,1,1,1,1,1,1
