69,49,4,22702,507,13905,1120,144,957,30,4,552,8744,279,10,437,23,134,3862 1,1,1,1,1,1,1,1,1,1,1,1,1,1,1,1,1,1,1
1924,2,18,20,265,12,859,1589,13,2243,569,8745,3956,5,10562,3064,13,3483,10,406,4106 1,1,1,1,1,1,1,1,1,1,1,1,1,1,1,1,1,1,1,1,1
6,1228,7,7562,3956,836,884,598,18,39,63,656,7,4958,15,451,236,158,5,176,50,3338,15,22703,22704 1,1,1,1,1,1,1,1,1,1,1,1,1,1,1,1,1,1,1,1,1,1,1,1,1
3523,1992,227,11,182,178 1,1,1,1,1,1
19,22705,18,543,13085,541,3825,1181,13,15,13907,3507,22706,541,8751,42,58,13908 1,1,1,1,1,1,1,1,1,1,1,1,1,1,1,1,1,1
239,10,6501,6158,602,5663,2,15,22707,17,13909,519,841,55,6023,393,18,13910,15,1616,1261,2120,10,2776,602 1,1,1,1,1,1,1,1,1,1,1,1,1,1,1,1,1,1,1,1,1,1,1,1,1
304,966,408,20,1180,42,2004,13,344,1840,1241,984,17,71,18,13910,15,8754,7563,5241 1,1,1,1,1,1,1,1,1,1,1,1,1,1,1,1,1,1,1,1
18,20,874,10,997,13,15,6035,10,991,15,408,7,219,2520 1,1,1,1,1,1,1,1,1,1,1,1,1,1,1
278,2,18,20,8755,12,859,176,434,411,27,997,13,63,656,7,44,34,27,468 1,1,1,1,1,1,1,1,1,1,1,1,1,1,1,1,1,1,1,1
999,20,4176,48,3651,129,829,318,9,783,22708,8 1,1,1,1,1,1,1,1,1,1,1,1
1194,227,6,676,20,57,3599,86,5865,7,844,3064 1,1,1,1,1,1,1,1,1,1,1,1
68,20,15,280,1424,3720 1,1,1,1,1,1
18,543,429,71,227,861,1878,5,11,182,178 1,1,1,1,1,1,1,1,1,1,1
6,656,20,2802,10,2904,7049,9,314,65,2004,2,1060,931,19,141,8 1,1,1,1,1,1,1,1,1,1,1,1,1,1,1,1,1
18,20,874,168,10,997,5,21,346,57,136 1,1,1,1,1,1,1,1,1,1,1
18,20,201,12,6,1070,308,5,6,6035,1597,20,5727 1,1,1,1,1,1,1,1,1,1,1,1,1
18,74,168,140,65,997,110,5,1044,10,55,1701,57 1,1,1,1,1,1,1,1,1,1,1,1,1
18,1302,2955,3318,5,21,10,468,117,748,173,15,204,6520 1,1,1,1,1,1,1,1,1,1,1,1,1,1
278,2,18,88,455,2,270,2,396,2,4423,26,900,899,1479 1,1,1,1,1,1,1,1,1,1,1,1,1,1,1
11,4133,26,121,274 1,1,1,1,1
18,21,15,928,30,7,225,1382,22709,48,18,14,841,8215,2719,2909,10,12507,115 1,1,1,1,1,1,1,1,1,1,1,1,1,1,1,1,1,1,1
434,27,997,2,18,20,2538,19,183,3287,5,209,2801,655,108,2538,919 1,1,1,1,1,1,1,1,1,1,1,1,1,1,1,1,1
110,18,74,2538,19,51,3287,17,9607,5,113,841,2707,10,50,7231,655 1,1,1,1,1,1,1,1,1,1,1,1,1,1,1,1,1
278,2,18,113,3292,1127,302,621,702,15,1450,7,511,119,223 1,1,1,1,1,1,1,1,1,1,1,1,1,1,1
18,88,531,79 1,1,1,1
18,74,2571,192,77,57 1,1,1,1,1,1
140,558,2642,50,61,2984,22710,78,89,30,4,36,7562,10562,3064,103,541,3825,1181,13,13907,8751,36,22711,103,8754,7563,5241,36,883,4,36,354,103,157,3487,28,5250,9,10152,8,3483,13911,41,157,2650,9,1344,22712,22713,8,2,149,54,2650,238,36,354,928,30,7,225,1382,756,117,7766,5616,3283,28,504,19,5283,36,861,4178,4772,36,1336,36,592,335,103,225,22714,28,19,22715,36,168,162,13,7564,959,27,22716,4981,36,685,77,9,941,8,4,2030,13912,1512,1206,59,2212,1915,25,82,172,370,22,25,82,4716,10305,1206,873,493,13913,1974,33,210,390,25,82,501,768,25,59,310,3042,447,22,25,82,4115,13914,6619,684,41,873,3182,6981,13915,190,25,59,5283,683,25,59,933,446,25,59,2161,1953,25,27,1244,137,4,11,334,624,1146,179,30,4,994,13906,2,3833,2,295,1310,2,51,726,1881,36,1590,35,1860,98,154,831,2,706,2276,430,36,1600,840,36,152,163,7,213,4,355,66,12,790,93,122,4,1602,4,22717,52,349,1669,4,4948,135,2497,4,5021,727 1,1,1,1,1,1,1,1,1,1,1,1,1,1,1,1,1,1,1,1,1,1,1,1,1,1,1,1,1,1,1,1,1,1,1,1,1,1,1,1,1,1,1,1,1,1,1,1,1,1,1,1,1,1,1,1,1,1,1,1,1,1,1,1,1,1,1,1,1,1,1,1,1,1,1,1,1,4,1,1,1,1,1,1,1,1,1,1,1,1,1,1,1,1,1,1,1,1,1,1,1,1,1,1,1,1,1,1,1,1,1,1,11,1,1,1,1,1,1,1,1,1,1,1,1,12,1,1,1,7,1,1,1,20,1,1,1,1,1,1,1,1,1,1,1,1,1,1,1,1,1,1,1,1,1,1,1,1,1,1,1,1,1,1,1,1,1,1,1,1,1,1,1,1,1,1,1,1,1,1,1,1,1,8,8,8,8,8,8,8,8,8,8,8,1,1,1,1,1,1,1,1,1,1,1,1,1,1,1,1,1,1,1,1,1,1,1,1,1,1,1,1,1,1
1750,893,4,57,1019,2302,4,57,2623,13135,4823,2,5498,22718,8616,1751,4,625,171,2,133,157,354,54,229,2,487,456,5212,1670,4,476,558,27,1912,2,4291,90,1515,4,418,2,5280,859,5589,661,27,5170,2,11,8615,1671,4,133,2,875,2,4695,558,1635,4,617,863,531,79,1564,4,7845,1134,139,304,585,1910,41,2,57,3599,10562,22719,9,1344,579,2,3979,259,8,2,1424,3720,2,43,1748,6550,2,22720,354,157,6215,42,1681,1126,2818,147,4,6949,22721,4176,27,546,320,4,1172,2,552,8744,1044,10,55,4584,791,57,117,15,1169,1450,7,198 1,1,1,1,1,1,1,1,1,1,1,1,1,1,1,1,1,1,1,1,1,1,1,1,1,1,1,1,1,1,1,1,1,1,1,1,1,1,1,1,1,1,1,1,1,1,1,1,1,1,1,1,1,1,1,1,1,1,1,1,1,1,1,1,1,1,1,1,1,1,1,1,1,1,1,1,1,1,1,1,1,1,1,1,1,1,1,1,1,1,1,1,1,1,1,1,1,1,1,1,1,1,1,1,1,1,1,1,1,1,1,1,1,1,1,1,1,1,1,1,1,1,1,1,1,1,1
23,352,2059,14,1701,657,2,218,22722,5612 1,1,1,1,1,1,1,1,1,1
10,37,1273,2,47,8696,926,23,10,6,91,997,1763,27,22723,144,9,11181,10,140,8 1,1,1,1,1,1,1,1,1,1,1,1,1,1,1,1,1,1,1,1,1
18,21,847,534,7,380,702,48,11,150,160,7,1131,2509,19,73 1,1,1,1,1,1,1,1,1,1,1,1,1,1,1,1
108,23,115,6588,2,47,8696,963,23,10,5071,260,5,92,3673,954,15,252,262,7,235 1,1,1,1,1,1,1,1,1,1,1,1,1,1,1,1,1,1,1,1,1
12,2858,7,212,709,2,18,14,110,1667,4176 1,1,1,1,1,1,1,1,1,1,1
18,1664,113,841,301,5585,7231,393,92,3673,1171,84,80 1,1,1,1,1,1,1,1,1,1,1,1,1
12,2858,7,493,2,84,74,1664,2401,10,126,17,102,198,640,676,1181 1,1,1,1,1,1,1,1,1,1,1,1,1,1,1,1,1
18,74,239,10,125,58,13908,400,376,28,92,3673,4226,10,170,12,2858,7,6,2998,7,2681,8756,65,15,8757,676,3486 1,1,1,1,1,1,1,1,1,1,1,1,1,1,1,1,1,1,1,1,1,1,1,1,1,1,1,1
13,2834,10,2004,2,18,39,2681,2004,48,110,18,74,13916,4176 1,1,1,1,1,1,1,1,1,1,1,1,1,1,1
108,1378,5241,22724,273,841,1892,3304,2004,2,18,176,31,301,493,12,6,928,2099 1,1,1,1,1,1,1,1,1,1,1,1,1,1,1,1,1,1,1
18,3673,808,10,308,12,259,198,26,3027,138 1,1,1,1,1,1,1,1,1,1,1
201,13,58,3141,10563 1,1,1,1,1
142,10,77,38,101,5283,683,25,59,247,4,3754,4115,13914,6619,684,41,873,247,4,3754,2161,1953,25,27,1244,247,4,3754,933,446,25,59,247,4,3754,13913,1974,33,247,4,3754,310,3042,447,22,25,82,247,4,3754,210,390,25,82,247,4,3754,172,370,22,25,82,247,4,3754,4716,10305,1206,873,247,4,3754,3182,6981,13915,190,25,59,247,4,3754,501,768,25,59,247,4,3754,2212,1915,25,82,247,4,3754,1273,4,22725,36,2458,493,247,4,3754,2030,13912,1512,1206,59,247,4,3754,2462,10563,2,195,384,4,22726,22727,2,195,681,809,42,2462,10563,2,195,1655,139,4,678 1,1,1,1,1,1,1,1,1,1,1,1,1,1,1,1,1,1,1,1,1,1,1,1,1,1,1,1,1,1,1,1,1,1,1,1,1,1,1,1,1,1,20,1,1,1,1,1,1,1,1,12,1,1,1,1,1,1,11,1,1,1,1,1,1,1,1,1,1,1,1,1,1,1,1,1,1,1,1,1,1,1,7,1,1,1,1,1,1,1,1,1,1,1,1,1,1,1,1,1,1,1,1,1,1,1,1,1,1,1,1,1,1,1,1,1,1,1,1,1,1,1,1,1,1,1,1,1,1,1,1,1,1,1
