67,54,4,28128,28129,3,28130,3,12074,221,19,28131,13,64,16060 1,1,1,1,1,1,1,1,1,1,1,1,1,1,1
50,660,37,50,46,1187,5,101,6,28,3,81,6,385,607,19,6,28,82,940,3,5,235,6,172,3,104,7,198,3,5,566,13,6,28 1,1,1,1,1,1,1,1,1,1,1,1,1,1,1,1,1,1,1,1,1,1,1,1,1,1,1,1,1,1,1,1,1,1,1
395,122,6,385,82,55,17,402 1,1,1,1,1,1,1,1
30,7,61,328,4,1656,3,40,14,15,5471,767,121,61,66,977,13,36,113,7,990,5,58,65,7,226,7,184,5,6702,263 1,1,1,1,1,1,1,1,1,1,1,1,1,1,1,1,1,1,1,1,1,1,1,1,1,1,1,1,1,1,1
16,21,15,30,7,71,3,106,3,1044,260,3,585,831,3,458,3,619,3,5,621,735,938 1,1,1,1,1,4,1,7,7,1,1,1,1,1,1,1,1,3,1,1,1,1,1
102,101,4,16,14,4348,3974,5,14,12,131,386,342 1,1,1,1,1,1,1,1,1,1,1,1,1
133,1490,3,1481,125,3,63,94,28132,3,133,4772,853,42,19,702,737,3,5,23,807,14,28133,16,21,876,5,11920,184,327,12,23,70,2191,5,473,155,1412 1,1,1,1,1,1,6,6,6,1,1,1,1,1,1,1,1,1,1,1,1,1,1,1,1,1,1,1,1,1,1,1,1,1,1,1,1,1
16,21,15,145,156,5,239,13,15,1710,589,213 1,1,1,1,1,1,1,1,1,1,1,1
457,532,4,23,48,738,111,70,473,1443,1984 1,1,1,1,1,1,1,1,1,1,1
456,14,13308,23,696,785,14,4251,13,53,3445 1,1,1,1,1,1,1,1,1,1,1
224,339,4,854 1,1,1,1
250,31,81,43,262,331,250,104,4,168,17,247,907 1,1,1,1,1,1,1,1,1,1,1,1,1
497,16061,3,12074,107 1,1,1,1,1
487,4,16062,292,4,16062,533,43,4,16061,3,12074,746,28134,1608 1,1,1,1,1,1,1,1,1,1,1,1,1,1,1
