67,54,4,28233,1180,12083,39,281,168,55,79,4,16089,3,2818,509,47,4,28234,54,7,168,4,28235,262,4,2945,28236,426,4,1670,3,177,84,282,4,1476,379,13,256,7,151,3,212,110,2696,431,9,2255,8,5,251,849,61,13,58,65,7,1670,3,372,1525,748,9932,12,6,1532,16,146,190,35,134,16,14,3996,477,6,702,14,211,29,40,511,14,627,43,84,12,269,26,413,656 1,1,1,1,1,1,1,1,1,1,1,1,1,1,1,1,1,1,1,1,1,1,1,1,1,1,1,1,1,1,1,1,1,1,1,1,1,1,1,1,1,4,1,10,3,3,3,3,3,3,3,3,3,1,1,1,1,1,1,1,1,1,1,1,1,1,1,1,1,1,1,1,1,1,1,1,1,1,1,1,1,1,1,1,1,1,1,1,1,1,1,1
92,1441,344,416,35,6,65,626 1,1,1,1,1,1,1,1
16,90,88,837,3,323,3,1507,3,84,12,889,26,1002 1,1,1,1,1,1,1,1,1,1,1,1,1,1
16,90,88,95,2190 1,1,1,1,1
16,109,146,2236,75,21,68,61,855,17,87,35,60,35,100,14692,841,507,10,28237,1543 1,1,1,1,1,1,1,1,1,1,1,1,1,1,1,1,1,1,1,1,1
11,4612 1,1
6,511,7,1670,14,6481,748,175,113,7,2122,626,314,7,2064,3,768,35,31,731,834,10,1627,23,2346,12,422,10,2618 1,1,1,1,1,1,1,1,1,1,1,1,1,1,1,1,1,1,1,1,1,1,1,1,1,1,1,1,1
16,98,146,28238,65,7,131,446,12,16090,344,3,1762,10,724,28239,4076,1455,35,60,35,86,10,49,4457,17,6,1122,539,65,1551 1,1,1,1,1,1,1,1,1,1,1,1,1,1,1,1,1,1,1,1,1,1,1,1,1,1,1,1,1,1,1
446,21,68,2672,538,17,58,65,1676 1,1,1,1,1,1,1,1,1
16,109,146,232,25,633,1278,3,11152,2801,7,8237,135,65 1,1,1,1,1,1,1,1,1,1,1,1,1,1
16,450,23,366,145,5,146,677,46,68,1197,12,6,28240 1,1,1,1,1,1,1,1,1,1,1,1,1,1
16,90,88,249,3,459,3,970,26,1673,732 1,1,1,1,1,1,1,1,1,1,1
6,28,109,46,2652,19,6,59,5,146,37,40,21,68,61,602,306,175,129 1,1,1,1,1,1,1,1,1,1,1,1,1,1,1,1,1,1,1
16,21,38,11,84,12,39 1,1,1,1,1,1,1
475,3,6,28,146,175,255,7,5034,48,34,1291,6,28241,1334,19,28242,75,20,1307,1442,43,1798 1,1,1,1,1,1,1,1,1,1,1,1,1,1,1,1,1,1,1,1,1,1,36
9,79,1762,6,34,10,2688,35,6,7159,11302,13,6,1798,98,753,10,1307,6,34,8 1,1,1,1,1,1,1,1,1,1,1,1,1,36,1,1,1,1,1,1,1
16,109,98,146,62,118,12,307,139,321,115,175,2645,7,1625,75,21,28243,225,6,80,493,129 1,1,1,1,1,1,1,1,1,1,1,1,1,1,1,1,1,1,1,1,1,1,1
674,4,151,123,125,87,3,330,604,142,212,2696,431,12,28244,3,2564,5,251,559,1907,42,9,99,713,2165,8,2288,9,44,7589,2489,8,6413,3,7637,4967,2070,2181,9,367,8,254,4,1286,755,32,252,462,32,218,647,32,613,215,22,69,236,141,22,32,28245,279,22,276,706,2513,3782,329,487,9,512,1072,4489,22,9,1327,22,3069,399,8,816,1628,487,669,3325,8,36,298,25,69,233,4,2158,56,277,1144,4,1732,4,2470,87,1308,403,3,334,2965,485,4,90,1113,4,90,1022,4,573,4,9933,494,661,4,583,12,1875,27,3628,440,1020,4,3939,579,4,35,12,282 1,1,4,1,1,1,1,1,1,7,10,3,3,3,3,3,3,3,3,1,1,1,1,1,1,1,1,1,1,1,1,1,1,1,1,1,1,1,1,1,1,1,1,1,21,1,1,11,1,1,13,1,1,9,1,1,1,12,1,1,1,1,1,1,1,1,1,1,1,1,1,1,1,1,1,1,1,1,1,1,1,1,1,1,1,1,1,1,1,1,1,1,1,1,1,1,1,1,5,5,5,5,5,5,5,5,5,1,1,1,1,1,1,1,1,1,1,1,1,1,1,1,1,1,1,1,1,1,1,1,1,1,1,1,1
33,207,4,11,140,6647,3,11,590,3,11,249,3,11,459,3,11,84,12,1059,33,386,4,11,263,3,11,307,3,11,109,3,11,1753,3,11,407,33,227,4,11,136,2157,3,11,2419,3,11,841,314,33,103,4,48,8372,35,270,3,11,418,3,11,739,3,11,760,33,1583,4,11,300,3,11,375,3,11,446,3,11,648,3,11,432,33,273,4,1441,511,12,1587,100,33,577,638,4,11,985,577,638,33,1058,4,11,188,34,3,11,136,34,3,11,248,34,3,11,303,34,33,1795,4,11,1235,3,11,796,3,11,1393,3,11,1408,33,1185,4,11,1368,3,11,432,33,1543,4,11,1673,732,3,11,95,1863,77,4,701,4,4859,1232,581,853,42,3154,28246,1210,15829,227,4,1806,3,863,3,4130 1,1,1,1,1,1,1,1,1,1,1,1,1,1,1,1,1,1,1,1,1,1,1,1,1,1,1,1,1,1,1,1,1,1,1,1,1,1,1,1,1,1,1,1,1,1,1,1,1,1,1,1,1,1,1,1,1,1,1,1,1,1,1,1,1,1,1,1,1,1,1,1,1,1,1,1,1,1,1,1,1,1,1,1,1,1,1,1,1,1,1,1,1,1,1,1,1,1,1,1,1,1,1,1,1,1,1,1,1,1,1,1,1,1,1,1,1,1,1,1,1,1,1,1,1,1,1,1,1,1,1,1,1,1,1,1,1,1,1,1,1,1,1,1,1,1,1,1,1,1,1,1,1,1,1,1,1,1,1,1,1,1,1,1,1,1,1,1,1
665,3,11,1866 1,1,1,1
1536,3,968,1296 1,1,1,1
28247,3497,10924,5660,4458,5080,1866,3187,116,136,4,332,3,952,3,296,1693,3,217,216,968,222,3,11,309 1,1,1,1,1,1,1,1,1,1,1,1,1,1,1,1,1,1,1,1,1,1,1,1,1
576,5007,155,4,1304,29,11,876,3,11,407,720,4,455,29,44,1270,3,11,1099,857,362,4,152,3,979,3,2045,29,2651,29,11,1061,8291,4,2626,554,3,1084,193,12,1147,1714,4,11,1379,29,217,1032,82,3,433,4853,100,352,4,4405,3,1010,409,3,925,645,868,2005,204,13,708,7,59,2652,3,670,5,1009,2214,29,2329,82,217,5,675,783 1,1,1,1,1,1,1,1,1,1,1,1,1,1,1,1,1,1,1,1,1,1,1,1,1,1,1,1,1,1,1,1,1,1,1,1,1,1,1,1,1,1,1,1,1,1,1,1,1,1,1,1,1,1,1,1,1,1,1,1,1,1,1,1,1,1,1,1,1,1,1,1,1,1,1,1,1,1,1,1,1,1,1
4761,2993,100 1,1,1
719,10,1548,409,3,83,10,73,409,3,14516,204,3,3243,193 1,1,1,1,1,1,1,1,1,1,1,1,1,1,1
634,657,2796,657,531,384,2796,384,531,595,2796,595,531,70,108,108,108,108,108,108,53,108,108,108,108,108,108,2363,489,362,2150,531,2150,2796,1788,531,1788,2796,951,362,70,108,108,108,108,108,108,53,108,108,108,108,108,108,149,4,1290,4,1290,4985,456,2375,1305,351,3501,6976,663,2078,1276,351,3501,6976,835,2912,1310,351,3501,6976,1072,1658,13709,1450,351,3501,6976,10271,9,59,8,9934,392,996,1311,219,3501,6976,347,1774,1601,219,3501,6976,345,16091,1359,219,3501,6976,3703,9,83,8,3501,1336,72,193,3501,16092,4959,9,83,8,9934,2418,72,193,3501,16092,520,154,393,1491,219,8605,6732,1380,2327,3244,219,8605,6732,926,2632,6458,219,8605,6732,580,393,1594,219,8605,6732,4168,1538,2871,8605,28248,733,398,28249,7758,42,28250,28251,6656,9,83,8,28252,1185,492,63,785,349,2636,1312,524,3501,5947,6105,9,83,8,9934,734,31,359,2202,5280,3501,5947,560,122,402,3501,5947,4029,9,59,8,9935,333,122,402,3501,5947,15606,9,59,8,9934,28253,28254,1977,42,3501,28255,6121,9,59,8,3501,653,31,359,1360,1227,3501,5947,786,31,359,1479,1588,3501,5947,823,31,359,1480,654,3501,5947,536,5428,1589,1381,3501,5947,795,31,359,1424,42,3501,5947,2613,1078,2613,79,3528,3162,1060,9935,5537,3879,9,83,8,9935,1074,1293,9935,5537,103,1989,72,123,36,4,1251,4,72,9413,4,72,177,4,302,2696,28256,5,563,185,12,28257,506,4,6,155,57,60,8606 1,1,1,1,1,1,1,1,1,1,1,1,1,1,1,1,1,1,1,1,1,1,1,1,1,1,1,1,1,1,1,1,1,1,1,1,1,1,1,1,1,1,1,1,1,1,1,1,1,1,1,1,1,1,1,1,1,1,1,1,1,1,1,1,1,1,1,1,1,1,1,1,1,1,1,1,1,1,1,1,1,1,1,1,1,1,1,1,1,1,1,1,1,1,1,1,1,1,1,1,1,1,1,1,1,1,1,1,1,1,1,1,1,1,1,1,1,1,1,1,1,1,1,1,1,1,1,1,1,1,1,1,1,1,1,1,1,1,1,1,1,1,1,1,1,1,1,1,1,1,1,1,1,1,1,1,1,1,1,1,1,1,1,1,1,1,1,1,1,1,1,1,1,1,1,1,1,1,1,1,1,1,1,1,1,1,1,1,1,1,1,1,1,1,1,1,1,1,1,1,1,1,1,1,1,1,1,1,1,1,1,1,1,1,1,1,1,1,1,1,1,1,1,1,1,1,1,1,1,1,1,1,1,1,1,1,1,1,1,1,1,1,1,1,1,1,1,1,1,1,1,1,1,1,1,1,1,1,1,1,1,1,1,1,1,1,1,1,1,1,1,1,1,1,1,1,1,1,1,1,1,1,1,1,1,1,1,1,1,1,1,1,1,1,1,1,1,1,1,1,1,1,1,1
74,57,11,741,548,7,2622,26,792 1,1,1,1,1,1,1,1,1
6,103,5041,14,44,12,978,5,8094 1,1,1,1,1,1,1,1,1
74,57,11,3128,448 1,1,1,1,1
74,57,11,10593,26,152,1233,448 1,1,1,1,1,1,1,1
241,4,11,202,7,199,2244,1704 1,1,1,1,1,1,1,1
1452,4421,696,3018,4796,372,543,13,7162,76,12,15,28,7,40,440,2138,4,401,16093,873,4,1476,379,13,256,142,3,151,3,212,61,13,58,65,7,1670,5,175,113,7,314,7,2064 1,1,1,1,1,1,1,1,1,1,1,1,1,1,1,1,1,1,1,1,1,1,1,1,1,1,7,1,4,1,10,1,1,1,1,1,1,1,1,1,1,1,1,1
116,7,1670,57,372,543,13,330,1670 1,1,1,1,1,1,1,1,1
16094,372,166,35,116,57,984,12,16090,5,1441,225,6,65 1,1,1,1,1,1,1,1,1,1,1,1,1,1
138,2236,28258,19,6,28259,51,602,166 1,1,1,1,1,1,1,1,1
28260,602,166,35,74,14,11,10329,411,26,424,300 1,1,1,1,1,1,1,1,1,1,1,1
138,311,341,709,1935,1178,1152,35,419,41,689,1329 1,1,1,1,1,1,1,1,1,1,1,1
1670,2411,13,314,7,2064,3,600,31,4458,19,77,3,208,1282,5282,765 1,1,1,1,1,1,1,1,1,1,1,1,1,1,1,1,1
177,84,479,17,692,1391,3083,2696,15546,134,6351,1233,464,557 1,1,1,1,1,1,1,1,1,1,1,1,1,1
5345,5,713,12,1532,1670,4,56,241,72,17,199,1178,56,679,401,56,273,278,644,4,325,33,5345,43,177,3,1989,33,6505,713,12,1532,33,86,252,29,1550,115,613,17,839,523,1139,335,35,148,572,33,144,772,520,12,272,3,86,236,33,86,218,33,95,865,2750,1342,33,11,16095,7,371,19,77,3,506,239,33,137,924,29,1550,115,1534,35,270,33,1854,17,3831,29,1107,592,1139,210,3,22,28261,2623,4,33,726,161,4,296,2668,28262,28263,6977,3,107 1,1,1,1,1,1,1,1,1,1,1,1,1,1,1,1,1,1,1,1,1,1,1,1,1,1,1,1,1,1,1,1,1,1,1,11,1,1,1,9,1,1,1,1,1,1,1,1,1,1,1,1,1,1,1,1,12,1,1,13,1,1,1,1,1,1,1,1,1,1,1,1,1,1,1,1,1,1,1,1,1,1,1,1,1,1,1,1,1,1,1,1,1,1,1,1,1,1,1,1,1,1,1,1,1,1,1,1,1
710,47,28264 1,1,1
