67,54,4,12055,1180,123,281,168,55,414,4,9496,3,16114,509,47,16115,54,4,12091,451,4,9940,3,4398,229,9120,4,307 1,1,1,1,1,1,1,1,1,1,1,1,1,1,1,1,1,1,1,1,1,1,1,1,1,1,1,1,1
282,4,79,14,15,1279,379,719,13,15,256,212,3,142,3,776,3,803,3,458,121,387,199,307,477,27,163,973,7,168 1,1,1,1,1,1,1,1,1,1,1,10,1,7,1,15,1,1,1,1,1,1,1,1,1,1,1,1,1,1
79,146,11,2113,1744,5,1349,3297,10,39 1,1,1,1,1,1,1,1,1,1
18,20,319,744,7,168,27,15,206,13825,5,1005,116,186,18,369,163,5,38,535,2429,62,281,16124,12,24,163,18,4921,6,16124,5,20,775,10,4758,24,184 1,1,1,1,1,1,1,1,1,1,1,1,1,1,1,1,1,1,1,1,1,1,1,1,1,1,1,1,1,1,1,1,1,1,1,1,1,1
18,146,18,387,4348,437,5,1267 1,1,1,1,1,1,1,1
18,90,48,34,3,990,3,616,26,3216 1,1,1,1,1,1,1,1,1,1
18,21,38,15,263,1166,7,91,1181,123,36,113,13,11,249,3,421,970,3,4816,26,459,405,40,85 1,1,1,1,1,1,1,1,1,1,1,1,1,1,1,1,1,1,1,1,1,1,1,1,1
18,21,38,11,375,26,446 1,1,1,1,1,1,1
18,109,31,1773,407,3,5,15548,6,344,116,405,6,255,543,12,307,5,7095 1,1,1,1,1,1,1,1,1,1,1,1,1,1,1,1,1,1,1
7,55,3,79,38,58,884,619,12,4872 1,1,1,1,3,3,3,3,3,3
593,19,28340,275,231,42,756,7,6,53,637,8412,3,586,42,637,309,756,3,5,231,42,756,7,6,794,614 2,2,2,2,2,2,2,2,2,2,2,2,2,2,2,2,2,2,2,2,2,2,2,2,2,2,2
438,12,230,4,4189,3764,10,9377,79,370,289,171,22,3,1848,123,195,18,20,768,35,2529,3,3173,3,5,3974 1,1,1,1,1,1,1,1,1,1,1,1,1,1,37,1,1,1,1,1,1,1,1,1,1,1,1
18,20,775,10,492,296,3935 1,1,1,1,1,1,1
18,370,289,171,22,247,5,125,22,247,58,552,525,3,252,462,123,36,3,2814,615,22,247,3,5,829,4584 1,1,1,1,1,1,1,1,1,1,1,1,1,1,11,11,1,1,1,1,1,1,1,1,1,1,37
417,316,143,292,853,364,1942,148,10977,716,900,1942,42,19,320,59,5,231,42,19,3237,9,1922,8 1,1,1,1,1,1,1,6,6,1,1,1,1,1,1,1,1,1,1,1,1,1,1,1
1694,4,176,142,178,212,257,302,431,43,16119,259,195,803,253,776,346,151,3,317,645,460,553,1091,257,16120,1091,259,652,209,634,93,257,1193,193,259,833,958,995,812,127,4,16121,33,2816,254,4,274,231,22,25,32,236,141,22,25,32,1262,215,22,25,32,932,125,22,25,16122,962,125,22,25,32,1827,462,22,25,32,1919,707,335,22,25,69,16123,829,22,25,69,2795,4,245,1272,3,2028,13,2765,1676,2555,4,11,212,3,151,3,419,102,77,4,814,4,3154,3,1268,300 1,1,1,7,1,10,3,3,3,3,3,3,1,1,1,15,1,4,4,4,4,1,1,1,1,1,1,1,1,1,1,1,1,1,1,1,1,1,1,1,1,1,1,1,1,1,1,9,1,1,1,1,12,1,1,1,1,27,1,1,1,1,1,1,1,1,1,1,1,1,1,1,11,1,1,1,1,20,1,1,1,1,1,1,1,1,1,1,1,1,1,1,1,1,1,1,1,1,1,1,10,1,4,1,1,1,1,1,1,1,1,1,1,1
316,4,292,5712,364,1733,148,28341,716,125,2573,1942,42,320,59,1929 1,1,1,1,1,1,1,1,1,1,1,1,1,1,1,1
227,4,863 1,1,1
1124,797,3,8517,2529 1,1,1,1,1
1536,3,11,1296 1,1,1,1
576,539,632 1,1,1
48,4,1248,4357,876,4094,7,155,1412,29,574,28342,407 1,1,1,1,1,1,1,1,1,1,1,1,1
130,4,455 1,1,1
409,2744,3,4841,6025 1,1,1,1,1
216,222,19,53,3,70,91 1,1,1,1,1,1,1
53,975,133,36,329,10246,29,70,31,777 1,1,1,1,1,1,1,1,1,1
362,4,2651,3,280,3,952,3,11,1061 1,1,1,1,23,1,1,1,1,1
1714,4,565,28343,93 1,1,1,1,1
2682,666 1,1
196,4,11,243 1,1,1,1
352,4,11,2976,1030 1,1,1,1,1
149,4,512,2902,1478,219,1555,2078,1659,219,1184,1537,1660,1556,486,961,3358,5362,654,1461,2592,6626,654,2013,2906,83,2385,654,496,1131,1389,2386,219,486,1131,1160,3691,219,1981,1982,11883,83,3589,721,2509,1173,3696,721,2083,1716,3378,3590,1941,2334,3591,3592,1258,1259,7976,2394,2720,1454,1905,1956,1514,3248,42,295,2124,4,1905,1988,4179,1520,266,10,2721,422,1514 1,1,1,1,1,1,1,1,1,1,1,1,1,1,1,1,1,1,1,1,1,1,1,1,1,1,1,1,1,1,1,1,1,1,1,1,1,1,1,1,1,1,1,1,1,1,1,1,1,1,1,1,1,1,1,1,1,1,1,1,1,1,1,1,1,1,1,1,1,1,1,1,1,1,1,1,1,1,1
2438,2149,2673,1454,2423,2148,83,5694,721,1258,1259,171,3244,721,456,9,578,149,8,2152,1305,351,663,9,578,149,8,1853,1276,351,835,9,578,149,8,3010,83,1310,351,769,9,578,149,8,6653,5738,351,392,9,578,149,8,856,1311,219,347,9,578,149,8,2042,1601,219,345,9,578,149,8,4682,83,1359,219,349,5595,83,1312,524,333,10912,2437,42,560,6278,59,2531,1451,734,10892,2615,1785,536,7544,1589,1381,653,1273,59,1360,1227,786,5901,59,1479,1588,823,3627,59,1480,654,795,6371,83,1424,42,1737,79,5388,3162,1060,1737,2206,6298,2834,1060,1154,1066,370,1257,1125,1277,1542,1476,83,1739,42,577,1469,1786,42,847,58,59,1740,42,830,36,1832,42,864,36,1691,42,714,1209,28344,83,2240,524,714,577,16125,2241,524,714,847,7568,2577,524,714,830,7569,59,2242,524,714,864,5990,2278,524,1661,200,44,1577,1508,44,2360,200,2096,433,506,4,100,792,3,53,442,70 1,1,1,1,1,1,1,1,1,1,1,1,1,1,1,1,1,1,1,1,1,1,1,1,1,1,1,1,1,1,1,1,1,1,1,1,1,1,1,1,1,1,1,1,1,1,1,1,1,1,1,1,1,1,1,1,1,1,1,1,1,1,1,1,1,1,1,1,1,1,1,1,1,1,1,1,1,1,1,1,1,1,1,1,1,1,1,1,1,1,1,1,1,1,1,1,1,1,1,1,1,1,1,1,1,1,1,1,1,1,1,1,1,1,1,1,1,1,1,1,1,1,1,1,1,1,1,1,1,1,1,1,1,1,1,1,1,1,1,1,1,1,1,1,1,1,1,1,1,1,1,1,1,1,1,1,1,1,1,1,1,1,1,1,1,1,1,1,1,1,1,1,1,1,1,1,1,1,1,1,1,1,1,1,1,1,1,1,1,1,1,1,1,1,1,1,1
350,93 1,1
103,1186,4,28345,5507,1177,161,1078,4686,1177,766,759,9,44,8,9,492,344,134,3057 1,1,1,1,1,1,1,1,1,1,1,1,1,1,1,1,1,1,1,1
8,1027,735,3057,1076,649,794,1503,53,2629,3057,1743,2583,9,9026,8,1136 1,1,1,1,1,1,1,1,1,1,1,1,1,1,1,1,1
9027 1
4255,3057,3830,2148,9,9028,8,574,53,3207 1,1,1,1,1,1,1,1,1,1
3057,6628,215,9,9029,8,7977 1,1,1,1,1,1,1
4382 1
658 1
6126 1
2876,7204,2583,7978 1,1,1,1
83,4093 1,1
4094 1
6127,2876,6128,1214,9,6129,8,7979 1,1,1,1,1,1,1,1
83,83,70,3207 1,1,1,1
2876,247,1214,9,6129,8,811,15,15,15,4866 1,1,1,1,1,1,1,1,1,1,1
247 1
3057,7980 1,1
15,15,1549,7981,2876,559,2148,42,9,442,215,42,8,7982 1,1,1,1,1,1,1,1,1,1,1,1,1,1
83,181,9030,525,6130,3057,766,759,14364,4,10721,14365,14366,14367,1027,735,74,14,1926,7,6,789,1027,6131 1,1,1,1,1,1,1,1,1,1,1,1,1,1,1,1,1,1,1,1,1,1,1,1
74,14,11,202,7,1027,735,3687 1,1,1,1,1,1,1,1
74,14,131,1027,1504,43,1677,5,2805,1193 1,1,1,1,1,1,1,1,1,1
53,2629,6,53,2629,14,989 1,1,1,1,1,1,1
621,735,3,1518,3,4255,74,14,1390,7,6,649,7,311,621,3379 1,1,1,1,1,1,1,1,1,1,1,1,1,1,1,1
6,621,735,14,2220 1,1,1,1,1
74,14,11,202,7,621,765,43,1677,26,2805,1193 1,1,1,1,1,1,1,1,1,1,1,1
74,57,1108,713,1291,6,621,766,1287,7497 1,1,1,1,1,1,1,1,1,1
53,1529,6,53,692,3132,978,14,44 1,1,1,1,1,1,1,1,1
6,53,692,589,400,14,2219 1,1,1,1,1,1,1
74,14,675,53,692,1394 1,1,1,1,1,1
74,14,1076,53,692,1029,9,122,766,759,13239,8 1,1,1,1,1,1,1,1,1,1,1,1
40,858,6,525,3,811,5,1362,1961 1,1,1,1,1,1,1,1,1
74,14,15,8132,2481,630,6,1038,3132,75,14,15,44,5755 1,1,1,1,1,1,1,1,1,1,1,1,1,1
6,1505,891,1138,14,2148,42 1,1,1,1,1,1,1
2220,735,33,3343,3,3469,74,14,1677,5,2805,1193,202,7,565,2220,765 1,1,1,1,1,1,1,1,1,1,1,1,1,1,1,1,1
350,735,3,7357,3,7358 1,1,1,1,1,1
74,14,202,7,565,350,765,43,1677,5,2805,1193 1,1,1,1,1,1,1,1,1,1,1,1
70,1529,6,70,1529,14,31,989 1,1,1,1,1,1,1,1
6,70,692,589,400,14,630,44,406 1,1,1,1,1,1,1,1,1
2465,76,5,6629,240,74,14,15,381,6332,2465,792 1,1,1,1,1,1,1,1,1,1,1,1
74,14,118,15377,94,97,202,7,2376,6383 1,1,1,1,1,1,1,1,1,1
74,14,717,9772,11458,19,6,7205,6130 1,1,1,1,1,1,1,1,1
74,14,202,7,15,997,792 1,1,1,1,1,1,1
4095,1129,10,6,146,7,28346,3,6,53,692,589,400,14,2219,13,301,766,759,448 1,1,1,1,1,1,1,1,1,1,1,1,1,1,1,1,1,1,1,1
98,15,301,2465,792,14,678 1,1,1,1,1,1,1
177,4,924,3,388,1815 1,1,1,1,1,1
563,185,13823 1,1,1
7833,192,5,104,4,1279,379,719,13,881,3,212,3,110,619,3,458,3,13,199,788,307,3,166,458,1302 1,1,1,1,1,1,1,1,1,1,1,10,1,3,3,3,1,1,1,1,1,1,1,1,1,1
644,4,79,21,717,212,13,28347,17,371,3,372,166,921,17,307,52,458 1,1,1,1,1,10,1,1,1,1,1,1,1,1,1,1,1,1
1342,2148,42 1,1,1
86,1860,1796,3,8147 1,9,9,9,20
105,140,3,14,5,2951,3,3339,13,839,7,28348,2186,32 1,1,1,1,1,1,1,1,1,1,1,1,1,1
4279,17,209,4771,1086,371 1,1,1,1,1,1
325 10
256,619,3,881 3,3,3,1
791,252,3,1163 1,11,1,12
1471,898 1,1
1917,177 1,1
11829,10,1946,325,3,192,619,466,3,341,17,371 1,1,1,10,1,1,3,1,1,1,1,1
239,4,338 1,1,1
469,79,19,450,138,403 1,1,1,1,1,1
151,4,1315,1024,165 4,4,48,48,48
142,4,1860,4626 7,7,1,1
958,4,157,3373,829,22,69 1,1,1,1,1,1,1
812,4,962 1,1,1
1927,4,103,353,29,96,1348,138,308,2192 1,1,1,1,1,1,1,1,1,1
