69,49,4,23384,10659,1120,312,2243,11965,23385,3593,4189,2,1955,23386,2,26,23387,23388,23389,2,23390,10663,30,7,156,360,4,287,4189,14,15,5063,762,104,14,3256,12,10,10659,308,10,6415,203,5,10,1022,363,89,709 1,1,1,1,1,1,1,1,1,1,1,1,1,1,1,1,1,1,1,1,1,1,1,1,1,1,1,1,1,1,1,1,1,1,1,1,1,1,1,1,1,1,1,1,1,1,1,1,1,1
161,34 1,1
16,21,6795,1782,34,2,2271,12,24,187,5,24,386,2,5,38,21,61,2701,17,51,159,1643,95 1,1,1,1,1,1,1,1,1,1,1,1,1,1,1,1,1,1,1,1,1,1,1,1
21,61,7093,13,1292,962,27,173,2347,119,107,48,373,288,2,32,344,32,259,119,107,5,12,1708,2,259,119,107,14,6,4308 1,1,1,1,1,1,1,1,1,1,1,1,1,1,1,1,1,1,1,1,1,1,1,1,1,1,1,1,1,1,1
16,20,201,12,6,34,308,5,20,321,19,960 1,1,1,1,1,1,1,1,1,1,1,1
84,14,884,1550,2492,16,21,61,13,37,322 1,1,1,1,1,1,1,1,1,1,1
58,6705,21,61,23391,24,1292,5033 1,1,1,1,1,1,1,1
16,21,39,15,4793,609,346,12,6,78,490,7,15,30,7,1603,332,2,71,227,11,160,7,332,26,11,150,1187,17,24,34 1,1,1,1,1,1,1,1,1,1,1,1,1,1,1,1,1,1,1,1,1,1,1,1,1,1,1,1,1,1,1
165,1603,332,139,304,1466,42,58,7363 1,1,1,1,1,1,1,1,1
16,21,61,448,3866,65,37,6252,2,14,453,100,13,58,6046 1,1,1,1,1,1,1,1,1,1,1,1,1,1,1
6,97,205,609,20,12,1215,2426,37,227,106,305,1064,5,15,132,3087,37,865,961 1,1,1,1,1,1,1,1,1,1,1,1,1,1,1,1,1,1,1,1
16,21,31,1911,39,15,540,205,609,37,20,724,17,922,2,5,16,222,31,1418,10,6,1207,490,16,2828,10,273,84,27,6,332,538,819,16,404,268,23392 1,1,1,1,1,1,1,1,1,1,1,1,1,1,1,1,1,1,1,1,1,1,1,1,1,1,1,1,1,1,1,1,1,1,1,1,1,1
186,164,143,76 1,9,9,9
16,14,139,304,63,371,12,7935,16,21,39,363,8810,48,11,7155,42,24,444 1,1,3,3,3,3,1,1,1,1,1,1,1,1,1,1,1,1,1
16,14,453,42,58,23393,27,6,23394,424,203,538 1,1,1,1,1,1,1,1,1,1,1,1
249,139,304,3047,703,7,6,52,663 1,1,3,3,3,1,1,1,1
16,687,16,21,61,460,734,34,191,6,97,363,159,19,37,663,2,71,14,3707,16,826,6,1292 1,1,1,1,1,1,1,1,1,1,1,1,1,1,1,1,1,1,1,1,1,1,1,1
78,89,30,4,182,17,164,143,76,5,81,341,13,884,338 1,1,1,1,1,1,9,9,9,1,4,4,1,1,1
24,97,654,374,20,3118,5,37,20,12,7877 1,15,15,15,15,15,1,1,1,1,1
139,304,1601,2,139,304,2679,2,1603,332,139,304,1466,2,5,30,7,4125,3857 1,1,1,1,1,1,1,1,1,1,1,1,1,1,1,1,1,1,1
77,4,2330,368,22,327 1,1,26,1,1,1
1004,2,310,823,22,327 1,1,20,1,1,1
1190 1
2798,4112,22,327 23,1,1,1
641,2,210,105,22,327 1,1,12,1,1,1
641,2,933,105,22,327 1,1,1,1,1,1
1190 1
1292,5996,1036,511,119,107,2,3639,23395,153,95,327 1,1,1,1,1,1,1,25,1,1,1,1
641,2,1943,284,22,327 1,1,9,1,1,1
641,2,5,501,1951,22,327 1,1,1,7,1,1,1
998 1
179,30,4,295,13,24,503 1,1,1,1,1,1,1
16,14,994 1,1,1
16,1109,10,1374,2,706,12,7935,1591,17,105,159,51,7886,119,107 8,8,8,8,8,8,8,8,8,8,8,8,8,8,8,8
11,554,2,11,840 1,1,1,1,1
128,30,4,477,587,7,332,2,884,1127,311 1,1,1,1,1,1,1,1,1,1,1
603,587,7,63,371,5,39,81,341 1,1,1,1,3,1,1,4,4
163,7,213,4,5044,163,7,213,20,346,5,821,37,37,16,21,188,263,34,37,14,869,2,847,44,34,2,5,44,396,37,21,61,1121,42,24,1724 1,1,1,1,1,1,1,1,1,1,1,1,1,1,1,1,1,1,1,1,1,1,1,1,1,1,1,1,1,1,1,1,1,1,1,1,1
11,596,26,469 1,1,1,1
11,2409,26,34,13,2438 1,1,1,1,1,1
6,468,7,6,163,7,213,20,66 1,1,1,1,1,1,1,1,1
93,122,4,80,2,24,67,94,14,23396,5,24,296,14,4689,24,2289,14,259,744,5,24,121,14,4998,643 1,1,1,1,1,1,1,1,1,1,1,1,1,1,1,1,1,1,1,1,1,1,1,1,1,1
12,224,2,16,14,12,11,180,326 1,1,1,1,1,1,1,1,1
16,14,57,1019 1,1,1,1
2286,53,822 1,1,1
3026,11829 1,1
1237,1025,2,1967,2,5,5688,10,688 1,1,1,1,1,1,1,1,1
24,2285,53,1445,175 1,1,1,1,1
1290,14,86,733,26,2597 1,1,1,1,1,1
802,2907,14,1130 1,1,1,1
112,21,11,182,780 1,1,1,1,1
487,14,919 1,1,1
24,620,14,667,43,193 1,1,1,1,1,1
226,53,90,10,452,193 1,1,1,1,1,1
199,14133,2,199,662,1129,2,11,2521,976,245 1,1,1,1,1,1,1,1,1,1,1
91,73,14,135,145,5,212,2,43,246,2,253 1,1,1,1,1,1,1,1,1,1,1,1
16,21,15,653,417,2,71,21,61,1547,937 1,1,1,1,1,1,1,1,1,1,1
24,263,73,14,133,2,375,2,1774 1,1,1,1,1,1,1,1,1
16,21,15,817,1824,832 1,1,1,1,1,1
16,21,363,545,2928 1,1,1,1,1
24,217,2,16,21,11,79,2,24,967,243,53,395,193 1,1,1,1,1,1,1,1,1,1,1,1,1,1
24,1355,53,617,12,6,1389,2,853,53,2713 1,1,1,1,1,1,1,1,1,1,1
24,181,73,2,16,21,306,7323,2,106,37,53,2282,3175 1,1,1,1,1,1,1,1,1,1,1,1,1,1
11,3327,2315,505 1,1,1,1
320,5,114,4,15,5063,762,13,306,89,709 1,1,1,1,1,1,1,1,1,1,1
161,81,2,887,654,374,80 1,4,1,1,1,1,1
16,14,781,10,2956,286,151,6,97,95,84,20,16,39,63,568,73 1,1,1,1,1,1,1,1,1,1,1,1,1,1,1,1,1
165,34 1,1
16,21,39,38,34,740,17,791,106,95 1,1,1,1,1,1,1,1,1,1
16,14,19,8811,4835,5,47,880,38,14,1239 1,1,1,1,1,1,1,1,1,1,1
47,221,781,10,247,170,19,15,4601,2135,244,1252,327 1,1,1,1,1,1,1,1,1,1,1,1,1
998 1
5,1248,24,1292,10,183,119,107 1,1,1,1,1,1,1,1
2472,2,92,40,55,382,10,4860,170,664,24,1292,10664 1,1,1,1,1,1,1,1,1,1,1,1,1
186,1603,332 1,1,1
207,100,13,58,6046,5,58,7363 1,1,1,1,1,1,1,1
249,305,1016 1,1,1
47,6377,6,301,17,170,10,540,24,205,609 1,1,1,1,1,1,1,1,1,1,1
47,718,63,3130,10,58,6046 1,1,1,1,1,1,1
16,2828,10,316,273,1406,27,6,332,538,5,37,14,819,97,2761,129,346 1,1,1,1,1,1,1,1,1,1,1,1,1,1,1,1,1,1
47,2517,1550,4056,84,20 1,1,1,1,1,1
249,4125,3857 1,1,1
92,53,781,10,2891,38 1,1,1,1,1,1
16,39,15,1243,42,58,13886,12,6,78 1,1,1,1,1,1,1,1,1,1
16,267,11,588 1,1,1,1
351,164,143,76 1,9,9,9
47,963,170,10,433,58,9508,74,1276,17,260,2,1540,24,97,1992 1,1,1,1,1,1,1,1,1,1,1,1,1,1,1,1
92,53,781,10,155,24,367,80 1,1,1,1,1,1,1,1
16,40,207,100,13,260,12,647,35,376,74,95,10,5694,24,34 1,1,1,1,1,1,1,1,1,1,1,1,1,1,1,1
459,24,147,80,482,15,399,212,27,6,145,7,284,2,43,1950,2,43,1000,2,5,657,6988,1607,12,6,8316,1511,5,32,1683,256,2,380,2962,1484,5,380,786,1484 1,1,1,1,1,1,1,1,1,1,1,1,1,1,1,1,1,1,1,1,1,1,1,1,1,1,1,1,1,1,1,1,1,1,1,1,1,1,1,1
47,273,31,50,15,450,17,23397 1,1,1,1,1,1,1,1
83 1
526,6407,9159,2,195,597,42,4,6407,9159,813,23398,4597,2746,800,4,10663,827,4,23399,818,4,10663 1,1,1,1,1,1,1,1,1,1,1,1,1,1,1,1,1,1,1,1,1,1,1
