67,54,4,16188,1655,1413,3,2614,7201,8326,3,107 1,1,1,1,1,1,1,1,1,1,1,1
499,7,2068,164,12123,258,124,2583,9212,13936,8991,7653,3,26,28588,684,4,2140,4545,509,47,28589,882,64,8326,4,50,38,6,1174,7,122,844,28,2140,4545,12,278,17,23,181,120,76,3,397,23,164,17,1447,373 1,1,1,1,1,1,1,1,1,1,1,1,1,1,1,1,1,1,1,1,1,1,1,1,1,1,1,1,1,1,1,1,1,1,1,1,1,1,1,1,10,10,10,1,1,1,1,1,1,1
35,360,731,3,40,14,15,4030,358,13,15,916,80,39,30,75,158,71,3,181,120,76,3,330,354,76,3,106,3,238,30,3,776,3,971,5,5094,801,1447,1530 1,1,1,1,1,1,1,1,1,1,1,1,1,1,1,1,1,4,1,10,10,10,1,1,1,1,1,7,1,46,46,1,15,1,1,1,1,1,1,1
16,21,68,96,43,23,1448,3,15212,6696,3,17,6,99,7124,87 1,1,1,1,1,1,1,1,1,1,1,1,1,1,1,1
1864,16,21,909,103,341,709,5,374,181,120,76,75,14,607,19,103,593,582,19,28590 1,1,1,1,1,1,1,1,1,10,10,10,1,1,1,1,1,1,1,1,1
6,593,722,70,2199,182,13,231,42,614,243,3,15,1549,180,42,2250,36,243,5,15,180,42,1809,36,243 1,1,1,1,1,1,1,1,1,1,1,1,1,1,1,1,1,1,1,1,1,1,1,1,1,1
74,20,2511,1298,55,66,6,309,10,6,70,2764,5,66,6,2239,58,1528,10,6,614,3,5,66,6,2075,120,10,6,614 1,1,1,1,1,1,1,1,1,1,1,1,1,1,1,1,1,1,1,1,1,1,1,1,1,1,1,1,1,1
6,540,20,582,868,6,70,1459,120,97,698 1,1,1,1,1,1,1,1,1,1,1
28,98,21,330,354,76,5,14,161,315,15,53,562,789,1591,2210,813,556,466,12,9651,16,14,98,161,315,15918,5,989,7,260,12,6,562,10,789,1591,466 1,1,1,1,1,1,1,1,1,1,1,1,1,1,1,1,1,1,1,1,1,1,1,1,1,1,1,1,1,1,1,1,1,1,1,1,1,1
16,98,38,15,53,248,971,12,4791,23,308,444,14,406,43,23,725 1,1,1,1,1,1,1,1,1,1,1,1,1,1,1,1,1
16,21,15,30,7,106,5,776,5,71,19,516 1,1,1,1,1,7,1,15,1,4,1,1
27,472,16,21,437,19,380,139,321,1814,15,2331 1,1,1,1,1,1,1,1,1,1,1,1
16,299,48,94,175,10,267,85,15,129 1,1,1,1,1,1,1,1,1,1
313,3,23,308,14,114,406 1,1,1,1,1,1,1
16,146,37,16,21,38,15,269,429,154 1,1,1,1,1,1,1,1,1,1
268,1240,14,31,1382 1,1,1,1,1
28,1535,16,21,181,76,3,313,109,31,46,3845,76,17,1156 1,1,1,1,1,1,1,1,1,1,1,1,1,1,1
19,593,16,38,2294,891,1138,7,1364,42 1,1,1,1,1,1,1,1,1,1
16,14,10,1410,1447,373,164,12,6,441,175,10,267,129,139,370,1760,5,584,340,2838 1,1,1,1,1,1,1,1,1,1,1,1,1,1,1,1,1,1,1,1,1
28,258,16,41,52,370,15,6563,2140,4545,1167,58,1306,117,3,2614,1489,5,15,28591,1862,849,397,23,2999,5,584,340 1,1,1,1,1,1,1,1,1,1,1,1,1,1,1,1,1,1,1,1,1,1,1,1,1,1,1,1
19,102,77,3,6,28,14,280,3,3385,16189,624 1,1,1,1,1,1,1,71,1,1,1,1
23,63,94,14,28592,3,130,156,14,2277,1815 1,1,1,1,1,1,1,1,1,1,1
227,4,1239,703 1,1,1,1
136,4,216,204,100,97,3195,222 1,1,1,1,1,1,1,1
155,4,1736,184,327 1,1,1,1,1
720,4,97,1375,1161,715,1453 1,1,1,1,1,1,1
130,327,1736 1,1,1
44,304,5,310 1,1,1,1
11,857,213 1,1,1
214,4,775,10,1046,3673,240,26,621,1391 1,1,1,1,1,1,1,1,1,1
326,327,61 1,1,1
114,4,161,315,164,10,6,53,2435,13,36,10,217,93,10,6,384 1,1,1,1,1,1,1,1,1,1,1,1,1,1,1,1,1
443,133,57,1688 1,1,1,1
352,4,204 1,1,1
177,4,338,2770,13,671,851,1136,893 1,1,1,1,1,1,1,1,1
2963,13,440,9831 1,1,1,1
1452,9264,804,448,61 1,1,1,1,1
11,356,177,17,2371 1,1,1,1,1
339,4,4030,71,3,106,358,13,374,181,120,76,5,330,354,76,121,21,2294,53,692,400 1,1,1,1,1,7,1,1,1,10,10,10,1,1,1,1,1,1,1,1,1,1
16,91,21,325,19,15,269,429,154 1,1,1,22,22,22,22,22,22
50,237,420,3330,1132,10,144,937,3900 1,1,1,1,1,1,1,1,1
16,14,91,27,6077,341,17,15,3135,103,927 1,1,1,1,1,1,1,1,1,1,1
313,3,138,23,12124,1447,1530,3,28,1081,10,1717,13,164,744,1535,284,698 1,1,1,1,1,1,1,1,1,1,1,1,1,1,1,1,1,1
104,4,176,3330,1132,10,144,937,3900 1,1,1,1,1,1,1,1,1
178,420,2786,2213,405,6,164,13,1097,1236,179,7,63,94,5,130,156,3,4753,6,1240,1964,19,3330,7431 1,1,1,1,1,1,1,1,1,1,1,1,1,1,1,1,1,1,1,1,1,1,1,1,1
941,360,17,1301,271,10,1784,12,6,198,7,844,28,3,2140,4545 1,1,1,1,1,1,1,1,1,1,1,1,1,1,1,1
395,191,31,1837,10,732,271,134,360,46,88,664 1,1,1,1,1,1,1,1,1,1,1,1
1015,844,3,6199,4728,9478,3,1689,3,28593 1,1,1,1,1,1,1,1,1,1
28594,250,31,81,43,262,331,250 1,1,1,1,1,1,1,1
