67,54,4,28630,16190,3,28631,3,2821,12128,50,749,40,28,13,385,64,15015,8330 1,1,1,1,1,1,1,1,1,1,1,1,1,1,1,1,1,1,1
395,122,23,55,17,268,402 1,1,1,1,1,1,1
50,660,37,50,46,1187,5,101,6,28,3,81,6,385,82,607,19,6,28,82,940,3,5,235,6,172,3,104,7,198,3,5,566,13,6,28 1,1,1,1,1,1,1,1,1,1,1,1,1,1,1,1,1,1,1,1,1,1,1,1,1,1,1,1,1,1,1,1,1,1,1,1
30,7,61,328,4,6,28,14,15,5868,358,13,15,30,7,106,3,71,3,181,120,76,3,356,431,3,5,1447,373,13,1818,10,155,3,161,315,6721,3,5,15,95,8417,5,48,1862 1,1,1,1,1,1,1,1,1,1,1,1,1,1,1,7,1,4,1,10,10,10,1,3,3,3,1,1,1,1,1,1,1,1,1,1,1,1,1,1,1,1,1,1,1
16,20,261,58,65,183,3,132,61,13,118,263 1,1,1,1,1,1,1,1,1,1,1,1
16,38,68,221,12,62,1987,124,2082,89,5,801,13,15,70,194,1443,854 1,1,1,1,1,1,1,1,1,1,1,1,1,1,1,1,1,1
16,20,98,138,36,2189,7,3110 1,1,1,1,1,1,1,1
23,234,169,10,61,38,68,48,34,35,60,35,226,7,184,3,291,453,3,5,418 1,1,1,1,1,1,1,1,1,1,1,1,1,1,1,1,1,1,1,1,1
19,81,23,940,3,16,38,38,23,1812,5,613,1285,19,23,99,168 1,1,1,1,1,1,1,1,1,59,1,55,1,1,1,1,1
174,182,143,81,5,514,10,52,72,158,249,3,459,3,1753,3,26,535,1475 1,1,1,1,1,1,1,1,1,1,1,1,1,1,1,1,1,1,1
39,4,81 1,1,1
395,122,6,940 1,1,1,1
16,14,137,19,203,5,1343,89 1,1,1,1,11,1,1,1
127,4,247,3078,5,930 1,1,1,1,1,1
102,101,4,16,14,980,3,410,3,51,8109,197,3,5,4383 1,1,1,1,1,1,1,1,1,1,1,1,1,1,1
807,853,3,133,7,3703,3,1481,125,3,63,94,28632,3,5,1133,1045,57,1137,42,3,313,3,40,14,19,108,2186 1,1,1,1,1,1,1,1,1,1,1,1,1,1,1,1,1,1,1,1,1,1,1,1,1,1,1,1
227,77,4,4943,1313,57,683 1,1,1,1,1,1,1
136,14,332,97,908 1,1,1,1,1
155,4,876,27,6,70,155 1,1,1,1,1,1,1
53,155,14,91 1,1,1,1
1910,4,2254,51,145 1,1,1,1,1
214,4,74,14,128,131,717,246,12,6,473,2168,3,11,1482,26,1641,3,5,11,9836,82 1,1,1,1,1,1,1,1,1,1,1,1,1,1,1,1,1,1,1,1,1,1
16,21,3640,326,327 1,1,1,1,1
196,14,617,5,683 1,1,1,1,1
188,14,396,27,690,802 1,1,1,1,1,1
16,21,1344,100,194,114,93,3,51,11,246,12,6,1423,5,3762 1,1,1,1,1,1,1,1,1,1,1,1,1,1,1,1
273,3,16,14,954,3843,3,51,642,97,741,670,26,1009,1030 1,1,1,1,1,1,1,1,1,1,1,1,1,1,1
457,532,4,696,785,14,185,27,28633,3,388,42,1542,3,58,3261 1,1,1,1,1,1,1,1,1,1,1,1,1,1,1,1
1290,57,44,416,1851,312,2624,13,347,7,1857,3,75,14,15,1103,270,23,472,7,1715,186,16,20,261 1,1,1,1,1,1,1,1,1,1,1,1,1,1,1,1,1,1,1,1,1,1,1,1,1
1228,57,233,44,158,1941,5,486,1131,29,313,3,23,1981,1982,14,131,185 1,1,1,1,1,1,1,1,1,1,1,1,1,1,1,1,1,1
671,481,7,103,898,14,72 1,1,1,1,1,1,1
177,111,15,338,1267,13,6294,5,1452,811,2894,804,84 1,1,1,1,1,1,1,1,1,1,1,1,1
48,738,111,100,3726,635,3,75,46,68,74,12,6,80 1,1,1,1,1,1,1,1,1,1,1,1,1,1
74,14,15,7192,1991,12,6,70,794,7453,3,75,109,31,981,301,3,313,3,40,550,1282,1887,1992,854 1,1,1,1,1,1,1,1,1,1,1,1,1,1,1,1,1,1,1,1,1,1,1,1,1
313,3,11,173,84,169,10,23,261 1,1,1,1,1,1,1,1,1
318,499,438,4,138,23,437,5,23,185,696,785,3,40,1401,20,235,13,2694 1,1,1,1,1,1,1,1,1,1,1,1,1,1,1,1,1,1,1
16,20,162,17,437,3,826,319,854 1,1,1,1,1,1,1,1,1
16,14,12,211,534 1,1,1,1,1
497,7389,3,2821,12128,229,487,4,16197,292,4,16197,533,43,4,7389,3,2821,12128,746,28634,1608,250,31,81,43,262,331,250 1,1,1,1,1,1,1,1,1,1,1,1,1,1,1,1,1,1,1,1,1,1,1,1,1,1,1,1,1
