67,54,4,28645,5072,939,318,1141,112,5230,3,4329,9954,112,54,4,28646,61,234,4,6,28,14,15,1652,87,302,522,13,30,7,181,120,76,121,61,10,5072,939,258,124,318,702,499,13,730,234,7,837,12,24,53,473,114,5,53,194,114,139,2824,89 1,1,1,1,1,1,1,1,1,1,1,1,1,1,1,1,1,1,1,1,1,1,1,1,1,1,1,1,1,10,10,10,10,10,1,1,1,1,1,1,1,1,1,1,1,1,1,1,1,1,1,1,1,1,1,1,1,1,1,1,1
18,90,2224,942,3,226,7,184,3,26,555 1,1,1,1,1,1,1,1,1,1,1
30,7,61,234,4,81,7,182,4,80,39,30,4,269,17,181,120,556,466 1,1,1,1,1,1,1,1,1,1,1,1,1,3,3,3,3,3,3
39,4,613,3,203,3,2454 1,1,9,1,11,1,20
127,4,200 1,1,1
206,30,5,150,30,4,102,101,4,807,967,3,133,1217,3,386,156,581,3,63,94,28647 1,1,1,1,1,1,1,1,1,1,1,1,1,1,1,1,1,1,1,6,6,6
227,4,1172,3,1121 1,1,1,1,1
1055,877,3,1554,3,5,1115,10,691,5,4232 1,1,1,1,1,1,1,1,1,1,1
269,17,1136,3226 1,1,1,1
1955,656,204 1,1,1
136,4,332 1,1,1
11,1161,715,3911 1,1,1,1
48,91,10,463,5,1051 1,1,1,1,1,1
11,1065,3,407,3,26,1116 1,1,1,1,1,1,1
130,4,44,304,5,310 1,1,1,1,1,1
11,1162,26,1094,26,213 1,1,1,1,1,1
214,4,152,3,396,3,1763 1,1,1,1,1,1,1
11,240,3,1482,3,26,1061 1,1,1,1,1,1,1
114,4,928,630,44,406 1,1,1,1,1,1
273,4,18,20,980,5,410,5,642,85,544 1,1,1,1,1,1,1,1,1,1,1
44,2238 1,1
72,2993 1,1
762,628,3422 1,1,1
457,172,4,6,28,38,15,413,241,570,12,6,318,702,499,75,20,55,10,52,72 1,1,1,1,1,1,1,1,1,1,1,1,1,1,1,1,1,1,1,1,1
340,1598,12,230,4,540,4,278,9,158,451,8,4,603,505,4,826,319,1699,1875 1,1,1,1,1,1,1,1,1,1,1,1,1,1,1,1,1,1,1,1
566,9,158,534,748,261,8,4,162,6,28,10,297,594,17,268,1168,5,172 1,1,1,1,1,1,1,1,1,1,1,1,1,1,1,1,1,1,1
1218,28648,4116,16198,4290,3,107 1,1,1,1,1,1,1
16199,28649,28650,533,43,4,4116,16198,4290,3,107 1,1,1,1,1,1,1,1,1,1,1
16199,250,31,81,43,262,331,250 1,1,1,1,1,1,1,1
