67,54,4,28662,528,12133,1569,599,404,17,112,4,2095,694,30,4,40,14,15,1973,87,302,522,9957,121,285,17,9958,6859,12,28663,3,3921,121,21,68,640,7,70,489,34,17,128,85,5,20,162,10,6,9959,1023,17,1122,65,5474,164,10,343,4301,568,7,6,70,489 1,1,1,1,1,1,1,1,1,1,1,1,1,1,1,1,1,1,1,1,1,1,1,1,1,1,1,1,1,1,1,1,1,1,1,1,1,1,1,1,1,1,1,1,1,1,1,1,1,1,1,1,1,1,1,1,1,1,1,1,1,1,1,1
6,164,1031,60,97,698,3,51,6,28,2957,27,163,89,13,6220,48,34,5,990 1,1,1,1,1,1,1,1,1,1,1,1,1,1,1,1,1,1,1,1
18,454,6765,5,20,514,13,811,563,185,5,4392,529,37,86,10,627,10,5611,48,34,12,6,4222,1002,6770,1147 1,1,1,1,1,1,1,1,1,1,1,1,1,1,1,1,1,1,1,1,1,1,1,1,1,1,1
6,904,1196,10,5108,28664,84,3,51,6,1501,1036,143,72,17,490 1,1,1,1,1,1,1,1,1,1,1,1,1,1,1,1
6,28,20,688,318,496,10,6,9959,593,149 1,1,1,1,1,1,1,1,1,1,1
80,39,30,4,4301,568,7,6,70,489,1926,2481,7,187,28665,812,80,591,30,4,540,4,70,489,5474,28666,3,1722,3,5,1300,7,1926,240,19,28667,27,9959 1,1,1,1,1,1,1,1,1,1,1,1,1,1,1,1,1,1,1,1,1,1,1,1,1,1,1,1,1,1,1,1,1,1,1,1,1,1
1355,2396,3352,127,4,4462,163,39,4,962,141,22,69,3340,1662,1140,2634,688,39,4,252,462,22,123,36,1720,4164,2513,754,2513,676,2513,150,30,4,269,17,895,399,19,573,82,518 1,1,1,1,1,1,1,1,1,1,1,1,1,1,1,1,1,1,1,1,52,1,1,1,1,1,1,1,25,1,1,1,1,1,1,1,1,1,1,1,1,1,1
206,30,4,245,12,28668,13,24,727 1,1,1,1,1,1,1,1,1
9957,27,9958,6859 1,1,1,1
238,223,7209,7,15,1308,15,65,5,21,359,470,17,225,8179,87 18,18,18,18,18,18,18,18,18,18,18,18,18,18,18,18
90,541,1229 1,1,1
81,7,182,4,207,4,11,28669,314,227,4,11,889,28670,28671,28672,26,3958,147,1553,4,11,28673,28674,29,329,529,5,990,1213,4,11,28675,362,4,11,28676,7261,4,11,377,28677,28678,2292,28679,4,11,28680,28681,813,28682,4,11,28683,1368,26,432,798,4,11,118,28684,7,336,2572,4,11,8239,28685,352,4,11,314,7,28686,762,628,1326,4,11,7516,102,101,4,2793,4,5901,44,3,266,341,1612,4,2102 1,1,1,1,1,1,1,1,1,1,1,1,1,1,1,1,1,1,1,1,1,1,1,1,1,1,1,1,1,1,1,1,1,1,1,1,1,1,1,1,1,1,1,1,1,1,1,1,1,1,1,1,1,1,1,1,1,1,1,1,1,1,1,1,1,1,1,1,1,1,1,1,1,1,1,1,1,1,1,1,1,1,1,1,1,1,1,1,1,1,1,1,1,1
156,4,3137,4,1106,12 1,1,1,1,1,1
2182,4,1772,3928 1,1,1,1
1665,197,4,11,199,342 1,1,1,1,1,1
1877,4,569,1674,4,576,11,1161,715,1453,1613,4,91,10,463,100,43,574,77 1,1,1,1,1,1,1,1,1,1,1,1,1,1,1,1,1,1,1
1502,4,53,692,2399,1744,5,2321 1,1,1,1,1,1,1,1
145,156,5,239,3,44,304,5,310,3,13,11,1162,26,1094 1,1,1,1,1,1,1,1,1,1,1,1,1,1,1
74,143,11,213,3,2443,26,502 1,1,1,1,1,1,1,1
1614,4,44,326,327,3,152,5,396,3,13,11,1128,26,240,857 1,1,1,1,1,1,1,1,1,1,1,1,1,1,1,1
1595,4,11,750,3,743,26,93 1,1,1,1,1,1,1,1
217,975,133 1,1,1
2540,4,15,78,1071,29,1117,1200,1546,4,1664,95,149,4,28687,258,124,1147,4,592,1888,3,392,1352,3,819,1774,3,870,7483,349,3632,3,333,14946,3,560,6615,3,536,8050,79,3344,3,1067,11189,192,5,104,4,40,14,15,1973,379,4469,13,11,103,30,5,344,6,341,709,7,1711,238,61,10,6,9959,445,149,318,89,13,62,2095,477,2594,27,163,66,5474,164,19,6,70,489,1023 1,1,1,1,1,1,1,1,1,1,1,1,1,1,1,1,1,1,1,1,1,1,1,1,1,1,1,1,1,1,1,1,1,1,1,1,1,1,1,1,1,1,1,1,1,1,1,1,1,1,1,1,1,1,1,1,1,1,1,1,1,1,1,1,1,1,1,1,1,1,1,1,1,1,1,1,1,1,1,1,1,1,1,1,1,1,1,1,1,1,1
104,4,33,1198,17,2259,103,593,33,162,10,6,594,7,64,16205,33,28688,33,28689,149,4,1697,3,836,3,2621,3,1228,3,103,898,10,52,2543,12,445,149 1,1,1,1,1,1,1,1,1,1,1,1,1,1,1,1,1,1,1,1,1,1,1,1,1,1,1,1,1,1,1,1,1,1,1,1,1,1
33,86,137,688,39,17,1392 1,1,1,1,1,1,1
33,10263,123,36,167,958,33,238,2389,278,33,268,104,135,64,16205,9960,12134,3,6345,3,1010,3,4688,710,4,28690,2174,4,13162,9960,3268,12134,3,1444,205,867,43,9960,3268,12134,3,1444,607,161,4,603 1,1,1,1,1,1,1,1,1,1,1,1,1,1,1,1,1,1,1,1,1,1,1,1,1,1,1,1,1,1,1,1,1,1,1,1,1,1,1,1,1,1,1,1,1,1,1
