69,49,4,23584,195,23585,750,23586,23587,65,58,3756,27,2703,203,308,3823,10681,2,6710,995,5126,3419 18,1,1,1,1,1,1,1,1,1,1,1,1,1,1,1,1,1,1,1,1,1,1
29,265,68,23588,13,421,1684,13,106,627,670,1684,5,627,796 1,1,1,1,1,1,1,1,1,1,1,1,1,1,1
192,962,504,48,237,1737,834,23589 1,1,1,1,1,1,1,1
29,1339,204,41,10555,3056,10,2712,43,1304,13,3472,3722,9,299,1018,753,8 1,1,1,1,1,1,1,1,1,1,1,1,1,1,1,1,1,1
1737,1508,305,79,48,11,389,2564,10,219,235 1,1,1,1,1,1,1,1,1,1,1
29,39,4978,14186,139 1,1,1,1,1
1856,42,128,10,58,3756,10,1480,29,10,23590 1,1,1,1,1,1,1,1,1,1,1
47,5236,10,195,2,1436,2,5,6049,5,3704,10,8011,29,151,18,20,2995,3689 1,1,1,1,1,1,1,1,1,1,1,1,1,1,1,1,1,1,1
47,1447,18,20,1431,4289,10,6468,1480,27,6,95,86,4988,23591 1,1,1,1,1,1,1,1,1,1,1,1,1,1,1
47,1008,2423,168,27,12001,5,4728,37,29,39,651,1304,7,546,41,2,23592,5,4016,195,39,23593,29,74,4978,14186,1731,1170,106,128,3108,7132,10,5284,84 1,1,1,1,1,1,1,1,1,1,1,1,1,1,1,1,1,1,1,1,1,1,1,1,1,1,1,1,1,1,1,1,1,1,1,1
29,1431,4289,10,1480,6468,28,40,1026,260,428,108,29,3689 1,1,1,1,1,1,1,1,1,1,1,1,1,1
5500,2833,23594,2,195,12013,659 1,1,1,1,1,1,1
