69,49,4,23649,378,325,1124,8829,89,538,825,167,164,143,76,91,1526,434,8830,1091,3924,28,429,227,546,41,525,52,1468,2,365,41,717,269,2,365,41,523,2032,2,284,41,52,1869,2,130,41,523,3069,2,602,43 1,1,1,1,1,1,1,1,1,1,1,1,9,9,9,3,3,1,1,1,1,1,2,2,2,2,2,2,2,2,2,2,2,2,2,2,2,2,2,2,2,2,2,2,2,2,2,2,2,1,1,1
543,7334,703,9,10298,10,6,269,2,2032,2,3132,8 1,3,3,1,1,1,1,1,1,1,1,1,1
97,23650,1091,2682,227,63,5596,149,1424,2892,2087 1,1,1,1,1,1,1,1,1,1,1
836,1433 1,1
562,73,185 1,1,1
7822,999 1,1
16,589,10,125,58,8831,13271 1,1,1,1,1,1,1
81,341,310,823,22,59 4,4,20,1,1,1
1704,3451,607,7601,22,33,12,1426,2,17,654,374,14193,961,654,374,97,376,419,2,14194,963,170,10,10177,268,19,333 1,1,22,1,1,1,1,1,1,1,1,1,1,1,1,1,1,1,1,1,1,1,1,1,1,1,1,1
687,16,14,4596,13,3638 1,1,1,1,1,1
6053,4,16,836,1433 1,1,1,1,1
155,374,5,389,14199,1483,80 1,1,1,1,1,1,1
254,210,109,22,33 16,12,1,1,1
2571,57 1,1
155,961,945,2,867,2,5,7067 1,1,1,1,1,1,1,1
2581,544,23651,4,134,1001,1835,1536,13,544,982,2,940,546,2,1587,2593,2,5,488,367,23652,1995,1700,2,1215,2682,2,3788,1182,2,5,3789,10056,163,7,158,215,457,23653,188,10392,1471,1995,867 1,1,1,1,1,1,1,1,1,1,1,1,1,1,1,1,1,1,1,1,1,1,1,1,1,1,1,1,1,1,1,1,1,1,1,1,1,1,1,1,1,1,1,1,1
5236,13,6,29,28,11,2297,2,3797,2,26,596 1,1,1,1,1,1,1,1,1,1,1,1
1490,741,10,210 1,1,1,12
3216,2,14200,1703 1,1,1,12
808,12,938,236,10,887,867,5,7067 1,1,1,1,1,1,1,1,1
6,29,2425 1,1,1
750,12,6,3157,17,167,26,1135 1,1,1,1,1,1,1,1
6053,4,110,19,1703,86,663,1806 1,1,1,1,12,1,1,1
867,869 1,1
126,10,207 1,1,1
2338,1002,76,1283,19,4693,3574,6945,2568,364,21,61,909,2,48,21,31,61,214,2492 1,1,1,1,1,1,1,1,1,1,1,1,1,1,1,1,1,1,1,1
124,983,1948,23654,4,1351,37,1116,3502,170,435 1,1,1,1,1,1,1,1,1,1,1
228,10,1342,130,22,33 1,1,1,1,1,1
6053,4,448,57,19,1342,86,115 1,1,1,1,1,1,1,1
1284,88,182,255,7,194,32,57,32,1106,2,250,2,26,1309 1,1,1,1,1,1,1,1,1,1,1,1,1,1,1
836,19,2030 1,1,1
226,90 1,1
126,231,583,2,317,522,7,1002,2,71,14,218,4418,10,24,23655,76 1,1,1,1,1,1,1,1,1,1,1,1,1,1,1,1,1
461,2701,1144,2,835,12,751,7264,2,530,751,4171,2,889,426,2,3450,2,1227,2,5,1804,483 1,1,1,1,1,1,1,1,1,1,1,1,1,1,1,1,1,1,1,1,1,1,1
155,1005,2,3457 1,1,1,1
6053,4,1005,5,3457,483 1,1,1,1,1,1
155,4632,542,2,207,801 1,1,1,1,1,1
7600,8832,16,836,19,6051,2,86,115 1,1,1,1,1,1,1,1,1
137,2046,1146,529,77,7599,154,22,28,2817,4,60,35,27,1090,138,172,925,1151,6051,10684,3189,1572,10685,4,28,2817,4,10686,1572,95,10687,27,420,82,739,2419,77,283,28,2817,4,2923,310,3042,447,22,28,2817,4,51,1366,25,59,607,10688,25,33,28,2817,4,60,13,1253,26,523,1794,4296,2826,35,1800,82,1286,1456,25,138,662,2842,230,244,59,184,83,22,25,33,2030,6593,1512,1206,59,910,1361,1206,28,2817,4,51,2457,873,138,1342,130,22,25,33,28,2817,4,273,31,4610,1703,390,25,33,228,12,2511,5,3011,632,775,247,4,14201,1273,4,6053,36,2458,632,1883,247,4,14201,1273,4,6053,36,2458,2967,283,247,4,23656,1273,4,6053,36,2458,4180,491,25,33,1997,1760,247,4,14197,1273,4,23657,36,2458,78,89,30,1284 1,1,1,1,1,1,1,1,1,1,1,1,1,1,1,1,11,1,1,1,1,1,1,1,1,1,1,1,1,1,1,1,1,1,1,1,1,1,1,1,1,1,1,20,1,1,1,1,1,1,1,1,1,1,22,1,1,1,1,1,1,1,1,1,1,1,1,1,1,1,1,1,1,1,1,1,1,1,7,1,1,13,1,1,1,1,1,1,1,1,1,1,1,1,1,1,1,1,1,1,1,1,1,1,1,1,1,1,1,1,1,1,12,1,1,1,1,1,1,1,1,1,1,1,1,1,1,1,1,1,1,1,1,1,1,1,1,1,1,1,1,1,1,1,1,1,1,1,1,1,1,1,1,1,1,1,1,1,1,1,1,1,1,1,1,1,1,1,1
796,1110,6623,70,5285,984 1,1,1,1,1,1
2845,74,740,2,139,304,10689 1,1,1,1,1,1,1
1203,2292,6467,128,30,11,334,128,30,7,878,332 1,1,1,1,1,1,1,1,1,1,1,1
603,176,50,39,3212,812,1981 1,1,1,1,1,1,1
179,30,17,8828,2,8796,12,10690,2,110,994 1,1,1,1,1,1,1,1,1,1,1
1154,3840,2,248,726,65,523,3840 1,1,1,1,1,1,1,1
2590,27,1502,497,511,119,223,2,1844,938 1,1,1,1,1,1,1,1,1,1
3798 14
11,182,554 1,1,1
163,7,213,3307,182,10,444 1,1,1,1,1,1,1
88,713,2,3648,2,508,2,469,2,420,1112,2,14202,2,1609,26,1949,2,892,2,1251,2,396,2,44,422,2,2100,1417,167,2,228,12,2376,2,572,2132,2,263,34,2,402,2,435,2,613,2,1463,2,812,588,2,807,2,1173,2,756,2,26,754,388 1,1,1,1,1,1,1,1,1,1,1,1,1,1,1,1,1,1,1,1,1,1,1,1,1,1,1,1,1,1,1,1,1,1,1,1,1,1,1,1,1,1,1,1,1,1,1,1,1,1,1,1,1,1,1,1,1,1,1,1,1
93,122,296,1910,5,135,67,94,4102,372,145,723,5,2284,121,2397,643,224,893,779,23658,762,12,11,180,326,181,11,484,2,5383,2,26,2403,202,225,5282,6233 1,1,1,1,1,1,1,1,1,1,1,1,1,1,1,1,1,1,1,1,1,1,1,1,1,1,1,1,1,1,1,1,1,1,1,1,1,1
725 1
570 1
11,1930 1,1
2444,483,112,86,342,26,620,1113 1,1,1,1,1,1,1,1
43,293,2427 1,1,1
11,293,229,799,11,815,26,2306,1289,44,6336,10,1043 1,1,1,1,1,1,1,1,1,1,1,1,1
199,225,662,1129 1,1,1,1
11,856,2,1056,2,26,1223,694,135,145,5,212 1,1,1,1,1,1,1,1,1,1,1,1
11,387,2,711,2,26,766,187,133,5,375 1,1,1,1,1,1,1,1,1,1,1
11,342,26,953,2174,11,79 1,1,1,1,1,1,1
11,4555 1,1
199,525,1608,3465,3466,11,1076,26,798,277,323,2359,642,808,12,497,10,938,14198 1,1,1,1,1,1,1,1,1,1,1,1,1,1,1,1,1,1,1
2531,137,129,177 1,1,1,1
99,2495,42,1777,659,3005,1984,176,55,156 1,1,1,1,1,1,1,1,1,1
10691,809,17,6050,2,5125,19,4942,1200,2,2656,2,176,55,8753,2109,10692,1984 1,1,1,1,1,1,1,1,1,1,1,1,1,1,1,1,1,1
