67,54,4,29059,54,16307,85,29060,1180,682,168,55,28,4,6608,3,2376,39,67,1397,4,16308,1716,1273,702,4,29061,54,7,168,4,29062,262,331,4,3398,4731,9,13329,29063,8,162,281,4,16309,8558,726,161,4,296,1085,4,28,3,39,67,2474,4,16310,256,212,3,803,3,151,3,3400,1584,249,3,307 1,1,1,1,1,1,1,1,1,1,1,1,1,1,1,1,1,1,1,1,1,1,1,1,1,1,1,1,1,1,1,1,1,1,1,1,1,1,1,1,1,1,1,1,1,1,1,1,1,1,1,1,1,1,1,1,1,1,1,10,10,10,1,1,4,1,1,1,1,1,1
30,7,61,328,4,28,146,37,225,6,80,29064,3,16,21,38,6,6708,7,249,9,10,16311,8,3,29065 1,1,1,1,1,1,1,1,1,1,1,1,1,1,1,1,1,1,1,1,1,1,1,1,1,1
16,21,38,15,263,1166,7,696,1181 1,1,1,1,1,1,1,1,1
16,21,98,38,29066,3191,3,885,134,74,46,68,1834,927 1,1,1,1,1,1,1,1,1,1,1,1,1,1
12,6,230,3,701,4,29067,29068,29069 1,1,1,1,1,1,1,1,6
6,28,20,417,1440,3,417,2072,10,1687,3,51,4084,4190,188,10,2142,601,231 1,1,1,1,1,1,1,1,1,1,1,1,1,1,1,1,1,1,1
349,4247,29,16,20,1590,15,329 1,1,1,1,1,1,1,1
506,111,15,284,187,16312,1991 1,1,1,1,1,1,1
16,20,138,3180,1687,3,3110,3,2935,3,81,7,182,4,162,10,29070,10,59,518,5,188,3,29071,3,29072,3,1075,10,3240,4355,29,311,255,1783,27,427,3,99,435 1,1,1,1,1,1,1,1,1,1,1,1,1,1,1,1,1,1,1,1,1,1,1,1,1,1,1,1,1,1,1,1,1,1,1,1,1,1,1,1
209,418,3,4369,29073,3,3536,300 1,1,1,1,1,1,1,1
329,760,3,634,93,211 1,1,1,1,1,1
209,291,34,424,13,2588 1,1,1,1,1,1
28,90,6,96,116 1,1,1,1,1
16313,4,16314,3,16315,227,4,12173,12174,12175,1213,4,16316,644,4,3216,362,4,29074,4698,1309,4,12176,196,4,277,352,4,3705,12177,84 1,1,1,1,1,1,1,1,1,1,1,1,1,1,1,1,1,1,1,1,1,1,1,1,1,1,1,1,1,1,1
80,3437,30,4,3400,2641,29075,66,9969,4415,12178,1355,3476,3400,9,7130,10,2262,3,449,10,29076,8,4039,931,3,110,4485,3443,3661,9,2641,8,553,3752,3,2339,411,492,3062,29077,3,4514,3,8256,187,12168,12,2333,3062,4446,3,29078,12,2333,15772,3400,27,9971,139,1044,1850,490,66,393,3563,139,103,445,212,2266,619,1200,2489,4,445,251,12,59,1898,120,6381,2035,881,110,100,5159,5,153,120,251,4530,256,1524,100,2556,12,2333,1319,1086,151,3,100,4058,776,1395,3158,6658,2211,220,29079,1730,283,803,363,3269,3349,283,2489,16305,949,3109,2563,2234,2267,606,4537,2588,209,7149,256,173,3957,841,314,1820,370,1590,1902,9905,256,7619,3,3044,110,5545,918,7,1591,3494,12,29080,127,4,10623,16306,39,4,1223,4638,206,30,4,245,13,551,121,14,23,747,16317 1,1,1,1,1,1,1,1,1,1,1,1,1,1,1,1,1,1,1,1,1,1,1,1,1,1,1,1,1,1,1,1,1,1,1,1,1,1,1,1,1,1,1,1,1,1,1,1,1,1,1,1,1,1,1,1,1,1,1,1,1,1,1,1,1,1,1,1,1,10,1,10,10,1,1,3,10,10,10,10,10,1,3,1,1,1,1,1,1,1,1,1,1,1,1,1,1,1,1,1,4,1,1,1,15,1,1,1,1,1,1,1,1,1,1,1,1,1,1,1,1,1,1,1,1,1,1,1,1,1,1,1,1,1,1,1,1,1,1,1,1,1,1,1,1,1,1,1,1,1,1,1,1,1,1,1,1,1,1,1,1,1,1,1,1,1,1,1,1,1,1
606,575,220,2586,233,2765,3,158,688 1,1,1,1,1,1,1,1,1
1732,4,2091,29081,485,4,2091,3,206,1113,4,200,90,1673,732,3,11,1863 1,1,1,1,1,1,1,1,1,1,1,1,1,1,1,1,1,1
150,30,4,1929,102,101,4,814,4,999,3,4640,3,480,701,4,292,1183,364,215,148,11600,716,856,3298,967,42,1467,227,4,1536,3,576,7974 1,1,1,1,1,1,1,1,1,1,1,1,1,1,1,1,1,1,1,1,1,1,1,1,1,1,1,1,1,1,1,1,1,1
1213,4,11,741,29082 1,1,1,1,1
407,220,504,737,656 1,1,1,1,1
188,4,1195,117,6058,225,6725,3,242,31,7099,10,1083 1,1,1,1,1,1,1,1,1,1,1,1,1
4332,1233,3,11,29083 1,1,1,1,1
644,4,2770,3,1752,3,304,5,310,44,3,11,213,362,4,152,3,9466 1,1,1,1,1,1,1,1,1,1,1,1,1,1,1,1,1,1
588,308 1,1
29084,5042,12,469 1,1,1,1
531,4,433,93,352,4,1010,15,78,3035,3894,115,10,3476,444 1,1,1,1,1,1,1,1,1,1,1,1,1,1,1
196,4,11,277,3,232,196,3930,532,4,705,2948,9,59,8,2401,9,59,8,2589,592,1967,1967,2906,9,292,8,869,2912,3703,9,83,8,4211,9,83,8,769,29085,9,59,8,4959,9,59,8,6368,9,59,8,392,1364,9,83,8,1483,9,83,8,1772,9,83,8,888,2845,9,83,8,2282,9,83,8,2282,9,83,8,870,1322,1840,9,83,8,2293,399,2636,1179,2249,22,2334,2905,1077,1160,1791,4913,1506,3358,1388,2221,1938,1880,2967,2470,2289,2545,1565,1352,1527,1320,9,83,8,1566,2647,9,83,8,1077,1160,1791,4913,897,11151,9,83,8,1336,5026,9,83,8,72,72,3766,2044,2340,72,72,3169,8973,9,83,8,349,4209,4247,9,83,8,734,16318,9,59,8,10358,9,59,8,560,3344,9,59,8,5101,9,59,8,333,5098,9,59,8,6336,9,59,8,653,1183,1137,786,5170,5170,823,6517,5502,536,8972,7544,795,6368,9,83,8,5087,9,83,8,2749,370,1125,1277,42,1209,1733,9,83,8,42,577,141,9,59,8,42,847,117,9,59,8,42,830,519,42,864,519,2649,29086,9,83,8,2650,14078,2701,7048,2702,2149,9,59,8,2703,3058,1661,200,1577,433,9,83,8,2599,200,1971,200,79,5087,9,83,8,1074,1932,2452,72,2635,72,2920,4091,2372,217,1838,3054,2858,1508,2453,72,1886,217,5714,492,3786,200,3354,2936,3186,7772,3355,1087,3676,493,177,338,2770,3,1865,2473 1,1,1,1,1,1,1,1,1,1,1,1,1,1,1,1,1,1,1,1,1,1,1,1,1,1,1,1,1,1,1,1,1,1,1,1,1,1,1,1,1,1,1,1,1,1,1,1,1,1,1,1,1,1,1,1,1,1,1,1,1,1,1,1,1,1,1,1,1,1,1,1,1,1,1,1,1,1,1,1,1,1,1,1,1,1,1,1,1,1,1,1,1,1,1,1,1,1,1,1,1,1,1,1,1,1,1,1,1,1,1,1,1,1,1,1,1,1,1,1,1,1,1,1,1,1,1,1,1,1,1,1,1,1,1,1,1,1,1,1,1,1,1,1,1,1,1,1,1,1,1,1,1,1,1,1,1,1,1,1,1,1,1,1,1,1,1,1,1,1,1,1,1,1,1,1,1,1,1,1,1,1,1,1,1,1,1,1,1,1,1,1,1,1,1,1,1,1,1,1,1,1,1,1,1,1,1,1,1,1,1,1,1,1,1,1,1,1,1,1,1,1,1,1,1,1,1,1,1,1,1,1,1,1,1,1,1,1,1,1,1,1,1,1,1,1,1,1,1,1,1,1,1,1,1,1,1,1,1,1,1,1,1,1,1,1,1,1,1,1,1,1,1,1,1,1,1,1,1,1,1,1,1,1,1,1,1,1,1,1,1,1
11,84,66,356 1,1,1,1
506,3791,1991,12,6,187,16312 1,1,1,1,1,1,1
3475,4,16310,256,3400,3,1584,249,3,263 1,1,1,1,1,1,1,1,1,1
166,1590,3,3536,1353,9,506,31,37,339,8 1,1,1,1,1,1,1,1,1,1,1
803,2290,19,1140,7,1590 1,1,1,1,1,1
41,1495,13,907,3,343,17,803,2290 1,1,1,1,1,1,1,1,1
28,21,68,640,7,95,7668,3,1075,10,3240,4355 1,1,1,1,1,1,1,1,1,1,1,1
381,805,3792,3,166,12,481,7,5565,1440 1,1,1,1,1,1,1,1,1,1
29087,4,1287,1775,633,4479 1,1,1,1,1,1
28,224,197,60 1,1,1,1
9761,17,132 1,1,1
3947,729,3,1778 1,59,1,1
266,228,613,17,132 1,1,9,1,1
6899,828,1440,3,7223,11996,3,482,312,1775,993 1,1,1,1,1,1,1,1,1,1,1
263,4,1590,329,803,3536,1353 1,1,1,1,1,1,1
16319,949,1590,116,3,41,31,343,220,29088,39 1,1,1,1,1,1,1,1,1,1,1
41,343,17,803,2290,3,35,60,35,2844,2446 1,1,1,1,1,1,1,1,1,1,1
29089,123,539,65,29090,2020,549,29091,225,625,65 1,1,1,1,1,1,1,1,1,1,1
1210,2011 1,1
48,34,4,381,805,3792,3,166,4649,12,481,7,5565,1440 1,1,1,1,1,1,1,1,1,1,1,1,1,1
16320,718,880,231,42,3,333,442,180,9,292,78,73,10,52,781,8,7292,3,613,3,1163,3,423,2866,4,472,819,955,3,132,442,58 1,1,1,1,1,1,1,1,1,1,1,1,1,1,1,1,1,1,1,9,1,12,1,26,1,1,1,1,1,1,1,1,1
1403,128,1432,7,6860 1,1,1,1,1
29092,31,2593,139,1053,4479,8431,1697,3,3996,336 1,1,1,1,1,1,1,1,1,1,1
29093,5623,4,422,10,6714,367,29094,220,1687 1,1,1,1,1,1,1,1,1,1
6899,31,188,10,472,139,4479,3,12014,1948 1,1,1,1,1,1,1,1,1,1
34,4,10477,1223,3,930 1,1,1,1,1,1
6058,283,4,1195,117,29095,17,999,1953,2368 1,1,1,1,1,1,1,1,1,1
1927,4,266,14199,3,11,1190,2179,3,663,6275 1,1,1,1,1,1,1,1,1,1,1
3510,4,815,3,676,521 1,1,1,1,1,1
726,4,296,2623,4,10,163,186,3742 1,1,1,1,1,1,1,1,1
16309,8558,3,229,710,4,47,29096 1,1,1,1,1,1,1,1
