69,49,4,23938,23939,4751,144,470,17,162,7006,2,2462,495,14255,6536,4,1182,292,345,13,23940,34,234,4,1182,292,104,20,12,12364,4428,17,263,34,5,834,7,38,4450,3757 1,1,1,1,1,1,1,1,1,1,1,1,1,1,1,1,1,1,1,1,1,1,1,1,1,1,1,1,1,1,1,1,1,1,1,1,1,1,1,1,1
17,268,885,361,125,4428,855,1246,23941,5,24,23942,144,855,1246,65,23943,32,63,2887,16,533,15,4778,7589,611,71,1795,817 1,1,1,1,1,1,1,1,1,1,1,1,1,1,1,1,1,1,1,1,1,1,1,1,1,1,1,1,1
432,24,997,1682,27,4008,2,16,20,537,453,42,648,4428,1166,308,17,583,7,24,4778,611,13,15,8852,3023 1,1,1,1,1,1,1,1,1,1,1,1,1,1,1,1,1,1,1,1,1,1,1,1,1,1
6,1166,3806,532,16,658,10,6,2420,14292,13,2462,5002,10723,7,15,1235,183,611 1,1,1,1,1,1,1,1,1,1,1,1,1,1,1,1,1,1,1
16,2320,39,15,4191,2459,19,10724,10,4815,24,611,10,7051 1,1,1,1,1,1,1,1,1,1,1,1,1,1
16,658,10,6,2420,80,13,153,107,7,263,34,2,1386,5,272 1,1,1,1,1,1,1,1,1,1,1,1,1,1,1,1
637,4,3757,2,576,10,2169,805,12,3104,28,815,4437,28,188,1617,305,76,28,164,143,76,2,139,304,164,143,703,593,511,102,12,2143,28,3724,4637,2,1180,42,844,14293,28,30,7,1666,958,2491,2,139,304,225,293,4992,28,789,28,131,1543,81,341,28,2028,5456,27,6,4386,2,5478,1733,28,30,7,4701,611,76,13,412,1766,1574,12,3548,2,1339,4758,1711,67,2064,4553,28,3336,28,30,7,6024,566,1393,24,3724,3332,28,139,304,52,5351,805,28,438,28,336,343,76,2,139,304,225,5410,703 1,1,1,1,1,1,1,1,1,1,1,1,1,1,1,1,1,1,1,9,9,9,3,3,3,9,9,9,3,3,3,3,3,3,1,1,1,1,1,1,1,1,1,1,1,1,1,1,1,1,1,1,1,1,16,1,4,4,4,4,4,1,1,1,1,1,1,1,1,1,1,1,1,1,1,1,1,1,1,1,1,1,1,1,1,1,1,1,1,1,1,1,1,1,1,1,1,1,1,1,1,1,1,1,1,1,1,1,1,1,1,1,1,1,1,1,1
216,180,132,353,117,91,561,1076,2067,743,65,2904,1588,2516,4,161,3739,5,7263,70,10725,12,2044,165,3580,27,4386,5,5478,12,2044,186,225,293,4992,12,2044,249,164,143,703,3536,12,2143,83 1,1,1,1,1,1,1,1,1,1,1,1,1,1,1,1,1,1,1,1,1,1,1,1,1,1,1,1,1,1,1,1,1,1,1,1,1,1,9,9,9,1,1,1,1
8843,543,225,5410,5,132,143,369,959,259 1,1,1,1,1,1,1,1,1,1
8844,91,561,13,15,369,730,12,6,52,1869,143,636,4191,2459,10724,257,4,1266,390,283,2,3567,491,283,2,742,390,59,2,486,5480,221,2,23944,852,2,8664,3246,2,1770,775,778,291,2,23945,626,33,2,6018,1674,33,2,473,1541,33,2,7824,446,283,2,1943,390,291,2,23946,768,291,2,960,683,283,2,23947,677,3189,33,2,2537,447,956,405,33,192,4,29,586,37,976,7014,5,2582,383,29,74,394 1,1,1,1,1,1,1,1,1,1,1,1,1,1,1,1,1,1,12,1,1,1,1,1,1,1,1,1,1,1,6,1,1,1,1,1,1,1,1,1,1,1,1,1,1,26,1,1,1,1,1,1,1,28,1,1,1,12,1,1,1,21,1,1,1,7,1,1,1,1,1,1,1,1,1,1,1,1,1,1,1,1,1,1,1,1,1,1,1,1,1,1,1,1,1,1
355,11,334,624,137 1,1,1,1,1
1100,4,686,17,30,7,158,671,245 1,1,1,1,1,1,8,8,8
6,29,706,309,12,2143,2,117,647,204,1854,159 1,1,8,8,8,8,8,1,1,1,1,1
16,1547,15,30,7,2222,554,245,2,48,152,136,9904,355,686,17,6,1708,37,6,29,20,924,2,5,16,14,994 1,1,1,1,1,1,1,1,1,1,1,1,1,1,1,1,1,1,1,1,1,1,1,1,1,1,1,1
385,4,276,5188,492,2515,111,23948,10432,651,1048,980,41,759,4,1442,1019,762,2211,418,23949,2,253,11,14294,1139,2215,4,476,194,302,27,8089,340,4,2088,2,133,2,375,2,577,12,2459,7607,2,389,12,10726,7607,2355,13,1720,53,2,11,4280,1254,2,11,3858,1395,181,4,1744,7589,4778,611,14295,3352,10,6,9990,3933,8731,1744,5,7390,12,10120,13,183,258,4,315,649,524,824,689,5128,3116,1862,2501,9464,315,379,804,770,5128,788,1267,2811,9,72,8,315,1330,2383,5128,66,66,315,298,615,266,443,5128,3013,9,72,8,23950,9735,9,54,8,14296,9,72,8,315,41,1753,41,897,41,1637,41,732,5128,1470,9,72,8,579,9,54,8,102,9,54,8,515,315,64,1069,5128,9659,9,72,8,7484,315,2136,5735,2195,1793,5128,206,35,208,206,51,208,66,206,102,208,315,3370,3230,3511,23951,5128,4384,354,204,451,451,315,3683,5128,634,1554,12042,4,320,1425,350,300,13,662,760,1733,2315,17,350,300,1233 1,1,1,1,1,1,1,1,1,1,1,1,1,1,1,1,1,1,1,1,1,1,1,1,1,1,1,1,1,1,1,1,1,1,1,1,1,1,1,1,1,1,1,1,1,1,1,1,1,1,1,1,1,1,1,1,1,1,1,1,1,1,1,1,1,1,1,1,1,1,1,1,1,1,1,1,1,1,1,1,1,1,1,1,1,1,1,1,1,1,1,1,1,1,1,1,1,1,1,1,1,1,1,1,1,1,1,1,1,1,1,1,1,1,1,1,1,1,1,1,1,1,1,1,1,1,1,1,1,1,1,1,1,1,1,1,1,1,1,1,1,1,1,1,1,1,1,1,1,1,1,1,1,1,1,1,1,1,1,1,1,1,1,1,1,1,1,1,1,1,1,1,1,1,1,1,1,1,1,1,1,1,1,1,1,1,1,1,1,1,1,1,1,1,1,1,1,1,1,1,1,1,1,1,1,1,1,1,1
205,14297,4,1425,7612,7,350,300,2,350,23952,7,739,760,2,14298,601,2655,12,2636,150,426,147,764,13,1846,5246,4530,919,12,9674,3578,4,1182,1661 1,1,1,1,1,1,1,1,1,1,1,1,1,1,1,1,1,1,1,1,1,1,1,1,1,1,1,1,1,1,1,1,1,1,1
661,13,4670,103,4191,2459,5,2290,760,2655 1,1,1,1,1,1,1,1,1,1
35,8,605,10,4832,162,51,8,4658,3714,12,221,102,8,5866,183,8,1222,2,7835,2,219,760 1,1,1,1,1,1,1,1,1,1,1,1,1,1,1,1,1,1,1,1,1,1,1
7613,4047,10727,1088,2,195,10728,303,4832,545,441,705,4,23953 1,1,1,1,1,1,1,1,1,1,1,1,1,1
