3275,2,3280,14339,24104,763,203,312,4,7613,7462,2,96 1,1,1,1,1,18,1,1,1,1,1,1,1
8859,89,538,109,14340,518,304,2,12,8860,828,58,7462,4,84,20,15,1068,10,125,3280,428,12,6,378,325,27,6718,4074,144,19,24105,17,1072,24106,100,7,993,627,958,118,76 1,1,1,1,1,1,1,1,1,1,1,1,1,1,1,1,1,1,1,1,1,1,1,1,1,1,1,1,1,1,1,1,1,1,1,1,1,1,1,1,1,1
32,329,871,2,3280,39,8862,993,12,24,12410,17,4305,74,2255,2,5,1487,39,51,24107,12,2143,5,5225,16,431,7086,1651,10,24,269,5,602,5,222,57,532,1740,151,117,494,5,1466,7,15,2333,1137,409,1842,2,24,3540,408,20,2073,1180,42,63,180,786,24108,1526 1,1,1,1,1,1,1,1,1,1,1,1,1,1,1,1,1,1,1,3,3,1,1,1,1,1,1,1,3,1,1,1,1,1,1,1,1,1,1,1,1,1,1,1,1,1,1,1,1,1,1,1,1,1,1,1,1,1,1,1,3,3,3
3642,1677,24109,514,6283,2783,6463,12,24,717,70,164,143,2,13,199,772,117,3126,5,3771,2,12,736,10,4803,2,172,2,473,2,5,252,262,652 1,1,1,1,1,1,1,1,1,1,1,1,1,1,1,1,1,1,3,1,3,1,1,1,1,1,1,11,1,1,1,1,1,1,1
5543,2,117,63,4268,5,1996,203,3280,5890,2499,13,15,3114,1105,496,117,38,1588 1,1,1,1,1,1,1,1,1,1,1,1,1,1,1,1,1,1,1
16,222,57,532,14341,151,16,6645,13,2477,714,5,20,514,10,50,4651,5197,12,6,2777,269,5,6,2777,602,7086,1651 1,1,1,1,17,17,17,17,17,17,17,1,1,1,1,1,1,1,1,1,1,1,1,1,1,1,1,3
16,20,480,13,2671,6691,1651,10,362,571,9,1747,98,564,675,2671,369,304,1425,10,105,24110,10,6,269,5,1747,98,1439,675,2460,610,890,6,399,7,6292,10,6,602,8,13,11,2348,238 1,1,1,1,1,1,3,1,1,1,1,1,1,1,1,1,1,1,1,1,1,1,1,1,1,1,1,1,1,1,1,1,1,1,1,1,1,1,1,1,1,1,1,1,1
490,7,1446,13,1646,10,844,4651,5197,16,20,1730,19,8754,5846,364,9,1017,1932,5,1828,761,22,8,136,37,1588,13024,32,24111,364 1,1,1,1,1,1,1,1,1,1,1,1,1,1,1,1,1,1,1,1,28,1,1,1,1,1,1,1,1,1,1
16,21,61,453,42,260,136,2426,13,11,844,958,118,76,2,44,34,2,5,21,1936,10,43,352,2312,5,13,3114,91,653,496 1,1,1,1,1,1,1,1,1,1,1,1,1,1,1,1,1,1,1,1,1,1,1,1,1,1,1,1,1,1,1
3280,589,10,55,214,2794,32,15,7220,4889,12,7994,7041,12,24112 1,1,1,1,1,1,1,1,1,1,1,1,1,1,1
32,6,24113,14,12464,100,2,24,500,14017,21,504,32,21,24,415,542 1,1,1,1,1,1,1,1,1,1,1,1,1,1,1,1,1
16,14,748,866,107,362,27,500,5,24114,5,1376,983,24115 1,1,1,1,1,1,1,1,1,1,1,1,1,1
16,826,24,77,2218,5,14,1844,2492,48,2876,286,7,230,97,223,5,3195,21,61,290,59,4504,12,2567,1083 1,1,1,1,1,1,1,1,1,1,1,1,1,7,1,1,1,1,1,1,1,1,13,1,1,1
866,200,16,13862,1092,92,319,24116,24,1828,362,17,2059,5,7560,4044,9,47,5833,170,37,84,454,55,9620,667,15,200,8 1,1,1,1,1,1,1,1,1,28,1,1,1,1,1,1,1,1,1,1,1,1,1,1,1,1,1,1,1
8410,2,92,2415,6,1563,7,2526,6651,16,281,21,13,6,24117,24118,7615,3553,2,5,24,772,20,6569,2,71,14,944,6,24119,7,4998,7615,1447,10,8411,3169,2526,6651 1,1,1,1,1,1,1,1,1,1,1,1,1,1,1,1,1,1,1,1,1,1,1,1,1,1,1,1,1,1,1,1,1,1,1,1,1,1,1
16,288,39,106,1666,1463,17,71,16,20,730,19,3096 1,1,1,1,1,1,1,1,1,1,1,1,1
24,231,77,454,55,172,370,22,327 1,1,1,1,1,11,1,1,1
82,2,1828,761,22,327 1,1,28,1,1,1
82,2,894,368,22,327 1,1,12,1,1,1
82,2,4504,109,22,327 1,1,13,1,1,1
82,2,230,196,22,327 1,1,7,1,1,1
82,2,14352,1951,1252,327 1,1,1,1,1,1
82,2,3096,761,22,25,82,2,35,45,4296,2826,82,2,5,35,45,7,632,495,82 1,1,1,1,1,1,1,1,1,1,1,1,1,1,1,1,1,1,1,1,1
16,21,11,334,624,137 1,1,1,1,1,1
93,122,4,3280,1423,57 1,1,1,1,1,1
16,14,12,11,326 1,1,1,1,1
121,14,6222,727 1,1,1,1
67,94,14,3851,12,6,70,349,2304,191,102,4709,7265,13,15,817,4709,2362,5,24,118,145,14,546,5,135 5,5,5,5,1,1,1,1,1,1,1,1,1,1,1,1,1,1,1,1,1,1,1,1,1,1
24,392,5,112,73,604,43,1078,580,94,2,43,293,3560,5,4913,13,11,229 1,1,1,1,1,1,1,1,1,1,1,1,1,1,1,1,1,1,1
24,44,14,90,10,452 1,1,1,1,1,1
24,562,73,1164,43,52,1709,5,43,523,5,1154,118,302,13,15,43,9388,7,6,1154,118,3733,13,11,1317,766,2,711,2,26,387 1,1,1,1,1,1,1,1,1,1,1,1,1,1,1,1,1,1,1,1,1,1,1,1,1,1,1,1,1,1,1,1
16,39,11,336,79 1,1,1,1,1
24,187,14,133,5,375,13,11,1119 1,1,1,1,1,1,1,1,1
16,39,171,243,12,6,336,73 1,1,1,1,1,1,1,1
147,80,1164,399,212,27,1580,1823,13,4949,4963,17,1598,2,3781,5,158,786,6899 1,1,1,1,1,1,1,1,1,1,1,1,1,1,1,1,1,1,1
92,53,3990,63,5266,1001,1835,239,38,223,297,14353,24,1001,364,71,14,24120,10,2581,15,913,7,553,271,546,169 1,1,1,1,1,1,1,1,1,1,1,1,1,1,1,1,1,1,1,1,1,1,1,1,1,1,1
16,21,1880,5,2225,15,2390,7,4299,12,6,78,239,10,7853,6620,5,868 1,1,1,1,1,1,1,1,37,37,37,37,1,1,1,1,1,1
24,544,97,200,20,738,169,645,940,21,504,10,2232,169 1,1,1,1,1,1,1,1,1,1,1,1,1,1
24,24121,1483,14,1982,2,24,7109,14,4015,169,2,5,3842,2344,169 1,1,1,1,1,1,1,1,1,1,1,1,1,1,1,1
1015,14,3314,41 15,15,15,15
6,498,704,12,2601,1164,43,1105,1118,5,496,13,15,43,1105,872,1177,7,284,41,14344,41,13,11,359,7,1598 1,1,1,1,1,1,1,1,1,1,1,1,1,1,1,1,1,1,1,1,1,1,1,1,1,1,1
320,4,3280,14,448,57,13,13200,35,115,117,2304,3514,373,288,12,2426,239,10,10194,164,24122,5,993,3606 1,1,1,1,1,1,1,1,1,1,1,1,1,1,1,1,1,1,1,1,1,1,1,1,1
10,2581,24,164,328,811,2,47,909,6,640,4,161,454,24,544,55,75,695,28,12626,16,454,2524,10,7431,446,82,17,544,5,940,1051 1,1,1,1,1,1,1,1,1,1,1,1,1,1,1,1,1,1,1,1,1,1,1,12,12,12,1,1,1,1,1,1,1
165,124,24123,2526,13377,14,553,271,4998,7615,16,40,1248,10,449,22,82,5,92,40,4401,24,7615,996,117,27,1502,481,123,19,38,262 1,1,1,1,1,1,1,1,1,1,1,1,1,1,1,1,1,1,1,1,1,1,1,1,1,1,1,1,1,1,1,1
454,7615,75,695,28,4998,16,40,1375,301,10,2283,761,22,82,5,60,15,2568,621,3417,26,2524,10,24124,9,26,151,1509,24125,8 1,1,1,1,1,1,1,1,1,1,1,1,1,1,1,1,1,1,1,1,1,1,28,28,28,1,1,1,1,1,1
186,16,40,126,15,2958,118,333,5,352,5,92,40,125,170,428,12,259,198 1,1,1,1,1,1,1,1,1,1,1,1,1,1,1,1,1,1,1
1152,329,17,2092,260,10,2011,12,24,203 1,1,1,1,1,1,1,1,1,1
32,47,221,31,2628,15,224,24126,308,400,200,2,3280,40,9798,10,983,1724,104,319,24127,24,107,664,65,500,71,14,3815,19,8109 1,1,1,1,1,1,1,1,1,1,1,1,1,1,1,1,1,1,1,1,1,1,1,1,1,1,1,1,1,1,1
6,29,20,285,12,308,13,58,24128,7281,104,2738,13,38,114 1,1,1,1,1,1,1,1,1,1,1,1,1,1,1
1928,1027,2,526,597,42,4,14347,600,5092,2,195,8746,14348,3130,4,14349,1572,14350 1,1,1,1,1,1,1,1,1,1,1,1,1,1,1,1,1,1,1
