69,49,4,14335,24050,2,24051,2,10735,6,29,20,201,5,755,12,6,303,441,19,24052 1,1,1,1,1,1,1,1,1,1,1,1,1,1,1,1,1,1,1,1,1
6,29,20,201,42,58,13865 1,1,1,1,1,1,1
47,50,285,6,583,13,23 1,1,1,1,1,1,1
47,50,85,201,6,29,3402,5,177,6,189,69 1,1,1,1,1,1,1,1,1,1,1,1
38,14,63,2531,10,6,69 1,1,1,1,1,1,1
47,50,85,177,6,307,89,69,5,285,6,583,13,58,10734,2,104,40,55,2393,13,58,24053,173,24054,38,29,10,6,507,659 1,1,1,1,1,1,1,1,1,1,1,1,1,1,1,1,1,1,1,1,1,1,1,1,1,1,1,1,1,1,1
30,7,156,360,4,38,14,15,10019,762,104,21,15,30,7,369,10087,32,16,39,15,91,1526,139,304,3038,17,2333,1137,1842 1,1,1,1,1,1,1,1,1,1,1,1,1,1,1,9,3,1,1,1,1,3,3,1,1,1,1,1,1,1
38,2313,12,24055,2,819,6,29,20,1009,10,6,429,282,117,24,3852,468 1,1,1,1,1,1,1,1,1,1,1,1,1,1,1,1,1,1
1651,129,730,5,6,29,687,16,21,61,448,57 1,1,1,1,1,1,1,1,1,1,1,1
12,6,3157,2,16,21,39,11,44,34,26,255,7,194,532,153,223,158,2,16,20,19,15,3123,5,549,14083,13,255,7,194,5,44,422 1,1,1,1,1,1,1,1,17,17,1,1,1,1,1,1,1,1,1,1,1,1,1,1,1,1,1,1,1,1,1,1,17,17
16,795,5,549,419 1,1,1,1,1
97,420,2,16,20,12,886,6270,5256,2,16,549,106,44,422,5,1379,921,13,1853,7,34,2,5,38,465,16,20,748,5,5890,173,204,6520,2,549,1396,7,194,5,44,34,27,468,5,1379,921,13,6255,5,110,21,11,44,34,26,255,7,194,27,38,95 1,1,1,1,1,1,1,1,1,1,1,1,1,1,1,1,1,9,1,1,1,1,1,1,1,1,1,1,1,1,1,1,1,1,1,1,1,1,1,1,17,17,1,1,1,1,9,1,1,1,1,1,1,17,17,1,1,1,1,1,1,1
24,44,34,16,1185,84,32,94,13,639,5,16,404,57,110 1,17,17,1,1,1,1,1,1,1,1,1,1,1,1
11,596,2,469,2,26,250 1,1,1,1,1,1,1
163,7,213,4,32,1683,5,355,66 1,1,1,1,1,1,1,1,1
78,89,30,4,32,1683,5,85,1128,127,5,264,367 1,1,1,1,1,1,1,1,1,10,1,16,16
179,30,4,16,14,15,3798 1,1,1,1,1,1,14
93,122,4,6,29,14,779,2,57,1019,2,5,12,11,180,326 1,1,1,1,1,1,1,1,1,1,1,1,1,1,1,1
1186,5,1125 1,1,1
44,14,90 1,1,1
118,14,135 1,1,1
187,14,133,5,375 1,1,1,1,1
217,53,375 1,1,1
812,73,14,8588 1,1,1,1
242,5,114,4,38,14,15,762,13,15,30,7,164,143,76,5,91,1526,2,104,21,15,214,3596,115,1628,17,164,143,76,5,714,317,8625,27,468 1,1,1,1,1,1,1,1,1,1,1,1,9,9,9,1,3,3,1,1,1,1,1,1,1,1,1,9,9,9,1,17,1,1,1,1
92,50,321,652,19,6,29,10455,13,1724,17,6,1754,7,859,561 1,1,1,1,1,1,1,1,1,1,1,1,1,1,1,1
489,20,548,27,6,95,7,38,5156 1,1,1,1,1,1,1,1,1
642,4,6,29,40,55,265,10,507,12,2036,630 1,1,1,1,1,1,1,1,1,1,1,1
526,7587,2,10735,96 1,1,1,1,1
495,4,14336,276,4,14336,597,42,4,7587,2,10735,813,24056,1852,232,31,177,42,240,312,232 1,1,1,1,1,1,1,1,1,1,1,1,1,1,1,1,1,1,1,1,1,1
