69,49,4,24129,10740,303,1315,101,4780,2,8864,14354,101,49,4,24130,38,29,20,201,42,260,12,6,303,441,19,1326,462,2,2682,2,13,6,427 1,1,1,1,1,1,1,1,1,1,1,1,1,1,1,1,1,1,1,1,1,1,1,1,1,1,1,1,1,1,1,1,1,1,1
427,74,99,177 1,1,1,1
29,1538,5,755,42,260 1,1,1,1,1,1
125,427,74,99,17,241,885 1,1,1,1,1,1,1
78,89,30,2,179,30,2,5,128,30,192,177,5,941,13,6,427,74,99 1,1,1,1,1,1,1,1,1,1,1,1,1,1,1,1,1,1,1
30,7,629,391,4,6,29,14,15,779,3326,528,104,774,12,13,2544,44,94,2,15,2246,1393,23,412,168,85,2,248,7267,10566 1,1,1,1,1,1,1,1,1,1,1,1,1,1,1,1,17,17,17,1,1,1,1,1,1,1,1,1,1,1,1
68,53,11,939,115,2,11,272,2,11,402,2,11,435,2,11,263,34,2,5,11,396 1,1,1,1,1,1,1,1,1,1,1,1,1,1,1,1,1,1,1,1,1,1
6,29,113,444,106,149,255,7,194 1,1,1,1,1,1,1,1,1
6,44,94,14,31,180,12,696 1,1,1,1,1,1,1,1
68,14,11,1684,13,996 1,1,1,1,1,1
18,39,15,66,352,2059,215,938,159,146 1,1,1,1,1,1,1,1,1,1
136,537,401,2,18,21,431,106,1051,12,23,115,117,921 1,1,1,1,1,1,1,1,1,1,1,1,1,21
18,21,11,334,164,76 1,1,1,1,1,1
78,89,30,4,777,1085,5,3952,81,341 1,1,1,1,1,1,1,4,4,4
179,30,5,128,30,4,6,29,14,63,529,1055,5,295,1310 1,1,1,1,1,1,1,1,1,1,19,19,1,1,1
11,128,30 1,1,1
93,122,4,29,14,2062,185,2,4562,2,57,1019,2,2736,4971 1,1,1,1,1,1,1,1,1,1,1,1,1,1,1
112,4,11,14355,1386 1,1,1,1,1
226,4,90 1,1,1
118,4,135,145,5,212 1,1,1,1,1,1
187,4,133 1,1,1
899,4,2359 1,1,1
489,233,4,769,830,14,3044,2,835,10056,43,5529,1075 1,1,1,1,1,1,1,1,1,1,1,1,1
783,47,14,1710,71,14,251 1,1,1,1,1,1,1
867,14,3177,71,14,43 1,1,1,1,1,1
6,147,482,106,3060,276,1278,4792,71,14,307 1,1,1,1,1,1,1,1,1,1,1
15,44,810,482,11,1205,2,3843,2,26,3927 1,1,1,1,1,1,1,1,1,1,1
364,1958,12,189,4,6,29,21,15,318,783,401,5,40,55,265 1,1,1,1,1,1,1,1,1,1,1,1,1,1,1,1
18,40,55,5894,24131,321 1,1,1,1,1,1
125,427,74,99,17,885 1,1,1,1,1,1
678,2494,4,161,1167,286,729,743 1,1,1,1,1,1,1,1
165,44,2246 1,1,1
642,9,317,630,712,377,8,4,6,29,20,265,10,6,144,12,185,630 1,1,1,1,1,1,1,1,1,1,1,1,1,1,1,1,1,1
1416,24132,4969,14356,2,96 1,1,1,1,1,1
14357,24133,24134,597,42,4,4969,14356,2,96 1,1,1,1,1,1,1,1,1,1
14357,232,31,177,42,240,312,232 1,1,1,1,1,1,1,1
