69,49,4,24318,343,162,141,99,29,414,4,4880,2,1761,485,4,7622,49,5,95,4,24319,24320,852,240,4,58,3958,1117,4,58,5549,2703,427,4,58,8876,4863,427,4,58,10763,14393,581,17,470,4,24321,17,3375,14394,234,4,64,14,15,6686,661,334,10,58,3958,103,306,531,3095,1564 18,1,1,1,1,1,1,1,1,1,1,1,1,1,1,1,1,1,1,1,1,1,1,1,1,1,1,1,1,1,1,1,1,1,1,1,1,1,1,1,1,1,1,1,1,1,1,1,1,1,1,1,1,1,1,1,1,1,1,1,1,1,1,1,1,1,1
16,658,10,58,3958,1305,280,696,1686,34,2,803,2,5,1947,228,2,1084,10,498,534,7,593,1797 1,1,1,1,1,1,1,1,1,1,1,1,1,1,1,1,1,1,1,1,1,1,1,1
16,20,1121,27,6,95,5,15,114,1074,17,1677,5,1388 1,1,1,1,1,1,1,1,1,1,1,1,1,1
24,1060,20,3509,2,393,84,20,10540,10,3165,423,5,16,20,724,17,15,746,19,14394 1,1,1,1,1,1,1,1,1,1,1,1,1,1,1,1,1,1,1,1,1
16,14,265,80,17,3829,233,2,2305,2,5,132,3712 1,1,1,1,1,1,1,1,1,1,1,1,1
5997,4,120,883,1968,3375,2,3126,8877,54,3047,1878,8878,157,3047,1878,6037,1686,3375,4964,178,103,2378,116,254,668,3493,65,6721,876,75,46,410,28,3206,8684,2,2259,1210,2,103,14395,685,2115,54,478,162,257,4,210,105,506,3268,491,506,211,474,509,4439,109,509,230,196,509,607,1974,59,3725,626,33,14392,3189,1349,192,4,747,385,4,436,1398,418,133,2,1325,2,875,2,11,263,229,531,4,11,79,193,337,4,157,4,769,1560,765,13,682,2149,814,6,523,24322,757 1,1,4,1,1,1,1,1,1,1,1,1,1,1,1,1,1,1,1,1,9,1,9,10,16,1,1,1,1,1,1,1,1,1,1,1,1,1,1,1,1,1,1,1,1,1,1,1,1,12,1,1,36,1,1,11,1,1,13,1,1,7,1,1,22,1,1,1,1,1,1,1,1,1,1,1,1,1,1,1,1,1,1,1,1,1,1,1,1,1,1,1,1,1,1,1,1,1,1,1,1,1,1,1,1,1,1,1,1,1
149,14396,5151 1,1,1
54,4,733,5,149,1947,228,7,525,853,2,15,228,65,64,75,46,898,28,62,450,2,9,261,8,3324,1696,2,11,782,243,4807,4118,3585,967,64,157,171,171,152,152,152,54,171,171,152,395,395,258,4,298,3101,9,1260,8,398,266,24323,54,9,1969,8,41,458,4243,54,9,2216,8,1399,443,4153,9,4353,8,1301,64,4072,9,5363,8,1057,1046,1267,2165,10764,9,5364,8,1057,357,397,3116,9,1298,8,294,357,633,2127,9,1259,8,294,357,749,2363,9,1299,8,294,357,1688,1689,8879,9,1420,8,294,357,1873,2083,1143,9,1300,8,169,357,331,14397,9,4099,8,169,357,358,5261,72,9,1354,8,169,442,4334,9,1482,8,169,1531,2675,9,1727,8,169,1042,2068,9,1690,8,1421,426,4,464,4,252,409,4520 1,1,1,1,1,1,1,1,1,1,1,1,1,1,1,1,1,1,1,1,1,1,1,1,1,1,1,1,1,1,1,1,1,1,1,1,1,1,1,1,1,1,1,1,1,1,1,1,1,1,1,1,1,1,1,1,1,1,1,1,1,1,1,1,1,1,1,1,1,1,1,1,1,1,1,1,1,1,1,1,1,1,1,1,1,1,1,1,1,1,1,1,1,1,1,1,1,1,1,1,1,1,1,1,1,1,1,1,1,1,1,1,1,1,1,1,1,1,1,1,1,1,1,1,1,1,1,1,1,1,1,1,1,1,1,1,1,1,1,1,1,1,1,1,1,1,1,1,1,1,1,1,1,1,1,1,1,1,1,1,1,1,1,1,1,1,1
11,160,7,180,4511,76 1,1,1,1,1,1
833,4,6686,661,10337,17,132,3712,5,26,17,3375,13902,36,1222,289,3863,2,2058,36,132,3712,1811,36,652,2454,36,2989,12,948,4156,24324,10763,2,195,2,2045,14393,5564,162 1,1,1,1,1,1,1,1,1,1,1,1,1,1,1,1,1,1,1,1,1,1,1,1,1,1,1,1,1,1,1,1,1,1,1,1,1,1,1,1
