67,54,4,29322,354,164,30,5,102,16093,262,4,5561,3,9955,1191,4,5561,3,6201,3768,4,8167,3,1931,2945,28,4,5642,3,2193,1028,542,4,8638,54,4,16378,282,4,40,14,15,1232,1741 1,1,1,1,1,1,1,1,1,1,1,1,1,1,1,1,1,1,1,1,1,1,1,1,1,1,1,1,1,1,1,1,1,1,1,1,1,1,1,1,1,1,1,1,1
832,13,9997,212,5,881,110,100,194,114,556,466,540,698,43,15,2829,12,6,59,518,7,6,1510,2683,7,6,466,17,75,16,21,68,19,452 1,1,10,10,1,1,1,1,1,1,1,1,1,1,1,1,1,1,1,1,1,1,1,1,1,1,1,1,1,1,1,1,1,1,1
12,3192,17,15,513,103,593,9,95,255,7,226,7,184,8,3,23,452,20,2066,159,3144,9,29323,8 1,1,1,1,1,1,1,1,1,1,1,1,1,1,1,1,1,1,1,1,1,1,1,1,1
286,19,29324,3,16,20,55,43,39,1933,10,46,15,416,3173,59,194,114 1,1,1,1,1,1,1,1,1,1,1,1,1,1,1,1,1,1
6,28,258,37,92,21,537,40,1767,13,128,855,34,27,427,17,6,99,170,113 1,1,1,1,1,1,1,1,1,1,1,1,1,1,1,1,1,1,1,1
16,640,7,394,837,5,34,3,5,16,20,126,19,15,676,1685,186,23,905,2304,10,602,306,6465,64,4747,121,242,23,417,1605,20,732,5,16,20,1567,17,688,10,6419 1,1,1,1,1,1,1,1,1,1,1,1,1,1,1,1,1,1,1,1,1,1,1,1,1,1,1,1,1,1,1,1,1,1,1,1,1,1,1,1,1
16,953,89,9,16378,8,19,15,676,1685 1,1,1,1,1,1,1,1,1,1
29325,4,151,9,2644,8,212,9,95,713,111,559,12048,42,51,811,766,490,12,29326,29,429,154,12,16379,111,11,1911,325,8,881,931,29327,2619,142,2207,7563,4,187,562,10,7125,1100,556,466,13,9382,3727,3460,9,29328,8,59,562,7125,1100,556,466,13,9382,3727,9,29329,8,1436,3290,12205,556,466,9,9284,8,53,562,120,16380,3,466,3290,3,1662,1156,7,1434,562,120,3,1662,1156,7,637,556,466,3,1617,7,53,194,114,3,2627,1156,7,789,1591,120,3,2627,1156,7,3608,120,3,2627,1156,7,8594,120,13,849,7,2627,7584,251,9,16381,8,1100,6904,13,466,3290 1,1,4,4,4,4,10,1,1,1,1,1,1,1,1,1,1,1,1,1,1,1,1,1,1,1,1,1,1,1,1,1,1,1,7,15,1,1,1,1,1,1,1,1,1,1,1,1,1,1,1,1,1,1,1,1,1,1,1,1,1,1,1,1,1,1,1,1,1,1,1,1,1,1,1,1,1,1,1,1,1,1,1,1,1,1,1,1,1,1,1,1,1,1,1,1,1,1,1,1,1,1,1,1,1,1,1,1,1,1,1,1,1,1,1,1,1,1,1,1,1,1,1,1,1,1,1,1,1,1,1,1
251,849,17,260,7,637,466,9,16381,8,1615,5,1280,5,5921,1777,10,53,194,114,774,123,58,9,29330,8,39,4,289,171,247,69,452,117,22,32,2684,108,22,69,3596,9614,69,252,547,32,236,125,32,622,141,69,1052,171,276,960,165,180,1034,276,5,1315,1024,1253,2456,167,1126,167,950,231,69,167,29331,897,1592,22,305,9,17,2619,8,9024,3444,10,1587,127,4,4301,5743,150,403,4,2101,206,403,4,245,27,163 1,1,1,1,1,1,1,1,1,1,1,1,1,1,1,1,1,1,1,1,1,1,1,1,1,1,1,1,1,1,1,1,1,1,1,1,13,1,1,1,9,1,1,11,1,1,12,1,1,21,1,1,12,1,1,8,8,1,1,1,1,1,1,1,1,1,1,1,1,1,1,1,1,1,1,1,1,1,1,1,1,1,1,1,1,1,1,1,1,1,1,1,1,1,1,1,1,1,1
579,4,35,135,282 1,1,1,1,1
102,77,4,316,4,292,12042,3,523,1733,3,148,29332,3,716,581,3,231,42,19,658,814,4,2269,12,480,3,15,78,1071,29,3035,227,4,1806,3,863,3,665,3,11,2432,644,4,455,3,11,1099,1213,4,1304,362,4,152,3,2098,3,1289,531,4,59,322,416,16382,306,187,322,3,2554,2004,384,1615,19,1587,3,11,1436,774,352,4,2657,3,1170,233,114,133,4,216,217,3,11,222,1459,217,562,217,12958,1203,4853,1203,4852,1203,457,264,4,401,689,4,506,401,177,4,401,339,4,1232,1741 1,1,1,1,1,1,1,1,1,1,1,1,1,1,1,1,1,1,1,1,1,1,1,1,1,1,1,1,1,1,1,1,1,1,1,1,1,1,1,1,1,1,1,1,1,1,1,1,1,1,1,1,1,1,1,1,1,1,1,1,1,1,1,1,1,1,1,1,1,1,1,1,1,1,1,1,1,1,1,1,1,1,1,1,1,1,1,1,1,1,1,1,1,1,1,1,1,1,1,1,1,1,1,1,1,1,1,1,1,1,1,1,1,1,1,1,1
832,13,142,3,881,3,2207,3,151,121,61,170,65,139,488,452,17,15,104,103,593,13,1585,3,14608,1587,543,13,199,19,209,2025,7,59,562,10,29333,556,466 1,1,7,1,1,1,15,1,4,1,1,1,1,1,1,1,1,1,1,1,1,1,1,1,1,1,1,1,1,1,1,1,1,1,1,1,1,1,1
104,4,1078,168,149,86,676,2513,9,1067,839,8409,8,439,29334,3652,3684,633,751,1617,13,443,5898,7,1069,194,114,497,1931,2945,8167,3,107 1,1,1,1,1,1,1,1,1,1,1,1,1,1,1,1,1,1,1,1,1,1,1,1,1,1,1,1,1,1,1,1,1
16383,207,164,710,47,29335,1401,235,13,6201,5561,3,1689,3,354,1191 1,1,1,1,1,1,1,1,1,1,1,1,1,1,1,1
