67,54,4,29375,513,112,33,71,39,4,2414,29376,12208,960,558,1034,1230,4225,3,3793,4300,29377,22,69,3140,501,22,69,706,755,22,32,126,99,113,815,125,22,32,236,125,22,32,784,707,279,22,608,452,210,22,32,9,17,3469,251,8,252,462,22,32,3782,13,487,9195,22,135,65,12,10869,228,2125,586,22,10572,512,13,487,501,22,32,546,52,14306,4670,32,404,17,112,4,71,439 1,1,1,1,1,1,1,4,1,1,8,1,1,8,1,1,1,1,1,1,1,1,1,1,1,1,1,1,1,1,1,1,1,1,1,1,1,1,1,12,1,1,1,9,9,1,1,1,1,1,1,1,1,1,1,1,1,11,1,1,1,1,1,1,1,1,1,1,1,1,1,1,1,1,1,1,1,1,1,1,1,1,1,1,1,1,1,1,1,1,4,1
464,31,29378,115,13,29379 1,1,1,1,1,1
38,429,154,95,4,408,6198,408 1,1,1,1,1,1,1,1
46,1033,359,27,29380 1,1,1,1,1
2023,82,16392 1,1,1
38,58,1105,175,12,272,5,175,12,973 1,1,1,1,1,1,1,1,1,1
353,4,682,4,10826,3,12209,3,5145,59,4,8053,5,11319,73,4,484,145,911,408,29381,4,450,4,1429,3059,2204,1230,2646,149,4,16393,392,581,3,888,1293,16393,1284,29382,9,83,8,29383,1284,10310,9,83,8,102,77,4,56,192,5,104,4,71 1,1,1,1,1,1,1,1,1,1,1,1,1,1,1,1,1,1,1,1,1,1,1,1,1,1,1,1,1,1,1,1,1,1,1,1,1,16,16,16,16,16,16,16,16,16,16,16,16,1,1,1,1,1,1,1,1,4
2248,6534,7560,37,237,52,1586,1509,43,312,532,5,237,1255,43,476,1535,7,4423,5,16394,19,366 1,1,1,1,1,1,1,1,1,1,1,1,1,1,1,1,1,1,1,1,1,1,1
235,484,4489,408,826 1,1,1,1,1
18,21,2593,709,7,6238,5,165,10,4423,29384,7,11550,649,19,137,486,105,228 1,1,1,1,1,1,1,1,1,1,1,1,1,1,1,1,1,1,1
550,527,10,2417,2414,228,157,40 1,1,1,1,8,1,1,1
527,10,1107,67,7,1199,3,2023,5,165 1,1,1,1,1,1,1,1,1,1
160,5000,1089,75,41,52,1567,89 1,1,1,1,1,1,1,1
513,4,64,5951,29385,8731,7241,12873,3,2178,3,1203,3,16395 1,1,1,1,1,1,1,1,1,1,1,1,1,1
