69,49,4,24551,1215,579,2,1740,3129,6547,2,96 18,1,1,1,1,1,1,1,1,1,1,1
6412,378,325,1124,6412,1120,144,723,8309,518,9254,2,371,14446,536,4,2863,2,4783,1940,485,4,10786,828,3129,4,47,39,6,1068,7,930,287,2863,12,562,203,80 1,1,1,1,1,1,1,1,1,1,1,1,1,1,1,1,1,1,1,1,1,1,1,1,1,1,1,1,1,1,1,1,1,1,1,1,1,1
38,4956,24552,307,471,21,39,78,89,30,686,17,164,143,76,2,127,2,599,2204,1520,2,438,2,2039,2,1407,139,304,488,475,1181 1,1,1,1,1,1,1,1,1,1,1,1,9,9,9,1,10,1,1,1,1,1,1,1,1,1,1,1,1,1,1,1
16,279,80,490,7,15,134,1684,7,1972,164,143,76 1,1,1,1,1,1,1,1,1,1,9,9,9
24,30,7,164,143,76,5599,13,24,1464,640,24,488,475,1181,12,1215,7,9715,12,24553,16,39,63,656,7,6793,394,5,1048,423 1,1,1,9,9,9,1,1,1,1,1,1,1,1,1,1,1,1,1,1,1,1,1,1,1,1,1,1,1,1,1
16,39,11,90,2544,44,94,2,274,7,3473,26,79 1,1,1,1,1,1,1,1,1,1,1,1,1
1243,27,37,95,1717,15,7330,215,71,222,31,2159,3968,313,5,63,1134,13,63,872,1177,7,196,41 1,1,1,1,1,1,1,1,1,1,1,1,1,1,1,1,1,1,1,1,1,1,1,1
16,1220,364,27,37,845,12,95,13,172,2,4299,2,632,1883,2,235,2,1020,2,2161,2,14443,2,2582,2,5,2146 1,1,1,1,1,1,1,1,1,11,1,37,1,1,1,1,1,1,13,1,1,1,1,1,1,1,1,1
16,39,61,739,7,939,112,2,44,2,349,5,1288,34,2,2095,2094,366,2,655,2,396,2,756,5,1826,532,38,78,2470 1,1,1,1,1,1,1,1,1,1,1,1,1,1,1,1,1,1,1,1,1,1,1,1,1,1,1,1,1,1
16,2020,39,346,214,57,13,328,2398,2864,317,6495,91,997,27,14447,5,640,15,24554,121,2864,1763,5,5978,24,121 1,1,1,1,1,1,1,1,1,1,1,1,1,1,1,1,1,1,1,1,1,1,1,1,1,1,1
12,1110,7,1740,16,1220,6230,37,151,16,20,781,100,6,1408,3609,12,24,1477,16,1220,460,24555,44,422,5,106,366,27,6,965,7,6,1965 1,1,1,1,1,1,1,1,1,1,1,1,1,1,1,1,1,1,1,1,1,1,17,17,17,17,17,17,1,1,1,1,1,1
16,795,1544,13,6,24556,27,37,845,5,20,5305,19,3784,364 1,1,1,1,1,1,1,1,1,1,1,1,1,21,1
136,37,95,16,21,166,37,16,21,39,182,1248,12,115,5,191,6,78,223,21,2020,39,11,301,10,60,3178,3982,5,21,61,290,6,275,4633,7,1965,86,572 1,1,1,1,1,1,1,1,1,1,1,1,1,1,1,1,1,1,1,1,1,1,1,1,1,1,21,21,1,1,1,1,1,1,1,1,1,1,1
16,113,99,713,5,2039,1155,37,16,14,2538,316,51,10,102,697,15,420 1,1,1,1,1,1,1,1,1,1,1,1,1,1,1,1,1,1
16,113,126,10,55,739,7,2095,2094,366,2,655,2,396,26,1251 1,1,1,1,1,1,1,1,1,1,1,1,1,1,1,1
89,322,1128,3567,2,2908,2,2847,105,2763,2,230,2,2146,2,2161,5,172 1,1,1,1,1,1,1,21,1,1,1,7,1,1,1,1,1,11
16,21,11,334,624,137 1,1,1,1,1,1
19,93,73,67,94,151,16,523,2418,27,308,20,166,10,55,24557 1,1,1,1,1,1,1,1,1,1,1,1,1,1,1,5
27,6,156,95,84,14,24558,13,15,2863,2,4783,1940,485,4,10786,1215,579,2,1740,1357,248,118,145,7,1516,5,15,372,145,7,1065,68,14,11,383,12,1078,580,94 5,5,5,5,5,5,5,1,1,1,1,1,1,1,1,1,1,1,1,1,1,1,1,1,1,1,1,1,1,1,1,1,1,1,1,1,1,1,1,1
24,625,53,739,7,229 1,1,1,1,1,1
24,226,53,3491,90,10,452,722,2,5,91,73,14,686,17,15,4232,1457,2,246,5,24559,253,13,11,417,2,1371,26,1422 1,1,1,1,1,1,1,1,1,1,1,1,1,1,1,1,1,1,1,1,1,1,1,1,1,1,1,1,1,1
263,73,14,686,17,15,2996,832 1,1,1,1,1,1,1,1
68,14,11,1119,5,5303,53,68,229,156 1,1,1,1,1,1,1,1,1,1
197,217,53,686,17,171,582,2,1063,2,2493,2293,5,806,2104,243,13,11,79 1,1,1,1,1,1,1,1,1,1,1,1,1,1,1,1,1,1,1
181,73,14,686,316,17,6,24560,24561 1,1,1,1,1,1,1,1,1
1322,14,686,17,15,52,3209,1871,984,71,14,280,136,158,3112,1509,401,7,24562 1,1,1,1,1,1,1,1,1,1,1,1,1,1,1,1,1,1,1
1149,20,686,316,17,15,1583,3008,2506,2087,5,11,182,313,19,24563 1,1,1,1,1,1,1,1,1,1,1,1,1,1,1,1
6,872,1177,19,15,13613,10201,20,2163,41 1,1,1,1,1,1,1,1,1,1
12,1246,2,84,479,37,287,2863,176,50,1898,15,280,729,743,3817,12,15,52,3209,1871,984,12,1110,7,8716,16,519,2,278,2,85,50,533,24,1387,3848,1557,76,5,50,6,3008,2087,19,24,1149,7276,316,10,15,52,3209,1871,984 1,1,1,1,1,1,1,1,1,1,1,1,1,1,1,1,1,1,1,1,1,1,1,1,1,1,1,1,1,1,1,1,1,1,1,1,1,1,1,1,1,1,1,1,1,1,1,1,1,1,1,1,1,1,1
47,40,55,5773,6,763,2435,10,1029,784,678,1941 1,1,1,1,1,1,1,1,1,1,1,1
12,1375,2834,16,14,110,739,7,115,19,24,231,89,322,1170,24,264,121,5,24,264,67,94 1,1,1,1,1,1,1,1,1,1,1,1,1,1,1,1,1,1,1,1,1,1,1
47,1758,1061,13,241,2262,65,1546,5,121,274,5,6197,13,1833,364,71,47,209,383,10,284,22,327 1,1,1,1,1,1,1,1,1,1,1,1,1,1,21,1,1,1,1,1,1,1,1,1
998 1
47,85,209,539,241,1248,7,24,544,13,1226,364,48,209,316,539,38,117,14448,24,1338,10,24564,24,1546,1763 1,1,1,1,1,1,1,1,1,1,1,1,1,1,1,1,1,1,1,1,1,1,1,1,1,1
124,24,2364,7,115,27,6,156,95,13,24,1054,82,996,2,47,209,4624,10,2029,19,6,89,364,4267 1,1,1,1,1,1,1,1,1,1,1,1,1,1,1,1,1,1,1,1,1,1,1,1,1
47,880,37,16,519,55,24565,10,997,27,14447,13,6,7083,37,241,2737,319,433,170,168,19,1597,12,2858,7,328,2398,2864 1,1,1,1,1,1,1,1,1,1,1,1,1,1,1,1,1,1,1,1,1,1,1,1,1,1,1,1,1
47,1758,2869,2648,10,3468,38,1533,241,13,329 1,1,1,1,1,1,1,1,1,1,1
84,74,1758,15,1068,10,2011,12,24,203 1,1,1,1,1,1,1,1,1,1
1027,2,24566,3173,24567,2,96 1,1,1,1,1,1,1
800,4,14449,827,4,24568,818,4,14449,24569,232,31,177,42,240,312,232 1,1,1,1,1,1,1,1,1,1,1,1,1,1,1,1,1
