67,54,4,29521,1322,379,358,17,96,115 1,1,1,1,1,1,1,1,1,1
1268,1264,7,1013,34,12,666 1,1,1,1,1,1,1
11,1111,26,474 1,1,1,1
391,60,27,421,13,11,760,26,739 1,1,1,1,1,1,1,1,1
391,12,859,35,6700,10,29522 1,1,1,1,1,1,1
461,992,7,381,1432,7,1199,909,544,911,134,16,724,3066 1,1,1,1,1,1,1,1,1,1,1,1,1,1
1770,299,4813,43,150,2084 1,1,1,1,1,1
11,1654,26,4287 1,1,1,1
147,817,130,371,209,756,350,76,106,1354,2682,703,623,1394,287,209,153,1029,330,354,76,110,70,10008,556,5790,623,635,1112,1537,12222 1,1,1,1,1,1,1,1,7,1,1,1,1,1,15,1,1,1,1,1,1,1,1,1,1,1,1,1,1,1,1
221,43,64,7661,12,12223,121,420,87,96,115 1,1,1,1,1,1,1,1,1,1,1
39,706,647,36,45,9,73,8,25,32,49,35,496,452,9,1484,456,8,36,45,9,73,8,25,608,49,35,496,135,5735,2261,782,515,36,45,9,73,8,25,892,49,35,496,2427,9,1650,4194,8,378,36,45,9,73,8,25,305,49,35,496,1916,672,36,45,9,73,8,25,32,49,35,496,4374,9,2541,1341,3772 1,1,1,1,1,1,1,1,1,1,1,1,1,1,1,1,1,1,1,1,1,1,1,1,1,1,1,1,1,1,1,1,1,1,1,1,1,1,1,1,1,1,1,25,1,1,1,1,1,1,1,1,1,1,1,1,1,1,1,1,1,1,1,1,1,1,1,1,1,1,1,1,1,1,1,1
8,4090,36,45,9,73,8,25,32,49,35,496,512,1072,9,501,22,3884,399,8,846,36,45,9,73,8,25,32,49,35,496,1819,4909,36,45,9,73,8,25,2077,49,35,496,2425,12224,36,45,9,73,8,25,2077,49,35,496,962,9,1118,8,378,36,568,9,73,8,25,32,610,1400,686,36,45,9,73,8,25,69,49,35,496,289,9,932,8,549,36,45,9,73,8,25,69,49,35,496,2273,9,5933,8,2022,36,568,9,73,8,25,32,49,35,496,127,1339,874,77,4,140,4234,9,467,615,842,8,148,3811,133,1000,197,60,155,4,416,1065,27,649,13,1441,327,783,51,11,407 1,1,1,1,1,1,1,1,1,1,1,1,1,1,1,1,1,1,1,1,1,1,1,1,1,1,1,1,1,1,1,1,1,1,1,1,1,1,1,1,1,1,1,1,1,1,1,1,1,1,1,1,1,1,1,1,1,1,1,1,1,1,1,1,1,1,1,9,1,1,1,1,1,1,1,1,1,1,1,1,1,1,1,1,1,1,1,1,1,1,1,1,1,1,1,1,1,1,1,1,1,1,1,1,1,1,1,1,1,1,1,1,1,1,1,1,1,1,1,1,1,1,1,1,1,1,1,1,1,1,1,1,1,1,1,1,1,1,1,1,1
362,4,280,152,5,396,531,4,11,93 1,1,23,1,1,1,1,1,1,1
666,4,11,1111,26,474,873,458,4,211 1,1,1,1,1,1,1,1,1,1
155,77,27,472 1,1,1,1
96,61,355 1,1,1
803,4,211 1,1,1
142,4,211 1,1,1
812,4,9282,4347,19,3981,1475,12,1519 1,1,1,1,1,1,1,1,1
1260,10,724,2335,3,49,23,85,5,2208,1199,12,381,5995 1,1,1,1,1,1,1,1,1,1,1,1,1,1
623,635,4,221,43,64,7661,19,29523,5,514,3757,13,53,442,70 1,1,1,1,1,1,1,1,1,1,1,1,1,1,1,1
23,104,14,87,77 1,1,1,1,1
1084,269,554,4,41,52,46,838,12,6,441,129 1,1,1,1,1,1,1,1,1,1,1,1
1013,4,773,201,10,454,1013,224,4,64,10009,17,96,115 1,1,1,1,1,1,1,1,1,1,1,1,1,1
86,13,706 1,1,1
436,936,1512,8643,393,29524,7278,1951,4,602,286,669,779,77,8643,554,1084,16421,175,565,16422,319,7,544,359,33,269,1980,16423,359,238,161,8643,636,15,1095,2705,16424,433,144,972,96,115,12,544,129 1,1,1,1,1,1,1,1,1,1,1,1,1,1,1,1,1,1,1,1,1,1,1,1,1,1,1,1,1,1,1,1,1,14,14,14,1,1,1,1,1,1,1,1,1,1
7792,3361,2747,4550,3,107 1,1,1,1,1,1
