69,49,4,24578,7050,6062,14452,1045,11,4,14453,14454,14455,144,2013,325,49,4,1326,579,2,3226,24579,345,17,207,100,7,15,134,950,97,3620 18,1,1,1,1,1,1,1,1,1,1,1,1,1,1,1,1,1,1,1,1,1,1,1,1,1,1,1,1,1,1,1,1
1249,2,39,106,149,1101,118,353,2,117,1041,106,12579 1,1,1,1,1,1,1,1,1,1,1,1,1
1249,16,2349,286,2,16,20,316,12,6,144,17,934,697 1,1,1,1,1,1,1,1,1,1,1,1,1,1
136,377,2,16,21,61,448,57 1,1,1,1,1,1,1,1
16,404,2112,15,1234,24580,12,24,1184,5,847,250,48,11,702,2,655,2,366,19,639,26,44,34 1,1,1,1,1,1,1,1,1,1,1,1,1,1,1,1,1,1,1,1,1,1,1,1
68,129,11,142,7,24,560 1,1,1,1,1,1,1
78,89,30,4,9,35,8,178,13,421,4,585,7,244,41 1,1,1,1,1,1,1,9,1,1,1,1,1,1,1
9,51,8,127 1,1,1,10
9,102,8,336,343,76 1,1,1,1,1,1
9,183,8,1472 1,1,1,1
9,83,8,2805 1,1,1,1
9,259,8,132,776 1,1,1,1,1
9,481,8,254 1,1,1,16
9,614,8,1413 1,1,1,1
77,4,235,130,22,1004,2,2146,24581,22,6429,2,2525,9200,22,6429,2,556,196,22,793,15,107,2,517,83,22,641,2,493,32,119,5759,308,2,2307,109,22,8894,2,2847,105,22,2763,2,3644,105,2023,641,2,5099,594,22,641,2,442,5,632,495,793,15,107,2,2452,204,22,641,2,2221,594,22,998 1,1,1,1,1,1,1,1,1,1,1,1,1,1,1,1,1,7,1,1,1,1,1,1,1,1,1,1,1,1,1,1,1,1,1,1,1,1,1,1,21,1,1,1,1,1,1,1,1,1,1,1,1,1,1,1,1,1,1,1,1,1,1,1,1,1,1,1,1,1,1,1
5,24582,447,22,1009,102,98,119,223 1,1,1,1,1,1,1,1,1
93,73,4,121,4,8697,2,423,259,643,65,1452 1,1,1,1,1,1,1,1,1,1,1,1
24,67,94,80,14,4575 1,1,1,1,1,1
24,296,14,12,6,368,74,5,610,2160 1,1,1,1,1,1,1,1,1,1
112,4,614,601,920 1,1,1,1,1
226,4,598,1459,194,302,2,90 1,1,1,1,1,1,1,1
91,4,2218,2160,2,246,2,253 1,1,1,1,1,1,1,1
187,4,133,5,375 1,1,1,1,1
217,4,11,79,19,6,70 1,1,1,1,1,1,1
617,754,79,19,6,52 1,1,1,1,1,1
833,4,139,304,656,7,1101,118,353,239,10,2441,3231,4,479,10,55,185,110,13,1248,12,24,121 1,1,1,1,1,1,1,1,1,1,1,1,1,1,1,1,1,1,1,1,1,1,1,1
126,156,89,322 1,1,1,1
92,39,15,1979,19,6,2189,7,333,2577 1,1,1,1,1,1,1,1,1,1
1845,2236,10214 1,1,1
40,355,125,1256,10788,1209,38,376,12,1326,5,47,40,125,170,428,12,1091 1,1,1,1,1,1,1,1,1,1,1,1,1,1,1,1,1,1
5501,3756,2,96 1,1,1,1
24583 1
