67,54,4,29566,39,236,171,22,25,36,298,32,2382,8574,22,25,36,298,32,1782,2974,22,25,36,298,32,906,36,298,32,175,1008,154,2126,4,35,496 1,1,1,1,1,81,1,1,1,1,1,1,1,1,1,1,1,1,1,1,1,1,1,1,1,1,1,1,1,1,1,1,1,1,1,1,1
1986,829,22,25,36,298,32,4917,9,12227,8,141,22,25,36,298,32,512,2994,846,3,58,45,9,73,8,25,69,4102,9,8644,8,58,1222,2530,69,2681,1092,9,3990,1092,8,58,1222,2530,69,1827,9,203,1148,1463,8,1026,3,36,45,9,73,8,25,36,16433,289,9,932,8,1632,3,58,45,9,73,8,25,69,613,9,610,1400,8,686,3,829,45,9,73,8,25,69,2201,2994,9,2326,2994,8,901,3,36,45,9,73,8,25,305,809,9,348,8,846,3,58,45,9,73,8,25,4,58,298,25,605,3,58,298,25,608 1,1,1,1,1,1,1,13,1,13,1,1,1,1,1,1,1,1,1,1,1,1,1,1,1,1,1,1,1,1,1,1,1,1,1,1,1,1,1,1,1,1,1,1,1,1,11,1,11,11,11,11,1,1,1,1,1,1,1,1,1,1,1,1,1,1,1,1,1,1,1,1,1,1,1,9,1,1,1,1,1,1,1,1,1,1,1,1,1,1,1,1,1,1,1,1,1,1,1,1,1,1,1,1,17,1,1,1,1,1,1,1,1,1,1,1,1,1,1,1,1,1,1,1,1,1
3782,1327,36,298,25,69,1731,9,5069,8,4215,3,36,45,9,73,8,25,69,9008,9,906,8,36,298,25,32,2125,9,4052,8,3326,3,36,45,9,73,8,25,2634,962,9,1118,8,378,3,36,568,9,73,8,25,69,147,9933,494,4,12,29567,333,20,1413,13,1332,11529,233,174,5383,409 1,1,1,1,1,1,33,1,1,1,1,1,1,1,1,1,1,1,1,1,1,1,1,1,1,1,1,1,1,1,1,1,1,1,1,1,1,1,1,1,1,1,1,1,1,1,1,1,1,1,1,1,1,1,1,1,1,1,1,1,1,1,1,1,1,1,1,1,1
21,68,299,129,3336,1332 1,1,1,1,1,1
464,190,2271 1,1,1
41,144,333,89 1,1,1,1
287,4,64,8423,95,84,236,10,2620 15,1,1,1,1,80,81,80,80
2113,5276,5,500,151,179,31,575,520 1,1,1,1,4,1,1,1,1
29568,4,95,118,10,171,22,32,5,772,1579,144,89 1,1,1,1,1,1,1,1,1,1,1,1,1
71,324,4,232,179 4,4,1,1,1
144,398,89 1,1,1
363,4,24,1020,583,95,5,16,20,24,1264,14917 1,1,1,1,1,1,1,1,1,1,1,1
18,753,10,52,29569,999,51,14,954,5404,97,681,12,6,1767,7,206,26,174,308 1,1,1,1,1,1,1,1,1,1,1,1,1,1,1,1,1,1,1,1
21,1261,223,929,47,159,12136,290,10,500,1059 1,1,1,1,1,1,1,1,1,1,1
109,31,3111,10,49,88,312,254 1,1,1,1,1,1,1,1
50,41,122,24,312,1041 1,1,1,1,1,1
316,205,148,8470,3,364,1000,3,655,3583,948,117,2302,439 1,1,1,1,1,1,1,1,1,1,1,1,1,1
