69,49,4,25067,8916,144,312,2243,25068,7642,3710,6480,2,8917,8918,2,1141,8919,8920,9,5493,8,8921,8927,9,6734,8,8922,3058,4,6,29,1263,460,61,12,4533,17,6,8315,12,6,78,1859,198 1,1,1,1,1,1,1,1,1,1,1,1,1,1,1,1,1,1,1,1,1,1,1,1,1,1,1,1,1,1,1,1,1,1,1,1,1,1,1,1,1,1,1,1,1
23,943,7357,4282,497,236,26,393 1,1,1,1,1,1,1,1
18,14,748,1039,419,13,553,34,48,3521,214,2252 1,1,1,1,1,1,1,1,1,1,1,1
18,687,37,17,6,78,248,236,18,523,39,106,2544,94,71,5656,423,890,23,187,5,110,3195,7,460,153,300,1129,866,153,26,248,236,18,14,460,15,300,1129,497,511,15,223,71,14,7862,5,31,4731 1,1,1,1,1,1,1,1,1,1,1,1,1,1,1,1,1,1,1,1,1,1,1,1,1,1,1,1,1,1,1,1,1,1,1,1,1,1,1,1,1,1,1,1,1,1,1,1,1
18,1730,2719,19,25069,5,14,2230,1216,419 1,1,1,1,1,1,1,1,1,1
18,21,31,39,87,44,34,2,1257,2,396,2,250,26,1919 1,1,1,1,1,1,1,1,1,1,1,1,1,1,1
18,21,11,901,359 1,1,1,1,1
18,21,31,61,201,42,6,3880,288 1,1,1,1,1,1,1,1,1
23,895,14,199 1,1,1,1
18,21,6420,3374 1,1,1,1
18,2280,23,8037,19,15,3374,1988,2,58,14410,2,460,1599,65,58,5549 1,1,1,1,1,1,1,1,1,1,1,1,1,1,1,1,1
18,14,31,4569,529 1,1,1,1,1
18,14,31,8442,5,21,31,1376,87,121 1,1,1,1,1,1,1,1,1,1
23,168,34,14,1039,419 1,1,1,1,1,1
77,4,18,14,19,6,640,77,4,161,210,105,22,998 1,1,1,1,1,1,1,1,1,1,12,1,1,1
165,8924,931,22,1190 1,22,1,1,1
186,1650,183,22,4993 1,31,1,1,1
249,10827,204,22,998 1,7,1,1,1
351,2224,1296,22,12,6,1960,5,594,6,1485,9,1599,10,594,22,1004,8 1,1,1,1,1,1,1,1,1,1,1,1,1,1,1,1,1,1
459,960,594,22,1190 1,1,1,1,1
636,2622,7221,22,154,123,15,376 1,1,1,1,1,1,1,1
843,4432,83,22,579,123,15,376 1,1,1,1,1,1,1,1
1038,1721,1722,172,474,22,998 1,11,11,11,1,1,1
1065,442,6065,22,998 1,1,1,1,1
163,7,213,4,23,81,21,61,1073,14546,5,2472,6,1650,40,1029,23,977,419 1,1,1,1,1,4,1,1,1,1,1,1,1,31,1,1,1,1,1
18,416,37,18,826,6,1650,12,6,465,5,18,404,214,2572,27,14547,1155,37,18,21,10,433,63,7524,4145 1,1,1,1,1,1,31,1,1,1,1,1,1,1,1,1,1,1,1,1,1,1,1,1,1,1
18,687,37,23,67,848,21,4522,48,151,18,2642,84,2,84,21,61,1013,204,22,41,5,47,2517,10,23,37,84,14,15,43,67,848,48,84,176,55,37,6,1593,1757,23,10,50,115 1,1,1,1,1,1,1,1,1,1,1,1,1,1,1,1,1,1,1,1,1,1,1,1,1,1,1,1,1,1,1,1,1,1,1,1,1,1,1,1,1,1,1,1,1
93,122,4,18,5788,3850,727,14544,71,14,15,121,1313,17,23 1,1,1,1,1,1,1,1,1,1,1,1,1,1,1
23,67,94,14,25070,12,6,70,349,1147,13,15,4266,2362 1,1,1,1,1,1,1,1,1,1,1,1,1,1
18,479,32,15,57,533,2,779,769,528,2,992,1799,2,2889,2252,5,319,316,433,100,19,6,8017,4177,13,907,490,7,23,168,34 1,1,1,1,1,1,1,1,1,1,1,1,1,1,1,1,1,1,1,1,1,1,1,1,1,1,1,1,1,1,1,1
68,14,11,2055,2,673,26,79 1,1,1,1,1,1,1,1
6,1237,53,1967,2,1221,5,1025,5,5688,4639,10,688,5,4571 1,1,1,1,1,1,1,1,1,1,1,1,1,1,1
1841,5,1184,122,14,483 1,1,1,1,1,1
112,1486,53,919 1,1,1,1
625,53,171,5,1025,5,86,1059 1,1,1,1,1,1,1,1
226,53,90,10,289,75,15 1,1,1,1,1,1,1
2641,1892,11,342,26,377 1,1,1,1,1,1
6,118,14,31,1790 1,1,1,1,1
68,14,15,135,399,212,5,11,182,387 1,1,1,1,1,1,1,1,1,1
246,5,253,53,7,43,3043 1,1,1,1,1,1,1
902,5,3139,53,31,549 1,1,1,1,1,1
300,302,53,43 1,1,1,1
68,53,11,263,342,26,277 1,1,1,1,1,1,1
38,14,15,528,25071 1,1,1,1,1
812,20,2119 1,1,1
18,21,2036,336,243,5,476,2959,2325,12,23,744 1,1,1,1,1,1,1,1,1,1,1,1
320,4,161,81,341,2,1073,14546 1,1,1,4,4,1,1,1
40,155,9911,80 1,1,1,1
165,381,527 1,1,1
186,8923,4838,13,3423 1,1,1,1,1
249,789,19,210 1,16,1,12
351,121,583,860 1,1,1,1
526,8925,1940,8926,2,96 1,1,1,1,1,1
813,25072,25073,800,4,8927,827,4,8927,818,4,8927 1,1,1,1,1,1,1,1,1,1,1,1
