69,49,4,25077,8916,144,312,2243,10743,7642,3710,6480,2,8917,8918,2,1141,8919,8920,9,5493,8,8921,8928,9,6734,8,8922,6,29,1263,31,460,61,201,136,97,1615,42,260,5,27,71,95,18,39,106,44,34,71,222,31,10767,286,10,55,2916,182 1,1,1,1,1,1,1,1,1,1,1,1,1,1,1,1,1,1,1,1,1,1,1,1,1,1,1,1,1,1,1,1,1,1,1,1,1,1,1,1,1,1,1,1,1,1,1,1,1,1,1,1,1,1,1,1,1,1
18,14,453,100,42,58,7076,104,549,37,18,39,15,1814,7,914,5,18,20,27,37,95,19,184,32,57,32,23,150,381,77 1,1,1,1,1,1,1,1,1,1,1,1,1,1,1,1,1,1,1,1,1,1,1,13,1,1,1,1,1,1,1
18,774,168,65,4533 1,1,1,1,1
18,14,19,6,640,77,4,161,210,105,22,998 1,1,1,1,1,1,1,1,12,1,1,1
165,8924,931,22,1190 1,22,1,1,1
186,987,447,22,1190 1,20,1,1,1
249,1201,196,22,1190 1,26,1,1,1
351,1650,183,22,4993 1,31,1,1,1
459,10827,204,22,998 1,7,1,1,1
636,2224,1296,22,12,6,1960,761,22,12,6,2946,843,960,594,22,1190 1,1,1,1,1,1,1,1,1,1,1,1,1,1,1,1,1
9,18,20,936,18,519,3216,38,8,1038,2622,5,4432,2191 1,1,1,1,1,1,1,1,1,1,1,1,1,1
1065,172,474,22,998 1,11,1,1,1
1718,442,6065,22,998 1,1,1,1,1
18,416,80,37,23,187,21,61,2088,17,6,78,83,123 1,1,1,1,1,1,1,1,1,1,1,1,1,1
18,21,31,39,15,300,1129,12,109,123 1,1,1,1,1,1,1,1,1,1
18,25078,21,15,300,1129,631,866,51,236 1,1,1,1,1,1,1,1,1,1
18,826,3307,10,3073,23,6692,5,18,14,10829,1648,173,23,567,104,14,8333 1,1,1,1,1,1,1,1,1,1,1,1,1,1,1,1,1,1
18,21,2872,17,23,567,2,3312,23,433,15,3221,2,5,6,567,14,10307,4289,2,5,47,50,1293,6,29,37,18,454,55,12,15,972,7291 1,1,1,1,1,1,1,1,1,1,1,1,1,1,1,1,1,1,1,1,1,1,1,1,1,1,1,1,1,1,1,1,1,1
6,29,11,1735,203,17,23,567,5,23,567,10143,3307,173,23,603,5,477 1,1,1,1,1,1,1,1,1,1,1,1,1,1,1,1,1,1
84,14,15,25079,2150,5,1280,606,129,2251,12,1979,7,6,567,74,360,5,1127,6,29,209,273,173,38 1,1,1,1,1,1,1,1,1,1,1,1,1,1,1,1,1,1,1,1,1,1,1,1,1
47,50,936,23,10,245,106,4122,13249,5,4122,42,1414,17,2107,7277,14549,2,598,38,14,31,63,25080,5190,17,23,5,47,50,1817,15,1501,7,67,968,10,155,19,23,81,2,1018,496,2,2162 1,1,1,1,1,1,1,1,1,1,1,1,1,1,1,1,1,1,1,1,1,1,1,1,1,1,1,1,1,1,1,1,1,1,1,1,1,1,1,4,4,1,1,1,1,1
18,21,15,199,312,12,4533,819,18,14,2788,10,3073,12,1215,5,18,40,808,10,260,400,223,17,15,991,93 1,1,1,1,1,1,1,1,1,1,1,1,1,1,1,1,1,1,1,1,1,1,1,1,1,1,1
18,113,50,381,527,149,5,381,1358,149 1,1,1,1,1,1,1,1,1,1
23,168,21,2182 1,1,1,1
18,11,1735,1822,15,2611,10,974,820,19,4682,1965 1,1,1,1,1,1,1,1,1,1,1,1
18,11,1735,21,87,44,34,26,255,7,194 1,1,1,1,1,1,1,1,1,1,1
18,14,10829,2071,5,2472,18,40,25081,10,6,7283,37,47,1931,23 1,1,1,1,1,1,1,1,1,1,1,1,1,1,1,1
488,95,2251,432,38,101,20,1280,606 1,1,1,1,1,1,1,1,1
526,8925,1940,8926,2,96 1,1,1,1,1,1
813,25082,4597,2746,800,4,8928,827,4,8928,818,4,8928 1,1,1,1,1,1,1,1,1,1,1,1,1
