67,54,4,29916,3309,15,9571,168,55,79,4,5776,3,12256,509,47,4,12257,54,7,168,4,29917,262,4,1085,4,79,3,79,82,491,5,1037,3,940 1,1,1,1,1,1,1,1,1,1,1,1,1,1,1,1,1,1,1,1,1,1,1,1,1,1,1,1,1,1,1,1,1,1,1,1
426,4,616,3,2819,700,3,535,1438,135,150,282,4,1232,379,719,13,674,7,151,3,1319,3,567,399,3,690,3,121,14,110,1416,164,19,16496,61,13,267,65,7,2819,700,3,323,3,131,2151,5,5068 1,1,1,1,1,1,1,1,1,1,1,1,1,1,1,1,1,1,1,4,1,1,1,1,1,1,1,1,1,1,1,1,1,1,1,1,1,1,1,1,1,1,1,1,1,1,1,1,1
18,21,15,472,1432,7,118,4942,3,377,1059,3,5,118,3843,225,6,80,58,87 1,1,1,1,1,1,1,1,1,1,1,1,1,1,1,1,1,1,1,1
18,1041,4942,1153,26,31,18,21,943,24,39 1,1,1,1,1,1,1,1,1,1,1
18,1119,2718,24,163,35,24,321,14,406,43,618,34,5,226,7,184 1,1,1,1,1,1,1,1,1,1,1,1,1,1,1,1,1
18,1170,963,6,1422,4825,5,186,18,109,92,14,712,66,6,859,10,6,6346,135,24,491 1,1,1,1,1,1,1,1,1,1,1,1,1,1,1,1,1,1,1,1,1,1
18,21,38,170,667,12,6,95,87 1,1,1,1,1,1,1,1,1
18,109,31,2741,5,14,1057,681,602,308,306,24,1037,121,245,13,24 1,1,1,1,1,1,1,1,1,1,1,1,1,1,1,1,1
27,24,472,3,24,150,14,479,37,18,21,68,387,3122,82,76 1,1,1,1,1,1,1,1,1,1,1,1,1,1,1,1
7545,65,183,3,18,526,1416,164,19,24,187,412,5,20,12,24,712,258,7,436,17,170,65,4161 1,1,1,1,1,1,1,1,1,1,1,1,1,1,1,1,1,1,1,1,1,1,1,1
313,3,267,65,183,3,18,126,10,5068,2123,18,20,122,7380,3,4002,5,2899 1,1,1,1,1,1,1,1,1,1,1,1,1,1,1,1,1,1,1
24,150,55,37,18,38,535,2408,3487,5,98,2907,12259,27,85 1,1,1,1,1,1,1,1,1,1,1,1,1,1,1
18,98,640,7,616,3,38,62,118,2819,700,3,5,242,31,1081,10,724,394,2893,11,1751,12,1199,5,631,18,20,3106,223,31,52,449,10,1475 1,1,1,1,1,1,1,1,1,1,1,1,1,1,1,1,1,1,1,1,1,1,1,1,1,1,1,1,1,1,1,1,1,1,1
18,21,98,68,667,4297,244,1435,95,3,470,681,470,37,18,21,11049,4297,19,24,8592,27,6,1429,3666 1,1,1,1,1,1,1,1,1,1,1,1,1,1,1,1,1,1,1,1,1,1,1,1,1
313,3,18,21,98,10973,115,1041,27,421,3,2209,2355,12259,5,711,744,299,115,5,1101,10,2741,1429,27,10875 1,1,1,1,1,1,1,1,1,1,1,1,1,1,1,1,1,1,1,1,1,1,1,1,1,1
24,150,98,2123,37,24,1316,38,95,1639,2539 1,1,1,1,1,1,1,1,1,1,1
24,150,146,37,24,116,143,627,139,18,1343,24,5258,3,5,2659,677,488,745,92,10,24 1,1,1,1,1,1,1,1,1,1,1,1,1,1,1,1,1,1,1,1,1,1
18,20,1500,10,6,230,19,29918,35,24,150,20,479,37,18,38,1033,690 1,1,1,1,1,1,1,1,1,1,1,1,1,1,1,1,1,1
24,701,19,168,143,148,29919,3,523,1578,3,716,581,3,292,6864,3,718,880,1183,42,19,658 1,1,1,1,1,1,1,1,1,1,1,1,1,1,1,1,1,1,1,1,1,1,1
18,38,15,72,241,3,679,3,506,5,149,143,2543 1,1,1,1,1,1,1,1,1,1,1,1,1
12,6,230,18,146,38,62,255,7,12139,477,724,15,29920 1,1,1,1,1,1,1,1,1,1,1,1,1,1
137,3,18,146,37,18,14,122,1087,381,1879,9920,3,14,2271,5,21,11,616,3,1636,26,34 1,1,1,1,1,1,1,1,1,1,1,1,1,1,1,1,1,1,1,1,1,1,1
579,4,639,19,579,14,626,1654,225,6,99,87,37,18,146,21,3609,681,984,7,1761 1,1,1,1,1,1,1,1,1,1,1,1,1,1,1,1,1,1,1,1,1
18,98,146,598,1563,6018,34,12,6,599,7,24,4814,37,2209,1870,2265,3382,5,14,31,1049,984,43,308 1,1,1,1,1,1,1,1,1,1,1,1,1,1,1,1,1,1,1,1,1,1,1,1,1
18,21,598,418 1,1,1,1
18,146,11,95,249,3,655,314,3,263,3,29921,3,739,3,300,3,375,3,446,3,796,3,1673,732 1,1,1,1,1,1,1,1,1,1,1,1,1,1,1,1,1,1,1,1,1,1,1,1,1
18,146,128,798,1157 1,1,1,1,1
674,4,567,13532,801,12,29922,3,18,14,110,187,4026,5,2187,17,24,1887,37,20,29923,217 1,1,1,1,1,1,1,1,1,1,1,1,1,1,1,1,1,1,1,1,1,1
18,14,96,43,64,2939,6088,27,12255 1,1,1,1,1,1,1,1,1
3521,179,43,165 1,1,1,8
24,372,95,865,20,3025,12,1225,29924,12260,117,991,183,3,38,5379,788,7,59,4056,37,29925,630,1897,2987 1,1,1,1,1,1,1,1,1,1,1,1,1,1,1,1,1,1,1,1,1,1,1,1,1
21,2782 1,1
8545,1377,10,52,290,10,151 1,1,1,1,1,1,4
142,110,1487,254,4,163,254,4,135,491,1003,423,447,22,32,1384,171,22,32,29926,558,1034,605,3,141,1034,608,3141,558,22,32,2547,1801,32,236,141,22,32,274,215,22,32,780,279,22,32,2566,125,22,32,412,254,4,7590,36,42,892,9751,36,894,69,5258,20,982,43,150 7,1,1,1,1,1,1,1,1,1,1,26,1,1,1,1,1,1,1,8,1,1,1,1,1,1,1,1,1,1,1,69,1,1,12,1,1,1,55,1,1,1,39,1,1,1,1,1,1,1,1,1,1,1,1,1,1,1,1,1,1,1,1,1,1,1
233,4,790,1144,4 1,1,1,1,1
4304,1438,3,1219,66,29927,3,18,245,12,29928,13,24,1037 1,1,1,1,1,1,1,1,1,1,1,1,1,1
24,267,491,245,12,6,548 1,1,1,1,1,1,1
1732 14
200,485,4,200,1113,4,200,1022,4,573,38,117,12005,3,583,7,175,27,440,7122,661,583,7,1012,399,27,440,7943,21,1062,848,3,175,21,151,3,376,2310 14,1,1,1,1,1,1,1,1,1,1,1,1,1,1,1,1,1,1,1,1,1,1,1,1,1,1,1,1,1,1,1,1,1,4,1,1,1
11,174,373 1,1,1
77,4,77,4,79,14,12,480,3,7682,51,2524 1,1,1,1,1,1,1,1,1,1,1,1
701,4,292,4,5423,523,4,1364,148,4,16497,716,4,1245,718,4,1137,19,658,227,4,1806,3,29929,3,4130 1,1,1,1,1,1,1,1,1,1,1,1,1,1,1,1,1,1,1,1,1,1,1,1,1,1
665 1
1536,416,683,3,968,1296 1,1,1,1,1,1
1439,14,244,2886,5,2498 1,1,1,1,1,1
416,2349,55,27,187,518,7,1431 1,1,1,1,1,1,1,1
136,4,332,3,952,3,217,216,968,222,3,11,309 1,1,1,1,1,1,1,1,1,1,1,1,1
11,879,26,635,55 1,1,1,1,1
155,4,1304,29,11,876,3,11,407,720,4,455,29,44,1270,3,11,1099,857 1,1,1,1,1,1,1,1,1,1,1,1,1,1,1,1,1,1,1
576,5007 1,1
362,4,152,3,979,3,280,29,2651,29,11,1061,857 1,1,1,1,1,1,1,1,1,1,1,1,1
79,21,1017,988,860 1,1,1,1,1
8291,4,2626,554,3,1084,193,1714,4,217,1032,82,100 1,1,1,1,1,1,1,1,1,1,1,1,1
11,93,55 1,1,1
352,4,410,5,642,1634,9,1150,5,469,8 1,1,1,1,1,1,1,1,1,1,1
535,1515,2383,3,3843 1,1,1,1,1
925,645,868,2005,204,3,2329,82,217,5,675 1,1,1,1,1,1,1,1,1,1,1
415,467,100 1,1,1
719,10,1548,409,3,951,3263,1043,1345 1,1,1,1,1,1,1,1,1
449,10,321,344,13,1224 1,1,1,1,1,1
634,657,2796,384,2796,384,531,595,2796,595,531,70,108,108,108,108,108,53,108,108,108,108,108,2363,489,362,2150,531,2150,2796,1788,531,951,362,70,108,108,108,108,108,53,108,108,108,108,108,149,4,2015,4,705,1618,3,592,2628,3,869,4402,3,769,12153,3,392,1652,3,819,2557,3,870,4526,9,356,819,2394,3,392,1490,8,399,3390,3,1179,2105,3,22,2334,1938,1888,1228,4,2680,1413,3,2532,2021,3,1566,9066,3,1077,1160,3,1791,4913,836,4,349,6168,3,333,9493,3,536,5397,3,653,1996,3,795,5087,1257,4,1273,364,581,59,117,832,36,1828,3316,4,72,17,5737,3,29930,3,11874,3,11875,3,2158,3,16498,336,4,1836,4,72,17,345,3,349,3,3568,3,3359,3,63 1,1,1,1,1,1,1,1,1,1,1,1,1,1,1,1,1,1,1,1,1,1,1,1,1,1,1,1,1,1,1,1,1,1,1,1,1,1,1,1,1,1,1,1,1,1,1,1,1,1,1,1,1,1,1,1,1,1,1,1,1,1,1,1,1,1,1,1,1,1,1,1,1,1,1,1,1,1,1,1,1,1,1,1,1,1,1,1,1,1,1,1,1,1,1,1,1,1,1,1,1,1,1,1,1,1,1,1,1,1,1,1,1,1,1,1,1,1,1,1,1,1,1,1,1,1,1,1,1,1,1,1,1,1,1,1,1,1,1,1,1,1,1,1,1,1,1,1,1,1,1,1,1,1,1,1,1,1,1,1
2639,2482,336,2015,4,705,1716,3,592,12261,3,869,2148,3,4220,9210,3,1800,2061,29931,3,819,8809,9,6606,8993,8,29932,4,362,1186,4,406,43,2928 1,1,1,1,1,1,1,1,1,1,1,1,1,1,1,1,1,1,1,1,1,1,1,1,1,1,1,1,1,1,1,1,1,1,1
11,202,7,15937,26,29933,4064,29934,989,26,6856,1419 1,1,1,1,1,1,1,1,1,1,1,1
187,861,29935,3,59,861,3878,632 1,1,1,1,1,1,1,1
1329,241,4,11,202,7,199,2244,448 1,1,1,1,1,1,1,1,1
679,1329,4,11,202,7,199,490,26,3852,490 1,1,1,1,1,1,1,1,1,1,1
209,490,12,6,70,789,2919,5,53,6630,1177 1,1,1,1,1,1,1,1,1,1,1
11,202,7,354,1899,630,6,136 1,1,1,1,1,1,1,1
2138,7,6,136,722,11,1607,173,260 1,1,1,1,1,1,1,1,1
506,4,155,57,91,3,11,202,17,93,3,2622,3,26,792 1,1,1,1,1,1,1,1,1,1,1,1,1,1,1
11,202,7,1353 1,1,1,1
356,264,4,176,1813,429,154,13,288,4,29936,4,2630,20,210,435,3,523,9,427,10,3115,8,20,1713,42,2879 1,1,1,1,1,1,1,1,1,1,1,1,1,1,1,1,1,1,1,1,1,1,1,1,1,1,1
2910,1139,1247,42 1,1,1,1
72,17,325,3,778,570,111,11,202,7,778,325,26,490 1,1,1,1,1,1,1,1,1,1,1,1,1,1
427,904,4,6,472,103,239,20,44,338,239 1,1,1,1,1,1,1,1,1,1,1
6,427,1145,275,500,5035,626,5,1452,563,1076,5,1552,448 1,1,1,1,1,1,1,1,1,1,1,1,1,1
429,904,4,11,563,1076,84,143,1642,405,40,154 1,1,1,1,1,1,1,1,1,1,1,1
2117,4,200 1,1,1
178,713,4,29937,4,409,4686 1,1,1,1,1,1,1
559,1713,42 1,1,1
131,1027,5353 1,1,1
131,2220,11096 1,1,1
883,3699,4097 1,1,1
873,4,1232,379,719,13,674,7,151,3,1319,3,567,399,3,690,3,121,14,110,1416,164,19,16496,61,13,267,65,7,2819,700,3,323,3,131,2151,5,5068 1,1,1,1,1,1,1,1,4,1,1,1,1,1,1,1,1,1,1,1,1,1,1,1,1,1,1,1,1,1,1,1,1,1,1,1,1,1
18,21,1460,27,472,5,21,95,38,6,475,7,5258,3,15,1072,16499,1707,3,10,24,39 1,1,1,1,1,1,1,1,1,1,1,1,1,1,1,1,1,1,1,1,1,1
40,550,46,38,6,915,7,377,24,16500,1053,3,2659,1036,10,15,4370,258,5,24,118,6837,3,5,377,153,3364,7,24,153,91,39,3,2659,1036,10,199,4524,19,209,1460 1,1,1,1,1,1,1,1,1,1,1,1,1,1,1,1,1,1,1,1,1,1,1,1,1,1,1,1,1,1,1,1,1,1,1,1,1,1,1,1,1
1434,646,7,4524,158,1927,2710,3,411,3,357,2872,3,1817,935,3,266,1070,258,3,3818,66,541,26,3098,3,5,4298 1,1,1,1,1,1,1,1,1,1,1,1,1,1,1,1,1,1,1,1,1,1,1,1,1,1,1,1
12,475,3,74,14,6,284,7,690,3,313,6,679,5,241,143,72,5,6,85,438,5,116,57,31,543,13,15,690 1,1,1,1,1,1,1,1,1,1,1,1,1,1,1,1,1,1,1,1,1,1,1,1,1,1,1,1,1
7,479,693,14,37,18,21,954,2323,205,7,4524,1152,35,2151,5,2771 1,1,1,1,1,1,1,1,1,1,1,1,1,1,1,1,1
1817,646,7,4524,1434,158,705,3,399,3,22,3,1332,3,11094,5294 1,1,1,1,1,1,1,1,1,1,1,1,1,1,1,1
24,705,3,22,5,399,57,1043 1,1,1,1,1,1,1,1
24,392,14,185,27,1652,3,75,14,976,10,956,24,472,3,5,12,6,481,7,15,11611,28,3,40,550,52,2643,10,2898,24,225,10,4524 1,1,1,1,1,1,1,1,1,1,1,1,1,1,1,1,1,1,1,1,1,1,1,1,1,1,1,1,1,1,1,1,1,1
24,345,20,5044,19,168,3,75,14,185,3,51,344,131,470,17,15,71,5,31,27,365,2643,444,17,1010,84,10,957 1,1,1,1,1,1,1,1,1,1,1,1,1,1,1,1,1,1,1,1,1,1,1,1,1,1,1,1,1
411,14,284,35,24,349,14,416,185,27,6168,13,1273,42,1542,82 1,1,1,1,1,1,1,1,1,1,1,1,1,1,1,1
313,3,74,14,11,1375,1085,7,411,5,18,21,15,44,506,5,1836,3,166,826,319,15,1353,5,1091,2519 1,1,1,1,1,1,1,1,1,1,1,1,1,1,1,1,1,1,1,1,1,1,1,1,1,1
18,21,11,205,7,411,27,6,1192,7,24,412,164 1,1,1,1,1,1,1,1,1,1,1,1,1
18,550,46,15,3148,507,10,174,411,26,290,10,24,540,3,51,97,15,249,3,40,14,365,2379 1,1,1,1,1,1,1,1,1,1,1,1,1,1,1,1,1,1,1,1,1,1,1,1
24,944,161,84,550,52,357,3045,3,35,18,14,19,311,39,13,6,95,475,7,7590,5,9751,412,894,35,60,35,5258,37,20,95,488,43,6,150 1,1,1,1,1,1,1,1,1,1,1,1,1,1,1,1,1,1,1,1,1,1,1,1,1,1,1,1,1,1,1,1,1,1,1,1
412,894,207,191,31,299,1409,365,182,29938,3,600,74,14,62,5507,637,10,6,3206 1,1,1,1,1,1,1,1,1,1,1,1,1,1,1,1,1,1,1,1
313,3,612,357,3,4175,3,5,4079,57,233,374,10,3045,4524,5,18,14,19,233,7,1485,3,158,267,16225,82 1,1,1,1,1,1,1,1,1,1,1,1,1,1,1,1,1,1,1,1,1,1,1,1,1,1,1
6,301,5258,550,52,2643,10,2898,24,225,35,92,14,15,1890,5,43,4060,92,368,646,1242,3,5,43,3045,312,2192,3,92,368,646,15,4370,258,3,2659,377,153,3364,7,24,174,357,5,118,2374,444,3,2659,1036,10,4524 1,1,1,1,1,1,1,1,1,1,1,1,1,1,1,1,1,1,1,1,1,1,1,1,1,1,1,1,1,1,1,1,1,1,1,1,1,1,1,1,1,1,1,1,1,1,1,1,1,1,1,1,1
3486,3,24,472,347,14,66,29939,5,20,2394,19,168,10,6,230,5,24,472,392,14,66,29940,477,92,20,1490,19,168,10,6,230 1,1,1,1,1,1,1,1,1,1,1,1,1,1,1,1,1,1,1,1,1,1,1,1,1,1,1,1,1,1,1,1
74,14,11,61,479,17,357,2872,5,24,3316,1018,20,72 1,1,1,1,1,1,1,1,1,1,1,1,1,1
74,20,11,697,308,55,5,24,116,46,2715,19,1520,916,10,52,15,12196,258,24,148,19,168,20,16497,5,24,133,20,1364,3,75,109,31,802,10,15,266,1070,258,35,15,646 1,1,1,1,1,1,1,1,1,1,1,1,1,1,1,1,1,1,1,1,1,1,1,1,1,1,1,1,1,1,1,1,1,1,1,1,1,1,1,1,1,1,1
18,38,15,95,429,154,37,20,72 1,1,1,1,1,1,1,1,1
313,3,92,14,284,37,18,21,128,6001,3,75,237,3530,13,24,95,30,7,667,27,163 1,1,1,1,1,1,1,1,1,1,1,1,1,1,1,1,1,1,1,1,1,1
313,3,40,237,31,646,6,4524 1,1,1,1,1,1,1,1
24,1460,21,68,387,225,15,493,87,5,6,284,921,158,3122,82,3,354,1460,3,29941,3,687,448,3,1332,1988,1669,1874,3,9282,5259,5,209,490,1460 1,1,1,1,1,1,1,1,1,1,1,1,1,1,1,1,1,1,1,1,1,1,1,1,1,1,1,1,1,1,1,1,1,1,1,1
209,490,1460,14,15,5334,284,13,679,7,1329,111,209,490,12,6,70,789,2919,5,53,6630,1177 1,1,1,1,1,1,1,1,1,1,1,1,1,1,1,1,1,1,1,1,1,1,1
24,1873,3,151,5,365,3362,444,9,14824,12,7680,8,57,341,709,13,2782,17,15013,1460 1,1,1,4,1,1,1,1,1,1,1,1,1,1,1,1,1,1,1,1,1
104,4,176,4524,4,501,426,2315,7,1909,3,96,43,936,1687,7,8874,27,16501 1,1,1,1,1,1,1,1,1,1,1,1,1,1,1,1,1,1,1
972,3,1332,3,1669,3,4781,3,2007 1,1,1,1,1,1,1,1,1
982,24,780,3,2547,3,274,5,827,24,1697,12,6,272 1,1,39,1,69,1,55,1,1,1,1,1,1,1
454,3982,12,272,17,278,684,6,982,7,5258 1,1,1,1,1,1,1,1,1,1,1
3072,1211,22,2014 1,1,1,1
178,153,371,4,166,6343,138,6606,601,58,42,5,922,10,633,12,230,86,3684,1959,982,780,3,5258,35,166,2977,7,12262,5,153,371,195,1120,4,791,10,450,17,16502,7,411 1,1,1,1,1,1,1,1,1,1,1,1,1,1,1,1,1,1,1,1,1,39,1,1,1,1,1,1,1,1,1,1,1,1,1,1,1,1,1,1,1,1
200,137,61 1,1,1
253,361,4,185,1158,898,4,11,205,26,116,137 1,1,1,1,1,1,1,1,1,1,1,1
791,10,96 1,1,1
185,2532,5,10515,4,482,890,15,12263 1,1,1,1,1,1,1,1,1
1654,4,482,15,3981,1475 1,1,1,1,1,1
346,1927,4,942,5,1475,278 1,1,1,1,1,1,1
152,353 1,1
460,5391,4,815,3,676 1,1,1,1,1,1
4279,2668,5835,5560,29942,281,2227,4,79,221,5,101,13,5835,5560,3,740,13,192,5,104 1,1,1,1,1,1,1,1,1,1,1,1,1,1,1,1,1,1,1,1,1
12,1922,3,12264,13,1460,61,13,199,19,209,153,371,5,12262 1,1,1,1,1,1,1,1,1,1,1,1,1,1,1
921,166,3384,3,313,3,5258,14,6,344,301,39,5,208,1509,394,24,627,153,371,5,4524 1,1,1,1,1,1,1,1,1,1,1,1,1,1,1,1,1,1,1,1,1,1
41,2695,4120,1154,35,4981,270 1,1,1,1,1,1,1
3068,7093 1,1
