67,54,4,30046,1635,2892,162,55,414,4,3458,7686,509,47,4,30047,9,395,55,37,79,98,21,542,30048,8,54,7,168,4,30049,385,4,9850,11429,262,4,7559,30050,451,4,8654,16529,1085,4,39,67,5,150,426,4,59,303,323,282,4,1413,379,3925,832,256,5857,3,1205,19,821,3,142,3,419,9,1377,10,52,290,10,3001,8,3,16530,12,481,7,142,175,87,183,9,5,12,1225,135,150,8,3,311,142,255,19,1087,4724,3,15945,2025,3,38,1563,59,303,323,27,821,96,43,128,535,1438,5,84,12,23,944,161 1,1,1,1,1,1,1,1,1,1,1,1,1,1,1,1,1,1,1,1,1,1,1,1,1,1,1,1,1,1,1,1,1,1,1,1,1,1,1,1,1,1,1,1,1,1,1,1,1,1,1,1,1,1,1,1,1,1,1,1,1,4,1,1,1,1,1,7,1,1,1,1,1,1,1,1,1,1,1,1,1,1,1,7,1,1,1,1,1,1,1,1,1,1,1,1,7,1,1,1,1,1,1,1,1,1,1,1,1,1,1,1,1,1,1,1,1,1,1,1,1,1,1
16,20,146,12,232,436,6,421,169,10,168,5,6,495,7,168,135,23,150,3,13,11,1673,732,5,11,1863 1,1,1,1,1,1,1,1,1,1,1,1,1,1,1,1,1,1,1,1,1,1,1,1,1,1,1
27,821,16,20,106,13,2142,12,4794,3,38,1563,59,303,323,5,2313,75,286,538,5,38,535,1438,5,96,1965,139,52,55,43,23,4588,27,62,1779,10,52,11050,60,13,44,942 1,1,1,1,1,1,29,29,29,1,1,1,1,1,1,1,1,1,1,1,1,1,1,1,1,1,1,1,1,1,1,1,1,1,1,1,1,1,1,1,1,1,1
11,30051,1157,3,7565,656,26,611,20,55,43,23,1007 1,1,1,1,1,1,1,1,1,1,1,1,1
16,20,1500,10,3308,230,517,7,571,147 1,1,1,1,1,1,1,1,1,1
12,6,230,3,23,417,701,143,148,30052,523,1421,292,853,187,581,2573,231,42,658 1,1,1,1,1,1,1,1,6,6,1,1,1,1,1,1,1,1,1,1
16,370,15,413,241,75,111,11,199,490,26,7352,3,62,679,75,111,11,199,490,19,5980,3,51,16,20,2422,12,6,30053,5,550,31,492,6,264 1,1,1,1,1,1,1,1,1,1,1,1,1,1,1,1,1,1,1,1,1,1,1,1,1,1,1,1,1,1,1,1,1,1,1,1
16,370,108,22,2261,247,123,58,5,20,126,671,12,15,1848,2513,5,286,19,15,8402,2513,10,30054,1550,10,15,839,7,3099,8026,23,148,20,30055,27,30056,5,20,23,59,303,323,538,3,51,16,20,2422,5,16,1563,1081,10,2718,7864,3,5,20,162,10,6,1635,17,268,355 1,1,1,1,1,1,1,1,1,1,1,1,1,1,1,1,1,1,1,1,1,1,1,1,1,1,1,1,1,1,1,1,1,1,6,1,1,1,1,1,1,1,1,1,1,1,1,1,1,1,1,1,1,1,1,1,1,1,1,1,1,1,1,1,1,1
579,4,135,282 1,1,1,1
174,182,72,12,402,674,4,852,3001,176,96,43,64,4604,27,3308,36 1,1,1,1,1,1,1,1,1,1,1,1,1,1,1,1,1
16531,16522,16335,5,16531,8438,2351,178,38,365,3514,3,266,3749,5,365,2007,444,186,144,12,6,80 1,1,1,1,1,1,1,1,1,1,1,1,1,1,1,1,1,1,1,1,1,1,1
195,19,3307,1028,1205,290,10,5857,5,142,176,862,9,30057,8,13,2608,71,30058,5,507,7212,178,38,187,6933,9,30059,8,3,132,19,821,123,36,129,30060 1,1,1,1,1,1,1,4,1,7,1,1,1,1,1,1,1,1,1,1,1,1,1,1,1,1,1,1,1,1,1,1,1,1,1,1,1
195,52,172,17,761,1159,5857,159,440,996,176,1284,3708,42,12,16532,178,390,1764,255,12,6,80,195,403,7,6283,1830,142,21,38,2231,287,1934,494,2769,16530,12,1663,99,87,5,135,150,146,3,12,1225,7,40,87,33,1762,10,142 1,1,1,1,1,1,4,1,1,1,1,16,16,16,16,16,1,1,1,1,1,1,1,1,1,1,1,1,7,1,1,1,15,1,1,1,1,1,1,1,1,1,1,1,1,1,1,1,1,1,1,1,1,1,7
20,1656,19,2166,3,51,40,20,982,1603,290,10,518,915 1,1,1,1,1,1,1,1,1,1,1,1,1,1
2155,679,13,1881,4490,12,1663,3124,176,2351,5273,72,33,1762,10,16334,39,19,168,4,203,1026,25,32,2789,4603,25,36,298,25,662,973,2146,16533,25,32,932,125,22,25,32,1781,1548,1294,189,605,521,279,189,608,3307,846,25,69,165,2775,9,1034,231,8,1893,782,45,1327,22,25,69,3820,236,549,25,32,218,549,25,32,2162,36,25,662,487,815,549,25,69,1919,707,6344,1541,25,276,6110,154,2126,663,835,3544,25,32,145,165,279,189,605,521,125,189,608,233,4,790,1144,4,245,13,4,573 1,1,1,1,1,1,1,1,1,1,1,1,1,1,1,1,1,1,1,1,11,1,1,1,1,1,1,1,1,1,1,1,27,1,1,1,1,1,1,1,1,8,8,1,1,1,1,1,1,1,1,1,1,1,1,1,1,1,1,1,9,9,1,1,1,1,1,1,12,1,1,1,13,1,1,1,1,1,1,1,1,1,1,1,1,20,20,1,1,1,1,1,1,1,1,1,1,1,1,8,8,1,1,1,1,1,1,1,1,1,1,1,1,1,1,1,1
157,10,285,27,30061,12,12274,3,137,6307 1,1,1,1,1,1,1,1,1,1
11,485,3,1113,3,699 14,14,14,14,14,14
1022,4,142,12,3235,3,573,13,419,3,661,19,821,3,5857,3,1395,3,2884,12,174,150,2084 1,1,7,1,1,1,1,1,1,1,1,1,1,1,4,1,1,1,1,1,1,1,1
102,77,4,1637,4,292,30062,148,15432,364,2337,187,125,2573,231,42,658,814,4,3251,4416,358,96,1965,855 1,1,1,1,1,1,1,6,6,1,1,1,1,1,1,1,1,1,1,1,1,1,1,1,1
227,4,3464,3,863,3,16534,3,1124,797 1,1,1,1,1,1,1,1,1,1
136,4,332,3,11,879,3,11,216,222,3,576,917,638,4,11,875,26,2109,2341,720,4,5343,3,716,304,3,310,409 1,1,1,1,1,1,1,1,1,1,1,1,1,1,1,1,1,1,1,1,1,1,1,1,1,1,1,1,1
11,1099 1,1
329,1162,3,1525,1630 1,1,1,1,1
48,4,1304,574,214,4,1289,152,3,952,3,1465 1,1,1,1,1,1,1,1,1,1,1,1
11,969,3,11,690,246 1,1,1,1,1,1
59,30063,222,3,11,3102,240 1,1,1,1,1,1,1
531,4,11,1379,3,617,3,3776,3,2783,240,19,574,187,1423,3,187,1136,1842,13,3051 1,1,1,1,1,1,1,1,1,1,1,1,1,1,1,1,1,1,1,1,1
1508,1032,5,79,133,30064 1,1,1,1,1,1
21,4614,59,120,1334 1,1,1,1,1
196,4,11,277 1,1,1,1
352,4,15,3,1117,123,36,3,863,3,16534,3,4011,675,3,511,928,204,10,691,1008,3,628,1006,12,2471,5,899,12,473,5,194,114 1,1,1,1,1,1,1,1,1,1,1,1,1,1,1,1,1,1,1,1,1,1,1,1,1,1,1,1,1,1,1,1,1
1056,217,3,415,2439 1,1,1,1,1
149,5,264,4,1290,4985,456,1952,1305,351,1727,2709,663,1646,1276,351,1727,2709,835,30065,1310,351,1727,2709,1035,9,59,8,1727,2709,1072,1658,4609,1450,351,1727,2709,392,900,1311,219,1727,2709,347,30066,1601,219,1727,2709,1944,9,83,8,1727,2709,345,2229,1359,219,1727,2709,207,1290,1131,9,10,974,2042,2995,219,1727,2885,1131,9,4252,974,1649,2386,219,1727,2885,486,961,3491,2602,654,1727,2885,1461,1853,2464,654,1727,2885,2013,15154,2385,654,1727,2885,1888,9,83,8,1727,2885,1012,400,154,2680,9,3882,8,996,3580,721,1727,2885,2532,9,3635,8,1716,3285,721,1727,2885,3759,1179,1279,3579,721,1727,2885,1131,9,10,974,2042,2995,219,1727,2885,1131,9,4252,974,1649,2386,219,1727,2885,1185,492,63,785,349,30067,1312,524,1727,4341,6055,9,83,8,1727,4341,734,30068,2202,5280,1727,4341,15076,9,59,8,1727,4341,560,5179,2119,1451,1727,4341,333,11190,1977,42,1727,4341,653,30069,1360,1227,1727,4341,2293,9,83,8,1727,4341,786,30070,1479,1588,1727,4341,11192,9,83,8,1727,4341,823,5290,1480,654,1727,4341,536,30071,1589,1381,1727,4341,16535,9,83,8,1727,4341,795,30072,1424,42,1727,4341,9467,9,83,8,1727,4341,63,1154,42,1154,974,370,1727,14599,1257,1125,1277,1727,2709,3223,30073,1739,42,1727,2709,1421,9,83,8,1727,2709,577,30074,1786,42,1727,2709,615,9,59,8,1727,2709,847,5127,1740,42,1727,2709,117,9,59,8,1727,2709,830,36,1832,42,1727,2709,864,519,1691,42,1727,2709,63,1257,33,714,3223,47,30075,2240,524,1727,2709,30076,9,83,8,1727,2709,577,47,7266,2241,524,1727,2709,847,47,13976,2577,524,1727,2709,8868,9,83,8,1727,2709,830,47,30077,2242,524,1727,2709,7569,9,59,8,1727,2709,864,47,2873,2278,524,1727,2709,1787,4891,8213,15067,200,1727,2709,433,9,83,8,1727,2709,8214,200,200,1727,2709,2360,30078,200,1727,2709,1508,9,83,8,1727,2709,2096,200,200,1727,2709,2613,1078,2613,79,6168,16536,1060,1727,12276,1074,1492,1727,12276,1067,9153,4633,1060,1727,12276,4954,30079,17,30080 1,1,1,1,1,1,1,1,1,1,1,1,1,1,1,1,1,1,1,1,1,1,1,1,1,1,1,1,1,1,1,1,1,1,1,1,1,1,1,1,1,1,1,1,1,1,1,1,1,1,1,1,1,1,1,1,1,1,1,1,1,1,1,1,1,1,1,1,1,1,1,1,1,1,1,1,1,1,1,1,1,1,1,1,1,1,1,1,1,1,1,1,1,1,1,1,1,1,1,1,1,1,1,1,1,1,1,1,1,1,1,1,1,1,1,1,1,1,1,1,1,1,1,1,1,1,1,1,1,1,1,1,1,1,1,1,1,1,1,1,1,1,1,1,1,1,1,1,1,1,1,1,1,1,1,1,1,1,1,1,1,1,1,1,1,1,1,1,1,1,1,1,1,1,1,1,1,1,1,1,1,1,1,1,1,1,1,1,1,1,1,1,1,1,1,1,1,1,1,1,1,1,1,1,1,1,1,1,1,1,1,1,1,1,1,1,1,1,1,1,1,1,1,1,1,1,1,1,1,1,1,1,1,1,1,1,1,1,1,1,1,1,1,1,1,1,1,1,1,1,1,1,1,1,1,1,1,1,1,1,1,1,1,1,1,1,1,1,1,1,1,1,1,1,1,1,1,1,1,1,1,1,1,1,1,1,1,1,1,1,1,1,1,1,1,1,1,1,1,1,1,1,1,1,1,1,1,1,1,1,1,1,1,1,1,1,1,1,1,1,1,1,1,1,1,1,1,1,1,1,1,1,1,1,1,1,1,1,1,1,1,1,1,1,1,1,1,1,1,1,1,1,1,1,1,1,1,1,1,1,1,1,1,1,1,1,1,1,1,1,1,1,1,1,1,1,1,1,1,1,1,1,1,1,1,1,1,1,1,1,1,1,1,1,1,1,1,1,1,1,1,1,1,1,1,1,1,1,1,1,1,1,1,1,1,1,1,1,1,1,1
5481,264,1640,5297,872,684,974,755,442,2557,7687,8655,961,73,9,2377,974,4211,16537,42,7687,8655,961,872,9,2377,974,30081,16537,42,7687,8655,2354,9,83,8,7687,8655,30082,9,1828,8,16538,1499,14361,16539,7687,30083,30084,9,42,409,1640,974,2667,30085,42,7687,8655,30086,974,122,402,30087,30088,14447,3483,16540,15,974,3028,11888,30089,16541,16542,16540,15,974,4029,11888,30090,16541,16542,177,338,1267,1458,2337,3,4346,574,563,448,886,66,30091 1,1,1,1,1,1,1,1,1,1,1,1,1,1,1,1,1,1,1,1,1,1,1,1,1,1,1,1,1,1,1,1,1,1,1,1,1,1,1,1,1,1,1,1,1,1,1,1,1,1,1,1,1,1,1,1,1,1,1,1,1,1,1,1,1,1,1,1,1,1,1,1,1,1,1,1,1,1,1,1,1,1,1,1,1,1,1,1,1,1,1,1,1,1,1,1
413,241,33,11,202,7,199,12277,1178,679,33,11,199,490,19,5980,3,79,242,31,492,264 1,1,1,1,1,1,1,1,1,1,1,1,1,1,1,1,1,1,1,1,1,1
2138,2617,16543,176,883,291,1518,5,7205,884,35,270 1,1,1,1,1,1,1,1,1,1,1,1
178,883,7605,182,195,19,6,70,4,883,120,5356,253,19,6,53,4,883,120,5356,153,1321,1193,30092,11,202,7,3712 1,1,1,1,1,1,1,1,1,1,1,1,1,1,1,1,1,1,1,1,1,1,1,1,1,1,1,1
416,9689,861 1,1,1
565,770,633 1,1,1
873,4,1413,379,498,13,5857,3,30093,3,142,3,287,3,3001,3,425,13,106,318 1,1,1,1,1,1,4,1,1,1,7,1,15,1,1,1,1,1,1,1
23,148,21,557,365,3,470,41,1101,10,988,43,279,42,3099,17,15,493,552,5,286,126,62,818,1325 1,1,1,1,1,1,1,1,1,1,1,1,1,1,1,1,1,1,1,1,1,1,1,1,1
8402,41,52,157,671,51,134,16,160,62,912,516,3,41,84,10,9886,9,11384,662,30094,30095,30096,29,539,9,929,30097,36,8,30098,8,138,23,1205 1,1,1,1,1,1,1,1,1,1,1,1,1,1,1,1,1,1,1,1,1,1,1,1,1,1,1,1,1,1,1,1,1,1,1
23,84,12,944,161,14,166,290,10,106,4933,3,51,92,14,2475,10,2955,174,1085,7,30099,858,1152,35,6,130,9,1540,482,23,3001,8,138,23,1889,1242 1,1,1,1,1,1,1,1,1,1,1,1,1,1,1,1,1,1,1,1,1,1,1,1,1,1,1,1,1,1,1,1,1,1,1,1,1
174,1085,7,23,1242,1317,158,4025,138,23,3554 1,1,1,1,1,1,1,1,1,1,1
176,644,852,1342,2945,21,62,1162,3,51,11,205,7,59,26,187,130,371 1,1,1,1,1,1,1,1,1,1,1,1,1,1,1,1,1,1
645 1
41,988,5016,16544,1028,239,2945,338,1267,3,41,745,1687,10,988,30100,30101,258 1,1,1,1,1,1,1,1,1,1,1,1,1,1,1,1,1,1
1159,325,2945,11,177,84,543,13,325,3,41,1471,103,3103,123,117,3,745,252,3,236 1,1,1,1,1,1,1,1,1,1,1,1,1,1,1,1,1,1,1,1,12
645 1
41,988,5016,13,8402,3,1687,3,25,4724 1,1,1,1,1,1,1,1,1,1
178,352,852,23,944,161,5,3554,57,166,290,10,106,4933,51,1399,479,17,284,4025 1,1,1,1,1,1,1,1,1,1,1,1,1,1,1,1,1,1,1,1
41,582,1365,8546,3,659,2185,159,16,21,68,12,6,124,17,312,306,14613,3,745,134,3550,264,934,92 1,1,1,1,1,1,1,1,1,1,1,1,1,1,1,1,1,1,1,1,1,1,1,1,1
1028,352,96 1,1,1
195,142,852,41,988,3099,43,279,42,10,14798,3,41,126,13,8402,3,1668,10,9886 1,7,1,1,1,1,1,1,1,1,1,1,1,1,1,1,1,1,1,1
41,8046,128,818,1325,711,988 1,1,1,1,1,1,1
253,5857,852,41,126,11487,7,165,596,3,1495,13,1825,346,153,852,41,160,821,3,41,278,153 1,4,1,1,1,1,1,1,1,1,1,1,1,1,1,1,1,1,1,1,1,1,1
460,3001,852,211,3,41,278,64,4604,82,1180,684,4,86,9669 1,1,1,1,1,1,1,1,1,1,1,1,1,1,1
652,902,852,59,120,1334,3,330,247 1,1,1,1,1,1,1,1,1
833,5498,852,1687,3,41,126,818,353,35,944,161,265 1,1,1,1,1,1,1,1,1,1,1,1,1
995,1883,852,21,472,494,3,166,137,30102,3,41,30103,333 1,1,1,1,1,1,1,1,1,1,1,1,1,1
1079,1155,852,2114,3,950,3,815,3,676 1,1,1,1,1,1,1,1,1,1
5763,414,4,9850,11429,3,229,2055,710,47,30104,4088 1,1,1,1,1,1,1,1,1,1,1,1
