69,49,4,25459,93,73,4,384,4,234,4,1516,1576,6882,528,13,299,32,25460,401,17,207,100 1,1,1,1,1,1,1,1,1,1,1,1,1,1,1,1,1,1,1,1,1,1,1
88,121,274,26,1313,2,228,12,1077,2,167,2538,2,420,1112,2,596,2,1274,2,901,142,2,1920,2,255,7,194,2,655,2,702,2,250,2,44,34,2,197,445,79,2,263,34,2,272,2,402,2,435,2,613,2,67,12,577,2,2126,577,2,807,2,1612,2,668,26,5002,1196,2,690,2,228,12,3220,2,757,34,2,26,2250,1534 1,1,1,1,1,1,1,1,1,1,1,1,1,1,1,1,1,1,1,1,1,1,1,1,1,1,1,1,1,1,1,1,1,1,1,1,1,1,1,1,1,1,1,1,1,1,1,1,1,1,1,1,1,1,1,1,1,1,1,1,1,1,1,1,1,1,1,1,1,1,1,1,1,1,1,1,1,1,1,1,1
11,2188,377,2,11,2290,34,2,11,8345 1,1,1,1,1,1,1,1,1,1
167,2592,438,1407,3231,103,52,386,162,2994,81,341,311,51,3474,76,4,306,2753,19,691,3474,3202,4,7656,127,254,14637,1479,14638,1122,314,4512,4372,657,3512,4,306,10871,77,2537,9,10730,397,8,10872,190,405,2137,2,2305,32,119,14639,4420,14640,195 1,1,1,1,1,1,1,1,1,1,4,4,4,4,1,1,1,1,1,1,1,1,1,1,1,10,16,1,1,1,1,1,1,1,1,1,1,1,1,1,1,1,1,1,1,1,1,1,1,1,1,1,1,1,1,1,1
1171,19,10516,2,14641,2,8946,17,592,911,19,8946 1,1,1,1,1,1,1,1,1,1,1,1
210,9,894,8,105,22,9,390,45,60,35,8,25,283,2,17,344,367 12,12,12,12,1,1,1,1,1,1,1,1,1,1,1,1,1,1
153,2686,866,420 1,1,1,1
2375,9,1372,8,83,22,9,521,45,60,35,8,25,59,2,17,81 22,22,22,22,1,1,1,1,1,1,1,1,1,1,1,1,1
153,2686,793,119,107 1,1,1,1,1
2267,767,105,22,9,390,45,60,35,8,25,33,2,60,153,2686,119,107 1,1,1,1,1,1,1,1,1,1,1,1,1,1,1,1,1,1
310,447,22,9,778,45,60,35,8,25,59,4671,447,22,9,778,45,60,35,8,25,2137,184,105,22,9,390,45,60,35,8,25,33,2,17,67,94 20,1,1,1,1,1,1,1,1,1,1,1,1,1,1,1,1,1,1,1,1,1,13,1,1,1,1,1,1,1,1,1,1,1,1,1,1
137,1573,128,299,4,11,142 1,1,1,1,1,1,1
179,299,4,11,671,2,554,2,26,624,245 1,1,1,14,14,14,1,1,1,1,1
88,4539,3820 1,1,1
1822,3944,4152 1,1,1
385,4,520,359,111,4,14643,9951,759,4,436,202,4,725,2,11,2055,26,2699,1528,966,4,90,2,11,733,26,2597 1,1,1,1,1,1,1,1,1,1,1,1,1,1,1,1,1,1,1,1,1,1,1,1,1,1,1,1
657,3512,48,11,2930,166 1,1,1,1,1,1
226,4,745,193,9952,4,11,815,780 1,1,1,1,1,1,1,1,1
118,4,418,2,11,3801 1,1,1,1,1,1
1410,2,2,967,243,171 1,1,1,1,1,1
11,293,2,263,229 1,1,1,1,1
187,4,133,2,978,2,2170,2,558,156,217,4,11,1505,181,4,11,690,2,11,2160,3220,323,4,570,2,951,1746,175,2,2359 1,1,1,1,1,1,1,1,1,1,1,1,1,1,1,1,1,1,1,1,1,1,1,1,1,1,1,1,1,1,1
258,4,152 1,1,1
320,5,114,4,35,8,2855,120,4,338,504,191,97,35,376 1,1,1,1,1,1,1,1,1,1,1,1,1,1,1
278,1998,411,2269,251 1,1,1,1,1
124,23,216,3231,47,880,38,14,15,2829,4505 1,1,1,1,1,1,1,1,1,1,1
155,1015 1,1
51,8,2592,4,887,38 1,1,1,1,1,1
102,8,438,4,504 1,1,1,1,1
679 1
2267,17,110 1,1,1
1549,10,4157,428,80 1,1,1,1,1
183,8,116,4,6875,425 1,1,1,1,1,1
83,8,4518,4,103,798,4,185 1,1,1,1,1,1,1,1
64 1
214,657,3444 1,1,1
884,1550,928,146,18,795,2537 1,1,1,1,1,1,1
211,33,17,110 11,1,1,1
207,100,13,949,32,724,19,25461 1,1,1,1,1,1,1,1
259,8,6000,569,1291,80,523,262 1,1,1,1,1,1,1,1
481,8,2113,4,185 1,1,1,1,1
1165,138 1,1
614,8,3565,4,991,1894,385,151,256,709,185 1,1,1,1,1,1,1,1,1,1,1
1306,3141,710,10864,2,96 1,1,1,1,1,1
