67,54,4,30205,10037,3,30206,3,7691,40,28,20,221,13,385,3,64,8612,3,3808,55,20,81,5,660,43,271 1,1,1,1,1,1,1,1,1,1,1,1,1,1,1,1,1,1,1,1,1,1,1,1,1,1,1
30,7,61,328,4,40,14,15,6443,428,13,2584,153,76,507,10,673,5194,76,3,19,2499,3,61,13,170,106,3,555,3,300,3,5,375,12,6,481,7,63,94,12,6,30207,89 1,1,1,1,1,1,1,1,1,1,1,1,1,1,1,1,1,1,1,1,1,1,1,1,1,7,7,1,1,1,1,1,1,1,1,1,1,1,1,1,1,1,1,1
395,81,385,82,55,17,296,402,7,80,39,30,3,206,30,3,81,7,182,3,39,3,5,127 1,1,1,1,1,1,1,1,1,1,1,1,1,1,1,1,1,1,1,1,1,1,1,1
102,101,4,50,660,6,102,77,14,35,607 1,1,1,1,1,1,1,1,1,1,1
6,28,14,980,3,410,3,5,197,10,52,12,131,10,504,453 1,1,1,1,1,1,1,1,1,1,1,1,1,1,1,1
316,205,275,133,7,2667,3,1481,1245,3,63,94,30208,3,5,4772,14,1183,42,19,702,737 1,1,1,1,1,1,1,1,1,1,6,6,6,6,1,1,1,1,1,1,1,1
6,28,14,1130 1,1,1,1
227,77,275,60,678,2675,100,19,7492,77 1,1,1,1,1,1,1,1,1,1
74,14,11,8288,55 1,1,1,1,1
789,2369,14,91 1,1,1,1
155,57,91,10,463,13,232,737,656,783 1,1,1,1,1,1,1,1,1,1
130,14,145 1,1,1
214,14,152 1,1,1
114,77,275,11,750,3,743,3,26,93 1,1,1,1,1,1,1,1,1,1
273,4,6,28,14,204 1,1,1,1,1,1
74,14,15,53,5540,3540,55,13,15,232,3051,2726,777 1,1,1,1,1,1,1,1,1,1,1,1,1
457,532,4,696,785,14,3453,3,824,1288,3,392,5,347,2018,5,3025,3,663,14,55,27,3337,42,3,103,898,917,3,5,2621,57,569 1,1,1,1,1,1,1,1,1,1,1,1,1,1,1,1,1,1,1,1,1,1,1,1,1,1,1,1,1,1,1,1,1
689,264,4,177,14,338,239,97,88,563,26,1552,84,479,17,325 1,1,1,1,1,1,1,1,1,1,1,1,1,1,1,1
413,241,111,11,199,1178 1,1,1,1,1,1
318,499,438,4,6,28,20,138,247,633,5,343,13,2814,17,24,300,3,1893,669,22,337 1,1,1,1,1,1,1,1,1,1,1,1,1,1,1,1,1,1,53,1,1,1
96,43,141,22,2786,3,75,1500,24,94,467,244,3470,10,30209 1,1,1,1,1,1,1,1,1,1,1,1,1,1,6
139,633,3,2814,3,5,63,94,179,3,24,116,265,5174 1,1,1,1,1,1,1,1,1,1,1,1,1,1
18,20,162,10,6,1642,189,10,450,24,63,94,2014,13,3192,261,12,6,495 1,1,1,1,1,1,1,1,1,1,1,1,1,1,1,1,1,1,1
250,31,81,43,262,331,250,505,4,106,2041 1,1,1,1,1,1,1,1,1,1,1
497,7375,3,7691,487,4,16573,292,4,16573,533,43,4,7375,3,7691,746,30210,1608 1,1,1,1,1,1,1,1,1,1,1,1,1,1,1,1,1,1,1
