69,49,4,25491,8949,2,25492,2,10878,47,50,177,6,427,74,99,19,6,69,5,201,5,755,6,29,3402 1,1,1,1,1,1,1,1,1,1,1,1,1,1,1,1,1,1,1,1,1,1,1,1,1,1
47,2957,13,6,5237,584 1,1,1,1,1,1
30,7,156,360,4,1924,2,38,14,63,10829,1673,4824,29,13,132,776,2,3248,740,2,5,406,461,104,20,724,10,3153,106,3525,889,80,48,6,2867,7,306,1113,12,23,67,10879,23,10,55,926,401,3195,17,141 1,1,1,1,1,1,1,1,1,1,1,1,1,1,1,1,1,1,1,1,1,1,1,1,1,1,1,1,1,1,1,1,1,1,1,1,1,1,1,1,1,1,1,1,1,1,1,1,1,1,1
18,2719,1351,7,1848,394,48,113,31,50,87,10760,26,180,280,115 1,1,1,1,1,1,1,1,1,1,1,1,1,1,1,1
3533,7,30,5,93,122,129,177,5,10578,5,53,32,166 1,1,1,1,1,1,1,1,1,1,1,1,1,1
93,122,4,6,29,14,1040,5,413 1,1,1,1,1,1,1,1,1
988,14,43,12,145,2,212,2,5,4114 1,1,1,1,1,1,1,1,1,1
181,14,619,5,682 1,1,1,1,1
18,14,12,11,326 1,1,1,1,1
18,21,106,2181,1130,1056,48,118,302,53,1667,43 1,1,1,1,1,1,1,1,1,1,1,1
489,467,4,32,166,5,50,306,1113 1,1,1,1,1,1,1,1,1
84,20,25493,19,6,69 1,1,1,1,1,1
442,14,2635,2,1370,14,2231,2,331,14,2687,2,5,6,3533,32,166 1,1,1,1,1,1,1,1,1,1,1,1,1,1,1,1,1
1322,113,31,1035,87,180,142 1,1,1,1,1,1,1
320,4,38,29,21,461,2,8915,2,5,6182 1,1,1,1,1,1,1,1,1,1,1
92,285,38,13,6,378,325,104,40,55,2809,23,10,125,108,648,319,433,23,12,419,1825,2852 1,1,1,1,1,1,1,1,1,1,1,1,1,1,1,1,1,1,1,1,1,1,1
678,2494,4,161,461 1,1,1,1,1
165,8915 1,1
186,6182 1,1
249,3248,740 1,1,1
351,132,353 1,1,1
642,4,6,29,40,55,265,10,144 1,1,1,1,1,1,1,1,1
232,31,177,42,240,312,232,630,4,2964 1,1,1,1,1,1,1,1,1,1
526,14650,2,10878,96 1,1,1,1,1
495,4,14651,276,4,14651,597,42,4,14650,2,10878,813,25494,8004 1,1,1,1,1,1,1,1,1,1,1,1,1,1,1
