67,54,4,30237,404,17,112,1364,1741 1,1,1,1,1,1,1,1,1
498,3,79,7,64,7881,3,61,220,1268,187,666,34,123,14933 1,1,1,1,1,1,1,1,1,1,1,1,1,1,1
21,1925,34,3,126,12,3254,3,584,637,115,303,10,2724,548 1,1,1,1,1,1,1,1,1,1,1,1,1,1,1
34,99,170,435,3,538,2270 1,1,1,1,1,1,1
957,170,85,15,65,3,31,30238,10,303,656 1,1,1,1,1,1,1,1,1,1,1
16,90,1297,10,548,3,95,667,3,90,474,3,1111,3,277,3,323 1,1,1,1,1,1,1,1,1,1,1,1,1,1,1,1,1
147,71,324,106,256,697,935,4,161,315,413,1297,256,541,1229,39,203,9,947,478,8,1026,45,5989,49,36,45,9,73,8,25,32,3,49,35,496,809,9,348,8,846,45,49,36,45,9,73,8,25,305,123,388,65,2883,9,622,8,141,22,9,647,45,49,58,8,25,69,123,388,65,2092,9,3642,8,2022,45,49,36,45,9,73,8,25,305,123,388,65,8529,9,5241,456,8,378,45,49,36,45,9,73,8,25,32,123,388,65,236,9,800,8,515,45,49,36,45,9,73,8,25,32,3,49,35,496,780,9,913,8,799,45,49,36,45,9,73,8,25,32,123,388,65,3,49,35,496,127,1545,206,30,3890,2713,3,98,21,509,29,245,220,848,10038,121,14,23,198,11591 1,4,4,7,1,1,1,1,1,1,1,1,1,1,1,1,11,11,11,11,11,1,1,1,1,1,1,1,1,1,1,1,1,1,1,1,17,17,17,17,1,1,1,1,1,1,1,1,1,1,1,1,1,21,21,21,21,1,1,1,1,1,1,1,1,1,1,1,1,1,1,1,1,1,1,1,1,1,1,1,1,1,1,1,1,1,1,13,13,13,13,13,1,1,1,1,1,1,1,1,1,1,1,1,1,12,12,12,12,1,1,1,1,1,1,1,1,1,1,1,1,1,1,28,28,28,28,1,1,1,1,1,1,1,1,1,1,1,1,1,1,1,1,1,1,1,1,1,1,1,1,1,1,1,1,1,1,1,1,1,1,1,1,1
316,205,63,94,12288,133,1000,140,4234,948,102,77,814,4,3251,498,3,480,114,4,11,93,29,1459,5,16576 1,1,1,1,1,1,1,1,1,1,1,1,1,1,1,1,1,1,1,1,1,1,1,1,1,1
133,217,1345,29,187,2363,33,11,1966,3,11,93,29,60,1064,591,1039,225,187,30239,548,29,979,12,30240,3,3029,548,29,131,246,12,443,3254,29,296,1693,7,2150,3,1788,3,951,3,489,4777,34,29,670,1006,12,233,2363,762,1915 1,1,1,1,1,1,1,1,1,1,1,1,1,1,1,1,1,1,1,1,1,1,1,1,1,1,1,1,1,1,1,1,1,1,1,1,1,1,1,1,1,1,1,1,1,1,1,1,1,1,1,1,1,1,1
1459,3,3175,133,217,29,666,617,3,232,2844,878 1,1,1,1,1,1,1,1,1,1,1,1
192,5,104,1364,1741 1,1,1,1,1
498,220,1925,8398,34,12,187,2363,33,921,885,138,2291,7,1297,5,2291,7,102,461,19,77,29,41,191,666,1793,10,192,17,4480,822,26,174,448,29,17,132,3,1816,167 1,1,1,1,1,1,1,1,1,1,1,1,1,1,1,1,1,1,1,1,1,1,1,1,1,1,1,1,1,1,1,1,1,1,1,1,1,1,1,1,1
50,420,79,439,220,64,7881,12,441,493,113,9,11,111,10627,1089,3,441,1089,13721,8 1,1,1,1,1,1,1,1,1,1,1,1,1,1,1,1,1,1,1,1,1
848,10038,41,454,17,1089 1,1,1,1,1,1
1521,134,34,828 1,1,1,1
