69,49,4,25582,1159,183,605,99,141,49,4,25583,29,414,4,14665,2,9264,485,46,4,14666,240,4,8953,2,14663,3444,4,29,5,189,444,581,17,141,4,228,12,916,5,959,709,234,4,29,14,15,3456,471,13,972,5488,2,81,341,2,127,2,254,2,5,103,798,12,3666,9,4389,70,8955,5,6076,2753,576,10,1350,2919,76,7,6,70,378,293,143,8 1,1,1,1,1,1,1,1,1,1,1,1,1,1,1,1,1,1,1,1,1,1,1,1,1,1,1,1,1,1,1,1,1,1,1,1,1,1,1,1,1,1,1,1,1,1,1,1,1,1,1,1,1,1,4,4,1,10,1,16,1,1,1,1,1,1,1,1,1,1,1,1,1,1,1,1,1,1,1,1,1,1,1,1,1
16,21,61,5834,27,140,42,24,1202,136,24,551,97,200,5,119,24,440,75,46,898,28,62,586,2085,38,200,5,119,189,444,24,6522,5,583,21,2098,6247,268,1169,17,24,1202,27,140 1,1,1,1,1,1,1,1,1,1,1,1,1,1,1,1,1,1,1,1,1,1,1,1,1,1,1,1,1,1,1,1,1,1,1,1,1,1,1,1,1,1,1,1,1
64,75,46,898,28,62,1202,31,13,170,19,6,1032,278,2,119,189,444,64,25584,514,1041,24,2248,14549,2085,5,24,1202,8690,14672,5,6559,15,997,959,17,29 1,1,1,1,1,1,1,1,1,1,1,1,1,1,1,1,1,1,1,1,1,1,1,1,1,1,1,1,1,1,1,1,1,1,1,1,1,1
281,29,14,413,63,646,98,102,5,434,7098,87,709,26,849,113,13286,3774,37,16,14,265,13,913,7,537,730,27,15,7855,26,997,1083 1,1,1,1,1,1,1,1,1,1,1,1,1,1,1,1,1,1,1,1,1,1,1,1,1,1,1,1,1,1,1,1,1
16,88,87,455,2,270,2,1642,2,4133,2,1652,2,228,12,862,2,834,803,2,1839,2,26,25585 1,1,1,1,1,1,1,1,1,1,1,1,1,1,1,1,1,1,1,1,1,1,1,1
16,113,444,1248,3649,590,19,24,70,663,48,267,1051,12,590,136,6,798,97,200,1540,12,6,197,217 1,1,1,1,1,1,1,1,1,1,1,1,1,1,1,1,1,1,1,1,1,1,1,1,1
12,189,205,7,6,392,20,716,5,64,265,17,241,2155,5,380,959 1,1,1,1,1,1,1,1,1,1,1,1,1,1,1,1,1
78,89,30,4,116,254,1217,1168,314,136,5153,9,11,1217,136,5153,8,120,216,392,1328,1163,159,146 1,1,1,1,1,16,1,1,1,1,1,1,1,1,1,1,1,1,1,1,1,1,1,1
52,12534,1867,2,70,10883,576,10,1617,4897,2,70,2619,25586,103,70,25587,10884,972,5488,103,798,12,25588,9,4389,70,8955,5,6076,2753,1350,2919,76,7,6,70,378,293,143,77,4,9,119,58,4600,75,46,898,28,62,99,65,1231,788,2,2682,8,987,9,310,8,823,22,9,778,45,60,51,8,25,59,2600,9,607,8,83,22,9,521,45,60,35,8,25,33,98,365,123,1292,83,5007,22,9,1934,83,5008,370,22,8,35,347,25,1834,138,34,473,9,1828,8,449,22,9,1541,45,60,35,8,25,33,98,365,123,635,130,22,9,446,45,60,35,8,25,283,2224,9,3991,8,1915,45,60,35,45,9,62,8,25,291,98,154,123,137,4,11942,83,22,261,14270,778,36,339,1648,128,30,4,314,179,30,4,10881,3977,2,295,174,1202,8951,104,14,24,203,14664 1,1,1,1,1,1,1,1,1,1,1,1,1,1,1,1,1,1,1,1,1,1,1,1,1,1,1,1,1,1,1,1,1,1,1,1,1,1,1,1,1,1,1,1,1,1,1,1,1,1,1,1,1,1,1,1,1,1,20,20,20,20,1,1,1,1,1,1,1,1,1,1,22,22,22,22,1,1,1,1,1,1,1,1,1,1,1,1,1,1,1,1,1,1,1,1,1,1,1,1,1,1,1,1,1,1,28,28,28,28,1,1,1,1,1,1,1,1,1,1,1,1,1,12,1,1,1,1,1,1,1,1,1,1,1,1,1,1,1,1,1,1,1,1,1,1,1,1,1,1,1,1,1,1,1,1,1,1,1,1,1,1,1,1,1,1,1,1,1,1,1,1,1,1,1,1,1,1,1,1,1
163,7,213,4,32,166,256,93,122,520,359,4,276,2791,289,1956,111,14673,574,105,651,4,980,41,628,224,4,2538,4971,2,436,202,4,2417,2,570,2,1930,19,891,5959,193,2,802,2907,1130,2,3404,90,181,4,11,484,26,1346,19,6,4995,26,25589,112,4,330,13,275,1596,2,11,920,44,4,745,569,118,4,418,2,11,25590,187,4,62,2,875,2,1325,2,1381,217,4,11,1505,1030,4,10862,992,175 1,1,1,1,1,1,1,1,1,1,1,1,1,1,1,1,5,5,1,1,1,1,1,1,1,1,1,1,1,1,1,1,1,1,1,1,1,1,1,1,1,1,1,1,1,1,1,1,1,1,1,1,1,1,1,1,1,1,1,1,1,1,1,1,1,1,1,1,1,1,1,1,1,1,1,1,1,1,1,1,1,1,1,1,1,1,1,1,1,1,1,1,1,1,1,1,1
29,646,10,1083,5,95,5,10,2902,9,6001,8,13,1114,907 1,1,1,1,1,1,1,1,1,1,1,1,1,1,1
173,3804,590,19,6,2782,2,1968,2,1686 1,1,1,1,1,1,1,1,1,1
14674,590,19,6,3161 1,1,1,1,1
1394,426,4,5134,649,3016,2,524,2200,2,824,2363,2,689,8906,2,379,462,2,804,1789,2,770,6410,9,72,8,5134,298,3222,2,615,25591,9,54,8,2,458,5699,2,266,25592,9,54,8,2,530,1767,2,665,5998,2,698,25593,9,72,8,2,443,5206,5134,666,4397,5134,64,5262,2,1046,1506,2,1069,8055,5134,2456,1676,2,3251,90,2,2194,1518,2,2676,66,2,2443,66,2,2747,6332,2,2136,66,2,1679,2983,5134,2677,66,2,3034,66,2,2195,66,2,1793,66,5134,13432,2,13433,5134,25594,66,2,25595,66,2,25596,66,2,25597,66,2,25598,66,2,25599,66,2,25600,66,2,25601,66,5134,25602,66,2,25603,66,2,25604,318,464,4,320,4,43,44 1,1,1,1,1,1,1,1,1,1,1,1,1,1,1,1,1,1,1,1,1,1,1,1,1,1,1,1,1,1,1,1,1,1,1,1,1,1,1,1,1,1,1,1,1,1,1,1,1,1,1,1,1,1,1,1,1,1,1,1,1,1,1,1,1,1,1,1,1,1,1,1,1,1,1,1,1,1,1,1,1,1,1,1,1,1,1,1,1,1,1,1,1,1,1,1,1,1,1,1,1,1,1,1,1,1,1,1,1,1,1,1,1,1,1,1,1,1,1,1,1,1,1,1,1,1,1,1,1,1,1,1,1,1,1,1,1,1,1,1,1,1,1,1,1,1,1,1,1,1,1
205,392,4,320,4,161,11,180,2634,3103 1,1,1,1,1,1,1,1,1,1
11,900,133,1377,388 1,1,1,1,1
165,160,7,158,2634,1219,5,162,32,1802,256,2,185,1323,10,158,708 1,1,1,1,1,1,1,1,1,1,1,1,1,1,1,1,1
186,185,149,10885,7,6,70,6670,662,2064 1,1,1,1,1,1,1,1,1,1
3578,4,3456,471,13,972,5488,2,81,341,2,127,2,254,2,5,103,798,12,3666,104,21,61,1009,203,7,42,24,1202 1,1,1,1,1,1,1,1,4,4,1,10,1,16,1,1,1,1,1,1,1,1,1,1,1,1,1,1,1
6247,13,834,9102,709,5,268,1169,10,60,203,7,42,24,1202 1,1,1,1,1,1,1,1,1,1,1,1,1,1,1
392,205,14,66,17,15,280,798,5,258,53,992,43,5,31,1905,7,87,825,1825,6842 1,1,1,1,1,1,1,1,1,1,1,1,1,1,1,1,1,1,1,1,1
29,85,479,185,5,436,5,1701,413,5,646,10,6,2150 1,1,1,1,1,1,1,1,1,1,1,1,1,1
16,40,218,1525,65,15,1476,140,26,997,959 1,1,1,1,1,1,1,1,1,1,1
36,126,13,286,29,77,36,4381,470,36,179,3137,470,36,135,333,36,381,333,36,2153,5,1191,873,36,2990,154,59,36,275,715,10046,25605,25606,2,195,361,1357,1159,183,13,1135 1,1,1,1,1,1,1,1,1,1,1,1,1,1,1,1,1,1,1,1,1,1,1,1,1,1,1,1,1,1,1,1,1,1,1,1,1,1,1,1,1,1
