69,49,4,25607,414,4,4576,2,5135,485,4,7657,437,101,858,391,4,437,127,5,81 1,1,1,1,1,1,1,1,1,1,1,1,1,1,1,1,1,1,10,1,4
281,19,1201,196,22,51,1555,12,6,465,5,230,244,22,12,6,465 1,1,26,1,1,1,1,1,1,1,1,7,1,1,1,1,1
18,14,290,23,560,2218 1,1,1,1,1,1
191,6,78,51,236,21,39,2450,115,13,850,2789,2,252,1840,596,2,5,250 1,1,1,1,1,1,1,1,1,1,1,1,1,1,1,1,1,1,1
6,250,14,3762,1877 1,1,1,1,1
18,113,50,149,2297,48,11,272,2,402,2,435 1,1,1,1,1,1,1,1,1,1,1,1
115,53,3299,4105 1,1,1,1
19,73,4,67,94,14675 1,1,1,5,5,5
2444,86,571 1,1,1
11,815,1289 1,1,1
226,4,90,86,856,2,1223,26,1056 1,1,1,1,1,1,1,1,1
91,73,4,135,145,5,212,28,43,246,5,253 1,1,1,1,1,1,1,1,1,1,1,1
118,145,6150,11,1626,417,26,1422 1,1,1,1,1,1,1,1
11,336,79 1,1,1
833,4,161,127,5,81,13,657,1229,338 1,1,1,10,1,4,1,1,1,1
40,1495,1010,1247,22,327 1,1,25,1,1,1
4993 1
10,207,100,12,51,236 1,1,1,1,1,1
165,2442,2450,2,3299,4105 1,1,1,1,1,1
437,17,87,834 1,1,1,1
6021,6079,2,96 1,1,1,1
25608 1
