69,49,4,25629,101,99,29,414,4,4576,2,5135,485,4,7657,597,49,4,25630,597,42,4,6021,6079,2,96 1,1,1,1,1,1,1,1,1,1,1,1,1,1,1,1,1,1,1,1,1,1,1,1,1,1
49,7,101,4,25631,29,14,15,5443,10886,407,104,1493,12,80 1,1,1,1,1,1,1,1,1,1,1,1,1,1,1
23,567,14685,20,8958 1,1,1,1,1
18,14,15,214,1180,5443,10886,407,13,15,30,7,81,2,127,2,2014,4169,776,2,188,1385,569,5,150,89,167 1,1,1,1,1,1,1,1,1,1,1,1,4,1,10,1,1,1,1,1,1,1,1,1,1,1,1
18,14,139,304,15,70,5608,74,4228,12,6,78 1,1,1,1,1,1,1,1,1,1,1,1
288,18,21,61,1863,1308,27,23,567,74,1477,5,150,511,27,23,4775,74,1477 1,1,1,1,1,1,1,1,1,1,1,1,1,1,1,1,1,1,1
648,53,1634,10,3802,268,2720,12,2858,7,25632,37,18,826,23,560 1,1,1,1,1,1,1,1,1,1,1,1,1,1,1,1
151,18,12502,27,23,567,74,14685,74,1477,23,567,113,155,23,728,645,23,4775,113,31 1,1,1,1,1,1,1,1,1,1,1,1,1,1,1,1,1,1,1,1,1
23,67,94,21,61,214,4055,288,5,92,288,1704,1010,5,1606,1380,1062,154,22,866,107,10,23,322,12,736,10,23,135,1201,5,771 1,1,1,1,1,1,1,1,1,1,1,1,25,1,23,1,1,1,1,1,1,1,1,1,1,1,1,1,1,26,1,7
23,567,85,21,264,23,25633,10,1963,190,12,6,465 1,1,1,1,1,1,6,1,1,1,1,1,1
18,1886,37,1863,12,6,2556,26,2061,2556,18,176,50,106,252,728 1,1,1,1,1,1,1,1,1,1,1,1,1,1,1,1
18,267,37,23,477,404,2574,5,21,572,2889,23,52,386,108,23,848,1302,252 1,1,1,1,1,1,1,1,1,1,1,1,1,1,1,1,1,1,1
18,404,419,108,18,14,124,7524,4145,26,3196,10,1838 1,1,1,1,1,1,1,1,1,1,1,1,1
18,21,39,1084,115,10,37,13,252,728,12,6,78,278,151,6,567,2642,23,728,648,53,192,12,6,4356,10,8479,502 1,1,1,1,1,1,1,1,1,1,1,1,1,1,1,1,1,1,1,1,1,1,1,1,1,1,1,1,1
18,21,847,728,297,1244,37,53,25634,5,25635,6,9288,848,18,39,20,1580,297,2005 1,1,1,1,1,1,1,1,1,1,1,1,1,1,1,1,1,1,1,1
6,29,267,37,18,404,2574,27,511 1,1,1,1,1,1,1,1,1
18,14,15,214,1169,3444,1242,13,23,567,8958,26,13,6,150,25636,8958 1,1,1,1,1,1,1,1,1,1,1,1,1,1,1,1,1
18,21,31,61,460,87,44,34,26,396 1,1,1,1,1,1,1,1,1,1
23,618,14,31,741,10,1488,100,26,1939,423 1,1,1,1,1,1,1,1,1,1,1
11,892,2,4121,988,2,6009,618,2,3294,2,26,900,349,26,386,394,26,803 1,1,1,1,1,1,1,1,1,1,1,1,1,1,1,1,1,1,1
7,99,6,44,34,18,39,3912,173,19,6,97,101,151,23,567,39,166,18,20,14686,21,660 1,1,1,1,1,1,1,1,1,1,1,1,1,1,1,1,1,1,1,1,1,1,1
23,91,415,215,65,1215,1740,227,63,352,2312,7,183,2754,2,147,5989,239,10,12163,118,145,1338 1,1,1,1,1,1,1,1,1,1,1,1,1,1,1,1,1,1,1,1,1,1,1
11,160,17,313,19,6,1608,2435 1,1,1,1,1,1,1,1
65,1110,2426,23,343,282,426,227,43,525,2014,1469,5,4169,1469,722,2567,4018 1,1,1,1,1,1,1,1,1,1,1,1,1,1,1,1,1,1
18,85,39,293,426,1110,2426,37,227,839,76,7,6,70,5,52,293 1,1,1,1,1,1,1,1,1,1,1,1,1,1,1,1,1
23,158,691,65,25637,227,188,5702,3298,48,11,180,3103,26,1484 1,1,1,1,1,1,1,1,1,1,1,1,1,1,1
6,29,21,39,188,1581,988,5,68,14,1970,173,1092,26,31,18,21,1122 1,1,1,1,1,1,1,1,1,1,1,1,1,1,1,1,1,1
23,567,14,4662,23,6,4037,645,84,14,31,90,108,38,14,25638,23,26,31 1,1,1,1,1,1,1,1,1,1,1,1,1,1,1,1,1,1,1
1863,23,567,1886,37,18,14,2020,1053,537,25639,26,25640,2282,271,460,2533,13,23,1702,645,150,511,84,1044,32,108,18,18,113,50,106,1122 1,1,1,1,1,1,1,1,1,1,1,1,1,1,1,1,1,1,1,1,1,1,1,1,1,1,1,1,1,1,1,1,1
18,85,21,61,453,12,25641,1695,144 1,1,1,1,1,1,1,1,1
19,73,18,14,12,11,180,326 1,1,1,1,1,1,1,1
67,94,14082 1,1,1
112,4,330,86,920,26,229 1,1,1,1,1,1,1
226,4,90,86,856,2,1056,2,26,1223 1,1,1,1,1,1,1,1,1,1
91,4,145,2218,135,2,43,246,2,253,86,1093,2,970,2,26,387 1,1,1,1,1,1,1,1,1,1,1,1,1,1,1,1,1
187,4,133,2,375 1,1,1,1,1
11,4554 1,1
18,21,188,70,1188,394,557,13,23,334,5608,74,4228 1,1,1,1,1,1,1,1,1,1,1,1,1
1478,1738,51,814,579,355,175,645,862,20,31,4899 1,1,1,1,1,1,1,1,1,1,1,1
731,1028 1,1
1355,395,2,1849,754,9186,2,2713,853 1,1,1,1,1,1,1,1,1
672,14,610,4266,1582,71,14,557,13,6,158,99,65,58,3290,14684 1,1,1,1,1,1,1,1,1,1,1,1,1,1,1,1
466,175,10,688,1014 1,1,1,1,1
525,243,175 1,1,1
161,127,71,14,573,419,425,19,231,322 1,10,1,1,1,1,1,1,1,1
126,1140 1,1
155,5219 1,1
311,51,81 4,4,4
23,567,3791,106,7,23,1251,10,1403,48,6,1283,728,53,31,27,192,252 1,1,1,1,1,1,1,1,1,1,1,1,1,1,1,1,1,1
7823,92,209,14678,23,115,13,15,2683,848 1,1,1,1,1,1,1,1,1,1
1251,5,618 1,1,1
92,53,781,10,155,15,5219,5,237,540,63,4446,7,23,392,5,112 1,1,1,1,1,1,1,1,1,1,1,1,1,1,1,1,1
18,454,207,100,12,949,5,85,13,23,7243 1,1,1,1,1,1,1,1,1,1,1
18,40,207,100,13,260,12,15,451,236,117,6,4446 1,1,1,1,1,1,1,1,1,1,1,1,1
4865,6021,6079,2,96 1,1,1,1,1
384,4,2630,4,25642,25643,2178,4,25644,6184,1070,4,25645,6185,1070,4,25646 1,1,1,1,1,1,1,1,1,1,1,1,1,1,1,1,1
