69,49,4,25747,29,414,4,10895,2,10896,206,485,4,14713,208,29,14,3365,17,63,1894,48,774,12,17,207,100,80 1,1,1,1,1,1,1,1,1,1,1,1,1,1,1,1,1,1,1,1,1,1,1,1,1,1,1,1
157,337,611,36,84,21,61,156,19,5,664,17,3020,51,159 1,1,1,1,1,1,1,1,1,1,1,1,1,1,1
84,21,288,2,191,6,78,51,198,2,4361 1,1,1,1,1,1,1,1,1,1,1
18,14,724,10,125,58,7664,400,223 1,1,1,1,1,1,1,1,1
54,754,14723,36,2182 1,1,1,1,1
701,58,25748,12,1326 1,1,1,1,1
5136,36,2280,58,6042,19,15,135,1988 4,4,1,1,1,1,1,1,1
11,134,1098 1,1,1
100,10,49,13,1402,2,544,7,1909,9,14724,8,2,2280,58,7664,17,337,203,513,102,198,2,701,58,6747,17,568,203,14724,2,18,14,781,10,1384,15,25749,19,2330,9,250,19,1918,8,5,210 1,1,1,1,1,1,1,1,1,1,1,1,1,1,1,1,1,1,1,1,1,1,1,1,1,1,1,1,1,1,1,1,1,1,1,1,1,1,1,26,1,1,1,1,1,1,12
111,610,251,27,5017 5,5,5,5,5
895,25750,36,411,610,476,19,157,663 1,1,1,1,1,1,1,1,1
340,864,36,19,2019 1,1,1,1,1
11,864 1,1
8507,299,36,1544,27,25751,89,8819,32,15,10841,2,19,15,4621,239,10,754,14723 18,18,1,1,1,1,1,1,1,1,1,1,1,1,1,1,1,1,1
1616,2,295,13,23,1202 1,1,1,1,1,1
8100,299,36,600,2694,439,1429,65,335,7,6,929 1,1,1,1,1,1,1,1,1,1,1,1
661,2694,439,368,74,13,421 1,1,1,1,1,1,1
35,1202,2,2958 1,1,1,1
499,36,11,455,26,270 1,1,1,1,1,1
11,339,26,1368,864 1,1,1,1,1
192,150,213,177,5,53,324 1,1,1,1,1,1,1
167,337,611,81,895,4124,4,6884,127,424,927,1551,1291,25752,27,500,592,73,6748,324,346,367,7665,1604,2518,4,456,594,812,73,5137,148,5470,1483,8967,25753,1320,6748,7459,1108,1568,6748,346,577,1132,5137,346,36,66,309,139,5137,578,15,1055,862,73,14718,11,228,58,6747,2,40,125,12,153,200,3671,14725,285,13,29 1,1,1,4,1,1,1,1,10,1,1,1,1,1,1,1,1,1,1,1,1,1,1,1,1,1,1,1,1,1,1,1,1,1,1,1,1,1,1,1,1,1,1,1,1,1,1,1,1,1,1,1,1,1,1,1,1,1,1,1,1,1,1,1,1,1,1,1,1,1,1,1,1
18,411,3470,2688,25754,25755,718,10,2244,282,17,1317,1011,752,6748,1817,5053,73,7665,201,42,58,6747,346,5208,2766,73,14725,701,58,7664,38,221,2,866,497,198,389,1218,25756,125,444,12,457,2630,3655,14717,1587,7665,1174,3575,7665,1909,2518,4,456,2077,1402,8967,6642,1033,1864,6748,1033,1864,724,80,266,9,835,8,8967,4398,991,93,73,6748,346,3576,7665,1211,458,9,654,8,8967,5886,1015,25757,2424,374,31,1817,456,456,280,14716,354,354,5137,77,2330,9,5056,8,14608,2,25,33,2019,9,4521,767,8,109,22,25,33,131,486,1629,1200,190,405,509,2089,547,1456,2,51,25,33,3379,1280,22,25,33,210,9,894,8,491,45,60,35,45,9,62,8,25,283,669,9,1010,8,3315,595,60,35,595,9,62,8,25,33,211,9,896,547,8,925,45,60,35,45,9,62,8,25,33,737,9,1133,8,521,45,60,35,45,9,62,8,25,33,14719,131,3464,14720,14721,684,1496,35,7666,59,2,245,59,17,131,3471 1,1,1,1,1,1,1,1,1,1,1,1,1,1,1,1,1,1,1,1,1,1,1,1,1,1,1,1,1,1,1,1,1,1,1,1,1,1,1,1,1,1,1,1,1,1,1,1,1,1,1,1,1,1,1,1,1,1,1,1,1,1,1,1,1,1,1,1,1,1,1,1,1,1,1,1,1,1,1,1,1,1,1,1,1,1,1,1,1,1,1,1,1,1,1,1,1,1,1,1,1,26,26,26,26,1,1,1,1,1,1,1,1,1,1,1,1,1,6,6,6,1,1,1,1,1,1,1,1,1,1,1,31,1,1,1,1,12,12,12,12,1,1,1,1,1,1,1,1,1,1,25,25,25,25,1,1,1,1,1,1,1,1,1,1,11,11,11,11,11,1,1,1,1,1,1,1,1,1,1,23,23,23,23,1,1,1,1,1,1,1,1,1,1,1,6,1,1,1,1,1,1,1,1,1,1,1,1,6,1
25758,3265,684,1496,11359,230,449,22,25,33,137,747,385,4,8966,12,436,520,359,111,3009,2,289,982,2,616,7410,946,157,337,36,3151,2,6370,7577,2961,7667,611 1,1,1,1,1,7,1,1,1,1,1,1,1,1,1,1,1,1,1,5,5,1,1,1,1,1,1,1,1,1,1,1,1,1,1,1,1,1
4252,4,25759,157,337,8964 1,1,1,1,1,1
114,4,605,10,325,470,1070,2,2766,9,58,7664,8,5,58,6042,126,1287,257,526,6046,1773,6012,2,195 1,1,1,1,1,1,1,1,1,1,1,1,1,1,1,1,1,1,1,1,1,1,1,1,1
