67,54,4,31137,3499,39,278,55,28,4,4739,3,2376,1252,3499,509,47,4,12373,451,4,4078,13763,3,107 1,1,1,1,1,1,1,1,1,1,1,1,1,1,1,1,1,1,1,1,1,1,1,1,1
9,31138,31139,8,1326,4,8856,8675,3,107 1,1,1,1,1,1,1,1,1,1
732,4,573,3,10080,4739,9,8108,31140,8,1085,4,28,29,107 1,1,1,1,1,1,1,1,1,1,1,1,1,1,1
31141,29,356,39,67,4867,4,3044,29,7619,747,594,4,3079,594,9,281,297,8,278,54,4,31142,85,4,10394,973,426,4,2569,3944,404,17,278,4,172,17,30,7,39,147,282,4,79,14,15,2148,1741 1,1,1,1,1,1,1,1,1,1,1,1,1,1,1,1,1,1,1,1,1,1,1,1,1,1,1,1,1,1,1,1,1,1,1,1,1,1,1,1,1,1,1,1,1,1,1,1
358,13,142,3,8013,3,287,3,95,1742,124,17,4296,78,47,966,29,73,1969,27,3499,3,5,363,3,121,20,688,10,6,3499,3079,43,23,2607,5479,3,64,8675,66,24,224,89,17,308,2569,3944 1,1,7,7,4,4,15,1,1,1,1,1,1,1,1,1,1,1,1,1,1,1,1,1,1,1,1,1,1,1,1,1,1,1,1,1,1,1,1,1,1,1,1,1,1,1,1
64,8675,38,1567,6760,124,17,40,79,13,31143,4498,5,1766,3,169,10,23,953,17,6,987 1,1,1,1,1,1,1,1,1,1,1,1,1,1,1,1,1,1,1,1,1,1
313,3,135,293,4739,3,16,953,10,6,987,344,13,6,2901,7,235,23,363,5,878,23,1522,3,75,16,21,68,775,10,49,17,6,80,58,113,3,290,10,62,6156,1581 1,1,1,1,1,1,1,1,1,1,1,1,1,1,1,1,1,1,1,1,1,1,1,1,1,1,1,1,1,1,1,1,1,1,1,1,1,1,1,1,1,1
64,8675,607,15,235,12,75,6,79,20,2093,5,3382,3,477,768,308,2569,3944,13,15,104,10,12377,19,1690 1,1,1,1,1,1,1,1,1,1,1,1,1,1,1,1,1,1,1,1,1,1,1,1,1,1
16,146,38,170,255,40,80,113,3,834,16,38,312,306,15,31144,1690,1746,12,23,666,3,51,242,31,96,868,19,23,104 1,1,1,1,1,1,1,1,1,1,1,1,1,1,1,1,1,1,1,1,1,1,1,1,1,1,1,1,1,1
138,479,17,31145,15079,3,15,2699,625,20,492,3,5,79,20,688,10,6,3499,230 1,1,1,1,1,1,1,1,1,1,1,1,1,1,1,1,1,1,1,1
6,79,109,162,10,31146,7,6,124,3,5,1610,1951,10,1358,168 1,1,1,1,1,1,1,1,1,1,1,1,1,1,1,1
313,3,16,258,37,23,99,2569,3944,20,620,58,113,183,3,5,37,16,84,23,8744,3,711,16,8370,23,573,78,47,966,29,73,31147,16812,3,121,21,68,13918,24,3,41,52,964,66,16813,2104 1,1,1,1,1,1,1,1,1,1,1,1,1,1,1,1,1,1,1,1,1,1,1,1,1,1,1,1,1,1,1,1,1,1,1,1,1,1,1,1,1,1,1,1,1,1,1
7414,3,16,258,37,16,21,68,49,233,23,39,3,144,23,165,27,1376,939,85,15,65,17,23,1315,1024,3,5,84,6,1777,19,23,3269,5,5466,774,3,13,6281,10,265,23,436 1,1,1,1,1,1,1,1,1,1,1,1,1,1,1,8,1,1,1,1,1,1,1,1,1,1,1,1,1,1,1,1,1,1,1,1,1,1,1,1,1,1,1,1
6,39,594,20,773,10,172,6,79,17,308,5,9014,39,483,169,10,168,10,15,3079,594 1,1,1,1,1,1,1,1,1,1,1,1,1,1,1,1,1,1,1,1,1,1
3722,176,363,4,116,159,440,625 1,1,1,1,1,1,1,1
178,8013,4,801,27,440,3643,20,356,19,818,1764,3,51,132,19,165 1,4,1,1,1,1,1,1,1,1,1,1,1,1,1,1,8
186,79,38,1261,140,5,467,10,3511,842,3,16,242,31,606,165 1,1,1,1,1,1,1,1,1,1,1,1,1,1,1,8
99,560,398,7,4637,12,1387,3225 1,16,16,16,16,1,1,1
195,3603,4,1573,7,31148,9,31149,8,5,6400,1538,7,31150,79,20,356,49,218,549,105,5,2031,799,105,3,51,14,31,49,62,8917,26,2930,137 1,1,1,1,1,1,1,1,1,1,1,1,1,1,1,1,1,1,44,1,1,1,69,1,1,1,1,1,1,1,1,1,1,1,1
253,287,4,2518,5289 1,15,1,1,1
3039,35,365,35,31151,19,31152,12,481,7,500,179,1395 1,1,1,1,1,1,1,1,1,1,1,1,4
99,3039,7,16809,19,31153 1,1,1,1,1,1
79,20,356,19,4409,7119,105,3,51,14,31,49,92,137 1,1,1,1,88,1,1,1,1,1,1,1,1,1
346,142,4,19,784,707 1,7,1,1,9,9
460,4296,78,47,966,29,73,1969,4,79,61,10,3292,224,19,16806,13,2921,34,5,11301,37,242,31,265,19,818,907 1,1,1,1,1,1,1,1,1,1,1,1,1,1,1,1,1,1,1,1,1,1,1,1,1,1,1,1
866,5466,34,3,474,3,5,514,10,46,4296,78,47,966,29,73,1969,606,591,1722,27,3499,19,16807 1,1,1,1,1,1,1,1,1,1,1,1,1,1,1,1,1,1,1,1,1,1,1,1
79,38,1742,124,13,3716,438,3,311,774,3119,3,4537,2588,3,5,912,247,907,438 1,1,1,1,1,1,1,1,1,1,1,1,1,1,1,1,1,1,1,1
79,20,261,19,31154,13,3269,5,5466,774,265,3,51,31,2672,1064 1,1,1,1,1,1,1,1,1,1,1,1,1,1,1,1
16,21,68,96,976,43,3499,164,13,173,265 1,1,1,1,1,1,1,1,1,1,1
652,110,4537,2588,4,110,4537,2588,19,16814,12,481,7,2590,96,4296,78,47,966,29,73,1969 1,1,1,1,1,1,1,1,1,1,1,1,1,1,1,1,1,1,1,1,1,1
19,16815,3,79,526,989,7,6,196,2542,6,2588,1192,3,10,1307,15,742,326,756 1,1,1,1,1,1,1,1,1,1,1,1,1,1,1,1,1,1,1,1
833,280,4,137,3385,10081,842 1,23,23,1,1,1,1
995,1725,555,1079,110,1487,12,2923,39,4,9,660,13,79,8,176,784,707,672,25,711,105,178,596,165,15272,521,605,13,1429,195,596,165,11592,521,608,13,2235,253,145,165,1315,1024,521,4147,329,276,33,17,1386,7,31155,3,745,31156,33,17,1386,7,31157,3,745,31158,33,17,1386,7,7705,3,745,16816,33,17,1386,1470,306,1592,3,745,11592,346,1522,2485,25,711,105,9,488,49,58,113,183,8,460,3373,1314,25,711,105,167,17,958,9,99,228,20,117,65,183,8,652,1253,31159,25,711,105,833,7150,1804,127,4,780,33,78,840,29,2406,206,30,4,245,12,31160,3,3921,13,23,573,3,10080,4739,2686,4,1221,670,8327,31161,4952 1,1,1,1,1,1,1,1,1,1,1,1,1,1,1,1,9,9,1,1,1,1,1,8,8,1,1,1,1,1,1,8,8,1,1,1,1,1,1,8,8,1,1,1,1,1,1,1,1,1,1,1,1,1,1,1,1,1,1,1,1,1,1,1,1,1,1,1,1,1,1,1,1,1,1,1,1,1,1,1,1,1,1,1,1,1,1,1,1,1,1,1,1,1,1,1,1,1,1,1,1,1,1,1,1,1,1,1,1,1,1,1,1,1,1,1,1,1,1,1,1,1,1,1,1,1,1,1,1,1,1,1,1,1,1,1,1,1,1,1,1,1,1,1,1,1,1,1
137,11938,355 1,1,1
699,4,90,485,4,1119 14,14,14,1,1,1
36,728,15,87 1,1,1,1
1113,4,90,4454,3,233,1113,3,158,6767 1,1,1,1,1,1,1,1,1,1
579,4,395,510,10,282,17,2646,269,5,72 1,1,1,1,1,1,1,1,1,1,1
207,4,90,249,3,459,3,207,323 1,1,1,1,1,1,1,1,1
90,3638 1,1
196,4,11,84,3280,3,3446 1,1,1,1,1,1,1
3269,5,5466,774,211,5,265,413,4,598,1725,555 1,1,1,1,1,1,1,1,1,1,1,1
90,1297,412,4,11,678,84,26,1280,1653,4,11,3957,3,756,3,338,1431,4,11,1371,3,11,1371,994,1844,4,11,407,3,1753,3,226,7,184,644,4,11,529,3,695,3,109,3,760,3,739,3,418,361,4,90,362,34,3,648,3,446 1,1,1,1,1,1,1,1,1,1,1,1,1,1,1,1,1,1,1,1,1,1,1,1,1,1,1,1,1,1,1,1,1,1,1,1,1,1,1,1,1,1,1,1,1,1,1,1,1,1,1,1,1,1,1,1,1,1
2588,1192,13,232,2284,5,97,432,1309,4,11,796,3,1408,3,1235,3,1206,3,2041,3,1837 1,1,1,1,1,1,1,1,1,1,1,1,1,1,1,1,1,1,1,1,1,1
90,798,1157,352,4,11,616,3,6760,656,3,611,3,314,7,2297,3,4075,102,77,701,4,292,4,4835,364,4,388,9,145,8,148,4,31162,716,4,581,718,880,4,853,42,19,13835,655,4,10081,842,814,4,12,480 1,1,1,1,1,1,1,1,1,1,1,1,1,1,1,1,1,1,1,1,1,1,1,1,1,1,1,1,1,1,1,1,1,1,1,1,1,1,1,1,1,1,1,1,1,1,1,1,1,1,1,1
280 1
1250,3,1417,917,12,859 1,1,1,1,1,1
227,4,1806 1,1,1
863 1
665 1
1042,91,97,243,3,1536,97,6245 1,1,1,1,1,1,1,1
136,4,152,3,332,3,66,3,11,879 1,1,1,1,1,1,1,1,1,1
217,216,133,100,97,2308 1,1,1,1,1,1
11,875,1080,246 1,1,1,1
48,4,91,10,463,100 1,1,1,1,1,1
11,407,26,1065 1,1,1,1
644,4,145,156 1,1,1,1
44,304,3,310 1,1,1,1
11,1099 1,1
11,1444,3263,26,1501,3191 1,1,1,1,1,1
1630,1291,31163,1334 1,1,1,1
576,7,1945,632,7063 1,1,1,1,1
362,4,329,326,327,29,152,3,952,3,280 1,1,1,1,1,1,1,1,1,1,1
11,1061 1,1
11,1482,246,3,11,3849,205,3,11,633,804 1,1,1,1,1,1,1,1,1,1,1
3205,2588,1192,13,232,2284,7,2626,554 1,1,1,1,1,1,1,1,1
2588,5042,5137,4498 1,1,1,1
188,4,11,741,26,4837,246 1,1,1,1,1,1,1
531,4,617 1,1,1
11,13836 1,1
93 1
11,11144 1,1
217,1032,5,4853,100 1,1,1,1,1
3663,4,16303,1436,774,12,31164,13,2542,685 1,1,1,1,1,1,1,1,1,1
6908,1436,774,27,649,7,5687,3,976,10,12374 1,1,1,1,1,1,1,1,1,1,1
1777,12,469 1,1,1
11,3915,26,1280,2893,66,394,774 1,1,1,1,1,1,1,1
186,1129,10,2097,12,6,80,3,5,135,79,3,394,774,57,86,10,265 1,1,1,1,1,1,1,1,1,1,1,1,1,1,1,1,1,1
352,4,410,5,642,123,195,1326,4,90,3887,5,4366 1,1,1,1,1,1,1,1,1,1,1,1,1
427,7,77,1493,10,281,297,172 1,1,1,1,1,1,1,1
177,4,44,338,239,27,1137,1815 1,1,1,1,1,1,1,1
44,1090 1,1
500,187,804,626 1,1,1,1
4346,2894,84 1,1,1
11,173,84,66,356,177,19,16815 1,1,1,1,1,1,1,1
149,4,1185,349,3116,9,1312,8,524,333,31165,59,9,1977,8,42,560,3626,59,9,2119,8,1451,734,12378,9,2202,8,1785,536,11270,9,1589,8,1381,653,1490,9,1360,8,1227,786,7632,9,1479,8,1588,823,5111,9,1480,8,654,795,6236,83,9,1424,8,42,1542,586,83,9,1739,8,42,577,1299,59,9,1786,8,42,847,320,9,1740,8,42,830,117,9,1832,8,42,864,519,9,1691,8,42,714,1209,14121,9,2240,8,524,714,577,14561,9,2241,8,524,714,847,8047,83,9,2577,8,524,714,830,7178,9,2242,8,524,714,864,2873,9,2278,8,524,1661,433,83,9,200,8,1577,200,9,200,8,2360,200,9,200,8,2096,200,9,200,8,1290,456,9,578,149,8,2375,9,1305,8,351,663,9,578,149,8,1880,9,1276,8,351,835,9,578,149,8,2421,9,1310,8,351,769,9,578,149,8,6161,9,1450,8,351,392,9,578,149,8,1299,9,1311,8,219,347,9,578,149,8,1774,9,1601,8,219,345,9,578,149,8,3633,83,9,1359,8,219,512,2931,9,1478,8,219,1555,1853,9,1659,8,219,1184,1857,59,9,1660,8,1556,486,961,1945,9,2602,8,654,1461,1880,9,2464,8,654,2013,2037,9,2385,8,654,496,1131,1701,9,2386,8,219,486,1131,1701,9,2995,8,219,1981,1982,1437,9,3579,8,721,2509,180,9,3580,8,721,2423,581,9,3285,8,721,4954,1018,4,1998,4954,154,2097,295,2295,1724 1,1,1,1,1,1,1,1,1,1,1,1,1,1,1,1,1,1,1,1,1,1,1,1,1,1,1,1,1,1,1,1,1,1,1,1,1,1,1,1,1,1,1,1,1,1,1,1,1,1,1,1,1,1,1,1,1,1,1,1,1,1,1,1,1,1,1,1,1,1,1,1,1,1,1,1,1,1,1,1,1,1,1,1,1,1,1,1,1,1,1,1,1,1,1,1,1,1,1,1,1,1,1,1,1,1,1,1,1,1,1,1,1,1,1,1,1,1,1,1,1,1,1,1,1,1,1,1,1,1,1,1,1,1,1,1,1,1,1,1,1,1,1,1,1,1,1,1,1,1,1,1,1,1,1,1,1,1,1,1,1,1,1,1,1,1,1,1,1,1,1,1,1,1,1,1,1,1,1,1,1,1,1,1,1,1,1,1,1,1,1,1,1,1,1,1,1,1,1,1,1,1,1,1,1,1,1,1,1,1,1,1,1,1,1,1,1,1,1,1,1,1,1,1,1,1,1,1,1,1,1,1,1,1,1,1,1,1,1,1,1,1,1,1,1,1,1,1,1,1,1,1,1,1,1,1,1,1,1,1,1,1,1,1,1,1,1,1,1,1,1,1,1,1,1,1,1,1,1,1,1,1,1,1,1,1,1,1,1,1,1,1,1,1,1,1,1,1,1,1,1,1
471,189,2456,1872,7636,1724 1,1,1,1,1,1
471,4,31166,2872,4,78,840,29,382,1816,78,986,29,13795,5787,1724 1,1,1,1,1,1,1,1,1,1,1,1,1,1,1,1
471,4,12349,2872,4,78,840,29,231,3316,1134,36,9,9533,8,492,4,1134,72,9,55,8,357,158,12,1134,36,9,2468,406,12,5787,8,4,5737,9,231,8 1,1,1,1,1,1,1,1,1,1,1,1,1,1,1,1,1,1,1,1,1,1,1,1,1,1,1,1,1,1,1,1,1,1,1,1,1,1
15569,9,231,8 1,1,1,1
11874,9,231,8 1,1,1,1
3316,1134,58,9,27,8,492,4,1134,72,9,55,8,357,158,12,1134,58,9,2468,406,12,5787,8,4,2158,9,279,8 1,1,1,1,1,1,1,1,1,1,1,1,1,1,1,1,1,1,1,1,1,1,1,1,1,1,1,1,1
15570,9,210,8 1,1,1,1
11875,9,231,8 1,1,1,1
3316,1134,117,9,31167,8,492,4,269,461,1003,270 1,1,1,1,1,1,1,1,1,1,1,1
9,55,8,357,158,12,1134,117,9,2468,406,12,5787,8,4,31168,9,141,8 1,1,1,1,1,1,1,1,1,1,1,1,1,1,1,1,1,1,1
3642,9,58,8 1,1,1,1
1816,9,1173,8 1,1,1,1
31169,9,320,8 1,1,1,1
10082,9,996,8 1,1,1,1
5488,9,108,8 1,1,1,1
31170,9,108,8 1,1,1,1
3316,1134,210,9,31171,8,492,4,269,461,1003,270 1,1,1,1,1,1,1,1,1,1,1,1
9,55,8,357,158,12,1134,210,9,2468,406,12,7636,8,4,31172,16817,9,945,8 1,1,1,1,1,1,1,1,1,1,1,1,1,1,1,1,1,1,1,1
4199,9,215,8 1,1,1,1
31173,9,669,8 1,1,1,1
2456,9,141,8 1,1,1,1
31174,9,669,8 1,1,1,1
31175,9,1142,8 1,1,1,1
6849,9,231,8 1,1,1,1
14744,9,501,8 1,1,1,1
16817,9,945,8 1,1,1,1
3656,9,850,8 1,1,1,1
1986,9,850,8 1,1,1,1
31176,9,945,8 1,1,1,1
31177,9,669,8 1,1,1,1
31178,9,231,8 1,1,1,1
12371,9,850,8 1,1,1,1
31179,9,945,8 1,1,1,1
7216,9,1592,8 1,1,1,1
2708,9,1592,8 1,1,1,1
3316,1134,108,9,4448,8,492,4,1134,72,9,55,8,357,158,12,1134,108,9,2468,406,12,7636,8,4,2373,9,125,8 1,1,1,1,1,1,1,1,1,1,1,1,1,1,1,1,1,1,1,1,1,1,1,1,1,1,1,1,1
31180,9,171,8 1,1,1,1
16754,9,180,8 1,1,1,1
31181,9,125,8 1,1,1,1
12379,9,1592,8 1,1,1,1
31182,9,141,8 1,1,1,1
2952,9,141,8 1,1,1,1
7273,9,125,8 1,1,1,1
31183,9,501,8 1,1,1,1
16818,9,125,8 1,1,1,1
15838,9,215,8 1,1,1,1
31184,9,945,8 1,1,1,1
12380,9,125,8 1,1,1,1
31185,9,850,8 1,1,1,1
4543,9,125,8 1,1,1,1
10225,9,125,8 1,1,1,1
2655,9,215,8 1,1,1,1
31186,9,171,8 1,1,1,1
31187,9,125,8 1,1,1,1
31188,9,231,8 1,1,1,1
31189,9,1582,8 1,1,1,1
14048,9,669,8 1,1,1,1
31190,9,501,8 1,1,1,1
3283,9,231,8 1,1,1,1
31191,9,125,8 1,1,1,1
31192,9,125,8 1,1,1,1
31193,9,215,8 1,1,1,1
31194,9,7310,8 1,1,1,1
31195,9,669,8 1,1,1,1
31196,9,669,8 1,1,1,1
4244,9,125,8 1,1,1,1
31197,9,215,8 1,1,1,1
1690,9,171,8 1,1,1,1
4280,9,215,8 1,1,1,1
31198,9,945,8 1,1,1,1
31199,9,215,8 1,1,1,1
7508,9,669,8,31200,9,215,8 1,1,1,1,1,1,1,1
31201,9,215,8 1,1,1,1
6235,9,125,8 1,1,1,1
31202,9,231,8 1,1,1,1
31203,9,335,8 1,1,1,1
31204,9,215,8 1,1,1,1
6680,9,215,8 1,1,1,1
1895,9,215,8 1,1,1,1
336,4954,154,2097,295,2295,1724 1,1,1,1,1,1,1
471,189,5263,11092,72,9,193,8,5263,31205,72,9,193,8,5263,7356,72,9,193,8,5263,7021,72,9,193,8,5263,2952,31206,72,9,193,8,5263,7121,72,9,193,8,5263,11091,72,9,193,8,5263,14047,72,9,193,8,5263,9122,72,9,193,8,5263,3283,72,9,193,8,5263,2158,72,9,193,8,1425,2585,1706,9,1706,8,5503,91,9,91,8,3586,2854,78,840,29,6605,9,3479,8,1838,3025,9,3480,8,1886,1018,72,9,193,8,3466,72,9,193,8,3588,1508,9,193,8,3584,72,9,193,8,3585,72,9,193,8,6698,72,9,193,8,4023,72,9,193,8,3587,63,433,9,193,8,4435,3014,9,1323,8,2003,4436,1323,9,1323,8,2003,4437,72,9,193,8,2003,3951,2567,401,9,4233,8,5128,2147,763,72,9,193,8,2003,192,2148,1741 1,1,1,1,1,1,1,1,1,1,1,1,1,1,1,1,1,1,1,1,1,1,1,1,1,1,1,1,1,1,1,1,1,1,1,1,1,1,1,1,1,1,1,1,1,1,1,1,1,1,1,1,1,1,1,1,1,1,1,1,1,1,1,1,1,1,1,1,1,1,1,1,1,1,1,1,1,1,1,1,1,1,1,1,1,1,1,1,1,1,1,1,1,1,1,1,1,1,1,1,1,1,1,1,1,1,1,1,1,1,1,1,1,1,1,1,1,1,1,1,1,1,1,1,1,1,1,1,1,1,1,1,1,1,1,1,1,1,1,1,1,1,1,1,1,1,1,1,1,1,1,1,1,1,1,1,1,1,1,1,1,1,1,1,1,1,1,1,1,1,1
358,13,142,3,8013,3,287,3,95,1742,124,17,4296,78,47,966,29,73,1969,27,3499,3,5,363,3,121,20,688,10,6,3499,3079,43,23,2607,5479,3,64,8675,66,24,224,89,17,308,2569,3944,3,121,132,90,2569,3944,3,51,52,172,43,6,39,594,17,308,39,483 1,1,7,7,4,4,15,1,1,1,1,1,1,1,1,1,1,1,1,1,1,1,1,1,1,1,1,1,1,1,1,1,1,1,1,1,1,1,1,1,1,1,1,1,1,1,1,1,1,1,1,1,1,1,1,1,1,1,1,1,1,1,1,1,1
79,109,46,106,3,8013,3,287,3,5,1436,774,1143,23,5687,5,6725 1,1,1,7,1,4,4,15,1,1,1,1,1,1,1,1,1
233,7,571,39,483,197,10,52,211,3,600,2374,355,550,52,31207,1696,62,1201,1721 1,1,1,1,1,1,1,1,1,1,1,1,1,1,1,1,1,1,1,1
106,14,52,355,999,13,15,14292,9,780,646,2406,8,3,51,138,23,30,7,3603,3,16,546,98,52,19,62,3176,26,2930 7,1,1,1,1,1,1,1,1,1,1,1,1,1,1,1,1,1,1,1,1,1,1,1,1,1,1,1,1,1
23,30,7,5289,20,828,3,744,12,6,481,7,165,17,1395,5,265,2985,179 1,1,1,1,1,1,1,1,1,1,1,1,8,1,4,1,1,1,1
16,237,98,1255,66,1494,15,8885,3,1152,35,2620 1,1,1,1,1,1,1,1,1,1,1,1
23,1395,14,334,211,3,35,79,146,1386,7,231,10,669,27,163,13,23,137,165,389 1,4,1,1,1,1,1,1,1,1,1,1,1,1,1,1,1,1,1,8,1
6,774,546,52,172,43,23,591,1180,868,23,1201,987 1,1,1,1,1,1,1,1,1,1,1,1,1
23,99,172,43,207,164,1123,58,65,183,111,173,265,3,13,420,7,69,1777,84,35,6,79,14,137,191 1,1,1,1,1,1,1,1,1,1,1,1,1,1,1,1,1,1,1,1,1,1,1,1,1,1
420,4,176,86,784,707,672,25,711,105,178,86,596,165,180,189,13,1429,5,141,189,13,2235 1,1,1,1,9,9,1,1,1,1,1,1,8,8,1,1,1,1,1,1,1,1,1
134,79,14,1198,3,26,1499,10,724,15,911,3,395,745,344,6305,6,228,195,86,23,145,165,1315,1024,35,4981,12,6,39,1003,13,4147,5,276,1921,144,253,11,2383,2924,353,346,126,218,515,25,711,105,460,126,2620,2576,25,69,9,180,435,397,1429,5,2235,8,652,482,144,733,398,5,772,520,1597,13,1056,144,7,580,17,31208,833,683,3777,1777,84,10,23,5466,5,3269,774,305,5,167,134,1777,14,7293,995,41,1493,4175,39,389,10,3079,594,1401,5,104,235,12,402,13,39,278,262,3,64,10586,8676 1,1,1,1,1,1,1,1,1,1,1,1,1,1,1,1,1,1,1,1,1,8,8,1,1,1,1,1,1,1,1,1,1,1,1,1,1,1,1,1,1,1,1,49,44,1,1,1,1,1,1,1,1,1,1,1,1,1,1,1,1,1,1,1,1,1,1,1,1,1,1,1,1,1,1,1,1,1,1,1,1,1,1,1,1,1,1,1,1,1,1,1,1,1,1,1,1,1,1,1,1,1,1,1,1,1,1,1,1,1,1,1,1,1,1,1,1,1,1,1
7112,3068,16819,3,107 1,1,1,1,1
710,47,31209,3499,39,11365 1,1,1,1,1,1
