67,54,4,31090,79,14,15,787,280,12369,498,61,17,439,151,3,142,3,520,3,1820,5,363 1,1,1,1,1,1,1,1,23,1,1,1,1,1,4,1,7,1,15,1,1,1,1
147,71,324,317,58,106,287,185,1380,363,280,188,34,4,8328,39,2707,9,1816,8,2534,22,9,4119,45,49,36,8,25,305,167,34,348,16799,22,9,12370,45,49,36,8,25,305,218,171,22,9,549,45,49,36,8,25,32,3,228,118,2566,9,2655,782,8,171,22,9,378,45,49,58,8,25,32,1052,9,736,8,171,22,9,549,45,49,36,8,25,276,3,938,236,9,2877,8,913,279,22,9,799,45,49,36,8,25,32,123,180,65,8581,9,12371,8,141,22,9,515,45,49,36,8,25,276,167,1820,123,180,65,5086,9,10833,8,36,298,9,31091,568,8,25,1869,167,555,99,221,43,451,36,2106,183 1,4,4,4,4,7,15,1,1,1,23,1,1,1,1,1,1,1,1,1,1,1,1,1,1,1,1,1,1,1,1,1,17,1,1,1,1,1,1,1,1,1,1,13,1,1,1,1,1,1,1,1,1,1,1,1,1,1,1,1,1,1,1,1,1,1,1,1,1,1,1,1,12,1,1,1,1,1,1,1,1,1,1,1,1,1,1,1,12,1,1,1,28,1,1,1,1,1,1,1,1,1,1,1,1,1,1,1,1,1,1,1,1,1,1,1,1,1,1,1,1,1,1,1,1,1,1,1,1,1,1,1,1,1,1,1,1,1,1,1,1,1,1,1,1,1
27,37,85,3,16,38,68,640,7,1292,220,366,12,6,586,82,646,201,10,190,31092,5,2069 1,1,1,1,1,1,1,1,1,1,1,1,1,1,1,1,1,1,1,1,1,1,1
622,20,488,3,348,228,20,1237,66,2256,69,10,12370,305 66,1,1,1,17,1,1,1,1,1,1,1,1,1
89,16,258,16,21,38,11,1764,2216,159,571,84 1,1,1,1,1,1,1,1,1,1,1,1
16,7611,23,31093,89 1,1,1,1,1
146,8829,366,12,6,382,82,3,6276,6463,372,772,963,231,3,2926,8130,82 1,1,1,1,1,1,1,1,1,1,1,1,1,1,1,1,1,1
16,14,464,321,909,65 1,1,1,1,1,1
258,23,188,14,484,1248,408,3,11,1810,34,3,693,1770,2157,748,9932 1,1,1,1,1,1,1,1,1,1,1,1,1,1,1,1,1
21,1089,27,3982,17,412,77,525,40,129 1,1,1,1,1,1,1,1,1,1
21,1001,47,856,12,36,129,3,75,16,16661,19,118,429,27,163 1,1,1,1,1,1,1,1,1,1,1,1,1,1,1,1
23,4557,20,7082,5,31094 1,1,1,1,1,1
23,573,20,95,1363,1603,220,484,1530,408,3,51,16,14,885,7,317 1,1,1,1,1,1,1,1,1,1,1,1,1,1,1,1,1
16,724,186,16,14,429 1,1,1,1,1,1
21,31,221,1326,1702,3,51,258,677,46,68,2825,484,2174,8300,408 1,1,1,1,1,1,1,1,1,1,1,1,1,1,1,1
16,86,10,46,1820,5,461,5080,6,2566,26,8581,575 1,1,1,1,1,1,1,1,1,1,1,1,1
363,14,211,3,51,31,88,476 1,1,1,1,1,1,1,1
237,166,10,84,66,2566,10,3023,4412 1,1,1,1,1,1,1,1,1
104,10,454,1326,89,5,235 1,1,1,1,1,1,1
90,16800 1,1
142,355,220,218,549,5,780,799,32,1190,99,85 7,1,1,13,1,1,28,1,1,1,1,1
16,14,572,6,254,220,11,616,3,529,3,307,3,3613,3,93 1,1,1,1,1,1,1,1,1,1,1,1,1,1,1,1
520,355,220,1052,3,118,66,125,10,549,32,99,129 15,1,1,12,1,1,1,1,1,1,1,1,1
16,90,2099 1,1,1
21,31,1049,1089,10,122,1335,1702 1,1,1,1,1,1,1,1
16,14,15,4701 1,1,1,1
95,173,149,158,336,12372,31095,3,467,66,31096,398,3491,3,467,66,4196,27,85,7,1363 1,1,1,1,1,1,1,1,1,1,1,1,1,1,1,1,1,1,1,1,1
77,4,787,280,12369,498,480,3,12,232,3983,89 1,1,1,23,1,1,1,1,1,1,1,1
265,412,732,3,4011,148,31097,12,5826,3,31098,15793,2496,827,43,271,523,31099,655,47,7354,2926,1921,4242,155,4,91,29,11,1065,3,4793,3,407,720,4,455,29,9,329,8,5343,27,231,1815,114,4,11,975,93,1345,873,4,12369,498,220,311,39,147 1,1,1,1,1,6,6,1,1,1,6,6,6,6,1,1,1,1,1,1,1,1,1,1,1,1,1,1,1,1,1,1,1,1,1,1,1,1,1,1,1,1,1,1,1,1,1,1,1,1,1,1,1,1,1,1,1,1,1
151,179,265,225,85,220,11,553,7,1292,159,488,622,5,1237,348,10,12370,305 4,1,1,1,1,1,1,1,1,1,1,1,66,1,1,17,1,1,1
11,84,1049,89 1,1,1,1
79,1175,10,810,1089,220,1335,10,1224,220,151,353,5,655,314 1,1,1,1,1,1,1,1,1,1,4,1,1,1,1
1107,3961,1089,27,3982,17,412,77 1,1,1,1,1,1,1,1
142,2756,220,475,7,780,3,19,2002,98,17,153,2727 7,1,1,1,1,28,1,1,1,1,1,1,1
135,451,3,1457,274,799,32 1,1,1,1,40,1,1
1399,341,3,1255,81 1,1,1,1,1
17,520,3,19,118,1052,123,36,2106 1,15,1,1,1,12,1,1,1
827,2527,82,89,19,118,228,3,827,520,27,441,451,1089,12,58,2302 1,1,1,1,1,1,1,1,1,15,1,1,1,1,1,1,1
1820,5,363,211,3,51,31,265,19,2566,5,8581 1,1,1,1,1,1,1,1,1,1,1,1
79,6916,10,439,220,1326,89,43,2174,5,2784,220,1485,8446,17,439 1,1,1,1,1,1,1,1,1,1,1,1,1,1,1,1
781,10,149,17,2527,82,3,2038,3368,1134,5,390,336,12372,29,439,35,160 1,1,1,1,1,1,1,1,1,1,1,1,1,1,1,1,1,1
451,2754,7,89,82,112,5,104 1,1,1,1,1,1,1,1
1426,13557,50,7430,3,6625,3,12354 1,1,1,1,1,1,1,1
