69,49,4,25993,25994,144,7,4700,568,9862,25995,205,4438,2,10919,4700,568,2,1742,14769,14770,9,25996,8,25997,10920,6225,4,15,5095,407,279,32,15,280,29,10,1022,167,13,386,388 1,1,1,1,1,1,1,1,1,1,1,1,1,1,1,1,1,1,1,1,1,1,1,1,1,1,1,1,1,1,1,1,1,1,1,1,1,1,1,1,1,1
78,89,30,4,161,2701,3952,2013,696,81,13,15,30,7,527,5,981 1,1,1,1,1,1,1,1,1,4,1,1,1,1,1,1,1
165,30,7,197,445,79,13,78,233,119,29,317,15,43,415,1134 1,1,1,1,1,1,1,1,1,1,1,1,1,1,1,1
186,30,7,252,168,34,239,10,1715,2028,76 1,1,1,1,1,1,1,1,1,1,1
6,29,21,61,480,27,6,5562,650,25998,1695,144,13,4246,317,7371,4382,5,3902,3471 1,1,1,1,1,1,1,1,1,1,1,1,1,1,1,1,1,1,1,1
249,139,304,1601 1,1,1,1
351,139,304,938,2188,25999,2,248,26000,4463,5,248,6799 1,1,1,1,1,1,1,1,1,1,1,1,1
843,1356 1,1
1038,1590,1055,647,26001,30,706,4028,159,146 1,8,8,1,1,1,1,1,1,1
1065,127 1,10
30,7,156,360,4,6,29,21,15,2701,30,7,81 1,1,1,1,1,1,1,1,1,1,1,1,4
18,21,2213,3439,2324,162,17,981 1,1,1,1,1,1,1,1
18,267,106,1839,5,803,12,6,6911,7,23,744 1,1,1,1,1,1,1,1,1,1,1,1
18,21,39,11976,167,13,197,445,388,191,6,97,564,198 1,1,1,1,1,1,1,1,1,1,1,1,1,1
18,586,37,63,1350,233,20,962,346,86,15,90,5607 1,1,1,1,1,1,1,1,1,1,1,1,1
23,10921,39,23,1171,23,3379,71,4717,12,182,1051 1,1,1,1,31,31,31,1,1,1,1,1
191,6,97,1036,198,2,278,2,6,29,21,533,386,388,428 1,1,1,1,1,1,1,1,1,1,1,1,1,1,1
18,88,2095,2094,366 1,1,1,1,1
18,113,99,106,939,255,7,194,2,71,18,3791,10,23,121 1,1,1,1,1,1,1,1,1,1,1,1,1,1,1
18,21,11,30,7,939,44,34 1,1,1,1,1,1,1,1
18,21,31,166,15,228,12,23,263,5068 1,1,1,1,1,1,1,1,1,1
18,21,39,11,1382,34,26,388 1,1,1,1,1,1,1,1
18,113,99,15,30,7,535,1644,5,4794,386,740 1,1,1,1,1,1,1,1,1,1,1,1
6,29,586,37,18,39,15,535,708,27,106,845,12,6,78,248,26,497,159,146 1,1,1,1,1,1,1,1,1,1,1,1,1,1,1,1,1,1,1,1
15,1765,2684,20,909,48,31,1620,42,6,29 1,1,1,1,1,1,1,1,1,1,1
18,586,37,18,21,182,82,252,168,34 1,1,1,1,1,1,1,1,1,1
23,4308,34,14,26002 1,1,1,1,1
38,3111,434,18,14,1488,26,748,87,5719 1,1,1,1,1,1,1,1,1,1
18,21,214,1114,26,11,34,151,18,14,1147,26,1939 1,1,1,1,1,1,1,1,1,1,1,1,1
163,7,213,4,355,2,483,13,11,508,2,469,2,228,12,300,1183,2,613,2,435,2,2126,26,4731,1962,2,807,2,181,484 1,1,1,1,1,1,1,1,1,1,1,1,1,1,1,1,1,1,1,1,1,1,1,1,1,1,1,1,1,1,1
6,29,113,50,939,386,2598 1,1,1,1,1,1,1
18,586,15,343,233,20,43,5,23,34,20,549,239,10,23,168 1,1,1,1,1,1,1,1,1,1,1,1,1,1,1,1
77,4,737,83,22,641,2,14771,105,22,641,2,210,105,22,641,2,184,130,22,641,2,230,196,22,641,2,2967,153,1512,1158,7085,641,2,2923,8570,22,4347 1,1,23,1,1,1,1,1,1,1,1,1,12,1,1,1,1,13,1,1,1,1,7,1,1,1,1,1,1,1,1,1,1,1,1,1,1,1
4661,2,172,474,22,641,2,131,2,1803,1829,130,190,1004,2,2203,1175,923,462,10,244,190,4993 1,1,11,1,1,1,1,6,1,6,1,1,1,1,1,6,1,1,1,1,1,1,1
462,10,244,190,297,2005,2,1594,761,1252,4993 1,1,1,1,1,1,1,1,1,1,1
93,122,4,520,359,4,121,10922,643,2,870,2791,2,118,145,1174,2,67,94,11252 1,1,1,1,1,1,1,1,1,1,1,1,1,1,1,1,1,5,5,5
6,29,14,12,11,326,2,1417,4971 1,1,1,1,1,1,1,1,1
202,4,822,2,11,802,571 1,1,1,1,1,1,1
112,4,330,2,11,780,2,11,620,693,26,1016 1,1,1,1,1,1,1,1,1,1,1,1
226,4,90,10,452 1,1,1,1,1
11,1945,2,1056,26,1223 1,1,1,1,1,1
91,4,135 1,1,1
1778,118,302 1,1,1
11,417,2,1371,26,1422 1,1,1,1,1,1
187,4,463,2,133,2,11,693 1,1,1,1,1,1,1,1
4239,300,10923 1,1,1
217,4,171,79,10,6,1389 1,1,1,1,1,1,1
343,4,293,243,53,2299,5,863,86,1059 1,1,1,1,1,1,1,1,1,1
1410,2,2493,2293,5,806,2104,243,53,2299,5,863 1,1,1,1,1,1,1,1,1,1,1,1
242,5,114,4,161,79 1,1,1,1,1,1
6,29,74,79,14,218,4380 1,1,1,1,1,1,1
18,113,31,50,160,7,1101,118,353,80 1,1,1,1,1,1,1,1,1,1
47,177,23,2441,397,1269,2,71,302,10,55,3447 1,1,1,1,1,1,1,1,1,1,1,1
18,176,1525,65,1317,1546,2685,995,38,1144 1,1,1,1,1,1,1,1,1,1
23,386,388,176,85,8793,10,23,737,245 1,1,1,1,1,1,1,1,23,1
47,222,31,125,23,389,1402,1011,5,489,426,6,29,4385,13,23,80 1,1,1,1,1,1,1,1,1,1,1,1,1,1,1,1,1
182,2592,176,55,4418,10,23,79,32,57 1,1,1,1,1,1,1,1,1,1
6,29,21,39,11,2614,10,2335,77,5,21,578,61,19,15,26003,2767,10,23,5545 1,1,1,1,1,1,1,1,1,1,1,1,1,1,1,1,1,1,1,1
47,909,962,37,18,1171,6,737,5,247,1010,244,22,998 1,1,1,1,1,23,23,23,1,1,1,1,1,1
47,285,6,245,5,663,1806,7,38,560 1,1,1,1,1,1,1,1,1,1
47,40,125,23,168,12,6,622,12,248,26,497,236,10,163,23,2950 1,1,1,1,1,1,1,1,1,1,1,1,1,1,1,1,1
165,252,168,34 1,1,1,1
47,1491,6,29,126,23,14771 1,1,1,1,1,1,1
92,285,150,34,77,317,2879 1,1,1,1,1,1,1
92,5244,3601,947,472,77,80 1,1,1,1,1,1,1
186,30,7,535,1644 1,1,1,1,1
6,29,21,182,713 1,1,1,1,1
38,176,55,239,10,23,535,1644 1,1,1,1,1,1,1,1
12,736,2,23,572,13,23,121,32,57,32,760,3493,176,8793,10,23,1073,425,535,1644 1,1,1,1,1,1,1,1,1,1,1,1,1,1,1,1,1,1,1,1,1
47,285,38,13,23,80 1,1,1,1,1,1
47,209,1491,37,18,808,17,15,207,100,535,708 1,1,1,1,1,1,1,1,1,1,1,1
18,222,31,50,199,26004,13,15,535,3056,48,1279,273,419,13,15,850,3056 1,1,1,1,1,1,1,1,1,1,1,1,1,1,1,1,1,1
18,40,880,173,38,5,92,40,163,84,428,19,23,207,100,101 1,1,1,1,1,1,1,1,1,1,1,1,1,1,1,1
526,4636,4750,2,96 1,1,1,1,1
597,42,4,4636,4750,813,26005,6303,4184,800,4,10920,827,4,26006,818,4,10920 1,1,1,1,1,1,1,1,1,1,1,1,1,1,1,1,1,1
