67,54,4,31356,5500,3,5923,12392,31357,451,4,64,2978,10414,3292,1180,15,281,168,55,4672,4,1997,379,719,13,11,374,256,458,26,212,3,51,13,311,103,341,709,3,1584,437,282,4,79,21,38,535,13,148,12393,290,10,500,254,2458,9,2142,31358,12,224,8 1,1,1,1,1,1,1,1,1,1,1,1,1,1,1,1,1,1,1,1,1,1,1,1,1,1,1,1,1,1,1,1,1,1,1,1,1,1,1,1,1,1,1,1,1,1,1,1,1,1,1,1,1,1,1,1,1,29,29,29,29,1
38,68,19,274,5,1088,51,79,9145,1603,1088,170,3134,183,517,18,1377,6,1088,1049,24,190,3889 1,1,1,9,1,44,1,1,1,1,44,1,1,1,1,1,1,1,44,1,1,1,1
159,286,3,21,38,2122,387,109,66,472,7,321,225,3080,2645,7,1625,97,535,10,437,19,344,15,2645,7,1625 1,1,1,1,1,1,1,1,1,1,1,1,1,1,1,1,1,1,1,1,1,1,1,1,1,1,1
18,526,59,384,5843,17,2004,7707,2093,19,31359,97,1442,698 1,1,1,1,1,1,1,1,1,1,1,1,1,1
27,117,272,37,421,3,693,3,3625,115,13,170,437,3,13,128,1734,748,983,115 1,1,1,1,1,1,1,1,1,1,1,1,1,1,1,1,1,1,1,1
424,13,128,407,29,527,128,7,1037,82,2011,344,416,1734 1,1,1,1,1,1,1,1,1,1,1,1,1,1
525,225,6,65,3,437,627,10,6,802,37,344,493,2307,237,810,226,7,184 1,1,1,1,1,1,1,1,1,1,1,1,1,1,1,1,1,1,1
128,424,13,5711,1983,48,1236,12,744,29,11,1473,3,2685,3,990,3,26,3420,529,3,16860,3,26,263 1,1,1,1,1,1,1,1,1,1,1,1,1,1,1,1,1,1,1,1,1,1,1,1,1
441,65,3,437,828,470,79,1295,949,230 1,1,1,1,1,1,1,1,1,1
12,230,3,514,10,46,148,7,31360,82,3,880,586,82,19,658 1,1,1,1,1,1,29,29,29,29,1,1,1,1,1,1
751,16861,111,11,545,26,971,51,13,1213,93,5,2320,2413,1900,1353,9,2379,8 1,1,1,1,1,1,1,1,1,1,1,1,1,1,1,1,1,1,1
138,289,171,22,247,123,36,3202,59,2192,29,126,19,4584,3,1807,3,1893,148,467,10,1618,82 1,1,1,1,1,1,1,1,1,1,1,1,1,1,1,73,73,9,29,29,29,29,29
98,138,252,5,613,123,36,5,126,19,676,247 1,1,52,1,9,1,1,1,1,1,1,1
138,7554,123,36,17,367,1353,19,506 1,1,1,1,1,1,1,1,1
38,10,52,19,3237,17,170,2987,2743,10,5127,1929,3,880,15422,82 1,1,1,1,1,1,1,1,1,1,1,1,1,1,1,1
688,10,1109,17,268,5536 1,1,1,1,1,1
21,38,95,10087,713,559,1428,42,13,131,509,3,2074,3,5,3706,29,409,1038,978,5,400,97,3300 1,1,1,1,1,1,1,1,1,1,1,1,1,1,1,1,1,1,1,1,1,1,1,1
579,4,16862,38,131,187,31361,2353,34,19,421,397,168,29,31,424,13,24,48,1236,26,437,29,538,19,2133,19,65,7,168 1,1,1,1,1,1,1,1,1,1,1,1,1,1,1,1,1,1,1,1,1,1,1,1,1,1,1,1,1,1
6639,704,59,248,208,52,312,2539,306,24,187,674,176,106,178,280,4,96,43,281,297,195,3158,4,13707,269,253,110,59,384,7707,918,346,363,460,494,652,776,254,9,27,163,8,274,279,22,25,32,1088,171,22,25,32,9,21,31,68,49,8,2566,125,22,25,32,1816,2534,22,25,305,167,34,1223,167,34,16863,9,21,31,68,49,8,127,790,206,30,334,238,141,991,183,9,58,1333,123,3080,31362,3723,31363,19,31364,29,99,728,99,3097,29,11,256,3818,26,697,12394,3419,1605,4952,27,3484,29,245,13,1037,150,30,4968,374,1022,7,212,12395,12,661,7167,77,814,4,1250,3,2663,999,3,9803,123,117,701,4,292,853,523,447,148,31365,9,187,303,3,4429,148,8,12007,9,59,303,3,4429,148,8,716,1245,1183,42,19,1467,227,4,1806,29,863,3,665 1,1,1,1,1,1,1,1,1,1,1,1,1,7,1,23,23,1,1,1,1,1,1,1,1,1,1,1,1,1,1,1,1,1,1,1,1,15,1,1,1,1,1,9,1,1,1,1,44,1,1,1,1,1,1,1,1,1,1,1,1,1,1,1,1,1,1,1,1,1,1,1,1,1,1,1,1,1,1,1,1,1,1,1,1,5,5,5,5,5,1,1,1,1,1,1,1,1,1,1,1,1,1,1,1,1,1,1,1,1,1,1,1,1,1,1,1,1,1,1,1,1,1,1,1,1,1,1,1,1,1,1,1,1,1,1,1,1,1,1,1,1,1,1,1,1,1,1,1,29,29,29,29,29,29,29,29,29,29,29,29,29,29,29,29,29,1,1,1,1,1,1,1,1,1,1,1,1,1
136,4,576,141,632,29,11,9025,2549 1,1,1,1,1,1,1,1,1
11,216,222 1,1,1
48,4,876,8490,115 1,1,1,1,1
720,4,11,1456,3191 1,1,1,1,1
44,304,5,310,13,11,5584,6720 1,1,1,1,1,1,1,1
455,3,11,1099,362,4,152,3,952,3,1465,3,4257,531,4,433,975,93 1,1,1,1,1,1,1,1,1,1,1,1,1,1,1,1,1,1
11,6015,248,93,26,777,1850 1,1,1,1,1,1,1
617,3,1032,217,100,5,1459,133,217,100,5,675,352,4,1170,233,531,82,97,2219,5,12,675,6017 1,1,1,1,1,1,1,1,1,1,1,1,1,1,1,1,1,1,1,1,1,1,1,1
11,377,12,31366,12,233,531,82 1,1,1,1,1,1,1,1
532,456,9,578,149,8,2152,9,1305,8,351,663,9,578,149,8,2316,9,1276,8,351,835,9,578,149,8,2030,9,1310,8,351,769,9,578,149,8,7264,9,1450,8,351,392,9,578,149,8,558,9,1311,8,219,347,9,578,149,8,2416,9,1601,8,219,345,9,578,149,8,5118,83,9,1359,8,219,1258,1259,3465,2807,9,2720,8,1454,1905,1956,1514,1888,83,9,3248,8,42,2438,5800,9,2673,8,1454,1258,1259,3919,9,3244,8,721,1258,1259,3465,2078,9,2720,8,1454,1905,1956,1514,9,3248,8,42,1905,1988,4179,1520,266,10,2721,422,1514 1,1,1,1,1,1,1,1,1,1,1,1,1,1,1,1,1,1,1,1,1,1,1,1,1,1,1,1,1,1,1,1,1,1,1,1,1,1,1,1,1,1,1,1,1,1,1,1,1,1,1,1,1,1,1,1,1,1,1,1,1,1,1,1,1,1,1,1,1,1,1,1,1,1,1,1,1,1,1,1,1,1,1,1,1,1,1,1,1,1,1,1,1,1,1,1,1,1,1,1,1,1,1,1,1,1,1,1,1,1,1,1,1,1,1,1,1,1,1,1,1,1,1,1,1,1
2438,2873,9,2673,8,1454,1258,1259,2337,9,3244,8,721,1258,1259,3465,1646,9,2720,8,1454,2438,2149,9,2673,8,1454,2423,2148,83,9,3965,8,721,1258,1259,967,9,3244,8,721,349,3315,9,1312,8,524,333,5322,59,9,2437,8,42,536,7929,9,1589,8,1381,653,1322,9,1360,8,1227,786,6298,9,1479,8,1588,823,9002,9,1480,8,654,795,3810,9,1424,8,42,1737,79,3833,9,3162,8,1060,1737,2206,10996,59,9,2834,8,1060,1154,1066,370,1257,1125,1277,1542,1713,9,1739,8,42,577,1294,9,1786,8,42,847,108,9,1740,8,42,830,58,9,1832,8,42,864,519,9,1691,8,42,2360,200,2096,200,3090,9,12118,8,31367,83,9,601,501,8,1454,5941,9,230,8,4,924,3,367,2357,12,16864,5941,9,1109,8,929,272,4,924,13,367,2357,12,16864,5941,9,1109,8,421,4,924,13,538,2357,12,2729,3,464,61,12,2712,506,4,1213,93,873,1997,379,719,13,11,374,212,26,458,3,1584,199,458,12,481,7,170,142,3,2234,805,3792,16865,4,1403,37,79,38,2546,1213,93,66,142,290,10,500,254,2458,35,60,35,66,633,31368,16863 1,1,1,1,1,1,1,1,1,1,1,1,1,1,1,1,1,1,1,1,1,1,1,1,1,1,1,1,1,1,1,1,1,1,1,1,1,1,1,1,1,1,1,1,1,1,1,1,1,1,1,1,1,1,1,1,1,1,1,1,1,1,1,1,1,1,1,1,1,1,1,1,1,1,1,1,1,1,1,1,1,1,1,1,1,1,1,1,1,1,1,1,1,1,1,1,1,1,1,1,1,1,1,1,1,1,1,1,1,1,1,1,1,1,1,1,1,1,1,1,1,1,1,1,1,1,1,1,1,1,1,1,1,1,1,1,1,1,1,1,1,1,1,1,1,1,1,1,1,1,1,1,1,1,1,1,1,1,1,1,1,1,1,1,1,1,1,1,1,1,1,1,1,1,1,1,1,1,1,1,1,1,1,1,1,1,1,1,1,1,1,1,1,1,1,1,1,1,1,1,1,1,1,1,1,1,1,1,1,1,1,1,1,7,1,1,1,1,1,1,1,1,1,1,1,1,1,1,7,1,1,1,1,1,1,1,1,1,1,1,1
199,937,927,284,138,128,177,84,35,60,35,131,185,805,3,51,571,461,550,52,98,1509,35,4649,325,927 1,1,1,1,1,1,1,1,1,1,1,1,1,1,1,1,1,1,1,1,1,1,1,1,1,1
11998,177,1502,450,3,2479,31369,185,166,290,10,4649,325,29,866,444,20,194,3,934,538 1,1,1,1,1,1,1,1,1,1,1,1,1,1,1,1,1,1,1,1,1
3107,1392,27,40,85,51,41,86,10,96,13630,7292,3,613,1546,12393,13,3176,78,5639,3,3646,17,2142,839,7,16866,82,17,2014,9,148,38,68,35,365,35,5162,82,8,16867,29,144,772,520,78,345,3,3362,7951,35,160,3,3646,17,6773,839,7,193,1014,59,29,2933,4624,82,3,32,655,10714,5,9005,9,186,312,211,8,178,248,93,4,3107,971,3,51,138,95,164,5,2291,7,3061,3,41,144,3375,31370,17,971,1155,3212,3375,195,7027,4,815,1253,3,1669,3,4512,79,278,1335,278,253,494,16868,233,554,29,69,333,82,17,132,3130,1054,264,3,16869,149,3,330,1787,3,4645,785,10578,31371,11224,47,31372 1,1,1,1,1,1,1,1,1,1,1,1,1,9,1,1,1,1,1,1,1,1,1,1,1,1,1,1,1,1,1,1,1,1,1,1,1,1,1,1,1,1,1,1,1,1,1,1,1,1,1,1,1,1,1,1,1,1,1,1,1,1,1,1,1,1,1,1,1,1,1,1,1,1,1,1,1,1,1,1,1,1,1,1,1,1,1,1,1,1,1,1,1,1,1,1,1,1,1,1,1,1,1,1,1,1,1,1,1,1,1,1,1,1,1,1,1,1,1,1,1,1,1,1,1,1,1,1,1,1,1,1,1,1,1,1,1,1,1,1,1,1
