69,49,4,26195,3960,1159,495,1327,605,99,29,74,414,4,7296,2,6082,985,485,4,10944,49,7,141,4,3424,440,4,3409,14814,858,391,4,455,2,270,30,1156,65,4,64,2,948,30,7,156,360,4,2141,292,650,174,1545,3345,17,116,5,1626,1037,5,134,141,13,421,12,6,2954,7,116,104,658,174,384,7,270,5,455,37,18,1660,5322,423,362,7,23,1907 1,1,1,1,1,1,1,1,1,1,1,1,1,1,1,1,1,1,1,1,1,1,1,1,1,1,1,1,1,1,1,1,1,1,1,1,1,1,1,1,1,1,1,1,1,1,1,1,1,1,1,1,1,1,1,10,1,1,1,1,1,1,1,1,1,1,1,1,10,1,1,1,1,1,1,1,1,1,1,1,1,1,1,1,1,1
6,34,5,270,321,19,6,11945,297,141,434,64,20,27,468 1,1,1,1,1,1,1,1,1,1,1,1,1,1,1
712,1367,7,2065,64,20,1229,10,3255,42,26196,211,2,26197,5,1632,10,6,3583,189 1,1,1,1,1,1,10,1,1,1,1,11,1,21,1,1,1,1,1,1
567,1185,64,10,55,1106,363,123,2078 1,1,1,1,1,1,1,1,1
64,1305,7,272,12,6,189 1,1,1,1,1,1,1
64,88,26198,26199,26200,26201,26202,26203,26204,26205,26206,26207,26208,3797 1,1,1,1,1,1,1,1,1,1,1,1,1,1
11,134,2842,26,2300,2815 1,1,1,1,1,1
1459,26209,2059,915,475,34 1,1,1,1,1,1
7,99,2,64,21,61,334,10,55,1073,2492,13,23,89,32,57,32,2441,322 1,1,1,1,1,1,1,1,1,1,1,1,1,1,1,1,1,1,1
64,222,7240,37,18,795,290,23,235,2340,10,15,376,146 1,1,1,1,1,1,1,1,1,1,1,1,1,1
189,408,4,638,4,26210,28,26211,28,8104,1767,28,6952,28,26212,41,19,628,501,83,22,219,2,501,244,22,25,2,4250,35,8975,2,211,370,2,2649,130,2023,98,51,2,13458,51,1800,98,35,2,230,244,22,2,184,130,22,2,2161,2,3252,183,22,219,7579,26213,384 1,1,1,1,1,1,1,5,1,1,1,1,1,1,1,1,1,1,7,1,1,1,1,7,1,1,1,1,21,1,1,1,11,1,1,1,1,1,1,1,1,1,1,1,1,1,1,7,1,1,1,13,1,1,1,1,1,1,1,1,1,1,1,1
1032,408,4,436,2,741,6,30,256,163,7,1557,4,125,234,78,89,30,4,1626,1037,4,3211,2463,2,585,1569,41,2,11,3831,26,26214,28,66,1784,1149,12,3775,2502,127,565,4701,611,76,139,304,52,475,6751,955,438,461,789 1,1,1,1,1,1,1,1,1,1,1,1,1,1,1,1,1,1,1,1,1,1,1,1,1,1,1,1,1,1,1,1,1,1,1,1,1,1,1,1,10,24,1,1,1,1,1,1,1,1,1,1,1,16
77,4,230,244,22,25,33,1020,130,22,25,33,2,2091,105,22,25,33,1895,2560,22,25,291,138,34 1,1,7,1,1,1,1,13,1,1,1,1,1,1,1,1,1,1,1,1,1,1,1,1,1
137,4,747,128,30,4,11,334,128,30,7,178,28,261,81,12,23,603 1,1,1,1,1,1,1,1,1,1,1,1,1,1,1,1,1,1
179,30,4,6,29,1230,32,63,10947,7678,6072,7415,5,295,13,23,943 1,1,1,1,1,1,1,1,1,1,1,1,1,1,1,1,1
671,4,6,29,706,309,109,159,146,2,48,39,63,13367,1854,200,30,158,10,4029 1,1,1,1,8,8,8,8,8,1,1,1,1,1,1,1,1,1,1,1
554,4,6,29,1553,5,13,11,30,7,554,4603,26,1232 1,1,1,1,1,1,1,1,1,1,1,1,1,1
3935,6657,119,420,19,8629,13,23,97,1656,1262,123,146,840,4,498,245,7,2883,5,14831,12,1090,150,4,88,93,73,4,638,4,26215,26216,8665,26217,41,19,51,54,26218,2791,224,4,12,436,202,4,3519,2,725,2,570,2,1130,1657,1405,112,4,330,2,487,919,44,4,745,1097,694,4,1714,212,2,324,145,2,324,246,2,253,2,11,1093,2,970,2,387,26,711,187,4,133,2,2170,2,26219,28,558,156,28,516,4,171,3827,243,193,28,11,904,79,26,673 1,1,1,1,1,1,1,1,1,1,1,1,1,1,1,1,1,1,1,1,1,1,1,1,1,1,1,1,1,1,1,1,1,1,1,1,1,1,1,1,1,1,1,1,1,1,1,1,1,1,1,1,1,1,1,1,1,1,1,1,1,1,1,1,1,1,1,1,1,1,1,1,1,1,1,1,1,1,1,1,1,1,1,1,1,1,1,1,1,1,1,1,1,1,1,1,1,1,1,1,1,1,1,1,1,1,1,1,1,1
323,4,15,75,985,98,102,28,1478,1738,1746,175,28,731,5,1099,10072,992,43,28,2612,73 1,1,1,1,1,1,1,1,1,1,1,1,1,1,1,1,1,1,1,1,1,1
258,4,2056,6117,397,3522,1298,294,1879,6083,633,26220,1259,294,1879,6083,749,2658,1299,294,1879,6083,1688,1689,6274,1420,294,1879,6083,379,1408,1300,169,1879,6083,331,1659,1586,169,1879,6083,358,26221,1354,169,1879,6083,224,2868,442,3347,1482,169,3424,3961,1531,1747,1727,169,3424,3961,1042,26222,1690,1421,3424,3961,1123,9,488,8,1303,3876,169,3424,3961,1123,9,2152,1517,2514,169,3424,3961,488,975,2985,2588,550,3424,3961,1370,2186,2513,550,3424,3961,1937,2554,2310,550,3424,3961,902,496,968,3081,9,3789,8,1143,3705,612,3424,3961,3190,9,3788,8,1143,4151,612,3424,3961,4528,1178,26223,3530,612,3424,3961,1123,9,488,8,1303,3876,169,3424,3961,1123,9,2152,1517,2514,169,3424,3961,91,968,1330,9,8382,8,66,148,3424,14832,2734,66,148,3424,14832,1532,991,67,830,298,3322,1260,398,1879,2529,615,26224,2795,6803,1879,2529,458,26225,2626,1399,1879,2529,266,26226,2484,41,1879,2529,530,1529,1340,1141,1879,2529,665,5921,1448,1561,1879,2529,698,7056,1449,550,1879,2529,443,10948,1507,1301,1879,2529,666,3013,1383,41,1879,2529,67,1225,41,1225,13059,431,1879,26227,1307,1081,1192,1879,2529,4962,1174,1698,41,1879,2529,1102,244,1780,41,1879,2529,1145,183,1699,41,1879,2529,732,102,1857,41,1879,2529,1193,515,1816,41,1879,2529,67,1307,36,559,7485,46,12640,2166,398,1879,2529,897,46,26228,2167,398,1879,2529,1637,46,10949,2485,398,1879,2529,732,46,9390,2168,398,1879,2529,1675,46,3555,2228,398,1879,2529,14611,152,43,1879,2529,14612,152,43,1879,2529,2412,152,1879,2529,2486,152,1879,2529,2875,1072,2875,64,3708,3185,1057,1879,14833,1046,1506,1879,14833,1069,10429,2969,1057,1879,26229,3135,4,649,1554,4,26230,4,1874,305,79,2,504,65,6,498,122 1,1,1,1,1,1,1,1,1,1,1,1,1,1,1,1,1,1,1,1,1,1,1,1,1,1,1,1,1,1,1,1,1,1,1,1,1,1,1,1,1,1,1,1,1,1,1,1,1,1,1,1,1,1,1,1,1,1,1,1,1,1,1,1,1,1,1,1,1,1,1,1,1,1,1,1,1,1,1,1,1,1,1,1,1,1,1,1,1,1,1,1,1,1,1,1,1,1,1,1,1,1,1,1,1,1,1,1,1,1,1,1,1,1,1,1,1,1,1,1,1,1,1,1,1,1,1,1,1,1,1,1,1,1,1,1,1,1,1,1,1,1,1,1,1,1,1,1,1,1,1,1,1,1,1,1,1,1,1,1,1,1,1,1,1,1,1,1,1,1,1,1,1,1,1,1,1,1,1,1,1,1,1,1,1,1,1,1,1,1,1,1,1,1,1,1,1,1,1,1,1,1,1,1,1,1,1,1,1,1,1,1,1,1,1,1,1,1,1,1,1,1,1,1,1,1,1,1,1,1,1,1,1,1,1,1,1,1,1,1,1,1,1,1,1,1,1,1,1,1,1,1,1,1,1,1,1,1,1,1,1,1,1,1,1,1,1,1,1,1,1,1,1,1,1,1,1,1,1,1,1,1,1,1,1,1,1,1,1,1,1,1,1,1,1,1,1,1,1,1,1,1,1,1,1,1,1,1,1,1,1,1,1,1,1,1,1,1,1,1,1,1,1,1,1,1,1,1,1,1,1,1,1,1,1,1,1,1,1,1,1,1,1,1,1,1,1,1,1,1,1,1,1,1,1,1
147,4,2010,7,6,937,26231,156,518,2982,12,6363,28,1598,2797,4,2141,292,600,13,299,7,26232,1037,5,134,141,13,3913,13772,79,12,6,644,7,251,111,2,1530,1084,115,2,5583 1,1,1,1,1,1,1,1,1,1,1,1,1,1,1,1,1,1,1,1,1,1,1,1,1,1,1,1,1,1,1,1,1,1,1,1,1,1,1,1,1,1,1
180,421,12,644,7,406,116,2,11,783,4909,2,11,280,958,147,142,14822,14823,14824,1515,707,2,2408,36,2580,2066,7096,2,501,1602,10945,13,3478,75,5255,2,7591,17,2217,913,7,14825,74,17,2172,9,111,39,61,32,344,32,3255,74,8,14826,28,155,797,945,7015,32,865,28,3554,6039,74,2,33,14827,6716,301,17,704,26,7987,19,38,141,124,11,280,147,142,165,116,4,36,1044,10,55,57,425,27,38,95,36,108,5368,1169,10,338,40,2399,1318,100,5,539,26233,983,2578,36,176,301,10,55,2015,100,17,915,1489,7,116,2,1155,32,3513,186,299,7,1362,3231,4,36,40,301,9852,26234,536,2189,7,5789,10,89,322,36,40,1022,1583,1525,65,537,26235,890,6,421,308,36,539,1546,470,249,461,14829,192,1962,28,36,9221,889,426,2,336,1568,2,7652,830,2,2089,547,2,1227,36,539,26236,26237,266,456,154,351,2009,4,252,397,2,252,367,2,252,2471,333,28,4402,1942,32,865,459,1210,4,742,56,56,56,56,56,56,56,56,56,56,56,56,56,56,56,36,26238,26239,2,96 1,1,1,1,1,1,10,1,1,1,1,1,1,1,1,1,1,1,1,1,1,1,1,1,1,1,1,1,1,7,1,1,1,1,1,1,1,1,1,1,1,1,1,1,1,1,1,1,1,1,1,1,1,1,1,1,1,1,1,1,1,1,1,1,1,1,1,1,1,1,1,1,1,1,1,1,1,1,1,1,1,1,1,1,1,1,10,1,1,1,1,1,1,1,1,1,1,1,1,1,1,1,1,1,1,1,1,1,1,1,1,1,1,1,1,1,1,1,1,1,1,1,1,10,1,1,1,1,1,1,1,1,1,1,1,1,1,1,1,1,1,1,1,1,1,1,1,1,1,1,1,1,1,1,1,1,1,1,1,1,1,1,1,1,1,1,1,1,1,1,1,1,1,1,1,1,1,1,1,1,1,1,1,1,1,1,1,1,1,1,1,1,1,1,1,1,1,1,1,1,1,1,1,1,1,1,1,1,1,1,1,1,1,1,1,1,1,1,1,1,1,1,1,1,1,1,1,1,1,1,1
98,26240 1,1
