67,54,4,31437,10090,3,3210,9,16874,8,668,112,4,31438,40,16525,3628,428,3,161,315,267,1831,153,761,3,31439,17,172 1,1,1,1,1,1,1,1,1,1,1,1,1,1,1,1,1,1,1,1,1,1,1,1,1,1,1,1,1
18,14,602,363,3,312,31440 1,1,1,1,1,1,1
132,15,87,159,24,661,82,2942,9,367,357,12377,8 1,1,1,1,1,1,1,1,1,1,1,1,1
18,14,19,2020,706,139,24,170,3050,17,2700 1,1,1,1,1,1,1,1,1,1,1
18,21,311,902,147,3,30,7,697,3,5,170,3331 1,1,1,1,1,1,1,1,1,1,1,1,1
39,4,24,254,158,706,58,22,12,6,1532,3,2162,3,962,125,651,3,7062,108,22,344,397,820,3,31441,1582,22,1047,3,2092,1592,1047,3,7600,210,2844,27,31442,3,3059,3,2235,3,117,568,13,4924,2038,58,16875,31443,3,4543,215,4665,3,452,108,22,3,4389,3080,45,7,829,651,3,1522,3084,127,4,18,21,127,10,2900,3,4691,3,1339,3,5,299,1111,498,771,66,3995,134,138,1435 1,1,1,1,1,1,1,1,1,1,1,1,1,1,1,1,1,1,1,1,1,1,1,1,1,1,1,1,1,1,1,1,1,1,1,1,1,1,1,1,1,1,1,1,1,1,1,1,1,1,1,1,1,1,1,1,1,1,1,1,1,1,1,1,1,1,1,1,1,1,1,1,1,1,1,1,1,1,1,1,1,1,1,1,1,1,1,1,1,1,1,1
18,21,4695,127,5,49,5599,141,22,3,2671,58,1318,1231,5789,3,959,58,1222,11667,15,65,35,160,3,5,1994,58,1222,35,160 1,1,1,1,1,1,1,1,1,1,1,1,1,1,1,1,1,1,1,1,1,1,1,1,1,1,1,1,1,1,1
206,30,4,18,14,49,36,438,27,4644,4629 1,1,1,1,1,1,1,1,1,1,1
102,101,4,24,63,94,20,6769,33,40,14,681,2156,17,24 1,1,1,1,6,6,6,6,1,1,1,1,1,1,1
18,21,4827,1050,3,75,14,24,199,1111,412,7,6837 1,1,1,1,1,1,1,1,1,1,1,1,1
136,14,332 1,1,1
216,1700,14,44 1,1,1,1
687,14,31,985 1,1,1,1
48,14,91 1,1,1
18,14,209,328,197 1,1,1,1,1
18,21,62,1094,3,11,1162 1,1,1,1,1,1,1
214,14,152,3,396 1,1,1,1,1
326,327,57,44 1,1,1,1
18,21,15,466,12,24,248 1,1,1,1,1,1,1
18,35,433,10,217,93 1,1,1,1,1,1
18,21,68,1001,210,3928,12,6,31444,1551 1,1,1,1,1,1,1,1,1,1
339,4,63,94,14,115 1,1,1,1,1,1
659,6,7062,3,16876,24,683,140 1,1,1,1,1,1,1,1
18,4445,92,14,1288,3928,3,50,704,92,208,52,194 1,1,1,1,1,1,1,1,1,1,1,1,1
208,160,2904,134,63,94,557,185 1,1,1,1,1,1,1,1
3972,6,160,17,31445,355 1,1,1,1,1,1
18,41,52,122,64,11822 1,1,1,1,1,1
