69,49,4,26432,384,4,1894,73,2,81,2,565 1,1,1,1,1,1,1,1,1,4,1,24
234,4,26433,13,116,2,81,2,565,629,17,1894,73 1,1,1,1,10,1,4,1,24,1,1,1,1
21,31,61,382,10,1882,121,1170,1996,333,142 1,1,1,1,1,1,1,1,1,1,1
795,930,3046,490,84,20,841,3817,12,121,274 1,1,1,1,1,1,1,1,1,1,1
167,116,5586,216,1472,120,14870,505,314,2831,77,5138,9,2582,767,8,491,45,60,35,45,9,62,8,25,283,1932,9,172,1721,1722,8,370,22,9,1017,45,60,35,8,25,33,230,196,22,25,59,184,130,22,9,446,45,60,35,8,25,33,1985,9,1703,8,446,45,60,35,45,9,62,8,25,283,857,9,131,3050,8,130,190,405,283,26434,7126,1496,25,1519,2,60,32,575,158,10,752,473,9,1828,8,449,22,9,1541,45,60,35,8,25,33,2452,1296,22,9,1953,45,60,35,8,25,33,137,152,36,152,499,4,10542,4,11,121,274,2,11,596,26,469,2870,4,11,1609,2,1949,339,4,11,272,2,402,2,435,2,1463,2,2303,2,2366,2,340,34,1368,4,11,3731,2,8893,2,2308,7387,2,807,3834,4,11,690,26,3220 1,10,16,1,1,4,1,1,1,1,1,1,1,1,1,1,1,1,1,1,1,1,1,1,1,1,11,1,11,1,1,1,1,1,1,1,1,1,1,1,1,1,7,1,1,1,1,13,1,1,1,1,1,1,1,1,1,1,12,12,12,12,1,1,1,1,1,1,1,1,1,1,6,6,6,6,6,1,1,1,1,1,1,1,1,1,1,1,1,1,1,1,1,28,28,28,28,1,1,1,1,1,1,1,1,1,1,1,1,1,1,1,1,1,1,1,1,1,1,1,1,1,1,1,1,1,1,1,1,1,1,1,1,1,1,1,1,1,1,1,1,1,1,1,1,1,1,1,1,1,1,1,1,1,1,1,1,1,1,1,1,1,1,1,1,1,1,1,1,1,1,1,1,1
192,150,213,66,990,4,477,5,1202,129,19,964,17,1018,353,424,927,1551,1291,26435,367,7682,5440,488,367,7661,1950,456,594,169,2518,26436,169,1295,344,354,26437,169,344,5470,1483,7682,1200,577,1132,9675,150,2211,124,1772,14871,119,195,1731,2,1901,3715,124,309,139,26438,578,15,1055,3671,9675,285,2,64,4288,2688,10960,148,752,14872,926,428,6000,569,1291,26439,5053,73,26440,7459,1546,1549,26441,2766,73,26442,125,944,701,58,7493,27,3279 1,1,1,1,1,1,1,1,1,1,1,1,1,1,1,1,1,1,1,1,1,1,1,1,1,1,1,1,1,1,1,1,1,1,1,1,1,1,1,1,1,1,1,1,1,1,1,1,1,1,1,1,1,1,1,1,1,1,1,1,1,14,14,14,1,1,1,1,1,1,1,1,1,1,1,1,1,1,1,1,1,1,1,1,1,1,1,1,1,1,1,1,1,1,1,1,1,1
444,416,403,784,242,27,38,95,14,81,5,26443,52,14873,7112 1,1,1,1,1,1,1,1,1,4,1,1,1,1,1
26444,522,80,26445,7,3233,7,6,2281,26446,7,6,52,2829,765,2,71,2872,512,6435,13,1853 1,1,1,1,1,1,1,1,1,1,1,1,1,1,1,1,1,1,1,1,1,1
47,85,177,381,337,203,13,170,5,4410,2567,2189,10,170 1,1,1,4,1,1,1,1,1,1,1,1,1,1
16,14,10,207,100,12,497,198,95 1,1,1,1,1,1,1,1,1
2164,10960,66,2630,3655,14871,119,195,26447,2,1901,3715,124,1587,7682,10959,1587,7661,1950,456,761,169,43,13044,169,1295,344,13045,169,344,354,26448,169,214,344,3575,7682,1470,544,367,7661,1950,456,204,169,4140,13041,169,1787,4140,13042,169,1295,344,13043,169,344,354,26449,169,214,344,1402,26450,4059,266,9,835,8,14874,9340,10578,14875,10960,66,140,358,1649,14876,26451,29,968,59 1,1,1,1,1,1,1,1,1,1,1,1,1,1,1,1,1,1,1,1,1,1,1,1,1,1,1,1,1,1,1,1,1,1,1,1,1,1,1,1,1,1,1,1,1,1,1,1,1,1,1,1,1,1,1,1,1,1,1,1,1,1,1,1,1,1,1,1,1,1,1,1,1,1,1,1,1,1,1,1,1,1,1
14,26452,12,245,7,24,153,1014,6166,5948,1403,8586,14876,318,29,26453,10136,7,1403 1,1,1,1,1,1,1,1,1,1,1,1,1,1,1,1,1,1,1
8273,26454,19,24,26455,27,140,12,1533,7,303,991,93,73,14872,3576,7682,1250,458,9,654,8,14874,6753,1015,26456,2635,385,4,26457,289,982,4302,7580,224,4,463,471,12,436,202,4,725,2,570,2,966,90,2,1373,6754,5,2839,74,90,112,4,330,2,11,2839,26,2384,623,4,418,28,43,246,2,253,28,11,387,711,26,766,1369,4,90,10,452,5,1043,193,168,4,11,798,277,2,11,2014,277,340,4,133,2,375,2,1774,2,11,3373,26,4323,2,1381,2025,4,11,4554,2,171,3827,243,193 1,1,1,1,1,1,1,1,1,1,1,1,1,1,1,1,1,1,1,1,1,1,1,1,1,1,1,1,1,1,1,1,1,1,1,1,24,1,1,1,1,1,1,1,1,1,1,1,1,1,1,1,1,1,1,1,1,1,1,1,1,1,1,1,1,1,1,1,1,1,1,1,1,1,1,1,1,1,1,1,1,1,1,1,1,1,1,1,1,1,1,1,1,1,1,1,1,1,1,1,1,1,1,1,1,1,1,1,1,1,1,1,1,1,1,1,1
11,1613,2384 1,1,1
181,4,149,4050 1,1,1,1
11,571,19,5481,26,1392,833,4,26458,4,285,2353,317,540,3046,470,26,560 1,1,1,1,1,1,1,1,1,1,1,1,1,1,1,1,1,1
1931,170,1522,17,26459,109,22,15,107,1264,13,1908,19,6,1362 1,1,1,1,1,1,1,1,1,1,1,1,1,1,1
356,153,376,10,1021,2950 1,1,1,1,1,1
165,81,4,126,486,131 1,4,1,1,6,6
1536,374 1,1
4762,80 1,1
186,116,4,504 1,10,1,1
126,231,322 1,1,1
2175,481,80 1,1,1
249,216,1472,2,11,529,1472 1,1,1,1,1,1,1
126,2452 1,1
177,26460,71,20,1536,27,3777 1,1,1,1,1,1,1
351,3565,4,926,428,17,7314,1001,1075,2,3081,80 1,1,1,1,1,1,1,1,1,1,1,1
459,356,153,376,5,138 1,1,1,1,1,1
1306,4725,1050,14869,2,96 1,1,1,1,1,1
