67,54,4,31742,6889,1085,7,40,55,14,6,6419,318,1141 1,1,1,1,1,1,1,1,1,1,1,1,1,1
1240,182 1,1
233,2842,546,1219,12,4735 1,1,1,1,1,1
4736,16944,1993,124,318,499,67,33,1642,189,4735,55,161,4,205,28,4,5103,3,12415,542,4,12416,2523,4,31743,3964,4,832,4946,434,4,12417,31744,272,230,2804,55,168,55,85,28,221,31745,730,234,3873,1010,816,106,282,1490,1741,832,914,403,142,3,3680,3,472,131,1460,1584,84,12,944,161 1,1,1,1,1,1,1,1,1,1,1,1,1,1,1,1,1,1,1,1,1,1,1,1,1,1,1,1,1,1,1,1,1,1,1,1,1,1,1,1,1,1,1,1,1,1,1,1,1,7,1,1,1,1,1,1,7,1,1,1,1,1,1,1,1,1,1,1
135,79 1,1
723,16,20,775,10,5840,23,551,5,1081,10,299,319,7,6,1422,3,16,20,2422,51,1169,16116,3,255,99,17,223,36,523 1,1,1,1,1,1,1,1,1,1,1,1,1,1,1,1,1,1,1,1,1,1,1,1,1,1,1,1,1,1
90,88,4101,3,11,1636,3,11,31746,3,11,942,535,3,11,31747,1030,3,11,11476,1507,7,114 1,1,1,1,1,1,1,1,1,1,1,1,1,1,1,1,1,1,1,1,1,1,1
14859,80,39,30,4,122,282,56 1,1,1,1,1,1,1,1
150,30,3357 1,1,1
206,30,4,1169,1095,334,141,1741,127,1545,579,1754,9,33,8,793,140,1001 1,1,1,5,5,5,5,5,1,1,1,1,1,1,1,1,1,1
9,33,8,590 1,1,1,1
9,33,8,249 1,1,1,1
9,33,8,459 1,1,1,1
3967,9,33,8,555 1,1,1,1,1
9,33,8,889,84 1,1,1,1,1
5775,11,7506,461 1,1,1,1
3219,9,33,8,226,7,184 1,1,1,1,1,1,1
9,33,8,407 1,1,1,1
9,33,8,437,19,380 1,1,1,1,1,1
9,33,8,263 1,1,1,1
612,9,33,8,248,474 1,1,1,1,1,1
5427,9,33,8,375 1,1,1,1,1
9,33,8,446 1,1,1,1
9822,11,7506,461 1,1,1,1
9489,11,7506,461 1,1,1,1
196,11,7506,461 1,1,1,1
352,9,33,8,2313 1,1,1,1,1
9,33,8,323 1,1,1,1
1326,1460,37,1196,1970,36,87,183 1,1,1,1,1,1,1,1
16561,11,7506,461 1,1,1,1
2572,3680 1,1
579,5,8413,35,55,270,5,12,6,230,67,17,40,6299 1,1,1,1,1,1,1,1,1,1,1,1,1,1
233,174,182,376,72 1,1,1,1,1
545,1754,28,14,980 1,1,1,1,1
28,14,410 1,1,1
28,14,642,1200 1,1,1,1
28,14,31,5335 1,1,1,1
3967,44,5089,31748 1,1,1,1
1055,57,877,5,1115,10,691 1,1,1,1,1,1,1
1955,762,57,204 1,1,1,1
1124,57,797 1,1,1
2802,2065,204 1,1,1
4260,1313,57,1110 1,1,1,1
1439,14,1017 1,1,1
136,136,14,332 1,1,1,1
296,471,7,759,14,61 1,1,1,1,1,1
136,14,1169,246 1,1,1,1
216,222,57,1688 1,1,1,1
3219,6,155,57,91,10,463,100 1,1,1,1,1,1,1,1
1065,57,31,61 1,1,1,1
612,44,130,327,57,61 1,1,1,1,1,1
130,14,145,156,5,239 1,1,1,1,1,1
11,213,14,61 1,1,1,1
4947,214,14,396,5,1763 1,1,1,1,1,1
214,14,152 1,1,1
326,327,57,61 1,1,1,1
3441,5018,3262,246,14,61 1,1,1,1,1,1
1058,28,21,44,471,7,759 1,1,1,1,1,1,1
28,21,44,762,2526,5,1256 1,1,1,1,1,1,1
74,14,11,2006 1,1,1,1
74,14,11,762,2670 1,1,1,1,1
196,196,14,204 1,1,1,1
74,14,11,277 1,1,1,1
74,57,11,243 1,1,1,1
273,11,741,1030 1,1,1,1
28,14,410,5,642,123,195,1411,1093,154,14,204 1,1,1,1,1,1,1,1,1,1,1,1
670,628,154,14,204 1,1,1,1,1
1808,28,14,1169,14860 1,1,1,1,1
28,14,31,2069 1,1,1,1
31749,28,109,31,46,908 1,1,1,1,1,1
154,295,177,177,56,442,7826,215,738,1855,413,241,4,193 1,1,1,1,1,1,1,1,1,1,1,1,1,1
506,193,39,1771,14861,1490,1741,832,914,403,12,282,1584,944,161,84,5,185,148 1,1,1,1,1,1,1,1,1,1,1,1,1,1,1,1,1,6,6
104,4,450,148,4797,450,450,944,161 1,1,1,1,1,1,1,1,1
40,55,21,68,867,205,43,8459,5815,3,1203,12417,31750,272,224,1933,607,12,6,230,55,158,4,6311,3492,9,73,8,8459,5815,3,1203,262,55,262,229,55,50,46,101,6,28,5,235,13,6,757,3492,6,28,82,198,5,740,13,6,104 1,1,1,1,1,1,1,1,1,1,1,1,1,1,1,1,1,1,1,1,1,1,1,1,1,1,1,1,1,1,1,1,1,1,1,1,1,1,1,1,1,1,1,1,1,1,1,1,1,1,1,1,1,1,1,1,1
79,38,255,7,15465,1438,9,296,3935,3,2657,376,5,20,449,10,49,15,321,10,5444,467,3,21,38,1075,397,8,5,40,31751 1,1,1,1,1,1,1,1,1,1,1,1,1,1,1,1,1,1,1,1,1,1,1,1,1,1,1,1,1,1,1
12,230,3,31752,5,97,923 1,1,1,1,1,1,1
313,3,55,148,185 6,6,6,6,6
77,44 1,1
104,4,2804,7065,3,988,148,3,5,46,28,439,3896,17,827,10,4930,92,14,31,299,115,465 1,1,1,1,1,1,1,1,1,1,1,1,1,1,1,1,1,1,1,1,1,1,1
40,55,21,68,867,205,43,1265,12418,3,229,12417,31753,272,224,1933,607,12,6,230,55,158,4,6311,3492,9,73,8,1265,12418,3,229 1,1,1,1,1,1,1,1,1,1,1,1,1,1,1,1,1,1,1,1,1,1,1,1,1,1,1,1,1,1,1,1
