67,54,4,31804,1180,210,168,55,168,434,4,1225,1695,3,31805,27,11574,28,414,4,12415,5103,542,47,4,12416,262,4,3037,208,229,726,161,4,6934,135,235,13,723,3747,4,39,67,3,28,82,723,2939,5103,730,234,4,2422,282,4,293,5103,14,62,16950,31806,13,15,30,7,1460,3,155,635,3,458,121,61,13,626,627,2422,27,163 1,1,1,1,1,1,1,1,1,1,1,1,1,1,1,1,1,1,1,1,1,1,1,1,1,1,1,1,1,1,1,1,1,1,1,1,1,1,1,1,1,1,1,1,1,1,1,1,1,1,1,1,1,1,1,1,1,1,1,1,1,1,1,1,1,1,1,1,1,1,1,1,1,1,1,1,1,1,1
35,28,14,137,244,3843,40,30,14,649,19,2174,1187,13,2939,5103,121,14,6,4443,5,14,244,858,13,23,661,82,198 1,1,1,1,1,1,1,1,1,1,1,1,1,1,1,1,1,1,1,1,1,1,1,1,1,1,1,1,1
6,28,20,801,13,1460,43,23,451,223,117,87,183,5,21,68,422,211,245,27,163,9,19,2828,1109,8,12,12419,2012,13,23,551,121,21,68,23,747,7161,29,2374,267,723,57,244,858,35,60 1,1,1,1,1,1,1,1,1,1,1,1,1,1,1,1,1,1,1,1,1,1,1,1,1,1,1,1,1,1,1,1,1,1,1,1,1,1,1,1,1,1,1,1,1,1,1
225,6,99,320,129,677,46,1005,118,1242,3,2422,3,5,4083,3382 1,1,1,1,1,1,1,1,1,1,1,1,1,1,1,1
677,55,16,21,68,1242,223,2175,3,85,9,1773,1736,80,51,31,95,80,8,3,5,21,598,31,68,449,10,1946,23,551 1,1,1,1,1,1,1,1,1,1,1,1,1,1,1,1,1,1,1,1,1,1,1,1,1,1,1,1,1,1
16,21,1639,3382,4083,5,1770,2422 1,1,1,1,1,1,1,1
23,723,55,37,16,95,38,10,102,5119,201,10,983,467,5,49,23,39 1,1,1,1,1,1,1,1,1,1,1,1,1,1,1,1,1,1
23,551,21,38,10,1216,115,27,421,10,1854,6,28,10,810,1671,16,242,31,12218 1,1,1,1,1,1,1,1,1,1,1,1,1,1,1,1,1,1,1,1
677,57,1409,3106,223,23,3004,10,49,6,2645,7,1625,10,2374,163,159,92,49,201,223,558,1644,10,299,115,5,197,2819 1,1,1,1,1,1,1,1,1,1,1,1,1,1,1,1,1,1,1,1,1,1,1,1,1,1,1,1,1
223,36,3314,183,3,477,23,551,20,319,7,2374,163,3,16,12218,319,5,6783,2171,319,29,186,18,369,16,31807,31808,24,7,6783,201,319 1,1,1,1,1,1,1,1,1,1,1,1,1,1,1,1,1,1,1,1,1,1,1,1,1,1,1,1,1,1,1,1,1
2374,573,21,38,118,535,198,17,201,5,21,454,6,58,723,17,575,105,17,6,80,113 1,1,1,1,1,1,1,1,1,1,1,1,1,1,1,1,1,1,1,1,1,1
677,454,23,451,223,571,7581,84,5,16,20,126,19,1986,16951,1869,167,75,1500,131,265 1,1,1,1,1,1,1,1,1,1,1,1,1,1,1,1,1,1,1,1,1
319,7,479,17,23,661,82,5,573,82,4148,677,1500,201,10,6,230,17,172,5,849,75,2374,451,21,1803,3272,10,235,13,1485 1,1,1,1,1,1,1,1,1,1,1,1,1,1,1,1,1,1,1,1,1,1,1,1,1,1,1,1,1,1,1
677,46,31,1005,5354,3,3803,3,31809,9,19,1775,389,8,3,234,7,34,3,889,84 1,1,1,1,1,1,1,1,1,1,1,1,1,1,1,1,1,1,1,1,1
677,46,1005,95,798,1157,12,6,99,493,65 1,1,1,1,1,1,1,1,1,1,1
12,6,230,4,701,143,292,4,2833,364,4,1772,148,4,31810,716,4,581,2573,4,1942,42,658 1,1,1,1,1,1,1,1,1,1,1,1,6,6,6,1,1,1,1,1,1,1,1
77,20,639,344,17,1065,100,5,5885,2422 1,1,1,1,1,1,1,1,1,1
506,20,44 1,1,1
836,20,27,472 1,1,1,1
1251,401 1,1
241,1329,550,31,52,582,290,10,2422 1,1,1,1,1,1,1,1,1
677,2907,10,23,451,121,537,40,20,233,290,10,626,7,23,1460 1,1,1,1,1,1,1,1,1,1,1,1,1,1,1,1
16,20,138,1405,3046,247,9,486,8,5,4714,647,247,9,486,8 1,1,1,1,1,1,1,1,1,1,1,1,1,1,1,1
98,1344,1893,25,2022,25,123,176,80,39,30,4,71,324,9,1609,788,8,4,6328 1,1,9,1,1,1,1,1,1,1,1,1,4,4,4,4,4,4,1,1
287,687,635,4,211,17,87,3,19,10103,494,703,1864,106,817,130,371,1460,155,635,4,118,12,978,7,155,635,186,241,390,12,4245,9,1963,17,15792,8,723,2939,2907,10,64,4945,9,135,723,82,146,8,5,677,235,1642,5,31,52,1775,13,164,2314,35,744,693,92,550,52,373,3,62,2809,1605,3,482,23,311,174,147,3,550,52,681,984,17,201,306,3435,1642 15,1,1,1,1,1,1,1,1,1,1,7,7,7,1,1,1,1,1,1,1,1,1,1,1,1,1,1,1,1,1,1,1,1,1,1,1,1,1,1,1,1,1,1,1,1,1,1,1,1,1,1,1,1,1,1,1,1,1,1,1,1,1,1,1,1,1,1,1,1,1,1,1,1,1,1,1,1,1,1,1,1,1,1,1,1,1
677,46,62,1089,13,64,4945,12,1374 1,1,1,1,1,1,1,1,1
667,12,8567,13,8328,39,4,81,13,28,82,723,225,2174,176,2158,9,1126,8,7671,22,25,1869,167,178,203,1148,1463,9,1148,1463,203,8,547,22,25,32,195,4126,945,1337,25,32,253,2131,456,231,22,25,69,346,932,335,22,25,32,460,2541,1341,964,298,9,4374,8,141,2365,25,32,652,1893,782,669,22,25,69,833,218,171,22,25,32,995,1986,6508,22,25,1869,1079,8950,141,22,25,69,1477,10103,108,22,25,32,1708,906,36,298,25,32,2001,1118,125,22,25,32,2218,5239,5542,1173,1681,25,32,167,648,2434,3552,9,2114,45,8,58,298,25,69,2520,736,382,22,25,32,127,4,16952,10104,33,1105,4,446,150,30,4,661,38,1460,12,871,3790 1,1,1,1,1,1,1,1,1,1,1,1,1,1,1,1,1,1,1,1,1,1,1,1,1,11,11,11,11,11,11,11,11,11,11,11,11,1,1,1,1,1,1,1,1,1,1,1,1,1,1,1,1,1,1,1,1,1,1,1,1,1,1,1,1,1,1,1,1,9,9,9,9,9,9,1,13,13,13,13,13,1,1,1,1,1,1,1,1,1,1,1,1,1,1,1,1,1,1,1,1,1,1,1,1,1,1,1,1,1,1,1,1,1,1,1,1,1,1,1,1,1,1,1,1,1,1,1,1,1,1,12,12,12,12,12,1,1,1,1,1,1,1,1,1,1,1,1,1,1,1,1,1
573,38,567,373 1,1,1,1
206,30,4,245,13,551,12,10559 1,1,1,1,1,1,1,1
723,57,244,858 1,1,1,1
368,299,963,31811,983,27,163,5,109,31,191,31812,14,299,9832,5,9832,17,201,10,52,27,163,33,23,551,14,46,15,9832,85,198,17,201 1,1,1,1,1,1,1,1,1,1,1,1,1,1,1,1,1,1,1,1,1,1,1,1,1,1,1,1,1,1,1,1,1,1
169,1095,33,2091,11251,183 5,5,5,5,5,5
11,485 1,1
81,7,182,4,376,72,123,141,182 1,1,1,1,1,1,1,1,1
102,101,316,205,4,292,31813,3,523,586,3,148,31814,3,716,680,3,3298,1942,42,19,658,207,197,4,1789,3843,3,51,3405,5,855,745,23,414 1,1,1,1,1,1,1,1,1,1,1,29,29,1,1,1,1,1,1,1,1,1,1,1,1,1,1,1,1,1,1,1,1,1,1
227,4,1806,3,1852,3,1042,91,13,416,683,1561,1313,51,13,1431,1436 1,1,1,1,1,1,1,1,1,1,1,1,1,1,1,1,1
196,4,11,277,3,11,4107 1,1,1,1,1,1,1
742,1039,19,188,75,723,258,14,66,874,4977,164,136,4,332,3,775,10,192,910,4061,4,11,777,875,2341,48,4,1304,130,4,455,3,44,2744,1256,3,11,3320,214,4,152,3,396,3,1763,3,44,326,327 1,1,1,1,1,1,1,1,1,1,1,1,1,1,1,1,1,1,1,1,1,1,1,1,1,1,1,1,1,1,1,1,1,1,1,1,1,1,1,1,1,1,1,1,1,1,1,1,1,1
114,4,617,3,11,1379,352,4,3843,3,3405,3,1170,233,114 1,1,1,1,1,1,1,1,1,1,1,1,1,1,1
1356,264,4,5960,705,2647,3,592,2628,9,59,8,3,869,2073,3,769,5502,9,83,8,3,392,856,3,888,7266,3,1680,78,840,29,335,257,36,259,3,870,3633,9,83,8,5960,1568,929,5960,1179,2282,9,59,8,3,22,1537,3,1077,1160,3,1791,1389,3,1506,3315,3,1388,2221,3,1938,31815,2967,1247,3,2289,1695,5960,1565,1173,3,1527,1352,3,1566,1035,3,1077,1160,3,1791,31816,4375,31817,257,36,259,8687,31818,401,8687,1332,31819,3,1669,78,840,29,8574,9,83,8,8687,972,31820,257,36,259,8687,1284,401,3,6800,401,5960,349,3708,3,734,10801,9,59,8,3,560,4807,9,59,8,3,333,6614,9,59,8,3,653,1733,3,786,5720,3,823,5495,3,536,2019,9,59,8,5960,795,31821,1125,1277,3,42,1209,2277,3,42,577,1979,3,42,847,210,3,42,830,58,3,42,864,31822,79,3127,3,1074,1293,5960,2585,1706,3,3606,91,3,2452,72,3,2736,72,3,2635,72,3,5866,3785,257,36,259,3,2372,72,3,1838,31823,2858,72,3,3185,72,3,2453,72,3,1886,72,8687,5433,31824,3,7704,8175,3,8099,4881,3,3424,401,1340,5960,31825,6419,10105,414,31826,47,31827,503,5960,31828,6419,10105,414,48,58,16953,47,31829,603,77,1397,4,31830,146,161,4,8504,4,48,58,2257,339,4,11,202,7,854,26,350,93 1,1,1,1,1,1,1,1,1,1,1,1,1,1,1,1,1,1,1,1,1,1,1,1,1,1,1,1,1,1,1,1,1,1,1,1,1,1,1,1,1,1,1,1,1,1,1,1,1,1,1,1,1,1,1,1,1,1,1,1,1,1,1,1,1,1,1,1,1,1,1,1,1,1,1,1,1,1,1,1,1,1,1,1,1,1,1,1,1,1,1,1,1,1,1,1,1,1,1,1,1,1,1,1,1,1,1,1,1,1,1,1,1,1,1,1,1,1,1,1,1,1,1,1,1,1,1,1,1,1,1,1,1,1,1,1,1,1,1,1,1,1,1,1,1,1,1,1,1,1,1,1,1,1,1,1,1,1,1,1,1,1,1,1,1,1,1,1,1,1,1,1,1,1,1,1,1,1,1,1,1,1,1,1,1,1,1,1,1,1,1,1,1,1,1,1,1,1,1,1,1,1,1,1,1,1,1,1,1,1,1,1,1,1,1,1,1,1,1,1,1,1,1,1,1,1,1,1,1,1,1,1,1,1,1,1,1,1,1,1,1,1,1,1,1,1,1,1,1,1,1,1,1,1,1,1,1,1,1,1,1,1,1,1,1,1,1,1,1,1,1,1,1,1,1,1,1,1,1
177,4,156,586,3 1,1,1,1,1
338,13,4034,3,44,1090,3,53,1090,3,4508,31831,3475,4,12,1351,3,293,5103,14,62,14708,16950,358,13,15,30,7,1460,3,155,635,3,458,121,61,13,626,627,2422,27,163 1,1,1,1,1,1,1,1,1,1,1,1,1,1,1,1,1,1,1,1,1,1,1,1,1,1,1,1,1,1,1,1,1,1,1,1,1,1,1,1,1,1
23,150,57,775,10,86,198,17,201 1,1,1,1,1,1,1,1,1
47,1460,816,2422,4,1154,158,626,7,23,1460,35,60,35,596,9,138,944,161,84,3,367,700,448,3,5,301,798,1157,8 1,1,1,1,1,1,1,1,1,1,1,1,1,1,1,1,1,1,1,1,1,1,1,1,1,1,1,1,1,1
137,3,3098,66,4714,5,1405,138,12,6,230 1,1,1,1,1,1,1,1,1,1,1
1332,3,1669,57,1043 1,1,1,1,1
1817,1134,111,128,131,448,51,2379,10,52,646,7,944,161,84,5,74,14,11,202,7,62,2366,1178,9,1251,5,506,72,3,11,3554,8,137 1,1,1,1,1,1,1,1,1,1,1,1,1,1,1,1,1,1,1,1,1,1,1,1,1,1,1,1,1,1,1,1,1,1
33,241,1329,401,33,4714,3046,25,69,167,9,659,17,3098,8,33,482,31832,278,33,79,278,186,312,980,33,86,8950,33,659,1986,17,132,47,142,4,938,1893,13,610,686,305,5,41,1550 1,1,1,1,1,1,1,1,1,1,1,1,1,1,1,1,1,1,1,1,1,1,1,1,1,1,1,1,1,1,1,1,1,1,7,1,9,9,9,9,1,1,1,1,1
86,218 1,13
208,160,10,745,247,39,477,3098,134,148,86,10,2405 1,1,1,1,1,1,1,1,1,1,1,1,1
86,252 1,11
47,458,4,86,289 1,1,1,1,1
47,287,29,86,736,47,648,4,9938,163,389,4,2131,3,2114,3,3166,167,47,812,4,86,1118,47,1332,31833,4,86,1332,3,444,14,1043 1,15,1,1,12,1,1,1,1,1,1,1,1,1,1,1,1,1,1,1,1,1,1,1,1,1,1,1,1,1,1,1,1
47,155,635,4,55,10,52,118,19,439,506 1,1,1,1,1,1,1,1,1,1,1
451,5,150,46,1904,10,31,2695,268,591,1168 1,1,1,1,1,1,1,1,1,1,1
47,687,635,4,86,10103,3,972,14,1043 1,1,1,1,1,1,1,1,1,1
47,34,4,86,1126,167,47,1927,4,266,2179,3,266,393,353 1,1,1,1,1,1,1,1,1,1,1,1,1,1,1
86,1253,3,2541,47,1155,4,361,4,86,1118,29,971,4,2393,29,326,4,163,389,47,566,4,401,849,47,726,161,4,6934,135,235,13,723,78,840,29,586,1644,1858,19,79,31834,6644,9738,3,890,3,55,13,78,840,29,215,42,85,2355,10,28,3,2178,3,5,23,723,9,2939,5103,8,223,104,5,2076 1,1,1,1,1,1,1,1,1,1,1,1,1,1,1,1,1,1,1,1,1,1,1,1,1,1,1,1,1,1,1,1,1,1,1,1,1,1,1,1,1,1,1,1,1,1,1,1,1,1,1,1,1,1,1,1,1,1,1,1,1,1,1,1,1,1,1,1,1,1,1,1,1
3963,3037,208,229,9,9368,31835,8,1180,210,3,281,297 1,1,1,1,1,1,1,1,1,1,1,1,1
