67,54,4,31836,7495,3,4062,12422,31837,262,331,4,6020,2908,3,107 1,1,1,1,1,1,1,1,1,1,1,1,1,1,1,1
16954,198,599,3,3377,16955,31838,12423,609,7712,3,4970,7713,12424,6676,3,107 1,1,1,1,1,1,1,1,1,1,1,1,1,1,1,1,1
9830,7653,8397,58,4303,1073,7712,3,4970,7713,6020,16681,3,107 1,1,1,1,1,1,1,1,1,1,1,1,1,1
7553,1569,39,599,1666,31839,3153,31840,3,4970,31841,6086,4,40,3778,498,13,15,31842,30,7,1937,14,14,162,13,627,130,371,5,95,2969,17,268,172 1,1,1,1,1,1,1,1,1,1,1,1,1,1,1,1,1,1,1,1,1,3,1,1,1,1,1,1,1,1,1,1,1,1,1
16,20,801,13,626,226,7,184,12,6084,16,20,343,13,1890,5,174,39,27,37,85 1,1,1,1,1,1,1,1,1,1,1,1,1,1,28,1,1,1,1,1,1
16,242,334,60,597,1387,7,99,87,186,16,38,15,103,1843,5,526,3597,849 1,1,1,1,1,1,1,1,1,1,1,1,1,3,3,1,1,1,1
16,21,38,627,116,225,6,99,87,13,118,226,7,184,19,917,3334,5,15,244,170,226,7,184,13,1625 1,1,1,1,1,1,1,1,1,1,1,1,1,1,1,1,1,1,1,1,1,1,1,1,1,1
16,21,38,128,255,1692,10,40 1,1,1,1,1,1,1,1
267,65,169,10,168,3,16,38,422,1435,788,7,226,7,184,477,527,10,2825,5484 1,1,1,1,1,1,1,1,1,1,1,1,1,1,1,1,1,1,1,1
40,2991,170,85,424,13,990 1,1,1,1,1,1,1
16,38,11,418,27,37,85 1,1,1,1,1,1,1
16,21,11,48,453 1,1,1,1,1
23,80,39,30,14,173,17,30,7,8164,3563,5,1524,12,5820,16,21,71 1,1,1,1,1,1,1,1,1,1,1,1,1,1,1,1,1,4
16,38,1044,260,164,12,6084,23,137,39,389,14,3707,117,3,95,377,66,625,290,10,627,153,400 1,1,1,1,1,1,1,1,1,1,1,1,28,1,1,1,1,1,1,1,1,1,1,1
16,14,19,4509,768,35,3611,105,3,1819,4224,3,3539,31843,16,21,68,19,3056,3,75,20,84,290,10,616 1,1,1,28,1,1,1,1,1,1,1,1,55,1,1,1,1,1,55,1,1,1,1,1,1,1
16,14,19,218,4510,22,5,21,38,1328,535,572,88,2156,228,290,10,616 1,1,1,44,1,1,1,1,1,1,1,1,1,1,1,1,1,1
16,14,19,5917,755,113 1,1,1,28,1,1
16,49,452,1945,22,372,65 1,1,1,1,1,1,1
16,14,19,165,5,960 1,1,1,8,8,8
16,21,11,374,357,127 1,1,1,1,1,1
23,150,30,14,1864,569 1,1,1,1,1,1
573,874,3,661,38,788,7,695,12,23,3258 1,1,1,1,1,1,1,1,1,1,1
6,28,245,13,23,551,5,723,5,14,15,919,4139,730 1,1,1,1,1,1,1,1,1,1,1,1,1,1
16,38,62,31844,238,30,51,334,939,87,183 5,5,5,5,5,5,5,5,5,5,5
16,21,175,2361,7,541,909,1014,113 1,1,1,1,1,1,1,1,1
81,7,182,14,72,17,88,147,13,249,3,459,3,84,12,23,326,26,931,1215 1,1,1,1,1,1,1,1,1,1,1,1,1,1,1,1,1,1,1,1
16,21,11,147,13,1475 1,1,1,1,1,1
16,21,11,147,13,841,26,889 1,1,1,1,1,1,1,1
81,7,182,14,376,72 1,1,1,1,1,1
19,102,101,3,63,94,14,31845,12,6,53,303,5,31846,12,6,70,303 1,1,1,1,1,1,1,1,1,1,1,1,1,1,1,1,1,1
23,48,14,492,91,10,463,5,1051 1,1,1,1,1,1,1,1,1
807,14,31847,23,130,156,14,231,5,15,145,239 1,1,1,1,1,1,1,1,1,1,1,1
23,103,77,275,53,692,3191,3,75,14,2837 1,1,1,1,1,1,1,1,1,1,1
16,21,15,777,5,3195,2287,130,327 1,1,1,1,1,1,1,1,1
6,70,692,2399,14,61,98 1,1,1,1,1,1,1
16,21,15,589,213,3,75,14,1718,16392,3,31,376,2927,10,3621 1,1,1,1,1,1,1,1,1,1,1,1,1,1,1,1
92,109,31,84,13,1481 1,1,1,1,1,1
6,896,2348,7,6,896,327,14,416,118,12,584,543,13,15,1444,589,94,12,6,471,7,31848,23,248,57,3173 1,1,1,1,1,1,1,1,1,1,1,1,1,1,1,1,1,1,1,1,1,1,1,1,1,1,1
715,1780,14,244,1525 1,1,1,1,1
23,133,57,204,330 1,1,1,1,1
16,21,11,291,222 1,1,1,1,1
23,1161,715,94,14,856,632 1,1,1,1,1,1,1
16,21,11,875,1189,26,879 1,1,1,1,1,1,1
23,1012,1051,27,620,108,632,998,6,7583,1809 1,1,1,1,1,1,1,1,1,1,1
16,21,128,118,6209,963,6,7114 1,1,1,1,1,1,1,1
525,3,74,14,508,7,128,633,12,6,1453 1,1,1,1,1,1,1,1,1,1,1
74,14,11,330,93 1,1,1,1,1
23,618,57,97,1375,1966,3,600,16,768,1013,12,23,489,3,136,3,5,188 1,1,1,1,1,1,1,1,1,1,1,1,1,1,1,1,1,1,1
16,21,11,196,277,26,1371,3,170,244,381,5152 1,1,1,1,1,1,1,1,1,1,1,1
23,1210,63,94,14,886 1,1,1,1,1,1
16,21,585,2990,692,2856,27,8320,192,4,176,921,7,53,692,1029,14,9831 1,1,1,1,1,1,1,1,1,1,1,1,1,1,1,1,1,1
119,191,31,731,1240,7,95,593,26,7431 1,1,1,1,1,1,1,1,1,1
6,851,7,23,1027,76,14,31,91 1,1,1,1,1,1,1,1,1
16,91,242,31,46,181,120,76,19,175,264,417 1,1,1,1,1,1,1,1,1,1,1,1
313,3,6,255,14,173 1,1,1,1,1,1
178,137,1607,161,111,1194,1053,1930,5,266,103,2284,3,5,14,1585,5,4636,1780 1,1,1,1,1,1,1,1,1,1,1,1,1,1,1,1,1,1,1
23,30,7,95,1890,157,508,37,16,208,46,38,422,1435,788,7,633,139,23,99,1890,84 1,1,1,1,1,1,1,1,1,1,1,1,1,1,1,1,1,1,1,1,1,1
313,3,6,255,477,2825,5484,98,1849,6,284,7,15,692,5900,9261 1,1,1,1,1,1,1,1,1,1,1,1,1,1,1,1
92,14,98,284,37,40,14,422,10,695 1,1,1,1,1,1,1,1,1,1
195,174,422,341 1,1,1,1
16,14,19,452,290,10,23,1881,8164,397 1,1,1,1,1,1,1,1,1,1
92,14,284,37,16,21,38,174,3563,3,284,744,10,181,120,1036,10,95,1574,12,400 1,1,1,1,1,1,1,1,1,1,1,1,1,1,1,1,1,1,1,1,1
74,57,11,1375,4653,10,761 1,1,1,1,1,1,1
27,40,85,3,119,57,31,104,10,172,201,51,10,343,6,2041,7,23,130,371,3901 1,1,1,1,1,1,1,1,1,1,1,1,1,1,1,1,1,1,1,1,1
1025,104,14,10,659,23,2213,5,1176,1707,17,132,3,5,10,1783,201,19,62,247,1890,3905 1,1,1,1,1,1,1,1,1,1,1,1,1,1,1,1,1,1,1,1,1,1
119,41,1717,13,1132,5,593,134,1936,10,1964,1153,74,57,174,534,1302,23,137,3901,258 1,1,1,1,1,1,1,1,1,1,1,1,1,1,1,1,1,1,1,1,1
497,2640,8511,31849,3,229,103,594,746,31850,7942,806,4,11041,825,4,11041,843,4,31851 1,1,1,1,1,1,1,1,1,1,1,1,1,1,1,1,1,1,1,1
