67,54,4,13566,293,6693,14,15,1232,7035,832,121,20,221,43,271,35,15,301,28,12,12231,141,5,465,12,10106,1079,16,1521 1,1,1,1,1,1,1,1,1,1,1,1,1,1,1,1,1,1,1,1,1,1,1,1,1,1,1,1,1,1
282,4,40,112,20,4618,10,52,15,3542,112,169,10,23,503,12117,3572,70,1726,860,918,13,64,31885 1,1,1,1,1,1,1,1,1,1,1,1,1,1,1,1,1,1,1,1,1,1,1,1
313,3,186,50,749,201,12,2878,16,38,4082,148,179,1151,64,5916,2053,23,218 1,1,1,1,1,1,1,1,1,1,1,1,1,1,1,1,1,1,13
50,31886,274,5,1668,201,10,1893,231,22,69 1,1,9,1,1,1,1,9,1,1,1
1151,128,1242,50,1526,16,21,359,40 1,1,1,1,1,1,1,1,1
16,38,98,68,1668,66,3973,10,236,290,10,4148,479 1,1,1,1,1,1,12,1,12,1,1,1,1
149,359,2407,57,639,17,4,347,2316,580,6031,31887 1,1,1,1,1,1,1,1,1,1,1,1
1294,42,147,7071,1271,4,208,2459,3060,4,2155,2692,269,209,153,1029,71,324,317,58,106,287,494,3331,1563,937,1648,39,1212,141,22,9,515,45,49,36,8,25,32,1286,141,22,9,515,45,49,36,8,25,69,4246,558,22,9,3473,45,49,36,8,25,32,1406,447,22,9,1269,45,49,36,8,25,32,932,125,22,9,378,45,49,36,8,25,69,2326,2994,1142,22,25,69,218,382,22,9,549,45,8,25,32,3,43,64,5916 1,1,1,1,1,1,1,1,1,1,1,1,1,1,1,1,4,4,4,4,7,15,1,1,1,1,1,1,20,1,1,1,1,1,1,1,1,1,1,21,1,1,1,1,1,1,1,1,1,1,33,1,1,1,1,1,1,1,1,1,1,26,1,1,1,1,1,1,1,1,1,1,1,1,1,1,1,1,1,1,1,1,1,1,1,1,1,1,1,13,1,1,1,1,1,1,1,1,1,1,1,1
800,171,22,9,549,45,49,36,8,25,32,1893,782,231,22,9,672,45,49,36,8,25,69,127,203,33,283,3,4,127,1148,35,252,1215,4,11,1711,3,357,26,541,29,579,4,90,140,84,3,249,3,459,3,590,3,3081,889,3,48,34,3,418,3,437,3,263,3,291,34,3,300,3,375,3,84,12,7500,1215,3,618,34,3,616,3,8365,3,93 12,1,1,1,1,1,1,1,1,1,1,9,9,1,1,1,1,1,1,1,1,1,1,1,1,1,1,1,1,1,1,1,1,14,14,14,14,14,1,1,1,1,1,1,1,1,1,1,1,1,1,1,1,1,1,1,1,1,1,1,1,1,1,1,1,1,1,1,1,1,1,1,1,1,1,1,1,1,1,1,1,1,1,1,1,1
545,639,17,4,60,2056,60,197,832,29,316,205,148,31888,3,364,1000,3,655,5834,948,718,880,1035,42,227,4,1124,91,696,2094,3,665,3,1040,2934,5,3276,1043,4863,29,1239,97,243 1,1,1,1,1,1,1,1,1,1,1,1,6,6,1,1,1,1,1,1,1,1,1,1,1,1,1,1,1,1,1,1,1,1,1,1,1,1,1,1,1,1,1,1
2973,4,11,777,136,26,521,2973,29,103,4,455,3,156,1000,3,11,3665,327,1844 1,1,1,1,1,1,1,1,1,1,1,1,1,1,1,1,1,1,1,1
4,232,737,656,3,11,2264,762,157,3,11,9365,327,104,4,176,106,4,86,10,52,4082,12,15,31889,46,406,2076,29,118,218,242,31,1457,681 1,1,1,1,1,1,1,1,1,1,1,1,1,1,1,1,7,1,1,1,1,1,1,1,1,1,1,1,1,1,13,1,1,1,1
1668,10,1893,242,31,575,3,51,16,14,98,31,2213,9,523,1000,8,470,50,272,118,1893,10,669,22,69 1,1,9,1,1,1,1,1,1,1,1,1,1,1,1,1,1,1,1,1,1,9,1,1,1,1
178,71,4,179,21,68,232 1,4,1,1,1,1,1
195,153,765,253,287,4,119,208,160,10,118,236,1988,1457,2415 1,1,1,1,15,1,1,1,1,1,1,12,1,1,1
346,70,1726,860,4,1521,175,113,17,1533,476,2407 1,1,1,1,1,1,1,1,1,1,1,1
148 1
