67,54,4,31882,293,6693,14,15,1232,7035,832,121,14,15,301,28,3,125,435,1761,17,23,180,435,1089 1,1,1,1,1,1,1,1,1,1,1,1,1,1,1,1,1,1,1,1,1,1,1,1,1
13,311,479,5,234 1,1,1,1,1
282,4,16,631,16,82,68,221,27,2607,17,442,141,87,3,51,23,331,20,4139,5,16,21,31,221,31883,145,17,442,36,87,29,3499,281,297,21,68,49,198,7,201 1,1,1,1,1,1,1,1,1,1,1,1,1,1,1,1,1,1,1,1,1,1,1,1,1,1,1,1,1,1,1,1,1,1,1,1,1,1,1,1,1
16,21,311,479,4,176,71 1,1,1,1,1,1,4
160,10,122,62,412,1622 1,1,1,1,1,1
178,860 1,1
195,106,253,16,160,10,46,23,39,878,33,929,7,1485 1,7,1,1,1,1,1,1,1,1,1,1,1,1
346,16,38,838,5,2211,12,208,17,10541,269,554 1,1,1,1,1,1,1,1,1,1,1,1
147,7071,1271,4,208,2459,3060,4,2155,2692,269,209,153,1029,71,324,317,58,106,287,494,3331,1563,937,1648,39,1212,141,22,9,515,45,49,36,8,25,32,218,171,22,9,549,45,49,36,8,25,32,8499,171,22,9,549,45,49,36,8,25,276,1286,141,22,9,515,45,49,36,8,25,69,4246,558,22,9,3473,45,49,36,8,25,32,1406,447,22,9,1269,45,49,36,8,25,32,932,125,22,9,378,45,49,36,8,25,69,274,279,22,9,799,45,49,36,8,25,32,2326,2994,1142,22,25,69,127,203,33,283,3,4,127,1148,35,252,1215,4,11,1711,3,357,26,541,29,579,4,90,140,84,3,249,3,459,3,590,3,3081,889,3,48,34,3,418,3,437,3,263,3,291,34,3,300,3,375,3,84,12,7500,1215,3,618,34,3,616,3,8365,3,93 1,1,1,1,1,1,1,1,1,1,1,1,1,1,4,1,1,1,7,15,1,1,1,1,1,1,20,1,1,1,1,1,1,1,1,1,1,13,1,1,1,1,1,1,1,1,1,1,12,1,1,1,1,1,1,1,1,1,1,21,1,1,1,1,1,1,1,1,1,1,33,1,1,1,1,1,1,1,1,1,1,26,1,1,1,1,1,1,1,1,1,1,1,1,1,1,1,1,1,1,1,1,1,9,1,1,1,1,1,1,1,1,1,1,1,1,1,1,1,1,1,1,1,1,1,1,1,1,1,1,14,14,14,14,14,14,14,14,14,1,1,1,1,1,1,1,1,1,1,1,1,1,1,1,1,1,1,1,1,1,1,1,1,1,1,1,1,1,1,1,1,1,1,1,1,1,1,1,1,1,1,1,1
545,639,17,4,60,2056,60,197,832,29,316,205,148,31884,3,364,1217,3,655,5834,948,227,4,1124,91,696,2094,3,665,3,1040,2934,5,3276,1043,4863,29,1239,97,243 1,1,1,1,1,1,1,1,1,1,1,1,6,6,6,1,1,1,1,1,1,1,1,1,1,1,1,1,1,1,1,1,1,1,1,1,1,1,1,1
2973,4,11,777,136,26,521,2973,29,103,4,455,3,156,1217,3,11,3665,327,1844 1,1,1,1,1,1,1,1,1,1,1,1,1,1,1,1,1,1,1,1
4,232,737,656,3,11,2264,762,157,3,11,9365,327,362 1,1,1,1,1,1,1,1,1,1,1,1,1,1
4,11,1039,3,4257,3,396,3,11,777,240,29,1309,4,70,1726,6264 1,1,1,1,1,1,1,1,1,1,1,1,1,1,1,1,1
531 1
4,232,1032,5,79,16960,3,11,8365,26,93,29,352,4,925,1544,204,16960,3,1056,7706,4363,3,2724,3,384,3,595,1345 1,1,1,1,1,1,1,1,1,1,1,1,1,1,1,1,1,1,1,1,1,1,1,1,1,1,1,1,1
104,4,176,71,4,232,398,12,12231,1079,510,17,4951 1,1,1,4,1,1,1,1,1,1,1,1,1
178,70,1726,860,3,510,10,164 1,1,1,1,1,1,1,1
195,106,4,4082,12,15,71 1,7,1,1,1,1,1
41,2417,19,1521,3,13,406,2076,27,40,802 1,1,1,1,1,1,1,1,1,1,1
253,139,10523,235,3,138,1512,5,1980,1244,29,346,2081,233,929,39,29,460,1521,175,129 1,1,1,1,1,1,1,1,1,1,1,1,1,1,1,1,1,1,1,1,1
52,19,85 1,1,1
