69,49,4,27013,6637,1228,7,38,99,14,6,665,303,1315 1,1,1,1,1,1,1,1,1,1,1,1,1,1
1908,1557 1,1
192,5868,454,6638,12,4459 1,1,1,1,1,1
4181,1695,1870,14991,441,69,224,99,75,906,75,906,75,906,75,906,75,906,75,906,75,906,75,906,4459,99,139,4,681,29,4,5571,2,7693,75,906,75,906,485,4,7694,2321,4,14992,3716,4,600,4729,315,4,27014,27015,224,189,99,99,139,4,681,189,5519,49,95,4,14993,27016,38,99,21,61,809,681,42,1935,3549,2,4756,14993,27017,979,1783,3581,12,6,189,99,563,4,1935,3549,2,4756,206,3426,208,14994,4411,2,195,206,2387,208,315,7,14995,27018,206,2387,208,858,391,4,270,206,2387,208,27019,600,13,299,7,670,21,39,15,250,2490,17,78,376 1,1,1,1,1,1,1,1,1,1,1,1,1,1,1,1,1,1,1,1,1,1,1,1,1,1,1,1,1,1,1,1,1,1,1,1,1,1,1,1,1,1,1,1,1,1,1,1,1,1,1,1,1,1,1,1,1,1,1,1,1,1,1,1,1,1,1,1,1,1,1,1,1,1,1,1,1,1,1,1,1,1,1,1,1,1,1,1,1,1,1,1,1,1,1,1,1,1,1,1,1,1,1,1,1,1,1,1,1,1,1,1,1,1,1,1,1,1,1,1,1,1,1,1,1,1,1,1,1,1
64 1
1007,10,440,622,3641,5,20,936,18,222,31,50,15,27020 1,1,1,1,1,1,1,1,1,1,1,1,1,1
113,5155,1877,3061,1309 1,1,1,1,1
11,3747 1,1
11,455,26,12276,34 1,1,1,1,1
1351,7,106,27021,48,11,402 1,1,1,1,1,1,1
11,340,34 1,1,1
11,264,388,12,531,26,34 1,1,1,1,1,1,1
64 1
19,140,651,7,27022 1,1,1,1,1
206,2387,208,5997,4,670,2,116,2,120,2,789,2,421,206,2387,208,257,4,2030,4472,5532,9,2549,11002,5532,8,35,5533,1206,59,98,154,123,14996,1133,109,22,9,491,45,60,35,8,25,33,5572,172,9,896,547,8,474,22,9,925,45,60,35,8,25,33,5572,442,7683,9,3258,7684,6254,8,1776,22,25,291,5572,2765,684,22,9,2479,45,60,35,8,25,291,14996,2074,397,9,888,8,204,22,25,59,14997,2549,850,1512,51,1512,2482,33,5572,131,1397,1629,11003,405,509,297,1253,7695,131,1397,1629,154,190,405,506,297,2101,9005,2649,1581,1062,347,105,2023,9,3832,45,5979,60,51,8,25,33,27023,235,9,787,8,368,22,9,1668,45,60,35,8,25,33,5572,9006,9,131,9007,8,154,190,405,283,27024,184,130,22,25,33,27025,4645,109,22,9,491,45,60,35,8,25,33,14998,310,447,22,9,778,45,60,35,8,25,59,5572,2745,2327,9,2327,1151,8,35,347,25,33,7695,1934,83,5008,370,22,9,1292,83,5007,22,8,989,347,25,1595,27026,517,83,22,9,521,45,60,35,8,25,33,27027,9008,3273,9,910,1361,3273,8,51,2411,1206,873,138,1945,27028,1342,9,3417,8,130,22,9,446,45,608,60,35,8,25,33,14999,2091,9,2267,767,8,105,22,9,390,45,60,35,8,25,33,7695,6476,244,22,9,768,45,60,35,8,25,283,9005,6510,1759,9,13958,1759,8,2939,1496,25,1595,138,250,27029,3940,9,2084,1555,8,51,347,25,59,14997,635,109,22,9,491,45,60,35,8,25,283,98,365,123,27030,6763,564,1252,9,27031,3324,27032,60,35,8,1206,33,98,365,123,9005,771,677,9,556,2461,1380,1062,8,204,22,9,683,2924,3194,60,35,8,25,59,7695,3149,9,4742,9,3149,8,8,2784,22,9,10913,45,60,35,8,25,33,5572,206,2387,208,1146,4,3497,9,484,8,4111,9,484,8,2063,9,905,8,206,2387,208,128,299,4,128,30,4091 1,1,1,1,1,1,1,10,1,4,1,16,1,1,1,1,1,1,1,1,1,1,1,1,1,1,1,1,1,1,1,1,1,1,1,23,1,1,1,1,1,1,1,1,1,1,1,11,1,1,1,1,1,1,1,1,1,1,1,1,1,1,1,1,1,1,1,1,1,1,1,1,1,1,1,1,1,1,1,1,1,1,1,1,1,1,1,1,1,1,1,1,1,1,1,1,1,1,1,1,1,1,1,1,1,6,6,1,1,1,1,1,1,1,6,6,1,1,1,1,1,1,1,1,1,1,1,1,1,1,1,1,1,1,1,1,1,1,1,1,1,1,1,1,1,1,1,1,1,1,1,1,1,1,1,6,1,6,1,1,1,1,1,1,1,13,1,1,1,1,1,1,1,1,1,1,1,1,1,1,1,1,1,20,1,1,1,1,1,1,1,1,1,1,1,1,1,1,1,1,1,1,1,1,1,1,1,1,1,1,1,1,1,1,1,1,1,1,1,1,1,1,1,1,1,1,1,1,1,1,1,1,1,1,1,1,1,1,1,1,1,1,1,1,1,1,1,1,1,1,1,1,1,1,1,1,1,1,1,1,1,1,1,1,1,1,1,1,1,1,1,1,1,1,1,1,1,1,1,1,1,1,1,1,1,1,1,1,1,1,1,1,1,1,1,1,1,1,1,1,1,1,1,1,1,1,1,1,1,1,1,1,1,1,1,12,1,1,1,1,1,1,1,1,1,1,1,1,1,1,1,1,1,1,1,1,1,1,1,1,1,1,1,1,1,1,7,7,1,1,1,1,1,1,1,1,1,1,1,1,1,1,1,1,1,1,33,1,1,1,33,1,1,1,1,1,1,1,1,1,1,1,1,1,1,1,1,1,1,1,1,1,1,1,1,1,1,1,1,1,1,1,1,1,1,1,1,1,1,1
206,2387,208,179,299,4,706,309,109,159,146 1,1,1,8,8,8,8,8,8,8,8
206,2387,208,499,4,224,4,11,182,584 8,8,8,1,1,1,1,1,1,1
2050,4,11,182,584 1,1,1,1,1
3413,4,11,182,584 1,1,1,1,1
5482,4,11,182,584 1,1,1,1,1
2856,4,125,234 1,1,1,1
562,4,11,182,584 1,1,1,1,1
5518,4,125,234 1,1,1,1
10367,4,11,182,584 1,1,1,1,1
323,4,11,182,584 1,1,1,1,1
206,2387,208,93,73,4,973,4,276,4,7203,206,2387,208,289,4,1956,206,2387,208,111,4,12253,206,2387,208,574,4,105,206,2387,208,2706,4,204,41,19,10555,206,2387,208,224,4,29,14,1040,5,413 1,1,1,1,1,1,1,1,1,1,1,1,1,1,1,1,1,1,1,1,1,1,1,1,1,1,1,1,1,1,1,1,1,1,1,1,1,1,1,1,1,1,1,1,1,1,1,1
29,14,646,1094 1,1,1,1
206,2387,208,3413,4,6,392,14,1186,5,1125 1,1,1,1,1,1,1,1,1,1,1
6,1237,53,1025,4283,5,1221,10,688 1,1,1,1,1,1,1,1,1
206,2387,208,2918,4,29,74,2278,14,175 1,1,1,1,1,1,1,1,1,1
6,1657,1405,53,1130 1,1,1,1,1
206,2387,208,112,4,6,112,14,330 1,1,1,1,1,1,1,1,1
6,112,21,15,15000,7,721 1,1,1,1,1,1,1
206,2387,208,2856,4,657,662,1129,13,1006,856,193 1,1,1,1,1,1,1,1,1,1,1,1
206,2387,208,562,4,6,118,302,50,15,43,2673 1,1,1,1,1,1,1,1,1,1,1,1
6,118,14,135,145,5,212 1,1,1,1,1,1,1
206,2387,208,4436,4,6,187,14,375,5,1774 1,1,1,1,1,1,1,1,1,1,1
187,14,133 1,1,1
206,2387,208,1031,4,225,531,79 1,1,1,1,1,1,1,1
206,2387,208,181,4,6,29,74,181,14,175 1,1,1,1,1,1,1,1,1,1,1
206,2387,208,1225,27033,600,13,299,7,670,13,134,464,66,17,1334,48,73,1126,670,1684 1,1,1,1,1,1,1,1,1,1,1,1,1,1,1,1,1,1,1,1,1
206,2387,208,15001,240,15002,2105,315,7,14995,27034,206,3426,208,27035,292,528,1305,15,250,98,35,376 1,1,1,1,1,1,1,1,1,1,1,1,1,1,1,1,1,1,1,1,1,1,1
216,670 1,1
27036,288,2,1877,3061,1309 1,1,1,1,1,1
19,140,651,7,11004,2060,1236,106,6510,13,2063 1,1,1,1,1,1,1,1,1,1,1
80,250,1877,7,1676,5,27037,1309 1,1,1,1,1,1,1,1
206,3426,208,93,73,4,224,4,29,14,1040,5,413 1,1,1,1,1,1,1,1,1,1,1,1,1
206,3426,208,3413,4,6,392,14,1186,5,1125 1,1,1,1,1,1,1,1,1,1,1
206,3426,208,2918,4,29,74,2278,14,175 1,1,1,1,1,1,1,1,1,1
206,3426,208,112,4,6,112,14,330 1,1,1,1,1,1,1,1,1
206,3426,208,562,4,6,118,14,135,145,5,212 1,1,1,1,1,1,1,1,1,1,1,1
206,3426,208,4436,4,463,2,6404,340,1791,5,5381,65,158,2106 1,1,1,1,1,1,1,1,1,1,1,1,1,1,1
206,3426,208,1031,4,11,2439,79,206,3426,208,181,4,6,29,74,181,14,175 1,1,1,1,1,1,1,1,1,1,1,1,1,1,1,1,1,1,1
206,3426,208,1734,4,6,29,14,3079 1,1,1,1,1,1,1,1,1
206,3426,208,1225,11005,4,214,4664,5,2629,19,1464 1,1,1,1,1,1,1,1,1,1,1,1
66,134,464,48,115,373,1628,17,670,1684 1,1,1,1,1,1,1,1,1,1
40,881,3556,2,1900,2,1337,2,4025 1,1,1,1,1,1,1,1,1
206,3426,208,189,11006,4,464,482,15,796 1,1,1,1,1,1,1,1,1,1
4664,2,381,2,344,7362,7092 1,1,1,1,1,1,1
7641 1
209,1525,65,141,10,144,17,986,522,2,1337,2,2340,372,1649 1,1,1,1,1,1,1,1,1,1,1,1,1,1,1
206,3426,208,494,4,670,1684 1,1,1,1,1,1,1
206,3426,208,163,2762,4,47,50,3402,201,5,755,6,29,5,941,6,427,74,122,2,177,5,1061,13,6,427,74,2105,7,30,2,5,285,6,233,2,114,7,203,5,642,7,6,29,13,6,427 1,1,1,1,1,1,1,1,1,1,1,1,1,1,1,1,1,1,1,1,1,1,1,1,1,1,1,1,1,1,1,1,1,1,1,1,1,1,1,1,1,1,1,1,1,1,1,1
206,3426,208 1,1,1
