67,54,4,32044,6889,1085,7,40,55,14,6,786,318,1141 1,1,1,1,1,1,1,1,1,1,1,1,1,1
1240,182 1,1
233,2842,546,1219,12,4735 1,1,1,1,1,1
4736,1002,1993,16985,499,67,207,55,78,1324,78,1324,78,1324,78,1324,78,1324,78,1324,78,1324,78,1324,4735,55,161,4,205,28,4,5558,3,8690,78,1324,78,1324,542,4,8691,2523,4,16986,3964,4,719,4946,434,4,32045,16462,207,230,55,55,161,4,205,230,6393,54,85,4,32046,13147,40,55,21,68,867,205,43,5943,11377,3,5549,16996,16997,224,1933,607,12,6,230,55,158,4,5943,11377,3,5549,257,3003,259,4896,11184,3,229,257,2940,259,8586,5189,3,229,257,3002,259,434,7,16998,15592,257,2940,259,730,234,4,307,257,2940,259,30,7,61,328,4,32047,719,712,19,3180,1929,718,3,1268,307,37,126,99,421,3,476,89,132,984 1,1,1,1,1,1,1,1,1,1,1,1,1,1,1,1,1,1,1,1,1,1,1,1,1,1,1,1,1,1,1,1,1,1,1,1,1,1,1,1,1,1,1,1,1,1,1,1,1,1,1,1,1,1,1,1,1,1,1,1,1,1,1,1,1,1,1,1,1,1,1,1,1,1,1,1,1,1,1,1,1,1,1,1,1,1,1,1,1,1,1,1,1,1,1,1,1,1,1,1,1,1,1,1,1,1,1,1,1,1,1,1,1,1,1,1,1,1,1,1,1,1,1,1,1,1,1,1,1,1,1,1,1,1,1,1,1,1,1,1,1,1,1,1,1,1,1
606,7654 1,1
11,249,26,263 1,1,1,1
256,803 1,1
1363,13,545,12,1604,3,676,10,452,3641 1,1,1,1,1,1,1,1,1,1
21,68,49,233,7,24,254 1,1,1,1,1,1,1
257,2940,259,6956,4,803,3,142,3,151,3,776,3,458,559,1428,42,3,155,399,110,1355,32048,3,545,257,2940,259,254,4,2158,9,1126,8,7671,22,25,1750,3151,2359,7008,4281,9,1994,4006,4281,8,36,1222,1096,69,3151,959,2009,755,22,2011,1869,3151,1212,141,22,25,32,3151,947,478,9,203,8,547,22,25,32,3151,16999,9,17000,7434,8,231,22,25,305,3151,5040,779,9,3848,779,8,141,22,2328,32,3151,512,7004,9,3120,7005,6099,8,58,298,25,305,3151,2456,2062,22,9,2400,45,49,829,8,25,69,167,958,123,388,65,8693,9126,9126,10115,452,9,1484,456,8,755,22,9,2010,45,49,36,8,25,608,123,388,65,8693,4409,9,2823,8,9,2823,8,2666,22,25,32,3151,2326,1547,462,22,9,462,9,1188,8,22,45,49,36,8,25,69,123,388,65,8693,2359,965,1318,58,1318,2530,32,3151,1868,1142,22,9,1801,568,49,36,8,25,305,123,180,65,32049,163,1133,163,1133,10115,1816,1327,22,25,1750,3151,165,1686,1643,9855,521,605,397,1429,8692,165,1686,1643,171,189,521,10111,165,4053,1686,2136,189,521,608,397,2204,12446,165,4053,1686,1320,189,521,605,397,1429,12446,3990,2009,2062,22,2011,1869,3151,2541,1341,964,298,125,2365,9,3544,45,3865,49,58,8,25,32,32050,932,9,289,8,382,22,25,32,3151,165,10113,125,189,521,32,12446,4907,1327,22,25,69,3151,218,171,22,25,32,3151,5445,141,22,9,515,45,49,36,8,25,32,16991,348,501,22,25,69,397,1429,5,397,2204,3151,906,36,298,25,32,3151,2009,2009,10115,2997,3146,36,2180,9,32051,3146,1620,8,1140,69,8693,1118,171,22,25,32,3151,1223,108,5465,22,9,1690,108,5138,462,22,8,12447,45,49,36,25,892,167,170,34,32052,706,171,22,25,32,3151,959,1092,9,959,4459,8,58,1092,1096,892,3151,1384,9,3147,8,171,22,9,549,45,609,49,36,8,25,32,16992,2566,9,2655,782,8,171,22,9,378,45,49,58,8,25,32,123,388,65,8693,133,17001,133,17001,10115,6803,279,22,25,276,3151,3552,9,2114,45,8,58,298,25,69,3151,736,141,22,25,608,3151,7716,581,1337,1096,32,3151,610,2223,912,964,9,784,707,8,231,22,25,69,3151,2823,9,4409,9,2823,8,8,2666,22,9,7119,45,49,36,8,25,32,6427,257,2940,259,127,4,1339,9,277,8,4118,9,277,8,257,2940,259,150,403,4,150,30,3357 1,1,1,1,1,1,1,7,1,4,1,15,1,1,1,1,1,1,1,1,1,1,1,1,1,1,1,1,1,1,1,1,1,1,1,1,1,1,1,1,1,1,1,1,1,1,1,1,1,1,1,1,1,1,1,1,1,1,1,20,20,20,20,20,20,11,11,11,11,1,1,1,1,1,1,1,1,1,1,1,1,1,1,1,1,1,1,1,1,1,1,1,1,1,1,1,1,1,1,1,1,1,1,1,1,1,1,1,1,1,1,1,1,1,1,1,1,1,1,1,1,1,1,1,1,1,1,1,1,1,1,1,1,1,1,1,1,1,1,1,1,1,1,1,1,1,1,34,1,34,1,1,34,1,1,1,1,1,1,1,1,1,1,1,1,1,1,1,1,1,1,1,1,1,1,1,1,1,1,1,1,1,1,1,1,1,1,1,1,1,1,1,1,1,1,1,1,1,1,1,1,1,1,1,1,1,1,1,1,1,1,1,1,8,8,1,1,1,1,1,1,1,8,8,1,1,1,1,1,8,8,8,1,1,1,1,1,1,1,8,8,8,1,1,1,1,1,1,1,1,1,1,1,1,1,1,1,1,1,1,1,1,1,1,1,1,1,1,1,1,1,1,1,1,1,1,1,1,1,1,1,8,8,1,1,1,1,1,1,1,1,1,1,1,13,1,1,1,1,1,1,1,1,1,1,1,1,1,1,1,1,1,17,1,1,1,1,1,1,1,1,1,1,1,1,1,1,1,1,1,1,1,1,1,1,1,1,1,1,1,1,1,1,1,1,1,1,1,1,1,1,1,1,1,1,1,1,1,1,1,1,1,1,1,1,1,1,1,1,1,1,1,1,1,1,1,1,1,1,1,1,1,1,1,1,1,1,1,1,1,1,1,1,1,1,1,1,1,1,1,1,1,1,1,1,1,1,1,1,1,1,1,1,1,1,1,1,1,1,1,1,1,1,1,1,1,1,1,1,1,1,1,1,1,1,1,1,1,1,1,1,1,1,1,12,1,1,1,1,1,1,1,1,1,1,1,1,1,1,1,1,9,9,1,1,1,1,1,1,34,1,34,1,34,1,1,1,1,1,1,1,1,1,1,1,1,1,1,1,1,1,1,1,1,1,1,1,1,1,1,1,1,1,1,1,1,1,1,1
257,2940,259,206,403,4,28,109,31,238 1,1,1,1,1,14,14,14,14,14
28,109,31,157,541 1,1,1,1,1
28,109,31,157,357 1,1,1,1,1
257,2940,259,81,7,182,4,3219,4,122,282 1,1,1,1,1,1,1,1,1,1,1
612,4,122,282 1,1,1,1
1754,4,11,173,461 1,1,1,1,1
3967,4,11,173,461 1,1,1,1,1
5775,4,11,173,461 1,1,1,1,1
5427,4,11,173,461 1,1,1,1,1
196,4,11,173,461 1,1,1,1,1
352,4,11,173,461 1,1,1,1,1
1326,4,11,173,461 1,1,1,1,1
257,2940,259,207,4,122,282 1,1,1,1,1,1,1
1754,4,122,282 1,1,1,1
3967,4,11,173,461 1,1,1,1,1
5775,4,11,173,461 1,1,1,1,1
3219,4,122,282 1,1,1,1
612,4,11,173,461 1,1,1,1,1
5427,4,11,173,461 1,1,1,1,1
9822,4,11,173,461 1,1,1,1,1
9131,4,122,282 1,1,1,1
196,4,11,173,461 1,1,1,1,1
352,4,11,173,461 1,1,1,1,1
1326,4,11,173,461 1,1,1,1,1
257,3003,259,102,77,4,316,4,292,4,6169,257,2940,259,364,4,388,257,2940,259,148,4,15388,257,2940,259,2573,4,967,7654,257,2940,259,207,4,28,14,980,5,410 1,1,1,1,1,1,1,1,1,1,1,1,1,1,1,1,1,1,1,1,7,7,7,1,1,1,1,1,1,1,1,1,1,1,1,1,1,1,1,1
28,14,642,1200 1,1,1,1
28,14,4383,197 1,1,1,1
12,15,2262 1,1,1
257,2940,259,3967,4,6,413,14,1172,5,1121 1,1,1,1,1,1,1,1,1,1,1
6,1055,57,877,978,5,1115,10,691 1,1,1,1,1,1,1,1,1
257,2940,259,2802,4,28,82,2065,14,204 1,1,1,1,1,1,1,1,1,1
6,1561,1313,57,1110 1,1,1,1,1
257,2940,259,3219,4,6,155,57,91,10,463,100 1,1,1,1,1,1,1,1,1,1,1,1
74,57,11,1065 1,1,1,1
1236 1
257,2940,259,612,4,6,130,327,46,15,44,2744 1,1,1,1,1,1,1,1,1,1,1,1
6,130,14,145,156,5,239 1,1,1,1,1,1,1
74,57,11,213 1,1,1,1
257,2940,259,4947,4,6,214,14,396,5,1763 1,1,1,1,1,1,1,1,1,1,1
214,14,152 1,1,1
1822,280 1,1
257,2940,259,1058,4,6,28,21,15,44,471,7,759,17,233,2346,5,618 1,1,1,1,1,1,1,1,1,1,1,1,1,1,1,1,1,1
1458,329,209,2215,93 1,1,1,1,1
257,2940,259,196,4,6,28,82,196,14,204 1,1,1,1,1,1,1,1,1,1,1
74,57,11,277 1,1,1,1
257,2940,259,273,4,6,273,77,111,11,741,1030 1,1,1,1,1,1,1,1,1,1,1,1
257,2940,259,1808,4,6,28,14,2484 1,1,1,1,1,1,1,1,1
6,28,90,2569,3944 1,1,1,1,1
257,2940,259,154,295,4,149,295,4,364,257,2940,259,769,7138,3,2130,11827,3,333,6913,3,905,2845,257,3003,259,177,4,44,338,239,1458,8191,11,199,937,84 1,1,1,1,1,1,1,1,1,1,1,1,1,1,1,1,1,1,1,1,1,1,1,1,1,1,1,1,1,1,1,1,1,1,1,1,1,1
257,2940,259,1340,4,506,4,364,257,2940,259,506,4,266,155,1053 1,1,1,1,1,1,1,1,1,1,1,1,1,1,1,1
131,93,368,31,52,2955 1,1,1,1,1,1
11,202,7,854 1,1,1,1
257,3003,259,540,4,540,4,540,5,341,1509,3,1240,2448,564 1,1,1,1,1,1,1,1,1,1,1,1,1,1,1
1859,469,157,3777,4856,5,1859,2627,7452,139,660,269,630,6,931 1,1,1,1,1,1,1,1,1,1,1,1,1,1,1
257,3003,259,278,4,278,1066,4,35,7,16996,16997,11,278,1240,20,1382 1,1,1,1,1,1,1,1,1,1,1,1,1,1,1,1,1
257,3003,259,1154,505,5,104,4,1154,12444,4,307,7,885,921 1,1,1,1,1,1,1,1,1,1,1,1,1,1,1
41,343,803,2290,3,1593,1392 1,1,1,1,1,1,1
4100,550,158,553,545,3,2246,174,1363,312,166,3,99,905,6465,2681,3,32053,959,3,706,335,3,382,289,3,1859 1,1,1,1,1,1,1,1,1,1,1,1,1,1,1,1,1,1,1,1,1,1,1,1,1,1,1
257,2940,259,230,12445,4,79 1,1,1,1,1,1,1
265,1496,13,2009,516,5,905,32054,470,41,31,582,545,3374,257,3002,259,16994,262,16995,607,434,7,16998,3150,257,3003,259,30,7,61,328,4,282,4,79,14,17002,719,13,15,30,7,803,3,458,3,545,19,452,5,163,1133,1268,226,7,184 1,1,1,1,1,1,1,1,1,1,1,1,1,1,1,1,1,1,1,1,1,1,1,1,1,1,1,1,1,1,1,1,1,1,1,1,1,1,1,1,1,1,1,1,1,1,1,1,1,1,1,1,1,1,1,1,1
79,258,37,18,21,38,472,307,3,51,537,24,307,21,68,984,159,1023 1,1,1,1,1,1,1,1,1,1,1,1,1,1,1,1,1,1
90,3420,529,3,249,3,263,3,529 1,1,1,1,1,1,1,1,1
258,13,131,739,5,109 1,1,1,1,1,1
11,1297 1,1
79,258,24,8260,34,14,2800,24,13,70,657,5,248,34 1,1,1,1,1,1,1,1,1,1,1,1,1,1
11,741,323,26,837,3,11,1157 1,1,1,1,1,1,1,1
79,258,18,14,49,24,452 1,1,1,1,1,1,1
257,3003,259,102,77,4,207,4,28,14,980,5,410 1,1,1,1,1,1,1,1,1,1,1,1,1
28,14,642,1200 1,1,1,1
28,14,4383,197 1,1,1,1
257,3003,259,3967,4,6,413,14,1172,5,1121 1,1,1,1,1,1,1,1,1,1,1
6,1055,57,877,978,5,1115,10,691 1,1,1,1,1,1,1,1,1
6,1955,762,57,204 1,1,1,1,1
257,3003,259,2802,4,28,82,2065,14,204 1,1,1,1,1,1,1,1,1,1
6,1561,1313,57,1110 1,1,1,1,1
257,3003,259,136,4,6,136,14,332 1,1,1,1,1,1,1,1,1
6,136,21,15,16993,7,759 1,1,1,1,1,1,1
576,32055,257,3003,259,3219,4,377,14676,100,74,57,11,1065 1,1,1,1,1,1,1,1,1,1,1,1,1,1
257,3003,259,612,4,6,130,14,145,156,5,239 1,1,1,1,1,1,1,1,1,1,1,1
6,130,327,46,15,44,2744 1,1,1,1,1,1,1
257,3003,259,4947,4,214,14,152 1,1,1,1,1,1,1,1
280,3,396,3,11,32056,257,3003,259,3441,4,74,14,11,5018,3262,246 1,1,1,1,1,1,1,1,1,1,1,1,1,1,1,1,1
257,3003,259,1058,4,6,28,21,15,44,471,7,759,17,233,2346,5,618 1,1,1,1,1,1,1,1,1,1,1,1,1,1,1,1,1,1
217,634,93,257,3003,259,196,4,6,114,57,617,5,3776,13,232,3183,878 1,1,1,1,1,1,1,1,1,1,1,1,1,1,1,1,1,1
257,3003,259,273,4,6,273,77,111,11,741,1030 1,1,1,1,1,1,1,1,1,1,1,1
330,670,400,5,511,57,204 1,1,1,1,1,1,1
11,2349,3,2151,257,3003,259,1808,4,6,28,14,2484 1,1,1,1,1,1,1,1,1,1,1,1,1
257,3003,259,262,32057,14116,4,262,20,61,405,6,32058,2683,7,6,540,5,376,1442,1382 1,1,1,1,1,1,1,1,1,1,1,1,1,1,1,1,1,1,1,1,1
257,3003,259,1154,505,5,104,4,1154,12444,4,79,14,17002,719,13,403,7,458,3,803,3,545,19,163,1133,3,1268,307 1,1,1,1,1,1,1,1,1,1,1,1,1,1,1,1,1,1,1,1,1,1,1,1,1,1,1,1,1
166,803,3,458,1302,134,905,1953 1,1,1,1,1,1,1,1
41,144,836,3,2015,539,3,506,3,2130,3,32059,7399,3,905 1,1,1,1,1,1,1,1,1,1,1,1,1,1,1
41,745,9472,3,6226,3,32060 1,1,1,1,1,1,1
289 1
162,10,297 1,1,1
41,191,48,241,10,172,17,984,7,545,134,79,31,265,139,516 1,1,1,1,1,1,1,1,1,1,1,1,1,1,1,1
1471,103,898,5,177,82 1,1,1,1,1,1
41,450,17,3604,5,191,17003,35,160 1,1,1,1,1,1,1,1,1
257,3003,259,230,12445,4,79,190,24,307,14,265,139,24,2011,5,1202 1,1,1,1,1,1,1,1,1,1,1,1,1,1,1,1,1
77,265 1,1
905,11379,162,10,297,1109 1,1,1,1,1,1
257,3003,259,505,4,226,7,184,3,803,1302,257,3003,259,2528,198,32061,257,3003,259,2528,198,594,4,6,28,21,1399,17,15,12124,386,5702 1,1,1,1,1,1,1,1,1,1,1,1,1,1,1,1,1,1,1,1,1,1,1,1,1,1,1,1,1,1,1,1,1
28,370,86,4597,7518,7,386,400,158,1133,3,6967,3,5,590,7,2610 1,1,1,1,1,1,1,1,1,1,1,1,1,1,1,1,1
6,341,1992,1255,7,308,386,1623,143,86,5054 1,1,1,1,1,1,1,1,1,1,1
257,3003,259,81,1445,4,50,46,1150,221,5,101,6,28,5,660,6,385,82,101,3,81,5,740,13,6,385,82,607,7,30,3,5,235,6,172,3,104,7,198,5,566,7,6,28,13,6,385 1,1,1,1,1,1,1,1,1,1,1,1,1,1,1,1,1,1,1,1,1,1,1,1,1,1,1,1,1,1,1,1,1,1,1,1,1,1,1,1,1,1,1,1,1,1,1,1
257,3003,259 1,1,1
