69,49,4,27226,343,162,141,99,29,414,4,5143,2,2910,485,4,11019,49,5,95,4,27227,15045,240,4,58,5144,1117,4,58,1999,427,4,58,27228,420,27229,4,58,3637,1868,4,11023,7504,2,5357,384,4,1686,593,238,234,4,287,5143,14,15,1569,200,307,345,13,15,216,120,2,116,2,2553,2,188,2004,2,883,5,225,1063,1440,103,157,1063,1797,174,9111,1686,313,5,682,2149,7,2103,2,853,5,3763 1,1,1,1,1,1,1,1,1,1,1,1,1,1,1,1,1,1,1,1,1,1,1,1,1,1,1,1,1,1,1,1,1,1,1,1,1,1,1,1,1,1,1,1,1,1,1,1,1,1,1,1,1,1,1,1,1,1,1,1,1,1,1,1,4,1,10,1,16,1,1,1,1,1,1,1,1,1,1,1,1,1,1,1,1,1,1,1,1,1,1,1,1,1,1
16,21,136,3668,15,157,2589,10,7621,1063,1878,174,2430,1107,593,5,9014,3408,174,1071,10,6,157,2078 1,1,1,1,1,1,1,1,1,1,1,1,1,1,1,1,1,1,1,1,1,1,1,1
12,1110,7,38,200,16,543,15,525,1878,65,6,157,806,2104,143,10,6,2051,143,5,237,15,157,2860,1209,37,376 1,1,1,1,1,1,1,1,1,1,1,1,1,1,1,1,1,1,1,1,1,1,1,1,1,1,1,1
24,157,2860,21,2182,57,136,237 1,1,1,1,1,1,1,1
16,14,85,103,54,3047,1878,10,955,24,54,1063,1440 1,1,1,1,1,1,1,1,1,1,1,1,1
16,701,58,5144,12,207,100,97,223,27,71,95,593,4104,3881,227,43,4619,593,19,6,52,2,278,19,6,70,16,479,10,50,15,5550,238,27,6,525,1694,7,6,582,1063,593 1,1,1,1,1,1,1,1,1,1,1,1,1,1,1,1,1,1,1,1,1,1,1,1,1,1,1,1,1,1,1,1,1,1,1,1,1,1,1,1,1,1,1
6,268,525,593,19,6,70,2,71,14,6,1107,593,10,6,2051,143,12,6,337,836,861 1,1,1,1,1,1,1,1,1,1,1,1,1,1,1,1,1,1,1,1,1,1
16,88,134,216,3747,2,1642,2,263,34,2,26,1030,864 1,1,1,1,1,1,1,1,1,1,1,1,1,1
16,1305,106,1686,79,17,6,78,102,236 1,1,1,1,1,1,1,1,1,1
24,440,1730,170,19,15,1618,2686,48,84,39,11,1716 1,1,1,1,1,1,1,1,1,1,1,1,1
16,589,19,493,17,593,27230 1,1,1,1,1,1,1
24,97,262,20,8109 1,1,1,1,1
637,4,569,1063,9015,120,883,116,2553,188,777,1085,2516,4,27231,1720,157,2860,13,6310,157,2860,19,27232,27233,157,64,10,2051,143,1878,174,27234,3161,7009,1107,27235,4,1992,5,2078,7,157,2589,2,157,525,3585,1878,15058,5,157,2078,27236,54,27237,3585,54,2589,6020,5,15059,593,10,54,2078,174,8268,3408 1,1,1,1,1,4,1,10,16,1,1,1,1,1,1,1,1,1,1,1,1,1,1,1,1,1,1,1,1,1,1,1,1,1,1,1,1,1,1,1,1,1,1,1,1,1,1,1,1,1,1,1,1,1,1,1,1,1,1,1,1,1,1,1,1,1,1,1,1
15047,15048,3585,174,2430,1107,593,5,9014,3408,15049,1394,1992,15050,8929,5,1395,7,7698,2930,54,1613,832,955,157,2971,162,257,4,161,1828,449,22,25,33,165,2146,2201,22,25,33,186,2798,365,22,25,873,249,2074,397,9,888,8,204,22,25,59,138,613,351,131,486,1629,462,190,405,509,297,1253,459,131,486,1629,183,190,405,283,636,131,135,5658,83,1045,405,509,297,1253,843,131,135,5658,614,1045,405,506,297,2101,1038,11020,9,4698,8,154,22,25,33,1065,556,2461,1380,1062,204,22,25,33,1552,1703,130,22,25,506,1718,1855,397,83,22,25,506,262,97,1009,27238,192,4,9576,75,46,1764,28,484,128,299,4,4091,179,4,295,12,15052,2,6446,13,503 1,1,1,1,1,1,1,1,1,1,1,1,1,1,1,1,1,1,1,1,1,1,1,1,1,1,1,1,1,1,28,1,1,1,1,1,1,1,1,1,1,1,23,1,1,1,1,1,1,1,1,1,1,1,1,1,1,1,1,1,6,6,1,1,1,1,1,1,1,1,6,6,1,1,1,1,1,1,6,1,1,1,1,1,1,1,1,1,6,1,1,1,1,1,1,1,1,1,1,1,1,1,1,1,1,1,1,7,7,7,7,1,1,1,1,1,12,1,1,1,1,1,1,1,1,1,1,1,1,1,1,1,1,1,1,1,1,1,1,1,1,1,1,1,1,1,1,1,1,1,1,1,1
309,4,88,15053,499,4,32,256,2,355,4,88,455,2,270,2,435,2,67,119,3518,2,588,26,5072,3289,2,668,167 14,14,14,1,1,1,1,1,1,1,1,1,1,1,1,1,1,1,1,1,1,1,1,1,1,1,1,1,1
385,4,638,4,276,7635,492,1909,111,54,27239,157,27240,574,980,41,628,57,1019,345,2,436,293,171,11,229,4020,2160,11,1058,226,1398,340,4,133,2,1095,1189,2,1095,2088,1381 1,1,1,1,1,1,1,1,5,5,5,5,5,1,1,1,1,1,1,1,1,1,1,1,1,1,1,1,1,1,1,1,1,1,1,1,1,1,1,1,1,1
217,4,181,14,682,19,225,744 1,1,1,1,1,1,1,1
1686,4,57,2182,1686,2860,28,171,2439,12143,79,243,4,157,15054,1878,296,14,31,4782,4807,4118,3585,967,64,157,171,171,56,11021,11021,54,171,171,56,395,395,7551,4,3200,193,999,4,548,258,4,1060,1571,28,804,27241,908,4,5143,2,2910,2321,4,4078,4326,3104,11019,439,4,1569,3716,4,661,1143,4942,11941,10043,4,5144,2,7851,215,311,4,703,593,3881,30,81,4,2369,581,17,708,4104,593,4,36,1246,4,52,2358,582,36,1063,9,944,475,8,703,966 1,1,1,1,1,1,1,1,1,1,1,1,1,1,1,1,1,1,1,1,1,1,1,1,1,1,1,1,1,1,1,1,1,1,1,1,1,1,1,1,1,1,1,1,1,1,1,1,1,1,1,1,1,1,1,1,1,1,1,1,1,1,1,1,1,1,1,1,1,1,1,1,1,1,1,1,1,1,1,1,1,1,1,1,1,1,1,1,1,1,1,1,1,1,1,1,1,1,1,1,1,1,1,1,1,1
49,4,27242,3541,4,457,4,36,4933,1483,238,56,56,56,56,56,56,36,56,56,56,56,7628,4,27243,717,4,27244,1506,43,27245,4,8952,1659,43,525,4,27246,2983,406,5827,4,27247,1303,43,4422,4,115,584,6,7628,9,6,52,751,2358,582,143,8,14,861 1,1,1,1,1,1,1,1,1,1,1,1,1,1,1,1,1,1,1,1,1,1,1,1,1,1,1,1,1,1,1,1,1,1,1,1,1,1,1,1,1,1,1,1,1,1,1,1,1,1,1,1,1,1,1,1,1,1,1,1,1
6,717,5965,14,4878,861 1,1,1,1,1,1
6,717,2,10012,5,525,593,14,4878,861 1,1,1,1,1,1,1,1,1,1
6,525,5965,9402,12,6,1063,143,9,944,6,475,8,5,2093,15,182,383,12,1344,653,4933,2,14192,13,27248,41,238 1,1,1,1,1,1,1,1,1,1,1,1,1,1,1,1,1,1,1,1,1,1,1,1,1,1,1,1
6,525,3653,9,806,2104,143,8,14,861 1,1,1,1,1,1,1,1,1,1
320,161,861,6,52,751,2358,582,10,1063,143,9,944,6,475,8,1878,13,75,695,28,196,41,238,12,6,525,5965,165,6,10012,525,593,9439,7,8952,36,1200,27249,1208,15,14390,593 1,1,1,1,1,1,1,1,1,1,1,1,1,1,1,1,1,1,1,1,1,1,1,1,1,1,1,1,1,1,1,1,1,1,1,1,1,1,1,1,1,1,1
27250,90,2,118,1118,412,2880,7,43 1,1,1,1,1,1,1,1,1
833,4,12330,174,15,216,116,2,2553,2,120,2,883,5,225,1063,9015,103,54,3047,1878,28,157,1063,1797,5,1687,157,3047,1878,2,157,64,10,2051,1878,5,157,2860,28,279,13,238,7,6,525,15058,7,24,582,1063,593,19,6,70 1,1,1,1,1,1,10,1,16,1,4,1,1,1,1,1,1,1,1,1,1,1,1,1,1,1,1,1,1,1,1,1,1,1,1,1,1,1,1,1,1,1,1,1,1,1,1,1,1,1,1,1,1,1,1
16,40,2110,1992,13,380,1071,7,593,238 1,1,1,1,1,1,1,1,1,1
11022,10,343,27251,5144,15055,8792,117,2279,15056,75,46,3900,28,262,486,434,1222,27252,19,141,1571,28,247,652,2454,5,126,10,838,493,27253,15060,155,580,3881,10,1364,877,1533,285,13,58,27254,1999,2,343,162,1117,5,58,1654,5144,2,343,162,240,4156,11023,7504,5357,15057,343,162 1,1,1,1,1,1,1,1,1,1,1,1,1,1,1,1,1,1,1,1,1,1,1,1,1,1,1,1,1,1,1,1,1,1,1,1,1,1,1,1,1,1,1,1,1,1,1,1,1,1,1,1,1,1,1,1,1,1,1,1,1,1,1,1
