67,54,4,32337,71,355,278,426,773,43,609,5464,10,122,6,28,17,1224,13,355,7,71,324 1,1,1,1,4,1,1,1,1,1,1,1,1,1,1,1,1,1,1,1,1,4,4
18,14,2016,470,402,7,39,30,31,1382,174,306,1146,50,368,299,66,39,67,5,24,491,121,57,13,24 1,1,1,1,1,1,1,1,1,1,1,1,1,1,1,1,1,1,1,1,1,1,1,1,1,1
282,32338,302,522,28,13,15,30,7,71,801,78,840,29,125,87,183 1,1,1,1,1,1,1,1,1,4,1,1,1,1,1,1,1
28,14,343,13,353,5,818,1764,1325,27,163 1,1,1,1,1,1,1,1,1,1,1
169,10,168,28,20,49,348,501,22,2088 1,1,1,1,1,1,17,1,1,1
28,154,63,345,27,163,51,295,874 1,1,1,1,1,1,1,1,1
28,21,32339,38,95,255,7,1292 1,1,1,1,1,1,1,1
79,21,374,1082,3,1383,26,604 1,1,1,1,1,1,1,1
124,438,159,168,4,79,21,15,30,7,32340,155,76,13,862,660,12465,19,163,718,99,58,113,5,706,159,32341,3,1957,110,100,384,938,3,209,715,1873,3,5,110,6979,2500,8393,61,13,170,129,256,307 1,1,1,1,1,1,1,1,1,1,1,1,1,1,1,1,1,1,1,1,1,1,1,1,1,1,1,1,1,1,1,1,1,1,1,1,1,1,1,1,1,1,1,1,1,1,1,1,1
18,258,118,307,159,16065,5,132,21,535,13,88,308 1,1,1,1,1,1,1,1,1,1,1,1,1
18,38,48,34,40,356,113,27,24,2565,32342,163,5,20,172,27,1779 1,1,1,1,1,1,1,1,1,1,1,1,1,1,1,1,1
18,20,514,10,46,494,13,333,279,5,118,805,10,11431,79,20,514,10,52,458,5,14,52,343,13,247,289 1,1,1,1,1,1,1,1,1,1,1,1,1,1,1,1,1,1,1,1,1,1,1,1,1,1,1
20,801,13,11834,13,3906,269,17,16707,5,32343,32344 1,1,1,1,1,1,1,1,1,1,1,1
20,417,19,1433,286,525,1668,10,3850,5,12216,17,320,113,438,9,4519,208,996,8,35,135,1120,2324 1,1,1,1,1,1,1,1,1,1,1,1,1,1,1,1,1,1,1,1,1,1,1,1
361,20,278,17,1084,269,554,5,333,894 1,1,1,1,1,1,1,1,1,1
51,225,6,438,7,124,1216,24,333,20,211,5,554,1084,72,470,361,1493,6266,24,4519,24,14,91,7,411 1,1,1,1,1,1,1,1,1,1,1,1,1,1,1,1,1,1,1,1,1,1,1,1,1,1
79,20,98,514,10,46,5865,545,5,14,19,32345,100,634,72 1,1,1,1,1,1,1,1,1,1,1,1,1,1,1
687,635,13,6350,72 1,1,1,1,1
104,20,10,688,24,10,977,5,503,24,17,2500,186,18,14,91,7,411 1,1,1,1,1,1,1,1,1,1,1,1,1,1,1,1,1,1
51,1974,18,1031,949,1844,342,40,272,32346,5,1344,2016 1,1,1,1,1,1,1,1,1,1,1,1,1
18,20,943,10,6,26,1023,17,3481,2500 1,1,1,1,1,1,1,1,1,1
137,345,355,4,165,1685,1197,27,955,6024 1,1,1,1,56,1,1,1,1,1
372,95,2023,5713,137,1335,4,1198,356,612,993,4,11276,2500,9,1299,174,6979,8,80,39,30,4,106 1,1,1,1,1,1,1,1,1,1,1,1,1,1,1,1,1,1,1,1,1,1,1,7
71,324,4,818,1325,516 4,4,1,1,1,1
1856 15
95,4441,340 1,1,1
2027,155,76,13,862,5273,12465 1,1,1,1,1,1,1
1498,3,715,1873,7,100,194,114,3,2391,798,1157 1,1,1,1,1,1,1,1,1,1,1,1
958 1
16248,3364,9,1505,8,4,32347,12089,80,591,30,4,100,384,938,29,209,1266,7,248,29,70,2150,164,29,100,2538,2017,29,1416 1,1,1,1,1,1,1,1,1,1,1,1,1,1,1,1,1,1,1,1,1,1,1,1,1,1,1,1,1,1
150,30,4,11,150,30,7,212 1,1,1,1,1,1,1,1
206,30,4,30,7,699,157 1,1,1,46,46,46,46
141,1308,87,1711,238,30 46,46,46,46,46,46
6,28,14,15,919,1572,32348,12,3817,5,7175 1,1,1,1,1,1,1,1,1,1,1
245,1272,12,15,919,1993 1,1,1,1,1,1
21,320,727,29,1623,3,245,976,43 1,1,1,1,1,1,1,1,1
127,4,3846,3,2813,3,32349,3,2900,646,2338 1,1,1,1,1,1,1,1,1,1,1
6637,646,2816 1,1,1
39,27,163,4,348,501,22,32350,613,8434,25,16249,218,515,25,7717,203,547,22,25,7717,932,171,22,25,7717,5917,108,22,25,7717,706,799,25,7717,736,125,22,25,7717,962,9,1118,8,125,22,25,7667,1405,9,1986,8,829,22,25,32351,4535,1582,189,25,7667,12466,835,108,22,25,105,579,579,14,72,708,35,55,12,282,26,998 1,1,1,1,17,1,1,1,9,1,1,1,13,1,1,1,11,1,1,1,1,1,1,1,1,1,28,1,1,1,1,1,1,1,1,12,1,1,1,1,1,1,1,1,1,1,1,1,1,1,1,1,1,1,1,1,1,1,1,1,1,1,1,1,1,1,1,1,1,1,1,1,1,1,1,1,1,1
1754,116,4,9,33,8,555,3,9,33,8,2292,5,34,3,9,33,8,140,314,3,9,33,8,140,1001,3,9,329,8,9880,3,1040,3,1653,3,1431,3,994,4,9,33,8,116,858,1040,3,1653,3,1431,3,26,994,412,4,9,33,8,2766,889,3,9,33,8,32352,9,33,8,2430,516,612,4,9,33,8,2915,3,9,33,8,48,34,3,9,33,8,185,148,3,9,33,8,93,3,9,33,8,725,3,9,33,8,418,3,9,33,8,437,19,380,386,4,9,33,8,407,3,9,33,8,263,3,9,329,8,226,7,184 1,1,1,1,1,1,1,1,1,1,1,1,1,1,1,1,1,1,1,1,1,1,1,1,1,1,1,1,1,1,1,1,1,1,1,1,1,1,1,1,1,1,1,1,1,1,1,1,1,1,1,1,1,1,1,1,1,1,1,1,1,1,1,1,1,1,1,1,1,1,1,1,1,1,1,1,1,1,1,1,1,1,1,1,1,1,1,1,1,1,1,1,1,1,1,1,1,1,1,1,1,1,1,1,1,1,1,1,1,1,1,1,1,1,1,1,1,1,1,1,1,1,1,1,1,1,1,1
1583,4,9,33,8,446,3,9,33,8,2161,3,9,33,8,648,3,9,33,8,375,3,9,33,8,300,3,1596,4,9,33,8,2486,1098,3,9,33,8,1968,3,9,33,8,683,196,3,9,33,8,1585,1098,3441,4,9,33,8,1393,1058,4,9,33,8,248,1790,3,9,33,8,762,34,3,9,33,8,618,34,273,4,9,33,8,1242,3,9,33,8,555,3,9,33,8,2313,3,9,33,8,1507,3,9,33,8,837,1185,816,4061,4,9,33,8,494,3,9,33,8,432,147,3,16111,4,9,33,8,277,3,9,33,8,32353,116,1808,4,9,329,8,363,3,9,33,8,1002,314,3,9,33,8,2069,190,2561,816,4887,4,9,33,8,2561,26,4887,116,102,101,207,4,28,14,2016,51,410,5,2072,13,10396,7,24,413 1,1,1,1,1,1,1,1,1,1,1,1,1,1,1,1,1,1,1,1,1,1,1,1,1,1,1,1,1,1,1,1,1,1,1,1,1,1,1,1,1,1,1,1,1,1,1,1,1,1,1,1,1,1,1,1,1,1,1,1,1,1,1,1,1,1,1,1,1,1,1,1,1,1,1,1,1,1,1,1,1,1,1,1,1,1,1,1,1,1,1,1,1,1,1,1,1,1,1,1,1,1,1,1,1,1,1,1,1,1,1,1,1,1,1,1,1,1,1,1,1,1,1,1,1,1,1,1,1,1,1,1,1,1,1,1,1,1,1,1,1,1,1,1,1,1,1,1,1,1,1,1,1,1,1,1,1,1,1,1,1,1,1,1,1,1,1,1,1,1,1,1,1,1
32354,140,4,32355,3928,316,4,292,11123,523,1437,148,32356,227,4,3779,7,1558,1040,275,11,448 1,1,1,1,1,1,1,1,1,1,1,1,1,1,1,1,1,1,1,1,1,1
3779,7,2596,275,232,1959,412,4,1709,3,1124,5,3576,57,44 1,1,1,1,1,1,1,1,1,1,1,1,1,1,1
11,2036 1,1
386,4,192,7,386,2610,275,744,1481,97,157,7,2264,762,5,11,7057,4283,55 1,1,1,1,1,1,1,1,1,1,1,1,1,1,1,1,1,1,1
720,4,304,3,310,409,3,11,213,857,214,4,214,152,3,396,3,11,777,240,3,326,327,31,1718 1,1,1,1,1,1,1,1,1,1,1,1,1,1,1,1,1,1,1,1,1,1,1,1,1
196,4,11,196,277,3,617,5,683,196 1,1,1,1,1,1,1,1,1,1
11,4850,7486 1,1,1
273,101,4,410,5,922,3,1170,233,114,1808,4,775,10,192,114,77,4,11,322,243,3,11,283,3,11,1966 1,1,1,1,1,1,1,1,1,1,1,1,1,1,1,1,1,1,1,1,1,1,1,1,1,1,1
329,975,93 1,1,1
149,295,4,32357,888,32358,32359,1284,32360,349,32361,9,294,8,3,333,10701,9,294,8,192,317,58,151,78,47,383,29,2756,12,6,481,7,32362,32363,1202 1,1,1,1,1,1,1,1,1,1,1,1,1,1,1,1,1,1,1,1,1,1,1,1,1,1,1,1,1,1,1,1,1,1,1,1
1201,71,179,197,10,52,2141,19,348,13,62,398,7,14090,24,1962,20,954,185,315,1042,600,12,476,471,186,468,949,6,124,470,1153,92,14,999,10,1833,348,186,3742,10,530,163,41,160,10,52,172 1,4,1,1,1,1,1,1,17,1,1,1,1,1,1,1,1,1,1,1,1,1,1,1,1,1,1,1,1,1,1,1,1,1,1,1,1,17,1,1,1,1,1,1,1,1,1,1
420,176,86,165,1685,597,5060,47,117 1,1,1,56,1,1,1,1,1
58 1
11618,41,96,40,28,13,360 1,1,1,1,1,1,1
395,1167,11618,9,6418,47,32364,8,134,360,46,88,664 1,1,1,1,1,1,1,1,1,1,1,1,1
