69,49,4,27455,7552,2172,141,72,75,1179,28,289,29,414,4,9020,2,2512,54,512,46,4,27456,49,4,7697,95,4,259,852,494,4,52,475,6766,566,2,103,52,475,6766,2730,5,2929,8841,11039,2809,659,4,30,7,156,360,4,982,292,600,299,32,15101,2849,2,512,2,371,2,116,2,120,2,6594,2,1874,409,15102,2,5,385 1,1,1,1,1,1,1,1,1,1,1,1,1,1,1,1,1,1,1,1,1,1,1,1,1,1,1,1,1,1,1,1,1,1,1,1,1,1,1,1,1,1,1,1,1,1,1,1,1,1,1,1,1,1,1,1,1,1,1,1,1,1,1,1,3,1,10,10,4,1,16,1,1,1,1,1,1,1
18,39,5955,481,2253,146,2,5,110,2007,5,3989,251,13,406,475,34,2,314,566,12,52,475 1,1,1,1,1,1,1,1,1,1,1,1,1,1,1,1,1,1,1,1,1,1,1
18,21,61,1285 1,1,1,1
18,39,52,475,6766,2730,5,2929,8841,11039,7697 1,1,1,1,1,1,1,1,1,1,1
10076,408,4,2278,4,2654,3056,2,27457,3134,6039,4,27458,594,1496,2,7579,7273,1496,2,15103,6381,1496,1610,4,8406,1138,709,4,11,1337,4,2198,35,1800,109,221,34,338,4,9,35,8,541,238,36,103,27459,12,6656 1,1,1,1,1,1,1,1,1,1,1,1,1,1,1,1,1,1,1,1,1,1,1,1,1,1,1,1,1,1,1,1,1,1,1,1,1,1,1,1,1,1,1,1,1,1,1,1,1,1
15104,3852,408,686,17,372,353,1339,2233,15105,2720,5,10768 1,1,1,1,1,1,1,1,1,1,1,1,1
9,51,8,1271,2075,36,634,10,406,512,42,704,12,10577,645,268,134,704,9,15106,8,65,6089,308,227,149,512,9,102,8,103,371,12,6656 1,1,1,1,1,1,1,1,1,1,1,1,1,1,1,1,1,1,1,1,1,1,1,1,1,1,1,1,1,1,3,3,3,3
265,17,44,34,27,6089,308,19,11040 1,1,1,1,1,1,1,1,1
10438,415,215,68,227,43,1608,86,87,3008,26,2892,1608,1113 1,1,1,1,1,1,1,1,1,1,1,1,1,1
453,42,58,4896 1,1,1,1
78,3828,30,4,32,4,103,2849,2502,28,5098,3226,28,15104,3852,408,686,17,372,353,1339,2233,15105,2720,5,10768 1,1,1,1,1,1,1,1,1,1,1,1,1,1,1,1,1,1,1,1,1,1,1,1,1,1
512,4,3483,10,406,42,704,12,10577,645,268,134,704,9,15106,8,65,6089,308,227,149,512,385,27460,19,493,103,371,12,6656 1,1,1,1,1,1,1,1,1,1,1,1,1,1,1,1,1,1,1,1,1,1,1,1,1,1,3,3,3,3
265,17,44,34,27,6089,308,19,11040 1,1,1,1,1,1,1,1,1
10438,415,215,68,227,43,1608,86,87,3008,26,2892,1608,1113 1,1,1,1,1,1,1,1,1,1,1,1,1,1
453,42,58,4896 1,1,1,1
1874,409,76,4,5817,27461,41,2,453,42,58,9758,27,6089,308,12718,120,2,333,425,914,299,7,132,353,668,1196,2,103,876,3550,27462,2824,157,27463,4270,1062,2897,2292,162,140,77,4,211,2,787,2,2480,2,27464,2,771,2,1266,2,889,2,1292,2,577,9593,2,1227,2,495,137,4,2520,2,7299,2,10954,2,3545,2,2335,4224,30,4,11,3963,709,179,30,4,1881,4,51,27465,136,154,292,430,4,88,2053,4,88,163,7,213,4,125,234,73,4,638,4,492,1529,2,27466,2,1993,41,1742,651,224,4,3971,202,4,570,2,725,44,4,745,1977,4,3520,653,417,340,4,31,1189,217,4,57,2346 1,1,1,1,1,1,1,1,1,1,1,1,1,1,1,1,4,1,1,1,1,1,1,1,1,1,1,1,1,1,1,1,1,1,1,1,1,1,1,1,1,1,1,11,1,1,1,1,1,1,1,7,1,12,1,1,1,1,1,1,1,1,1,1,1,1,1,1,1,1,1,1,1,1,1,1,1,1,1,1,1,1,1,1,1,19,19,19,19,19,19,19,1,1,1,1,1,1,1,1,1,1,1,1,1,1,1,1,1,1,1,5,1,1,1,1,1,1,1,1,1,1,1,1,1,1,1,1,1,1,1,1,1,1,1,1,1,1,1,1,1
323,4,15,75,1179,28,985,98,102,2,11,900,359,467,304,966,258,4,27467,649,2185,2,524,3146,9,72,8,206,35,208,2,824,2363,2,689,8228,2,379,1163,2,804,13711,2,1578,2141,206,51,208,2,770,3819,9,72,8,206,35,208,772,2382,4,6294,27468,770,4367,9,72,8,11041,649,2397,2,524,2554,2,824,980,9,54,8,2,689,4936,2,379,723,2,804,8940,2,1578,2744,206,35,208,2,770,2363,15107,335,3240,2,22,27469,22,27470,1157,8375,2,5646,6937,2,10966,8736,9,72,8,2,10967,2277,2,10968,27471,9,72,8,2,7675,2186,2,458,1998,4937,9,54,8,15107,298,3897,2,615,31,346,2,458,773,10,3996,615,5318,2,5855,27472,2,266,4709,1081,2,5855,7028,9,54,8,2,530,31,346,2,665,31,346,2,698,31,15108,298,2687,2,615,14225,9,54,8,2,458,3835,9,54,8,2,266,8837,9,54,8,2,530,1645,2,665,14820,2,698,27473,443,27474,2,666,31,15108,443,15109,2,666,3658,9,72,8,11041,64,5096,9,72,8,2,1046,1571,2,1069,27475,2456,1676,2,3251,90,2,2194,66,2,2676,66,2,2443,66,2,5448,27476,2,2136,66,2,1679,27477,2677,66,2,3034,66,2,2195,66,2,1793,27478,4,27479,4,27480,2037,4,1172,52,719,496,14,43 1,1,1,1,1,1,1,1,1,1,1,1,1,1,1,1,1,1,1,1,1,1,1,1,1,1,1,1,1,1,1,1,1,1,1,1,1,1,1,1,1,1,1,1,1,1,1,1,1,1,1,1,1,1,1,1,1,1,1,1,1,1,1,1,1,1,1,1,1,1,1,1,1,1,1,1,1,1,1,1,1,1,1,1,1,1,1,1,1,1,1,1,1,1,1,1,1,1,1,1,1,1,1,1,1,1,1,1,1,1,1,1,1,1,1,1,1,1,1,1,1,1,1,1,1,1,1,1,1,1,1,1,1,1,1,1,1,1,1,1,1,1,1,1,1,1,1,1,1,1,1,1,1,1,1,1,1,1,1,1,1,1,1,1,1,1,1,1,1,1,1,1,1,1,1,1,1,1,1,1,1,1,1,1,1,1,1,1,1,1,1,1,1,1,1,1,1,1,1,1,1,1,1,1,1,1,1,1,1,1,1,1,1,1,1,1,1,1,1,1,1,1,1,1,1,1,1,1,1,1,1,1,1,1,1,1,1,1,1,1,1,1,1,1,1,1,1,1,1,1,1,1,1,1,1,1,1,1,1,1,1,1,1,1,1,1,1,1,1,1,1,1,1,1,1
6,2124,872,1177,14,10525,41 1,1,1,1,1,1,1
68,53,11,3264,816,721,1113 1,1,1,1,1,1,1
6,541,676,479,10,55,15,57,3599,8757,676,13,43,496,9,1250,675,27481,27482,42,979,69,8 1,1,1,1,1,1,1,1,1,1,1,1,1,1,1,1,1,1,1,1,1,1,1
6,1344,7315,541,676,4933,14,27483,7392 1,1,1,1,1,1,1,1,1
6,1344,27484,541,676,4338,14,10448,2142 1,1,1,1,1,1,1,1,1
6,3979,541,676,4338,14,10909,2142 1,1,1,1,1,1,1,1
68,14,13614,541,776 1,1,1,1,1
1271,676,4,6,1271,676,14,829,2256,3855 1,1,1,1,1,1,1,1,1,1
68,14,634,10,406,1271,2075,13,15,1824,27485,4,44,51,10482,4,11041,27486,226,4,6,409,4520,53,252,5,1248,3939,5,27487,17,1994 1,1,1,1,1,1,1,1,1,1,1,1,1,1,1,1,1,1,1,1,1,1,1,1,1,1,1,1,1,1,1,1
68,14,5275,7,6,9968,2,71,519,2264,214,149,1874,79 1,1,1,1,1,1,1,1,1,1,1,1,1,1
68,14,11,900,662,2980,2557,10,1208,796 1,1,1,1,1,1,1,1,1,1
7310,4,68,14,11,1079,1205,26,3927 1,1,1,1,1,1,1,1,1
118,5,4236,4,6,91,5316,14,667,43,1238,12,1118 1,1,1,1,1,1,1,1,1,1,1,1,1
541,676,6766,14,166 1,1,1,1,1
5038,4,68,53,149,1715,142,7,6,4043,4615 1,1,1,1,1,1,1,1,1,1,1
1641,14,166,12,6,300,65,158,746 1,1,1,1,1,1,1,1,1
320,4,380,214,149,1874,79 1,1,1,1,1,1,1
11,160,7,900,796 1,1,1,1,1
242,5,114,4,982,292,600,299,32,15101,2849,2,512,2,371,2,116,2,120,2,6594,2,1874,409,15102,2,5,385 1,1,1,1,1,1,1,1,1,1,1,1,1,1,3,1,10,10,4,1,16,1,1,1,1,1,1,1
2,314,566,12,52,475 1,1,1,1,1,1
103,52,475,6766,2730,5,2929,8841,11039,323,4,34,425,13,1640,9122,623,4,222,31,3153,771,80 1,1,1,1,1,1,1,1,1,1,1,1,1,1,1,1,1,1,1,1,1,7,1
707,111 1,1
881,501,219,138,17,111,3115 1,7,1,1,1,1,1
2296,771,1775 1,7,1
2215,4,27488,2,126,3183,522,138 1,1,1,1,1,1,1,1
1454,5130,75,695,28,2040,41,132,4,707,7579 1,1,1,1,1,1,1,1,1,1,1
2581,75,695,28,684,27489 1,1,1,1,1,1
18,39,298,12,1986,1311 1,1,1,1,1,1
1729,1311,110 1,1,1
339,4,3966,27490,32,1620 1,1,1,1,1,1
1070,4,707,298,2,126,6026,2870,4,707,7750,848,12,221,258 1,1,1,1,1,1,1,1,1,1,1,1,1,1,1
2244,4,707,3714,65,52,475 1,1,1,1,1,1,1
356,801 1,1
1454,458,75,695,28,1038,2296,493,3115 1,1,1,1,1,1,1,1,1
27491,4,8330,105,524,204,5644,1353,4,1742,996,4,886,468 1,1,1,1,1,1,1,1,1,1,1,1,1,1
1610,4,8406,27492,27493,4,6724,2,6868,2,933 1,1,1,1,1,1,1,1,1,1,1
715,139,4,275,3018,27494,10483,2,195,916,427,2,7552,6574,705,46,27495 1,1,1,1,1,1,1,1,1,1,1,1,1,1,1,1,1
