67,54,4,32435,230,273,278,55,1663,5326,3,2266,85,7,77,4,32436,272,28,4,5572,3,3246,542,4,17087,426,4,59,303,837,282,4,447,379,428,13,15,30,7,187,2115,3,187,2238,419,121,61,13,59,303,837 1,1,1,1,1,1,1,1,1,1,1,1,1,1,1,1,1,1,1,1,1,1,1,1,1,1,1,1,1,1,1,1,1,1,1,1,1,1,1,1,1,1,1,1,1,1,1,1,1,1,1,1
28,20,983,19,24,6346,40,495,1226,9384,272,186,18,1196,10,46,59,303,837 1,1,1,1,1,1,1,1,1,1,1,1,1,1,1,1,1,1,1
18,417,1377,92,20,66,4812,19,24,303,51,92,242,31,265,186,18,1170 1,1,1,1,1,1,1,1,1,1,1,1,1,1,1,1,1,1
18,98,55,37,92,20,31,12,88,1409,1093,1950 1,1,1,1,1,1,1,1,1,1,1,1
7846,66,40,1030,3,18,90,88,6263,3,3216,3,616,3,3081,889,3,1114,2349,3,323,3,26,3985 1,1,1,1,1,1,1,1,1,1,1,1,1,1,1,1,1,1,1,1,1,1,1,1
24,116,828,17,223,625,552,5,286,2270,538 1,1,1,1,1,1,1,1,1,1,1
7,55,3,18,21,128,1486,53,518,323,66,24,169,187,2115,419,5,128,2064,483,66,24,2238,419 1,1,1,1,1,1,1,1,1,1,1,1,1,1,1,1,1,1,1,1,1,1,1,1
39,30,187,2115,419,4,17088,187,2238,419,4,9015,1498,110,100,384,938,812,3,209,361,432,13,494,142,5105,931,1157,127,4,790,39,4,274,4072,6320,4543,736,1118,950,512,1054,752,150,30,874,3,5457 1,1,1,1,1,1,1,1,1,1,1,1,1,1,1,1,1,1,1,1,1,1,1,1,7,15,1,1,1,1,1,1,1,9,1,1,1,12,1,1,1,1,1,1,1,1,1,1
206,30,90,238,3,485 1,1,14,14,1,1
245,1272,5,582,24,2133,2765 1,1,1,1,1,1,1
102,77,316,4,1207,4,2833,523,4,1000,148,4,32437,716,4,581,718,880,4,853,42,3,658,352,4,1010,4,814,4,410,3,999,3064,3,44,1246 1,1,1,1,1,1,1,1,1,1,1,1,1,1,1,1,1,1,1,1,1,1,1,1,1,1,1,1,1,1,1,1,1,1,1,1
642,4,296,9,10,414,3,469,3,54,5,87,8 1,1,1,1,1,1,1,1,1,1,1,1,1
2067,4,414,129,3854,2593 1,1,1,1,1,1
7538,4,2232,968,9,15919,26,8568,8,3731,1861,925,4,50,4,31,154 1,1,1,1,1,1,1,1,1,1,1,1,1,1,1,1,1
645,3,1016,4,6882 1,1,1,1,1
863,210,643,78,47,1947,29,58,643 1,1,1,1,1,1,1,1,1
1016,3,247,3,4131,4,665,13,44,2498,17055,5,14006,9619 1,1,1,1,1,1,1,1,1,1,1,1,1,1
11,758,2562,7,4315,3,1866,9,26,3009,8,3,26,2652 1,1,1,1,1,1,1,1,1,1,1,1,1,1
1637,4,511,204,10,986,3725,4,473,5,194,1316,675,97,323 1,1,1,1,1,1,1,1,1,1,1,1,1,1,1
4496,4,841,951,502,877,5,100 1,1,1,1,1,1,1,1
3746,3,123,4,2222,44,9,78,47,2164,29,3619,3,11073,3,1743,78,47,2139,29,8 1,1,1,1,1,1,1,1,1,1,1,1,1,1,1,1,1,1,1,1,1
2525,185,675 1,1,1
3242,4,4620,5,6971,13,296,5,675,628 1,1,1,1,1,1,1,1,1,1
2005,4,1439,3155,1017,97,2674,26,4132 1,1,1,1,1,1,1,1,1
670,4,44,2526,5,1256,29,11,2947,2350 1,1,1,1,1,1,1,1,1,1
6455,3484,527,3558,119,32438,4536,4440,6994,7683,5593,10033,6295,3861,4360,32439,7684,5439,7685,5260,6636,3393,3718,304,187,108,108,108,108,108,108,108,108,108,108,108,108,59,3409,3409,3409,3409,3409,3409,3409,3409,3409,3409,3409,3409,4351,4,1404,10,2959,3,951,1653,951,204 1,1,1,1,1,1,1,1,1,1,1,1,1,1,1,1,1,1,1,1,1,1,1,1,1,1,1,1,1,1,1,1,1,1,1,1,1,1,1,1,1,1,1,1,1,1,1,1,1,1,1,1,1,1,1,1,1,1,1,1
1056,4,3484,527,4984,5976,5594,415,3861,4360,3861,3393,304,187,58,58,58,58,58,467,59,58,58,58,58,58,467,3894,4,986,204,783 1,1,1,1,1,1,1,1,1,1,1,1,1,1,1,1,1,1,1,1,1,1,1,1,1,1,1,1,1,1,1,1
700,4,44,700 1,1,1,1
3243,269,9,8783,5,5361,2317,19,859,8,149,4,430,456,2451,9,1305,8,351,430,663,2750,9,1276,8,351,430,835,2616,9,1310,8,351,430,1072,1658,4855,9,1450,8,351,430,1568,2548,539,9,3567,8,351,512,2714,9,1478,8,219,1555,2078,9,1659,8,219,1184,2557,9,1660,8,1556,430,1800,2061,1469,9,1311,8,219,430,347,12225,9,3709,8,219,1680,335,3220,430,345,2616,9,1359,8,219,1258,1259,1956,72,9,193,8,2418,72,9,193,8,349,4760,9,1312,8,524,333,3627,59,9,2437,8,42,560,5644,59,9,2531,8,1451,734,32440,59,9,2615,8,1785,536,11720,9,3842,8,1381,653,1183,9,1360,8,1227,786,9553,9,1479,8,1588,823,4414,9,1480,8,654,795,5655,83,9,1424,8,42,1737,79,4047,9,10744,8,1060,1737,1074,1492,1737,2206,6788,9,10745,8,1060,1257,1125,1277,1542,1476,83,9,1739,8,42,577,1173,59,9,1786,8,42,847,320,9,1740,8,42,830,210,9,1832,8,42,864,519,9,1691,8,42,714,1209,32441,9,2240,8,524,714,577,6623,9,2241,8,524,714,847,5699,9,4839,8,9426,714,830,5651,9,2242,8,524,714,864,2873,9,2278,8,524,1661,200,9,200,8,1577,200,9,200,8,2360,200,9,200,8,2096,200,9,200,8,10605,4,176,2631,6460,4490,7,5980,5697,37,57,31,60,172,19,16583,26,32442,689,3,12,6,70,17089,1876,4565,1950 1,1,1,1,1,1,1,1,1,1,1,1,1,1,1,1,1,1,1,1,1,1,1,1,1,1,1,1,1,1,1,1,1,1,1,1,1,1,1,1,1,1,1,1,1,1,1,1,1,1,1,1,1,1,1,1,1,1,1,1,1,1,1,1,1,1,1,1,1,1,1,1,1,1,1,1,1,1,1,1,1,1,1,1,1,1,1,1,1,1,1,1,1,1,1,1,1,1,1,1,1,1,1,1,1,1,1,1,1,1,1,1,1,1,1,1,1,1,1,1,1,1,1,1,1,1,1,1,1,1,1,1,1,1,1,1,1,1,1,1,1,1,1,1,1,1,1,1,1,1,1,1,1,1,1,1,1,1,1,1,1,1,1,1,1,1,1,1,1,1,1,1,1,1,1,1,1,1,1,1,1,1,1,1,1,1,1,1,1,1,1,1,1,1,1,1,1,1,1,1,1,1,1,1,1,1,1,1,1,1,1,1,1,1,1,1,1,1,1,1,1,1,1,1,1,1,1,1,1,1,1,1,1,1,1,1,1,1,1,1,1,1,1,1,1,1,1,1,1,1,1,1,1,1,1,1,1,1,1,1,1,1,1,1,1,1,1,1,1,1,1,1,1,1,1,1,1,1,1,1,1,1,1,1,1,1,1,1,1,1,1,1,1,1,1,1
138,6,1780,7,2137,448,3,571,372,166,1282,3852,490,3,13,284,3852,19,209,70,789,3634,4738,490 1,1,1,1,1,1,1,1,1,1,1,1,1,1,1,1,1,1,1,1,1,1,1,1
178,202,7,169,70,2115,1961,490,5,209,381,884,937,76 1,1,1,1,1,1,1,1,1,1,1,1,1,1
195,11,1607,173,260,7,6,15847,26,2244,3478 1,1,1,1,1,1,1,1,1,1,1
192,78,1071,29,104,447,379,428,13,15,30,7,419,3,142,121,61,13,59,303,837 1,1,1,1,1,1,1,1,1,1,1,1,1,1,7,1,1,1,1,1,1
477,24,1030,197,10,46,538,3,4792,3238,419,3,18,91,21,311,6460,4490,7,5980,5697,37,237,52,543,13,199,419 1,1,1,1,1,1,1,1,1,1,1,1,1,1,1,1,1,1,1,1,1,1,1,1,1,1,1,1
571,419,57,12,6,4020,1177,5,27,6,15365,1177,7,6,17089,5,470,550,1282,394,574,5,789,3478,3563 1,1,1,1,1,1,1,1,1,1,1,1,1,1,1,1,1,1,1,1,1,1,1,1,1
138,37,24,216,120,57,422,91,3,24,130,26,5389,208,52,284,1085,7,3908 1,1,1,1,1,1,1,1,1,1,1,1,1,1,1,1,1,1,1
33,21,38,419,1168,12,6,80,37,21,68,6244,33,237,1255,66,15,390,1132,10,192,17,88,301,3118,26,32443,33,237,98,1255,66,390,2612,10,192,17,1923,585,831,33,162,10,281,297,594,3042,2661,1729,10427,3,32444,230,278,710,32445,28,235,13,2272,385,64,11164,121,740,13,6,104 1,1,1,1,1,1,1,1,1,1,1,1,1,1,1,1,1,1,1,1,1,1,1,1,1,1,1,1,1,1,1,1,1,1,1,1,1,1,1,1,1,1,1,1,1,1,1,1,1,1,1,1,1,1,1,1,1,1,1,1,1,1,1,1,1,1,1,1
