67,54,4,32446,4004,281,297,281,168,55,28,414,4,5572,3,3246,542,4,17087,54,7,168,4,32447,262,4,7395,162,281,4,12296,2917,1085,7,30,4,28,3,32448,940,426,4,307,282,4,447,379,428,13,15,30,7,187,2115,3,187,2238,419,3,1524,3,1510,813,2025,3,2782,3,5,95,7010,1647,5,7011,2598,1647,9,27,6695,32449,8,137,650,7,1557,517,7,24,95,432 1,1,1,1,1,1,1,1,1,1,1,1,1,1,1,1,1,1,1,1,1,1,1,1,1,1,1,1,1,1,1,1,1,1,1,1,1,1,1,1,1,1,1,1,1,1,1,1,1,1,1,1,1,1,1,1,1,1,1,1,1,1,1,1,1,1,1,1,1,1,1,1,1,1,1,1,1,1,1,1,1,1,1,1,1,1,1,1,1
79,146,1719,788,7,307,40,272 1,1,1,1,1,1,1,1
31,424,13,88,174,116 1,1,1,1,1,1
15,14248,121,20,27,24,163,27,6,85,454,1766,121,1343,79,10,124 1,1,1,1,1,1,1,1,1,1,1,1,1,1,1,1,1
4189,3764,18,387,300,5,38,36,255,7,17090,3032 1,1,1,1,1,1,1,1,1,1,1,1
376,3,18,90,529,3,263,3,249,3,459,3,291,34,3,300,3,375,9,174,306,6,255,12,6,1127,8,3,84,12,7500,1215 1,1,1,1,1,1,1,1,1,1,1,1,1,1,1,1,1,1,1,1,1,1,1,1,1,1,1,1,1,1,1,1
11,1302,26,4042,116 1,1,1,1,1
7,55,3,18,21,128,1486,53,518,323,66,24,169,187,2115,419,5,128,2064,483,66,24,2238,419 1,1,1,1,1,1,1,1,1,1,1,1,1,1,1,1,1,1,1,1,1,1,1,1
12,6,230,6,28,20,5099,13,880,12,6,266,3258,5,469,19,1133,43,965,5169,13,265,880,19,3180,10,6,794,3184 1,1,1,1,1,1,1,1,1,1,1,1,1,1,1,1,1,1,1,1,1,1,1,1,1,1,1,1,1
286,20,449,10,52,2843,10,702,737,13,880,464,12,6,794,3184 1,1,1,1,1,1,1,1,1,1,1,1,1,1,1,1
18,98,20,2254,10,6,3184,13,4084,10,6,13792,13,175,255,7,148,10,1273,589 1,1,1,1,1,1,1,1,1,1,1,1,1,1,1,1,1,1,1,1
18,2072,60,10,633,13,1467,12,6,230,5,265,4084 1,1,1,1,1,1,1,1,1,1,1,1,1
241,111,211,7010,5,7011,2598,1647,3,11,202,7,971,26,1510,2025,3,5,11,202,7,545 1,1,1,1,1,1,1,1,1,1,1,1,1,1,1,1,1,1,1,1,1,1
506,20,91 1,1,1
7,55,3,96,24,124,27,3982,12,1102,2266,17,1524,834,18,20,514,10,46,15,381,2782,5,1510,813,2025,3,18,20,126,19,452 1,1,1,1,1,1,1,1,1,1,1,1,1,1,1,1,1,1,1,1,1,1,1,1,1,1,1,1,1,1,1,1
313,3,6,28,20,95,162,10,6695,13,7011,2598,5,7010,1647 1,1,1,1,1,1,1,1,1,1,1,1,1,1,1
135,6,28,3,18,370,615,1034,4104,74 1,1,1,1,1,1,1,1,1,1
18,98,370,6726,5,752,592,10,1911,24,452 1,1,1,1,1,1,1,1,1,1,1
405,24,124,18,20,12,6,3716,17,1440,5,1267 1,1,1,1,1,1,1,1,1,1,1,1
62,3343,4198,20,469,417,51,866,982,78,47,966,29,487,19,32450 1,1,1,1,1,1,1,1,1,1,1,1,1,1,1,1
18,20,261,650,7,1557 1,1,1,1,1,1
3722,4,187,2115,419,4,17088,187,2238,419,4,9015,1498,110,100,384,938,812,3,209,361,432,13,494,142,5105,931,1157,367,1510,813,2025,7011,2598,32451,1647,39,19,168,4,1118,171,22,25,105,274,1211,22,25,105,736,171,22,25,909,421,2326,1547,7377,22,25,267,85,15,65,127,4,790,2555,4,874,3,5457 1,1,1,1,1,1,1,1,1,1,1,1,1,1,1,1,1,1,1,1,1,1,1,1,7,15,1,1,1,1,1,1,1,1,1,1,1,1,1,1,1,1,1,1,1,9,1,1,1,1,12,1,1,1,1,1,1,1,1,1,1,1,1,1,1,1,1,1,1,1,1,1,1
206,30,245,19,24,2133,12,2637,4010,4449 1,1,1,1,1,1,1,1,1,1
582,233,2765 1,1,1
90,485,3,4454,1221,1095,32452,7108,991,3,334,125,991,183 1,1,1,1,5,5,5,5,5,5,5,5,5,5
81,7,182,4,35,135,282,3,376,72,12,233,402 1,1,1,1,1,1,1,1,1,1,1,1,1
102,77,4,316,4,292,32453,523,447,148,32454,716,1245,3298,853,42,1467,1929,207,4,2274,3,2356,522,480,196,4,11,277,227,4,1806,3,1124,797,3,44,1709 1,1,1,1,1,1,1,1,1,1,1,1,1,1,1,1,1,1,1,1,1,1,1,1,1,1,1,1,1,1,1,1,1,1,1,1,1,1
683,1561,1313,3,11,32455,243 1,1,1,1,1,1,1
48,4,91,10,463,1069,3,11,407,26,1116,644,4,455 1,1,1,1,1,1,1,1,1,1,1,1,1,1
44,304,3,310 1,1,1,1
11,1099 1,1
362,4,152,3,979,3,2045 1,1,1,1,1,1,1
32456,632,240,166,3671,19,70,214,27,7011 1,1,1,1,1,1,1,1,1,1
1169,246,3,9633 1,1,1,1
531,4,617,3,3776,3,11,743,3,750,3,93 1,1,1,1,1,1,1,1,1,1,1,1
11,777,1850,3,193,5818,78,47,966,29,73,205,1069 1,1,1,1,1,1,1,1,1,1,1,1,1
352,4,410,3,642,123,195,15962,204,708,17,416,53,1114,2349,5,131,2224,7,942 1,1,1,1,1,1,1,1,1,1,1,1,1,1,1,1,1,1,1,1
832,4,1006,628,27,2363,5,634,100,708,17,244,416,377,12,53,73,4,204,10,986,1069 1,1,1,1,1,1,1,1,1,1,1,1,1,1,1,1,1,1,1,1,1,1
457,4,639,149,4,2015,409,3,399,3104,4461,1932,17014,32457,836,3453,78,840,29,13185,78,986,29,9857,905,1293,3,1067,12398,2083,8611,3,1941,8418,1228,4,2680,856,3,2532,1413,3,3759,364,1666,1077,1293,3,1791,1701,904,4,924,1458,447,1815,3,409,1090,3,409,694,3,11,202,1394,26,325,3,886,66,169,32458 1,1,1,1,1,1,1,1,1,1,1,1,1,1,1,1,1,1,1,1,1,1,1,1,1,1,1,1,1,1,1,1,1,1,1,1,1,1,1,1,1,1,1,1,1,1,1,1,1,1,1,1,1,1,1,1,1,1,1,1,1,1,1,1,1,1,1,1,1,1,1,1,1
32459,4,35,55,270,192,78,1071,29,104,447,379,428,13,15,30,7,187,2115,3,187,2238,419,3,1524,3,1510,813,2025,3,2782,3,5,95,7010,1647,5,7011,2598,1647,9,27,6695,32460,8,137,650,7,1557,517,7,24,95,432 1,1,1,1,1,1,1,1,1,1,1,1,1,1,1,1,1,1,1,1,1,1,1,1,1,1,1,1,1,1,1,1,1,1,1,1,1,1,1,1,1,1,1,1,1,1,1,1,1,1,1,1,1,1
79,146,1719,788,7,307,27,427,40,272 1,1,1,1,1,1,1,1,1,1
47,47,307,4,885,921 1,1,1,1,1,1
241,545,72,313,138,30,7,284,1510,813,2025,3,365,479,12,481,7,52,650,7,1557,12,6,481,7,7010,5,7011,2598,1647 1,1,1,1,1,1,1,1,1,1,1,1,1,1,1,1,1,1,1,1,1,1,1,1,1,1,1,1,1,1
313,3,138,24,1435,2590,12,6,230,13,2011,5,1133,5,866,2843,10,702,737,3,74,14,194,479,17,15,545 1,1,1,1,1,1,1,1,1,1,1,1,1,1,1,1,1,1,1,1,1,1,1,1,1,1,1
30,7,1510,813,2025,14,885,5,31,2672,689,19,241,89 1,1,1,1,1,1,1,1,1,1,1,1,1,1
2298,450,307,32461,167,5716,32462,13,241,16167,10,192,11366,7,32463,4198,3212,6695,67,47,47,185,17091,4,344,175,255,3803,4189,3764,13,1766 1,1,1,1,1,1,1,1,1,1,1,1,1,1,1,1,1,1,1,1,1,1,1,1,1,1,1,1,1,1,1,1
137,11,300,3,703,77,3,409,349 1,1,1,1,1,1,1,1,1
16704,13,367,989,1158,5244,51,11,202,7,1158,16797,2085,17,172,7,1419,76,5716,284,1086,1440,5,937,1373,7,3333,405,95,168,13,199,63,314 1,1,1,1,1,1,1,1,1,1,1,1,1,1,1,1,1,1,1,1,1,1,1,1,1,1,1,1,1,1,1,1,1,1
47,47,103,4,86,163,274,3,32464 1,1,1,1,1,1,9,1,1
1335,4,1198,401,192,7,3413,2085,247,633,4,4712,78,47,3472,29,1909,32465,2541,27,2217,6007,2665,4,361,4,1118,971,4,659,1557,12,481,7,7010,1647,326,4,950,167,726,161,4,296,3,235,13,28,566,4,401,2351,307,5,192,7,185,17091,2929,12296,2917,3,229,3,3485,710,32466 1,1,1,1,1,1,1,1,1,1,1,1,1,1,1,1,1,1,1,1,1,1,1,1,1,1,1,1,1,1,1,1,1,1,1,1,1,1,1,1,1,1,1,1,1,1,1,1,1,1,1,1,1,1,1,1,1,1,1,1,1,1,1,1,1,1,1
