69,49,4,12494,4785,2,3790,15110,15113,27515,15114,2,96 1,1,1,1,1,1,1,1,1,1,1,1,1
27516,15115,2018,2829,8426,5970,2,2343,27517,10,58,15114,4,47,701,3790,4785,12,562,308,13,58,2863,10301,19,15113 1,1,1,1,1,1,1,1,1,1,1,1,1,1,1,1,1,1,1,1,1,1,1,1,1,1
3790,4785,14,15,214,779,4857,407,104,20,288,265,10,6,9714,1695,144,12,859,1415,2134,13,15,70,2528,2453,551,4795,1737,42,11042,5,52,912,394 1,1,1,1,1,1,1,1,1,1,1,1,1,1,1,1,1,1,1,1,1,1,1,1,1,1,1,1,1,1,1,1,1,1,1
6366,2,23,115,50,110,660,5,18,14,168,10,23,135,2874 1,1,1,1,1,1,1,1,1,1,1,1,1,1,1
92,4836,37,18,21,85,39,498,2753 1,1,1,1,1,1,1,1,1
12,1326,3455,2,18,20,6919,15,2574,5559,5,1487,63,691,7,23,1319,514,15,806,3416,2619,1484,32,57,32,15,1450,7,1638,6953,5702,1484 1,1,1,1,1,1,1,1,1,1,1,1,1,1,1,1,1,1,1,1,1,1,1,1,1,1,1,1,1,1,1,1,1
18,3698,460,316,2695,979,2192 1,1,1,1,1,1,1
18,20,2015,100,12,6,9714,1695,144,5,39,15,3300,2,71,1164,43,399,212,13,3037,4093,316,2,63,1134,2,71,20,1547,32,2866,43,13,6,3693,7,15,318,4337,1641,11044,708,3925,15,861,4178,4772,2,63,691,7,23,392,71,1164,6,1484,5,1959,5655,76,2,32,57,32,15,205,1992,7,23,392,5,112,1469,2,71,1164,149,10227,17,6,373,1756,13,15,52,378,293,143,238,37,20,553,271,196,41 1,1,1,1,1,1,1,1,1,1,1,1,1,1,1,1,1,1,1,1,1,1,1,1,1,1,1,1,1,1,1,1,1,1,1,1,1,1,1,1,1,1,1,1,1,1,1,1,1,1,1,1,1,1,1,1,1,1,1,1,1,1,1,1,1,1,1,1,1,1,1,1,1,1,1,1,1,1,1,1,1,1,1,1,1,1,1,1,1,1,1,1,1,1,1,1,1
18,14,926,10,1089,80,17,63,3764,32,10,1550,10,4010,6,380,861,4178,4772 1,1,1,1,1,1,1,1,1,1,1,1,1,1,1,1,1,1,1
38,4541,21,578,39,91,167,355 1,1,1,1,1,1,1,1
68,14,11,30,7,777,1085,2,164,143,76,26,1101,118,353 1,1,1,1,1,1,1,1,1,1,1,1,1,1,1
18,113,31,433,939,44,422,9,44,34,26,255,7,194,8,5,21,11,30,7,892,26,4423 1,1,1,1,1,1,1,1,1,1,1,1,1,1,1,1,1,1,1,1,1,1,1
18,21,11,30,7,702,2,655,26,79 1,1,1,1,1,1,1,1,1,1
18,836,1701,529,1170,23,11045,672 1,1,1,1,1,1,1,1
18,6006,260,37,18,14,382,10,974,363,4382,86,572,5,578,21,87,939,44,1861,26,255,7,194 1,1,1,1,1,1,1,1,1,1,1,1,1,1,1,1,1,1,1,1,1,1,1,1
8261,2,18,113,31,50,756 1,1,1,1,1,1,1
3339,15116,14,355,483,7328,17,23,1054,2533,13,2115,5,8480 1,1,1,1,1,1,1,1,1,1,1,1,1,1
18,88,2533,13,2366,26,339,588,288 1,1,1,1,1,1,1,1,1
78,89,30,4,161,551 1,1,1,1,1,1
710,27518,1638,6953,551 1,1,1,1,1
842,2619,551,12,1326,2134,13,1687,11045,672 1,1,1,1,1,1,1,1,1,1
1050,70,2528,551,13,52,912,394,12,1415,2134 1,1,1,1,1,1,1,1,1,1,1
165,127,186,1899 1,10,1,16
249,131,15117,351,7944,9,27519,7886,119,107,17,647,130,159,2,706,647,579,159,146,8 1,1,1,1,8,8,8,8,8,8,8,8,8,8,8,8,8,8,8,8,8
459,380,861,4178,4772 1,1,1,1,1
636,1715,757,27520 1,1,1,1
710,139,225,488,475,1181,12,7935,842,2338,1002,27521,832 1,1,1,1,1,1,1,1,1,1,1,1,1
1050,139,304,339,588,9,13270,576,10,6729,8,843,1665 1,1,1,1,1,1,1,1,1,1,1,1,1
1038,876,1196 1,1,1
68,14,11,30,7,150,91,167 1,1,1,1,1,1,1,1
68,14,11,30,7,580,9915,76 1,1,1,1,1,1,1,1
38,4541,21,31,39,2462,81 1,1,1,1,1,1,1
137,4,18,21,11,334,624,137 1,1,1,1,1,1,1,1
231,89,364,4,161,4579,27522,327 1,1,1,1,1,1,1,1
1190 1
165,933,105,22,327 1,1,1,1,1
82 1
186,4476,244,22,82 1,1,1,1,1
249,635,130,22,327 1,12,1,1,1
82 1
351,230,1247,22,327 1,7,1,1,1
82 1
459,2173,546,22,866,223 1,1,1,1,1,1
636,4690,35,347,82 1,1,1,1,1
843,11046,2436,22,82 1,1,1,1,1
128,30,4,3790,4785,14,5399,5,113,31,871,214,573,173,23,6697,3951 1,1,1,1,1,1,1,1,1,1,1,1,1,1,1,1,1
18,4026,37,23,6697,603,2931,15,551,27,106,845,2,48,319,31,7240,17,8427,1550,307,16,20 1,1,1,1,1,1,1,1,1,1,1,1,1,1,1,1,1,1,1,1,1,1,1
179,30,4,38,407,14,1616 1,1,1,1,1,1,1
18,14,15,994,9184 1,1,1,1,1
18,14,63,7944,9,268,271,130,1854,159,8,2,48,113,31,1656,182,9371,7,554 1,1,1,8,1,1,1,1,1,1,1,1,1,1,1,1,1,1,1,1
18,21,11,150,30,7,2474,1240 1,1,1,1,1,1,1,1
163,7,213,4,3339,15116,14,318,17,2533,13,2115,37,53,188,5,2742 1,1,1,1,1,1,1,1,1,1,1,1,1,1,1,1,1
18,21,11,150,280,115 1,1,1,1,1,1
68,14,11,134,339,588 1,1,1,1,1,1
18,21,2533,13,876,1196,32,57 1,1,1,1,1,1,1,1
19,93,122,80,2,23,118,145,14,1987,2351,119,1409,5,135,5,23,67,94,14,27523,12,6,70,349,5,15118,12,6,52,349 1,1,1,1,1,1,1,1,1,1,1,1,1,1,1,1,1,1,1,1,1,1,1,1,1,1,1,1,1,1,1
372,145,14,105,5,18,14,2587,19,674,662 1,1,1,1,1,1,1,1,1,1,1
392,5,112,73,14,483 1,1,1,1,1,1
68,53,11,293,229 1,1,1,1,1
18,21,106,13238,7,23,929 1,1,1,1,1,1,1
23,44,122,821,11,4231,10,1043,5,10855,194,302,316 1,1,1,1,1,1,1,1,1,1,1,1,1
23,1078,580,94,14,31,251 1,1,1,1,1,1,1
1824,243,53,43,12,1131,5,4913 1,1,1,1,1,1,1,1
23,1709,8125,14,667,43,1238 1,1,1,1,1,1,1
118,302,563,15,43,246,5,253,13,11,387 1,1,1,1,1,1,1,1,1,1,1
23,187,14,133,5,375 1,1,1,1,1,1
68,53,11,2002,342 1,1,1,1,1
23,1455,113,31,5472,2122,10,55,1790 1,1,1,1,1,1,1,1,1
23,243,53,782,12,23,1270,2,48,2539,10,977,5243,23,1389,5,3975 1,1,1,1,1,1,1,1,1,1,1,1,1,1,1,1,1
648,53,2274 1,1,1
27524,2,4422,215,20,31,346,80,490,18,21,363,14545,27525,571,19,23,882,2,71,7333,2115,37,21,61,15112 1,1,1,1,1,1,1,1,1,1,1,1,1,1,1,1,1,1,1,1,1,1,1,1,1,1
15,2001,899,73,821,4810,932,19,6,52,271,6,70 1,1,1,1,1,1,1,1,1,1,1,1,1
320,4,3790,4785,21,39,27,1502,938,2753,5,21,1283,160,7,2919,343,76,5,27526,76,19,134,908 1,1,1,1,1,1,1,1,1,1,1,1,1,1,1,1,1,1,1,1,1,1,1,1
92,177,6,1134,80,5,92,27527,10,1736,13,6,2800,15119,37,84,14,3909,318 1,1,1,1,1,1,1,1,1,1,1,1,1,1,1,1,1,1,1
9,84,113,31,2869,1926,318,10,1082,1176,8 1,1,1,1,1,1,1,1,1,1,1
1758,2,108,18,113,31,3909,50,15,861,4178,4772,2,68,14,11,1144,32,10,1127,10,273,173,84 1,1,1,1,1,1,1,1,1,1,1,1,1,1,1,1,1,1,1,1,1,1,1,1
108,18,113,50,153,28,278,2,84,1044,268,218,37,23,2753,5895,23,2919,343,76,576,10,23,2919,328,811,5,37,6,2780,7,522,454,55,575,27,27528,3403 1,1,1,1,1,1,1,1,1,1,1,1,1,1,1,1,1,1,1,1,1,1,1,1,1,1,1,1,1,1,1,1,1,1,1,1,1,1
23,127,14,425,80 1,10,1,1,1
23,1899,14,31,3176 1,16,1,1,1
278,2,6,544,14,1332,5,2112,68,14,106,1704,1525,10,734,23,635,10,368,22,327 1,1,1,1,1,1,1,1,1,1,1,1,1,1,1,1,12,1,1,1,1
82 1
92,85,99,37,18,21,39,251,6690,12,6,78,2,32,344,32,8161,2,32,57,32,63,251,654,374,100,10,15120,84,14,1664,5995,460,23,2008,7279,10,125,1092,26,31,18,21,311,51,81,341,2177,131,15117,316 1,1,1,1,1,1,1,1,1,1,1,1,1,1,1,1,1,1,1,1,1,1,1,1,1,1,1,1,1,1,1,1,1,1,1,1,1,1,1,1,1,1,1,1,1,1,1,1,1,1,1
18,176,1525,65,63,802,2332 1,1,1,1,1,1,1
92,1491 1,1
161,92,40,163,6,1134,13,6,2800,15119,10,6045,37,84,113,3909,1035,15,861,4178,4772 1,1,1,1,1,1,1,1,1,1,1,1,1,1,1,1,1,1,1,1,1
165,92,1208,37,18,383,23,1226,65,635,130,22,327 1,1,1,1,1,1,1,1,1,12,1,1,1
82,10,635,368,22,327 1,1,12,1,1,1
82 1
92,40,4621,38,10,23,763,203,312,10,27529 1,1,1,1,1,1,1,1,1,1,1
186,92,1208,37,18,55,13272,7279,17,81,341,311,165,92,40,125,23,428,32,1633,2,48,17,6,95,537,2,92,50,11,1492,10,2949,63,1388,19,38,4541 1,1,1,1,1,1,1,1,1,1,1,1,1,1,1,1,1,1,1,1,1,1,1,1,1,1,1,1,1,1,1,1,1,1,1,1,1,1
526,9206,27530,27531,2,195,813,27532,4019,384,4,1955,4149,27533,195,27534,15115,2018,2829,8426,5970,2,2343,27535,800,4,15121,827,4,27536,818,4,15121 1,1,1,1,1,1,1,1,1,1,1,1,1,1,1,1,1,1,1,1,1,1,1,1,1,1,1,1,1,1,1,1,1
