69,49,4,27615,29,414,4,7918,2,9021,206,485,4,15136,208,49,7,101,4,27616,581,17,101,808,101,17,38,15137,13,299,1073,425,120,104,774,17,241,5082,7,120,2,2164 1,1,1,1,1,1,1,1,1,1,1,1,1,1,1,1,1,1,1,1,1,1,1,1,1,1,1,1,1,1,1,1,4,1,1,1,1,1,1,4,1,1
30,7,156,360,2616,10,228,24,857,10,59,9,154,956,59,8,5,514,1560,1338,56,354,558,110,27617,502,2271,2,192,1400,7769,8174,42,24,2164,12746,2,21,61,27618,19,1550,16,1236,84 1,1,1,1,1,1,1,1,6,1,1,1,1,1,1,1,1,1,1,1,1,1,1,1,1,1,1,1,1,1,1,1,1,1,1,1,1,1,1,1,1,1,1,1,1
39,51,534,3265,4408,27,15,78,3221,171,831,146,2,6568,108,519,50,3726,237 1,1,1,1,1,1,1,1,1,1,1,1,1,1,1,1,1,1,1
578,1109,219,840,2,578,39,6142,104,1109,219,840 1,1,1,1,1,1,1,1,1,1,1,1
177,9553,7,6563,2,252,328,7,2832,6563,2,2162 1,1,1,1,1,1,1,1,1,1,1,1
167,120,216,4400,754,805,216,624,1240,671,500,46,15138,516,83,10576,251,945,4173,314,1952,2575,4,27619,120,2,600,103,531,2936,28,27620,2831,28,11,27621,2,11,116,2,11,27622,335,280,2416,15139,4,15140,2,500,15141,137,1573,77,1932,9,172,1721,1722,8,9,925,45,3405,60,35,45,9,62,8,8,25,33,220,358,215,2234,2385,9,60,8,965,82,245,131,3464,17,82,9,60,8,1437,59,5,138,220,4922,2385,9,60,8,965,82,245,857,9,131,3050,8,154,190,405,59,184,109,22,25,33,310,3432,22,25,291,1703,9,446,45,60,35,45,9,62,8,8,25,283,19,105,27,95,7,101,179,30,295,13,27623,5,23,726 1,4,1,1,1,1,1,1,1,19,1,1,1,1,1,1,16,16,1,1,1,1,1,1,4,1,1,1,1,1,1,1,1,1,1,1,1,1,1,1,1,1,1,1,1,1,1,1,1,1,1,1,1,1,11,1,1,1,1,1,1,1,1,1,1,1,1,1,1,1,1,1,1,1,1,1,1,1,1,1,1,1,1,1,1,1,1,1,1,1,1,1,1,1,1,1,1,1,1,1,1,1,1,1,6,1,1,1,1,1,1,1,1,13,1,1,1,1,20,1,1,1,1,12,1,1,1,1,1,1,1,1,1,1,1,1,1,1,1,1,1,1,1,1,1,1,1,1,1,1
14,11,1735,2054,13,27624,2,104,14,477,7,24,726 1,1,1,1,1,1,1,1,1,1,1,1,1
65,11049,2536,28,4684,12,26,17,564,831,2,12,9022,136,3226,2,1492,10,1682 1,1,1,1,1,1,1,1,1,1,1,1,1,1,1,1,1,1,1
288,7357,27625,12,11049 1,1,1,1,1
21,2261,903,2,837,854,12,11049 1,1,1,1,1,1,1,1
1230,32,27626,27627,2,27628,1408,27629,2,2406,4856,84 1,1,1,1,1,1,1,1,1,1,1,1
404,16,2425,1127,648,53,781,6561,65,24,2248,158,3292 1,1,1,1,1,1,1,1,1,1,1,1,1
31,3000,13,24,11636,114,4620,5211,7561,75,657,1522,2807,2,48,24,14098,316,27630,153,114 1,1,1,1,1,1,1,1,1,1,1,1,1,1,1,1,1,1,1,1,1
11,430,2,11,624,245,281 1,1,1,1,1,1,1
11,299,6703 1,1,1
21,1522,2807,2,48,7561,50,192,61,734 1,1,1,1,1,1,1,1,1,1
520,359,67,94,4,27631,52,349,296,4,1174,135,121,4,3255,643,93,73,759,4,57,1019,2,436,2,199,3752 1,1,1,1,1,1,1,1,1,1,1,1,1,1,1,1,1,1,1,1,1,1,1,1,1,1,1
320,15137,13,1073,425,120,2,9025,104,774,17,241,5082,120,5,13,288,1224,1510,2164 1,1,1,1,1,4,1,1,1,1,1,1,1,4,1,1,1,1,1,1
191,1973,38,244,1409,101,20,2251,3468,14480,7,6563,7,2164,5,2685,995,218,27632,17,558,2,32,57,32,2028,7,120,5082 1,1,1,1,1,1,1,1,1,1,1,1,1,1,1,1,1,1,1,1,1,1,1,1,1,1,1,4,1
114,120,4,374,39,1297,423,65,5262,56,354,3543,2,48,100,10,6636,97,155 1,4,1,1,1,1,1,1,1,1,1,1,1,1,1,1,15,15,15
110,558,573,419,19,488,857,15142,82,2,2131,59 1,1,1,1,1,1,6,1,1,1,1,1
679,231,322,2,887,374,400,101 1,1,1,1,1,1,1,1
1931,46,17,64,10,27633,356,13,3690,2,97,101,2470,7353,679,310 1,1,1,1,1,1,1,1,1,1,1,1,1,1,1,20
39,6806,584,27634,1009,19,27635,73,28,20,10,50,356,4464,48,222,841,8305 1,1,1,1,1,1,1,1,1,1,1,1,1,1,1,1,1,1
4762,251,980,12,7553,28,19,1918 1,1,1,1,1,1,1,1
290,211,33 1,1,1
39,1772,5225,337,73,324,15143 1,1,1,1,1,1,1
9025,4,679,1918 1,1,1,1
97,980,7553 1,1,1
792,185,1571,15143 1,1,1,1
207,792,19,310 1,1,1,20
2164,4,2975,20,148 1,1,1,1,1
9026,6532 1,1
10889,6532 1,1
16,39,15,3265,4409,1013,1215,2140,27,500,2,20,841,2415,27,37,95,17,15144,2,48,39,356,215,9,17,2975,316,1249,8,6957 1,1,1,1,1,1,1,1,1,1,1,1,1,1,1,1,1,1,1,1,1,1,1,1,1,1,1,1,1,1,1
9024,2,148,27,37,95 1,1,1,1,1,1
285,37,2164,176,57,50,61,65,3265,4409 1,1,1,1,1,1,1,1,1,1
2965,2449,20,324,2,2164,15145,8945 1,1,1,1,1,1,1,1
1321,50,61,5218,324,2,97,8708 1,1,1,1,1,1,1,1
20,10,50,902,2977,6957 1,1,1,1,1,1
15146,12,1589,2,48,578,2313 1,1,1,1,1,1,1
47,40,1026,58,15146,10,11018,13278,7,2977 1,1,1,1,1,1,1,1,1,1
3102,8393,4,15147,1115,15148,17,1906,12,1110 1,1,1,1,1,1,1,1,1,1
40,11050,27,1378,101 1,1,1,1,1
7561,8466,1212,17,15149,101,36,1169,17,170 1,1,1,1,1,1,1,1,1,1
254,4,21,252,940,2108,12,8708,2,177,80,75,5081,1510,352 1,1,1,1,1,1,1,1,1,1,1,1,1,1,1
544,5853,19,1703,56,3813,10,130,1213,1321,324,8708 30,30,1,12,1,1,1,1,1,1,1,1
887,15150,19,3813,27636,400,101 1,1,1,1,1,1,1
3565,4,945,32,256 1,1,1,1,1
39,2630,3655,7829,536,4,1881,15151,423,36,16,836,27637 1,1,1,1,19,19,19,19,19,19,19,19,19
1880,3616,12,78,15152,1716 1,1,1,1,1,1
1931,170,46,17,27638,10,539,1522,2262,27639,2,32,16,21,61,3353,12,38,2,6187,286,106,8352,17,27640,257,12,78 1,1,1,1,1,1,1,1,1,1,1,1,1,1,1,1,1,1,1,1,1,1,1,1,1,1,1,1
85,3704,10,2524,168,10,486,17,7560,4044,80,2,48,16,2878 1,1,1,1,1,1,1,1,1,1,1,1,1,1,1
1542,27641,356,120,2,2164,2,155,15150,2,27642,526,15153,11048,15154,2,96 1,1,1,4,1,1,1,1,1,1,1,1,1,1,1,1,1
