67,54,4,32619,1180,487,281,297,162,55,79,4,8681,3,10130,509,47,4,17121,54,7,32620,262,4,64,17120,4685,451,4,64,4685,282,4,447,87,302,428,13,674,151,3,142,121,61,13,939,255,7,1983,48,34,19,65,7,162 1,1,1,1,1,1,1,1,1,1,1,1,1,1,1,1,1,1,1,1,1,1,1,1,1,1,1,1,1,1,1,1,1,1,1,1,1,1,1,4,1,7,1,1,1,1,1,1,1,1,1,1,1,1,1
255,957,27,427,3,99,180,896,10,36,435,5,143,424,13,300,51,11,375 1,1,1,1,1,1,1,1,1,1,1,1,1,1,1,1,1,1,1
11,307,3,11,584 1,1,1,1,1
18,768,6,34,35,1925 1,1,1,1,1,1
230,438,4,19,953,10,6,230,316,143,148,32621,364,1912,716,125,292,8320,18,370,252,901,51,20,31,537,10,46,133,702,17,1860,1796 1,1,1,1,1,1,1,1,1,1,6,6,1,1,1,1,1,1,1,1,52,1,1,1,1,1,1,1,1,1,1,1,1
24,177,20,1164,35,886,66,169,5,18,38,15,72,671,481,7,103,1989 1,1,1,1,1,1,1,1,1,1,1,1,1,1,1,1,1,1
674,4,151,33,19,3732,165,494,33,472,333,2148,1319,33,472,819,955,142,658,254,4,780,9,913,8,799,45,49,36,45,9,73,8,25,32,252,9,727,8,9,947,478,9,727,8,8,547,22,9,1026,45,49,36,8,25,32,1835,782,850,22,25,32,3,17,923,7,992 1,1,4,1,1,8,8,1,1,1,1,1,1,1,1,1,1,7,1,1,1,28,1,1,1,1,1,1,1,1,1,1,1,1,1,52,1,1,1,1,1,1,1,1,1,1,1,1,1,1,1,1,1,1,1,1,1,1,1,1,1,1,1,1,1,1,1
17,1398,1581,3,395,55,37,79,2562,16349,414,344,1088,9,218,8,549,45,49,36,45,9,73,8,25,32,236,9,800,8,141,22,9,515,45,49,36,8,25,32,613,9,610,1400,8,215,22,9,686,45,49,36,8,25,69,2414,2391,4182,9,165,3732,2391,4182,8,180,1034,521,605,397,32622,189,397,2235,2414,2391,4182,9,165,3732,2391,4182,8,558,1034,521,608,397,2204,127,4,790,1144,4,1732,4,90,485,4,598,1113,4,90,579,4,634,17126,3,837 1,1,1,1,1,1,1,1,1,1,1,1,13,1,1,1,1,1,1,1,1,1,1,1,1,1,12,1,1,1,1,1,1,1,1,1,1,1,1,1,9,1,1,1,1,1,1,1,1,1,1,1,1,1,1,8,1,1,1,1,8,1,1,1,1,1,1,1,1,1,1,1,1,8,1,1,1,1,8,1,1,1,1,1,1,1,1,1,1,1,1,1,1,14,14,14,1,1,1,1,1,1,1,1,1,1,1,1
7234,558,842,140,314,123,58,129,3,768,377,1059 1,1,1,1,1,1,1,1,1,1,1,1
376,72 1,1
77,4,701,4,32623,292,5803,364,335,716,1245,231,42,19,658,814,4,410,5,642,123,117,3,787,3,32624,227,4,665,3,1536,136,4,11,309,3,576,1063,10,192,155,4,1304,720,4,455,3,11,1099,362,4,152,3,717,246,3,588,329,3,11,969,1714,4,565,93,1069 1,1,1,1,1,1,1,1,1,1,1,1,1,1,1,1,1,1,1,1,1,1,1,1,1,1,1,1,1,1,1,1,1,1,1,1,1,1,1,1,1,1,1,1,1,1,1,1,1,1,1,1,1,1,1,1,1,1,1,1,1,1,1,1,1,1
11,777,1850,3,193 1,1,1,1,1
5818,82,1069,352,4 1,1,1,1,1
1170,233,114,3,410,5,642,449,10,745,492,30 1,1,1,1,1,1,1,1,1,1,1,1
6074,4,5008,72,135,64,11004,12,230,149,4,1290,402,17,8681,3,10130,4634,3000,430,17127,32625,902,47,32626,154,2097,295,2295,1724 1,1,1,1,1,1,1,1,1,1,1,1,1,1,1,1,1,1,1,1,1,1,1,1,1,1,1,1,1,1
471,189,430,456,2152,9,1305,8,351,430,663,2249,9,1276,8,351,430,835,2030,9,1310,8,351,430,1800,2061,1294,83,9,1311,8,219,430,347,1537,83,9,1601,8,219,430,345,2217,83,9,1359,8,219,512,3784,9,1478,8,219,1555,2249,9,1659,8,219,1184,2845,83,9,1660,8,1556,486,961,3116,9,2602,8,654,1461,2078,9,2464,8,654,2013,1967,9,2385,8,654,496,1131,1389,9,2386,8,219,486,1131,1701,9,2995,8,219,1981,1982,1364,9,3589,8,721,2509,856,9,3696,8,721,2423,680,9,3965,8,721,1258,1259,1956,72,9,193,8,2418,72,9,193,8,1185,402,17,8681,3,10130,4634,3000,63,17127,32627,902,47,32628,154,2097,295,2295,1724 1,1,1,1,1,1,1,1,1,1,1,1,1,1,1,1,1,1,1,1,1,1,1,1,1,1,1,1,1,1,1,1,1,1,1,1,1,1,1,1,1,1,1,1,1,1,1,1,1,1,1,1,1,1,1,1,1,1,1,1,1,1,1,1,1,1,1,1,1,1,1,1,1,1,1,1,1,1,1,1,1,1,1,1,1,1,1,1,1,1,1,1,1,1,1,1,1,1,1,1,1,1,1,1,1,1,1,1,1,1,1,1,1,1,1,1,1,1,1,1,1,1,1,1,1,1,1,1,1,1,1,1,1,1,1,1,1,1,1,1,1,1,1,1,1,1,1,1,1,1
471,189,349,3116,9,1312,8,524,333,4855,59,9,2437,8,42,560,4251,59,9,2531,8,1451,734,8832,59,9,2615,8,1785,536,6667,9,1589,8,1381,653,1733,9,1360,8,1227,786,6298,9,1479,8,1588,823,6399,9,1480,8,654,795,5847,9,1424,8,42,79,3927,9,5810,8,1060,2206,9558,9,2834,8,1060,177,4,924,1458,1217,3,44,1090,3,44,694,3,266,4092,3,601,3286,563,185,12,3651,5,2445,3,394,61,19,169,177,7,17123 1,1,1,1,1,1,1,1,1,1,1,1,1,1,1,1,1,1,1,1,1,1,1,1,1,1,1,1,1,1,1,1,1,1,1,1,1,1,1,1,1,1,1,1,1,1,1,1,1,1,1,1,1,1,1,1,1,1,1,1,1,1,1,1,1,1,1,1,1,1,1,1,1,1,1,1,1,1,1,1,1,1,1,1,1,1,1,1,1,1,1,1,1,1,1,1,1,1,1,1,1,1
506,4,928,211,48,101,3,13,11,202,17,458 1,1,1,1,1,1,1,1,1,1,1,1
32629,873,4,447,87,302,428,13,151,3,142,1584,2323,48,34 1,1,1,1,1,1,1,1,4,1,7,1,1,1,1
4100,158,325,3,48,766,34,3,1353,3,545 1,1,1,1,1,1,1,1,1,1,1
11,224,205,7,411,3,72,506 1,1,1,1,1,1,1,1
11,32630,3,3950,26,2797 1,1,1,1,1,1
6649,341,709 1,1,1
104,10,1593,1392,43,1989,564,1813,1021,12,272 1,1,1,1,1,1,1,1,1,1,1
36,8,48,34,852,1471,898,1028,613,35,133,1301,1159,1813,1021,12,272,58,8,151,852,659,2414,477,1198 1,1,1,1,1,1,1,1,9,1,1,1,1,1,1,1,1,1,1,4,1,1,8,1,1
1825,1028,128,205,7,151,698,3,96,43,451,117,8,142,15,32631,389,7,32632 1,1,1,1,1,4,1,1,1,1,1,1,1,7,1,1,1,1,1
819,27,472,3,470,31,659,218,1028,659,1534,17,1813,1021,12,272,210,8,140,314,852,137,13,440,999,373,1018 1,1,1,1,1,1,1,1,1,1,1,1,1,1,1,1,1,1,1,1,1,1,1,1,1,1,1
451,439 1,1
108,8,3510,33,2393,9363,1034,521,32,2668,3189,9994,32633,3,229,710,47,32634 1,1,1,1,1,1,1,1,1,1,1,1,1,1,1,1,1,1
