67,54,4,33262,10151,10152,3,229,385,12,273,12511,757,163,1578,5914,1073,17250,3,2318,17251,8243,10153,3,1203,3555,17252,124,12512,1940,1073,17253,3,2318,17254,1225,16662,3,2975,882,757,10153,3,119,38,6,1174,7,122,10154,4460,9,542,12509,8,188,12,273,224,89,17,419,5,866,697 1,1,1,1,1,1,1,1,1,1,1,1,1,1,1,1,1,1,1,1,1,1,1,1,1,1,1,1,1,1,1,1,1,1,1,1,1,1,1,1,1,1,1,1,1,1,1,1,1,1,1,1,1,1,1,1,1,1,1,1,1,1,1,1,1
6,28,20,221,43,2503,5,64,8544,12001 1,1,1,1,1,1,1,1,1,1
10154,4460,14,15,17255,6255,13,15,30,7,500,179,151,3,142,3,5,776,121,14,96,425,12,273,224,17,311,381,59,17256,419,698,43,697 1,1,1,1,1,1,1,1,1,1,1,1,4,1,7,1,1,15,1,1,1,1,1,1,1,1,1,1,1,1,1,1,1,1
18,20,99,221,425,1306,2163,3,27,75,85,18,20,46,535,4689,1199 1,1,1,1,1,1,1,1,1,1,1,1,1,1,1,1,1
40,461,20,31,33263,19,224,77,3,5,24,77,20,376,569,29,92,20,33264,37,24,116,208,46,68,290,10,15,16000,2558,12,24,353 1,1,1,1,1,1,1,1,1,1,1,1,1,1,1,1,1,1,1,1,1,1,1,1,1,1,1,1,1,1,1,1,1
602,166,284,158,15,2462,328,5,518,915,7,17257 1,1,1,1,1,1,1,1,1,1,1,39
376,3,18,38,2594,60,66,24,419,3,5,38,31,38,475,697 1,1,1,1,1,1,1,1,1,1,1,1,1,1,1,1
1243,4460,86,10,191,60 1,1,1,1,1,1
18,146,37,24,4689,1295,188,2851,29,18,242,488,6,17257,845,844,496,3,51,14,31,1671,134,92,20,424,13,6,2590,7,24,4689 1,1,1,1,1,1,1,1,1,1,1,1,1,39,1,1,1,1,1,1,1,1,1,1,1,1,1,1,1,1,1,1
18,86,10,724,436,3,5,12,1488,21,1261,180,842,159,24,124 1,1,1,1,1,1,1,1,1,1,1,1,1,1,1,1
1696,844,668,3,18,21,492,15,103,429,154,35,420,139,2103,15,2035,405,24,99,124 1,1,1,1,1,1,1,1,1,1,1,1,1,1,1,1,3,3,3,3,3
18,21,38,62,291,1321,75,208,46,4248,15,5058,3,600,18,14,5141,7,6,4022,295 1,1,1,1,1,1,1,1,1,1,1,1,1,1,1,1,1,1,1,1,1
603,3,18,1240,271,37,62,987,13,64,33265,7,4142,21,68,503,17,1663,12,890,10,96,115,62,4403,381,59,12513,1391 1,1,1,1,1,1,1,1,1,1,1,1,1,1,1,1,1,1,1,1,1,1,1,1,1,1,1,1,1
1243,4460,86,10,49,423,17,507,419,1468,9,18,21,10086,1874,8 1,1,1,1,1,26,1,1,1,1,1,1,1,1,1,1
24,12192,237,166,10,49,24,650,40,39,17,15,113,397,62,899,1201,540,75,237,158,1672,2908,2026 1,1,1,1,1,1,1,1,1,1,1,1,1,1,1,1,1,1,1,1,1,1,1,1
313,3,18,14,5093,223,6,341,7,1033,419 1,1,1,1,1,1,1,1,1,1,1
18,86,10,572,24,2166,60,29,74,38,68,15,664,12,1604,223,15,266,444,3,51,6,154,38,68,9080,582,12,6,481,7,15,2066,228,3,5,19,390,154,20,630,839,27,33266,18,90,88,11394,308,4,11,9303,26,4187,2914,3,26,255,7,1157,26,1439,6793 1,1,1,1,1,1,1,1,1,1,1,1,1,1,1,1,1,1,1,1,1,1,1,1,1,1,1,1,1,1,1,1,1,1,1,1,1,1,1,1,1,1,1,1,1,1,1,1,1,1,1,1,1,1,1,1,1,1,1,1,1,1,1
18,6041,271,37,24,320,129,33267,7,697,770,308,14,2943,3,5,2659,14,1533,37,18,1317,52,449,10,1833,1418 1,1,1,1,1,1,1,1,1,1,1,1,1,1,1,1,1,1,1,1,1,1,1,1,1,1,1
18,90,84,12,889,3,741,323,26,837,3,535,13,2711,2387,26,1166 1,1,1,1,1,1,1,1,1,1,1,1,1,1,1,1,1
18,109,46,598,131,555,1302,43,6,4241,2486 1,1,1,1,1,1,1,1,1,1,1
18,1770,190,35,693,18,21,484,33268,33269,3013,12,808,413,3,408,15,511,1075,10,186,18,38,15,8311,540 1,1,1,1,1,1,1,1,1,1,1,1,1,1,1,1,1,1,1,1,1,1,1,1,1,1
254,4,274,686,25,2088,236,1632,25,2088,1406,1269,25,2088,1286,647,25,2088,1262,672,25,2088,348,846,25,69,2166,2022,605,816,1801,608,9160,167,5256,3444,102,101,4,1010,4,410,3,999,3064,3,44,1246 1,1,9,1,1,1,12,1,1,1,26,1,1,1,21,1,1,1,27,1,1,1,17,1,1,1,1,1,1,1,1,1,1,1,1,1,1,1,1,1,1,1,1,1,1,1,1,1
942,2232,968,17258,1861 1,1,1,1,1
96,233,1965 1,1,1
925,4,50,4,31,192,645,4,6257,10,3877 1,1,1,1,1,1,1,1,1,1,1
863,210,643,78,47,1947,29,117,643 1,1,1,1,1,1,1,1,1
11,9618 1,1
1016,3,247,3,4131,4,665 1,1,1,1,1,1,1
11,1866,816,3009,816,2652 1,1,1,1,1,1
1637,4,511,204,10,10967,5399,1610,100 1,1,1,1,1,1,1,1,1
3725,4,1316,675,97,323 1,1,1,1,1,1
4496,4,841,951,502,877,1069 1,1,1,1,1,1,1
3746,3,123,4,2222,409 1,1,1,1,1,1
152,2525,185,675 1,1,1,1
3242,4,4620,5,6971,1006,1069 1,1,1,1,1,1,1
2005,4,1439,3155,1017 1,1,1,1,1
11,2674,816,4132 1,1,1,1
670,4,44,2526,5,1256,29,11,2006,3,2670,3,26,4133 1,1,1,1,1,1,1,1,1,1,1,1,1,1
11,2947,2350 1,1,1
6455,3484,527,2201,4536,4440,6994,7683,5593,10033,6295,3861,4360,7684,7685,5260,6636,3393,3718,304,187,108,108,108,108,108,108,108,108,108,108,59,108,108,108,108,108,108,108,108,108,108,1056,4,3484,527,4984,5976,5594,415,3861,4360,3861,3393,304,187,58,58,58,58,58,467,59,58,58,58,58,58,467,511,4,986,816,4310,816,2719,204,783 1,1,1,1,1,1,1,1,1,1,1,1,1,1,1,1,1,1,1,1,1,1,1,1,1,1,1,1,1,1,1,1,1,1,1,1,1,1,1,1,1,1,1,1,1,1,1,1,1,1,1,1,1,1,1,1,1,1,1,1,1,1,1,1,1,1,1,1,1,1,1,1,1,1,1,1,1,1
11,202,7,5196 1,1,1,1
2297,4,17259,3263,3,8275,3,5,6456,656,204 1,1,1,1,1,1,1,1,1,1,1
700,4,3866,3,6352,3,6353,3,5,9864,44 1,1,1,1,1,1,1,1,1,1,1
3526,700,204 1,1,1
3243,72 1,1
264,4,751,413,9,33270,8,4,11,173,694,84,12,6,443,53,12513,1076,1391 1,1,1,1,1,1,1,1,1,1,1,1,1,1,1,1,1,1,1
192,5,420,4,17255,6255,256,151,3,142,3,287,369,10,273,224,17,419,698,43,697 1,1,1,1,1,1,1,4,1,7,1,15,1,1,1,1,1,1,1,1,1
18,14,1057,191,244,60,3,5,21,68,244,9897,13,24,3713,139,24,124,12,1387 1,1,1,1,1,1,1,1,1,1,1,1,1,1,1,1,1,1,1,1
119,235,6,244,381,341,7,419,134,423,14,2066,17,15,2760,540 1,1,1,1,1,1,1,1,1,26,1,1,1,1,1,1
6,105,341,7,419,14,470,381,3,5,6,1255,7,5137,1431,198,470,1328,3,37,119,237,740,13,659,1406 1,1,1,1,1,1,1,1,1,1,1,1,1,1,1,1,1,1,1,1,1,1,1,1,1,26
134,18,109,31,1081,10,488,4621,39,397,6,540,3,6,344,1755,237,52,15,676,26,3172,3641 1,1,1,1,1,1,1,1,1,1,1,1,1,1,1,1,1,1,1,1,1,1,1
313,3,1152,15,1370,237,753,10,52,114,3,1540,35,24,6136,419,341,709,27,6,85,7,6,690,143,24,71,3,106,3,5,776,3,233,7,75,18,21,943,173,6353,10,476,179 1,1,1,1,1,1,1,1,1,1,1,1,1,1,1,1,1,1,1,1,1,1,1,1,1,1,4,1,7,7,1,15,1,1,1,1,1,1,1,1,1,1,1,1
1243,4460,20,464,5093,223,14143,6,423,29,2863,3,18,41,1824,19,6,2536,438,7,3360 1,1,1,1,1,1,1,1,26,1,1,1,1,1,1,1,1,1,1,1,1
1243,4460,41,46,390,393,1134,154,27,844,668,10,192,24,922,10,6,118,228,236,5,2113,84 1,1,1,1,1,1,1,1,1,1,1,1,1,1,1,1,1,1,1,12,1,1,1
24,3694,9,15,8,444,20,365,27,1600,27,6,85,7,24,124,3,5,119,41,390,40,149,89,10,8073,1153,92,21,557,185 1,1,1,1,1,1,1,1,1,1,1,1,1,1,1,1,1,1,1,1,1,1,1,1,1,1,1,1,1,1,1
50,46,98,1679,24,15,3406,14728,37,3,35,7,1102,2552,3,18,41,46,68,697,770,17,320,129,85,19,15,211,228,7,2166 1,1,1,1,1,1,1,1,1,1,1,1,1,1,1,1,1,1,1,1,1,1,1,1,1,1,1,1,1,1,1
18,4870,37,18,237,454,808,668,26,530,10,6,318,499,1442,134,74,18,143,10,46,88,11394,255 1,1,1,1,1,1,1,1,1,1,1,1,1,1,1,1,1,1,1,1,1,1,1,1
134,18,557,927,770,17,267,87,3,119,208,482,1285,24,17260,39 1,1,1,1,1,1,1,1,1,1,1,1,1,1,1,1
600,6,4403,55,59,12513,1391,14,2830,211,19,751,3,50,46,773,24,10,660,24,96,115,987,13,4142,3,35,50,191,31,122,6,54,55,12,6,4644 1,1,1,1,1,1,1,1,1,1,1,1,1,1,1,1,1,1,1,1,1,1,1,1,1,1,1,1,1,1,1,1,1,1,1,1,1
603,3,119,41,564,15,390,216,1321,40,667,10,4930,37,6,1108,187,1878,1523,21,31,626 1,1,1,1,1,1,1,1,1,1,1,1,1,1,1,1,1,1,1,1,1,1
7,55,3,64,8544,12001,20,61,17,233,7,6,9862,1385,7,6,30,5,102,77 1,1,1,1,1,1,1,1,1,1,1,1,1,1,1,1,1,1,1,1
4024,3,119,235,13,6,28,6,1948,5,516,104 1,1,1,1,1,1,1,1,1,1,1,1
941,360,17,1301,1186,10,1784,12,6,198,7,844,28 1,1,1,1,1,1,1,1,1,1,1,1,1
50,41,122,24,188,12,224,12,4160,129,85 1,1,1,1,1,1,1,1,1,1,1
1015,3,10151,10152,3,229,3292,273 1,1,1,1,1,1,1,1
