67,54,4,33306,17271,3,33307,3,12515,50,749,40,28,12,2962,13,64,15582,5,64,8918 1,1,1,1,1,1,1,1,1,1,1,1,1,1,1,1,1,1,1,1,1
50,660,37,50,46,1187,5,101,6,28,3,81,6,385,82,607,19,6,28,940,3,5,235,6,172,3,104,7,198,3,5,566,13,6,28 1,1,1,1,1,1,1,1,1,1,1,1,1,1,1,1,1,1,1,1,1,1,1,1,1,1,1,1,1,1,1,1,1,1,1
730,234,4,15,3778,522,13,535,184 1,1,1,1,1,1,1,1,1
30,7,61,328,4,6,28,13,374,311,39,147,61,13,535,184 1,1,1,1,1,1,1,1,1,1,1,1,1,1,1,1
27,24,2565,2495,20,55,10,52,5458,5,2659,20,781,425 1,1,1,1,1,1,1,1,1,1,1,1,1,1
6,28,82,95,80,39,30,14,1703,17,15,667,13,875,822,3,3414,822,3,5,866,8417,17,75,18,20,162,10,6,3292,3716,225,6,1182,7,1387,868,6,1783,7,1135 1,1,1,1,1,1,1,1,1,1,1,1,1,1,1,1,1,1,1,1,1,1,1,1,1,1,1,1,1,1,1,1,1,1,1,1,1,1,1,1,1
6,28,48,1862,20,12188,620,141,65,183,5,6,28,21,68,191,60,27,977,159 1,1,1,1,1,1,1,1,1,1,1,1,1,1,1,1,1,1,1,1
313,3,89,20,55,10,46,5583,10,382,42,19,702,737 1,1,1,1,1,1,1,1,1,1,1,1,1,1
18,38,226,7,184,35,60 1,1,1,1,1,1,1
24,1133,1045,265,1809,19,1133,5,46,68,922,10,10030,516,12,6,3419,425 1,1,1,1,1,1,1,1,1,1,1,1,1,1,1,1,1,1
6,28,20,343,13,2009,5,289,97,173,265,5,14,55,10,52,334,5099 1,1,1,1,1,1,1,1,1,1,1,1,1,1,1,1,1,1
80,39,30,4,1703,17,106,3,458,3,71,3,1234,3,209,153,765,3,2070,3,494,3,5,875,822 1,1,1,1,1,1,7,1,1,1,4,1,1,1,1,1,1,1,1,1,1,1,1,1,1
206,30,3,150,30,3,5,81,7,182,4,406,43,6,170,7,6,28,82,61 1,1,1,1,1,1,1,1,1,1,1,1,1,1,1,1,1,1,1,1
39,4,165,3,1052,3,3053,3,512,1072,3,1384,3,5369,3,729,3,2125,3,2986,3,289,3,218,3,950,3,5,5988 1,1,8,1,12,1,1,1,1,1,1,1,1,1,1,20,1,1,1,1,1,1,1,13,13,1,1,1,1
127,4,1720,5,203 1,1,1,1,1
102,101,4,6,28,14,980,5,410,3,12,128,851,7,386,342,3,313,3,449,10,3064,5,2730,664,12,1014,3487,3935 1,1,1,1,1,1,1,1,1,1,1,1,1,1,1,1,1,1,1,1,1,1,1,1,1,1,1,1,1
316,205,57,35,607,13,62,185,63,94,7,33308,3,133,1279,3,5,1133,1045,14,853,42,19,10030 1,1,1,1,1,1,1,1,6,6,6,6,6,1,1,1,1,1,1,1,1,1,1,1
227,77,14,1121,3,44,10,3779 1,1,1,1,1,1,1,1
6,28,21,15,742,1439,5,24,4979,14,31,2837,27,233 1,1,1,1,1,1,1,1,1,1,1,1,1,1
136,14,10117,12,15,16928,5,14,280 1,1,1,1,1,1,1,1,23
386,77,275,377,184,327,717,13,7095,5,386,762,2264,157 1,1,1,1,1,1,1,1,1,1,1,1,1,1
612,77,4,145,156,5,239,97,213 1,1,1,1,1,1,1,1,1
133,57,777,12,233,939,114 1,1,1,1,1,1,1
214,14,152,5,396,3,280,3,51,97,88,1061,26,240,3,26,1641,3,26,1482 1,1,1,1,1,1,23,1,1,1,1,1,1,1,1,1,1,1,1,1
196,14,204,3,617,3,5,683,97,88,243,26,277 1,1,1,1,1,1,1,1,1,1,1,1,1
1058,77,275,246,225,6,70,3414,834,6,28,21,374,3414,822 1,1,1,1,1,1,1,1,1,1,1,1,1,1,1
273,3,18,14,642,13,535,1438,290,10,386,342,51,11,741,273,1030 1,1,1,1,1,1,1,1,1,1,1,1,1,1,1,1,1
457,264,4,2130,14,185,12,6,33309,471 1,1,1,1,1,1,1,1,1,1
696,63,785,14,416,185,27,141,3,824,5685,3,75,14,27,6,28,82,472,3,5,347,7,7819,1228,630,44,406 1,1,1,1,1,1,1,1,1,1,1,1,1,1,1,1,1,1,1,1,1,1,1,1,1,1,1,1
905,6884,3090,173,185 1,1,1,1,1
177,722,338,239,13,1452,2894,804,84 1,1,1,1,1,1,1,1,1
689,264,4,48,738,111,100,792,3,75,57,61,356,51,284,416,118 1,1,1,1,1,1,1,1,1,1,1,1,1,1,1,1,1
318,499,438,4,6,28,20,417,138,289,5,2493,13,265,12,24,63,94,5,20,98,126,19,1357 1,1,1,1,1,1,1,1,1,1,1,37,1,1,1,1,1,1,1,1,1,1,1,1
18,753,10,52,265,224,17,128,1551,7,85,51,286,1196,10,1574,12,24,944,161 1,1,1,1,1,1,1,1,1,1,1,1,1,1,1,1,1,1,1,1
27,37,85,62,4376,20,781,722,3950 1,1,1,1,1,1,1,1,1
169,10,2450,295,3,6,1771,20,1049,37,6,28,166,160,2016 1,1,1,1,1,1,1,1,1,1,1,1,1,1,1
119,38,1533,10,659,650,10,191,15,9542,29,313,3,6,28,82,224,438,1574,1152,37,92,20,31,284,17,24,10,983,115,17,6,540 1,1,1,1,1,1,1,1,1,1,1,1,1,1,1,1,1,1,1,1,1,1,1,1,1,1,1,1,1,1,1,1,1
19,1357,3,6,28,82,1133,1045,143,211,783,12,6,3184,3,51,18,387,118,386,342 1,1,1,1,1,1,1,1,1,1,1,1,1,1,1,1,1,1,1,1,1
2016,20,698,43,24,3310,10,2796,24,136,3,24,742,1439,3,5,24,1768,2928,29,20,1624,12,267,1101,13,175,255,7,5042,2609,6967,12,1226,2450,1101 1,1,1,1,1,1,1,1,1,1,1,1,1,1,1,1,1,1,1,1,1,1,1,1,1,1,1,1,1,1,1,1,1,1,1,1
17,296,402,7,6,540,3,395,122,6,7188,540,55 1,1,1,1,1,1,1,1,1,1,1,1,1
2068,164,20,278 1,1,1,1
677,953,35,6,28,20,52,2016 1,1,1,1,1,1,1,1
27,40,85,2374,420,14,17,15,241,570,7,6,48,10,1964,1153,40,14,312,166,15,8417,26,15,997,792,5,1153,92,14,5939 1,1,1,1,1,1,1,1,1,1,1,1,1,1,1,1,1,1,1,1,1,1,1,1,1,1,1,1,1,1,1
40,264,41,52,582,5,286,28,41,52,162,10,24,3742,859,12,6,3716 1,1,1,1,1,1,1,1,1,1,1,1,1,1,1,1,1,1
15,4597,1321,20,98,582,43,2503,5,6,385,722,11,1375,2465,792 1,1,1,1,1,1,1,1,1,1,1,1,1,1,1,1
250,31,81,43,262,331,250,747,505,4,100,997,792 1,1,1,1,1,1,1,1,1,1,1,1,1
507,505,4,386,342 1,1,1,1,1
9282,505,4,664,553,8417,1992,997,792 1,1,1,1,1,1,1,1,1
4420,505,4,664,458 1,1,1,1,1
566,4,162,10,6,3716 1,1,1,1,1,1
2528,198,85,4,447,435 1,1,1,1,1,1
497,17272,3,12515,229,487,4,17273,292,4,17273,533,43,4,17272,3,12515,746,33310,1608 1,1,1,1,1,1,1,1,1,1,1,1,1,1,1,1,1,1,1,1
