67,54,4,33311,17271,3,33312,3,3871,221,43,271,1291,13,64,9787,19,17274 1,1,1,1,1,1,1,1,1,1,1,1,1,1,1,1,1,1
6,30,35,607,43,64,9787,20,81,43,271,13,6,28,5,514,10,52,4994,5,492 1,1,1,1,1,1,1,1,1,1,1,1,1,1,1,1,1,1,1,1,1
6,102,77,20,660,43,808,101 1,1,1,1,1,1,1,1
172,5,355,20,98,2477,13 1,1,1,1,1,1,1
30,7,61,328,4,1656,3,40,14,15,5506,428,121,1148,13,95,33313,30,7,168,17,386,371,3,854,3,5,4294,33314,3,261,66,977,267,113,183,3,61,13,267,10,544,65,30,7,226,7,184,29,437,19,380,29,760,29,739,29,5,248,93,3,265,3,51,640,7,598,48,1236,99,223,62,552,3,984,13,380 1,1,1,1,1,1,1,1,1,1,1,1,1,1,1,1,1,1,1,1,1,1,1,1,1,1,1,1,1,1,1,1,1,1,1,1,1,1,1,1,1,1,1,1,1,1,1,1,1,1,1,1,1,1,1,1,1,1,1,1,1,1,1,1,1,1,1,1,1,1,1,1,1,1,1,1,1
11,300,5,11,375 1,1,1,1,1
8208 1
221,43,2063,89,3,63,94,20,17275,5,781,24,425,17,172 1,1,1,1,1,29,29,29,29,1,1,1,1,1,1
206,30,4,109,31,238,5,109,31,728 1,1,1,14,14,14,1,1,1,1
80,39,30,4,30,7,585,831,3,106,3,71,3,458,3,1234,3,5,209,153,765,3,6,472,347,14,33315,81,7,182,3,127,3,5,39,57,35,607,12,6,940 1,1,1,1,1,1,1,1,1,7,1,4,1,1,1,1,1,1,1,1,1,1,1,1,1,1,1,1,1,1,1,1,1,1,1,1,1,1,1,1,1
395,122,6,55,17,402 1,1,1,1,1,1
102,101,4,980,5,410,3,2274,3,2356,428,12,131,386,342 1,1,1,1,1,1,1,1,1,1,1,1,1,1,1
133,1942,3,1481,581,10,125,3,63,94,33316,3,5,718,1045,231,42,19,210,2186,965,5169 1,1,1,1,1,1,1,1,6,6,6,1,1,1,1,1,1,1,1,1,1,1
576,27,141,632 1,1,1,1
155,77,111,1065,10,17067,7,6,1767,115,10,6,155,649 1,1,1,1,1,1,1,1,1,1,1,1,1,1
612,3,145,156,5,239 1,1,1,1,1,1
6,427,7,6,77,14,35,607,12,6,940,174,306,975,93 1,1,1,1,1,1,1,1,1,1,1,1,1,1,1
457,532,4,177,111,338,239,5,53,574,5311,8945,13,2472,27,2712 1,1,1,1,1,1,1,1,1,1,1,1,1,1,1,1
48,738,111,350,354,817 1,1,1,1,1,1
318,499,438,4,35,1152,3,18,20,162,10,297,13,15,505,7,3901,458,3,166,507,10,106 1,1,1,1,1,1,1,1,1,1,1,1,1,1,1,1,1,1,1,1,1,1,7
24,63,94,417,186,18,1295,12,250,31,81,43,262,331,250,566,4,18,20,162,19,17274 1,1,1,1,1,1,1,1,1,1,1,1,1,1,1,1,1,1,1,1,1,1
497,5265,3,3871,107 1,1,1,1,1
487,4,33317,292,4,33318,533,43,4,5265,3,3871,746,33319,33320 1,1,1,1,1,1,1,1,1,1,1,1,1,1,1
