67,54,4,33321,33322,318,1141,112,4743,3,3000,33323,112,54,4,33324,61,234,4,291,34 1,1,1,1,1,1,1,1,1,1,1,1,1,1,1,1,1,1,1,1,1
30,7,61,234,4,6,28,14,15,6045,33325,11000,428,121,61,17,172,7,3975,5,5150,33326,473,2168,291,34,17,6,80,1811,65 1,1,1,1,1,1,1,1,1,1,1,1,1,1,1,1,1,1,1,1,1,1,1,1,1,1,1,1,1,1,1
6,28,20,12,24,712,258,7,436,597,175,113,183,3,186,18,387,62,473,386,1748,411 1,1,1,1,1,1,1,1,1,1,1,1,1,1,1,1,1,1,1,1,1,1
18,20,221,43,24,747,198,331,3,121,343,24,13,7406 1,1,1,1,1,1,1,1,1,1,1,1,1,1
6,28,1343,6,7406,29,313,3,18,387,128,2120,291,34,19,3257 1,1,1,1,1,1,1,1,1,1,1,1,1,1,1,1
18,454,24,747,198,331,3,121,1762,24,291,34,10,15,7406,1105 1,1,1,1,1,1,1,1,1,1,1,1,1,1,1,1
18,20,933,10,1285,6,7406,19,3144 1,1,1,1,1,1,1,1,1
6,28,90,88,249,3,459,3,300,3,375,3,446,3,26,648 1,1,1,1,1,1,1,1,1,1,1,1,1,1,1,1
18,90,88,796,3,1393,3,26,1235 1,1,1,1,1,1,1,1,1
18,90,88,2108,261 1,1,1,1,1
18,90,88,226,7,184,26,48,34 1,1,1,1,1,1,1,1,1
18,90,88,303,3,1575,3,26,188,34 1,1,1,1,1,1,1,1,1,1
18,90,88,990,26,616 1,1,1,1,1,1
18,109,162,10,128,8942,5,4074 1,1,1,1,1,1,1,1
18,768,6,34,35,1790,12,1692 1,1,1,1,1,1,1,1
92,3975,5,5150 1,1,1,1
92,109,31,584,7438 1,1,1,1,1
3160,753,10,265,26,627,6,34 1,1,1,1,1,1,1,1
81,7,182,4,35,135,282,3,5,376,72 1,1,1,1,1,1,1,1,1,1,1
12,1409,3,19,612,81,3,18,90,48,34,3,303,34,3,1575,34,3,26,188,34,29,18,90,88,990,3,616,3,300,3,375,3,437,19,380,3,26,418 1,1,1,1,1,1,1,1,1,1,1,1,1,1,1,1,1,1,1,1,1,1,1,1,1,1,1,1,1,1,1,1,1,1,1,1,1,1,1
19,350,3,18,162,10,263,3,51,90,1753 1,1,1,1,1,1,1,1,1,1,1
6,291,81,14,35,135,6,282,29,18,90,1366 1,1,1,1,1,1,1,1,1,1,1,1
6,1309,81,14,35,135,282 1,1,1,1,1,1,1
80,39,30,4,9,36,8,317,50,71,324,29,9,58,8,106,29,9,117,8,1220,29,9,210,8,1234,29,9,108,8,137,473,386,1748,411 1,1,1,1,1,1,1,4,4,4,4,1,1,1,1,7,7,1,1,1,1,1,1,1,1,1,1,1,1,1,1,1,1,1,1
39,4,959,1092,29,809,29,165,29,1846 1,1,1,1,1,17,1,8,1,1
206,30,5,150,30,4,72,699 1,1,1,1,1,1,14,14
6,150,30,14,72,17,71,324 1,1,1,1,1,1,4,4
102,101,4,19,102,101,3,6,316,205,275,15,807,7,4055,851,1934,3,15,63,94,7,16586,3,15,133,7,1421,3,5,15,386,156,7,3084,6,718,1045,14,1183,42,19,702,737 1,1,1,1,1,1,1,1,1,1,1,1,1,1,1,1,1,1,1,1,1,1,6,1,1,1,1,1,1,1,1,1,1,1,1,1,1,1,1,1,1,1,1,1
12,207,3,6,28,14,12,11,199,342 1,1,1,1,1,1,1,1,1,1
6,227,101,275,6,413,10,52,1172,29,6,101,14,1121 1,1,1,1,1,1,1,1,1,1,1,1,1,1
665 1
4329 1
6,994,14,91 1,1,1,1
6,136,14,332,3,13,11,910,26,222 1,1,1,1,1,1,1,1,1,1
6,48,111,11,8097,26,4283 1,1,1,1,1,1,1
6,155,46,4399,184,327 1,1,1,1,1,1
6,130,21,15,145,239,5,156,97,213,3,502,3,26,561 1,1,1,1,1,1,1,1,1,1,1,1,1,1,1
6,214,14,152,3,13,128,244,131,2120,246,3,51,11,1641,3,1482,3,510,34,3,2435,246,3,777,240,3,26,3102,240 1,1,1,1,1,1,1,1,1,1,1,1,1,1,1,1,1,1,1,1,1,1,1,1,1,1,1,1,1,1
6,114,57,617,5,3776,97,750,3,743,3,26,93 1,1,1,1,1,1,1,1,1,1,1,1,1
19,273,3,74,57,11,741,461 1,1,1,1,1,1,1,1
457,172,4,6,48,738,111,11,199,1704 1,1,1,1,1,1,1,1,1,1
6,177,111,15,44,338,239,27,4587,340,1598,12,230,4,6,285,505,20,3071,283,76,1302,1992,3060,1992,4346,291,34 1,1,1,1,1,1,1,1,1,1,1,1,1,1,1,1,1,1,1,1,1,1,1,1,1,1,1,1
6,28,20,161,315,1487,1811,87,183 1,1,1,1,1,1,1,1,1
18,20,1130,5,1607,211 1,1,1,1,1,1
18,242,31,7271,88,8386,7,62,199,181,771,29,313,3,138,24,30,7,71,324,5,24,440,3,62,177,20,564,5,275,15,44,338,239,27,388,3,97,88,937,26,490,84 1,1,1,1,1,1,1,1,1,1,1,1,1,1,1,1,1,1,4,4,1,1,1,1,1,1,1,1,1,1,1,1,1,1,1,1,1,1,1,1,1,1,1
18,20,39,13,180,426,7,5142,5,850,22,7,6596,3,75,753,10,265,24,34,1631 1,1,1,1,1,1,1,1,1,1,1,1,1,1,1,1,1,1,1,1,1
1917,291,101,242,31,275,88,3849,205,26,627,291,34 1,1,1,1,1,1,1,1,1,1,1,1,1
6,28,242,31,46,88,39,67,19,6,4644,27,40,85 1,1,1,1,1,1,1,1,1,1,1,1,1,1
757,5,5826,55,143,81,5,50,2477,12,2450,461 1,1,1,1,1,1,1,1,1,1,1,1
603,505,4,291,34,3,1403,3060,1992,3071,283,76 1,1,1,1,1,1,1,1,1,1,1,1
566,9,158,534,748,261,8,4,6,28,20,138,291,34,1564,12,3559 1,1,1,1,1,1,1,1,1,1,1,1,1,1,1,1,1
18,20,138,15,1581,17,6596,5,17,5142 1,1,1,1,1,1,1,1,1,1
18,20,10,96,115,13,24,747,198,331,6,441,65,5,369,134,116,143,10,2991,26,627 1,1,1,1,1,1,1,1,1,1,1,1,1,1,1,1,1,1,1,1,1,1
18,20,261,12,265,5,211,534 1,1,1,1,1,1,1,1
1218,33327,8194,11230,3,107 1,1,1,1,1,1
17276,33328,33329,533,43,4,8194,11230,3,107 1,1,1,1,1,1,1,1,1,1
17276 1
