69,49,4,27972,27973,2,27974,2,1761,201,42,58,27975,5,201,5,755,42,260 1,1,1,1,1,1,1,1,1,18,1,1,1,1,18,1,1,1,1
858,391,4,255,7,194 1,1,1,1,1,1
281,2,537,265,10,378,325 1,1,1,1,1,1,1
30,7,156,360,4,38,5063,407,13,15,182,89,30,317,1356,2,30,7,344,367,2,81,311,35,2,127,5,30,7,729,743,12,6,78,5,139,304,1601,104,279,110,13,396,5,255,7,194 1,1,1,1,1,1,1,1,1,1,1,1,1,1,1,1,16,16,16,16,16,4,4,4,1,10,1,3,3,3,3,1,1,1,1,1,1,1,1,1,1,1,1,1,1,1,1
23,391,14,37,17,6,97,83,123,2,18,21,39,38,225,112,34,13,255,7,194 1,1,1,1,1,1,1,1,1,1,1,1,1,1,1,1,1,1,1,1,1
18,39,11,182,44,34,2,48,1360,7,4417,6173,34,5,4417,6173,466,722,23,1184 1,1,1,1,1,1,1,1,1,1,1,1,1,1,1,1,1,1,1,1
18,549,106,466,7,23,118,14084,13,23,112,34 1,1,1,1,1,1,1,1,1,1,1,1
149,868 1,1
11,596,278 1,1,1
18,21,39,11,969,26,272,5,402 1,1,1,1,1,1,1,1,1
67,94,962,20,27976 5,5,5,5,5
23,67,94,21,136,237,1493,423,4374,2,110,14,14062,5,6,468,7,23,520,359,53,43 5,5,5,5,5,5,5,5,5,5,5,5,5,1,1,1,1,1,1,1,1,1
77,4,32,209,55,8083,2,18,14,19,306,77,2,71,1128,2157,2,1594,2,3587,5,172,32,57,32,3308,5,131,32,57,32,910,5,210 1,1,1,1,1,1,1,1,1,1,1,1,1,1,1,13,1,1,1,1,1,11,1,1,1,21,1,6,1,1,1,1,1,12
163,7,213,4,18,21,39,11,134,796,26,596 1,1,1,1,1,1,1,1,1,1,1,1
23,255,7,194,14,362,27,468,5,13,106,639 1,1,1,1,1,1,1,1,1,1,1,1
428,2,18,39,11,182,26,5928,44,34,119,4965,48,3502,30,7,106,112,34,17,6,97,83,123,13,106,272 1,1,1,1,1,1,1,1,1,1,1,1,1,1,1,1,1,1,1,1,1,1,1,1,1,1,1
23,396,50,61,1024 1,1,1,1,1
93,122,4,18,14,1442 1,1,1,1,1,1
23,202,73,14,43 1,1,1,1,1
23,112,14,330,86,87,487 1,1,1,1,1,1,1
11,229,2125,19,112,73 1,1,1,1,1,1
90,226,13,43,194,302 1,1,1,1,1,1
11,359,7,353,2,11,1056 1,1,1,1,1,1,1
91,73,4,135,145,5,212 1,1,1,1,1,1,1
11,387,5,11,711 1,1,1,1,1
599,187,13,43,300,302 1,1,1,1,1,1
133,2,86,87,277 1,1,1,1,1
217,53,43,86,87,904,79 1,1,1,1,1,1,1
468,7,23,73,14,599 1,1,1,1,1,1
489,467,4,44,810,20,43,86,87,160,7,353,26,87,180,1460 1,1,1,1,1,1,1,1,1,1,1,1,1,1,1,1
147,2,106,1535,1807,142,151,1323,13,498,3019,2,68,53,11,280,142 1,1,1,1,1,1,1,1,1,1,1,1,1,1,1,1,1
23,1728,14,66 1,1,1,1
783,5,867,53,43 1,1,1,1,1
6,468,7,23,258,53,192,599 1,1,1,1,1,1,1,1
242,4,15,5063,528,13,255,7,194,2,396,5,27977,30,7,112,34 1,1,1,1,1,1,1,1,1,1,1,1,1,1,1,1,1
962,1229,48,67,94,21,7899,4374 1,10,1,1,1,1,1,1
11,9803,4236,19,44,810 1,1,1,1,1,1
11,8575,12,2858,7,23,67,94,12,362,412,217 1,1,1,1,1,1,1,1,1,1,1,1
91,2066,53,919,5,147,14,483 1,1,1,1,1,1,1,1
303,441,408,4,480,13,172,2,921,5,3015,12,6,189 1,1,1,1,1,1,11,1,21,1,1,1,1,1
18,14,281,3734,739 1,1,1,1,1
18,20,85,124,106,1640,1345,17,23,34 1,1,1,1,1,1,1,1,1,1
18,692,10,232,31,177,42,240,312,232,494,4,396,13,255,7,194,26,112,34,2,380,714 1,1,1,1,1,1,1,1,1,1,1,1,1,1,1,1,1,1,1,1,1,1,1
642,4,6,29,265,12,185,630 1,1,1,1,1,1,1,1
526,6658,2,1761,96 1,1,1,1,1
495,4,15215,276,4,15215,597,42,4,6658,2,1761,813,27978,1852 1,1,1,1,1,1,1,1,1,1,1,1,1,1,1
