69,49,4,28095,28096,2,28097,2,11065,47,1736,37,47,50,1538,5,755,6,29,2,177,6,427,74,2105,19,6,29,74,948,2,5,285,6,233,2,114,7,203,2,5,642,13,6,29,5,6,427,2,58,15234 1,1,1,1,1,1,1,1,1,1,1,1,1,1,1,1,1,1,1,1,1,1,1,1,1,1,1,1,1,1,1,1,1,1,1,1,1,1,1,1,1,1,1,1,1,1,1,1,1,1,1
361,125,24,99,17,275,885 1,1,1,1,1,1,1
30,7,156,360,4,15,5986,528,104,279,10,5433,1360,7,2544,44,34,2,4972 1,1,1,1,1,1,1,1,1,1,1,1,1,1,1,17,17,1,1
5433,99,416,37,18,14,1360,7,2544,44,34,1539,10,6,112,13,38,5,969 1,1,1,1,1,1,1,1,17,17,17,17,17,17,17,17,17,17,17
18,14,3650,5,3310 1,1,1,1,1
23,5433,520,359,227,296,7,4848,2,100,10,9579 1,1,1,1,1,1,1,1,1,1,1,1
18,20,5337 1,1,1
23,67,94,20,11960,5,23,3838,129,365,41,19,674,662 1,1,1,1,1,1,1,1,1,1,1,1,1,1
18,14,4664 1,1,1
18,20,1285,2,870,7934,18,20,2073,1632,168,10,674 1,1,1,1,1,1,1,1,1,1,1,1,1
27,37,95,2,18,3912,7,396,2,969,2,5,44,34,136,109,2946,18,21,39,11,30,7,63,371 1,1,1,1,1,1,1,1,1,1,1,1,17,17,1,1,1,1,1,1,1,1,1,1,1
78,89,30,4,18,113,50,30,7,127,2,81,2,5,789 1,1,1,1,1,1,1,1,1,10,1,4,1,1,16
179,30,4,18,88,87,671,26,219,840,26,87,150,840 1,1,1,1,14,14,14,1,1,1,1,1,1,1
18,295,13,23,128,104,14,27,23,5231 1,1,1,1,1,1,1,1,1,1
78,545,30,4,18,21,39,225,7466,5990 1,1,1,1,1,1,1,1,1,1
163,7,213,4,281,2,44,34,2,396,2,969,2,5,255,7,194 1,1,1,1,1,1,17,17,1,1,1,1,1,1,1,1,1
355,2,192,213,53,66 1,1,1,1,1,1
77,4,18,14,19,310,5,210 1,1,1,1,1,20,1,12
137,4,18,21,11,334,624,137 1,1,1,1,1,1,1,1
93,122,4,18,14,1040,2,413,2,12,634,326 1,1,1,1,1,1,1,1,1,1,1,1
18,14,2851,10,2287,12,6,707 1,1,1,1,1,1,1,1
23,67,94,14,31,382,10,55,1156,27,38,95 1,1,1,1,1,1,1,1,1,1,1,1
23,6706,53,204,41,19,674,662,2,43,3903 1,1,1,1,1,1,1,1,1,1,1
18,14,413,2,1040,5,646,2,2260,2770 1,1,1,1,1,1,1,1,1,1
23,392,14,1125 1,1,1,1
23,2444,14,43 1,1,1,1
23,112,14,330,5,375 1,1,1,1,1,1
18,14,12,11,372,326,13,43,194,302 1,1,1,1,1,1,1,1,1,1
23,118,14,2851,13,15,5611,1673,1257,19,707 1,1,1,1,1,1,1,1,1,1,1
23,187,14,133,5,375 1,1,1,1,1,1
23,181,14,175,48,4972 1,1,1,1,1,1
217,53,86,904,79 1,1,1,1,1
18,14,646,1094,13,11,1478,2467,5,11,731,26,1099,1479 1,1,1,1,1,1,1,1,1,1,1,1,1,1
303,441,408,4,18,20,730,19,15,707,2,147,5,431,1161,32,57,13,38 1,1,1,1,1,1,1,1,1,1,1,1,1,1,1,1,1,1,1
18,20,2517,37,18,20,781,10,3153,1784,259,22,5,38,222,8318,23,664,65,23,6061 1,1,1,1,1,1,1,1,1,1,1,1,1,1,1,1,1,1,1,1,1
47,20,156,432,38,95 1,1,1,1,1,1
18,39,63,147,37,237,28098,10,43,399,212,27,2693,13,63,4450,70,5285,984,13,11,498,10,8845 1,1,1,1,1,1,1,1,1,1,1,1,1,1,1,1,1,1,1,1,1,1,1,1
18,431,172,2,501,2,5,921,5,1558,2062,185,722,23,189,1682 1,1,11,1,7,1,1,21,1,1,1,1,1,1,1,1
17,23,1257,5,44,34,2,92,2349,286,2004,2,1673,1257,2,305,3568,2,5,180,164,740 1,1,1,1,17,17,1,1,1,1,1,1,1,1,1,1,1,1,1,1,1,1
18,20,265,17,2408,32,57,32,15,91,1167,286 1,1,1,1,1,1,1,1,1,1,1,1
23,769,830,20,579,5,23,835,20,7012,379,1865,5,331,15206,6,2877,20,66 1,1,1,1,1,1,1,1,1,1,1,1,1,1,1,1,1,1,1
783,20,66 1,1,1
23,44,810,20,66 1,1,1,1,1
232,31,177,42,240,312,232,161,6061 1,1,1,1,1,1,1,1,1
165,44,34,2,1167,286,180,164,740 1,17,17,1,1,1,1,1,1
186,1138,147 1,1,1
2704,203,95,4,105,606 1,1,1,1,1,1
526,10803,2,11065,96 1,1,1,1,1
495,4,28099,276,4,28100,597,42,4,10803,2,11065,813,28101,1852 1,1,1,1,1,1,1,1,1,1,1,1,1,1,1
