69,49,4,28218,29,414,4,11066,2,9039,206,485,4,28219,208,49,7,101,4,28220,2402,467,5,1172,424,440,4,608,1707,5106,4,608,5296,1070,4,1743,661,858,391,508,30,7,156,360,64,971,13,9040,15248,2,5159,2794,7605,5,3323,364,2,28221,97,1752,922,28222,2,1009,191,78,223 1,1,1,1,1,1,1,1,1,1,1,1,1,1,1,1,1,1,1,1,1,1,1,1,1,1,1,1,1,1,1,1,1,1,1,1,1,1,1,1,1,1,1,1,1,1,1,1,1,1,1,1,1,1,1,1,1,1,1,1,1,1,1,1,1,1,1
16,20,12,24,3160,532,191,6,78,223,16,21,39,252,1840,508,12,28223 1,1,1,1,1,1,1,1,1,1,1,1,1,1,1,1,1,1
16,2432,4307,28224 1,1,1,1
68,129,11,150,741,2890,864,4,11,28225 1,1,1,1,1,1,1,1,1,1
16,222,99,1652 1,1,1,1
19,6,107,2078,16,39,435,1519,2,28226 1,1,1,1,1,1,1,1,1,1
16,85,1898,28227,3732,12,2086,2,3974,1389,5,3627 1,1,1,1,1,1,1,1,1,1,1,1
16,21,15,8809,1597,9,614,198,8,2,13,149,422,48,11,733 1,1,1,1,1,1,1,1,1,1,1,1,1,1,1,1
11,899,115,26,168,34 1,1,1,1,1,1
16,586,476,25,78,223 1,1,1,1,1,1
78,89,30,9,35,8,9040,4,2536,658,15248,13,51,236,7,250,2,713,2,5,2035 1,1,1,1,1,1,1,1,1,1,1,1,1,1,1,1,1,1,1,1,1
1243,604,252,801,5,28228,941,9040 1,1,1,1,1,1,1,1
16,20,4303,13,15249,5,15250,2,28229,991,4306 1,1,1,1,1,1,1,1,1,1,1
16,20,288,12404,13,15250,5,15249,2,97,124,28230 1,1,1,1,1,1,1,1,1,1,1,1
9,51,8,116,4,19,257,78,102,159,9,102,8,120,4,149,2,19,25,257,78,183,159 1,1,1,10,1,1,1,1,1,1,1,1,1,4,1,1,1,1,1,1,1,1,1
9,183,8,4546,4270,740,9,83,8,4437,78,545,30,9,35,8,7603,5131,17,2768,77,1692,1951,33,1020,130,33,501,204,291,987,3432,873,137,747 1,1,1,1,1,1,1,1,1,1,1,1,1,1,1,1,1,1,1,1,1,1,1,1,13,1,1,7,1,1,20,1,1,1,1
2665,10,28231,128,30,8008,179,30,3741,5,3808,28232,680 1,1,1,1,1,1,1,1,1,1,1,1,1
295,27,140,13,503,5,102,5304,2,153,14,28233,259,236,307,3303,1230,32,2645,17,15246 1,1,1,1,1,1,1,1,1,1,1,1,1,1,1,1,1,1,1,1,1
1183,706,309,109,159,146,2,35,1860 1,8,8,8,8,8,1,1,1
12975,554 1,1
520,359,28234,368,28235,105,93,73,224,893,1147,4971,12,886,2,436,181,822,202,966,90,2,1504,2,9481,2,3735,875,2,570,2,725,112,6668,2,319,31,1021,487,2,11,269,10066,11,2306,26,815,269,44,1398,3561,418,2,2673,2,11,3801,812,73,11,28236,2715,445,11,4554,1030,2612,489,467,649,1604,524,3821,824,738,9,54,8,689,7649,379,105,804,1267,770,2784,9,72,8,335,3897,1178,2644,9,54,8,935,1303,1712,1517,1437,2436,1434,2200,1830,1747,1465,2108,1438,1200,1497,3167,935,1303,1712,1517,298,2644,9,54,8,266,5675,9,54,8,443,3889,9,54,8,530,1204,41,1753,1182,9,72,8,41,897,1439,41,1637,35,9,54,8,41,732,51,2584,28237,9,54,8,64,5892,1046,1506,9,276,8,1069,14924,9,54,8,320,1743,661,650,259,376,216,9040,2,103,7605,5,3323,2158,2,1530,35,223,252,1840,508,2,110,2197,2,5,28238 1,1,1,1,1,1,1,1,1,1,1,1,1,1,1,1,1,1,1,1,1,1,1,1,1,1,1,1,1,1,1,1,1,1,1,1,1,1,1,1,1,1,1,1,1,1,1,1,1,1,1,1,1,1,1,1,1,1,1,1,1,1,1,1,1,1,1,1,1,1,1,1,1,1,1,1,1,1,1,1,1,1,1,1,1,1,1,1,1,1,1,1,1,1,1,1,1,1,1,1,1,1,1,1,1,1,1,1,1,1,1,1,1,1,1,1,1,1,1,1,1,1,1,1,1,1,1,1,1,1,1,1,1,1,1,1,1,1,1,1,1,1,1,1,1,1,1,1,1,1,1,1,1,1,1,1,1,1,1,1,1,1,1,1,1,1,1,1,1,1,1,1,1,1,1,1,1,1,1,1,1,1,1,1,1,1,1,1,1,1,1,1,1,1,1
167,9,35,8,1070,4,11,334,1228 1,1,1,1,1,1,1,1,1
11,372,26,668,864 1,1,1,1,1
380,4975,14,28239,1597 1,1,1,1,1
757,3732,3733,2442 1,1,1,1
16,21,102,350,726,27,140 1,1,1,1,1,1,1
28240,1964,6278,28241,5,6026,28242,1307,9,51,8,28243,4,298,2644,2,266,2372,2,5228,3889 1,1,1,1,1,1,1,1,1,1,1,1,1,1,1,1,1,1,1,1,1
6716,301,17,4980,27,38,845 1,1,1,1,1,1,1
9,102,8,120,4,199,338,13,802,5198,4931,987,9,183,8,116,4,199,338,13,1318,5,1047,4931,501,5,1020,9,83,8,2870,4,4871,65,5131 1,1,1,4,1,1,1,1,1,1,1,20,1,1,1,10,1,1,1,1,7,1,13,1,7,1,13,1,1,1,1,1,1,1,1
7788,1453,28244,4931,1692,526,28245,842,28246,2,96 1,1,1,1,1,1,1,1,1,1,1
