69,49,4,28158,11066,2,9039,485,4,11067,28159,1743,1576,471,650,10898,2,216,28160,620,2768,2,565,2,311,591,120,2,658,922,10,622,13,696,28161,123,2085,7,13025,2,6347,403,2629,348,250 1,1,1,1,1,1,1,1,1,1,1,1,1,1,1,10,1,1,1,1,1,1,24,1,4,4,4,4,1,1,1,1,1,1,1,1,1,1,1,1,1,1,1,1,1
498,3063,4820,650,420,1112 1,1,1,1,1,1
9403,28162,12311,78,102,123 1,1,1,1,1,1
85,166,8060,54,2971,15051,952,1328,2,5,153,19,54,2021,1197 1,1,1,1,1,1,1,1,1,1,1,1,1,1,1
85,15,6209,9690,505,54,15242,5,9980,19,5162,28163,15,54,5030,3103 1,1,1,1,1,1,1,1,1,1,1,1,1,1,1,1
11,6543,2,339,26,1368,864 1,1,1,1,1,1,1
20,321,19,28164,464,482,4529,3843,157,28165,5,801,650,2526,830,28166,2,266,154,2,298,28167,650,83,41,5798,9,28168,6592,8,2,5,1429,41,817,28169,2064,650,28170,2,106,650,28171 1,1,1,1,1,1,1,1,1,1,1,1,1,1,1,1,1,1,1,1,1,1,1,1,1,1,1,1,1,1,1,1,1,1,1,1,1,1,1,1,1,1,1
468,53,854,41,1102,2,105,41,1145,2,5,35,28172,5,35,28173 1,1,1,1,1,1,1,1,1,1,1,1,1,1,1,1
1273,7,2229,39,39,713,5,2297,1447,10,55,2442,360,2,71,660 1,1,1,1,1,1,1,1,1,1,1,1,1,1,1,1
11,334,2300,3807 1,1,1,1
99,37,503,14,83,198,10550 1,1,1,1,1,1,1
19,73,9980,436,48,6572,2,28174,1691,820,350,15242,505,2,44,650,28175,5,8497,1223,54,354,157,751,751,409,2799 1,1,1,1,1,1,1,1,1,1,1,1,1,1,1,1,1,1,1,1,1,1,1,1,1,1,1
11,3458,2125 1,1,1
340,599 1,1
11,484 1,1
1545,2,7783,2,7782,2,257,32,119,944,622,99,4,167,127,21,39,149,127,5,12,3134,7,2820,4126,19,184 1,1,1,1,1,1,1,1,1,1,1,1,1,1,10,1,1,1,10,1,1,1,1,1,1,1,13
15243,101,4077,27,4371,5,28176,19,540 1,1,1,1,5,1,5,1,1
264,184,105,1213,10,154,1213,3447,19,37,11068,650,616,274,10630,46,10,7580 1,13,1,1,1,1,1,1,1,1,1,1,1,1,1,1,1,1
5492,100,10,5721,428 1,1,1,1,1
111,4371,5,28177,3813,154,56,354,130,48,38,176,31,15244 5,5,1,13,1,1,1,1,1,1,1,1,1,1
424,927,28178,28179,42,28180,148,10,368,601 1,1,1,1,1,1,1,1,1,1
577,2211,124 1,1,1
5492,1924,28181,1198,1631 1,1,1,1,1
124,9799 1,1
40,1022,241,400,95 1,1,1,1,1
1364,620,1842,825,7603,5131,42,4465,3386,8277,2206,26,150,522,14739,620,28182 1,1,1,1,1,1,1,1,1,1,1,1,1,1,1,1,1
38,20,2020,15,28183,2768,7,6,28184,1137,311 1,1,1,1,1,1,1,1,1,1,1
68,20,11,9410,1842 1,1,1,1,1
58,6959,1509,17,1524,108,865 1,1,1,1,1,1,1
19,5055,998 1,1,1
1692,2,248,3392,153,107,15,223 1,1,1,1,1,1,1,1
1005,537,453 1,1,1
251,358,28185,28186,20,11577,477,20,381,5,16,14,1758,463 1,1,1,1,1,1,1,1,1,1,1,1,1,24
1015,13794,1365,7010,12239 1,1,1,1,1
206,28187,208,121,100,10,1787,1296,2134,48,237,21,4126,10,1882,121,2,11504,28188 1,1,1,1,1,1,1,1,1,1,1,1,1,1,1,1,1,1,1
28189,5288,4848 1,1,1
28190,374,28191 1,1,1
10154,36,374,9981,27,14132,727 1,1,15,15,1,1,1
28192,36,7595,19,310,3432,291 1,1,1,1,20,1,1
9626,2260,17,1176 1,1,1,1
11,160,7,527 1,1,1,1
11,2832,1037 1,1,1
11068,28193,797,945,346 1,1,1,1,1
1402,11068,15245,5288,5,374,346,80 1,1,1,1,1,1,1,1
4437,2782,864,629,4981,5,691,941,3739,5,9166,3696,239,10,28194,1673 1,1,1,1,1,1,1,1,1,1,1,1,1,1,1,1
701,4073,15234,2,104,5081,2221,5,38,21,61,7,573,907 1,1,1,1,1,1,1,1,1,1,1,1,1,1
5492,101,1024,8565,5,9023,2,8188,2,952,590,860 1,1,1,1,1,1,1,1,1,1,1,1
947,1895,1481,291,650,553,1525 1,1,1,1,1,1,1
40,954,2560,291,650,1275 1,1,1,1,1,1
181,505,5492,166,10,50,380,859,28195,54,256,6191 1,1,1,1,1,1,1,1,1,1,1,1
85,63,14277,505,157,794,44,2,5,15,451,5588,7,218,28196 1,1,1,1,1,1,1,1,1,1,1,1,1,1,1
926,10,8369 1,1,1
28197,28198 1,1
78,89,30,11,1095,545,3862 1,1,1,1,1,1,1
1591,532,28199 8,8,8
1600,5873 1,1
128,30,477,381,2,587,2502,27,1332,7,372,353 1,1,1,1,1,1,1,1,1,1,1,1
603,587,3386,2,439,546,2,2079,15014,27,6575,14181,8941 1,1,1,1,1,1,1,1,1,1,1,1,1
248,3187,2,83,5,109,831,6195,2,15,75,650 1,1,1,1,1,1,1,1,1,1,1,1
248,3910,28200,13,81 1,1,1,1,1
148,2575,859,178,26,1023,335 1,1,1,1,1,1,1
179,30,2645,17,9874 1,1,1,1,1
3663,2276,13,2701,28201,4800 1,1,1,1,1,1
567,3741,6322 1,1,1
206,28202,208,28203,5849,567,3741,28204 1,1,1,1,1,1,1,1
837,3741,9656 1,1,1
1230,15246 1,1
24,503,1230,17,28205 1,1,1,1,1
163,7,213,15243,101,267,28206,8606,7,476,895,28,4594,12,11697,819,68,14,15,1814,7,4737,8245 1,1,1,1,1,1,1,1,1,1,1,1,1,1,1,1,1,1,1,1,1,1,1
19,73,16,21,11619,6534,10,6,54,48,152,19,6,2769,16,14,926,10,58,28207,17,233 1,1,1,1,1,1,1,1,1,1,1,1,1,1,1,1,1,1,1,1,1,1
43,73,5,28208,28209 1,1,1,1,1
28210,850,2789,65,28211,10,5492,101 1,1,1,1,1,1,1,1
480,11513,5028,28212 1,1,1,1
5492,28213,1676,1395,428 1,1,1,1,1
28214,650,28215,5,85,1730,19,8379 1,1,1,1,1,1,1,1
163,7,213,355,66,820,119,860,1363 1,1,1,1,1,1,1,1,1
93,73,181,32,166 1,1,1,1,1
202,2301,324,42,9626,5828 1,1,1,1,1,1
2839,74,90 1,1,1
1290,599 1,1
112,11,846,2,264,487,2,229,26,1289,645,6668 1,1,1,1,1,1,1,1,1,1,1,1
44,90 1,1
3561,11,417,26,1422 1,1,1,1,1
187,599,8277,1119,26,277 1,1,1,1,1,1
11,229 1,1
812,73,11,571 1,1,1,1
878,31,1790 1,1,1
577,148,17,67 1,1,1,1
10065,324 1,1
445,243,275,2,11,79 1,1,1,1,1,1
77,184,390,25,33,247,49,4,15247,931,3392,998 1,13,1,1,1,1,1,1,1,1,1,1
1895,5808,35,45,9,62,8,25,291,8379,9,5496,7403,850,8,5617,2482,33,1692,5055,25,33,247,49,4,15247,35,347,641,2,820,17,248,153,107,119,223,987,4480,25,291,1468,1144,14,1092,24,3219,1113,53,576,10,566,2,5313,28216,2,26,1092,68,14,763,3219,1168,13,3810,28217 1,1,1,1,1,1,1,1,1,1,1,1,1,1,1,1,1,1,1,1,1,1,1,1,1,1,1,1,1,1,1,1,1,1,1,1,1,20,1,1,1,1,1,1,1,1,1,1,1,1,1,1,1,1,1,1,1,1,1,1,1,1,1,1,1,1
21,979,588,32,57,32,3857 1,1,1,1,1,1,1
409,1954,176,55,796,2,48,124,2954,692,241,9171,56,2081,5385 1,1,1,1,1,1,1,1,1,1,1,1,1,1,1
47,8696,963,58,8097,10850,10,470 1,1,1,1,1,1,1,1
526,11069,1773,1707,2,96 1,1,1,1,1,1
