67,54,4,33603,1374,625,3,8323,3152,3,2193,4338,33604,125,1279,147,4,623,132,19,10160,5,12524,13,265,12,931,116 1,1,1,1,1,1,1,1,1,1,1,1,1,1,1,1,1,1,1,1,1,1,1,1,1,1,1,1
931,3428,1248 1,1,1
288,488,290,10,657,34 1,1,1,1,1,1
70,384,34,211,657,132,984,306,384 1,1,1,1,1,1,1,1,1
535,1170,326 1,1,1
166,7000,312,306,4457 1,1,1,1,1
4506,82,3145,33,2128,72 1,1,1,1,1,1
80,39,30,4,391,1274,33,21,31,157,1357,159,3506,140,9,1261,586,842,8 1,1,1,1,1,1,1,1,1,1,1,1,1,1,1,1,1,1,1
21,1001,92,188 1,1,1,1
132,391,19,518,13,232,915 1,1,1,1,1,1,1
2619,151,280,408,695,408,33,1011,1021,72,33605,895,1271,1004,33606,43,64,33607,3,27,33608,198,599 1,4,23,1,1,1,1,1,1,1,1,1,1,1,1,1,1,1,1,1,1,1,1
812,4506,1447,33,99,2128,12525,13,64,4534,33609 1,1,1,1,1,1,1,1,1,1,1
39,274,215,22,32,809,9,348,8,501,22,69,218,335,22,32,12526,632,167,736,171,22,32,33610,108,32,12466,3,835,108,22,892,8465,69,815,171,22,32,1052,171,22,2077,1262,231,22,32,780,1211,22,32,33,20,138,33611,3,51,21,31,2050,1702 1,7,1,1,1,17,17,17,17,1,1,1,13,1,1,1,1,1,1,12,1,1,1,1,1,1,1,1,1,1,1,1,1,1,1,1,1,1,12,1,1,1,27,1,1,1,64,1,1,1,1,1,1,1,1,1,1,1,1,1
4457,167,5,7000,167 1,1,1,1,1
33,166,10,1755,1485 1,1,1,1,1
127,146,38,15,170,1105,10,175,7,6,2619,39,12,6,80 1,1,1,1,1,1,1,1,1,1,1,1,1,1,1
206,30,2306,90,238,150,436,1169,33612 1,1,1,14,14,1,1,1,1
102,101,4,148,4,3089,10989,187,4,581,196,4,673,8607,84,227,4,797,3,1124,91 1,1,1,1,1,1,1,1,1,1,1,1,1,1,1,1,1,1,1,1,1
136,4,332,3,11,1189,3,11,879,48,4,493,2320,1065,3,91,13,263 1,1,1,1,1,1,1,1,1,1,1,1,1,1,1,1,1,1
720,4,44,304,3,2118,2111,310,362,4,44,588,3,11,240,26,246,29,11,1061,531,4,2074,93,100 1,1,1,1,1,1,1,1,1,1,1,1,1,1,1,1,1,1,1,1,1,1,1,1,1
339,4,280,33,11,265,106,33,1349,89 1,1,23,1,1,1,7,1,1,1
391,1274,33,90,535,391,5,31,1751,12,10982,465 1,1,1,1,1,1,1,1,1,1,1,1
798,1157,33,681,265,19,301,389 1,1,1,1,1,1,1,1
4506,82,3145,903,2128,72,12525 1,1,1,1,1,1,1
16079,464,13,70,384,34,5,657,34 1,1,1,1,1,1,1,1,1
648,56,557,793,234 1,1,1,1,1
104,4,4457,36,5765,32,33,21,31,68,49,3,51,285,186,16,49,92 1,1,1,1,1,1,1,1,1,1,1,1,1,1,1,1,1,1
7000,909,174,65,167,33,646,446,1122,254,17,132 1,1,1,1,1,1,1,1,1,1,1,1
96,115,13,64,5558 1,1,1,1,1
96,115,12,117,129,4830,3459,10945,3,229 1,1,1,1,1,1,1,1,1,1
