69,49,4,28484,15301,28485,141,99,1327,4,28486,10180,4,28487,384,4,1970,7,7534,28488,11016,13,1136,19,735,9,28489,8,2,406,1122,2,5,216,1991,2,874,579,123,146,65,15302,103,1111,5,5070,805 1,1,1,1,1,1,1,1,1,1,1,1,1,1,1,1,1,1,1,1,1,1,1,1,1,1,1,1,1,1,1,1,1,1,1,1,1,1,1,1,1,1,1,1,1,1,1
29,20,28490,42,3496,104,3067,10,3105,15,2390,7,12535,583,13,28491,32,29,20,15,657,545,2380 1,1,1,1,1,1,1,1,1,1,1,1,1,1,1,1,1,1,1,1,1,1,1
6,29,20,201,153,107,2078,12,6,189,17,1781,27,735 1,1,1,1,1,1,1,1,1,1,1,1,1,1
28492,19,6,28493,10,7312,6,29,28494,12,6,4366 1,1,1,1,1,1,1,1,1,1,1,1
6,29,1938,192,849,5,39,15,43,392,205,5,147,5,20,874,140 1,1,1,1,1,1,1,1,1,1,1,1,1,1,1,1,1
29,20,27,28495,80,5,119,1476,586,2,6,29,20,31,3971,14445,2,28496,111,28497,2,558,2884,2,651,204,41,19,628,432,38,2319 1,1,1,1,1,1,1,1,1,1,1,1,1,1,1,1,1,1,1,1,1,1,1,1,1,1,1,1,1,1,1,1
278,2,1476,267,106,28498,7,1644,2,1737,3299,117,462,606,2,432,38,656,2,28499,6,29,28500,100,19,23,2248 1,1,1,1,1,1,1,1,1,1,1,1,1,1,1,1,1,1,1,1,1,1,1,1,1,1,1
119,2116,29,14,316,13163,8467,5,4679,28501,27,450 1,1,1,1,1,1,1,1,1,1,1,1
7182,27,450,2,11,180,1196,2,11,28502,26,6542 1,1,1,1,1,1,1,1,1,1,1,1
7,99,2,29,14,5834,17,42,567,5,3368,8593,28503 1,1,1,1,1,1,1,1,1,1,1,1,1
6,29,74,128,21,2424,10657,959,12,6,78 1,1,1,1,1,1,1,1,1,1,1
29,3154,316,847,389,27,450 1,1,1,1,1,1,1
567,267,29,21,61,1041,1104,27,140,2,48,14,3950,173,472,248,534,7,403,8935,348 1,1,1,1,1,1,1,1,1,1,1,1,1,1,1,1,1,1,1,1,1
29,14,724,17,6027,1775,5,29,14,6428,10,55,1222,117,2279,17,38,746 1,1,1,1,1,1,1,1,1,1,1,1,1,1,1,1,1,1
189,408,4,29,14,537,265,17,2545 1,1,1,1,1,1,1,1,1
29,21,450,43,638,2,2260,2770,2,29,21,31,3824,286,26,2098,28504,12,189 1,1,1,1,1,1,1,1,1,1,1,1,1,1,1,1,1,1,1
205,392,31,2304,32,346,922 1,1,1,1,1,1,1
189,312,416,147,482,11,180,1484 1,1,1,1,1,1,1,1
499,4,199,1077,2,11,596,2,29,21,61,2492,13,192,77,119,567 1,1,1,1,1,1,1,1,1,1,1,1,1,1,1,1,1
11,11400,26,13573,2,11,28505,435 1,1,1,1,1,1,1,1
637,4,1630,10592,735,9,276,2,7001,2,5979,8,11484,28506,36,27,15302,2,11,1489,3245,2,266,1680,19,28507,28508,9,4238,8,28509,475,2113,2,188,28510,28511,216,1232,257,4,161,896,547,474,22,25,82,165,1133,109,22,25,82,186,11080,154,22,25,82,249,6231,767,83,22,25,82,351,1875,767,204,22,25,59,459,184,130,22,25,82,636,8985,1522,35,347,25,82,843,1703,130,22,25,1244,1038,7704,2560,22,25,1759,192,4,747,1100,4,295,13,567,9,5467,8,104,8098,10680,203,28,773,10,2949,28512 1,1,1,1,1,1,1,1,1,1,1,1,1,1,1,1,1,1,1,1,1,1,1,1,1,1,1,1,1,1,1,1,1,1,1,1,1,1,1,1,1,1,11,11,1,1,1,1,1,23,1,1,1,1,1,1,1,1,1,1,1,1,1,1,1,1,1,1,7,7,1,1,1,1,1,13,1,1,1,1,1,1,1,1,1,1,1,1,12,1,1,1,1,1,1,1,1,1,1,1,1,1,18,1,1,1,1,1,1,1,1,1,1,1,1,1,1,1,1
990,4,11,128,299,7,1122,26,1232,385,4,638,4,276,738,289,1645,28513,204,41,628,224,4,57,1019,2,436,202,4,1176,4,2417,2,570,1841,4,2907,2587,2,11,733,26,377,112,4,259,601,920,226,4,745,1097,2,11,13633,118,4,418,2,28514,2,11,1058,187,4,133,2,8176,2,1381,2,11,953,217,4,171,13634,243,2,11,28515,2,70,386,12,6367,258,4,28516,649,2185,2,524,2186,2,824,980,9,54,8,2,689,154,9,72,8,2,379,723,2,804,14974,9,72,8,2,1578,1163,9,54,8,2,770,5515,9,72,8,4787,649,3889,9,220,8,2,524,2080,2,824,2040,9,220,8,2,689,2114,2,379,2372,9,220,8,2,804,12201,9,220,8,2,1578,109,2,770,13499,9,220,8,4787,649,4079,9,220,8,2,524,3687,9,220,46,8,2,824,1944,9,220,8,2,689,2114,2,379,2372,9,220,8,2,804,15303,9,220,46,8,2,1578,109,2,770,594,9,220,8,5147,649,2397,2,524,1982,2,824,738,2,689,1865,2,379,1250,2,804,8991,9,220,46,8,2,1578,1163,2,770,5830,9,220,8,5147,524,28517,1498,28518,1498,28519,1498,28520,1498,28521,6664,9624,9,220,8,4787,6664,6626,9,220,8,5147,6664,5417,9,220,8,5147,6664,7942,9,220,8,5147,6664,8073,9,220,8,9044,335,2687,9,54,8,2,935,1517,2,1437,4699,2,1434,2675,9,54,8,4787,335,2796,2,1178,2034,2,1434,2675,9,220,8,4787,335,4005,2,22,28522,244,13729,7054,9,220,8,5147,335,28523,1465,903,2,1438,579,2,1497,6533,9,72,8,2,935,28524,867,1250,9,54,8,2,1330,215,31,716,2,2986,28525,9,4144,8,9044,298,6636,2,615,28526,9,54,8,2,458,4088,9,46,54,8,2,266,7649,9,46,54,8,2,530,2515,2,665,8298,9,54,8,2,698,5425,9,54,8,2,443,11713,9,46,8,4787,298,28527,2,615,15254,9,220,8,2,458,2796,9,220,8,2,266,7649,9,220,8,2,530,28528,2,665,4996,9,220,8,2,698,5469,2,443,28529,298,28530,9,220,8,2,615,28531,9,220,8,2,458,3380,9,220,8,2,266,5738,9,220,8,2,530,28532,2,665,28533,9,220,8,2,698,5757,9,220,8,2,443,4356,9,46,8,5147,298,28534,9,220,8,2,615,28535,9,220,8,2,458,2618,9,220,8,2,266,5323,9,220,8,2,530,14973,2,665,5693,9,220,8,2,698,5998,2,443,3116,9,220,8,9044,666,28536,9,72,8,4787,666,28537,9,220,8,4787,666,15304,9,220,8,5147,666,15304,9,220,8,9044,41,1753,8882,9,72,8,2,41,1637,4088,9,72,8,2,41,732,684,2,41,1675,1517,2,41,7676,3658,9,54,8,4787,41,8433,515,2,41,10937,1174,9,46,8,2,41,7676,1250,2,41,10938,15305,41,28538,1568,28539,41,10939,109,9,220,46,8,2,41,10940,35,2,41,10941,15305,1513,5052,2,1458,28540,2,2130,28541,1513,395,2,14805,171,2,1458,395,2,2130,395,2,28542,171,2,10942,28543,64,6998,9,220,8,2,1046,1571,9,220,8,2,1069,28544,9,220,8,4787,64,3658,9,220,8,2,1046,1571,9,220,8,2,1069,28545,9,220,8,5147,64,7058,9,220,8,2,1046,1571,9,220,8,2,1069,15306,9,220,8,426,4,147,4,764,2,474,1823,2,11,180,1219,1923,28546,205,392,4,320,4,161,11,180,2634,1954 1,1,1,1,1,1,1,1,1,1,1,1,1,1,1,1,1,1,1,1,1,1,1,1,1,1,1,1,1,1,1,1,1,1,1,1,1,1,1,1,1,1,1,1,1,1,1,1,1,1,1,1,1,1,1,1,1,1,1,1,1,1,1,1,1,1,1,1,1,1,1,1,1,1,1,1,1,1,1,1,1,1,1,1,1,1,1,1,1,1,1,1,1,1,1,1,1,1,1,1,1,1,1,1,1,1,1,1,1,1,1,1,1,1,1,1,1,1,1,1,1,1,29,29,1,1,1,1,1,1,1,1,1,1,1,1,1,1,1,1,1,1,1,1,1,1,1,1,1,1,1,1,1,1,1,1,1,1,1,1,1,29,29,1,1,1,1,1,1,1,1,1,1,1,1,1,1,1,1,1,1,1,1,1,1,1,1,1,1,1,1,1,1,1,1,1,1,1,1,1,1,1,1,1,1,29,29,1,1,1,1,1,1,1,1,1,1,1,1,1,1,1,1,1,1,1,1,1,1,1,1,1,1,1,1,1,29,29,1,1,1,1,1,1,1,1,1,1,1,1,1,1,29,29,1,1,1,1,29,29,1,1,1,1,29,29,1,1,1,1,29,29,1,1,1,1,29,29,1,1,1,1,1,1,1,1,1,1,1,1,1,1,1,1,1,1,1,1,1,1,1,1,1,1,1,1,1,1,1,1,1,1,1,1,1,1,1,1,1,1,1,1,1,1,1,1,1,1,1,1,1,1,1,1,1,1,1,1,1,1,1,1,1,1,1,1,1,1,1,1,1,1,1,1,1,1,1,1,1,1,1,1,1,1,1,1,1,1,1,1,1,1,1,1,1,1,1,1,1,1,1,1,1,1,1,1,1,1,1,1,1,1,1,1,1,1,1,1,1,1,1,1,1,1,1,1,1,1,1,1,1,1,1,1,1,1,1,1,1,1,1,1,1,1,1,1,1,1,1,1,1,1,1,1,1,1,1,1,1,1,1,1,1,1,1,1,1,1,1,1,1,1,1,1,1,1,1,1,1,1,1,1,1,1,1,1,1,1,1,1,1,1,1,1,1,1,1,1,1,1,1,1,1,1,1,1,1,1,1,1,1,1,1,1,1,1,1,1,1,1,1,1,1,1,1,1,1,1,1,1,1,1,1,1,1,1,1,1,1,1,1,1,1,1,1,1,1,1,1,1,1,1,1,1,1,1,1,1,1,1,1,1,1,1,1,1,1,1,1,1,1,1,1,1,1,1,1,1,1,1,1,1,1,1,1,1,1,1,1,1,1,1,1,1,1,1,1,1,1,1,1,1,1,1,1,1,1,1,1,1,1,1,1,1,1,1,1,1,1,1,1,1,1,1,1,1,1,1,1,1,1,1,1,1,1,1,1,1,1,1,1,1,1,1,1,1,1,1,1,1,1,1,1,1,1,1,1,1,1,1,1,1,1,1,1,1,1,1,1,1,1,1,1,1,1,1,1,1,1,1,1,1,1,1,1,1,1,1,1,1,1,1,1,1,1,1,1,1,1,1,1,1,1,1,1,1,1,1,1,1,1,1,1,1,1,1,1,1,1,1,1,1,1,1,1,1,1,1,1,1,1,1,1,1,1
165,634,5701,769,4000,142,186,225,1638,6953,28547 1,1,1,1,1,1,1,1,1,1,1
833,4,368,200,307,528,13,406,1122,5,1136,629,13,248,1073,4795,534,7,28548,2,43,12,1352,534,2,5,13,15,280,783,1471,2,173,793,7,450,2,13,15,6805,147,5,867 1,1,1,1,1,1,1,1,1,1,1,1,1,1,1,1,1,1,1,1,1,1,1,1,1,1,1,1,1,1,1,1,1,1,1,1,1,1,1,1,1,1,1
46,8,6932,36,884,1187,314,392,205,148 1,1,1,1,1,1,1,1,1,1
4711,3201,2006,566,2006,844,28549,638,313,2006,1607,7,28550,155,1311,2,464 1,1,1,1,1,1,1,1,1,1,1,1,1,1,1,1,1
28551,155,28552,91,2714,98,51,3630,174,28553,2,293,2449,12,221,10,2155,314,892 1,1,1,1,1,1,1,1,1,1,1,1,1,1,1,1,1,1,1
679,140,28554,10633,32,28555,4207,46,8,1136,19,735,36,40,5071,132,7,28556,6027,1731,32,28557,132,257,46,8,116,36,679,1918,2,7197,2,1318,46,8,120,36,8990 1,1,1,1,1,1,1,1,1,1,1,1,1,1,1,1,1,1,1,1,1,1,1,1,1,1,10,1,1,13,1,23,1,7,1,1,4,1,1
40,5704,17,2203,2448,46,8,1122,36,679,14049,257,46,8,2009,36,132,333,9,1222,117,3863,8,2,28558,333,13,3078,5339,2,2058,2,82,258,46,8,3446,36,652,405,715,4,10977,941,13,128,5117,4,5467,15128,2,4421,2,28559 1,1,1,6,6,1,1,1,1,1,1,1,1,1,1,1,1,1,1,1,1,1,1,1,1,1,1,1,1,1,1,1,1,1,1,1,1,1,1,1,1,1,1,1,1,1,1,1,1,1,1,1,1,1
