69,49,4,28682,2163,292,5354,384,4,116,28,2571,771,761,3317,2,5,184,105,22,6768,173,2784,5589,5,173,365,1626,299,4,116,514,8487,1545,116,120,51,2,3697,1356,257,77,184,105,22,2,35,45,9,62,8,25,33,4,60,32,575,222,31,60,3639,35,595,5528,25,33,4,60,32,575,1594,397,8808,2,35,45,9,62,8,25,33,4,60,32,575,210,9,894,8,390,2,35,45,9,62,8,25,33,4,60,35,1719,304,2101,26,27,886,95,211,9,726,925,2,35,45,9,62,8,33,4,60,32,575,771,677,9,556,2461,1380,1062,8,683,2,931,45,9,62,8,25,33,192,6769,484,2575,178,661,335,11,2870,661,13,120,2997,671,148,430,148,840,148,500,11089,4720,11090,35,775,8770,3820,148,4152,11091,1293,10,245,7574 1,1,1,1,1,1,1,1,1,10,1,1,7,1,1,1,1,13,1,1,1,1,5,5,1,1,1,1,1,1,10,1,1,1,10,4,4,4,16,1,1,1,13,1,1,1,1,1,1,1,1,1,1,1,1,1,1,1,1,1,25,1,1,1,1,1,1,1,1,1,1,1,1,1,1,1,1,1,1,1,1,1,1,1,1,12,12,12,12,1,1,1,1,1,1,1,1,1,1,1,1,1,1,1,1,1,1,1,11,1,1,1,1,1,1,1,1,1,1,1,1,1,1,7,7,1,1,1,1,1,1,1,1,1,1,1,1,1,1,1,1,1,1,1,1,1,1,1,1,1,1,1,1,14,14,1,1,1,1,1,1,1,1,1,1,1,1,1,1,1,1,1,1,1
499,862,324,895,324,508,148,868,148,394,148,803,148,1232,148,44,34,148,4739,148,892,148,366,148,1106,148,250,148,8833,148,272,148,5421,148,435,148,613,148,121,274,1313,263,34,148,1612,989,807,148,15335,148,2793,148,11038,148,11092,148,2639,1214,148,1621,1214,148,6925,28683,3341,17,8409 1,1,1,1,1,1,1,1,1,1,1,1,1,1,1,1,1,1,1,1,1,1,1,1,1,1,1,1,1,1,1,1,1,1,1,1,1,1,1,1,1,1,1,1,1,1,1,1,1,1,1,1,1,1,1,1,1,1,1,1,1,1,1,1,1,1,1
6517,324,3072,148,8493,148,168,34,148,588,148,799,11,11093,484,148,5234,148,3579,274,148,10049,148,4265,3445,1772,1551,15336,1860,2832,6522,324,2070,148,2975,148,1385,148,333,324,2754,102,367,11094,111,9304,6768,32,256,492,982,574,723,616,7896,727,64,27,9011,74,5753 1,1,1,1,1,1,1,1,1,1,1,1,1,1,1,1,1,1,1,1,1,1,1,1,1,1,1,1,1,1,1,1,1,1,1,1,1,1,1,1,1,1,1,1,5,5,1,1,1,1,1,1,1,1,1,1,1,1,1,1,1
323,972,139,324,2261,324,672,324,731,324,1099,324,112,920,11,11095,11,799,148,620,918,44,856,11,694,302,246,253,324,387,11,187,133,875,342,11,463,11,229,217,79,11,2261,43 1,1,1,1,1,1,1,1,1,1,1,1,1,1,1,1,1,1,1,1,1,1,1,1,1,1,1,1,1,1,1,1,1,1,1,1,24,1,1,1,1,1,1,1
8086,116,28684,1242,42,6768,28,289,4,383,184,130,3317,311,51,120,19,333,28,289,4,126,333,5,1882,616,3697,19,210,2,5,333,28,289,4,126,1140 1,10,1,1,1,1,1,1,1,1,13,1,1,4,4,4,1,1,1,1,1,1,1,1,1,1,16,1,12,1,1,1,1,1,1,1,1
1356,1737,11096,28,1005,344,28,289,28,126,1594 1,1,1,1,1,1,1,1,1,1,1
1598,42,147,28,289,4,338,111 1,1,1,1,1,1,1,1
192,6769 1,1
1293,10,1029,1115,13,15337 1,1,1,1,1,1
2576,35,376 1,1,1
