69,49,4,28708,3756,1695,144,378,325,1211,11097,1142,3962,2,4438,7711,2,371,9046,7712,7713,287,3962,14,15,1182,200,307,471,104,774,12,80,17,207,100,7,24,67,94,560,32,57,32,24,367,542 1,1,1,1,1,1,1,1,1,1,1,1,1,1,1,1,1,1,1,1,1,1,1,1,1,1,1,1,1,1,1,1,1,1,1,1,1,1,1,1,1,1,1,1,1,16,1
47,50,61,28709,287,3962,74,67,94,322,136,16,52,3756,1695,144,17,63,656,7,5317,5,8997,363,198,146 1,1,1,1,1,1,1,1,1,1,1,1,1,1,1,1,1,1,1,1,1,1,1,1,1,1
24,67,94,322,281,14,669,768,641,2,184,2,390,998 1,1,1,1,1,1,25,25,1,1,13,13,13,13
5,230,768,998 1,7,7,7
16,1249,1007,10,63,622,101,27,58,15341,622,15,223,146,5,20,166,68,10,50,344,67,94 1,1,1,1,1,1,1,1,1,1,1,1,1,1,1,1,1,1,1,1,10,10,10
18,1788,63,383,12,24,230,65,768,10,626 1,1,1,1,1,1,7,1,1,1,1
16,21,31,1911,1500,37,1948 1,1,1,1,1,1,1
287,3962,74,67,94,80,14,5805 1,1,1,5,5,5,5,5
16,88,87,134,44,34,2,255,7,194,2,1251,26,150,115 1,1,1,1,1,1,1,1,1,1,1,1,1,1,1
287,3962,74,367,20,1453,42,260,97,101,239,10,15,11098,251,367,153,200,146,71,39,31,61,480 1,1,1,16,1,1,1,1,1,1,1,1,1,1,1,16,1,1,1,1,1,1,1,1
24,231,367,542,20,488,15161,2,940,1743,2,544,28710,163,7,213,4,287,3962,88,87,134,508,2,469,2,868,2,44,34,2,255,7,194,2,250,2,272,2,402,2,435,2,807 1,1,16,35,35,35,35,1,1,1,1,1,1,1,1,1,1,1,1,1,1,1,1,1,1,1,1,1,1,1,1,1,1,1,1,1,1,1,1,1,1,1,1,1
93,122,4,24,67,94,14,5805 1,1,1,5,5,5,5,5
24,121,14,12345,24,118,145,14,4689,409,73,14,90,10,452,193 1,1,1,1,1,1,1,1,1,1,1,1,1,1,1,1
6,91,73,482,15,135,145,5,212,13,43,246,2,253,2,11,387 1,1,1,1,1,1,1,1,1,1,1,1,1,1,1,1,1
263,73,14,599 1,1,1,1
217,1035,11,160,7,79 1,1,1,1,1,1
134,3675,1035,15,2175,481,1075,7,397,2837,2,633,2127,2,749,2344,2,4549,1865,2,379,854,2,331,1267,2,358,15342,16,21,15,43,902,496,215,5,43,442,5,1042 1,1,1,1,1,1,1,1,1,1,1,1,1,1,1,1,1,1,1,1,1,1,1,1,1,1,1,1,1,1,1,1,1,1,1,1,1,1,1,1
24,5561,14,43,27,28711,24,28712,14,43,27,28713,242,5,114,4,161,127 1,1,1,1,1,1,1,1,1,1,1,1,1,1,1,1,1,10
287,3962,74,67,94,589,10,55,251,1170,24,231,322,7,669,5,184,5,230 1,1,1,1,1,1,1,1,1,1,1,1,1,1,25,1,13,1,7
16,20,288,124,63,264,230,262,65,58,15341 1,1,1,1,1,1,7,1,1,1,1
47,1061,13,38,1941,5,40,5506,17,170,10,7326,24,1948,5,3363,38,280,322,297,16,2260,100,12,15,451,236,17,67,94,155 1,1,1,1,1,1,1,1,1,1,1,1,1,1,1,1,1,1,1,1,1,1,1,1,1,1,1,1,1,1,1
165,367 1,16
6,29,74,367,14,2237,251 1,1,1,16,1,1,1
124,24,5810,2,47,209,4833,17,63,544,542,553,271,6974,2320,2,47,40,3363,15,408,7,894 1,1,1,1,1,1,1,1,1,1,1,1,1,1,1,1,1,1,12,12,12,12,12
24,231,902,496,968,53,43 1,1,1,1,1,1,1
3756,1695,144,378,325,1212,11097,1142,3962,2,4438,7711,2,371,9046,7712,7713,1357,51,186,424,927 1,1,1,1,1,1,1,1,1,1,1,1,1,1,1,1,1,1,1,1,1,1
47,50,909,10,170,4205,106,121 1,1,1,1,1,1,1,1
16,21,2476,259,643,136,24,2422,97,376 1,1,1,1,1,1,1,1,1,1
16,3791,38,10,24,15158,1041,2,48,16,687,37,16,1302,15,199,5837,7,352 1,1,1,1,1,1,1,1,1,1,1,1,1,1,1,1,1,1,1
47,40,126,10,1491,333,5,352,17,170 1,1,1,1,1,1,1,1,1,1
16,21,373,288,28714,15,1772,5,15,1401,1291,97,223 1,1,1,1,1,1,1,1,1,1,1,1,1
3136,2740,6503,2,96 1,1,1,1,1
558,4,28715,28,800,4,7713,28,827,4,7713,28,818,4,7713 1,1,1,1,1,1,1,1,1,1,1,1,1,1,1
