69,49,4,28752,28753,2,28754,2,11101,6,29,20,201,19,28755 1,1,1,1,1,1,1,1,1,18,1,1,1,1,1
47,1736,37,47,50,1538,5,755,6,29,2,177,6,5237,2105,19,6,29,74,948,2,5,285,6,233,2,114,7,203,2,5,642,13,6,29 1,1,1,1,1,1,1,1,18,1,1,1,18,1,1,1,18,1,1,1,1,1,1,18,1,1,1,1,1,1,1,1,1,18,1
858,391,4,403,337,566 1,1,1,1,1,1
348,30,7,156,360,4,6,29,14,15,6102,471,13,15,30,7,3952,81,2,67,728,12,6,14932,38,223,2,188,132,776,19,2508,576,10,81,104,39,15,225,2860,104,279,13,102,123,7,70,2103,611,2,377,5,6370,7577,1731 1,1,1,1,1,1,18,1,1,1,1,1,1,1,1,1,4,4,1,1,1,1,18,1,1,1,1,1,1,1,1,1,1,1,4,1,1,1,1,1,1,1,1,1,1,1,1,1,1,1,1,1,1,1,1
11,733 1,1
6,29,39,476,466,12,225,744,576,10,381,527 18,1,1,1,1,1,1,1,1,1,4,1
16,88,272,2,402,2,596,2,263,34,2,250,2,255,194,2,26,44,34 1,1,1,1,1,1,1,1,1,1,1,1,1,1,1,1,1,1,1
6,29,14,3977,5,6386,4656 18,1,1,1,1,1,1
16,85,21,15,30,7,127 1,1,1,1,1,1,10
6,468,7,6,78,89,30,2,179,30,2,128,30,2,545,30,2,163,7,213,2,137,2,5,77,32,119,6,427,74,99 18,1,1,18,1,1,1,1,1,1,1,1,1,1,1,1,1,1,1,1,1,1,1,1,1,1,1,18,1,1,1
93,122,4,870,14,2791,2,296,1333,2,372,145,105,2,67,94,14,28756,2,5,1304,1080,41,19,674,662 1,1,1,1,1,1,1,1,1,1,1,1,1,1,5,5,5,5,1,1,1,1,1,1,1,1
224,4,11,1451,326,2,3079 1,1,1,1,1,1,1
202,4,1186,5,1125 1,1,1,1,1
1237,129,225,2292,8788 1,1,1,1,1
3026,129,90 1,1,1
802,2907,20,1130 1,1,1,1
112,14,330 1,1,1
226,4,90,10,452,193,2,11,856,26,942 1,1,1,1,1,1,1,1,1,1,1
91,73,4,135,145,5,212 1,1,1,1,1,1,1
11,387,2,711,2,26,766 1,1,1,1,1,1,1
263,73,4,199,300,302,2,1774,2,375,2,5,133 1,1,1,1,1,1,1,1,1,1,1,1,1
445,73,4,11,754,79,2,1382,277,2,26,4247 1,1,1,1,1,1,1,1,1,1,1,1
1031,122,4,6,29,21,225,2860 1,1,1,18,1,1,1,1
181,73,4,6,29,21,682,9460,27,12223,7,24,225,744,28,278,2,16,21,15,35,601,3207,3527,12,6,2103,7,24,70,337,37,14,28757,5,21,106,8204,377,19,9460 1,1,1,18,1,1,1,1,1,1,1,1,1,1,1,1,1,1,1,1,1,1,1,1,1,18,1,1,1,1,1,1,1,1,1,1,1,1,1,1,1
84,3909,21,6370,8039 1,1,1,1,1
84,14,375 1,1,1
1030,122,4,731,590,1028,722,192,217 1,1,1,1,1,1,1,1,1
466,476,225,744,2,10,6,1585 1,1,1,1,1,1,18,1
468,7,6,197,217,129,175,10,688,1014,5,2274 1,1,18,1,1,1,1,1,1,1,1,1
343,122,171,1410,5,967,243 1,1,1,1,1,1,1
303,441,408,4,15,6102,471,381,13,6370,7577,337,611 1,1,1,1,1,1,1,4,1,1,1,1,1
380,2494,14,1254,2,133,1377,566,2,26,2595 1,1,1,1,1,1,1,1,1,1,1
6,29,74,298,20,10567,835,5,2190,129,43 18,1,1,1,1,1,1,1,1,1,1
16,20,610,682 1,1,1,1
24,379,20,6596,24,331,7,4375,28,278,2,84,20,476,65,24,2508,922 1,1,1,1,1,1,1,1,1,1,1,1,1,1,1,1,1,1
397,20,3016,2,633,20,28758,63,810,7,24,337,7,6,70,222,31,1892,87,2595,28,278,2,124,24,938,7577,8039,5,8204,377,19,24,3023,2,92,5244,10,1815,170,13,28759,22,7,7606 1,1,1,1,1,1,1,1,1,1,1,1,1,18,1,1,1,1,1,1,1,1,1,1,1,1,1,1,1,1,1,1,1,1,1,1,1,1,1,1,1,1,1,1,1
16,85,431,1165,17,106,34 1,1,1,1,1,1,1
6,29,67,94,1558,344,5,27,153,845,84,20,28760 18,5,5,5,5,5,5,5,5,5,5,5,5
16,431,109,22,7,2307,2,109,22,7,1875,219,32,57,32,204,22,7,1875,327 1,1,1,1,1,1,1,7,7,7,7,7,1,1,1,7,7,7,7,7
6,29,74,67,94,1007,423,10,6584,158,10,141 18,5,5,5,5,5,5,5,5,5,5,5
6,29,74,763,203,312,20,1008,104,2738,13,6,141,10,6,89,659 18,1,1,1,1,1,1,1,1,1,1,18,1,1,18,1,1
2494,4,161,381,337,1346 1,1,1,4,1,1
165,127 1,10
526,15347,2,11101,96 1,1,1,1,1
495,4,15348,276,4,15348,597,42,4,15347,2,11101,813,28761,1852,232,31,177,42,240,312,232 1,1,1,1,1,1,1,1,1,1,1,1,1,1,1,1,1,1,1,1,1,1
