69,49,4,28881,507,141,99,9049,7714,28882,28883,11105,49,7,141,28884,1412,4,6407,28885,2,195,2,28886,28887,1142,2,28888,15368,38,28889,528,15369,740,2,6958,7,120,2,116,2,11,1283,343,76,2,28890,158,28891,17,455,740 1,1,1,1,1,1,1,1,1,1,1,1,1,1,1,1,1,1,1,1,1,1,1,1,1,1,1,1,1,1,1,1,1,1,1,1,1,4,1,10,1,1,1,1,1,1,1,1,1,1,1,1
1066,28892,4,28893,19,2217,2,3596,455,2,5989,999,142,6890,32,1126,48,31,1394,7,313 1,1,1,1,1,1,1,1,1,1,1,1,1,1,1,1,1,1,1,1,1
12,10364,2,382,10,974,35,4633,952,115,532,38,221,151,18,39,54,112,34,1539,10,392,5,423,54,349,2716,51,1902,28,85,1024,396,2,969,2,3734,1673,156,17,106,95 1,1,1,1,1,1,1,1,1,1,1,1,1,1,1,1,1,1,1,1,1,1,1,1,1,1,1,1,1,1,1,1,1,1,1,1,1,1,1,1,1,1
19,1367,12,1087,952,44,115,2,111,28894,2,289,204,2,11,518,1113 1,1,1,1,1,1,1,1,1,1,1,1,1,1,1,1,1
265,17,1906 1,1,1
499,4,88,596,2,469,2,1642,2,435,2,4423,2,756 1,1,1,1,1,1,1,1,1,1,1,1,1,1
192,150,2830,213,148 1,1,1,1,1
637,4,120,2,116,2,4766,2835,2,299,7,6000,569,2,4441,902,76,2,4695,1860 1,1,4,1,10,1,1,1,1,1,1,1,1,1,1,1,1,1,1,1
257,4,172,925,33,2,310,4480,59,2,1606 1,1,11,11,11,1,20,20,20,1,23
1641,1146,12,69,9,885,905,8,2,6872,7,184 1,1,1,1,1,1,1,1,1,1,1,1
11,128,299,7,3285,178 1,1,1,1,1,1
113,31,1374,2,1600,554 14,14,14,1,1,1
385,4,111,28895,2,289,365,2,1442,1939,12,886,2,15,75,15 1,1,1,1,1,1,1,1,1,1,1,1,1,1,1,1
11,920,2,625,43,2427,952,229,2,44,745 1,1,1,1,1,1,1,1,1,1,1
1325,1457,2,418,2,43,3043,246,2,6239,2131,253,2,11,1058 1,1,1,1,1,1,1,1,1,1,1,1,1,1,1
187,133,875 1,1,1
217,11,1505,2,619,10,1014 1,1,1,1,1,1,1
7008,2,4608,5,4921,171,2,11,1059 1,1,1,1,1,1,1,1,1
3500,43,12,192,249,258,4,7637,1659,2,28896,456,3553,2,28897,6596,999,4,1565,2,43,28898,2,11,1394,14836,2,11,518,26,1807,1113 1,1,1,1,1,1,1,1,1,1,1,1,1,1,1,1,1,1,1,1,1,1,1,1,1,1,1,1,1,1,1,1
47,75,289,4,64,15369,740,2,6958,317,120 1,1,1,1,1,1,1,1,1,1,4
252,979,9808,7,180,164,740 1,1,1,1,1,1,1
252,328,139,150,271,120 1,1,1,1,1,4
114,2580,91,28899,5,8027,2172 1,1,1,1,1,1,1
108,18,836,952,3849,160,7,313,26,7887,2498,40,2029,28900,1149,1775,26,32,4212 1,1,1,1,1,1,1,1,1,1,1,1,1,1,1,1,1,1,1
126,172,2,247,3451,2049,5108,2,126,120,5082 1,11,1,7,7,7,7,1,1,4,1
797,1001,1835 1,1,1
64,454,55,19,63,3122,108,111,40,1897 1,1,1,1,1,1,1,1,1,1
9440,3257,842,28901,2,195 1,1,1,1,1,1
