69,49,4,28874,6004,303,1315,101,7714,2,9049,11105,101,49,4,28875,38,29,20,201,12,4866,13,427,312,2,8138 1,1,1,1,1,1,1,1,1,1,1,1,1,1,1,1,1,1,1,1,1,1,1,1,1,1,1
361,125,427,74,99,17,5374,885,7,6,101 1,1,1,1,1,1,1,1,1,1,1
629,391,4,44,34 1,1,1,1,1
30,7,629,391,4,38,29,14,15,4824,528,104,279,10,6,303,441,1360,7,44,34 1,1,1,1,1,1,1,1,1,1,1,1,1,1,1,1,1,1,1,1,1
6,29,21,39,306,303,441,2422,17,1535,115 1,1,1,1,1,1,1,1,1,1,1
18,21,15,494,7,4766,2835 1,1,1,1,1,1,1
6,29,416,37,191,6,97,107,26,248,2,18,21,61,460,115,7,52,112,34,5,349,34,2,13,639 1,1,1,1,1,1,1,1,1,1,1,1,1,1,1,1,1,1,1,1,1,1,1,1,1,1
6,29,279,17,233 1,1,1,1,1
163,7,213,4,66,17,255,7,194,2,394,2,803,2,868,2,4213,862,2,596,2,469 1,1,1,1,1,1,1,1,1,1,1,1,1,1,1,1,1,1,1,1,1,1
150,163,7,213,53,66 1,1,1,1,1,1
78,89,30,4,81,5,127 1,1,1,1,4,1,10
77,4,987,2,4320,2,2798 1,1,20,1,1,1,23
137,4,11,334,624,137 1,1,1,1,1,1
179,30,5,128,30,4,2350 18,1,1,1,1,1,1
93,122,4,38,14,15,2464,528,12,11,326 1,1,1,1,1,1,1,1,1,1,1
520,359,4,870,4364,2,296,1987,2,372,145,564,2,67,94,8571 1,1,1,1,1,1,1,1,1,1,1,1,1,5,5,5
1161,1304,14,204,41,19,674,662 1,1,1,1,1,1,1,1
202,4,4868,14,175,2,13,11,160,7,1328,2,28876,2,26,9074 1,1,1,1,1,1,1,1,1,1,1,1,1,1,1,1
1237,53,1967,2,1221,10,688,5,4571 1,1,1,1,1,1,1,1,1
5940,1405,53,90,193 1,1,1,1,1
2444,14,15130,13,15,1052,4798 1,1,1,1,1,1,1
112,4,2921,14,1052,86,7183 1,1,1,1,1,1,1
625,53,171,86,229 1,1,1,1,1
44,4,90,10,452,5,1043 1,1,1,1,1,1,1
562,4,246,2,253,2,11,387,2,766,2,26,711 1,1,1,1,1,1,1,1,1,1,1,1,1
187,4,133,2,978,2,2170 1,1,1,1,1,1,1
11,1119 1,1
318,300,302 1,1,1
11,6403,359 1,1,1
217,4,66,17,720,2,673,2,26,79 1,1,1,1,1,1,1,1,1,1
181,4,66,17,484,2,5383,2,26,28877 1,1,1,1,1,1,1,1,1,1
1030,4,1040,2,413,5,646,98,186,1478,1738,1746,53,175 1,1,1,1,1,1,1,1,1,1,1,1,1,1
863,590,2,1355,2,5,466 1,1,1,1,1,1,1
43,672 1,1
489,233,4,1153,6277,20,483,5,11,228,65,498 1,1,1,1,1,1,1,1,1,1,1,1
6,29,39,63,352,3123,215,12,5435,71,20,557,13,2,48,1394,7,2,313 1,1,1,1,1,1,1,1,1,1,1,1,1,1,1,1,1,1,1
364,1958,12,189,4,6,29,20,124,172,42,1414,2,651,1896,850,4686 1,1,1,1,1,1,1,1,1,1,1,1,1,1,1,1,1
124,6,29,74,498,352,3123,215,2,23,30,7,127,5,81,2,5,1535,115,2,6,29,40,55,265,10,6,144,17,15,1167,286,729,743,5,415,1149,1011 1,1,1,1,1,1,1,1,1,1,1,1,10,1,4,1,1,1,1,1,1,1,1,1,1,1,1,1,1,1,1,1,1,1,1,1,1,1
678,494,4,44,34,2,884,1187 1,1,1,1,1,1,1,1
642,9,317,630,712,377,8,4,6,29,20,265,12,185,630 1,1,1,1,1,1,1,1,1,1,1,1,1,1,1
1416,28878,3141,15366,2,96 1,1,1,1,1,1
15367,28879,28880,597,42,4,3141,15366,2,96 1,1,1,1,1,1,1,1,1,1
15367,232,31,177,42,240,312,232 1,1,1,1,1,1,1,1
