69,49,4,28945,4429,14,15,449,1576,407,104,1305,2223,28946,98,35,107 1,1,1,1,1,1,1,1,1,1,1,1,1,1,1,1,1
13,850,2789 1,1,1
4340,1877,250 1,1,1
11,1945 1,1
11,270 1,1
3586,11,44,34 1,1,1,1
11,270 1,1
11,396 1,1
11,7565 1,1
11,702 1,1
11,655 1,1
11,756 1,1
15060,6534,5,28947,48,1916,504 1,1,1,1,1,1,1
6038,11,272 1,1,1
11,7569 1,1
11,4162 1,1
11,1002 1,1
11,3045,34 1,1,1
11,435 1,1
11,613 1,1
11,1463 1,1
11,2303 1,1
476,1077 1,1
6693,11,1173,28,11,807,28,11,1277,28,11,2546,28,11,28948,1138,588 1,1,1,1,1,1,1,1,1,1,1,1,1,1,1,1,1
167,81,341,311,51,127,1407,9050,4,105,159,146 1,4,4,4,4,10,1,1,1,1,1,1
2711,488,475,1181,4,70,77,184,491,45,60,35,45,9,62,8,25,33,10277,9,5981,1503,8,35,1593,2478,59,28949,9,28950,2748,41,8,2478,506,2967,9,2549,850,1512,8,35,1512,2482,33,607,462,22,9,521,45,60,102,8,25,33,310,3432,22,9,4480,45,60,35,8,25,291,210,9,894,8,491,45,60,35,45,9,62,8,25,33,3639,9,11108,3462,15373,244,22,8,35,595,25,33,10915,28951,22,9,28952,45,60,51,8,25,33,1116,105,22,9,390,595,608,60,35,8,25,33,230,768,45,60,35,45,9,62,8,25,33,137,3497,36,905,520,359,111,28953,2,289,204,2,574,723,3349,2,3485,2,436,661,75,5436,2496,5,6323,28954,1130,28,11,733,28,11,2597,28,11,571,3949,330 1,1,1,1,1,1,1,13,12,12,12,12,12,12,12,12,12,12,1,1,1,1,1,1,1,1,1,1,1,1,1,1,1,1,1,1,1,1,1,1,1,1,1,1,1,22,22,22,22,22,22,22,22,22,22,22,20,20,20,20,20,20,20,20,20,20,20,12,12,12,12,12,12,12,12,12,12,12,12,12,12,25,25,25,25,25,25,25,25,25,25,25,25,1,1,1,1,1,1,1,1,1,1,1,1,1,1,1,1,1,1,1,1,1,1,1,7,7,7,7,7,7,7,7,7,7,7,18,1,1,1,1,1,5,5,1,1,1,1,1,1,1,1,1,1,1,1,1,1,1,1,1,1,1,1,1,1,1,1,1,1,1,1,1,1
11,920 1,1
11,1059 1,1
11,2384 1,1
11,846,4340,11,2521,976,245 1,1,1,1,1,1,1
7566,43 1,1
8761 1
7567 1
3586,1714,7568 1,1,1
1268,43 1,1
11,1422 1,1
11,1371 1,1
1812,5589,5551 1,1,1
5552,43,558,28,133,13,11,1003 1,1,1,1,1,1,1,1
11,693 1,1
11,277,28955,28,65,28,11,34,28,5390,79,28,967,5390,52,28,15376,70 1,1,1,1,1,1,1,1,1,1,1,1,1,1,1,1,1,1
28956,43,28957,1933,70 1,1,1,1,1
28958,4176,28959 1,1,1
457,11110,2456,28960,2,2194,148,2,2676,148,2,2443,617,2,2747,14107,2,2136,171,2,1679,2983,2,2677,354,1518,11110,3034,148,2,2195,148,2,1793,148,2,5311,148,2,5279,1890,28961,2,3370,6165,2,3230,14782,2,3511,617,11110,6482,395,2,3683,395,2,10936,148,2,8289,148,2,8290,148,8762,4,314,3045,115,239,10,264,4176,145 1,1,1,1,1,1,1,1,1,1,1,1,1,1,1,1,1,1,1,1,1,1,1,1,1,1,1,1,1,1,1,1,1,1,1,1,1,1,1,1,1,1,1,1,1,1,1,1,1,1,1,1,1,1,1,1,1,1,1,1,1,1,1,1,1,1,1,1,1,1,1,1,1,1,1,1
1173,7233,28962,2,458,374,2,801,2,383,230,10,768,59 1,1,1,1,1,1,1,1,1,1,7,7,7,7
679,150,257 1,1,1
356,138,457 1,1,1
40,2648,38,1908,10,1724,2,608,15377 1,1,1,1,1,1,1,1,1
