67,54,4,34132,17410,539,281,168,55,28,414,4,5265,3,4493,542,4,12555,54,7,168,4,34133,262,4,3471,6177,451,4,34134,4683,9,9311,5143,207,124,8,1085,7,30,4,28,5,39,67,9120,4,307,3,114,93,3,291,453,282,4,40,2059,4447,13,15,403,7,1822,280,3,458,3,803,3,71,5,2301,146,15,118,12,23,140,66,11531,948,10,7310,948,225,6,99,4754,113 1,1,1,1,1,1,1,1,1,1,1,1,1,1,1,1,1,1,1,1,1,1,1,1,1,1,1,1,1,1,1,1,1,1,1,1,1,1,1,1,1,1,1,1,1,1,1,1,1,1,1,1,1,1,1,1,1,1,1,1,1,1,1,23,23,1,1,1,1,1,4,1,1,1,1,1,1,1,1,1,1,1,1,1,1,1,1,1,1,1
40,957,1151,23,2610,10,1516,140,5,23,308,1784,12,15,140,11694,140,2228,1572 1,1,1,1,1,1,1,1,1,1,1,1,1,1,1,1,1,1,1
6,140,1001,20,1870,43,291,3911,5,4698,3,118,248,474,5,118,307 1,1,1,1,1,1,1,1,1,1,1,1,1,1,1,1,1
16,98,146,170,109,3,13,15,2774,321,3431,7,3723,2307,3,35,60,35,15,3604,15,5466,93,13,128,796,3,5,779,1157 1,1,1,1,1,1,1,1,1,1,1,1,1,1,1,1,1,1,1,1,1,1,1,1,1,1,1,1,1,1
159,6,95,140,1001,3,16,98,387,62,899,4955,685,12,23,1068 1,1,1,1,1,1,1,1,1,1,1,1,1,1,1,1
16,90,529,3,446,3,1636,3,249,3,459,3,263 1,1,1,1,1,1,1,1,1,1,1,1,1
23,451,1367,4180,5,1384,17,23,291,234,29,313,3,6,28,537,616,5,2624,139,49,571,39,5,1824,10,1285,2450 1,1,1,1,1,1,1,1,1,1,1,1,1,1,1,1,1,1,1,1,1,1,1,1,1,1,1,1
16,98,488,49,23,145,289,39,223,15,113,183 1,1,1,1,1,1,1,1,1,1,1,1
517,7,23,118,307,3,16,454,1766,3,121,514,201,12556,12,23,2998,13,62,8580,7,1476,42,19,658 1,1,1,1,1,1,1,1,1,1,1,1,1,1,1,1,1,1,1,1,1,1,1,1,1
230,438,4,19,953,12,6,230,3,23,701,143,4,17411,3,34135,3,34136,3,16508,3,34137,2060,42,19,3180,34138,16,370,175,228,7,289,1632,247,3,336,2284,34139 1,1,1,1,1,1,1,1,1,1,1,1,1,1,1,1,1,1,1,1,1,1,1,1,1,1,1,1,1,1,1,1,1,1,1,1,1,1,1
16,20,688,10,281,297,17,268,355 1,1,1,1,1,1,1,1,1
3722,4,756,391,1274,803,458,9,559,12,8903,4,2059,42,8,287,350,106,142,2212,715,1873,13,209,248,283,1822,280,330,604,110,34140,39,4,203,462,32,1895,2485,305,17412,647,32,289,1632,32,1384,549,32,4180,647,32,150,403,4,573,4,71,3,34141,4,2944,935 1,1,1,1,1,1,1,1,1,1,1,1,1,1,1,15,1,1,7,4,1,1,1,1,1,1,23,23,1,1,1,1,1,1,11,11,11,20,20,20,21,21,21,1,1,1,1,1,1,1,1,1,1,1,1,1,1,4,1,1,1,1,1
206,403,4,920,3,267,727,3,157,10,285,35,583,34142,17,279,87,3,21,31,285,17,99,108,87 1,1,1,1,1,1,1,1,1,1,1,1,1,1,1,1,1,1,1,1,1,1,1,1,1
334,238,320,87,183,3,486,399 5,5,5,5,5,5,5,5
7338,15271 5,5
90,485,3,1113,357 1,1,1,1,1
127,4,790,102,77,4,701,4,34143,3,34144,3,148,34145,3,9397,3,8580,1322,42,19,658,3,2060,42,19,5127,3572,207,4,3064,3,131,386,342,3,227,4,665,3,1852,3,27,136,4,11,2341,644,4,1619,876,100,48,4,304,310,3,455,3,362,4,1822,280,3,4257,3,131,717,246,12,187,194,214,3,742,2338,685,12,1068,100 1,1,1,1,1,1,1,1,1,1,1,1,1,1,1,1,1,1,1,1,1,1,1,1,1,1,1,1,1,1,1,1,1,1,1,1,1,1,1,1,1,1,1,1,1,1,1,1,1,1,1,1,1,1,1,1,1,1,1,1,1,23,23,1,1,1,1,1,1,1,1,1,1,1,1,1,1,1,1,1
1508,5466,93,188,4,717,246,12,187,2435,531,4,217,93 1,1,1,1,1,1,1,1,1,1,1,1,1,1
330,34146,3,634,3173 1,1,1,1,1
352,4,410,3,642,1200,3,925,1544,1867,3,11,511,1472,196,4,4332,248,283,19,187,634,3,100,34147,1068,685,149,4,349,4086,9,1312,8,524,333,10359,9,1977,8,42,560,6055,9,2119,8,1451,734,34148,9,2202,8,1785,536,5860,9,1589,8,1381,653,2060,9,1360,8,1227,786,5321,9,1479,8,1588,823,5111,9,1480,8,654,795,6236,83,9,1424,8,42,1737,79,5112,83,9,16536,8,1060,1737,1074,1857,1737,2206,5720,9,4633,8,1060,1257,1125,1277,1542,1279,83,9,1739,8,42,577,680,59,9,1786,8,42,847,108,9,1740,8,42,830,58,9,1832,8,42,864,36,9,1691,8,42,714,1209,34149,9,2240,8,524,714,577,9128,9,2241,8,524,714,847,10743,9,2577,8,524,714,830,7541,9,2242,8,524,714,864,5990,9,2278,8,524,1661,433,83,9,200,8,1577,433,83,9,200,8,2360,200,9,200,8,512,2777,59,9,1478,8,219,1555,1646,9,1659,8,219,1184,1715,59,9,1660,8,1556,486,961,3259,9,2602,8,654,1461,2966,59,9,2464,8,654,2013,2037,9,2385,8,654,496,1131,1160,9,2386,8,219,486,1131,2416,9,2995,8,219,1981,1982,1733,9,3579,8,721,2509,1872,9,3580,8,721,2083,900,9,3378,8,3590,1941,2949,9,3591,8,3592,5603,17413,83,9,17020,8,8127,2423,1872,83,9,3285,8,721,456,9,578,149,8,1840,9,1305,8,351,663,9,578,149,8,1967,9,1276,8,351,835,9,578,149,8,2327,9,1310,8,351,769,9,578,149,8,5495,83,9,1450,8,351,392,9,578,149,8,1245,9,1311,8,219,347,9,578,149,8,1774,9,1601,8,219,345,9,578,149,8,4935,83,9,1359,8,219,1258,1259,1956,72,9,193,8,2418,72,9,193,8,3586,2854,4091,9,3479,8,1838,1944,9,3480,8,1886,1018,72,9,193,8,3466,72,9,193,8,3588,72,9,193,8,3584,72,9,193,8,3585,72,9,193,8,3587,63,72,9,193,8,177,4,1541,1458,388,1815,3,266,4092,3,176,851,130,893,3,70,1090,2549,1340,4,506,9,4822,8,4,266,155,1053 1,1,1,1,1,1,1,1,1,1,1,1,1,1,1,1,1,1,1,1,1,1,1,1,1,1,1,1,1,1,1,1,1,1,1,1,1,1,1,1,1,1,1,1,1,1,1,1,1,1,1,1,1,1,1,1,1,1,1,1,1,1,1,1,1,1,1,1,1,1,1,1,1,1,1,1,1,1,1,1,1,1,1,1,1,1,1,1,1,1,1,1,1,1,1,1,1,1,1,1,1,1,1,1,1,1,1,1,1,1,1,1,1,1,1,1,1,1,1,1,1,1,1,1,1,1,1,1,1,1,1,1,1,1,1,1,1,1,1,1,1,1,1,1,1,1,1,1,1,1,1,1,1,1,1,1,1,1,1,1,1,1,1,1,1,1,1,1,1,1,1,1,1,1,1,1,1,1,1,1,1,1,1,1,1,1,1,1,1,1,1,1,1,1,1,1,1,1,1,1,1,1,1,1,1,1,1,1,1,1,1,1,1,1,1,1,1,1,1,1,1,1,1,1,1,1,1,1,1,1,1,1,1,1,1,1,1,1,1,1,1,1,1,1,1,1,1,1,1,1,1,1,1,1,1,1,1,1,1,1,1,1,1,1,1,1,1,1,1,1,1,1,1,1,1,1,1,1,1,1,1,1,1,1,1,1,1,1,1,1,1,1,1,1,1,1,1,1,1,1,1,1,1,1,1,1,1,1,1,1,1,1,1,1,1,1,1,1,1,1,1,1,1,1,1,1,1,1,1,1,1,1,1,1,1,1,1,1,1,1,1,1,1,1,1,1,1,1,1,1,1,1,1,1,1,1,1,1,1,1,1,1,1,1,1,1,1,1,1,1,1,1,1,1,1,1,1,1,1,1,1,1,1,1,1,1,1,1,1,1,1,1,1,1,1,1,1,1,1,1,1,1,1,1,1,1,1,1,1,1,1,1,1,1,1,1,1,1,1,1,1,1,1,1,1,1,1,1,1,1,1,1,1,1,1,1,1
350,354,9713,368,31,52,2955,19,40,5908,4585,1793 1,1,1,1,1,1,1,1,1,1,1,1
506,9,6510,8,4,131,350,817,13,3518 1,1,1,1,1,1,1,1,1,1
381,70,997,792 1,1,1,1
211,185,70,9444 1,1,1,1
192,5,104,4,2059,4447,13,403,7,1822,280,3,458,3,142,3,803,3,151,317,58,3,2301,3,1584,118,307,5,291,453 1,1,1,1,1,1,1,1,1,23,23,1,1,1,7,1,1,1,4,4,4,1,1,1,1,1,1,1,1,1
307,4,372,166,422,10,15,2411,7,458,2290,9,290,10,289,1285,3,2130,17413,8,5,803,9,6036,12,5049,934,170,756,5,1682,1030,8 1,1,1,1,1,1,1,1,1,1,1,1,1,1,1,1,1,1,1,1,1,1,1,1,1,1,1,1,1,1,1,1,1
506,111,3518,5,2625,997,792,3,543,13,458 1,1,1,1,1,1,1,1,1,1,1
126,19,1133,3,289,3,3836,2011 1,1,1,1,1,1,1,1
41,3934,103,400,13,1165 1,1,1,1,1,1
12,6,2658,7,529,3,545,2379 1,1,1,1,1,1,1,1
103,898,72 1,1,1
458,4,137,343,13,1895,17,5016,2228 1,1,1,1,1,20,1,1,1
41,482,10,1668,1895,10,2002 1,1,1,1,20,1,1
4751,289 1,1
142,4,28,425,8671 7,1,1,1,1
137,49,1895,3,313,3,176,851,130,893 1,1,20,1,1,1,1,1,1,1
41,482,1668,10,2002 1,1,1,1,1
2301,4,28,19,163,1133 1,1,1,1,1,1
41,508,17003,71,4,137,49,17412,3,41,564,865,425,3,1107,19,1825,477,2362 1,1,1,4,1,1,1,21,1,1,1,1,1,1,1,1,1,1,1
291,34150,4,372,166,422,10,95,140,1001,7,180,842,3,71,2392,1317,98,52,2279 1,1,1,1,1,1,1,1,1,1,1,1,1,1,1,1,1,1,1,1
28,775,10,572,4180 1,1,1,1,1
235,284,7,1730,556,3,28,3050 1,1,1,1,1,1,1,1
779,1157,4,1317,52,422,10,71,604 1,1,1,1,1,1,1,1,1
28,98,775,10,582,5402,5617,517,7,280 1,1,1,1,1,1,1,1,1,23
1068,685,4,508,7,4737,411 1,1,1,1,1,1,1
41,343,1496,13,6425,5,564,4059,278 1,1,1,1,1,1,1,1,1
1378,283,4,4332,248,283,3,41,86,2303,198 1,1,1,1,1,1,1,1,1,1,1
1155,4,2393,3577,3,815,726,161,4,296,1426,4805,34151,3,1689,3,2639 1,1,1,1,1,1,1,1,1,1,1,1,1,1,1,1,1
1830,3485,3,47,34152 1,1,1,1,1
