69,49,4,29156,581,17,101,38,14,15,2812,200,307,345,926,10,6,81,583,659,17,2855,81,42,58,29157,391,38,29,14,265,10,6,144,17,1584,29158,7,156,360,6,29,21,15,109,200,30,7,311,51,81 1,1,1,1,1,1,1,1,1,1,1,1,1,1,1,1,1,4,1,1,1,1,4,1,1,1,1,1,1,1,1,1,1,1,1,1,1,1,1,1,1,1,1,1,1,1,1,1,4,4,4
16,20,480,13,310,5,131 1,1,1,1,20,1,6
884,151,310,20,2191 20,20,20,20,20
281,6,29,14,480,13,9007,284,59,5,1523,196,1759,32,63,1287 1,1,1,1,1,1,6,1,1,1,6,1,1,1,1,1
6,338,21,61,657 1,1,1,1,1
6,29,968,24,67,848,363,511,15,107,13,457,6880,65,29159,231,333,14,31,57,425 1,1,1,1,1,1,1,1,1,1,1,1,1,1,1,1,1,1,1,1,1
6,29,21,31,61,5729,42,1403 1,1,1,1,1,1,1,1
381,1294,563,527,13,803,12,744,5,1358,13,29160 1,1,1,1,1,1,1,1,1,1,1,1
16,39,1584,703,97,420 1,1,1,1,1,1
16,431,857,5546,16,20,19,5730,191,420,13,358,2627,191,29161,16,281,14,19,15103,219,1685 1,1,6,1,1,1,1,1,1,1,1,1,1,1,1,1,1,1,1,1,1,1
16,21,263,34,5,14,31,1911,1041,137,29162,89,30,6266,89,167,563,4,116,2,2455,2,70,700,1181,2,132,1137,29163,30,128,30,14,318,17,81,179,30,6,29,14,8159,32,15,1032,4016,8541,29164,6,29,14,15,29165,29,74,554,1269,176,55,2786,29166,7,213,499,4,791,3803,110,5,773,10,881,29167,210,130,2480,1639,33,771,594,235,1725,5505,8288,1980,131,32,256,489,467,3871,282,467,4,2821,5178,9,29168,8,524,29169,29170,1402,2008,29171,73,973,111,8571,289,1645,29172,11,4599,2,202,11,4247,2,11,5731,29173,11,229,2125,11,846,44,29174,246,2,253,43,2,11,29175,463,2,29176,395,79,2,11,1346,2493,2293,243,175,2,580,776,29177,3166,2325,476,4049,1011,29178,784,320,14,37,24,81,14,3614,1073,425 1,1,1,1,1,1,1,1,1,1,1,1,1,1,1,1,1,1,10,1,1,1,1,1,1,1,1,1,1,1,1,1,1,1,1,4,1,1,1,1,1,1,1,1,1,1,1,1,1,1,1,1,1,1,1,1,1,1,1,1,1,1,1,1,1,1,1,1,1,1,1,1,1,12,12,1,1,1,7,7,1,1,1,1,1,6,1,1,1,1,1,1,1,1,15,15,1,1,1,1,1,1,1,1,1,1,1,1,1,1,1,1,1,1,1,1,1,1,1,1,1,1,1,1,1,1,1,1,1,1,1,1,1,1,1,1,1,1,1,1,1,1,1,1,1,1,1,1,1,1,1,1,1,1,1,1,1,1,1,1,1,1,1,4,1,1,1,1
84,14,884,108,16,14,2492,13,1989,131,1272 1,1,1,1,1,1,1,1,1,6,1
16,14,110,2681,13,2820,2,460,431,196,41,7,24,1054,131,262,97,29179,2159,692,268,29180,784,1348,29181,301,17,5730,434,358,2627,2804,191,29182,3050,10,284,190,513,579,697,9,881,3115,5,12,221,8,29183,135,154,190,405,511,153,262,29184,280,1175,923,4,135,513,259,697,1998,7520,83,190,1998,8972,109,190,1998,15412,462,190,1998,75,695,28,6293,105,29185,650,14054,2,96 1,1,1,1,1,1,1,1,1,1,1,1,1,1,6,1,1,1,1,1,1,1,1,1,1,1,1,1,1,1,1,1,1,1,6,1,1,1,1,1,1,1,1,1,1,1,1,1,1,1,1,1,1,1,1,1,1,1,1,1,1,1,1,1,1,1,1,1,1,1,1,1,1,1,1,1,1,1,1,1,1,1,1,1,1,1,1,1
