69,49,4,29220,29221,29222,9054,2,96 1,1,1,1,1,1,1,1,1
6574,29223,15417,1411,10366,3077,2,205,15418,828,58,9054,4,1034,29,5213,6093,1493,890,6,622,80,17,15,437,101 1,1,1,1,1,1,1,1,1,1,1,1,1,1,1,1,1,1,1,1,1,1,1,1,1,1
32,329,871,2,18,21,15,928,5,1673,30,7,336,343,76,13,225,197,445,703,4300 1,1,1,1,1,1,1,1,1,1,1,1,1,1,1,1,1,1,1,1,1
23,52,197,445,703,593,39,1627,631,937,2,48,20,3884,15334,42,58,8471 1,1,1,1,1,1,1,1,1,1,1,1,1,1,1,1,1,1
12,29224,2,92,39,6425,15,5550,238,12,6,525,1694,7,38,593,42,4104,2,5,18,543,5098,13,15,3786,2135,1071 1,1,1,1,1,1,1,1,1,1,1,1,1,1,1,1,1,1,1,1,1,1,1,1,1,1,1,1
15,1687,1575,708,346,12,29225,227,15,4878,861,593,5,18,21,1558,3491,1433 1,1,1,1,1,1,1,1,1,1,1,1,1,1,1,1,1,1
18,14,31,1926,529 1,1,1,1,1
18,88,87,468,34,12,6,744,26,182,756,115 1,1,1,1,1,1,1,1,1,1,1,1
288,2,278,2,23,943,39,1282,106,673,7,23,52,853 1,1,1,1,1,1,1,1,1,1,1,1,1,1
18,836,19,252,262,172,12,736,10,210,5,23,150,77 1,1,1,1,1,11,1,1,1,12,1,1,1,1
18,14,15,3798 1,1,1,14
19,122,80,2,18,2646,57,5,12,199,3752 1,1,1,1,1,1,1,1,1,1,1
67,94,20,4945,27,4947,12,6,70,349 1,1,1,1,1,1,1,1,1,1
197,445,243,53,171,27,6,582,542,193 1,1,1,1,1,1,1,1,1,1
19,6,70,2,68,14,15,2299,2,3318,1139,296,191,23,1063,10,2493,2293,703,593,2,5,6,337,14,619,5,57,2346 1,1,1,1,1,1,1,1,1,1,1,1,1,1,1,1,1,1,1,1,1,1,1,1,1,1,1,1,1
19,6,52,2,47,519,31,3811,15,296,191,23,703,593,6443 1,1,1,1,1,1,1,1,1,1,1,1,1,1,1
6,52,337,14,610,14407,271,6,70,2,5,68,53,106,149,11115,142,19,6,523,765,12,2692 1,1,1,1,1,1,1,1,1,1,1,1,1,1,1,1,1,1,1,1,1,1,1
68,53,11,2462,26,8000,4914,26,2026,7,29226,313 1,1,1,1,1,1,1,1,1,1,1,1
68,14,15,2299,1681,2610,1156,191,6,806,2104,143,27,6,754,13,63,1622,94,7,647,204,2142 1,1,1,1,1,1,1,1,1,1,1,1,1,1,1,1,1,1,1,1,1,1,1
38,29227,63,754,1475,7,3973,2451,5,5668,12071,251 1,1,1,1,1,1,1,1,1,1,1,1
15,437,1575,708,20,716,12,6,343,489,80 1,1,1,1,1,1,1,1,1,1,1
6,70,197,445,703,836,4878,861 1,1,1,1,1,1,1,1
32,4688,2,6,52,197,445,703,21,110,1164,10,55,1627 1,1,1,1,1,1,1,1,1,1,1,1,1,1
552,6093,52,197,445,703,593,21,1627,7188,432,6,97,363,198,5,23,5933,14,2159,268,3069 1,1,1,1,1,1,1,1,1,1,1,1,1,1,1,1,1,1,1,1,1,1
27,6,156,95,2,18,113,31,50,87,29228,115,7,2704,3766,313,2,645,6,1234,4257,7,23,853,14,15,90,2214 1,1,1,1,1,1,1,1,1,1,1,1,1,1,1,1,1,1,1,1,1,1,1,1,1,1,1,1
6,498,30,7,38,593,317,15,158,1797,1339,3126,5,306,29229,209,31,9479,57,17,87,2934,8875,26,2304,29230,7,38,2692,3332 1,1,1,1,1,1,1,1,1,1,1,1,1,1,1,1,1,1,1,1,1,1,1,1,1,1,1,1,1,1
9972,2,18,21,2052,39,192,7,23,197,445,1486,1109,17,703,6072,5,87,6447,703,209,55,8704,1180 1,1,1,1,1,1,1,1,1,1,1,1,1,1,1,1,1,1,1,1,1,1,1,1
47,40,301,10,163,23,498,8810,65,2085,38,200,10,2739,6,139,7,23,10721,5,1127,6,12805,1279,55 1,1,1,1,1,1,1,1,1,1,1,1,1,1,1,1,1,1,1,1,1,1,1,1,1
27,6,156,95,2,278,2,18,479,10,50,3069,2,645,2401,5933,5,14,2866,1433 1,1,1,1,1,1,1,1,1,1,1,1,1,1,1,1,1,1,1,1
47,880,84,209,55,2401,10,383,23,29231,364,5,47,1704,15,82,262,7,473,10,4285,15,3335,172 1,1,1,1,1,1,1,1,1,1,1,1,1,1,1,1,1,1,1,1,1,1,11,11
47,2251,7188,3468,6,359,7,834,313,317,268,1006,11115,181,142,7,6,853,2,468,34,2,26,3527 1,1,1,1,1,1,1,1,1,1,1,1,1,1,1,1,1,1,1,1,1,1,1,1
27,15,7933,2,47,40,125,23,168,12,248,198,17,29232,2,48,47,3853,1428,6,29,5,23,943,10,1026,1089,2076,108,68,53,87,115,37,1208,834,7,23,3416 1,1,1,1,1,1,1,1,1,1,1,1,1,1,1,1,1,1,1,1,1,1,1,1,1,1,1,1,1,1,1,1,1,1,1,1,1,1,1
108,23,5933,319,2804,185,2,84,1758,209,55,29233,10,1845,460,10,539,15,1673,6447,703,13,214,851,6653,1107,12,38,29 1,1,1,1,1,1,1,1,1,1,1,1,1,1,1,1,1,1,1,1,1,1,1,1,1,1,1,1,1
1152,329,428,17,2092,1089,10,2011,12,23,203 1,1,1,1,1,1,1,1,1,1,1
361,273,31,2899,10,1026,260,108,47,319,55,7,241,2262 1,1,1,1,1,1,1,1,1,1,1,1,1,1
1027,2,526,15419,4574,15420,2,195,384,4,29234,3316,8471,96 1,1,1,1,1,1,1,1,1,1,1,1,1,1
738,29235,1411,2,674,14855,29236,2,205,29237 1,1,1,1,1,1,1,1,1,1
