69,49,4,29210,15415,303,1315,101,6093,2,5213,29211,101,49,4,29212,47,50,755,5,480,6,29,2733,32,57,32,177,5,941,6,427,74,3119,2105 1,1,1,1,1,1,1,1,1,1,1,1,1,1,1,1,1,1,1,1,1,1,1,1,1,1,1,1,1,1,1,1,1,1,1
30,7,629,391,4,1924,2,38,6436,407,13,15,30,7,81,5,15,78,30,7,1346,19,6,70,337,1351,7,264,34,19,6,70,386,191,6,78,497,123 18,1,1,1,1,1,1,1,1,1,1,1,18,1,4,1,1,1,18,1,1,1,1,1,1,1,1,1,1,1,1,1,1,1,1,1,1,1
84,20,932,922 1,1,1,1
84,20,610,419,80 1,1,1,1,1
18,21,31,2406,61,382,10,433,286,7,886,576,10,6,34,2,9932,18,14,1844,214,529 1,1,1,1,1,1,1,1,1,1,1,1,1,1,1,1,1,1,1,1,1,1
18,88,508,2,469,2,396,2,5,435 1,1,1,1,1,1,1,1,1,1
18,21,31,288,1453,23,67,848 1,1,1,1,1,1,1,1
78,89,30,4,81,341,2,1356,2,1122,2,188,611,7,52,1560,765 1,1,18,1,4,4,1,1,1,1,1,1,1,1,1,1,1
78,545,30,4,2542,12,6,1778,78 1,1,18,1,1,1,1,1,1
93,122,4,520,359,4,870,5423,2,296,546,2,1851,3992,67,94,20,962,29213 1,1,1,1,1,1,1,1,1,1,1,1,1,1,5,5,5,5,5
202,4,667,43,1238 1,1,1,1,1
112,4,667,43,1238 1,1,1,1,1
226,4,667,43,1238 1,1,1,1,1
118,4,43,820,17,15,4959,653,872,417 1,1,1,1,1,1,1,1,1,1
187,4,133,5,375 1,1,1,1,1
217,4,43,243,722,820,37,373,7,6,243,53,2125,316,42,1681,2,5,19,6,52,806,2104,5,2493,2293,243,68,14,11,1681,296,1509 1,1,1,1,1,1,1,1,1,1,1,1,1,1,1,1,1,1,1,1,1,1,1,1,1,1,1,1,1,1,1,1,1
6,197,217,53,362,3650,5,1039,29214,10,6,751,1726 1,1,1,1,1,1,1,1,1,1,1,1,1
853,53,1039,14223 1,1,1,1
68,14,15,83,98,29215,5258,611,19,6,2281,1694,7,6,52,1560,765 1,1,1,1,1,1,1,1,1,1,1,1,1,1,1,1,1
364,1958,12,189,4,6,4483,659,20,1976,5,222,29216,5,5005,71,1683,63,958,197,445,13,15,1970,7,7584,76,2177,2783 1,1,1,1,1,1,1,1,1,1,1,1,1,1,1,1,1,1,1,1,1,1,1,1,1,1,1,1,1
4327,9,317,440,8,4,4483,659 1,1,1,1,1,1,1,1
678,494,4,1148,776 1,1,1,1,1
642,9,317,630,712,377,8,4,6,29,14,537,265,10,6,4483,659,2,14,31,537,5894,27,156,28,5,15,1941,7,1677,26,2202,40,55,2905 1,1,1,1,1,1,1,1,1,1,1,1,1,1,1,1,1,1,1,1,1,1,1,1,1,1,1,1,1,1,1,1,1,1,1
6,29,20,265,10,6,144,12,185,630 1,1,1,1,1,1,1,1,1,1
1416,29217,7653,10128,2,96 1,1,1,1,1,1
15416,29218,29219,597,42,4,7653,10128,2,96 1,1,1,1,1,1,1,1,1,1
15416,232,31,177,42,240,312,232 1,1,1,1,1,1,1,1
