67,54,4,34382,1652,379,719,175,552,1761,17,1089 1,1,1,1,1,1,1,1,1,1,1,1
18,14,104,5312,164 1,1,1,1,1
18,14,4618,10,52,49,399,5,1628 1,1,1,1,1,1,1,1,1
487,1804 1,1
18,1343,6,1628 1,1,1,1
487,17,15,493,65,3,51,37,14,233 1,1,1,1,1,1,1,1,1,1
18,21,590,5,248,1790,16085 1,1,1,1,1,1,1
10,3331 1,1
39,2669,9,5319,3340,8,58,1681,4093,276,4,2797,175,2180,296,27,12566,7884,286,956,135,113,1405,9,1986,8,2400,3,36,45,9,73,8,8636,32,2261,782,799,3,36,45,9,73,8,25,69,622,647,3,36,45,9,73,8,25,32,274,686,3,829,45,9,73,8,25,32,203,9,727,8,9,947,11247,974,1026,3,36,45,9,73,8,25,32,488,1262,8163,34383,3,488,1919,3143,242,31,740,220,24 1,1,1,1,1,1,1,1,1,1,1,1,1,1,1,1,1,1,1,1,1,1,1,1,1,1,1,1,1,1,1,1,1,1,1,1,1,1,1,1,1,1,1,1,1,1,21,21,21,21,21,21,21,21,21,21,9,9,9,9,9,9,9,9,9,9,11,11,11,11,11,11,11,11,11,11,11,11,11,11,11,11,11,69,69,1,1,1,59,59,1,1,1,1,1,1
127,1846,33,361,1896,1765,33,277,294,218,33,263,1339,33,277,294,780,33,1790,147,71,324,33,109,31,191,163,34384,3143,704,18,731,1146,24,366,14,968,154,92 1,1,1,1,1,1,1,1,1,1,1,1,1,1,1,1,1,1,1,1,4,4,1,1,1,1,1,1,1,1,1,1,1,1,1,1,1,1,1
95,865,601,539,42,3,580,8394,106,33,11,529,3,307,3,1636,3,93,3,616 1,1,1,1,1,1,1,1,7,1,1,1,1,1,1,1,1,1,1,1
153,373,4,4403,4690,3,110,3112,17438,83,2692,4,775,10,572,11747,3,17439,3,4293,26,12094,5,4293 1,1,1,1,1,1,1,1,1,1,1,1,1,1,1,1,1,1,1,1,1,1,1,1
11,923,27,40,85 1,1,1,1,1
687,635,4,862,703,1683,11619,2070,4,1083,2048,34385,895,1271,4,3599,1913 1,1,1,1,1,1,1,1,1,1,1,1,1,1,1,1,1
16795,554,15678 1,1,1
1499,439,8290,2181,256,752,487,1874,1144,33,372,3106,223,1037,82,436,147 1,1,1,1,1,1,1,1,1,1,1,1,1,1,1,1,1
545,33,197,60,148,14760,523,1247,155,91,720,1752,968,3091,11,93,4184,34386,33,17,164,3,51,119,160,10,179,24,148,671 1,1,1,1,6,6,1,1,1,1,1,1,1,1,1,1,1,1,1,1,1,1,1,1,1,1,1,1,1,1
18,160,10,49,6,1804,2324 1,1,1,1,1,1,1
43,609,8718 1,1,1
142,31,179,3,31,3297,10,1571,3,3075,9383 7,1,1,1,1,1,1,1,1,1,1
151,2328 4,1
179,3,693,109,31,144,8357 1,1,1,1,1,1,1
160,580,601,231,958,403,895,1271,3,439,14,420 1,1,1,1,1,1,1,1,1,1,1,1
403,153,399,3,2324 1,1,1,1,1
439 1
2155,2692,3,31,343,3,11,137,923 1,1,1,1,1,1,1,1,1
104,4,138,2324 1,1,1,1
17,3782,34387,10,49,69 1,1,1,1,1,1
1571,34388,3,2930,1495,43,770,198 79,79,1,1,1,1,1,1
236,1571 47,47
18,740,10,1833,932,3,134,368,5076,92,19,65,18,2767,319,3,1571,10,5530 1,1,1,1,1,1,1,1,1,1,1,1,1,1,1,1,1,1,1
439,1014,2106,3,148,3,567,144,3,890,9124,241,3796,110,153,399,3,439,149 1,1,1,1,1,1,1,1,1,1,1,1,1,1,1,1,1,1,1
18,1574,7589,3,1151,258,341,7,895,399,220,1271,3,51,1317,482,92,525 1,1,1,1,1,1,1,1,1,1,1,1,1,1,1,1,1,1
18,14,1260,10,488,6,252,141,65,169,10,88,164 1,1,1,1,1,1,1,1,1,1,1,1,1
1426,2640,7644,3,107 1,1,1,1,1
426,4,609,8718 1,1,1,1
