69,49,4,29750,240,141,99,234,4,1743,200,307,407,13,216,120,2,116,2,5,438,104,14,1086,10,2516,65,5465,5563,144,117,537,265,65,29751,5,237,14300,19,11626,13,263,34,2,272,2,5,402 1,1,1,1,1,1,1,1,1,1,1,1,1,1,1,4,1,10,1,1,1,1,1,1,1,1,1,1,1,1,1,1,1,1,1,1,1,1,1,1,1,1,1,1,1,1,1,1
18,21,15,216,363,29752,10,6,144,17,263,34,2802,10,381,2096 1,1,1,1,1,1,1,1,1,1,1,1,1,1,1,1
18,21,39,63,1350,339,2147,12,6,78,317,306,263,205,2145,2,1584,3591,708,2,752,2,412,2238,2,5,350,300,207,814 1,1,1,1,1,1,1,1,1,1,1,1,1,1,1,1,1,1,1,1,1,1,1,1,1,1,1,1,1,1
192,426,129,66,820,17,6,1584,3591,708 1,1,1,1,1,1,1,1,1,1
18,21,61,480,13,306,77,2,317,2019,2,1286,2,7361,2,5,5574,86,573,1716 1,1,1,1,1,1,1,1,1,1,1,1,1,1,1,1,1,1,1,1
18,14,281,290,960,5,4781,10,1815,4387,34,2,5,23,440,321,23,19,916,4135,12,1326,136,3307,5079,3033,10,55,4221 1,1,1,1,1,1,1,1,1,1,1,1,1,1,1,1,1,1,1,1,1,1,1,1,1,1,1,1,1
6,64,416,37,6,916,4135,3312,432,6,376,7,1326,2,48,237,84,222,31,2707,10,55,1544,32,57 1,1,1,1,1,1,1,1,1,1,1,1,1,1,1,1,1,1,1,1,1,1,1,1,1
6,64,14,12294,191,23,115,490,6,34,14,406,5,1579 1,1,1,1,1,1,1,1,1,1,1,1,1,1
18,21,61,773,10,808,10,500,17,51,159,490,7,6,34,2,5,18,209,621,10,55,382,10,273,393 1,1,1,1,1,1,1,1,1,1,1,1,1,1,1,1,1,1,1,1,1,1,1,1,1,1
6,34,14,31,8012,741,10,1041 1,1,1,1,1,1,1,1
922,2,18,549,57,5,20,382,10,1838 1,1,1,1,1,1,1,1,1,1
80,2,18,20,448,1104,532,18,39,10,1656,6,29753,2,5,237,84,7736,10,63,6453 1,1,1,1,1,1,1,1,1,1,1,1,1,1,1,1,1,1,1,1,1
18,431,106,219,1640,2,5,110,84,14,423,10,8053 1,1,1,1,1,1,1,1,1,1,1,1,1
27,5465,5563,144,2,23,916,4135,20,2329,2,48,151,23,111,1007,100,2,18,20,3870,19,84 1,1,1,1,1,1,1,1,1,1,1,1,1,1,1,1,1,1,1,1,1,1,1
648,85,321,3587,59,17,23,2855,116 1,1,1,1,1,1,1,1,10
84,479,37,15,15517,542,20,2519,5,20,251,27,10929,278,2,84,14,1901,306,511,12,6,1480,15518,37,18,39,63,251,3487,542,7,10929,167,81,341,4,136,3208,74,2,1073,425,127,2096,4,1642,239,10,81,981,4,239,10,5136,2,103,523,2324,522,11141,2,514,10,50,388,7,6,5171,4808,12,11540,5,1121,27,4647,103,1601,103,7643,4,4264,27,439,2593,77,9,19,1480,8,652,3684,956,3371,59,2019,109,22,219,513,259,697,1010,244,22,9,768,45,60,35,8,25,509,2,17,344,67,94,131,1397,1629,11145,4744,3053,405,32,575,2,7974,3371,297,1253,5,10897,297,2005 1,1,1,1,1,1,1,1,1,1,1,1,1,1,1,1,1,1,1,1,1,1,1,1,1,1,1,1,1,1,1,1,1,1,4,4,1,1,1,1,1,1,1,10,1,1,1,1,1,4,1,1,1,1,4,1,1,1,1,1,1,1,1,1,1,1,1,1,1,1,1,1,1,1,1,1,1,1,1,1,1,1,1,1,1,1,1,1,1,1,1,1,1,1,1,1,1,1,1,1,1,1,25,1,1,1,1,1,1,1,1,1,1,1,1,1,1,1,6,6,6,6,6,1,1,1,1,1,1,1,1,1,1,1,1,1
742,130,22,25,33,184,390,45,25,509,77,9,32,63,1287,8,211,9,896,547,8,370,22,9,1017,45,60,35,8,25,33,4781,9,8870,8,3189,595,608,25,509,98,154,123,1010,244,22,9,768,45,60,35,8,25,509,2,17,344,67,94,131,1397,1629,11145,4744,3053,405,32,575,2,15142,3371,297,1253,5,29754,297,2005 1,1,1,1,1,13,1,1,1,1,1,1,1,1,1,1,11,1,1,1,1,1,1,1,1,1,1,1,1,1,1,1,1,1,1,1,1,1,1,1,1,1,1,25,1,1,1,1,1,1,1,1,1,1,1,1,1,1,1,6,6,6,6,6,1,1,1,1,1,1,1,1,1,1,1,1,1
210,9,894,8,491,45,25,283,184,446,45,25,509,916,4135,9,1640,425,1062,8,4127,45,5979,25,2137,960,9,2480,8,1296,22,9,1953,595,60,35,8,25,291,633,749,1581,4023 12,1,1,1,1,1,1,1,13,1,1,1,1,1,1,1,1,1,1,1,1,1,1,1,1,1,1,1,1,1,1,1,1,1,1,1,1,1,1,1,1,1,1
9,2649,1581,1062,8,130,2023,9,3832,595,5979,60,183,8,25,33,137,1292,36,339,1648,2,179,30,1230,32,29755,4557,27,9009,48,21,31,2015,98,51,159,239,10,263,34,28,3741,12,11143,2,48,12,29756,98,831 1,1,1,1,1,1,1,1,1,1,1,1,1,1,1,1,1,1,1,1,1,1,1,1,1,1,1,1,1,1,1,1,1,1,1,1,1,1,1,1,1,1,1,1,1,1,1,1,1,1,1
1202,12,680,14,3786,2720,28,11,309,26,430 1,1,1,1,1,1,1,14,14,1,1
128,30,29757,12,3435,3202 1,1,1,1,1,1
29758,12,11143,2,12,199,424 1,1,1,1,1,1,1
163,7,213,66,2638,166,12,234 1,1,1,1,1,1,1,1
93,73,111,4,29759,56,354,29760,9403,4,12762,289,4,982,574,4,564,296,29761,41,628,224,4,6750,151,4154,173,23,34,28,479,1442 1,1,5,5,5,1,1,5,1,1,1,1,1,1,1,1,1,1,1,1,1,1,1,1,1,1,1,1,1,1,1,1
181,4,324,3727,2,11,1138,571,112,4,11,11146,2,11,799,44,4,90,226,2,324,11142,694,4,324,1268,2,11,417,2,711,2,26,766 1,1,1,1,1,1,1,1,1,1,1,1,1,1,1,1,1,1,1,1,1,1,1,1,1,1,1,1,1,1,1,1,1,1
168,4,11,1076,277 1,1,1,1,1
340,4,324,558,28,133,2,1189,191,3479,2339,5,3237,28,11,1739,26,1592,28,11,1003,812,4,1132,29762,2,11,342 1,1,1,1,1,1,1,1,1,1,1,1,1,1,1,1,1,1,1,1,1,1,1,1,1,1,1,1
516,4,11,79,2,720,2,26,673,323,4,324,916,2,324,672,457,315,649,524,824,689,4197,2185,2554,2197,6677,315,379,804,770,4197,109,1267,5327,9,72,8,315,335,22,935,1712,4197,3778,9,54,8,1267,9,54,8,1517,1435,315,1437,1434,1830,15358,29763,1789,4197,4724,9,54,8,3515,9,54,8,2361,315,3100,2496,4197,738,2987,315,1465,1438,1497,935,4197,903,854,1569,1517,315,1712,4197,1435,315,298,615,458,266,4197,3830,10373,9,54,8,7865,9,54,8,9605,9,54,8,315,530,665,698,443,4197,474,10041,8422,6626,315,666,4197,3994,315,2914,1081,41,1753,41,897,4197,431,1192,2163,2277,315,41,1637,41,732,41,1675,4197,83,51,515,457,2238,444,1316,4,29764,444,139,4,678,311,4,412,2238,49,4,29765,1766,2238,1045,29,414,4,6726,4451,10865,4,600,29,1070,4,15519,73,49,4,29766,29767,852,746,4,412,339,2238,5247,4,2223,263,29768,584,4,6,3278,20,43 1,1,1,1,1,1,1,1,1,1,1,1,1,1,1,1,1,1,1,1,1,1,1,1,1,1,1,1,1,1,1,1,1,1,1,1,1,1,1,1,1,1,1,1,1,1,1,1,1,1,1,1,1,1,1,1,1,1,1,1,1,1,1,1,1,1,1,1,1,1,1,1,1,1,1,1,1,1,1,1,1,1,1,1,1,1,1,1,1,1,1,1,1,1,1,1,1,1,1,1,1,1,1,1,1,1,1,1,1,1,1,1,1,1,1,1,1,1,1,1,1,1,1,1,1,1,1,1,1,1,1,1,1,1,1,1,1,1,1,1,1,1,1,1,1,1,1,1,1,1,1,1,1,1,1,1,1,1,1,1,1,1,1,1,1,1,1,1,1,1,1,1,1,1,1,1,1,1,1,1,1,1,1,1,1,1,1,1,1,1,1,1,1,1,1,1,1,1,1,1,1
6,3191,20,43 1,1,1,1
6,755,10083,20,43 1,1,1,1,1
320,4,36,43,3278 1,1,1,1,1
36,43,3191 1,1,1
36,43,755,10083 1,1,1,1
2912,4,89,583,7,2096,444,1316,4,29769,444,139,4,678,311,4,752,49,4,15508,1766,2238,1045,29,414,4,6726,4451,10865,4,600,29,1070,4,15519,73,49,4,29770,8508,221,746,4,752,584,4,6,1023,9,3504,755,4312,8,20,43 1,1,1,1,1,1,1,1,1,1,1,1,1,1,1,1,1,1,1,1,1,1,1,1,1,1,1,1,1,1,1,1,1,1,1,1,1,1,1,1,1,1,1,1,1,1,1,1,1,1,1,1,1,1,1
29771,10,3884,9520,890,6,4941,5565 1,1,1,1,1,1,1,1
320,4,36,6,1023,14,43 1,1,1,1,1,1,1
2912,4,29772,10,8942,6968 1,1,1,1,1,1
1554,73,1316,4,29773,444,139,4,678,311,4,29774,261,29775,261,315,4,29776,12518,73,715,4,29777,4524,1741,4,29778,2,29779,30,4,10136,340,34,2,29780,2,5633,1021,17,1233,444,4,38,708,20,177,42,58,10490,5,58,29781 1,1,1,1,1,1,1,1,1,1,1,1,1,1,1,1,1,1,1,1,1,1,1,1,1,1,1,1,1,1,1,1,1,1,1,1,1,1,1,1,1,1,1,1,1,1,1,1,1,1,1,1,1
30,4,32,2872,12,6,29782 1,1,1,1,1,1,1
2666,4,29783,4330,4,29784,10716,205,2145,7,362,6,187,5,2636,129,716,65,6,409,1912,10,6,717,29785,10,1021,17,1233 1,1,1,1,1,1,1,1,1,1,1,1,1,1,1,1,1,1,1,1,1,1,1,1,1,1,1,1,1
908,20,986,890,6,2636,490,15,29786,319,2111,362,10871 1,1,1,1,1,1,1,1,1,1,1,1,1
263,5,2290,2435,129,1156,640,3867,7,362,802,5,3525,1641 1,1,1,1,1,1,1,1,1,1,1,1,1,1
584,4,409,1912 1,1,1,1
5736,9786,12,6,409,1912,218,4297,2258 1,1,1,1,1,1,1,1,1
4223 1
902 1
6,902,14,43,12,893,86,160,7,5036,5037,3217,26,900,505 1,1,1,1,1,1,1,1,1,1,1,1,1,1,1
7013,5,6635,13400 1,1,1,1
29,139,304,1601 1,1,1,1
4273 1
43,12,893 1,1,1
300 1
68,14,11,160,7,6,1233,26,300,816,1866 1,1,1,1,1,1,1,1,1,1,1
15,634,1521,7,577,201,12,6,1023,5,3518 1,1,1,1,1,1,1,1,1,1,1
3934,4,3270 1,1,1
43,12,893,86,160,7,132,5880,26,4702 1,1,1,1,1,1,1,1,1,1
6470,5,876 1,1,1
43,12,893 1,1,1
2853,4123 1,1
43,12,893 1,1,1
2290,5842 1,1
343,3780,53,166,6,2636 1,1,1,1,1,1
12342,4,11,160,7,760,2655,2,739,662,26,6403,693,571 1,1,1,1,1,1,1,1,1,1,1,1,1,1
7253,4,897,799 1,1,1,1
68,53,15,451,350,225,1613,897,799,156,86,2780 1,1,1,1,1,1,1,1,1,1,1,1
2394 1
483 1
5038,5,133,5415 1,1,1,1
2000,29787,7,3394 1,1,1,1
320 1
11,160,7,1233 1,1,1,1
73,1316,4,29788,444,139,4,678,311,4,1584,29789,315,4,29790,29791,73,715,4,1764,4524,1741,4,29792,2,5669,30,4,29793,2,272,5,402,444,4,15,1584,3591,708,20,716,947,9547,11625,13,1143,29794,29795,29796,7770,13704 1,1,1,1,1,1,1,1,1,1,1,1,1,1,1,1,1,1,1,1,1,1,1,1,1,1,1,1,1,1,1,1,1,1,1,1,1,1,1,1,1,1,1,1,1,1,1,1,1,1,1
68,20,11,160,7,2338,1002,191,284,606,7,2545 1,1,1,1,1,1,1,1,1,1,1,1
1584,3591,20,1933,2,1508,316,903,41,3591,27,284,606,5,1865,41,3591,27,365,606 1,1,1,1,1,1,1,1,1,1,1,1,1,1,1,1,1,1,1,1
320,1933,1584,3591,13,1865,41,3591,7,15,4394,1794,27,365,606,117,8582 1,1,1,1,1,1,1,1,1,1,1,1,1,1,1,1,1
73,1316,4,29797,444,139,4,678,311,4,29798,316,315,4,15509,29799,73,715,4,29800,4524,1741,4,29801,2,7597,30,4,3411,2,116,2,1642,5,263,34,98,259,236,2,66,29802,2,48,519,31,9520,4941,5565,1021,17,693,2,6968,1866,444,4,4406,3903,177,42,58,3571 1,1,1,1,1,1,1,1,1,1,1,1,1,1,1,1,1,1,1,1,1,1,1,1,1,1,1,1,4,1,10,1,1,1,1,1,1,1,1,1,1,1,1,1,1,1,1,1,1,1,1,1,1,1,1,1,1,1,1,1,1,1,1
4330,4,15,1616,1641,350,300,3936 1,1,1,1,1,1,1,1
584,4,19,350,300,207,814,2,6,350,300,7612,53,43,12,5743,5,2270 1,1,1,1,1,1,1,1,1,1,1,1,1,1,1,1,1,1
4508,2169,4415,7,6,4941,5565,53,43 1,1,1,1,1,1,1,1,1
6,10217,95,20,43 1,1,1,1,1
320,43,350,300,3936 1,1,1,1,1
242,5,114,1743,292,407,13,120,2,116,2,5,438,104,21,39,406,188,263,34,98,51,159 1,1,1,1,1,1,1,4,1,10,1,1,1,1,1,1,1,1,1,1,1,1,1
1350,339,2155,21,61,66,820,17,1584,3591,708 1,1,1,1,1,1,1,1,1,1,1
161,339,4,34,14,3971,10,1640 1,1,1,1,1,1,1,1
40,126,916,4135,5,1815,13,219,1640,138,17,29803,34 1,1,1,1,1,1,1,1,1,1,1,1,1
2096,21,61,15,1544,494,136,192,150,1011,21,61,66 1,1,1,1,1,1,1,1,1,1,1,1,1
18,21,150,1294,7,120,71,113,1730,23,27,264,328,17,3624,1037,7,6,339,1946 1,1,1,1,1,4,1,1,1,1,1,1,1,1,1,1,1,1,1,1
150,2494,10,539,53,300,313,2,598,752,5,205,2145,12,6,78,50,31,4930,87,142,12,6,300,557,13,38,494 1,1,1,1,1,1,1,1,1,1,1,1,1,1,1,1,1,1,1,1,1,1,1,1,1,1,1,1
92,40,1731,745,7,6,187,10,1167,38,286 1,1,1,1,1,1,1,1,1,1,1
18,222,50,15,66,15520,4138,12,2044,2,48,47,880,84,209,55,5995,2620,362,15520,4138,5,14432,4138,10,29804,3235,29805,428 1,1,1,1,1,1,1,1,1,1,1,1,1,1,1,1,1,1,1,1,1,1,1,1,1,1,1,1,1
92,40,1729,362,63,15517,5,3487,1733,10,356,19,6,884,489,1954,65,5465,5563,144 1,1,1,1,1,1,1,1,1,1,1,1,1,1,1,1,1,1,1,1
165,116,4,111,14,214,251,80,2,5,38,176,12,1756,55,239,10,3721,6,3587,9,71,176,50,61,124,10,907,13,339,8119,8 1,10,1,1,1,1,1,1,1,1,1,1,1,1,1,1,1,1,1,1,1,1,1,1,1,1,1,1,1,1,1,1
40,126,23,19,23,130,22,262,7,184,5,244,22,7,669 1,1,1,1,1,1,1,1,1,13,1,1,1,1,25
12,736,2,92,40,1815,23,13,2307,532,92,319,433,6,111,423 1,1,1,1,1,1,1,1,1,1,1,1,1,1,1,1
186,120,4,40,1815,13,131,486,244,956,513,221,2,105,956,513,852,5,13,1175,923,135,131 1,4,1,1,1,1,6,6,1,1,1,1,1,1,1,1,1,1,1,1,1,1,6
40,707,558 1,1,1
249,34,583,4,40,126,4781,5,960,1264,6,6,916,4135,5,138,219,1640 1,1,1,1,1,1,1,1,1,1,1,1,1,1,1,1,1,1
1306,6162,1773,15511,2,96 1,1,1,1,1,1
