67,54,4,11376,1180,58,168,55,414,4,4877,11489,509,47,4,36143,54,7,168,4,36144,262,4,64,16511,451,4,64,4833,4076,30,36145,66,28,82,67,5,723,426,4,2558,944,161,282,4,36146,522,13,15,256,1460,3,142,3,151,3,1975,3,5845,3,5,209,446,781,66,24,1224,245,2495,17,2558,944,161,5,1403,1091 1,1,1,1,1,1,1,1,1,1,1,1,1,1,1,1,1,1,1,1,1,1,1,1,1,1,1,1,1,1,1,1,1,1,1,1,1,1,1,1,1,1,1,1,1,1,1,1,1,1,1,1,7,1,4,1,1,1,1,1,1,1,1,1,1,1,1,1,1,1,1,1,1,1,1,1
135,6,28,82,723,3,6,1933,27,24,2495,21,55,6,28,10,52,312,1242,225,6,99,117,65 1,1,1,1,1,1,1,1,1,1,1,1,1,1,1,1,1,1,1,1,1,1,1,1
18,21,38,312,1041,255,7,4893,1157,13,15801,7,24,859,5,36147 1,1,1,1,1,1,1,1,1,1,1,1,1,1,1,1
128,63,20,98,55,12,24,6365 1,1,1,1,1,1,1,1
24,723,98,146,37,18,21,68,602,980,306,712,5,21,38,128,817,5,263 1,1,1,1,1,1,1,1,1,1,1,1,1,1,1,1,1,1,1
18,21,38,11,249,3,459,3,48,34,3,307,3,300,3,375,3,26,798,116 1,1,1,1,1,1,1,1,1,1,1,1,1,1,1,1,1,1,1,1
15,1425,20,146,269,27,24,1224,245,2495,5,6,28,20,781,10,6,318,499,17,268,172 1,1,1,1,1,1,1,1,1,1,1,1,1,1,1,1,1,1,1,1,1,1
27,472,3,6,28,14,207,334,1242 1,1,1,1,1,1,1,1,1
18,731,24,414,5,2209,2175,51,31,6,36148,5,2355,1041,7,24,1761,1037,5,3235,3016,18,1526,57,464,3138 1,1,1,1,1,1,1,1,1,1,1,1,1,1,1,1,1,1,1,1,1,1,1,1,1,1
24,1224,245,2495,21,95,508,37,18,52,688,10,2374,2156,444,7,198,1572 1,1,1,1,1,1,1,1,1,1,1,1,1,1,1,1,1,1
230,4,292,4608,3,364,2337,3,187,125,3,148,36149,3,2573,853,42,658 1,1,1,1,1,1,1,1,1,1,1,1,1,1,1,1,1,1
18,21,683,643 1,1,1,1
155,91 1,1
130,1108 1,1
36150,5,376,2214,352,77 1,1,1,1,1,1
24,417,149,143,639,17,15,333,7,11105,75,20,4414,19,390 1,1,1,1,1,1,1,1,1,1,1,1,1,1,1
779,77,2626,554,1084,269 1,1,1,1,1,1
506,111,11,205,7,854 1,1,1,1,1,1
1425,20,72,17,88,205,7,411 1,1,1,1,1,1,1,1
63,587,143,781 1,1,1,1
6,28,20,343,13,1723,846,25,5,36151,3,35,60,35,1087,7,24,163,254,3,158,613,3,3607,3,706,3,1054,3,4512,3,1570,478,3,1253,3,512,3,622,3,5,2597 1,1,1,1,1,1,1,1,1,1,1,1,1,1,1,1,1,1,1,1,1,9,1,9,1,1,1,1,1,1,1,1,1,1,1,1,1,1,21,1,1,1
203,20,2066 54,1,1
18,20,1698,175,189,7,6334,5,162,10,297,17,268,172 1,1,1,1,1,1,1,1,1,1,1,1,1,1
674,4,176,1460,178,1923,585,831,195,106,253,71,346,287,460,363,652,6776,36152,1363,8582 1,1,1,1,1,1,1,1,1,7,1,4,1,15,1,1,1,1,1,1,1
19,1202 1,1
833,209,36153,172,43,361,12,6513,537,166,36154,5,4893,1157,995,256,36155,7015,1079,256,36156,5109,1477,798,1157,4,110,5267,540,12,6118,29,110,117,169,931,3714,923,1708,110,7013,918,2001,330,604,4,885,921,2218,256,541,1229,39,19,168,9,66,36157,8,4,176,4641,515,25,32,178,1819,4909,25,32,195,1570,478,1314,25,32,253,4302,672,25,32,346,1052,1632,25,32,460,622,515,25,32,652,706,647,25,32,833,512,36158,305,995,4512,672,25,32,1079,2326,1547,175,298,25,32,1477,1253,1708,252,901,25,32,2001,3607,1632,25,69,2218,2597,3324,58,298,25,69,2434,613,686,25,305,233,4,4691,1144,4,245,12,1224,245,9,6875,36159,8 1,1,1,1,1,1,1,1,1,1,1,1,1,1,1,1,1,1,1,1,1,1,1,1,1,1,1,1,1,1,1,1,1,1,1,1,1,1,1,1,1,1,1,1,1,1,1,1,1,1,1,1,1,1,1,1,1,1,1,1,1,1,1,1,1,1,1,1,1,1,1,1,1,1,1,1,1,1,1,1,1,1,12,1,1,1,1,21,1,1,1,1,1,1,1,1,1,1,1,1,1,1,1,1,1,1,1,1,1,1,1,1,1,1,1,54,1,1,1,1,9,1,1,1,1,1,1,1,1,1,1,1,9,1,1,1,1,1,1,1,1,1,1,1,1,1,1,1,1
267,723,858 1,1,1
636,238 14,14
367,256,485,1229 1,1,1,1
1022,4,150,30,4,573,583,27,1600,7,484,302,440,408,29,661,583,7,874,646,29,11,567,26,895,399,29,1020,14,110,431,397,440,335,29,329,151 1,1,1,1,1,1,1,1,1,1,1,1,1,1,1,1,1,1,1,1,1,1,1,1,1,1,1,1,1,1,1,1,1,1,1,1,4
102,77,4,1637,4,36160,3,364,1476,3,187,581,3,148,36161,3,967,42,658,814,4,244,787,51,1242,1789,522,1417,12,859,1250,227,4,863,3,665,3,1124,797,3,1536,136,4,332,3,11,879,3,11,216,222,3,576,5007,638,4,11,875,26,2109,2341,720,4,1108,3,11,213,857,48,4,1304,214,4,5734,3,1289 1,1,1,1,1,1,1,1,1,1,1,1,1,1,1,1,1,1,1,1,1,1,1,1,1,1,1,1,1,1,1,1,1,1,1,1,1,1,1,1,1,1,1,1,1,1,1,1,1,1,1,1,1,1,1,1,1,1,1,1,1,1,1,1,1,1,1,1,1,1,1,1,1,1,1,1
11,969,3,11,690,246,531,4,11,1379 1,1,1,1,1,1,1,1,1,1
330,133,204 1,1,1
196,4,11,277 1,1,1,1
352,4,449,10,2483,271,24,414,51,31,24,54,7,4157,26,6,137,54 1,1,1,1,1,1,1,1,1,1,1,1,1,1,1,1,1,1
731,18,14,12,6,124,51,31,75,175 1,1,1,1,1,1,1,1,1,1
787,858,12,24,2133,2663 1,1,1,1,1,1
631,18,245,12,15075,13,24,1761,1037,3,15,1940 1,1,1,1,1,1,1,1,1,1,1,1
8575,204 1,1
762,628,1006,5,511,204,783 1,1,1,1,1,1,1
3593,217 1,1
2993,2439,1345 1,1,1
11,9517 1,1
149,5,264,4,154,414,12654,12654,17780,12657,36162,13183,705,2589,1840,592,2078,1646,869,2912,2421,769,8251,6341,392,581,1651,9,83,8,888,2042,1774,870,36163,9,83,8,3703,9,83,8,17780,12657,36164,36165,349,2714,4808,734,9072,9,59,8,36166,560,4807,9,59,8,9083,333,4414,9,59,8,11105,653,388,1600,786,5098,4999,823,5337,5290,536,36167,9,83,8,36168,9,83,8,795,3528,3127,2749,370,370,1125,1277,1277,42,1209,1106,1772,9,83,8,42,577,1299,9,59,8,1299,9,59,8,42,847,615,108,42,830,117,117,42,864,519,519,12657,36169,2452,72,2635,433,2920,6205,2372,217,1838,1944,2858,565,2453,72,1886,565,3786,1323,3354,4890,3186,2936,3355,493,3676,493,6828,444,1649,63,1898,9238,1634,12162,336,1898,9238,3657,506,9238,4,673,53,3726,4692,2413,177,4,7739,13,2810,893,3,11,937,84,873,4,2054,379,522,13,1460,3,142,3,151,3,1924,3,5,5845,13,627,944,161,225,170,65 1,1,1,1,1,1,1,1,1,1,1,1,1,1,1,1,1,1,1,1,1,1,1,1,1,1,1,1,1,1,1,1,1,1,1,1,1,1,1,1,1,1,1,1,1,1,1,1,1,1,1,1,1,1,1,1,1,1,1,1,1,1,1,1,1,1,1,1,1,1,1,1,1,1,1,1,1,1,1,1,1,1,1,1,1,1,1,1,1,1,1,1,1,1,1,1,1,1,1,1,1,1,1,1,1,1,1,1,1,1,1,1,1,1,1,1,1,1,1,1,1,1,1,1,1,1,1,1,1,1,1,1,1,1,1,1,1,1,1,1,1,1,1,1,1,1,1,1,1,1,1,1,1,1,1,1,1,1,1,1,1,1,1,1,1,1,1,1,1,1,1,1,1,1,1,1,1,1,1,1,1,1,1,1,1,1,1,1,1,7,1,4,1,1,1,1,1,1,1,1,1,1,1,1
135,146,3,24,1425,20,269,27,24,245,2495,3,313,74,14,11,202,7,798,26,174,411,132,9,132,349,26,249,29,506,193,3,36170,3657,8 1,1,1,1,1,1,1,1,1,1,1,1,1,1,1,1,1,1,1,1,1,1,1,1,1,1,1,1,1,1,1,1,1,1,1
1403,24,2558,944,161,14,507,10,626,1460,5,2624 1,1,1,1,1,1,1,1,1,1,1,1
6,28,20,98,55,10,46,63,12,24,554,27,163,5,15,141,802,333,894,12,6,318,499 1,1,1,1,1,1,1,1,1,1,1,1,1,1,1,1,1,1,1,1,1,1,1
477,6,28,242,299,5127,7,633,12,1226,75,550,646,10091,494,3,138,6,28,82,30,7,63,12,554,5,1084,269,3,41,1948,284,361,432 1,1,1,1,1,1,1,1,1,1,1,1,1,1,1,1,1,1,1,1,1,1,1,1,1,1,1,1,1,1,1,1,1,1
176,377,36171,3929,3083,10091 1,1,1,1,1,1
109,46,256,2759 1,1,1,1
852,1917,36172,5277,682 1,1,1,1,1
58,742,9598,247,27,233,85,1159,482,361,278,134,333,86,10,894,17,284,8037,9,600,79,21,38,311,4615,838,1101,12,80,8,1830,815,549,25,32,178,36173,166,626,1460,12,481,7,2624 1,1,1,1,1,1,1,1,1,1,1,1,1,1,1,1,1,1,1,1,1,1,1,1,1,1,1,1,1,1,1,1,1,1,1,1,1,1,1,1,1,1,1,1,1
852,439,336,5,63,587,1028,659,907,35,11,91,1085,7,411,1159,144,972,3,1332,3,1669,3,1228,3,1697,1830,1959,12,230,2231,144,413,241,1934,1101,10,2843,2597,29,278,16353,135,262,195,36174,21,256,1975,5,4149,3,132,12,7739,13,2810,893 1,1,1,1,1,1,1,1,1,1,1,1,1,1,1,1,1,1,1,1,1,1,1,1,1,1,1,1,1,1,1,1,1,1,1,1,1,1,1,1,1,1,1,1,1,1,1,1,1,1,1,1,1,1,1,1,1,1
523,2767,115,13,308,5,186,290,17,254 1,1,1,1,1,1,1,1,1,1
852,791,613,3,3607,3,1819,1028,659,203,17,284,3929,1159,2479,450,253,17454,1163,95,118,852,144,772,520,1028,1228,346,14182,622,95,118 1,1,9,1,9,1,1,1,54,54,1,1,1,1,1,1,1,1,1,1,1,1,1,1,1,1,1,1,1,21,1,1
41,659,17,132,12,1401,160,10,52,1198 1,1,1,1,1,1,1,1,1,1
852,1825,2446,1028,144,865,460,36175,791,706,647,25,32,29,237,166,10,527,10,2020,134,284,652,9110,197,3312,132 1,1,1,1,1,1,1,1,1,1,1,1,1,1,1,1,1,1,1,1,1,1,1,1,1,1,1
71,353 1,1
833,36176,11,36177 1,1,1,1
7028 1
815 1
995,36178,278,102,340,1079,36179,296,726,3,235,13,723,36180,36181,1934,16168,3,229,710,36182,3485,297 1,1,1,1,1,1,1,1,1,1,1,1,1,1,1,1,1,1,1,1,1,1,1
