69,49,4,29806,3051,30,1887,292,407,104,279,17,356,7,4,161,668,1196,4,18,14,103,2188,6772,746,42,58,5306,12,1589 1,1,1,1,1,1,1,1,1,1,1,1,1,1,1,1,1,1,1,1,1,1,1,1,1,1,1,1,1,1
18,416,37,18,222,57,17,173,51,236,2,48,237,6,1196,1795,932,271,297 1,1,1,1,1,1,1,1,1,1,1,1,1,1,1,1,1,1,1
1975,10,23,837,2,18,701,58,5306,109,123,146,104,1447,6,746,20,15,7729,48,37,6,64,39,15,1427 1,1,1,1,1,1,1,1,1,1,1,1,1,1,1,1,1,1,1,1,1,1,1,1,1,1
18,321,23,19,15,29807,408,7,3725 1,1,1,1,1,1,1,1,1
165,11845,4,6,64,21,31,166,87,91,115 1,1,1,1,1,1,1,1,1,1,1
186,6080,4,23,478,34,5,394,21,12238,136,1312,6,517 1,1,1,1,1,1,1,1,1,1,1,1,1,1
18,21,166,106,1188,29808,136,6,560,20,4126 1,1,1,1,1,1,1,1,1,1,1
18,14,537,453,12,4830,42,58,8838,6740 1,1,1,1,1,1,1,1,1,1
249,972,139,4,18,543,5069,1011,27,11147,102,123,146,5,6,457,50,61,6434,10,7312 1,1,1,1,1,1,1,1,1,1,1,1,1,1,1,1,1,1,1,1,1
351,179,4,18,14,281,1308,12,7718,5560,2,63,4479,1308,3692 1,1,1,1,1,1,1,1,1,1,1,1,1,1,1
18,21,23,2248,29809,5,1147,674,5,319,15089,23,6171,17,29810 1,1,1,1,1,1,1,1,1,1,1,1,1,1,1
192,1275,53,2872,17,23 1,1,1,1,1,1
18,10292,6,674,48,27,511,404,403,8855 1,1,1,1,1,1,1,1,1,1
348,18,39,29811,15,365,292,345,29,2,48,288,39,15,3176,3292,151,16,1074,2832,29812,5286,23 1,1,1,1,1,1,1,1,1,1,1,1,1,1,1,1,1,1,1,1,1,1,1
18,416,37,18,209,621,10,3073,168,890,23,4399,12,29813 1,1,1,1,1,1,1,1,1,1,1,1,1,1
167,668,1196,103,6772,746,12,6305,28,103,102,158,876,3550,2106,127,438,251,367,435,9062,11148,971,12,9063,103,9064,955,2095,777,1085,425,13,560,336,527,884,1187,254,216,554,1240,103,5418,141,12,6094,188,435,752,2934,12,6094,48,64,31,382,10,1897,746,1122,5961,28,5069,215,346,12,11149,77,2089,547,1456,35,45,9,62,8,25,33,2341,9,172,1721,1722,8,1017,35,45,9,62,8,25,33,3437,9,4211,8,4127,35,45,9,62,8,25,283,556,1503,626,35,45,9,62,8,25,291,3713,1668,35,45,9,62,8,25,59,3942,767,683,35,45,9,62,8,25,33,517,3315,35,45,9,62,8,25,509,3088,9,7467,8,3315,35,45,9,62,8,25,33,138 1,1,1,1,1,1,1,1,1,1,1,1,1,1,1,10,1,16,16,1,1,1,1,1,1,1,1,1,1,1,1,1,1,1,1,1,1,1,16,1,1,1,1,1,1,1,1,1,1,1,1,1,1,1,1,1,1,1,1,1,1,1,1,1,1,1,1,1,1,1,1,1,1,1,1,1,1,1,1,11,1,11,1,1,1,1,1,1,1,1,1,1,1,1,1,1,1,1,1,1,1,1,1,1,1,7,7,1,1,1,1,1,1,1,1,7,1,1,1,1,1,1,1,1,1,1,1,1,1,1,1,1,1,1,1,1,1,1,1,1,1,1,1,1,1,1,1,1,1,1,1,1,1,1,1,1
2146,4377,35,45,9,62,8,25,33,2311,1345,1017,35,45,9,62,8,25,33,1255,9,1151,8,35,595,25,33,442,2294,1770,495,9,11150,1883,917,447,22,25,291,2173,9,5039,8,4256,35,45,9,62,8,25,3029,3725,683,35,595,9,62,8,25,33,137,747,163,7,213,11,228,12,1077 1,1,1,1,1,1,1,1,1,1,1,1,1,1,1,1,1,1,1,1,1,1,1,1,1,1,1,1,1,1,1,1,1,1,1,1,1,1,1,1,1,1,1,1,1,1,1,1,1,1,1,1,1,1,1,1,1,1,1,1,1,1,1,1,1,1,1,1,1
11,4133,2,250,2,270,2,455,2,340,34,2,435,2,613,2,807,2,26,757,1861 1,1,1,1,1,1,1,1,1,1,1,1,1,1,1,1,1,1,1,1,1
93,73,111,4,3009,121,4,3296,727,9,100,462,727,136,29814,8,224,893,479,2958,28,1188,388 1,1,5,5,5,1,1,1,1,1,1,1,1,1,1,1,1,1,1,1,1,1,1
3561,418,28,1268,13,3520,2993,27,7555,28,11,711,26,766 1,1,1,1,1,1,1,1,1,1,1,1,1,1
489,467,5069,1011,9,1246,7,457,8,4,1122,7,149,10,634,3488,28,1923,7,1479,14,557,13,763,29815,1460,9,14891,2,4295,74,8,28,40,7721,23,4201,10,496,6546 1,1,1,1,1,1,1,1,1,1,1,1,1,1,1,1,1,1,1,1,1,1,1,1,1,1,1,1,1,1,1,1,1,1,1,1,1,1,1,1
242,5,114,161,1196,4,356,13,58,5306,117,6495,408,7,3725 1,1,1,1,1,1,1,1,1,1,1,1,1,1,1
165,91,4,185,19,556,2,3713,2,5,2146 1,1,1,1,1,7,1,7,1,1,1
186,6080,4,126,3451,517 1,1,1,1,1,1
285,1188,5062,32,663,1716 1,1,1,1,1,1
114,1975,10,58,6740,14,10,2651,517,2252,191,15,200 1,1,1,1,1,1,1,1,1,1,1,1,1
40,155,2007,80 1,1,1,1
249,438,4,573,419 1,1,1,1,1
11,93,14566,7,438,70,110 1,1,1,1,1,1,1
126,3437 1,1
351,1122,4,84,20,1805,12,6,8079,233,37,15,5922,29816,560,176,1525,6,64 1,1,1,1,1,1,1,1,1,1,1,1,1,1,1,1,1,1,1
40,1022,1312,4037,13,64,74,1724,2,58,29817,2,10,1029,1769,84,40,31,7721,23,2004 1,1,1,1,1,1,1,1,1,1,1,1,1,1,1,1,1,1,1,1,1
459,254,4,210,20,855,1510,27,106,845,191,78,200 1,16,1,12,12,12,12,12,12,12,1,1,1
40,155,3779,80,136,18,14,31,797 1,1,1,1,1,1,1,1,1
636,179,4,285,457,7,8079,233,13,29 1,1,1,1,1,1,1,1,1,1
285,709,7,1308,1310,5,1550,18,209,301,934,1719,29818 1,1,1,1,1,1,1,1,1,1,1,1,1
64,31,1769,108,38,2150,209,55,419,271,4479,1308 1,1,1,1,1,1,1,1,1,1,1,1
285,472,709,13,64,74,837,2,29819,2,191,6,2416,117,6,101 1,1,1,1,1,1,1,1,1,1,1,1,1,1,1,1
40,3271,170,8352,17,424,203,3397 1,1,1,1,1,1,1,1
