67,54,4,17283,730,234,1908,77,30,7,61,328,99,5441,58,991,183 1,1,1,1,1,1,1,1,1,1,1,1,1,1,1,1,1
38,170,1373,10,70,489,5,1831,164,470,119,242,31,191,5441,99,7035,132,79,16055,17,5867,12661,5,2461,38,21,15,841,12,58,65 1,1,1,1,1,1,1,1,1,1,1,1,1,1,1,1,1,1,1,1,1,1,1,1,1,1,1,1,1,1,1,1
21,15,9419 1,1,1
14,31,238,88,312 5,5,5,5,5
21,1001,655,51,190,18,21,484,3249,6,12853,408,146,7745,739,17,80,493,36295,4684,10,530,188,10,391 1,1,1,1,1,1,1,1,1,1,1,1,1,1,1,1,1,1,1,1,1,1,1,1,1
21,10,391,19,117,2347 1,1,1,1,1,1
1092,109,31,575 1,1,1,1
11,923,405,6,65,51,14,31,35,308 1,1,1,1,1,1,1,1,1,1
11,529,3,93,3,418 1,1,1,1,1,1
177,359,58,991,183,111,3482,239,588,1618,344,2121,1143,669 1,1,1,1,1,1,1,1,1,1,1,1,1,1
36296,19,900,189,1884,69,39,4400,478,945,22,25,32,203,7196,462,22,9,901,45,49,36,8,25,32,512,329,487,9,501,3069 1,1,1,1,8,1,1,11,11,1,1,1,1,11,11,1,1,1,1,1,1,1,1,1,1,1,1,1,1,1,1
399,8,9,512,1072,3605,22,9,846,3069,399,8,816,1628,487,669,3325,8,8,36,298,9,10175,45,8,25,69,47,1847,36297,9,36298,8,955,1681,9,846,45,8,25,69,36299,36300,180,22,9,1675,568,49,36,8,25,32,932,125,22,9,378,45,49,36,8,25,32,47,388,45,9,73,8,218,171,22,9,549,45,49,36,8,25,69,47,1847,45,9,73,8,610,2223,912,964,9,610,2223,912,964,8,231,22,9,672,2299,2402,49,36,8,25,32,3,7172,36301,2844,47,388,2299,906,36,298,25,32,1884,2391,1686,9,165,4053,1686,8,8531,4679,3015,521,35,496,3,900,189,69,47,117,2801,9,73,8,736,125,22,9,378,45,49,36,8,25,276,47,388,45,9,73,8,1895,2116,964,1491,22,9,3296,45,3865,49,36,8,25,69,47,1847,45,9,73,8,127,1545,80,39,30,2804,4,17795,17796,17797,3,11,2866,80,591,30,58,164,19,70,489,290,10,36302,150,30,1169,5088,17798,723,3,3867,872,11,1022,7,895,373,3,567,373,206,30,238,4,488,40,2058,485,4,200,357,4,200,2352,1229,4,200,3841,254,4,200,353,4,200,288,4,200,3834,4,601,36303,2455,4,160,1590,1902,285,4,1221,36304,2159,4,17799,3,31,2159,308,4592,4035,4,12,80,2198,3495,157,4,2633,12086,4,2633,245,17800,198,3798,8516,81,7,182,207,4,655,115,1299,842,3,11,249,3,459,3,970,412,4,1752,36305,221,10088,2802,4,11,338,923,3,1752,2760,77,196,4,11,277,1844,4,11,263,3,307,3,1181,3,1753,644,4,11,529,3,418,3,93,3,739,3,760,361,4,11,300,3,375,3,2161,3,446,3,648,3,1366,3,2841,567,4,1402,359,10087,1309,4,11,796,3,1235 1,1,1,1,1,1,1,1,1,1,1,1,1,1,1,1,1,1,1,1,1,1,1,1,1,1,1,1,1,1,1,1,1,1,1,1,1,1,1,1,1,1,1,1,1,1,1,1,1,1,1,1,1,1,1,1,1,1,1,1,1,1,1,1,1,1,1,1,1,1,13,1,1,1,1,1,1,1,1,1,1,1,1,1,1,1,1,9,9,9,9,1,9,9,9,9,1,1,1,1,1,1,1,1,1,1,1,1,1,1,1,1,1,1,1,1,1,1,1,1,8,8,8,1,1,1,1,1,1,1,1,1,1,1,1,1,1,1,1,1,1,1,1,1,12,1,1,1,1,1,1,1,1,1,1,1,1,1,1,1,1,20,20,20,1,1,1,1,1,1,1,1,1,1,1,1,1,1,1,1,1,1,1,1,1,1,1,1,1,1,1,1,1,1,1,1,1,1,1,1,1,1,1,1,1,1,1,1,1,1,1,1,1,1,1,1,1,1,1,1,1,1,1,1,5,5,5,5,5,1,1,1,1,1,1,1,1,1,1,1,1,1,1,1,1,1,1,1,1,1,1,1,1,1,1,1,1,1,1,1,1,1,1,1,1,1,1,1,1,1,1,1,1,1,1,1,1,1,1,1,1,1,1,1,1,1,1,1,1,1,1,1,1,1,1,1,1,1,1,1,1,1,1,1,1,1,1,1,1,1,1,1,1,1,1,1,1,1,1,1,1,1,1,1,1,1,1,1,1,1,1,1,1,1,1,1,1,1,1,1,1,1,1,1,1,1,1,1,1,1,1,1,1,1,1,1,1,1,1,1,1,1,1,1,1,1,1,1,1,1,1
5613,4,1761,3970,8177,4,705,1010,4,11,1013,26,618,34,352,4,11,616,3,611,29,13754,36306,51,11,34,4518,4,11,363,233,174,182,143,81,5,57,72,316,205,63,94,3126,133,547,2012,1428,12,140,6478,948,2551,9493,102,77,207,197,3457,3,3566,280,4469,12,480,3,148,36307,53,742,2496,43,271,196,11,277,227,863,2675,1925,3276,91,3,2934,44,1431,5,3941,44,136,4,332,3,11,3613,687,48,91,10,463,567,11,240,3,3447,261 1,1,1,1,1,1,1,1,1,1,1,1,1,1,1,1,1,1,1,1,1,1,1,1,1,1,1,1,1,1,1,1,1,1,1,1,1,1,1,1,6,6,6,1,1,1,1,1,1,1,1,97,97,1,1,1,1,1,1,1,23,1,1,1,1,6,6,1,1,1,1,1,1,1,1,1,1,1,1,1,1,1,1,1,1,1,1,1,1,1,1,1,1,1,1,1,1,1,1,1,1,1,1,1,1
2200,91,2852,455,3,1270,11,1162,11,1094,11,213,26,561,214,152,3,1169,246,3,11,240 1,1,1,1,1,1,1,1,1,1,1,1,1,1,1,1,1,1,1,1,1,1
44,1012,3,3033 1,1,1,1
11,1482,5430,11,875,3,2109,3,1797,26,1726,638,2617,44,1558,522,3188,11,277,11,36308,82,3,36309,26,6297,3781,246,8219,4,44,5063,44,7280,4,44,978,3,36310,15410,4,1169,246,3,11,240,1501,4,660,50,582,1238,1787,779,77,44,1256,3,11,240,554,1084,193,114,232,443,133,11,93,3327,3532,66,3,11,618,474,273,642,1056,4,36311,217,3,7767,217,3,675,700,44,1326,44,1246,339,176,3303,4,160,1590,1902,178,151,4,41,897,149,166,10,52,319,7,179,195,655,1001,253,153,17295,21,31,221,64,5969,346,70,303,1373,5,5867,36312,460,36313,301,788,13319,208,52,845,212,701,1937,701,290,10,11989,160,268,1776 1,1,1,1,1,1,1,1,1,1,1,1,1,1,1,1,1,1,1,1,1,1,1,1,1,1,1,1,1,1,1,1,1,1,1,1,1,1,1,1,1,1,1,1,1,1,1,1,1,1,1,1,1,1,1,1,1,1,1,1,1,1,1,1,1,1,1,1,1,1,1,1,1,1,1,1,1,1,1,1,1,1,1,1,1,1,1,1,1,1,1,1,1,1,1,1,1,1,1,1,4,1,1,1,1,1,1,1,1,1,1,1,1,1,1,1,1,1,1,1,1,1,1,1,1,1,1,1,1,1,1,1,1,1,1,1,1,1,1,1,1,1,1,1,1,1,1
149,154,154,890,4,177,4,1924,156,1666,890,16548,2387,1817,1134,36314,836,9,11,1257,8,16550,733,398,36315,336,6753,3,968,8532,16549,520,1134,16551,972,17801,540,36316,1238,1787,1018,36317,4480,63,3,1513,36318,177,3,565,344,17808,1590,1244,3,2111,3,117,991,78,442,17802,17803,17804,1120,17805,17806,36,17807,1828,78,832,444,36319,1468,112,3,2785,3,440,36320,104,28,2160,359,39,81,5,10072,28,41,36321,4660,1430,10,64,36322,17,103,36323,301,788,1924,3,6731,212,341,709,497,6719,3095,12391,3,107 1,1,1,1,1,1,1,1,1,1,1,1,1,1,1,1,1,1,1,1,1,1,1,1,1,1,1,1,1,1,1,1,1,1,1,1,1,1,1,1,1,1,1,1,1,1,1,1,1,1,1,1,1,1,1,1,1,1,1,1,1,1,1,1,1,1,1,1,1,1,1,1,1,1,1,1,1,1,1,1,1,1,1,1,1,1,1,1,1,1,1,1,1,1,1,1,1,1,1,1,1,1,1,1,1,1,1,1,1,1,1,1,1,1
