69,49,4,30139,93,73,36,345,29,14,15,1280,292,661,104,279,17,3374,93,73 1,1,1,1,1,1,1,1,1,1,1,1,1,1,1,1,1,1,1,1
16,21,61,1376,10,356,98,354,35,200,5,20,288,1888,17,157,337,30140 1,1,1,1,1,1,1,1,1,1,1,1,1,1,1,1,1,1
529,89,709,563,4,81,341,4,15569,2935,2824,151,265,13,337,611 1,1,1,1,1,4,4,1,1,1,1,1,1,1,1,1
19,310 1,20
9066,4,1998,27,140,10784,5576,4,1998,27,140,15570,290,607,83,22,33,3195,7,310,15571,5067,7,132,353 1,1,1,1,1,1,1,1,1,1,1,1,1,22,1,1,1,1,1,20,1,1,1,1,1
10,125,81,15572,15573,12,1231,309,4,579,7710,98,154,159,5576,4,411,309,2,4440,173,4029,197,445,611,4,70,386 1,1,4,1,1,1,1,19,19,19,19,19,19,19,1,1,1,1,1,1,1,1,1,1,1,1,1,1
265,10,6095,15574,36,9067,13,4973,5576,4,265,10,6095,51,236,146,13,157,337,611,2,9067,13,2259,2,1166,203 1,1,1,1,1,1,1,1,1,1,1,1,1,1,1,1,1,1,1,1,1,1,1,1,1,1,1
453,42,545,308,36,356,51,236 1,1,1,1,1,1,1,1
4164,682,6749 1,1,1
34,257,32,865,527,4,5576,4,527,225 1,1,1,1,1,1,1,1,1,1
11,1735,19,2888,36,19,960,150,709,4,3072 1,1,1,1,1,1,1,1,1,1,1
5484,17,2503 1,1,1
11,44,34,2,31,19,3308 1,1,1,1,1,1,1
499,355,66,231,77,4,77,960,9,2480,8,683,2,35,595,9,62,8,25,291,4,17,381,30141,5,34,65,2103,611,607,521,2,35,45,9,62,8,25,33,1292,83,5007,22,9,1934,83,30142,917,35,347,25,4241,138,138,337,611,34,4,60,32,575,137,2063,36,339,1648,179,30,4,1616 1,1,1,1,1,1,1,1,1,1,1,1,1,1,1,1,1,1,1,1,1,1,1,1,1,1,1,1,1,22,1,1,1,1,1,1,1,1,1,1,1,1,1,1,1,1,1,1,1,1,1,1,1,1,1,1,1,1,1,1,1,1,1,1,1,1,1,1,1,1
3663 1
16,21,35,4421,36,16,113,31,50,12970 1,1,1,1,1,1,1,1,1,1
16,2015,100,532,2935,2824,36,6408,27,8369,30143,5,30144,2272,19,362,882,36,533,611 1,1,1,1,1,1,1,1,1,1,1,1,1,1,1,1,1,1,1,1
11,3674,74,11157,1533,548 1,1,1,1,1,1
1544,428,32,6408 1,1,1,1
295,12,63,4399,13,24,9941 1,1,1,1,1,1,1
1374,579,7710,98,154,159 19,19,19,19,19,19
11,430 1,1
5081,7245 1,1
11,7745 1,1
113,31,4317,3944,4152 1,1,1,1,1
1404,2218 1,1
128,30,4,477,21,81,36,19,964 1,1,1,1,1,4,1,1,1
603,85,21,81 1,1,1,4
16,21,51,3664,36,153,21,81 1,1,1,1,1,1,1,4
66,17,859,178,2,551,2,116,2,254,2,30145,3289,2,592,335,2,1023,335,2,181,335 1,1,1,1,1,1,1,1,1,1,1,1,1,1,1,1,1,1,1,1,1,1
990,355,66 1,1,1
385,4,520,359,111,14094,616,2077,727,759,4,436 1,1,1,1,1,1,1,1,1,1,1,1
15,75,30146 1,1,1
2111,4,43,202,4,2417 1,1,1,1,1,1
7048,175 1,1
1290,90,112,4,330,2,11,1289,2,11,846,26,620,1064 1,1,1,1,1,1,1,1,1,1,1,1,1,1
11,293,229,226,4,1398 1,1,1,1,1,1
11,942,26,856,91,4,418 1,1,1,1,1,1,1
11,3458,187,4,133,2,1325,2,875,2,324,558 1,1,1,1,1,1,1,1,1,1,1,1
11,342,26,1003,516,4,11,79 1,1,1,1,1,1,1,1
243,171,193 1,1,1
168,4,11,2792,277,2,11,1076,277,181,4,157,2103,611,166,36,8857,1377,156,2,2623,57 1,1,1,1,1,1,1,1,1,1,1,1,1,1,1,1,1,1,1,1,1,1
323,4092,171,1203,2,590,1028,1203,2,672,324 1,1,1,1,1,1,1,1,1,1,1
4049,1459,193,744,833,4,81,341,4,15569,2935,2824,151,265,13,337,611 1,1,1,1,1,1,4,4,1,1,1,1,1,1,1,1,1
19,310 1,20
9066,4,1998,27,140,10784,5576,4,1998,27,140,15570,290,607,83,22,33,3195,7,310,15571,5067,7,132,353 1,1,1,1,1,1,1,1,1,1,1,1,1,22,1,1,1,1,1,20,1,1,1,1,1
1015,548,2,5838,548 1,1,1,1,1
12580,337,203 1,1,1
692,568,73,27,106,845 1,1,1,1,1,1
10,125,81,15572,15573,12,1231,309,4,579,7710,98,154,159,5576,4,411,309,2,4440,173,4029,36,3984 1,1,4,1,1,1,1,19,19,19,19,19,19,19,1,1,1,1,1,1,1,1,1,1
197,445,611,4,70,386 1,1,1,1,1,1
265,10,6095,15574,36,9067,13,4973,5576,4,265,10,6095,51,236,146,13,157,337,611,2,9067,13,2259,2,1166,203 1,1,1,1,1,1,1,1,1,1,1,1,1,1,1,1,1,1,1,1,1,1,1,1,1,1,1
453,42,545,308,36,356,51,236 1,1,1,1,1,1,1,1
4164,682,6749 1,1,1
34,257,32,865,527,4,9066,4,321,83,123,146,9,9592,8,36,201,12,1087,36,718,140 1,1,1,1,1,1,1,1,1,1,1,1,1,1,1,1,1,1,1,1,1,1
21,5168,34,5,388,5582,12,197,1726,19,157,36,932,136,1087,1906 1,1,1,1,1,1,1,1,1,1,1,1,1,1,1,1
10,6095,1087,428,17,1906,36,692,205,30147,5,1364,877,1906 1,1,1,1,1,1,1,1,1,1,1,1,1,1
1931,2888,17,34,5576,4,660,5,110,13,527,225 1,1,1,1,1,1,1,1,1,1,1,1
11,1735,19,2888,2,679,960 1,1,1,1,1,1,1
3072,4,1931,3700,7,2503,80,36,35,196,22,259,1854,2,3984,30148 1,1,1,1,1,1,1,1,1,1,1,1,1,1,1,1
424,927,367,6096,7459,991,93,73,6096,140,358,1649,6096,1403,8586,6096,1402,6096,548,2766,73,6096,261,527,5,2935,466,309,139,6096,231,1055,2688,30149,617,1015,30150,15575,215,1856,30151,1277,1238 1,1,1,1,1,1,1,1,1,1,1,1,1,1,1,1,1,1,1,1,1,1,1,1,1,1,1,1,1,1,19,19,1,1,1,1,1,1,1,1,1,1,1
15575,119,489,30152,158,772 1,1,1,1,1,1
266,9,835,8,15576,30153,458,9,654,8,15576,11382,356,102,2207 1,1,1,1,1,1,1,1,1,1,1,1,1,1,1
