69,49,4,30226,287,5562,1263,36,16,701,58,11162,104,404,16,113,301,15,5098 1,1,1,1,1,1,1,1,1,1,1,1,1,1,1,1,1,1,1
287,5562,14,4440,173,84,2,48,21,841,1911,1008,17,63,26,49 1,1,1,1,1,1,1,1,1,1,1,1,1,1,1,1
16,21,39,15,1450,7,1991,2,153,70,19,13625,3214,36,30227,3307,7866 1,1,1,1,1,1,1,1,1,1,1,1,1,1,1,1,1
16,411,21,70,700,34,37,4535,10,6,1726 1,1,1,1,1,1,1,1,1,1,1
121,14,168,100,102,727 1,1,1,1,1,1
258,129,192,1104,5,1015,20,456,481 1,1,1,1,1,1,1,1,1
499,4,6798 1,1,1
613,2,11,455,2,11,270,2,11,8968,2,11,618 1,1,1,1,1,1,1,1,1,1,1,1,1
88,668,167 1,1,1
11,181,167 1,1,1
1183,4,11,309,26,231,430 1,1,14,14,1,1,1
2997,4,994 1,1,1
11,5304 1,1
295,12,365,8590,518,214,2840 1,1,1,1,1,1,1
77,172,9,896,547,8,925,45,5194,60,35,45,9,62,8,25,33,2,60,32,575,1255,9,1151,8,35,595,25,33,230,683,45,60,35,45,9,62,8,25,33,2157,626,45,60,35,45,9,62,8,25,59,2,60,32,575,669,9,1010,8,768,45,60,684,45,9,62,8,25,33,2,60,32,575,310,4480,45,60,35,45,9,62,8,25,59,137,1573,385,4,30228,13,15,2611,36,30229,5289,1333,1714,574,723,90,226 1,11,1,1,1,1,1,1,1,1,1,1,1,1,1,1,1,1,1,1,1,1,1,1,1,1,1,1,1,7,1,1,1,1,1,1,1,1,1,1,13,1,1,1,1,1,1,1,1,1,1,1,1,1,1,25,1,1,1,1,1,1,1,1,1,1,1,1,1,1,1,1,1,20,1,1,1,1,1,1,1,1,1,1,1,1,1,1,1,1,1,1,1,1,1,1,1,1,1,1,1
418,30230,11,229 1,1,1,1
3977,12,52,568,476,1596,12,70,700,10,30231,4654 1,1,1,1,1,1,1,1,1,1,1,1
2178 1
79 1
1270,484,21,660 1,1,1,1
833,35,8,700,2113,36,16,692,15,5098,7,24,157,9139 1,1,1,1,1,1,1,1,1,1,1,1,1,1
16,40,750,58,11162,10,1501,63,26,49 1,1,1,1,1,1,1,1,1,1
51,8,116,30232,425 1,1,10,1,1
102,8,120,36,1701,57,425 1,1,4,1,1,1,1
126,13,310 1,1,20
19,1918,2,211 1,1,1,11
31,19,1226,36,945,50,61,791,199 1,1,1,1,1,1,1,1,1
453,42,58,3532,17,3690 1,1,1,1,1,1
424,927,1551,1291,30233,13854,30234,367,6776,5111,2518,4,456,594,812,73,15580,577,1132,30235,30236,346,36,66,98,74,102,1772,30237,309,139,6776,578,15,1055,3671,6776,2424,2688,30238,617,752,30239,3704,2,29,2424 1,1,1,1,1,1,1,1,1,1,1,1,1,1,1,1,1,1,1,1,1,1,1,1,1,1,1,1,1,1,1,1,14,14,14,1,1,1,1,1,1,1,1,1,1,1,1
5053,73,30240,11,381,13743 1,1,1,1,1,1
261,3839 1,1
7173,2,3977,19,52,9,103,1574,8,346,5208,453,42,58,3532,7,6,3439,659,17,3839 1,1,1,1,1,1,1,1,1,1,1,1,1,1,1,1,1,1,1,1,1
7173 1
1015,30241,11689,2766,73,30242,1234,527,1587,6776,1944,3575,6776,2374,2518,4,456,2077,266,9,835,8,15581,8162,991,93,73,15580,3576,6776,2822,5855,9,10354,8,30243,2108,458,9,654,8,15581,3013,1306,4073,10539,2,96 15,15,15,1,1,1,1,1,1,1,1,30,30,30,1,1,1,1,1,1,1,1,1,1,1,1,1,1,1,1,1,1,1,1,1,1,1,1,1,1,1,1,1,1,1,1,1,1
