67,54,4,36412,293,4540,468,12,2370,640,7,34,12,23,2915,813,33,681,984,1023,33,132,476 1,1,1,1,1,1,1,1,1,1,1,1,1,1,1,1,1,1,1,1,1,1,1
11,474 1,1
11,34,13,321 1,1,1,1
657,190,1248 1,1,1
376,16,82,191,1867,3,11,1481,3,361,26,1309,147 1,1,1,1,1,1,1,1,1,1,1,1,1
11,118,12,1283,923 1,1,1,1,1
11,301,196,243 1,1,1,1
11,529 1,1
1215,4,11,238,3,3520,39,274,672,36,45,9,73,8,25,32,49,35,496,1807,686,36,45,9,73,8,25,69,49,35,496,203,9,947,478,8,1026,36,45,9,73,8,25,32,49,35,496,545,4,3936,3664,1106,716,680,7347,5074,4,5727,433,216,3,11,222,3,5003,687,3,11,638,91,7644,455,11,1094,26,213,362,4,280,3,11,240,26,969,3,1525,2915,19,2184,59,442,187,248,7172,246 14,14,14,14,1,1,1,9,1,1,1,1,1,1,1,1,1,1,1,13,1,1,1,1,1,1,1,1,1,1,1,11,1,1,1,1,1,1,1,1,1,1,1,1,1,1,1,1,1,6,1,1,1,1,1,1,1,1,1,1,1,1,1,1,1,1,1,1,1,1,1,1,1,1,1,1,1,1,23,1,1,1,1,1,1,1,1,1,1,1,1,1,1,1,1
11,1346,474 1,1,1
673,975,93 1,1,1
147,36,8,106,33,118,1807,10,215,69 1,1,1,7,1,1,13,1,1,1
58,8,110,486,657,938,12665,36413,211,117,8,71,324,33,1331,19,5074 1,1,1,1,1,1,1,1,1,1,1,4,4,1,1,1,1
314,3,144,1284 1,1,1,1
412,77,1867,2082,40,87 1,1,1,1,1,1
210,8,1619,763,1530,11,301,175,2837,108,8,2915,813,2830,3,420,3238,268,164,320,8,3159,3412,33,439,13,3284 1,1,1,1,1,1,1,1,1,1,1,1,1,1,1,1,1,1,1,1,1,1,1,1,1,1,1
