69,49,4,30407,101,99,29,414,4,6424,2,1761,775,485,4,15585,597,49,4,15590,597,42,4,6518,6760,49,7,101,4,15590,1761,20,201,80,12,1072,961,13,308,240,58,6579,6712,104,12412,13,6,242,114,37,47,40,14763,944 1,1,1,1,1,1,1,1,1,1,1,1,1,1,1,1,1,1,1,1,1,1,1,1,1,1,1,1,1,1,1,1,1,1,1,1,1,1,1,1,1,1,1,1,1,1,1,1,1,1,1,1,1,1
30,7,6,156,360,4,1761,14,15,9148,2,4245,471,104,2931,15,817,70,2528,2453,551,12,1426,6945,38,2313,12,6,644,7,70,378,293,143,1622,2,5,5578,20,2213,17,583,7,3212,2976,79,117,6,551 1,1,1,1,1,1,1,1,1,1,1,1,1,1,1,1,1,1,1,1,1,1,1,1,1,1,1,1,1,1,1,1,1,1,1,1,1,1,1,1,1,1,1,1,1,1,1,1,1
16,1487,533,63,566,7,6,263,1033,5666 1,1,1,1,1,1,1,1,1,1
24,551,1243,604,15,43,1134,5,8080,3300,707 1,1,1,1,1,1,1,1,1,1,1
15,10059,1075,20,66 1,1,1,1,1
3398,20,43 1,1,1
1995,1001,6604,604,149,5615 1,1,1,1,1,1
24,2906,20,1180,42,1319,2930,2,71,2213,545,1395,5,2233,2929,364 1,1,1,1,1,1,1,1,1,1,1,1,1,1,1,1
2726,63,8294,1033,5666,20,5375,12,1426,8359,16,237,533,1467,272,5,402,5,15,30408 1,1,1,1,1,1,1,1,1,1,1,1,1,1,1,1,1,1,1,1
15,15086,4870,20,730,42,58,8974 1,1,1,1,1,1,1,1
2555,2,1242,117,6215,68,20,1467,272,5,402 1,1,1,1,1,1,1,1,1,1,1
38,8449,286,10,55,15,663,1716,7,4601,2135,245 1,1,1,1,1,1,1,1,1,1,1,1
6,4601,20,1487,5375,13,4319,17,188,3872,4387,34,2,5,6,272,5,402,8117 1,1,1,1,1,1,1,1,1,1,1,1,1,1,1,1,1,1,1
47,97,701,1761,19,1589,3162,7,38,200,27,71,845,16,20,448,791,57 1,1,1,1,1,1,1,1,1,1,1,1,1,1,1,1,1,1
16,3912,7,106,2750,4174,7,884,1187 1,1,1,1,1,1,1,1,1
24,438,3033,10,55,1400,419,338,19,1461 1,1,1,1,1,1,1,1,1,1
80,16,267,37,16,589,10,50,2323,13,4387,34,19,6,52,663,7,24,1782 1,1,1,1,1,1,1,1,1,1,1,1,1,1,1,1,1,1,1
6366,16,21,2431,10,4860,2272,664,7,4319,5,38,21,31,3338,6,34,10,433,87,932 1,1,1,1,1,1,1,1,1,1,1,1,1,1,1,1,1,1,1,1,1
16,14,947,15,5333,262,7,960,2,71,16,1886,14,2978 1,1,1,1,1,1,1,1,1,1,1,1,1,1
16,1351,37,472,1861,8088,24,1444,2,349,2,5,386,19,6,52,663,5,16,6568,1092,68,1279,55,106,4800,1352,6,34,5,6,4870,2,71,20,730,19,6,52,663,7,24,392 1,1,1,1,1,1,1,1,1,1,1,1,1,1,1,1,1,1,1,1,1,1,1,1,1,1,1,1,1,1,1,1,1,1,1,1,1,1,1,1,1,1,1
16,85,1351,7,847,386,6373,27,420,2,71,53,31,1926,5771 1,1,1,1,1,1,1,1,1,1,1,1,1,1,1
24,373,182,391,27,38,95,5460,10,6,2750,4174,37,16,2632,27,1082,97,101 1,1,1,1,1,1,1,1,1,1,1,1,1,1,1,1,1,1,1
472,2291,2640,363,511,82,2,598,648,176,31,2640,17,363,123,27,15,95 1,1,1,1,1,1,1,1,1,1,1,1,1,1,1,1,1,1
16,14858,37,373,7,6,534,2640,151,16,14,12,886,27,420 1,1,1,1,1,1,1,1,1,1,1,1,1,1,1
16,523,3814,15,699,7,272,453,42,15,1621,466,19,153,663,7,24,1782,26,6,150 1,1,1,1,1,1,1,1,1,1,1,1,1,1,1,1,1,1,1,1,1
38,21,61,453,42,15,699,7,2639,65,6,965,7,24,392,423,10,24,853 1,1,1,1,1,1,1,1,1,1,1,1,1,1,1,1,1,1,1
68,176,55,15,699,7,668,2546 1,1,1,1,1,1,1,1
16,237,4343,15,466,32,108,16,14,14865,19,6,886,2,5,1916,38,14,453,42,272 1,1,1,1,1,1,1,1,1,1,1,1,1,1,1,1,1,1,1,1,1
6,3504,656,5598,316,2219,48,6,272,176,6588,17,32,928,32,63,1719 1,1,1,1,1,1,1,1,1,1,1,1,1,1,1,1,1
16,85,586,19,106,5958,16,113,31,977,621,1216,286,7,886 1,1,1,1,1,1,1,1,1,1,1,1,1,1,1
16,589,10,3292,2250,1534,2,5,16,30409,10,808,10,15,43,1120,7,4619 1,1,1,1,1,1,1,1,1,1,1,1,1,1,1,1,1,1
16,21,1936,10,9930,32,15,2829,1343 1,1,1,1,1,1,1,1,1
16,14,773,10,500 1,1,1,1,1
24,12501,14,110,991,5,16,14,2406,15159,173,38 1,1,1,1,1,1,1,1,1,1,1,1
16,14,1308,13,15,4498,12458,8471,104,826,1536,203,7,170 1,1,1,1,1,1,1,1,1,1,1,1,1,1
24,52,349,836,10452 1,1,1,1,1
16,21,839,717,590,12,24,386 1,1,1,1,1,1,1,1
16,21,15,8018,901,2700,2953,19,6,52,663 1,1,1,1,1,1,1,1,1,1,1
16,21,153,280,391,71,14,15,699,7,803,5,1839,12,6,2041,5,2021,3796,19,6,70,663 1,1,1,1,1,1,1,1,1,1,1,1,1,1,1,1,1,1,1,1,1,1,1
78,89,30,563,81,2,127,2,5,254 1,1,1,1,4,1,10,1,1,16
231,77,563,1461,105,22,82,2,960,1481,22,8894,2,11656,4661,2,1650,2,987,2,501,2,1020,2,1985,2,131,2,5,172,370,22,82 1,1,1,1,1,1,1,1,1,1,1,1,1,1,1,1,31,1,20,1,7,1,13,1,12,1,6,1,1,11,1,1,1
19,73,1761,14,2464 1,1,1,1,1
24,3579,21,110,4692,168 1,1,1,1,1,1
19,972,139,73,16,14,382,10,8793,15,14384,30 1,1,1,1,1,1,1,1,1,1,1,1
16,21,15,1316,7,1135,173,551,3035,6551,317,15,7549,1161,1763,37,16,4728,173,12,30410 1,1,1,1,1,1,1,1,1,1,1,1,1,1,1,1,1,1,1,1,1
568,1026,14,199 1,1,1,1
19,1478,2467,73,1237,53,1967,5,1221,5,2285,1445,53,175 1,1,1,1,1,1,1,1,1,1,1,1,1,1
68,14,15,52,901,2700,2953 1,1,1,1,1,1,1
6,1444,14,7449,13,63,412,731,10111,1923,52,1188,2698 1,1,1,1,1,1,1,1,1,1,1,1,1
6,1559,4215,12,6,1052 1,1,1,1,1,1
6,52,349,14,1667,15586 1,1,1,1,1,1
6,52,386,21,1441,271,30411,717,590 1,1,1,1,1,1,1,1,1
68,14,3872,1099,5462 1,1,1,1,1
1355,53,3634,19,6,52,5,43,19,6,70 1,1,1,1,1,1,1,1,1,1,1
1761,14,382,10,2894,13,15,2611,5,15,52,754,337,30412 1,1,1,1,1,1,1,1,1,1,1,1,1,1
92,2251,573,7,80,74,101,3468,3286,709,37,1693,1761 1,1,1,1,1,1,1,1,1,1,1,1,1
995,6,1754,7,7549,1161,364,17,551,3035 1,1,1,1,1,1,1,1,1,1
47,2517,37,68,14,11,10551,160,12,5464,7,38,3737 1,1,1,1,1,1,1,1,1,1,1,1,1
68,53,106,2239,10,7549,1161,364,1155,32,409,1219,5,6,30413,53,3460,30414 1,1,1,1,1,1,1,1,1,1,1,1,1,1,1,1,1,1
1195,47,1293,1761,31,10,3105,37,4966 1,1,1,1,1,1,1,1,1
995,24,1579,2750,4174,2,71,53,214,5771,2,6,1187,7,472,534,14,791,884 1,1,1,1,1,1,1,1,1,1,1,1,1,1,1,1,1,1,1
58,6712,2632,6,1754,37,472,534,2264,106,6833,7,30415,2095,11058 1,1,1,1,1,1,1,1,1,1,1,1,1,1,1
47,880,84,14,380,37,472,53,15,663,1716,7,1461,28,47,2242,37,648,523,2313,4129,117,1312,1461 1,1,1,1,1,1,1,1,1,1,1,1,1,1,1,1,1,1,1,1,1,1,1,1
92,2616,10,1171,6,1461,17,15,15544,2319,10,125,108,68,14,87,1051,12,6,534 1,1,1,1,1,1,1,1,1,1,1,1,1,1,1,1,1,1,1,1
108,68,14,2,47,209,539,3359,10,63,14183,37,1230,42,15,2637,30416 1,1,1,1,1,1,1,1,1,1,1,1,1,1,1,1,1
108,68,14,11,228,12,6,534,92,319,1418,6728,5,1495,1461,168 1,1,1,1,1,1,1,1,1,1,1,1,1,1,1,1
47,11497,10,8148,256,37,68,14,1099,274,10,870,5,7439,12,6,70,912,1393,6,2041,5,2021,4753,5,6,3075,1694,7,6,912,19,6,9187,2991 1,1,1,1,1,1,1,1,1,1,1,1,1,1,1,1,1,1,1,1,1,1,1,1,1,1,1,1,1,1,1,1,1,1,1
68,14,11,731,1037,12,6,912 1,1,1,1,1,1,1,1
68,14,11,10148,74,2214,191,6,3075,2467,27,6,2971 1,1,1,1,1,1,1,1,1,1,1,1,1
6,3075,2467,12,6,3075,30417,14,31,30418 1,1,1,1,1,1,1,1,1,1
6,115,5,93,73,53,557,13,3075,30419,527,2,71,47,1732,14,6,772,7,349,2691,432,535 1,1,1,1,1,1,1,1,1,1,1,1,1,1,1,1,1,1,1,1,1,1,1
47,1805,37,1761,9851,63,2971,5643,13,15,30420,30421,37,40,907,11018,5489,6,349,4087,432,535 1,1,1,1,1,1,1,1,1,1,1,1,1,1,1,1,1,1,1,1,1,1
92,40,1454,63,568,19,38,191,95 1,1,1,1,1,1,1,1,1
11,150,142,53,1683,27,6,6249 1,1,1,1,1,1,1,1
47,30422,10,125,1761,12,961,12,173,259,198 1,1,1,1,1,1,1,1,1,1,1
4865,6518,6760,2,96 1,1,1,1,1
384,4,2630,4,30423,30424,2178,4,14458,3221,1070,4,30425 1,1,1,1,1,1,1,1,1,1,1,1,1
