67,54,4,36562,39,321,12,189,11244,207,124,1299,5630,563,36563,3,5784,36564,2174,4,36565,2820,4,36566,451,4,757,192,4,655,4,1207,4,364,4,231,148,4,36567,404,17,112,4,79,1123,53,6,2247 1,1,1,1,1,1,1,1,1,1,1,1,1,1,1,1,1,1,1,1,1,1,1,1,1,1,1,1,1,1,1,1,1,1,1,1,6,6,6,1,1,1,1,1,1,1,1,1
55,142,21,68,650,254,17,15,477 1,7,1,1,1,1,1,1,1
20,3187,138,88,254,149,532,4,127,4,39,4,650,254,17,312,306,117,129,30,7,6,61,328,4,1594,1446,522,425,17,365,63,94 1,1,1,1,1,1,1,1,1,1,1,1,1,1,1,1,1,1,1,1,1,1,1,1,1,1,1,1,1,1,7,7,7
79,20,221,12,2247,17,39,5,20,138,3072,3,930,3,5,16096 1,1,1,1,1,1,1,1,1,1,1,1,1,1,1,1
79,21,68,319,7,254,17,312,306,117,129 1,1,1,1,1,1,1,1,1,1,1
79,2903,52,274,5,780 1,1,1,9,1,39
79,104,10,468,10,6,39,4141,1560,13,233,24,39 1,1,1,1,1,1,1,1,1,1,1,1,1
79,90,1636,3,678,147,3,48,34,3,147,13,336 1,1,1,1,1,1,1,1,1,1,1,1,1
661,38,212,5,583,27,440,8017,573,583,186,18,20,1600,9,141,129,183,8 1,1,1,1,1,1,1,1,1,1,1,1,1,1,1,1,1,1,1
79,636,38,15,130,1648 1,1,1,1,1,1
79,636,238 14,14,14
2646,674,4,71,142,1626,935,102,77,4,814,4,480,316,4,523,231,3,148,13647,19,70,303,130,4,1752,3,11,213,155,4,1304,2578,4,365,63,94,56,610,215,25,132,5,286,69,56,218,141,25,132,5,286,32,56,513,12,6,2247,132,10,810,1671,148,14,194,397,261,513,4,10,2247 1,1,1,4,7,1,1,1,1,1,1,1,1,1,1,1,1,1,6,6,6,6,6,1,1,1,1,1,1,1,1,1,1,1,7,7,7,1,9,1,1,1,1,1,1,1,49,1,1,1,1,1,1,1,1,1,1,1,1,1,1,1,1,1,1,1,1,1,1,1,1
