67,54,4,36615,6743,9255,281,168,55,28,4,7241,7446,542,4,17829,162,54,4,36616,451,4,3165,5177,3,229,262,331,4,3165,5177,3,229,730,234,2406,30,7,6,61,328,629,7446,14,15,1217,379,428,13,15,403,7,3863,3,1395,3,142,3,2207,61,13,1242,5,2406 1,1,1,1,1,1,1,1,1,1,1,1,1,1,1,1,1,1,1,1,1,1,1,1,1,1,1,1,1,1,1,1,1,1,1,1,1,1,1,1,1,1,1,1,1,1,1,1,1,1,1,1,1,1,4,1,7,1,15,1,1,1,1,1
28,258,225,6,80,58,65,18,21,537,1242,5,323,3,15620,37,186,3881,237,454,18,20,775,10,1438 1,1,1,1,1,1,1,1,1,1,1,1,1,1,1,1,1,1,1,1,1,1,1,1,1
18,98,21,537,2819,19,24,764,5,2304,956,1023,186,319,321,3,2129,24,1316,5,303 1,1,1,1,1,1,1,1,1,1,1,1,1,1,1,1,1,1,1,1,1
18,146,616,169,10,667,51,90,48,34,3,418,26,307 1,1,1,1,1,1,1,1,1,1,1,1,1,1
74,20,11,314,7,2778,5,18,20,449,10,299,36617,139,667 1,1,1,1,1,1,1,1,1,1,1,1,1,1,1
7,55,3,18,21,1668,66,728,539,368,7,353,5513,135,65,10,539,368,7,145,5513,517,6,2495,834,18,245,2832,319,7,353,5513 1,1,1,1,1,1,1,1,1,1,1,1,1,1,1,1,1,1,1,1,1,1,1,1,1,1,1,1,1,1,1,1
18,14,98,1682,24,5808,1278,5,24,911,543,7,15,36618,27,1429,3,8565,12209,27,3059,5,62,36619,17,2235,3,12,1101,10,1516,140 1,1,1,1,1,1,1,1,1,1,1,1,1,1,1,1,1,1,1,1,1,1,1,1,1,1,1,1,1,1,1,1
18,21,31,38,88,95,39,84 1,1,1,1,1,1,1,1
18,90,95,249,3,459,3,529,3,555,3,291,34,3,446,3,796 1,1,1,1,1,1,1,1,1,1,1,1,1,1,1,1,1
18,109,146,173,4463,5,1041,336 1,1,1,1,1,1,1,1
18,98,146,307,13,380,3,1409,321,115,1625 1,1,1,1,1,1,1,1,1,1,1
12,6,230,417,701,143,292,5423,523,853,148,36620,716,4832,149,143,173,17,15,705,3633,3,592,1646,3,869,1490,3,769,5025,3,4790,1352,3,349,558,3,333,9224,506,20,91 1,1,1,1,1,1,1,1,1,1,6,6,1,1,1,1,1,1,1,1,1,1,1,1,1,1,1,1,1,1,1,1,1,1,1,1,1,1,1,1,1,1
18,20,138,15,486,7,4677,1909,5,770,1599,1682 1,1,1,1,1,1,1,1,1,1,1,1
18,20,162,10,297,17,268,172 1,1,1,1,1,1,1,1
81,7,182,72,12,402,708,35,12,282 1,1,1,1,1,1,1,1,1,1
80,39,30,1820,131,391,1274,3863,1626,5586,71,317,58,78,47,383,29,99,1284,15409,3,3116,142,287,78,47,383,29,3039,4635,3,486,1579,4385,11149,209,2406,78,47,383,29,365,7257,3,266,12002,494,78,47,383,29,1054,36621,17832,838,3672,78,47,383,29,3599,1913,150,30,4481,78,47,383,29,2310,5155,78,47,383,29,431,206,30,207,78,47,383,29,245,1272,12,2272,1422 1,1,1,1,1,1,1,1,1,1,4,4,4,1,1,1,1,16,16,16,16,16,7,15,1,1,1,1,1,1,1,1,1,1,1,1,1,1,1,1,1,1,1,1,1,1,1,1,1,1,1,1,1,1,1,1,1,1,1,1,1,1,1,1,1,1,1,1,1,1,1,1,1,1,1,1,1,1,1,1,1,1,1,1,1,1,1,1
3190 1
11,727 1,1
530,10,8107,441,113,10,112,1020,121,14,46,15,4321 1,1,1,1,1,1,1,1,1,1,1,1,1
699,78,47,383,29,636,1095 14,14,14,14,14,14,14
541,78,47,383,29,711,909,58,87 1,1,1,1,1,1,1,1,1
1113,357,78,47,383,29,200 1,1,1,1,1,1,1
3743,1105,218,33,263,3,913,33,2406,39,19,168,2604,819,1211,276,3072,686,36622,276,36623,167,17833,5172,69,203,1026,105,2547,1801,105,622,647,69,1893,1801,69,348,3345,305,729,515,69,736,549,276,4509,686,105,2823,9724,105,78,47,383,29,31,49,102,101,316,4,292,4012,523,2293,148,12810,716,125,718,880,967,42,658,207,78,47,383,29,280,522,12,11,199,342,227,78,47,383,29,1172,3,1121,29,863,3,665,29,1124,797,3,683,1561,1313,3,6621,2289,136,33,11,908,3,576,917,350,78,47,383,29,91,10,463,100,3,11,876,26,407,103,78,47,383,29,145,156,5,239,29,304,5,310,44,29,11,213,3,502,26,561,29,11494,12,6,114,100,214,78,47,383,29,280,3,152,3,2045,29,979,29,44,326,327,114,78,47,383,29,617,5,3776,29,11,93,273,78,47,383,29,925,1544,928,204,3,232,628,100,3,44,511,100,944,161,78,47,383,29,410,5,642,123,117,29,4860,1773,457,5576,705,5022,9,59,8,3,592,2086,9,59,8,3,869,2060,9,59,8,3,769,12398,9,59,8,3,392,210,9,59,8,3,888,11399,3,1680,78,840,29,335,3,870,5347,9,83,8,5576,705,3633,9,59,8,3,592,1646,3,869,1490,9,59,8,3,769,5025,9,59,8,3,392,58,9,59,8,3,888,11537,3,1680,78,840,29,335,3,870,7274,9,83,8,5576,1568,680,9,83,8,5576,1568,1352,9,83,8,5576,399,2931,3,1179,2394,9,59,8,3,22,955,3,2983,36624,399,36625,4220,6478,9,59,8,5576,1207,4273,3,4594,36626,3,36627,1247,9,83,8,3,36628,1294,9,59,8,3,36629,16072,9,83,8,3,7102,193,5576,1336,6371,9,83,8,3,3169,78,986,29,36630,4206,1299,3,9884,36631,8608,36632,349,5179,9,83,8,3,734,16261,3,560,9071,9,59,8,3,333,5555,9,59,8,3,653,1652,9,59,8,3,786,4675,3,823,11228,3,536,36633,9,83,8,5576,349,6055,9,83,8,3,734,16252,3,560,5595,9,59,8,3,333,5893,9,59,8,3,653,1279,9,59,8,3,786,5685,3,823,5290,3,536,12185,9,83,8,5576,795,36634,795,36635,1125,1277,3,42,1209,1273,9,83,8,3,42,577,856,9,59,8,3,42,847,539,3,42,830,36,3,42,864,36636,2649,36637,9,83,8,3,2650,36638,3,2701,10353,3,2702,7178,3,2703,36639,1661,200,3,1577,200,3,2599,200,3,1971,433,9,83,8,5576,2585,10528,3,3606,91,3,2452,72,3,2736,72,3,2635,72,3,5866,7315,3,2372,565,3,1838,17834,2585,1706,3,3606,91,3,2452,217,3,2736,72,3,2635,72,3,5866,78,986,29,7315,3,2372,433,3,1838,17834,2858,72,3,3185,72,3,2453,72,3,1886,17835,2858,72,3,3185,72,3,2453,72,3,1886,17835,5714,492,3,3354,1323,3,3186,200,3,3355,493,3,7423,36640,3354,1323,3,3186,36641,36642,61,2330,200,1340,264,506,33,11,202,7,854,26,350,93 1,1,1,1,1,1,1,1,1,1,1,1,1,1,1,1,1,1,1,1,1,1,1,1,1,11,1,1,33,1,1,21,1,1,9,1,1,17,1,1,20,1,1,12,1,1,1,1,1,34,1,1,1,1,1,1,1,1,1,1,1,1,1,1,1,1,6,6,1,1,1,1,1,1,1,1,1,1,1,1,23,1,1,1,1,1,1,1,1,1,1,1,1,1,1,1,1,1,1,1,1,1,1,1,1,1,1,1,1,1,1,1,1,1,1,1,1,1,1,1,1,1,1,1,1,1,1,1,1,1,1,1,1,1,1,1,1,1,1,1,1,1,1,1,1,1,1,1,1,1,1,1,1,1,1,1,1,1,1,1,1,23,1,1,1,1,1,1,1,1,1,1,1,1,1,1,1,1,1,1,1,1,1,1,1,1,1,1,1,1,1,1,1,1,1,1,1,1,1,1,1,1,1,1,1,1,1,1,1,1,1,1,1,1,1,1,1,1,1,1,1,1,1,1,1,1,1,1,1,1,1,1,1,1,1,1,1,1,1,1,1,1,1,1,1,1,1,1,1,1,1,1,1,1,1,1,1,1,1,1,1,1,1,1,1,1,1,1,1,1,1,1,1,1,1,1,1,1,1,1,1,1,1,1,1,1,1,1,1,1,1,1,1,1,1,1,1,1,1,1,1,1,1,1,1,1,1,1,1,1,1,1,1,1,1,1,1,1,1,1,1,1,1,1,1,1,1,1,1,1,1,1,1,1,1,1,1,1,1,1,1,1,1,1,1,1,1,1,1,1,1,1,1,1,1,1,1,1,1,1,1,1,1,1,1,1,1,1,1,1,1,1,1,1,1,1,1,1,1,1,1,1,1,1,1,1,1,1,1,1,1,1,1,1,1,1,1,1,1,1,1,1,1,1,1,1,1,1,1,1,1,1,1,1,1,1,1,1,1,1,1,1,1,1,1,1,1,1,1,1,1,1,1,1,1,1,1,1,1,1,1,1,1,1,1,1,1,1,1,1,1,1,1,1,1,1,1,1,1,1,1,1,1,1,1,1,1,1,1,1,1,1,1,1,1,1,1,1,1,1,1,1,1,1,1,1,1,1,1,1,1,1,1,1,1,1,1,1,1,1,1,1,1,1,1,1,1,1,1,1,1,1,1,1,1,1,1,1,1,1,1,1,1,1,1,1,1,1,1,1,1,1,1,1,1,1,1,1,1,1,1,1,1,1,1,1,1,1,1,1,1,1,1,1,1,1,1,1,1,1,1,1,1,1,1,1,1,1,1,1,1,1,1,1,1,1,1,1,1,1,1,1,1,1,1,1,1,1,1,1,1,1,1,1,1,1,1,1,1,1,1,1,1,1,1,1,1,1,1,1,1,1,1,1,1,1,1,1,1,1,1,1,1,1,1,1,1,1,1
177,78,47,383,29,338,1267 1,1,1,1,1,1,1
156,16891,662,804,12,645,3,1016,3,1415,3,2611 1,1,1,1,1,1,1,1,1,1,1,1
416,84,66,169 1,1,1,1
192,5,104,629,7446,14,15,1217,379,36643,428,13,3863,3,142,3,1395,3,2207,61,13,1242,5,514,10,46,173,1817,10069,158,2406,3,6993,3,36644,5,62,1568,2548 1,1,1,1,1,1,1,1,1,1,1,1,1,1,7,1,4,1,15,1,1,1,1,1,1,1,1,1,1,1,1,1,1,1,1,1,1,1,1
18,98,21,15,131,3554,3,494,78,47,383,29,27,472,3,5,3001 1,1,1,1,1,1,1,1,1,1,1,1,1,1,1,1,1
47,47,4,2406,78,47,383,29,2721,1998,7955,14,8172,36645,9,1370,6478,8,508,15,6405,2406 1,1,1,1,1,1,1,1,1,1,1,1,1,1,1,1,1,1,1,1,1,1
224,18,197,3312,3,1151,46,15,683,1431,75,208,52,66,28,78,47,966,29,73,16934 1,1,1,1,1,1,1,1,1,1,1,1,1,1,1,1,1,1,1,1,1
15,9884,7,1364,14,372,508,7,747,1968,1900,266,4214 1,1,1,1,1,1,1,1,1,1,1,1,1
28,14,728,1467,36646,5,640,7,2039,4463,3,135,36647,55,18,14,933,10,406,633,10,4677 1,1,1,1,1,1,1,1,1,1,1,1,1,1,1,1,1,1,1,1,1,1
1751,40,208,46,68,2977,43,1668,66,353,5513,10,5513,35,353,5513,3509,1675,705,5,36648,4423,477,145,5513,3509,7944,705,5,36649,4080 1,1,1,1,1,1,1,1,1,1,1,1,1,1,1,1,1,1,1,1,1,1,1,1,1,1,1,1,1,1,1
118,4080,13,1103,456,3,961,26,663,2660,9,1152,35,12,3438,36650,8,368,5511,961,3574,5,1800,8966,3,1241,377,105,4214,8966,10,78,986,29,36651,3,75,368,295,12,16948,134,633,1278,14,118 1,1,1,1,1,1,1,1,1,1,1,1,1,1,1,1,1,1,1,1,1,1,1,1,1,1,1,1,1,1,1,1,1,1,1,1,1,1,1,1,1,1,1,1,1,1
2593,27,15,156,7,78,986,29,36652,159,18,14,11,1810,1496,1750,1697,10,4930,2593,156,7,2593,78,47,383,29,1468,8051,7513,633,1682,10,4677,13585,159,18,14,3312,3,11,934,17,1909,2580,28,1499,1335,278,10,235,2113,4292,78,47,383,29,91,18,14,810,500,2113,4292,5,24,5808,1278,14,36653,13583,137,66,1199,9,36654,66,5796,8,47,47,4,2727,667,78,47,383,29,30,14,508,7,667,12,481,7,1348,1950,5,36655,1171 1,1,1,1,1,1,1,1,1,1,1,1,1,1,1,1,1,1,1,1,1,1,1,1,1,1,1,1,1,1,1,1,1,1,1,1,1,1,1,1,1,1,1,1,1,1,1,1,1,1,1,1,1,1,1,1,1,1,1,1,1,1,1,1,1,1,1,1,1,1,1,1,1,1,1,1,1,1,1,1,1,1,1,1,1,1,1,1,1,1,1,1,1,1,1,1,1,1,1,1,1
109,31,753,103,12,1219,3,313,662,804,12,811,1036,197,10,46,626,66,99,177,19,36656 1,1,1,1,1,1,1,1,1,1,1,1,1,1,1,1,1,1,1,1,1,1
2727,667,4792,3238,199,11387,927 1,1,1,1,1,1,1
144,2243,41,144,103,898,35,177,14,508,7,626,662,804,12,811,1036 1,1,1,1,1,1,1,1,1,1,1,1,1,1,1,1,1
450,19,2479 1,1,1
102,340,278 1,1,1
47,47,4,494,78,47,383,29,333,27,472,3,313,20,1054,1030,12,17832,5,38,15,3599,1913,1300,19,8290,41,390,1054,264,10,4930,1054,2580 1,1,1,1,1,1,1,1,1,1,1,1,1,1,1,1,1,1,1,1,1,1,1,1,1,1,1,1,1,1,1,1,1,1
2201,3,3749,3,3514,482,390,4165,838,10,1593,361,36657,2279,10,494,47,47,4,185,1568,2548 1,1,1,1,1,1,1,1,1,1,1,1,1,1,1,1,1,1,1,1,1,1
36658,14,36659,5668,1817,5623 1,1,1,1,1,1
36660,2548,14,78,986,29,141,470,6515,14,602,166 1,1,1,1,1,1,1,1,1,1,1,1
74,57,11,3359,12,6,1251,5,74,14,11,202,7,153,371 1,1,1,1,1,1,1,1,1,1,1,1,1,1,1
2639,14,31,508,7,62,5623 1,1,1,1,1,1,1
4790,14,166,66,170,1817,10069,9,377,1568,5,36661,8 1,1,1,1,1,1,1,1,1,1,1,1,1
144,4461,390,4790,47,47,4,3554,33,11,202,7,411,3,600,411,550,2279,10,1242 1,1,1,1,1,1,1,1,1,1,1,1,1,1,1,1,1,1,1,1
1251,5,506,143,72 1,1,1,1,1
134,828,26,3969,41,564,587 1,1,1,1,1,1,1
390,836,47,47,4,71,78,47,383,29,86,348,3,622,951,2587,1392,13,1825,47,47,4,3863,78,47,383,29,86,17833,47,47,4,1820,78,47,383,29,86,3072,3,36662,47,47,4,106,78,47,383,29,86,2547,3,1893,3,729,3,4509,3,203,47,47,4,287,78,47,383,29,86,736,1927,4,4677,633,1682,3,11,3834 1,1,1,1,1,4,1,1,1,1,1,17,1,21,1,1,1,1,1,1,1,1,1,1,1,1,1,1,1,1,1,1,1,1,1,1,1,1,1,1,1,1,1,1,7,1,1,1,1,1,33,1,9,1,20,1,1,1,11,1,1,1,15,1,1,1,1,1,12,1,1,1,1,1,1,1,1
1775,2580,592,3,1179,5,827,1697,1750 1,1,1,1,1,1,1,1,1
1155,361,4,31,934,971,4,4200,326,4,950,3,2114,167,726,4,296,726,3042,14025,8668,3,229,3485,3,710,47,36663 1,1,1,1,1,1,1,1,1,1,1,1,1,1,1,1,1,1,1,1,1,1,1,1,1,1,1,1
